 Bondville
   40.05  -88.37  213 m version 1
 2024 235  8 22 19  0 19.000  31.87   874.3 0   187.8 0 -9999.9 1   238.2 0   329.4 0   301.38 0   300.60 0   451.5 0   297.67 0   297.96 0   154.8 0   354.6 0   686.5 0  -122.1 0   564.4 0    22.4 0    42.2 0     4.4 0   124.9 0 -9999.9 1
 2024 235  8 22 19  1 19.017  31.96   881.2 0   187.6 0 -9999.9 1   237.6 0   329.3 0   301.09 0   300.25 0   452.6 0   297.67 0   297.96 0   154.3 0   354.0 0   693.6 0  -123.3 0   570.3 0    22.4 0    42.9 0     3.4 0   125.5 0 -9999.9 1
 2024 235  8 22 19  2 19.033  32.06   882.4 0   187.1 0 -9999.9 1   236.7 0   330.0 0   300.80 0   300.09 0   453.1 0   297.67 0   297.97 0   153.7 0   352.7 0   695.3 0  -123.1 0   572.2 0    22.4 0    44.2 0     4.2 0   135.7 0 -9999.9 1
 2024 235  8 22 19  3 19.050  32.16   886.8 0   187.8 0 -9999.9 1   235.6 0   329.5 0   300.56 0   299.84 0   449.6 0   297.68 0   297.97 0   153.8 0   354.2 0   699.0 0  -120.1 0   578.9 0    22.4 0    42.8 0     4.6 0   108.6 0 -9999.9 1
 2024 235  8 22 19  4 19.067  32.26   889.3 0   188.1 0 -9999.9 1   235.1 0   330.7 0   300.33 0   299.72 0   451.7 0   297.67 0   297.99 0   153.9 0   355.2 0   701.2 0  -121.0 0   580.2 0    22.3 0    44.4 0     5.2 0   106.9 0 -9999.9 1
 2024 235  8 22 19  5 19.083  32.37   889.1 0   188.0 0 -9999.9 1   234.3 0   329.2 0   300.14 0   299.57 0   449.3 0   297.65 0   297.96 0   153.5 0   354.9 0   701.1 0  -120.1 0   581.0 0    22.3 0    42.9 0     4.6 0   111.7 0 -9999.9 1
 2024 235  8 22 19  6 19.100  32.47   886.6 0   187.2 0 -9999.9 1   233.9 0   329.6 0   299.96 0   299.42 0   450.9 0   297.64 0   297.99 0   152.7 0   353.7 0   699.4 0  -121.3 0   578.1 0    22.1 0    44.0 0     3.7 0   105.0 0 -9999.9 1
 2024 235  8 22 19  7 19.117  32.57   885.4 0   186.2 0 -9999.9 1   233.5 0   329.4 0   299.80 0   299.28 0   454.0 0   297.64 0   297.99 0   152.4 0   353.7 0   699.2 0  -124.5 0   574.7 0    22.1 0    46.3 0     2.3 0   118.8 0 -9999.9 1
 2024 235  8 22 19  8 19.133  32.68   884.4 0   185.9 0 -9999.9 1   233.0 0   329.7 0   299.65 0   299.19 0   456.0 0   297.67 0   298.04 0   152.2 0   353.4 0   698.5 0  -126.3 0   572.2 0    22.2 0    44.3 0     3.0 0   117.5 0 -9999.9 1
 2024 235  8 22 19  9 19.150  32.79   883.1 0   186.4 0 -9999.9 1   232.4 0   329.4 0   299.53 0   299.11 0   454.0 0   297.69 0   298.01 0   151.7 0   352.6 0   696.7 0  -124.5 0   572.2 0    22.3 0    42.8 0     4.3 0   127.9 0 -9999.9 1
 2024 235  8 22 19 10 19.167  32.90   883.7 0   186.7 0 -9999.9 1   231.9 0   329.2 0   299.42 0   298.98 0   451.1 0   297.70 0   298.02 0   151.5 0   353.0 0   697.0 0  -121.9 0   575.1 0    22.3 0    42.8 0     4.2 0   103.0 0 -9999.9 1
 2024 235  8 22 19 11 19.183  33.01   877.5 0   185.8 0 -9999.9 1   231.5 0   330.0 0   299.31 0   298.92 0   451.8 0   297.70 0   298.03 0   150.3 0   349.9 0   691.7 0  -121.8 0   569.9 0    22.3 0    45.8 0     4.3 0   106.3 0 -9999.9 1
 2024 235  8 22 19 12 19.200  33.12   840.7 0   185.6 0 -9999.9 1   230.8 0   329.3 0   299.22 0   298.83 0   452.9 0   297.70 0   298.02 0   149.6 0   348.7 0   655.1 0  -123.6 0   531.5 0    22.3 0    44.4 0     4.1 0   114.5 0 -9999.9 1
 2024 235  8 22 19 13 19.217  33.23   874.7 0   185.8 0 -9999.9 1   230.6 0   329.0 0   299.14 0   298.77 0   451.7 0   297.71 0   298.04 0   149.4 0   349.4 0   688.9 0  -122.7 0   566.2 0    22.3 0    41.6 0     4.0 0   113.0 0 -9999.9 1
 2024 235  8 22 19 14 19.233  33.34   874.0 0   185.6 0 -9999.9 1   230.4 0   329.2 0   299.06 0   298.75 0   454.8 0   297.72 0   298.07 0   149.0 0   349.8 0   688.4 0  -125.5 0   562.9 0    22.3 0    44.0 0     1.8 0   117.5 0 -9999.9 1
 2024 235  8 22 19 15 19.250  33.45   871.5 0   185.0 0 -9999.9 1   229.9 0   329.4 0   299.01 0   298.76 0   458.8 0   297.76 0   298.13 0   148.6 0   349.0 0   686.5 0  -129.4 0   557.1 0    22.4 0    45.1 0     2.1 0   123.4 0 -9999.9 1
 2024 235  8 22 19 16 19.267  33.57   874.0 0   185.7 0 -9999.9 1   229.7 0   329.6 0   298.98 0   298.68 0   457.0 0   297.81 0   298.14 0   148.6 0   350.2 0   688.3 0  -127.4 0   560.9 0    22.5 0    44.3 0     3.8 0   122.2 0 -9999.9 1
 2024 235  8 22 19 17 19.283  33.68   875.3 0   186.3 0 -9999.9 1   229.5 0   328.9 0   298.93 0   298.61 0   452.7 0   297.83 0   298.14 0   148.3 0   350.8 0   689.0 0  -123.8 0   565.2 0    22.5 0    41.8 0     4.6 0   117.0 0 -9999.9 1
 2024 235  8 22 19 18 19.300  33.80   875.7 0   186.9 0 -9999.9 1   229.5 0   328.4 0   298.89 0   298.59 0   450.9 0   297.84 0   298.12 0   148.0 0   351.0 0   688.8 0  -122.5 0   566.3 0    22.5 0    41.4 0     4.3 0   127.1 0 -9999.9 1
 2024 235  8 22 19 19 19.317  33.92   872.8 0   186.6 0 -9999.9 1   229.3 0   328.9 0   298.85 0   298.59 0   452.1 0   297.83 0   298.13 0   147.2 0   349.7 0   686.2 0  -123.2 0   563.0 0    22.4 0    41.2 0     3.2 0   132.0 0 -9999.9 1
 2024 235  8 22 19 20 19.333  34.04   867.2 0   185.6 0 -9999.9 1   229.1 0   328.8 0   298.83 0   298.61 0   453.9 0   297.85 0   298.18 0   146.2 0   347.3 0   681.6 0  -125.1 0   556.5 0    22.4 0    41.7 0     2.5 0   138.7 0 -9999.9 1
 2024 235  8 22 19 21 19.350  34.16   866.5 0   185.3 0 -9999.9 1   228.8 0   328.9 0   298.82 0   298.58 0   455.6 0   297.88 0   298.23 0   145.9 0   347.6 0   681.2 0  -126.7 0   554.5 0    22.4 0    43.0 0     2.5 0   145.7 0 -9999.9 1
 2024 235  8 22 19 22 19.367  34.28   864.9 0   185.1 0 -9999.9 1   228.5 0   329.3 0   298.81 0   298.62 0   454.5 0   297.92 0   298.25 0   145.5 0   347.2 0   679.8 0  -125.2 0   554.6 0    22.5 0    41.5 0     2.9 0   141.7 0 -9999.9 1
 2024 235  8 22 19 23 19.383  34.40   860.9 0   184.5 0 -9999.9 1   228.3 0   329.5 0   298.83 0   298.71 0   456.2 0   297.95 0   298.29 0   144.5 0   345.1 0   676.4 0  -126.6 0   549.8 0    22.5 0    42.6 0     1.7 0   145.8 0 -9999.9 1
 2024 235  8 22 19 24 19.400  34.52   856.8 0   183.6 0 -9999.9 1   228.3 0   329.6 0   298.86 0   298.76 0   459.1 0   298.00 0   298.39 0   143.7 0   343.5 0   673.2 0  -129.5 0   543.7 0    22.6 0    42.9 0     1.5 0   160.0 0 -9999.9 1
 2024 235  8 22 19 25 19.417  34.65   854.6 0   183.3 0 -9999.9 1   228.3 0   330.6 0   298.91 0   298.84 0   459.1 0   298.06 0   298.44 0   143.2 0   342.8 0   671.3 0  -128.5 0   542.8 0    22.7 0    42.2 0     1.6 0   137.5 0 -9999.9 1
 2024 235  8 22 19 26 19.433  34.77   852.6 0   182.6 0 -9999.9 1   228.2 0   330.7 0   299.01 0   298.99 0   459.3 0   298.13 0   298.52 0   142.8 0   342.4 0   670.0 0  -128.7 0   541.3 0    22.8 0    44.6 0     2.0 0   155.7 0 -9999.9 1
 2024 235  8 22 19 27 19.450  34.90   849.9 0   182.6 0 -9999.9 1   228.3 0   331.2 0   299.11 0   299.08 0   456.2 0   298.18 0   298.51 0   142.2 0   341.4 0   667.3 0  -125.0 0   542.3 0    22.9 0    45.7 0     3.3 0   138.0 0 -9999.9 1
 2024 235  8 22 19 28 19.467  35.02   850.7 0   183.2 0 -9999.9 1   227.8 0   330.8 0   299.19 0   299.12 0   453.2 0   298.21 0   298.50 0   141.8 0   342.0 0   667.5 0  -122.4 0   545.1 0    22.9 0    44.0 0     4.3 0   124.4 0 -9999.9 1
 2024 235  8 22 19 29 19.483  35.15   849.9 0   183.5 0 -9999.9 1   227.5 0   330.4 0   299.24 0   299.11 0   452.6 0   298.21 0   298.45 0   141.2 0   341.3 0   666.4 0  -122.2 0   544.2 0    22.8 0    45.9 0     4.2 0    91.6 0 -9999.9 1
 2024 235  8 22 19 30 19.500  35.28   846.9 0   183.4 0 -9999.9 1   227.4 0   330.1 0   299.28 0   299.08 0   453.5 0   298.19 0   298.47 0   140.4 0   339.7 0   663.5 0  -123.4 0   540.1 0    22.6 0    44.7 0     3.5 0    95.3 0 -9999.9 1
 2024 235  8 22 19 31 19.517  35.41   844.3 0   182.9 0 -9999.9 1   227.0 0   330.2 0   299.30 0   299.12 0   454.0 0   298.17 0   298.43 0   139.7 0   338.5 0   661.4 0  -123.8 0   537.6 0    22.6 0    44.9 0     3.7 0   107.6 0 -9999.9 1
 2024 235  8 22 19 32 19.533  35.54   842.4 0   182.4 0 -9999.9 1   226.5 0   329.5 0   299.31 0   299.07 0   453.7 0   298.16 0   298.46 0   139.0 0   337.8 0   660.0 0  -124.1 0   535.9 0    22.6 0    44.8 0     3.4 0   113.9 0 -9999.9 1
 2024 235  8 22 19 33 19.550  35.67   841.7 0   182.2 0 -9999.9 1   226.2 0   329.8 0   299.32 0   299.12 0   452.8 0   298.15 0   298.45 0   138.4 0   337.8 0   659.5 0  -123.1 0   536.4 0    22.6 0    43.0 0     3.7 0   120.0 0 -9999.9 1
 2024 235  8 22 19 34 19.567  35.80   839.1 0   181.6 0 -9999.9 1   226.0 0   329.4 0   299.33 0   299.16 0   455.2 0   298.15 0   298.47 0   137.6 0   336.8 0   657.5 0  -125.8 0   531.7 0    22.6 0    43.1 0     1.8 0   135.6 0 -9999.9 1
 2024 235  8 22 19 35 19.583  35.93   835.4 0   180.8 0 -9999.9 1   225.8 0   330.0 0   299.34 0   299.20 0   457.3 0   298.18 0   298.52 0   136.7 0   335.2 0   654.6 0  -127.3 0   527.3 0    22.7 0    44.5 0     2.2 0   148.6 0 -9999.9 1
 2024 235  8 22 19 36 19.600  36.07   837.5 0   181.4 0 -9999.9 1   225.6 0   329.5 0   299.35 0   299.16 0   454.8 0   298.21 0   298.48 0   136.5 0   336.4 0   656.1 0  -125.4 0   530.7 0    22.8 0    44.4 0     4.5 0   116.3 0 -9999.9 1
 2024 235  8 22 19 37 19.617  36.20   838.5 0   181.8 0 -9999.9 1   225.8 0   329.9 0   299.36 0   299.19 0   451.7 0   298.22 0   298.48 0   136.2 0   337.0 0   656.7 0  -121.8 0   534.9 0    22.8 0    41.2 0     3.8 0   128.8 0 -9999.9 1
 2024 235  8 22 19 38 19.633  36.34   836.9 0   181.8 0 -9999.9 1   225.6 0   329.8 0   299.38 0   299.21 0   452.1 0   298.21 0   298.48 0   135.6 0   336.5 0   655.1 0  -122.3 0   532.8 0    22.7 0    42.6 0     3.7 0   118.8 0 -9999.9 1
 2024 235  8 22 19 39 19.650  36.47   832.5 0   181.2 0 -9999.9 1   225.5 0   329.8 0   299.39 0   299.22 0   452.2 0   298.20 0   298.48 0   134.7 0   334.4 0   651.3 0  -122.4 0   528.9 0    22.6 0    44.2 0     4.0 0   113.9 0 -9999.9 1
 2024 235  8 22 19 40 19.667  36.61   829.5 0   181.0 0 -9999.9 1   225.2 0   329.3 0   299.40 0   299.18 0   450.4 0   298.18 0   298.42 0   133.8 0   332.9 0   648.5 0  -121.1 0   527.4 0    22.6 0    42.2 0     4.3 0   130.3 0 -9999.9 1
 2024 235  8 22 19 41 19.683  36.75   826.4 0   180.8 0 -9999.9 1   225.1 0   329.5 0   299.40 0   299.22 0   451.2 0   298.16 0   298.43 0   133.0 0   331.4 0   645.6 0  -121.7 0   523.9 0    22.6 0    42.3 0     3.2 0   142.2 0 -9999.9 1
 2024 235  8 22 19 42 19.700  36.89   824.2 0   180.4 0 -9999.9 1   225.0 0   329.9 0   299.42 0   299.30 0   451.9 0   298.15 0   298.46 0   132.3 0   330.6 0   643.8 0  -122.0 0   521.8 0    22.6 0    44.2 0     3.0 0   134.5 0 -9999.9 1
 2024 235  8 22 19 43 19.717  37.02   823.4 0   180.3 0 -9999.9 1   224.8 0   329.0 0   299.44 0   299.26 0   452.0 0   298.17 0   298.47 0   131.7 0   330.1 0   643.1 0  -123.0 0   520.1 0    22.7 0    40.9 0     4.0 0   112.3 0 -9999.9 1
 2024 235  8 22 19 44 19.733  37.16   823.7 0   180.3 0 -9999.9 1   224.7 0   329.5 0   299.44 0   299.22 0   451.4 0   298.17 0   298.48 0   131.4 0   330.5 0   643.4 0  -122.0 0   521.4 0    22.6 0    42.2 0     3.6 0   112.2 0 -9999.9 1
 2024 235  8 22 19 45 19.750  37.31   822.4 0   179.8 0 -9999.9 1   224.6 0   329.5 0   299.44 0   299.22 0   452.2 0   298.17 0   298.49 0   130.8 0   330.3 0   642.6 0  -122.7 0   519.9 0    22.6 0    41.3 0     2.8 0   116.6 0 -9999.9 1
 2024 235  8 22 19 46 19.767  37.45   820.8 0   179.5 0 -9999.9 1   224.6 0   329.4 0   299.44 0   299.25 0   454.2 0   298.18 0   298.51 0   130.2 0   329.8 0   641.3 0  -124.8 0   516.5 0    22.6 0    42.4 0     2.0 0   139.2 0 -9999.9 1
 2024 235  8 22 19 47 19.783  37.59   819.2 0   179.0 0 -9999.9 1   224.3 0   330.2 0   299.44 0   299.28 0   456.0 0   298.20 0   298.53 0   129.7 0   329.4 0   640.2 0  -125.8 0   514.4 0    22.6 0    42.0 0     2.0 0   129.9 0 -9999.9 1
 2024 235  8 22 19 48 19.800  37.73   815.8 0   178.4 0 -9999.9 1   224.0 0   331.0 0   299.46 0   299.38 0   457.4 0   298.24 0   298.60 0   129.0 0   328.1 0   637.4 0  -126.3 0   511.1 0    22.7 0    43.8 0     2.2 0   139.3 0 -9999.9 1
 2024 235  8 22 19 49 19.817  37.88   813.3 0   178.1 0 -9999.9 1   223.9 0   331.1 0   299.49 0   299.43 0   457.8 0   298.28 0   298.65 0   128.3 0   327.5 0   635.2 0  -126.7 0   508.5 0    22.8 0    43.2 0     1.4 0   159.8 0 -9999.9 1
 2024 235  8 22 19 50 19.833  38.02   812.8 0   178.0 0 -9999.9 1   223.8 0   330.8 0   299.53 0   299.45 0   458.6 0   298.34 0   298.69 0   127.8 0   327.5 0   634.8 0  -127.8 0   507.0 0    22.9 0    44.8 0     2.0 0   161.3 0 -9999.9 1
 2024 235  8 22 19 51 19.850  38.17   809.6 0   177.6 0 -9999.9 1   223.8 0   331.3 0   299.56 0   299.49 0   457.4 0   298.39 0   298.73 0   127.0 0   326.2 0   632.0 0  -126.2 0   505.8 0    23.0 0    43.1 0     1.9 0   133.7 0 -9999.9 1
 2024 235  8 22 19 52 19.867  38.31   805.6 0   177.1 0 -9999.9 1   223.8 0   332.2 0   299.61 0   299.57 0   458.4 0   298.44 0   298.78 0   126.1 0   324.5 0   628.5 0  -126.1 0   502.4 0    23.0 0    45.5 0     2.3 0   144.1 0 -9999.9 1
 2024 235  8 22 19 53 19.883  38.46   803.0 0   177.2 0 -9999.9 1   224.1 0   331.3 0   299.66 0   299.57 0   454.8 0   298.47 0   298.76 0   125.3 0   323.3 0   625.8 0  -123.5 0   502.3 0    23.0 0    45.1 0     4.1 0   148.5 0 -9999.9 1
 2024 235  8 22 19 54 19.900  38.60   803.7 0   178.2 0 -9999.9 1   224.3 0   330.1 0   299.70 0   299.52 0   451.2 0   298.47 0   298.71 0   124.8 0   323.5 0   625.5 0  -121.1 0   504.4 0    23.0 0    42.8 0     3.9 0   151.9 0 -9999.9 1
 2024 235  8 22 19 55 19.917  38.75   804.9 0   178.8 0 -9999.9 1   224.8 0   329.8 0   299.72 0   299.56 0   451.7 0   298.45 0   298.75 0   124.4 0   324.4 0   626.1 0  -121.8 0   504.3 0    22.9 0    42.1 0     2.6 0   169.5 0 -9999.9 1
 2024 235  8 22 19 56 19.933  38.90   805.1 0   178.8 0 -9999.9 1   225.3 0   330.2 0   299.74 0   299.56 0   453.9 0   298.46 0   298.79 0   124.0 0   325.0 0   626.3 0  -123.7 0   502.6 0    22.9 0    43.8 0     2.7 0   169.0 0 -9999.9 1
 2024 235  8 22 19 57 19.950  39.05   802.3 0   178.3 0 -9999.9 1   225.3 0   330.0 0   299.75 0   299.57 0   452.7 0   298.47 0   298.77 0   123.1 0   323.7 0   624.0 0  -122.7 0   501.3 0    22.9 0    43.5 0     3.0 0   147.8 0 -9999.9 1
 2024 235  8 22 19 58 19.967  39.20   801.2 0   178.0 0 -9999.9 1   225.7 0   330.1 0   299.77 0   299.62 0   453.2 0   298.48 0   298.79 0   122.5 0   323.0 0   623.2 0  -123.1 0   500.1 0    22.9 0    42.5 0     2.4 0   160.7 0 -9999.9 1
 2024 235  8 22 19 59 19.983  39.35   794.3 0   176.4 0 -9999.9 1   226.0 0   330.8 0   299.79 0   299.61 0   455.1 0   298.50 0   298.82 0   121.4 0   320.8 0   617.9 0  -124.3 0   493.6 0    22.9 0    43.8 0     2.1 0   139.3 0 -9999.9 1
 2024 235  8 22 20  0 20.000  39.50   795.4 0   176.5 0 -9999.9 1   226.5 0   331.8 0   299.80 0   299.67 0   457.2 0   298.53 0   298.81 0   120.8 0   320.9 0   618.9 0  -125.4 0   493.5 0    23.0 0    44.5 0     2.0 0    99.4 0 -9999.9 1
 2024 235  8 22 20  1 20.017  39.65   790.2 0   175.4 0 -9999.9 1   226.4 0   331.8 0   299.82 0   299.59 0   456.9 0   298.57 0   298.87 0   119.5 0   318.2 0   614.8 0  -125.1 0   489.7 0    23.0 0    44.2 0     1.9 0   102.0 0 -9999.9 1
 2024 235  8 22 20  2 20.033  39.80   761.9 0   168.9 0 -9999.9 1   224.3 0   332.8 0   299.83 0   299.69 0   455.7 0   298.60 0   298.89 0   116.4 0   307.1 0   593.0 0  -123.0 0   470.0 0    23.0 0    44.0 0     3.5 0   118.7 0 -9999.9 1
 2024 235  8 22 20  3 20.050  39.96   769.7 0   171.4 0 -9999.9 1   224.9 0   331.5 0   299.85 0   299.65 0   452.5 0   298.60 0   298.86 0   116.6 0   310.5 0   598.3 0  -121.0 0   477.3 0    22.9 0    42.6 0     3.3 0   118.1 0 -9999.9 1
 2024 235  8 22 20  4 20.067  40.11   783.7 0   174.8 0 -9999.9 1   226.1 0   331.6 0   299.86 0   299.65 0   453.1 0   298.59 0   298.86 0   117.3 0   315.4 0   608.9 0  -121.5 0   487.4 0    22.8 0    43.0 0     2.9 0   132.7 0 -9999.9 1
 2024 235  8 22 20  5 20.083  40.26   783.7 0   175.1 0 -9999.9 1   226.0 0   332.0 0   299.86 0   299.67 0   452.0 0   298.58 0   298.84 0   116.8 0   315.7 0   608.6 0  -120.0 0   488.6 0    22.8 0    44.4 0     3.3 0   132.8 0 -9999.9 1
 2024 235  8 22 20  6 20.100  40.42   780.3 0   174.6 0 -9999.9 1   225.8 0   332.0 0   299.87 0   299.64 0   452.6 0   298.58 0   298.85 0   115.9 0   314.6 0   605.7 0  -120.6 0   485.1 0    22.8 0    44.5 0     3.1 0   123.5 0 -9999.9 1
 2024 235  8 22 20  7 20.117  40.57   775.1 0   173.5 0 -9999.9 1   225.8 0   332.7 0   299.86 0   299.67 0   454.9 0   298.58 0   298.90 0   114.9 0   312.4 0   601.6 0  -122.2 0   479.4 0    22.8 0    44.1 0     2.0 0   115.6 0 -9999.9 1
 2024 235  8 22 20  8 20.133  40.73   767.1 0   171.6 0 -9999.9 1   225.7 0   332.6 0   299.86 0   299.61 0   456.4 0   298.61 0   298.93 0   113.7 0   309.2 0   595.5 0  -123.8 0   471.7 0    22.8 0    45.2 0     1.8 0    98.0 0 -9999.9 1
 2024 235  8 22 20  9 20.150  40.89   769.2 0   172.1 0 -9999.9 1   226.1 0   333.0 0   299.84 0   299.61 0   456.9 0   298.64 0   298.97 0   113.3 0   310.1 0   597.1 0  -123.9 0   473.2 0    22.8 0    44.1 0     1.2 0    96.2 0 -9999.9 1
 2024 235  8 22 20 10 20.167  41.04   773.1 0   172.7 0 -9999.9 1   226.7 0   333.3 0   299.83 0   299.64 0   457.2 0   298.68 0   299.03 0   113.0 0   311.7 0   600.4 0  -123.9 0   476.5 0    22.9 0    43.2 0     1.3 0   106.0 0 -9999.9 1
 2024 235  8 22 20 11 20.183  41.20   773.8 0   172.8 0 -9999.9 1   227.4 0   333.6 0   299.82 0   299.63 0   457.5 0   298.72 0   299.06 0   112.5 0   311.8 0   601.0 0  -123.8 0   477.2 0    23.0 0    43.4 0     0.8 0   123.8 0 -9999.9 1
 2024 235  8 22 20 12 20.200  41.36   770.0 0   171.9 0 -9999.9 1   227.9 0   333.4 0   299.82 0   299.70 0   458.1 0   298.78 0   299.16 0   111.7 0   310.0 0   598.1 0  -124.7 0   473.4 0    23.0 0    43.1 0     0.5 0   115.8 0 -9999.9 1
 2024 235  8 22 20 13 20.217  41.52   762.5 0   170.2 0 -9999.9 1   228.6 0   334.6 0   299.82 0   299.67 0   458.6 0   298.86 0   299.19 0   110.6 0   307.0 0   592.3 0  -124.0 0   468.3 0    23.2 0    45.2 0     0.7 0   107.0 0 -9999.9 1
 2024 235  8 22 20 14 20.233  41.68   751.9 0   167.5 0 -9999.9 1   229.4 0   335.0 0   299.81 0   299.65 0   458.6 0   298.93 0   299.27 0   109.1 0   302.7 0   584.4 0  -123.6 0   460.8 0    23.3 0    45.0 0     1.3 0   113.4 0 -9999.9 1
 2024 235  8 22 20 15 20.250  41.83   741.2 0   165.5 0 -9999.9 1   231.1 0   335.2 0   299.81 0   299.57 0   456.4 0   298.99 0   299.27 0   107.8 0   299.8 0   575.7 0  -121.2 0   454.5 0    23.3 0    45.6 0     2.3 0    91.3 0 -9999.9 1
 2024 235  8 22 20 16 20.267  42.00   761.1 0   170.9 0 -9999.9 1   233.5 0   335.9 0   299.81 0   299.65 0   456.9 0   299.02 0   299.26 0   108.8 0   306.9 0   590.2 0  -121.0 0   469.2 0    23.3 0    46.7 0     2.7 0   139.6 0 -9999.9 1
 2024 235  8 22 20 17 20.283  42.16   759.4 0   171.5 0 -9999.9 1   235.5 0   335.3 0   299.83 0   299.71 0   453.1 0   299.01 0   299.25 0   108.2 0   306.1 0   587.9 0  -117.8 0   470.1 0    23.2 0    44.6 0     3.2 0   152.3 0 -9999.9 1
 2024 235  8 22 20 18 20.300  42.32   742.0 0   167.9 0 -9999.9 1   237.7 0   335.8 0   299.85 0   299.72 0   452.1 0   298.99 0   299.24 0   106.4 0   299.6 0   574.1 0  -116.3 0   457.8 0    23.2 0    44.9 0     2.4 0   148.4 0 -9999.9 1
 2024 235  8 22 20 19 20.317  42.48   757.6 0   171.7 0 -9999.9 1   241.4 0   336.9 0   299.88 0   299.80 0   454.7 0   298.99 0   299.28 0   107.1 0   306.0 0   585.9 0  -117.8 0   468.1 0    23.1 0    47.6 0     2.3 0   123.7 0 -9999.9 1
 2024 235  8 22 20 20 20.333  42.64   766.9 0   174.0 0 -9999.9 1   245.5 0   336.2 0   299.91 0   299.75 0   452.5 0   299.00 0   299.24 0   107.4 0   308.9 0   592.9 0  -116.3 0   476.6 0    23.1 0    44.5 0     3.8 0   114.7 0 -9999.9 1
 2024 235  8 22 20 21 20.350  42.80   762.7 0   173.3 0 -9999.9 1   249.4 0   336.5 0   299.92 0   299.73 0   452.1 0   298.99 0   299.22 0   106.5 0   307.0 0   589.4 0  -115.6 0   473.8 0    23.0 0    45.4 0     3.5 0   120.5 0 -9999.9 1
 2024 235  8 22 20 22 20.367  42.97   768.5 0   175.0 0 -9999.9 1   253.6 0   337.1 0   299.93 0   299.76 0   452.6 0   298.95 0   299.18 0   106.5 0   309.3 0   593.5 0  -115.4 0   478.1 0    22.9 0    46.3 0     3.5 0   126.5 0 -9999.9 1
 2024 235  8 22 20 23 20.383  43.13   772.1 0   176.1 0 -9999.9 1   257.3 0   337.6 0   299.95 0   299.82 0   453.5 0   298.93 0   299.20 0   106.3 0   310.8 0   596.0 0  -115.8 0   480.2 0    22.9 0    46.8 0     3.1 0   124.4 0 -9999.9 1
 2024 235  8 22 20 24 20.400  43.29   771.6 0   176.3 0 -9999.9 1   259.5 0   336.9 0   299.97 0   299.87 0   455.4 0   298.91 0   299.18 0   105.7 0   310.3 0   595.3 0  -118.4 0   476.9 0    23.0 0    48.7 0     2.9 0   139.4 0 -9999.9 1
 2024 235  8 22 20 25 20.417  43.46   758.3 0   173.8 0 -9999.9 1   259.8 0   336.5 0   299.99 0   299.82 0   453.5 0   298.90 0   299.14 0   103.9 0   304.8 0   584.5 0  -116.9 0   467.6 0    23.0 0    46.7 0     2.7 0   135.1 0 -9999.9 1
 2024 235  8 22 20 26 20.433  43.62   742.5 0   170.5 0 -9999.9 1   259.3 0   336.2 0   300.00 0   299.85 0   453.2 0   298.89 0   299.16 0   102.0 0   299.6 0   572.0 0  -117.0 0   455.0 0    23.0 0    43.3 0     1.9 0   130.6 0 -9999.9 1
 2024 235  8 22 20 27 20.450  43.79   756.6 0   173.8 0 -9999.9 1   259.0 0   335.9 0   300.00 0   299.85 0   456.4 0   298.92 0   299.27 0   102.1 0   303.7 0   582.8 0  -120.5 0   462.3 0    23.0 0    43.9 0     0.8 0   120.1 0 -9999.9 1
 2024 235  8 22 20 28 20.467  43.95   720.5 0   164.4 0 -9999.9 1   255.3 0   336.2 0   300.00 0   299.94 0   456.7 0   298.96 0   299.28 0    98.9 0   291.5 0   556.1 0  -120.5 0   435.6 0    23.1 0    43.1 0     0.8 0   164.2 0 -9999.9 1
 2024 235  8 22 20 29 20.483  44.12   752.2 0   172.9 0 -9999.9 1   254.2 0   336.5 0   300.02 0   299.96 0   457.6 0   299.02 0   299.40 0   100.5 0   302.8 0   579.3 0  -121.1 0   458.2 0    23.2 0    44.1 0     0.9 0   140.2 0 -9999.9 1
 2024 235  8 22 20 30 20.500  44.28   753.4 0   173.3 0 -9999.9 1   252.5 0   336.8 0   300.05 0   300.00 0   458.6 0   299.08 0   299.39 0   100.2 0   303.5 0   580.1 0  -121.8 0   458.3 0    23.3 0    47.8 0     2.0 0   130.0 0 -9999.9 1
 2024 235  8 22 20 31 20.517  44.45   741.2 0   170.4 0 -9999.9 1   250.7 0   337.2 0   300.09 0   300.01 0   456.5 0   299.11 0   299.37 0    98.9 0   299.2 0   570.8 0  -119.2 0   451.6 0    23.4 0    47.3 0     3.1 0   122.2 0 -9999.9 1
 2024 235  8 22 20 32 20.533  44.62   742.1 0   172.3 0 -9999.9 1   249.6 0   336.3 0   300.11 0   299.92 0   453.7 0   299.11 0   299.34 0    98.4 0   300.7 0   569.8 0  -117.4 0   452.4 0    23.4 0    46.2 0     2.8 0   108.2 0 -9999.9 1
 2024 235  8 22 20 33 20.550  44.79   739.5 0   172.0 0 -9999.9 1   249.0 0   336.5 0   300.12 0   299.92 0   453.3 0   299.11 0   299.38 0    97.2 0   297.9 0   567.5 0  -116.9 0   450.6 0    23.3 0    44.6 0     2.9 0    98.9 0 -9999.9 1
 2024 235  8 22 20 34 20.567  44.95   734.7 0   171.0 0 -9999.9 1   249.1 0   336.1 0   300.12 0   299.88 0   453.3 0   299.10 0   299.39 0    96.2 0   296.5 0   563.7 0  -117.1 0   446.6 0    23.1 0    44.3 0     2.8 0    85.5 0 -9999.9 1
 2024 235  8 22 20 35 20.583  45.12   736.2 0   171.8 0 -9999.9 1   249.8 0   336.1 0   300.12 0   299.86 0   454.2 0   299.09 0   299.40 0    95.7 0   296.6 0   564.4 0  -118.0 0   446.4 0    23.0 0    45.2 0     2.1 0    73.3 0 -9999.9 1
 2024 235  8 22 20 36 20.600  45.29   736.4 0   172.2 0 -9999.9 1   250.7 0   336.2 0   300.10 0   299.84 0   457.4 0   299.08 0   299.36 0    95.0 0   296.4 0   564.2 0  -121.1 0   443.1 0    23.1 0    47.9 0     0.9 0    76.3 0 -9999.9 1
 2024 235  8 22 20 37 20.617  45.46   729.4 0   170.5 0 -9999.9 1   251.1 0   336.7 0   300.08 0   299.90 0   457.7 0   299.10 0   299.36 0    93.9 0   293.5 0   558.9 0  -121.1 0   437.8 0    23.1 0    44.4 0     1.0 0    63.2 0 -9999.9 1
 2024 235  8 22 20 38 20.633  45.63   732.4 0   171.5 0 -9999.9 1   253.6 0   337.3 0   300.07 0   299.92 0   457.0 0   299.12 0   299.44 0    93.4 0   294.4 0   560.9 0  -119.7 0   441.2 0    23.3 0    43.3 0     1.4 0    51.5 0 -9999.9 1
 2024 235  8 22 20 39 20.650  45.80   728.2 0   170.8 0 -9999.9 1   255.7 0   338.1 0   300.07 0   299.97 0   455.6 0   299.16 0   299.41 0    92.0 0   291.5 0   557.4 0  -117.5 0   439.9 0    23.3 0    46.2 0     3.7 0    97.2 0 -9999.9 1
 2024 235  8 22 20 40 20.667  45.97   615.6 0   141.5 0 -9999.9 1   255.6 0   338.4 0   300.08 0   299.98 0   450.1 0   299.13 0   299.32 0    85.5 0   255.5 0   474.1 0  -111.7 0   362.4 0    23.3 0    45.3 0     3.3 0   127.7 0 -9999.9 1
 2024 235  8 22 20 41 20.683  46.14   565.1 0   130.1 0 -9999.9 1   257.8 0   338.1 0   300.09 0   299.91 0   447.6 0   299.09 0   299.24 0    82.1 0   238.7 0   435.0 0  -109.6 0   325.4 0    23.2 0    44.9 0     3.1 0   128.1 0 -9999.9 1
 2024 235  8 22 20 42 20.700  46.31   642.1 0   151.1 0 -9999.9 1   260.3 0   337.8 0   300.08 0   299.87 0   446.1 0   299.04 0   299.17 0    84.9 0   264.1 0   491.0 0  -108.3 0   382.7 0    23.1 0    46.3 0     3.7 0   124.4 0 -9999.9 1
 2024 235  8 22 20 43 20.717  46.49   695.7 0   165.9 0 -9999.9 1   260.4 0   337.8 0   300.06 0   299.80 0   449.1 0   298.99 0   299.21 0    86.1 0   276.7 0   529.8 0  -111.3 0   418.5 0    23.1 0    43.7 0     2.5 0   133.7 0 -9999.9 1
 2024 235  8 22 20 44 20.733  46.66   530.7 0   124.3 0 -9999.9 1   251.0 0   338.2 0   300.03 0   299.78 0   445.8 0   298.96 0   299.10 0    74.9 0   217.6 0   406.4 0  -107.6 0   298.8 0    23.1 0    43.6 0     3.7 0   130.9 0 -9999.9 1
 2024 235  8 22 20 45 20.750  46.83   561.6 0   133.3 0 -9999.9 1   252.5 0   338.6 0   299.99 0   299.72 0   443.6 0   298.90 0   299.01 0    76.0 0   231.2 0   428.3 0  -105.0 0   323.3 0    23.0 0    44.5 0     2.9 0   118.8 0 -9999.9 1
 2024 235  8 22 20 46 20.767  47.00   665.6 0   159.1 0 -9999.9 1   264.3 0   338.6 0   299.95 0   299.70 0   446.1 0   298.85 0   299.02 0    82.5 0   269.0 0   506.5 0  -107.5 0   399.0 0    22.9 0    45.7 0     3.9 0   109.3 0 -9999.9 1
 2024 235  8 22 20 47 20.783  47.18   705.2 0   168.5 0 -9999.9 1   273.6 0   338.4 0   299.92 0   299.64 0   449.2 0   298.81 0   299.03 0    85.4 0   283.7 0   536.7 0  -110.8 0   425.9 0    22.9 0    45.9 0     3.0 0   104.5 0 -9999.9 1
 2024 235  8 22 20 48 20.800  47.35   713.3 0   170.1 0 -9999.9 1   279.2 0   338.5 0   299.89 0   299.62 0   449.7 0   298.78 0   299.07 0    85.8 0   287.1 0   543.2 0  -111.2 0   432.0 0    22.9 0    43.0 0     2.6 0   112.1 0 -9999.9 1
 2024 235  8 22 20 49 20.817  47.52   719.1 0   171.4 0 -9999.9 1   283.5 0   339.2 0   299.87 0   299.74 0   452.6 0   298.77 0   299.12 0    85.8 0   289.1 0   547.7 0  -113.4 0   434.3 0    22.9 0    43.5 0     1.7 0   117.8 0 -9999.9 1
 2024 235  8 22 20 50 20.833  47.70   698.3 0   166.0 0 -9999.9 1   284.8 0   339.9 0   299.87 0   299.80 0   455.5 0   298.80 0   299.13 0    83.7 0   280.0 0   532.3 0  -115.6 0   416.7 0    22.9 0    46.2 0     1.4 0   101.2 0 -9999.9 1
 2024 235  8 22 20 51 20.850  47.87   639.4 0   151.6 0 -9999.9 1   281.8 0   341.5 0   299.88 0   299.80 0   452.5 0   298.82 0   299.06 0    79.1 0   258.9 0   487.8 0  -111.0 0   376.8 0    23.0 0    47.1 0     3.9 0    90.8 0 -9999.9 1
 2024 235  8 22 20 52 20.867  48.05   656.8 0   157.1 0 -9999.9 1   284.0 0   341.9 0   299.89 0   299.87 0   449.0 0   298.80 0   299.03 0    79.0 0   264.6 0   499.7 0  -107.1 0   392.6 0    23.0 0    45.6 0     3.3 0    93.3 0 -9999.9 1
 2024 235  8 22 20 53 20.883  48.22   657.9 0   157.7 0 -9999.9 1   287.6 0   341.4 0   299.92 0   299.85 0   450.8 0   298.77 0   299.04 0    78.0 0   262.5 0   500.2 0  -109.4 0   390.8 0    23.1 0    48.0 0     2.9 0   106.6 0 -9999.9 1
 2024 235  8 22 20 54 20.900  48.40   480.9 0   112.0 0 -9999.9 1   279.2 0   341.6 0   299.93 0   299.74 0   444.3 0   298.74 0   298.93 0    66.8 0   199.0 0   368.9 0  -102.7 0   266.2 0    23.1 0    43.4 0     3.9 0   101.0 0 -9999.9 1
 2024 235  8 22 20 55 20.917  48.57   488.0 0   116.3 0 -9999.9 1   276.7 0   341.6 0   299.90 0   299.68 0   442.5 0   298.67 0   298.78 0    65.4 0   201.2 0   371.7 0  -101.0 0   270.7 0    23.0 0    47.3 0     2.6 0   117.2 0 -9999.9 1
 2024 235  8 22 20 56 20.933  48.75   597.2 0   144.4 0 -9999.9 1   290.5 0   341.7 0   299.86 0   299.63 0   444.7 0   298.62 0   298.78 0    71.4 0   240.2 0   452.8 0  -103.0 0   349.8 0    23.0 0    43.2 0     3.2 0   125.1 0 -9999.9 1
 2024 235  8 22 20 57 20.950  48.92   630.3 0   152.1 0 -9999.9 1   301.8 0   342.4 0   299.83 0   299.69 0   446.1 0   298.59 0   298.80 0    73.3 0   252.1 0   478.2 0  -103.7 0   374.5 0    23.0 0    43.4 0     2.8 0   131.0 0 -9999.9 1
 2024 235  8 22 20 58 20.967  49.10   625.2 0   151.3 0 -9999.9 1   304.1 0   342.5 0   299.82 0   299.73 0   448.7 0   298.57 0   298.81 0    72.4 0   249.8 0   473.9 0  -106.2 0   367.7 0    23.0 0    45.0 0     1.9 0   130.2 0 -9999.9 1
 2024 235  8 22 20 59 20.983  49.28   543.7 0   130.1 0 -9999.9 1   296.0 0   343.1 0   299.82 0   299.75 0   447.7 0   298.58 0   298.80 0    66.4 0   217.1 0   413.6 0  -104.6 0   309.0 0    23.0 0    43.5 0     2.6 0   132.4 0 -9999.9 1
 2024 235  8 22 21  0 21.000  49.45   369.3 0    86.0 0 -9999.9 1   278.2 0   342.9 0   299.81 0   299.61 0   441.0 0   298.55 0   298.64 0    55.2 0   153.7 0   283.3 0   -98.1 0   185.2 0    23.0 0    45.1 0     4.1 0   132.0 0 -9999.9 1
 2024 235  8 22 21  1 21.017  49.63   403.1 0    97.1 0 -9999.9 1   275.8 0   342.9 0   299.74 0   299.45 0   435.4 0   298.47 0   298.48 0    55.8 0   166.3 0   306.0 0   -92.6 0   213.4 0    23.0 0    42.5 0     4.2 0   127.8 0 -9999.9 1
 2024 235  8 22 21  2 21.033  49.81   518.4 0   126.9 0 -9999.9 1   293.4 0   343.3 0   299.66 0   299.39 0   438.2 0   298.40 0   298.50 0    62.3 0   210.4 0   391.5 0   -94.8 0   296.7 0    22.9 0    44.8 0     2.8 0   119.9 0 -9999.9 1
 2024 235  8 22 21  3 21.050  49.99   649.3 0   159.9 0 -9999.9 1   314.6 0   343.6 0   299.60 0   299.38 0   444.9 0   298.37 0   298.62 0    69.9 0   257.4 0   489.4 0  -101.3 0   388.1 0    22.9 0    42.3 0     2.1 0   110.8 0 -9999.9 1
 2024 235  8 22 21  4 21.067  50.16   669.3 0   163.8 0 -9999.9 1   324.2 0   344.0 0   299.57 0   299.50 0   449.7 0   298.39 0   298.72 0    71.7 0   265.5 0   505.5 0  -105.7 0   399.8 0    22.9 0    42.9 0     1.7 0   108.4 0 -9999.9 1
 2024 235  8 22 21  5 21.083  50.34   647.5 0   158.0 0 -9999.9 1   322.6 0   344.4 0   299.57 0   299.56 0   451.6 0   298.41 0   298.73 0    70.2 0   256.1 0   489.5 0  -107.2 0   382.3 0    22.9 0    44.5 0     1.5 0   135.6 0 -9999.9 1
 2024 235  8 22 21  6 21.100  50.52   495.0 0   117.8 0 -9999.9 1   308.2 0   344.4 0   299.58 0   299.52 0   448.9 0   298.44 0   298.68 0    61.2 0   200.3 0   377.2 0  -104.5 0   272.7 0    23.0 0    44.1 0     1.8 0   115.6 0 -9999.9 1
 2024 235  8 22 21  7 21.117  50.70   515.3 0   124.8 0 -9999.9 1   305.3 0   344.5 0   299.56 0   299.40 0   444.3 0   298.44 0   298.61 0    61.6 0   210.6 0   390.5 0   -99.8 0   290.7 0    23.0 0    45.7 0     3.1 0   100.1 0 -9999.9 1
 2024 235  8 22 21  8 21.133  50.88   611.5 0   149.9 0 -9999.9 1   316.2 0   344.9 0   299.53 0   299.39 0   445.6 0   298.42 0   298.64 0    66.6 0   244.9 0   461.6 0  -100.7 0   360.9 0    23.0 0    46.7 0     3.1 0   110.4 0 -9999.9 1
 2024 235  8 22 21  9 21.150  51.06   635.4 0   155.4 0 -9999.9 1   322.5 0   344.7 0   299.52 0   299.37 0   447.8 0   298.41 0   298.66 0    68.2 0   254.6 0   480.0 0  -103.1 0   376.9 0    23.0 0    45.9 0     2.6 0   117.3 0 -9999.9 1
 2024 235  8 22 21 10 21.167  51.24   656.3 0   161.2 0 -9999.9 1   324.5 0   345.2 0   299.51 0   299.42 0   447.4 0   298.41 0   298.66 0    69.2 0   262.7 0   495.1 0  -102.3 0   392.8 0    23.0 0    44.5 0     4.3 0   118.1 0 -9999.9 1
 2024 235  8 22 21 11 21.183  51.42   648.8 0   160.1 0 -9999.9 1   321.5 0   344.5 0   299.52 0   299.37 0   444.9 0   298.39 0   298.64 0    68.2 0   259.2 0   488.7 0  -100.4 0   388.3 0    23.0 0    43.9 0     4.5 0   118.3 0 -9999.9 1
 2024 235  8 22 21 12 21.200  51.60   514.7 0   124.5 0 -9999.9 1   308.9 0   344.5 0   299.51 0   299.34 0   443.3 0   298.36 0   298.54 0    60.4 0   208.5 0   390.2 0   -98.9 0   291.3 0    23.0 0    44.6 0     3.3 0   118.8 0 -9999.9 1
 2024 235  8 22 21 13 21.217  51.78   438.4 0   105.8 0 -9999.9 1   294.7 0   344.6 0   299.48 0   299.32 0   441.1 0   298.33 0   298.47 0    54.9 0   180.4 0   332.6 0   -96.5 0   236.1 0    22.9 0    45.7 0     2.6 0   129.0 0 -9999.9 1
 2024 235  8 22 21 14 21.233  51.96   471.7 0   115.9 0 -9999.9 1   295.2 0   344.5 0   299.44 0   299.23 0   440.1 0   298.29 0   298.41 0    55.8 0   194.7 0   355.8 0   -95.6 0   260.2 0    22.9 0    45.0 0     3.6 0   133.0 0 -9999.9 1
 2024 235  8 22 21 15 21.250  52.14   625.8 0   157.3 0 -9999.9 1   310.9 0   345.0 0   299.40 0   299.25 0   443.2 0   298.25 0   298.45 0    62.8 0   247.8 0   468.5 0   -98.2 0   370.3 0    22.9 0    43.9 0     3.2 0   130.8 0 -9999.9 1
 2024 235  8 22 21 16 21.267  52.32   624.2 0   155.6 0 -9999.9 1   320.7 0   344.7 0   299.39 0   299.30 0   444.9 0   298.24 0   298.48 0    63.4 0   248.4 0   468.6 0  -100.2 0   368.4 0    22.9 0    43.1 0     2.9 0   143.4 0 -9999.9 1
 2024 235  8 22 21 17 21.283  52.50   575.4 0   142.0 0 -9999.9 1   321.3 0   345.3 0   299.40 0   299.34 0   446.1 0   298.24 0   298.50 0    61.1 0   231.0 0   433.4 0  -100.8 0   332.6 0    23.0 0    43.0 0     2.6 0   134.1 0 -9999.9 1
 2024 235  8 22 21 18 21.300  52.68   504.8 0   123.0 0 -9999.9 1   311.7 0   345.4 0   299.40 0   299.40 0   445.2 0   298.24 0   298.47 0    56.9 0   203.8 0   381.8 0   -99.8 0   282.0 0    23.0 0    45.6 0     1.6 0   154.7 0 -9999.9 1
 2024 235  8 22 21 19 21.317  52.87   375.5 0    89.4 0 -9999.9 1   291.8 0   345.0 0   299.40 0   299.36 0   442.1 0   298.25 0   298.42 0    49.5 0   156.1 0   286.1 0   -97.1 0   189.0 0    23.0 0    44.6 0     2.2 0   162.7 0 -9999.9 1
 2024 235  8 22 21 20 21.333  53.05   346.0 0    83.3 0 -9999.9 1   276.7 0   345.2 0   299.38 0   299.30 0   438.0 0   298.23 0   298.36 0    46.6 0   144.2 0   262.7 0   -92.8 0   169.9 0    23.0 0    44.1 0     2.1 0   163.8 0 -9999.9 1
 2024 235  8 22 21 21 21.350  53.23   419.8 0   104.3 0 -9999.9 1   281.4 0   345.7 0   299.35 0   299.24 0   438.3 0   298.21 0   298.32 0    49.3 0   172.3 0   315.5 0   -92.6 0   222.9 0    23.0 0    46.2 0     2.7 0   143.0 0 -9999.9 1
 2024 235  8 22 21 22 21.367  53.41   528.1 0   133.3 0 -9999.9 1   296.3 0   345.7 0   299.32 0   299.21 0   440.5 0   298.18 0   298.37 0    54.0 0   211.2 0   394.8 0   -94.8 0   300.0 0    23.0 0    45.9 0     2.6 0   136.9 0 -9999.9 1
 2024 235  8 22 21 23 21.383  53.59   585.7 0   148.2 0 -9999.9 1   308.7 0   345.7 0   299.30 0   299.17 0   444.4 0   298.18 0   298.41 0    56.9 0   232.6 0   437.5 0   -98.7 0   338.8 0    23.0 0    45.5 0     3.2 0   114.6 0 -9999.9 1
 2024 235  8 22 21 24 21.400  53.78   610.4 0   154.3 0 -9999.9 1   316.1 0   345.6 0   299.29 0   299.16 0   445.1 0   298.18 0   298.45 0    58.2 0   241.9 0   456.1 0   -99.6 0   356.5 0    23.0 0    43.6 0     3.3 0   105.0 0 -9999.9 1
 2024 235  8 22 21 25 21.417  53.96   604.2 0   152.4 0 -9999.9 1   317.5 0   345.9 0   299.29 0   299.19 0   445.2 0   298.18 0   298.45 0    57.8 0   240.6 0   451.8 0   -99.3 0   352.5 0    23.0 0    44.5 0     3.1 0   102.9 0 -9999.9 1
 2024 235  8 22 21 26 21.433  54.14   619.9 0   157.3 0 -9999.9 1   314.3 0   346.0 0   299.30 0   299.20 0   445.9 0   298.18 0   298.50 0    57.6 0   243.3 0   462.6 0  -100.0 0   362.6 0    22.9 0    43.5 0     2.9 0    96.3 0 -9999.9 1
 2024 235  8 22 21 27 21.450  54.33   491.4 0   120.9 0 -9999.9 1   300.2 0   346.1 0   299.30 0   299.20 0   444.9 0   298.19 0   298.48 0    51.6 0   196.2 0   370.5 0   -98.8 0   271.7 0    22.9 0    44.4 0     2.1 0    96.3 0 -9999.9 1
 2024 235  8 22 21 28 21.467  54.51   340.4 0    80.3 0 -9999.9 1   279.5 0   346.4 0   299.29 0   299.12 0   440.8 0   298.18 0   298.35 0    44.2 0   143.2 0   260.1 0   -94.4 0   165.7 0    22.9 0    46.2 0     2.5 0   112.0 0 -9999.9 1
 2024 235  8 22 21 29 21.483  54.69   375.1 0    92.5 0 -9999.9 1   269.1 0   346.5 0   299.25 0   299.08 0   437.5 0   298.15 0   298.24 0    44.1 0   154.1 0   282.6 0   -91.0 0   191.6 0    22.9 0    45.9 0     3.5 0   127.2 0 -9999.9 1
 2024 235  8 22 21 30 21.500  54.88   393.2 0    98.4 0 -9999.9 1   269.5 0   346.3 0   299.21 0   299.05 0   437.1 0   298.10 0   298.22 0    44.2 0   160.3 0   294.8 0   -90.7 0   204.1 0    22.9 0    47.0 0     2.8 0   126.9 0 -9999.9 1
 2024 235  8 22 21 31 21.517  55.06   467.2 0   119.3 0 -9999.9 1   278.8 0   346.1 0   299.18 0   299.08 0   439.9 0   298.07 0   298.24 0    46.7 0   187.3 0   347.9 0   -93.8 0   254.1 0    22.9 0    47.9 0     2.2 0   153.8 0 -9999.9 1
 2024 235  8 22 21 32 21.533  55.25   514.0 0   131.4 0 -9999.9 1   291.7 0   346.4 0   299.16 0   299.11 0   442.8 0   298.07 0   298.28 0    48.8 0   205.1 0   382.6 0   -96.4 0   286.2 0    23.0 0    47.8 0     2.1 0   134.3 0 -9999.9 1
 2024 235  8 22 21 33 21.550  55.43   525.2 0   133.2 0 -9999.9 1   300.4 0   346.6 0   299.17 0   299.16 0   445.0 0   298.08 0   298.32 0    49.5 0   210.1 0   392.0 0   -98.5 0   293.5 0    23.0 0    48.1 0     1.9 0   137.5 0 -9999.9 1
 2024 235  8 22 21 34 21.567  55.62   513.0 0   129.9 0 -9999.9 1   304.2 0   346.3 0   299.18 0   299.12 0   442.4 0   298.08 0   298.28 0    49.2 0   207.7 0   383.1 0   -96.1 0   287.0 0    23.1 0    45.5 0     3.9 0   131.7 0 -9999.9 1
 2024 235  8 22 21 35 21.583  55.80   555.3 0   142.3 0 -9999.9 1   306.3 0   346.8 0   299.19 0   299.11 0   442.2 0   298.07 0   298.29 0    50.3 0   221.2 0   413.0 0   -95.5 0   317.5 0    23.1 0    45.8 0     3.5 0   129.4 0 -9999.9 1
 2024 235  8 22 21 36 21.600  55.98   576.0 0   148.6 0 -9999.9 1   305.4 0   347.2 0   299.20 0   299.13 0   444.2 0   298.07 0   298.30 0    50.6 0   226.6 0   427.4 0   -97.1 0   330.3 0    23.1 0    47.6 0     2.6 0   117.6 0 -9999.9 1
 2024 235  8 22 21 37 21.617  56.17   502.3 0   128.3 0 -9999.9 1   295.2 0   347.2 0   299.22 0   299.11 0   443.7 0   298.07 0   298.28 0    47.1 0   198.6 0   374.0 0   -96.5 0   277.5 0    23.1 0    46.8 0     4.2 0   102.0 0 -9999.9 1
 2024 235  8 22 21 38 21.633  56.36   428.1 0   108.3 0 -9999.9 1   280.5 0   347.2 0   299.21 0   299.02 0   438.3 0   298.04 0   298.23 0    43.2 0   171.9 0   319.8 0   -91.0 0   228.8 0    23.0 0    44.6 0     3.9 0    91.8 0 -9999.9 1
 2024 235  8 22 21 39 21.650  56.54   413.7 0   105.1 0 -9999.9 1   273.8 0   347.6 0   299.17 0   298.95 0   437.6 0   298.00 0   298.18 0    41.7 0   165.7 0   308.6 0   -90.1 0   218.5 0    22.9 0    45.9 0     3.3 0    95.2 0 -9999.9 1
 2024 235  8 22 21 40 21.667  56.73   393.8 0    99.5 0 -9999.9 1   271.2 0   347.8 0   299.12 0   298.90 0   437.8 0   297.96 0   298.12 0    40.4 0   157.8 0   294.3 0   -90.0 0   204.3 0    22.8 0    46.2 0     3.5 0   117.3 0 -9999.9 1
 2024 235  8 22 21 41 21.683  56.91   375.5 0    94.6 0 -9999.9 1   269.1 0   348.0 0   299.07 0   298.85 0   436.3 0   297.92 0   298.05 0    39.3 0   152.0 0   280.9 0   -88.3 0   192.6 0    22.8 0    45.5 0     3.5 0   120.8 0 -9999.9 1
 2024 235  8 22 21 42 21.700  57.10   366.2 0    92.1 0 -9999.9 1   268.7 0   348.2 0   299.01 0   298.79 0   435.3 0   297.87 0   297.97 0    38.6 0   148.7 0   274.1 0   -87.1 0   187.0 0    22.8 0    47.0 0     3.6 0   122.3 0 -9999.9 1
 2024 235  8 22 21 43 21.717  57.28   360.9 0    90.7 0 -9999.9 1   270.8 0   348.4 0   298.96 0   298.74 0   435.0 0   297.83 0   297.93 0    38.3 0   147.7 0   270.2 0   -86.6 0   183.6 0    22.8 0    46.8 0     2.9 0   116.4 0 -9999.9 1
 2024 235  8 22 21 44 21.733  57.47   396.5 0   100.5 0 -9999.9 1   277.4 0   348.7 0   298.91 0   298.75 0   436.7 0   297.79 0   297.92 0    39.6 0   161.1 0   296.0 0   -88.0 0   208.0 0    22.8 0    47.7 0     2.9 0   118.3 0 -9999.9 1
 2024 235  8 22 21 45 21.750  57.66   416.5 0   105.8 0 -9999.9 1   285.1 0   348.8 0   298.87 0   298.75 0   437.2 0   297.76 0   297.90 0    40.5 0   169.8 0   310.7 0   -88.4 0   222.3 0    22.8 0    47.2 0     3.3 0   120.0 0 -9999.9 1
 2024 235  8 22 21 46 21.767  57.84   460.2 0   117.3 0 -9999.9 1   293.5 0   348.8 0   298.84 0   298.72 0   438.3 0   297.74 0   297.91 0    42.2 0   185.9 0   342.9 0   -89.4 0   253.5 0    22.8 0    47.5 0     3.0 0   105.2 0 -9999.9 1
 2024 235  8 22 21 47 21.783  58.03   524.3 0   136.1 0 -9999.9 1   300.7 0   348.9 0   298.83 0   298.76 0   440.2 0   297.72 0   297.92 0    44.4 0   209.1 0   388.2 0   -91.4 0   296.8 0    22.8 0    46.4 0     3.5 0   109.5 0 -9999.9 1
 2024 235  8 22 21 48 21.800  58.22   571.4 0   149.4 0 -9999.9 1   305.6 0   348.7 0   298.84 0   298.79 0   443.1 0   297.71 0   297.97 0    46.0 0   224.6 0   422.0 0   -94.4 0   327.6 0    22.8 0    46.7 0     2.9 0   108.8 0 -9999.9 1
 2024 235  8 22 21 49 21.817  58.40   541.6 0   140.0 0 -9999.9 1   302.6 0   348.8 0   298.87 0   298.83 0   443.5 0   297.72 0   297.98 0    45.1 0   214.2 0   401.6 0   -94.7 0   306.9 0    22.9 0    46.7 0     3.7 0   108.5 0 -9999.9 1
 2024 235  8 22 21 50 21.833  58.59   428.5 0   106.6 0 -9999.9 1   292.3 0   348.1 0   298.89 0   298.83 0   439.4 0   297.72 0   297.92 0    41.7 0   178.6 0   321.9 0   -91.3 0   230.6 0    22.9 0    47.5 0     3.4 0   118.3 0 -9999.9 1
 2024 235  8 22 21 51 21.850  58.78   536.9 0   140.4 0 -9999.9 1   291.4 0   347.4 0   298.90 0   298.81 0   441.1 0   297.71 0   297.94 0    44.1 0   214.1 0   396.5 0   -93.7 0   302.8 0    22.9 0    46.3 0     3.0 0   114.2 0 -9999.9 1
 2024 235  8 22 21 52 21.867  58.96   554.7 0   145.2 0 -9999.9 1   292.3 0   347.2 0   298.92 0   298.84 0   443.9 0   297.72 0   297.99 0    44.6 0   220.1 0   409.5 0   -96.7 0   312.8 0    23.0 0    45.8 0     3.0 0   116.3 0 -9999.9 1
 2024 235  8 22 21 53 21.883  59.15   542.7 0   141.8 0 -9999.9 1   287.8 0   346.4 0   298.94 0   298.90 0   442.8 0   297.74 0   297.99 0    43.9 0   215.9 0   400.9 0   -96.4 0   304.5 0    23.0 0    44.8 0     3.4 0   133.1 0 -9999.9 1
 2024 235  8 22 21 54 21.900  59.34   509.6 0   132.6 0 -9999.9 1   278.7 0   345.8 0   298.98 0   298.93 0   442.2 0   297.75 0   298.01 0    42.4 0   204.0 0   377.0 0   -96.3 0   280.7 0    23.0 0    45.4 0     3.2 0   122.4 0 -9999.9 1
 2024 235  8 22 21 55 21.917  59.53   479.8 0   124.8 0 -9999.9 1   267.6 0   345.3 0   299.01 0   298.92 0   441.6 0   297.76 0   298.01 0    40.7 0   193.2 0   355.0 0   -96.2 0   258.8 0    23.0 0    45.8 0     3.6 0   111.2 0 -9999.9 1
 2024 235  8 22 21 56 21.933  59.71   463.2 0   121.1 0 -9999.9 1   256.7 0   344.4 0   299.03 0   298.92 0   439.8 0   297.77 0   297.99 0    39.3 0   186.0 0   342.1 0   -95.4 0   246.7 0    23.0 0    46.6 0     4.2 0   101.3 0 -9999.9 1
 2024 235  8 22 21 57 21.950  59.90   440.1 0   115.4 0 -9999.9 1   245.9 0   343.2 0   299.04 0   298.86 0   437.3 0   297.75 0   297.97 0    37.8 0   177.2 0   324.7 0   -94.1 0   230.6 0    23.0 0    43.7 0     4.5 0   106.4 0 -9999.9 1
 2024 235  8 22 21 58 21.967  60.09   430.2 0   113.3 0 -9999.9 1   236.9 0   342.5 0   299.03 0   298.83 0   436.6 0   297.73 0   297.94 0    36.7 0   172.9 0   316.9 0   -94.1 0   222.8 0    22.9 0    45.5 0     3.4 0   106.0 0 -9999.9 1
 2024 235  8 22 21 59 21.983  60.28   404.3 0   105.9 0 -9999.9 1   229.3 0   342.1 0   299.02 0   298.80 0   437.6 0   297.72 0   297.92 0    35.3 0   163.6 0   298.4 0   -95.5 0   202.9 0    22.9 0    47.2 0     2.8 0   114.6 0 -9999.9 1
 2024 235  8 22 22  0 22.000  60.47   369.8 0    96.0 0 -9999.9 1   220.7 0   341.3 0   299.00 0   298.78 0   437.7 0   297.70 0   297.87 0    33.7 0   151.4 0   273.8 0   -96.4 0   177.4 0    22.9 0    48.9 0     3.0 0   112.0 0 -9999.9 1
 2024 235  8 22 22  1 22.017  60.65   297.1 0    74.1 0 -9999.9 1   210.1 0   340.3 0   298.98 0   298.72 0   434.2 0   297.69 0   297.79 0    31.3 0   126.7 0   223.0 0   -93.9 0   129.1 0    23.0 0    45.0 0     3.6 0   119.8 0 -9999.9 1
 2024 235  8 22 22  2 22.033  60.84   296.4 0    76.0 0 -9999.9 1   200.6 0   339.7 0   298.93 0   298.64 0   431.4 0   297.65 0   297.73 0    30.4 0   127.4 0   220.4 0   -91.6 0   128.8 0    22.9 0    44.7 0     3.1 0   128.3 0 -9999.9 1
 2024 235  8 22 22  3 22.050  61.03   429.2 0   118.3 0 -9999.9 1   199.9 0   339.6 0   298.88 0   298.61 0   435.1 0   297.62 0   297.80 0    32.4 0   166.7 0   310.9 0   -95.5 0   215.4 0    22.9 0    46.6 0     2.4 0   114.6 0 -9999.9 1
 2024 235  8 22 22  4 22.067  61.22   439.6 0   120.9 0 -9999.9 1   203.3 0   339.0 0   298.86 0   298.61 0   437.2 0   297.62 0   297.84 0    32.7 0   171.6 0   318.7 0   -98.2 0   220.5 0    22.9 0    45.1 0     3.1 0   100.4 0 -9999.9 1
 2024 235  8 22 22  5 22.083  61.41   419.3 0   113.2 0 -9999.9 1   207.8 0   338.7 0   298.85 0   298.61 0   437.8 0   297.62 0   297.86 0    32.3 0   167.2 0   306.1 0   -99.1 0   207.0 0    22.9 0    45.9 0     2.9 0   112.6 0 -9999.9 1
 2024 235  8 22 22  6 22.100  61.60   437.4 0   118.9 0 -9999.9 1   210.5 0   338.5 0   298.84 0   298.62 0   437.3 0   297.62 0   297.83 0    32.3 0   174.0 0   318.5 0   -98.8 0   219.7 0    22.9 0    46.0 0     3.9 0   112.6 0 -9999.9 1
 2024 235  8 22 22  7 22.117  61.79   439.3 0   119.8 0 -9999.9 1   210.4 0   338.1 0   298.84 0   298.62 0   436.9 0   297.61 0   297.82 0    32.0 0   173.9 0   319.5 0   -98.8 0   220.7 0    22.9 0    46.3 0     4.0 0   118.0 0 -9999.9 1
 2024 235  8 22 22  8 22.133  61.98   408.5 0   110.2 0 -9999.9 1   206.1 0   337.8 0   298.85 0   298.62 0   436.4 0   297.60 0   297.80 0    31.0 0   162.3 0   298.3 0   -98.6 0   199.7 0    23.0 0    46.3 0     3.8 0   115.0 0 -9999.9 1
 2024 235  8 22 22  9 22.150  62.16   248.5 0    60.2 0 -9999.9 1   193.6 0   337.5 0   298.84 0   298.59 0   432.6 0   297.58 0   297.68 0    27.4 0   111.1 0   188.3 0   -95.1 0    93.2 0    22.9 0    47.6 0     3.4 0   120.7 0 -9999.9 1
 2024 235  8 22 22 10 22.167  62.35   262.7 0    67.6 0 -9999.9 1   179.5 0   337.2 0   298.80 0   298.49 0   430.6 0   297.54 0   297.58 0    26.4 0   112.6 0   195.1 0   -93.4 0   101.7 0    22.9 0    47.7 0     3.8 0   120.7 0 -9999.9 1
 2024 235  8 22 22 11 22.183  62.54   254.4 0    66.6 0 -9999.9 1   168.8 0   337.1 0   298.74 0   298.40 0   428.8 0   297.49 0   297.53 0    25.4 0   106.7 0   187.8 0   -91.7 0    96.1 0    22.9 0    46.9 0     3.6 0   127.6 0 -9999.9 1
 2024 235  8 22 22 12 22.200  62.73   293.5 0    80.8 0 -9999.9 1   164.9 0   337.2 0   298.67 0   298.33 0   429.1 0   297.44 0   297.52 0    25.4 0   117.6 0   212.7 0   -91.8 0   120.9 0    22.8 0    47.3 0     3.0 0   122.1 0 -9999.9 1
 2024 235  8 22 22 13 22.217  62.92   297.6 0    80.7 0 -9999.9 1   167.8 0   337.4 0   298.62 0   298.30 0   430.8 0   297.41 0   297.53 0    25.2 0   118.3 0   216.9 0   -93.4 0   123.5 0    22.8 0    47.3 0     2.8 0   122.6 0 -9999.9 1
 2024 235  8 22 22 14 22.233  63.11   248.5 0    64.3 0 -9999.9 1   170.4 0   337.5 0   298.57 0   298.26 0   430.1 0   297.38 0   297.47 0    24.1 0   104.7 0   184.2 0   -92.6 0    91.6 0    22.8 0    49.4 0     1.9 0   121.7 0 -9999.9 1
 2024 235  8 22 22 15 22.250  63.30   250.5 0    65.2 0 -9999.9 1   171.5 0   337.5 0   298.51 0   298.21 0   429.9 0   297.35 0   297.41 0    23.6 0   105.3 0   185.3 0   -92.4 0    92.9 0    22.8 0    51.1 0     2.3 0   120.5 0 -9999.9 1
 2024 235  8 22 22 16 22.267  63.49   245.6 0    64.1 0 -9999.9 1   172.3 0   337.7 0   298.45 0   298.16 0   429.8 0   297.32 0   297.40 0    23.2 0   102.9 0   181.5 0   -92.1 0    89.4 0    22.7 0    49.3 0     2.7 0   106.6 0 -9999.9 1
 2024 235  8 22 22 17 22.283  63.68   283.9 0    76.8 0 -9999.9 1   174.0 0   337.7 0   298.40 0   298.09 0   429.8 0   297.28 0   297.37 0    23.4 0   114.7 0   207.1 0   -92.1 0   115.0 0    22.7 0    49.7 0     2.6 0   104.5 0 -9999.9 1
 2024 235  8 22 22 18 22.300  63.87   289.0 0    79.9 0 -9999.9 1   176.6 0   338.0 0   298.34 0   298.03 0   430.9 0   297.25 0   297.35 0    23.3 0   117.6 0   209.1 0   -93.0 0   116.1 0    22.7 0    48.0 0     3.1 0   112.0 0 -9999.9 1
 2024 235  8 22 22 19 22.317  64.06   256.6 0    69.7 0 -9999.9 1   177.6 0   338.3 0   298.29 0   298.00 0   430.5 0   297.22 0   297.34 0    22.6 0   107.4 0   186.9 0   -92.2 0    94.7 0    22.6 0    47.1 0     3.0 0   111.2 0 -9999.9 1
 2024 235  8 22 22 20 22.333  64.25   251.4 0    68.6 0 -9999.9 1   176.3 0   338.6 0   298.24 0   297.95 0   429.2 0   297.19 0   297.28 0    22.1 0   106.1 0   182.8 0   -90.6 0    92.2 0    22.6 0    46.8 0     3.5 0   110.2 0 -9999.9 1
 2024 235  8 22 22 21 22.350  64.44   248.6 0    66.2 0 -9999.9 1   174.9 0   338.9 0   298.19 0   297.90 0   428.7 0   297.15 0   297.27 0    21.7 0   102.6 0   182.4 0   -89.9 0    92.5 0    22.6 0    46.5 0     3.4 0   107.1 0 -9999.9 1
 2024 235  8 22 22 22 22.367  64.63   215.4 0    55.3 0 -9999.9 1   172.1 0   339.0 0   298.13 0   297.83 0   426.8 0   297.11 0   297.19 0    20.9 0    92.4 0   160.1 0   -87.8 0    72.3 0    22.6 0    48.0 0     3.3 0   107.5 0 -9999.9 1
 2024 235  8 22 22 23 22.383  64.82   261.4 0    71.4 0 -9999.9 1   172.9 0   339.0 0   298.07 0   297.78 0   427.3 0   297.07 0   297.14 0    21.2 0   105.8 0   190.0 0   -88.3 0   101.7 0    22.6 0    50.0 0     3.0 0   101.8 0 -9999.9 1
 2024 235  8 22 22 24 22.400  65.01   269.7 0    73.5 0 -9999.9 1   176.7 0   339.3 0   298.02 0   297.73 0   428.4 0   297.03 0   297.12 0    21.2 0   108.6 0   196.2 0   -89.1 0   107.1 0    22.6 0    50.4 0     3.0 0   102.6 0 -9999.9 1
 2024 235  8 22 22 25 22.417  65.20   315.1 0    88.4 0 -9999.9 1   184.4 0   340.0 0   297.97 0   297.73 0   430.3 0   297.00 0   297.13 0    21.8 0   124.4 0   226.7 0   -90.3 0   136.4 0    22.5 0    49.8 0     2.8 0   111.5 0 -9999.9 1
 2024 235  8 22 22 26 22.433  65.39   365.5 0   104.1 0 -9999.9 1   193.9 0   340.5 0   297.95 0   297.77 0   433.7 0   296.98 0   297.17 0    22.5 0   139.9 0   261.4 0   -93.2 0   168.2 0    22.5 0    49.6 0     2.3 0   113.5 0 -9999.9 1
 2024 235  8 22 22 27 22.450  65.58   376.7 0   107.2 0 -9999.9 1   200.3 0   341.0 0   297.96 0   297.82 0   435.7 0   296.99 0   297.21 0    22.7 0   145.1 0   269.5 0   -94.7 0   174.8 0    22.6 0    48.9 0     2.4 0   108.6 0 -9999.9 1
 2024 235  8 22 22 28 22.467  65.77   382.3 0   108.4 0 -9999.9 1   204.9 0   341.3 0   297.98 0   297.87 0   436.9 0   297.00 0   297.23 0    22.8 0   147.5 0   273.9 0   -95.6 0   178.3 0    22.7 0    52.9 0     1.5 0    98.6 0 -9999.9 1
 2024 235  8 22 22 29 22.483  65.96   385.3 0   108.9 0 -9999.9 1   209.0 0   341.5 0   298.01 0   297.90 0   438.3 0   297.03 0   297.26 0    22.8 0   149.6 0   276.4 0   -96.8 0   179.6 0    22.7 0    50.4 0     2.1 0    97.4 0 -9999.9 1
 2024 235  8 22 22 30 22.500  66.15   388.7 0   109.6 0 -9999.9 1   213.0 0   341.8 0   298.05 0   297.95 0   438.0 0   297.05 0   297.30 0    22.7 0   151.4 0   279.1 0   -96.2 0   182.9 0    22.7 0    50.3 0     2.0 0    94.6 0 -9999.9 1
 2024 235  8 22 22 31 22.517  66.34   389.1 0   109.6 0 -9999.9 1   216.4 0   341.9 0   298.09 0   298.01 0   438.2 0   297.08 0   297.33 0    22.6 0   151.9 0   279.5 0   -96.3 0   183.2 0    22.7 0    50.5 0     1.9 0    92.1 0 -9999.9 1
 2024 235  8 22 22 32 22.533  66.53   383.5 0   107.0 0 -9999.9 1   218.8 0   342.0 0   298.13 0   298.05 0   438.9 0   297.11 0   297.36 0    22.4 0   150.8 0   276.5 0   -96.9 0   179.6 0    22.8 0    49.9 0     1.8 0    95.4 0 -9999.9 1
 2024 235  8 22 22 33 22.550  66.72   382.5 0   106.4 0 -9999.9 1   220.3 0   342.0 0   298.18 0   298.11 0   438.8 0   297.14 0   297.38 0    22.2 0   151.3 0   276.1 0   -96.8 0   179.3 0    22.8 0    50.1 0     2.1 0    95.6 0 -9999.9 1
 2024 235  8 22 22 34 22.567  66.91   383.5 0   106.7 0 -9999.9 1   221.4 0   341.9 0   298.22 0   298.13 0   438.2 0   297.17 0   297.41 0    22.1 0   152.0 0   276.8 0   -96.3 0   180.5 0    22.8 0    49.6 0     2.2 0   104.0 0 -9999.9 1
 2024 235  8 22 22 35 22.583  67.10   383.8 0   107.0 0 -9999.9 1   221.1 0   341.8 0   298.26 0   298.15 0   438.4 0   297.19 0   297.41 0    21.9 0   152.3 0   276.8 0   -96.7 0   180.1 0    22.8 0    52.4 0     2.1 0    90.1 0 -9999.9 1
 2024 235  8 22 22 36 22.600  67.29   381.7 0   106.6 0 -9999.9 1   219.6 0   341.7 0   298.29 0   298.17 0   438.1 0   297.21 0   297.44 0    21.7 0   151.8 0   275.1 0   -96.4 0   178.7 0    22.8 0    52.4 0     2.5 0    96.4 0 -9999.9 1
 2024 235  8 22 22 37 22.617  67.49   379.4 0   106.0 0 -9999.9 1   217.5 0   341.6 0   298.32 0   298.19 0   438.0 0   297.23 0   297.46 0    21.5 0   151.3 0   273.4 0   -96.4 0   177.0 0    22.8 0    52.3 0     2.2 0    99.1 0 -9999.9 1
 2024 235  8 22 22 38 22.633  67.68   375.5 0   104.9 0 -9999.9 1   215.0 0   341.5 0   298.35 0   298.21 0   437.7 0   297.25 0   297.48 0    21.2 0   150.1 0   270.6 0   -96.1 0   174.5 0    22.8 0    49.9 0     2.8 0   103.0 0 -9999.9 1
 2024 235  8 22 22 39 22.650  67.87   370.2 0   103.5 0 -9999.9 1   211.9 0   341.4 0   298.38 0   298.27 0   436.6 0   297.27 0   297.48 0    20.9 0   148.1 0   266.7 0   -95.2 0   171.5 0    22.8 0    51.3 0     2.2 0    94.4 0 -9999.9 1
 2024 235  8 22 22 40 22.667  68.06   363.4 0   101.7 0 -9999.9 1   208.8 0   341.1 0   298.41 0   298.25 0   436.7 0   297.28 0   297.48 0    20.6 0   145.3 0   261.7 0   -95.6 0   166.1 0    22.8 0    51.4 0     2.4 0    88.5 0 -9999.9 1
 2024 235  8 22 22 41 22.683  68.25   356.6 0   100.0 0 -9999.9 1   205.4 0   341.1 0   298.43 0   298.25 0   437.0 0   297.29 0   297.50 0    20.2 0   142.5 0   256.6 0   -95.9 0   160.7 0    22.8 0    51.8 0     2.2 0   101.1 0 -9999.9 1
 2024 235  8 22 22 42 22.700  68.44   348.5 0    97.6 0 -9999.9 1   201.8 0   341.0 0   298.44 0   298.26 0   437.3 0   297.30 0   297.51 0    19.9 0   139.3 0   250.9 0   -96.2 0   154.7 0    22.8 0    49.7 0     2.4 0    97.8 0 -9999.9 1
 2024 235  8 22 22 43 22.717  68.63   335.6 0    93.6 0 -9999.9 1   198.0 0   340.9 0   298.45 0   298.27 0   435.8 0   297.31 0   297.51 0    19.5 0   134.7 0   242.0 0   -94.9 0   147.1 0    22.8 0    50.5 0     1.9 0    97.4 0 -9999.9 1
 2024 235  8 22 22 44 22.733  68.82   330.2 0    92.4 0 -9999.9 1   194.1 0   340.7 0   298.46 0   298.27 0   436.0 0   297.32 0   297.50 0    19.1 0   132.4 0   237.8 0   -95.3 0   142.5 0    22.8 0    49.2 0     2.3 0    97.0 0 -9999.9 1
 2024 235  8 22 22 45 22.750  69.01   327.8 0    92.2 0 -9999.9 1   190.6 0   340.5 0   298.46 0   298.27 0   434.9 0   297.33 0   297.52 0    18.7 0   130.7 0   235.6 0   -94.4 0   141.2 0    22.8 0    49.3 0     2.5 0    98.6 0 -9999.9 1
 2024 235  8 22 22 46 22.767  69.20   322.2 0    90.9 0 -9999.9 1   187.2 0   340.2 0   298.46 0   298.25 0   434.4 0   297.34 0   297.54 0    18.3 0   128.3 0   231.3 0   -94.2 0   137.1 0    22.8 0    48.5 0     2.5 0    96.8 0 -9999.9 1
 2024 235  8 22 22 47 22.783  69.39   316.1 0    89.3 0 -9999.9 1   183.5 0   340.0 0   298.46 0   298.24 0   433.8 0   297.34 0   297.53 0    17.9 0   125.8 0   226.8 0   -93.8 0   133.0 0    22.8 0    49.1 0     2.7 0    95.7 0 -9999.9 1
 2024 235  8 22 22 48 22.800  69.58   307.5 0    86.9 0 -9999.9 1   179.8 0   339.6 0   298.45 0   298.21 0   432.9 0   297.33 0   297.50 0    17.5 0   122.5 0   220.6 0   -93.3 0   127.3 0    22.8 0    48.3 0     2.9 0    94.7 0 -9999.9 1
 2024 235  8 22 22 49 22.817  69.78   300.8 0    85.4 0 -9999.9 1   175.8 0   339.2 0   298.44 0   298.17 0   432.2 0   297.32 0   297.50 0    17.0 0   119.8 0   215.4 0   -93.0 0   122.4 0    22.8 0    47.0 0     3.0 0    95.2 0 -9999.9 1
 2024 235  8 22 22 50 22.833  69.97   295.3 0    84.3 0 -9999.9 1   171.9 0   338.7 0   298.42 0   298.14 0   431.8 0   297.31 0   297.45 0    16.6 0   117.5 0   211.0 0   -93.1 0   117.9 0    22.7 0    50.1 0     2.5 0   100.2 0 -9999.9 1
 2024 235  8 22 22 51 22.850  70.16   289.8 0    82.9 0 -9999.9 1   168.3 0   338.1 0   298.39 0   298.10 0   431.7 0   297.29 0   297.45 0    16.1 0   115.4 0   206.9 0   -93.6 0   113.3 0    22.8 0    50.4 0     2.7 0    98.0 0 -9999.9 1
 2024 235  8 22 22 52 22.867  70.35   284.4 0    81.6 0 -9999.9 1   164.8 0   337.6 0   298.37 0   298.07 0   431.5 0   297.28 0   297.41 0    15.7 0   113.3 0   202.8 0   -93.9 0   108.9 0    22.7 0    53.6 0     2.5 0    93.7 0 -9999.9 1
 2024 235  8 22 22 53 22.883  70.54   278.6 0    80.2 0 -9999.9 1   161.2 0   337.1 0   298.34 0   298.04 0   430.9 0   297.26 0   297.40 0    15.2 0   110.9 0   198.4 0   -93.8 0   104.6 0    22.7 0    49.6 0     3.1 0    98.5 0 -9999.9 1
 2024 235  8 22 22 54 22.900  70.73   273.9 0    79.2 0 -9999.9 1   157.6 0   336.5 0   298.31 0   298.00 0   430.3 0   297.23 0   297.38 0    14.8 0   108.9 0   194.7 0   -93.8 0   100.9 0    22.7 0    48.0 0     3.3 0    99.5 0 -9999.9 1
 2024 235  8 22 22 55 22.917  70.92   267.7 0    77.6 0 -9999.9 1   153.8 0   336.1 0   298.28 0   297.96 0   429.6 0   297.21 0   297.36 0    14.4 0   106.6 0   190.1 0   -93.5 0    96.6 0    22.7 0    47.9 0     2.9 0   100.5 0 -9999.9 1
 2024 235  8 22 22 56 22.933  71.11   261.6 0    76.0 0 -9999.9 1   150.3 0   335.7 0   298.25 0   297.93 0   429.3 0   297.19 0   297.33 0    14.0 0   104.2 0   185.6 0   -93.5 0    92.1 0    22.7 0    48.5 0     3.1 0    97.4 0 -9999.9 1
 2024 235  8 22 22 57 22.950  71.30   256.9 0    75.0 0 -9999.9 1   146.9 0   335.3 0   298.22 0   297.89 0   428.9 0   297.16 0   297.29 0    13.6 0   102.3 0   181.9 0   -93.6 0    88.3 0    22.7 0    49.3 0     3.0 0    94.4 0 -9999.9 1
 2024 235  8 22 22 58 22.967  71.50   252.3 0    73.9 0 -9999.9 1   143.6 0   335.0 0   298.18 0   297.83 0   428.8 0   297.14 0   297.28 0    13.3 0   100.4 0   178.4 0   -93.8 0    84.6 0    22.7 0    48.2 0     2.9 0    93.2 0 -9999.9 1
 2024 235  8 22 22 59 22.983  71.69   247.3 0    72.6 0 -9999.9 1   140.4 0   334.9 0   298.14 0   297.80 0   428.5 0   297.12 0   297.25 0    13.0 0    98.4 0   174.7 0   -93.6 0    81.1 0    22.7 0    50.1 0     2.6 0    94.7 0 -9999.9 1
 2024 235  8 22 23  0 23.000  71.88   240.0 0    70.4 0 -9999.9 1   137.7 0   334.9 0   298.09 0   297.75 0   428.2 0   297.09 0   297.22 0    12.6 0    95.8 0   169.6 0   -93.3 0    76.3 0    22.7 0    48.8 0     3.1 0    99.1 0 -9999.9 1
 2024 235  8 22 23  1 23.017  72.07   237.1 0    69.9 0 -9999.9 1   135.8 0   334.7 0   298.05 0   297.71 0   427.9 0   297.07 0   297.18 0    12.4 0    94.4 0   167.2 0   -93.3 0    73.9 0    22.6 0    48.8 0     3.1 0   102.2 0 -9999.9 1
 2024 235  8 22 23  2 23.033  72.26   234.3 0    69.2 0 -9999.9 1   134.0 0   334.8 0   298.01 0   297.68 0   427.3 0   297.04 0   297.16 0    12.1 0    93.2 0   165.1 0   -92.5 0    72.6 0    22.6 0    49.6 0     2.8 0    97.0 0 -9999.9 1
 2024 235  8 22 23  3 23.050  72.45   230.9 0    68.4 0 -9999.9 1   132.2 0   334.6 0   297.98 0   297.65 0   427.4 0   297.01 0   297.11 0    11.8 0    91.9 0   162.5 0   -92.9 0    69.6 0    22.6 0    51.6 0     2.3 0    88.3 0 -9999.9 1
 2024 235  8 22 23  4 23.067  72.64   227.5 0    67.5 0 -9999.9 1   130.5 0   334.1 0   297.94 0   297.62 0   427.6 0   296.99 0   297.09 0    11.6 0    90.6 0   160.0 0   -93.5 0    66.5 0    22.6 0    51.2 0     2.5 0    86.1 0 -9999.9 1
 2024 235  8 22 23  5 23.083  72.83   224.2 0    66.7 0 -9999.9 1   128.9 0   334.1 0   297.90 0   297.59 0   427.4 0   296.96 0   297.06 0    11.3 0    89.4 0   157.5 0   -93.3 0    64.2 0    22.5 0    50.1 0     2.5 0    91.5 0 -9999.9 1
 2024 235  8 22 23  6 23.100  73.02   221.3 0    66.0 0 -9999.9 1   127.3 0   333.8 0   297.86 0   297.56 0   427.4 0   296.93 0   297.05 0    11.1 0    88.2 0   155.3 0   -93.6 0    61.7 0    22.5 0    49.6 0     2.4 0    92.7 0 -9999.9 1
 2024 235  8 22 23  7 23.117  73.21   218.4 0    65.2 0 -9999.9 1   125.8 0   333.8 0   297.83 0   297.53 0   427.3 0   296.91 0   297.04 0    10.8 0    87.1 0   153.2 0   -93.6 0    59.6 0    22.5 0    49.5 0     2.5 0    89.3 0 -9999.9 1
 2024 235  8 22 23  8 23.133  73.41   216.0 0    64.7 0 -9999.9 1   124.4 0   333.8 0   297.79 0   297.48 0   427.3 0   296.90 0   297.02 0    10.6 0    86.0 0   151.3 0   -93.6 0    57.7 0    22.6 0    50.9 0     2.2 0    92.4 0 -9999.9 1
 2024 235  8 22 23  9 23.150  73.60   212.6 0    63.7 0 -9999.9 1   122.9 0   333.7 0   297.75 0   297.45 0   427.5 0   296.88 0   297.01 0    10.4 0    84.7 0   148.9 0   -93.8 0    55.1 0    22.6 0    48.6 0     2.3 0    98.2 0 -9999.9 1
 2024 235  8 22 23 10 23.167  73.79   208.6 0    62.6 0 -9999.9 1   121.3 0   333.5 0   297.72 0   297.44 0   427.2 0   296.86 0   296.99 0    10.1 0    83.1 0   146.0 0   -93.6 0    52.4 0    22.6 0    51.2 0     1.9 0    91.8 0 -9999.9 1
 2024 235  8 22 23 11 23.183  73.98   204.4 0    61.5 0 -9999.9 1   119.7 0   333.2 0   297.69 0   297.40 0   427.5 0   296.85 0   296.96 0     9.9 0    81.4 0   142.9 0   -94.3 0    48.6 0    22.6 0    54.0 0     1.8 0    80.2 0 -9999.9 1
 2024 235  8 22 23 12 23.200  74.17   200.2 0    60.4 0 -9999.9 1   118.2 0   332.9 0   297.66 0   297.38 0   427.2 0   296.84 0   296.93 0     9.7 0    79.6 0   139.8 0   -94.3 0    45.5 0    22.5 0    54.2 0     2.0 0    87.0 0 -9999.9 1
 2024 235  8 22 23 13 23.217  74.36   195.1 0    58.8 0 -9999.9 1   116.4 0   332.6 0   297.63 0   297.35 0   426.4 0   296.82 0   296.90 0     9.4 0    77.7 0   136.3 0   -93.8 0    42.5 0    22.5 0    55.5 0     1.7 0    94.6 0 -9999.9 1
 2024 235  8 22 23 14 23.233  74.55   191.8 0    57.9 0 -9999.9 1   114.8 0   332.6 0   297.60 0   297.31 0   426.5 0   296.80 0   296.89 0     9.2 0    76.2 0   133.9 0   -94.0 0    39.9 0    22.4 0    54.4 0     1.6 0    93.1 0 -9999.9 1
 2024 235  8 22 23 15 23.250  74.74   187.3 0    56.5 0 -9999.9 1   113.1 0   332.5 0   297.56 0   297.29 0   426.1 0   296.78 0   296.87 0     9.0 0    74.6 0   130.8 0   -93.7 0    37.1 0    22.4 0    52.5 0     2.0 0    95.2 0 -9999.9 1
 2024 235  8 22 23 16 23.267  74.93   183.9 0    55.5 0 -9999.9 1   111.2 0   332.4 0   297.53 0   297.25 0   425.8 0   296.76 0   296.85 0     8.8 0    73.1 0   128.4 0   -93.3 0    35.1 0    22.4 0    53.3 0     1.7 0    96.2 0 -9999.9 1
 2024 235  8 22 23 17 23.283  75.12   180.8 0    54.8 0 -9999.9 1   109.2 0   332.4 0   297.49 0   297.21 0   425.8 0   296.74 0   296.85 0     8.6 0    71.6 0   126.0 0   -93.3 0    32.7 0    22.4 0    53.0 0     1.6 0    93.8 0 -9999.9 1
 2024 235  8 22 23 18 23.300  75.31   177.2 0    53.9 0 -9999.9 1   107.1 0   332.1 0   297.46 0   297.17 0   425.7 0   296.73 0   296.83 0     8.4 0    70.0 0   123.3 0   -93.6 0    29.7 0    22.4 0    51.2 0     1.9 0    93.6 0 -9999.9 1
 2024 235  8 22 23 19 23.317  75.50   172.9 0    52.7 0 -9999.9 1   104.8 0   332.1 0   297.42 0   297.14 0   425.5 0   296.71 0   296.82 0     8.2 0    68.2 0   120.2 0   -93.4 0    26.8 0    22.4 0    51.7 0     1.8 0    91.1 0 -9999.9 1
 2024 235  8 22 23 20 23.333  75.69   166.2 0    50.6 0 -9999.9 1   102.3 0   332.2 0   297.38 0   297.09 0   425.1 0   296.70 0   296.79 0     8.0 0    65.7 0   115.6 0   -92.8 0    22.8 0    22.4 0    52.2 0     1.7 0    95.0 0 -9999.9 1
 2024 235  8 22 23 21 23.350  75.88   156.1 0    47.2 0 -9999.9 1    99.0 0   332.2 0   297.34 0   297.05 0   424.6 0   296.68 0   296.76 0     7.8 0    62.4 0   108.9 0   -92.4 0    16.5 0    22.4 0    52.9 0     1.7 0    95.2 0 -9999.9 1
 2024 235  8 22 23 22 23.367  76.07   151.7 0    46.5 0 -9999.9 1    94.4 0   332.1 0   297.30 0   296.99 0   424.2 0   296.65 0   296.73 0     7.6 0    59.8 0   105.2 0   -92.1 0    13.1 0    22.4 0    53.8 0     1.5 0    94.0 0 -9999.9 1
 2024 235  8 22 23 23 23.383  76.26   147.4 0    45.9 0 -9999.9 1    89.2 0   331.8 0   297.26 0   296.95 0   423.9 0   296.63 0   296.71 0     7.3 0    57.0 0   101.5 0   -92.1 0     9.4 0    22.3 0    53.3 0     1.6 0    91.1 0 -9999.9 1
 2024 235  8 22 23 24 23.400  76.46   143.5 0    45.3 0 -9999.9 1    85.2 0   331.9 0   297.21 0   296.90 0   423.8 0   296.61 0   296.68 0     7.1 0    54.8 0    98.2 0   -92.0 0     6.2 0    22.3 0    53.3 0     1.5 0    91.0 0 -9999.9 1
 2024 235  8 22 23 25 23.417  76.65   138.7 0    43.9 0 -9999.9 1    82.7 0   331.9 0   297.16 0   296.85 0   423.5 0   296.59 0   296.65 0     6.9 0    52.9 0    94.8 0   -91.6 0     3.2 0    22.3 0    54.9 0     1.3 0    89.5 0 -9999.9 1
 2024 235  8 22 23 26 23.433  76.84   128.9 0    39.9 0 -9999.9 1    81.6 0   331.7 0   297.11 0   296.80 0   423.1 0   296.56 0   296.63 0     6.7 0    50.6 0    89.0 0   -91.4 0    -2.4 0    22.3 0    54.2 0     1.4 0    89.1 0 -9999.9 1
 2024 235  8 22 23 27 23.450  77.03   133.9 0    42.1 0 -9999.9 1    82.8 0   331.6 0   297.06 0   296.74 0   422.9 0   296.54 0   296.61 0     6.6 0    51.8 0    91.8 0   -91.3 0     0.5 0    22.3 0    54.0 0     1.4 0    92.6 0 -9999.9 1
 2024 235  8 22 23 28 23.467  77.22   138.8 0    43.5 0 -9999.9 1    86.7 0   331.4 0   297.00 0   296.69 0   422.8 0   296.52 0   296.59 0     6.5 0    53.6 0    95.3 0   -91.4 0     3.9 0    22.2 0    54.5 0     1.3 0    93.8 0 -9999.9 1
 2024 235  8 22 23 29 23.483  77.41   137.2 0    42.2 0 -9999.9 1    89.8 0   331.4 0   296.95 0   296.64 0   422.9 0   296.50 0   296.58 0     6.3 0    54.0 0    95.0 0   -91.4 0     3.6 0    22.2 0    54.5 0     1.2 0    93.6 0 -9999.9 1
 2024 235  8 22 23 30 23.500  77.60   133.7 0    40.6 0 -9999.9 1    90.8 0   331.3 0   296.89 0   296.60 0   422.8 0   296.48 0   296.56 0     6.2 0    53.4 0    93.1 0   -91.4 0     1.7 0    22.2 0    54.3 0     1.2 0    94.7 0 -9999.9 1
 2024 235  8 22 23 31 23.517  77.79   136.6 0    42.2 0 -9999.9 1    90.2 0   331.4 0   296.84 0   296.55 0   422.8 0   296.46 0   296.54 0     6.1 0    53.4 0    94.4 0   -91.4 0     3.0 0    22.2 0    54.4 0     1.3 0    95.9 0 -9999.9 1
 2024 235  8 22 23 32 23.533  77.98   131.3 0    40.4 0 -9999.9 1    88.0 0   331.4 0   296.79 0   296.50 0   422.7 0   296.44 0   296.52 0     5.9 0    51.5 0    90.9 0   -91.3 0    -0.4 0    22.2 0    54.1 0     1.4 0    92.8 0 -9999.9 1
 2024 235  8 22 23 33 23.550  78.17   127.3 0    39.3 0 -9999.9 1    85.5 0   331.3 0   296.74 0   296.44 0   422.2 0   296.42 0   296.49 0     5.8 0    49.7 0    88.0 0   -90.9 0    -2.9 0    22.2 0    56.3 0     1.3 0    87.7 0 -9999.9 1
 2024 235  8 22 23 34 23.567  78.35   123.1 0    38.0 0 -9999.9 1    83.8 0   331.3 0   296.68 0   296.39 0   421.8 0   296.40 0   296.47 0     5.6 0    48.2 0    85.1 0   -90.5 0    -5.4 0    22.2 0    56.0 0     1.4 0    83.2 0 -9999.9 1
 2024 235  8 22 23 35 23.583  78.54   119.7 0    36.9 0 -9999.9 1    82.6 0   331.3 0   296.63 0   296.34 0   421.3 0   296.37 0   296.44 0     5.5 0    47.0 0    82.8 0   -90.0 0    -7.2 0    22.2 0    55.3 0     1.4 0    81.4 0 -9999.9 1
 2024 235  8 22 23 36 23.600  78.73   116.9 0    35.9 0 -9999.9 1    81.7 0   331.5 0   296.58 0   296.30 0   420.8 0   296.35 0   296.40 0     5.3 0    46.0 0    81.0 0   -89.2 0    -8.2 0    22.1 0    54.0 0     1.7 0    81.2 0 -9999.9 1
 2024 235  8 22 23 37 23.617  78.92   113.0 0    34.7 0 -9999.9 1    80.4 0   331.5 0   296.53 0   296.26 0   420.1 0   296.32 0   296.36 0     5.2 0    44.6 0    78.3 0   -88.6 0   -10.3 0    22.1 0    54.5 0     1.5 0    70.7 0 -9999.9 1
 2024 235  8 22 23 38 23.633  79.11   109.0 0    33.4 0 -9999.9 1    78.4 0   331.5 0   296.48 0   296.21 0   419.3 0   296.29 0   296.32 0     5.0 0    43.1 0    75.6 0   -87.8 0   -12.2 0    22.1 0    53.9 0     1.3 0    69.8 0 -9999.9 1
 2024 235  8 22 23 39 23.650  79.30   103.8 0    31.5 0 -9999.9 1    76.2 0   331.7 0   296.43 0   296.17 0   418.7 0   296.26 0   296.28 0     4.9 0    41.4 0    72.3 0   -87.0 0   -14.7 0    22.1 0    53.1 0     1.3 0    68.0 0 -9999.9 1
 2024 235  8 22 23 40 23.667  79.49   100.3 0    30.4 0 -9999.9 1    74.3 0   331.8 0   296.39 0   296.13 0   418.3 0   296.23 0   296.27 0     4.7 0    40.1 0    69.9 0   -86.5 0   -16.6 0    22.1 0    52.4 0     1.5 0    68.9 0 -9999.9 1
 2024 235  8 22 23 41 23.683  79.68    96.6 0    29.1 0 -9999.9 1    72.5 0   331.9 0   296.35 0   296.11 0   417.7 0   296.21 0   296.23 0     4.6 0    38.8 0    67.5 0   -85.9 0   -18.4 0    22.1 0    53.4 0     1.3 0    67.6 0 -9999.9 1
 2024 235  8 22 23 42 23.700  79.87    92.0 0    27.4 0 -9999.9 1    70.5 0   332.1 0   296.31 0   296.09 0   417.0 0   296.18 0   296.21 0     4.5 0    37.4 0    64.6 0   -84.9 0   -20.3 0    22.2 0    55.0 0     1.2 0    59.1 0 -9999.9 1
 2024 235  8 22 23 43 23.717  80.06    85.8 0    25.0 0 -9999.9 1    68.2 0   331.8 0   296.28 0   296.06 0   416.5 0   296.15 0   296.17 0     4.3 0    35.6 0    60.8 0   -84.7 0   -23.9 0    22.1 0    55.1 0     1.5 0    54.6 0 -9999.9 1
 2024 235  8 22 23 44 23.733  80.25    80.6 0    23.1 0 -9999.9 1    65.9 0   331.6 0   296.25 0   296.02 0   416.0 0   296.12 0   296.12 0     4.2 0    33.9 0    57.5 0   -84.4 0   -26.9 0    22.1 0    54.8 0     1.7 0    58.9 0 -9999.9 1
 2024 235  8 22 23 45 23.750  80.43    75.6 0    21.1 0 -9999.9 1    63.9 0   331.4 0   296.22 0   295.97 0   415.6 0   296.08 0   296.08 0     4.1 0    32.4 0    54.5 0   -84.1 0   -29.6 0    22.0 0    53.7 0     1.6 0    63.8 0 -9999.9 1
 2024 235  8 22 23 46 23.767  80.62    71.6 0    19.6 0 -9999.9 1    61.7 0   331.5 0   296.17 0   295.91 0   415.1 0   296.04 0   296.03 0     3.9 0    30.9 0    52.0 0   -83.7 0   -31.7 0    22.0 0    53.6 0     1.5 0    67.4 0 -9999.9 1
 2024 235  8 22 23 47 23.783  80.81    66.4 0    17.7 0 -9999.9 1    59.1 0   330.9 0   296.12 0   295.83 0   414.7 0   295.99 0   295.97 0     3.8 0    29.2 0    48.7 0   -83.8 0   -35.1 0    22.0 0    52.8 0     1.7 0    81.7 0 -9999.9 1
 2024 235  8 22 23 48 23.800  81.00    60.6 0    15.4 0 -9999.9 1    56.3 0   331.2 0   296.05 0   295.74 0   413.8 0   295.95 0   295.92 0     3.7 0    27.4 0    45.2 0   -82.6 0   -37.4 0    22.0 0    53.0 0     1.4 0    76.9 0 -9999.9 1
 2024 235  8 22 23 49 23.817  81.19    55.5 0    13.5 0 -9999.9 1    53.5 0   331.4 0   295.98 0   295.67 0   413.1 0   295.90 0   295.87 0     3.6 0    25.7 0    42.0 0   -81.7 0   -39.7 0    22.0 0    51.7 0     1.6 0    72.9 0 -9999.9 1
 2024 235  8 22 23 50 23.833  81.37    51.8 0    12.2 0 -9999.9 1    50.7 0   331.3 0   295.91 0   295.59 0   412.2 0   295.86 0   295.82 0     3.5 0    24.2 0    39.6 0   -80.9 0   -41.3 0    22.0 0    52.4 0     1.5 0    66.2 0 -9999.9 1
 2024 235  8 22 23 51 23.850  81.56    50.4 0    12.2 0 -9999.9 1    47.9 0   331.2 0   295.83 0   295.51 0   411.4 0   295.81 0   295.77 0     3.4 0    23.0 0    38.2 0   -80.2 0   -42.0 0    22.0 0    53.1 0     1.5 0    68.6 0 -9999.9 1
 2024 235  8 22 23 52 23.867  81.75    47.3 0    11.3 0 -9999.9 1    44.8 0   331.2 0   295.76 0   295.43 0   410.8 0   295.77 0   295.72 0     3.3 0    21.5 0    36.0 0   -79.6 0   -43.6 0    21.9 0    52.9 0     1.4 0    69.2 0 -9999.9 1
 2024 235  8 22 23 53 23.883  81.94    42.3 0     9.6 0 -9999.9 1    41.4 0   331.2 0   295.68 0   295.36 0   410.1 0   295.72 0   295.68 0     3.1 0    19.6 0    32.7 0   -78.9 0   -46.2 0    21.9 0    52.8 0     1.4 0    69.0 0 -9999.9 1
 2024 235  8 22 23 54 23.900  82.12    38.5 0     8.4 0 -9999.9 1    38.2 0   331.0 0   295.60 0   295.27 0   409.3 0   295.67 0   295.62 0     3.0 0    18.0 0    30.1 0   -78.3 0   -48.2 0    21.9 0    52.7 0     1.4 0    65.9 0 -9999.9 1
 2024 235  8 22 23 55 23.917  82.31    36.2 0     7.9 0 -9999.9 1    36.0 0   331.0 0   295.52 0   295.19 0   408.9 0   295.62 0   295.58 0     2.9 0    16.9 0    28.3 0   -77.9 0   -49.6 0    21.9 0    52.1 0     1.5 0    67.7 0 -9999.9 1
 2024 235  8 22 23 56 23.933  82.50    35.1 0     7.7 0 -9999.9 1    34.8 0   330.8 0   295.43 0   295.10 0   408.2 0   295.58 0   295.53 0     2.8 0    16.3 0    27.4 0   -77.3 0   -49.9 0    21.9 0    52.7 0     1.4 0    67.2 0 -9999.9 1
 2024 235  8 22 23 57 23.950  82.68    34.9 0     8.0 0 -9999.9 1    33.8 0   330.6 0   295.35 0   294.98 0   407.7 0   295.53 0   295.49 0     2.7 0    15.8 0    26.9 0   -77.1 0   -50.2 0    21.9 0    52.1 0     1.5 0    68.4 0 -9999.9 1
 2024 235  8 22 23 58 23.967  82.87    34.8 0     8.3 0 -9999.9 1    32.5 0   331.1 0   295.25 0   294.91 0   407.2 0   295.49 0   295.44 0     2.6 0    15.2 0    26.5 0   -76.1 0   -49.6 0    21.9 0    51.8 0     1.6 0    70.6 0 -9999.9 1
 2024 235  8 22 23 59 23.983  83.06    33.5 0     8.1 0 -9999.9 1    30.8 0   330.5 0   295.16 0   294.82 0   406.5 0   295.44 0   295.40 0     2.6 0    14.4 0    25.4 0   -75.9 0   -50.5 0    21.9 0    52.2 0     1.5 0    71.1 0 -9999.9 1
