 Bondville
   40.05  -88.37  213 m version 1
 2024 158  6  6 19 20 19.333  25.26   983.0 0 -9999.9 1   929.3 0   108.0 0   341.3 0   303.77 0   302.97 0 -9999.9 1 -9999.90 1 -9999.90 1   199.4 0   414.8 0 -9999.9 1 -9999.9 1 -9999.9 1 -9999.9 1 -9999.9 1 -9999.9 1 -9999.9 1   981.0 0
 2024 158  6  6 19 21 19.350  25.41   973.8 0 -9999.9 1   924.8 0   105.8 0   341.0 0   303.72 0   302.97 0 -9999.9 1 -9999.90 1 -9999.90 1   197.8 0   412.7 0 -9999.9 1 -9999.9 1 -9999.9 1 -9999.9 1 -9999.9 1 -9999.9 1 -9999.9 1   981.0 0
 2024 158  6  6 19 22 19.367  25.56   971.9 0 -9999.9 1   927.5 0   105.1 0   341.9 0   303.70 0   302.87 0 -9999.9 1 -9999.90 1 -9999.90 1   197.3 0   412.6 0 -9999.9 1 -9999.9 1 -9999.9 1 -9999.9 1 -9999.9 1 -9999.9 1 -9999.9 1   981.0 0
 2024 158  6  6 19 23 19.383  25.72   970.3 0 -9999.9 1   929.1 0   104.7 0   343.1 0   303.69 0   302.98 0 -9999.9 1 -9999.90 1 -9999.90 1   196.9 0   412.4 0 -9999.9 1 -9999.9 1 -9999.9 1 -9999.9 1 -9999.9 1 -9999.9 1 -9999.9 1   981.0 0
 2024 158  6  6 19 24 19.400  25.88   966.9 0 -9999.9 1   927.3 0   104.9 0   343.4 0   303.70 0   303.00 0 -9999.9 1 -9999.90 1 -9999.90 1   195.8 0   411.3 0 -9999.9 1 -9999.9 1 -9999.9 1 -9999.9 1 -9999.9 1 -9999.9 1 -9999.9 1   981.0 0
 2024 158  6  6 19 25 19.417  26.03   963.2 0 -9999.9 1   923.9 0   105.4 0   342.7 0   303.70 0   302.96 0 -9999.9 1 -9999.90 1 -9999.90 1   194.5 0   410.0 0 -9999.9 1 -9999.9 1 -9999.9 1 -9999.9 1 -9999.9 1 -9999.9 1 -9999.9 1   980.9 0
 2024 158  6  6 19 26 19.433  26.19   963.2 0 -9999.9 1   924.2 0   106.6 0   342.9 0   303.70 0   302.96 0 -9999.9 1 -9999.90 1 -9999.90 1   194.0 0   410.2 0 -9999.9 1 -9999.9 1 -9999.9 1 -9999.9 1 -9999.9 1 -9999.9 1 -9999.9 1   980.9 0
 2024 158  6  6 19 27 19.450  26.35   961.4 0 -9999.9 1   921.3 0   108.5 0   342.5 0   303.69 0   302.86 0 -9999.9 1 -9999.90 1 -9999.90 1   193.4 0   409.9 0 -9999.9 1 -9999.9 1 -9999.9 1 -9999.9 1 -9999.9 1 -9999.9 1 -9999.9 1   980.9 0
 2024 158  6  6 19 28 19.467  26.51   958.0 0 -9999.9 1   917.1 0   110.3 0   343.6 0   303.68 0   302.93 0 -9999.9 1 -9999.90 1 -9999.90 1   191.7 0   408.4 0 -9999.9 1 -9999.9 1 -9999.9 1 -9999.9 1 -9999.9 1 -9999.9 1 -9999.9 1   980.9 0
 2024 158  6  6 19 29 19.483  26.67   960.0 0 -9999.9 1   917.6 0   113.4 0   343.5 0   303.70 0   303.07 0 -9999.9 1 -9999.90 1 -9999.90 1   191.4 0   409.6 0 -9999.9 1 -9999.9 1 -9999.9 1 -9999.9 1 -9999.9 1 -9999.9 1 -9999.9 1   980.9 0
 2024 158  6  6 19 30 19.500  26.83   957.3 0 -9999.9 1   916.6 0   113.6 0   343.5 0   303.72 0   303.00 0 -9999.9 1 -9999.90 1 -9999.90 1   190.4 0   408.2 0 -9999.9 1 -9999.9 1 -9999.9 1 -9999.9 1 -9999.9 1 -9999.9 1 -9999.9 1   980.9 0
 2024 158  6  6 19 31 19.517  26.99   953.7 0 -9999.9 1   918.1 0   111.0 0   342.9 0   303.72 0   302.97 0 -9999.9 1 -9999.90 1 -9999.90 1   189.8 0   406.6 0 -9999.9 1 -9999.9 1 -9999.9 1 -9999.9 1 -9999.9 1 -9999.9 1 -9999.9 1   980.9 0
 2024 158  6  6 19 32 19.533  27.15   949.2 0 -9999.9 1   919.4 0   106.1 0   342.8 0   303.71 0   302.89 0 -9999.9 1 -9999.90 1 -9999.90 1   188.9 0   404.7 0 -9999.9 1 -9999.9 1 -9999.9 1 -9999.9 1 -9999.9 1 -9999.9 1 -9999.9 1   980.9 0
 2024 158  6  6 19 33 19.550  27.31   949.8 0 -9999.9 1   923.9 0   104.3 0   342.9 0   303.70 0   302.98 0 -9999.9 1 -9999.90 1 -9999.90 1   188.7 0   404.7 0 -9999.9 1 -9999.9 1 -9999.9 1 -9999.9 1 -9999.9 1 -9999.9 1 -9999.9 1   980.9 0
 2024 158  6  6 19 34 19.567  27.48   946.9 0 -9999.9 1   923.3 0   104.0 0   343.3 0   303.72 0   303.07 0 -9999.9 1 -9999.90 1 -9999.90 1   187.7 0   403.9 0 -9999.9 1 -9999.9 1 -9999.9 1 -9999.9 1 -9999.9 1 -9999.9 1 -9999.9 1   980.9 0
 2024 158  6  6 19 35 19.583  27.64   946.1 0 -9999.9 1   924.3 0   103.8 0   343.1 0   303.74 0   303.16 0 -9999.9 1 -9999.90 1 -9999.90 1   187.1 0   403.4 0 -9999.9 1 -9999.9 1 -9999.9 1 -9999.9 1 -9999.9 1 -9999.9 1 -9999.9 1   980.9 0
 2024 158  6  6 19 36 19.600  27.80   942.7 0 -9999.9 1   922.2 0   104.1 0   342.3 0   303.76 0   303.13 0 -9999.9 1 -9999.90 1 -9999.90 1   186.0 0   402.1 0 -9999.9 1 -9999.9 1 -9999.9 1 -9999.9 1 -9999.9 1 -9999.9 1 -9999.9 1   981.0 0
 2024 158  6  6 19 37 19.617  27.97   941.9 0 -9999.9 1   922.6 0   104.1 0   341.3 0   303.78 0   303.11 0 -9999.9 1 -9999.90 1 -9999.90 1   185.4 0   401.7 0 -9999.9 1 -9999.9 1 -9999.9 1 -9999.9 1 -9999.9 1 -9999.9 1 -9999.9 1   981.0 0
 2024 158  6  6 19 38 19.633  28.13   940.7 0 -9999.9 1   921.4 0   104.4 0   341.6 0   303.78 0   302.97 0 -9999.9 1 -9999.90 1 -9999.90 1   184.7 0   401.1 0 -9999.9 1 -9999.9 1 -9999.9 1 -9999.9 1 -9999.9 1 -9999.9 1 -9999.9 1   980.9 0
 2024 158  6  6 19 39 19.650  28.30   936.8 0 -9999.9 1   916.3 0   106.2 0   342.6 0   303.77 0   302.97 0 -9999.9 1 -9999.90 1 -9999.90 1   183.4 0   400.2 0 -9999.9 1 -9999.9 1 -9999.9 1 -9999.9 1 -9999.9 1 -9999.9 1 -9999.9 1   981.0 0
 2024 158  6  6 19 40 19.667  28.46   933.9 0 -9999.9 1   912.9 0   108.6 0   341.8 0   303.77 0   302.99 0 -9999.9 1 -9999.90 1 -9999.90 1   182.4 0   399.7 0 -9999.9 1 -9999.9 1 -9999.9 1 -9999.9 1 -9999.9 1 -9999.9 1 -9999.9 1   981.0 0
 2024 158  6  6 19 41 19.683  28.63   925.9 0 -9999.9 1   909.1 0   106.6 0   341.9 0   303.75 0   302.86 0 -9999.9 1 -9999.90 1 -9999.90 1   180.5 0   396.1 0 -9999.9 1 -9999.9 1 -9999.9 1 -9999.9 1 -9999.9 1 -9999.9 1 -9999.9 1   981.0 0
 2024 158  6  6 19 42 19.700  28.80   926.6 0 -9999.9 1   909.7 0   106.6 0   343.1 0   303.73 0   302.91 0 -9999.9 1 -9999.90 1 -9999.90 1   180.2 0   396.5 0 -9999.9 1 -9999.9 1 -9999.9 1 -9999.9 1 -9999.9 1 -9999.9 1 -9999.9 1   981.0 0
 2024 158  6  6 19 43 19.717  28.97   926.7 0 -9999.9 1   910.8 0   106.6 0   341.9 0   303.72 0   302.84 0 -9999.9 1 -9999.90 1 -9999.90 1   179.9 0   396.3 0 -9999.9 1 -9999.9 1 -9999.9 1 -9999.9 1 -9999.9 1 -9999.9 1 -9999.9 1   981.0 0
 2024 158  6  6 19 44 19.733  29.14   924.8 0 -9999.9 1   911.0 0   106.5 0   342.5 0   303.70 0   302.87 0 -9999.9 1 -9999.90 1 -9999.90 1   179.1 0   395.6 0 -9999.9 1 -9999.9 1 -9999.9 1 -9999.9 1 -9999.9 1 -9999.9 1 -9999.9 1   981.0 0
 2024 158  6  6 19 45 19.750  29.30   926.1 0 -9999.9 1   915.0 0   106.2 0   342.2 0   303.70 0   302.97 0 -9999.9 1 -9999.90 1 -9999.90 1   178.8 0   395.9 0 -9999.9 1 -9999.9 1 -9999.9 1 -9999.9 1 -9999.9 1 -9999.9 1 -9999.9 1   981.0 0
 2024 158  6  6 19 46 19.767  29.47   928.0 0 -9999.9 1   919.6 0   105.6 0   340.8 0   303.71 0   302.94 0 -9999.9 1 -9999.90 1 -9999.90 1   178.4 0   395.9 0 -9999.9 1 -9999.9 1 -9999.9 1 -9999.9 1 -9999.9 1 -9999.9 1 -9999.9 1   981.1 0
 2024 158  6  6 19 47 19.783  29.64   923.6 0 -9999.9 1   916.0 0   105.6 0   340.7 0   303.70 0   302.93 0 -9999.9 1 -9999.90 1 -9999.90 1   177.2 0   394.4 0 -9999.9 1 -9999.9 1 -9999.9 1 -9999.9 1 -9999.9 1 -9999.9 1 -9999.9 1   981.0 0
 2024 158  6  6 19 48 19.800  29.82   923.2 0 -9999.9 1   918.7 0   105.1 0   341.8 0   303.70 0   302.96 0 -9999.9 1 -9999.90 1 -9999.90 1   176.7 0   394.2 0 -9999.9 1 -9999.9 1 -9999.9 1 -9999.9 1 -9999.9 1 -9999.9 1 -9999.9 1   981.0 0
 2024 158  6  6 19 49 19.817  29.99   918.9 0 -9999.9 1   916.2 0   104.9 0   340.7 0   303.71 0   302.95 0 -9999.9 1 -9999.90 1 -9999.90 1   175.5 0   392.5 0 -9999.9 1 -9999.9 1 -9999.9 1 -9999.9 1 -9999.9 1 -9999.9 1 -9999.9 1   981.0 0
 2024 158  6  6 19 50 19.833  30.16   917.7 0 -9999.9 1   915.3 0   105.0 0   340.7 0   303.70 0   302.88 0 -9999.9 1 -9999.90 1 -9999.90 1   174.7 0   391.8 0 -9999.9 1 -9999.9 1 -9999.9 1 -9999.9 1 -9999.9 1 -9999.9 1 -9999.9 1   981.0 0
 2024 158  6  6 19 51 19.850  30.33   921.9 0 -9999.9 1   922.1 0   104.6 0   340.5 0   303.69 0   302.86 0 -9999.9 1 -9999.90 1 -9999.90 1   174.5 0   392.6 0 -9999.9 1 -9999.9 1 -9999.9 1 -9999.9 1 -9999.9 1 -9999.9 1 -9999.9 1   981.0 0
 2024 158  6  6 19 52 19.867  30.50   916.0 0 -9999.9 1   917.3 0   105.1 0   341.2 0   303.69 0   302.95 0 -9999.9 1 -9999.90 1 -9999.90 1   173.3 0   390.8 0 -9999.9 1 -9999.9 1 -9999.9 1 -9999.9 1 -9999.9 1 -9999.9 1 -9999.9 1   980.9 0
 2024 158  6  6 19 53 19.883  30.67   908.2 0 -9999.9 1   908.8 0   106.2 0   341.2 0   303.70 0   302.92 0 -9999.9 1 -9999.90 1 -9999.90 1   171.7 0   388.5 0 -9999.9 1 -9999.9 1 -9999.9 1 -9999.9 1 -9999.9 1 -9999.9 1 -9999.9 1   980.9 0
 2024 158  6  6 19 54 19.900  30.85   909.8 0 -9999.9 1   912.4 0   106.6 0   341.2 0   303.70 0   302.89 0 -9999.9 1 -9999.90 1 -9999.90 1   171.5 0   389.0 0 -9999.9 1 -9999.9 1 -9999.9 1 -9999.9 1 -9999.9 1 -9999.9 1 -9999.9 1   980.8 0
 2024 158  6  6 19 55 19.917  31.02   905.4 0 -9999.9 1   906.4 0   108.1 0   341.1 0   303.68 0   302.78 0 -9999.9 1 -9999.90 1 -9999.90 1   170.0 0   387.3 0 -9999.9 1 -9999.9 1 -9999.9 1 -9999.9 1 -9999.9 1 -9999.9 1 -9999.9 1   980.9 0
 2024 158  6  6 19 56 19.933  31.20   901.1 0 -9999.9 1   899.5 0   111.0 0   341.1 0   303.66 0   302.77 0 -9999.9 1 -9999.90 1 -9999.90 1   168.6 0   386.1 0 -9999.9 1 -9999.9 1 -9999.9 1 -9999.9 1 -9999.9 1 -9999.9 1 -9999.9 1   980.9 0
 2024 158  6  6 19 57 19.950  31.37   837.7 0 -9999.9 1   810.7 0   120.2 0   341.6 0   303.65 0   302.84 0 -9999.9 1 -9999.90 1 -9999.90 1   160.4 0   359.6 0 -9999.9 1 -9999.9 1 -9999.9 1 -9999.9 1 -9999.9 1 -9999.9 1 -9999.9 1   980.9 0
 2024 158  6  6 19 58 19.967  31.54   897.6 0 -9999.9 1   865.8 0   117.4 0   341.4 0   303.64 0   302.78 0 -9999.9 1 -9999.90 1 -9999.90 1   167.6 0   387.3 0 -9999.9 1 -9999.9 1 -9999.9 1 -9999.9 1 -9999.9 1 -9999.9 1 -9999.9 1   980.9 0
 2024 158  6  6 19 59 19.983  31.72   896.8 0 -9999.9 1   904.1 0   108.8 0   341.6 0   303.61 0   302.69 0 -9999.9 1 -9999.90 1 -9999.90 1   167.0 0   384.5 0 -9999.9 1 -9999.9 1 -9999.9 1 -9999.9 1 -9999.9 1 -9999.9 1 -9999.9 1   980.9 0
 2024 158  6  6 20  0 20.000  31.90   896.1 0 -9999.9 1   909.2 0   105.6 0   343.0 0   303.59 0   302.83 0 -9999.9 1 -9999.90 1 -9999.90 1   166.4 0   383.9 0 -9999.9 1 -9999.9 1 -9999.9 1 -9999.9 1 -9999.9 1 -9999.9 1 -9999.9 1   980.9 0
 2024 158  6  6 20  1 20.017  32.07   898.7 0 -9999.9 1   916.8 0   104.0 0   342.3 0   303.61 0   303.01 0 -9999.9 1 -9999.90 1 -9999.90 1   165.8 0   383.7 0 -9999.9 1 -9999.9 1 -9999.9 1 -9999.9 1 -9999.9 1 -9999.9 1 -9999.9 1   980.9 0
 2024 158  6  6 20  2 20.033  32.25   896.4 0 -9999.9 1   916.1 0   103.5 0   338.8 0   303.63 0   302.92 0 -9999.9 1 -9999.90 1 -9999.90 1   164.9 0   382.5 0 -9999.9 1 -9999.9 1 -9999.9 1 -9999.9 1 -9999.9 1 -9999.9 1 -9999.9 1   980.9 0
 2024 158  6  6 20  3 20.050  32.42   895.2 0 -9999.9 1   917.0 0   103.0 0   338.6 0   303.64 0   302.93 0 -9999.9 1 -9999.90 1 -9999.90 1   164.4 0   381.9 0 -9999.9 1 -9999.9 1 -9999.9 1 -9999.9 1 -9999.9 1 -9999.9 1 -9999.9 1   980.9 0
 2024 158  6  6 20  4 20.067  32.60   895.3 0 -9999.9 1   919.4 0   102.5 0   339.7 0   303.65 0   302.94 0 -9999.9 1 -9999.90 1 -9999.90 1   163.7 0   381.6 0 -9999.9 1 -9999.9 1 -9999.9 1 -9999.9 1 -9999.9 1 -9999.9 1 -9999.9 1   980.9 0
 2024 158  6  6 20  5 20.083  32.78   893.1 0 -9999.9 1   920.3 0   102.3 0   340.6 0   303.67 0   303.09 0 -9999.9 1 -9999.90 1 -9999.90 1   163.0 0   381.1 0 -9999.9 1 -9999.9 1 -9999.9 1 -9999.9 1 -9999.9 1 -9999.9 1 -9999.9 1   980.9 0
 2024 158  6  6 20  6 20.100  32.96   885.4 0 -9999.9 1   911.7 0   103.5 0   339.2 0   303.70 0   303.05 0 -9999.9 1 -9999.90 1 -9999.90 1   161.6 0   378.8 0 -9999.9 1 -9999.9 1 -9999.9 1 -9999.9 1 -9999.9 1 -9999.9 1 -9999.9 1   980.9 0
 2024 158  6  6 20  7 20.117  33.13   882.2 0 -9999.9 1   906.7 0   104.7 0   339.9 0   303.71 0   302.91 0 -9999.9 1 -9999.90 1 -9999.90 1   160.4 0   377.4 0 -9999.9 1 -9999.9 1 -9999.9 1 -9999.9 1 -9999.9 1 -9999.9 1 -9999.9 1   980.9 0
 2024 158  6  6 20  8 20.133  33.31   879.0 0 -9999.9 1   903.5 0   105.4 0   339.3 0   303.69 0   302.83 0 -9999.9 1 -9999.90 1 -9999.90 1   159.3 0   376.1 0 -9999.9 1 -9999.9 1 -9999.9 1 -9999.9 1 -9999.9 1 -9999.9 1 -9999.9 1   980.9 0
 2024 158  6  6 20  9 20.150  33.49   878.5 0 -9999.9 1   905.8 0   105.5 0   339.3 0   303.68 0   302.86 0 -9999.9 1 -9999.90 1 -9999.90 1   158.7 0   376.0 0 -9999.9 1 -9999.9 1 -9999.9 1 -9999.9 1 -9999.9 1 -9999.9 1 -9999.9 1   980.9 0
 2024 158  6  6 20 10 20.167  33.67   876.0 0 -9999.9 1   905.5 0   105.5 0   340.7 0   303.69 0   302.95 0 -9999.9 1 -9999.90 1 -9999.90 1   157.8 0   375.3 0 -9999.9 1 -9999.9 1 -9999.9 1 -9999.9 1 -9999.9 1 -9999.9 1 -9999.9 1   980.9 0
 2024 158  6  6 20 11 20.183  33.85   872.5 0 -9999.9 1   903.6 0   105.5 0   342.0 0   303.71 0   303.09 0 -9999.9 1 -9999.90 1 -9999.90 1   156.8 0   374.2 0 -9999.9 1 -9999.9 1 -9999.9 1 -9999.9 1 -9999.9 1 -9999.9 1 -9999.9 1   980.9 0
 2024 158  6  6 20 12 20.200  34.03   874.0 0 -9999.9 1 -9999.9 1   105.2 0   341.5 0   303.74 0   303.12 0 -9999.9 1 -9999.90 1 -9999.90 1   156.4 0   374.4 0 -9999.9 1 -9999.9 1 -9999.9 1 -9999.9 1 -9999.9 1 -9999.9 1 -9999.9 1   980.8 0
 2024 158  6  6 20 13 20.217  34.21   873.8 0 -9999.9 1 -9999.9 1   105.0 0   340.8 0   303.76 0   302.99 0 -9999.9 1 -9999.90 1 -9999.90 1   155.5 0   373.7 0 -9999.9 1 -9999.9 1 -9999.9 1 -9999.9 1 -9999.9 1 -9999.9 1 -9999.9 1   980.8 0
 2024 158  6  6 20 14 20.233  34.39   869.2 0 -9999.9 1 -9999.9 1   105.7 0   341.3 0   303.75 0   302.94 0 -9999.9 1 -9999.90 1 -9999.90 1   154.2 0   371.9 0 -9999.9 1 -9999.9 1 -9999.9 1 -9999.9 1 -9999.9 1 -9999.9 1 -9999.9 1   980.9 0
 2024 158  6  6 20 15 20.250  34.57   861.3 0 -9999.9 1   895.4 0   107.0 0   340.4 0   303.73 0   302.80 0 -9999.9 1 -9999.90 1 -9999.90 1   152.5 0   369.4 0 -9999.9 1 -9999.9 1 -9999.9 1 -9999.9 1 -9999.9 1 -9999.9 1 -9999.9 1   980.9 0
 2024 158  6  6 20 16 20.267  34.75   858.2 0 -9999.9 1   894.0 0   107.6 0   341.1 0   303.71 0   302.90 0 -9999.9 1 -9999.90 1 -9999.90 1   151.5 0   368.5 0 -9999.9 1 -9999.9 1 -9999.9 1 -9999.9 1 -9999.9 1 -9999.9 1 -9999.9 1   980.9 0
 2024 158  6  6 20 17 20.283  34.93   854.5 0 -9999.9 1   892.1 0   107.7 0   341.8 0   303.73 0   303.03 0 -9999.9 1 -9999.90 1 -9999.90 1   150.4 0   367.2 0 -9999.9 1 -9999.9 1 -9999.9 1 -9999.9 1 -9999.9 1 -9999.9 1 -9999.9 1   980.9 0
 2024 158  6  6 20 18 20.300  35.11   853.3 0 -9999.9 1   893.9 0   107.6 0   342.5 0   303.76 0   303.19 0 -9999.9 1 -9999.90 1 -9999.90 1   149.9 0   366.9 0 -9999.9 1 -9999.9 1 -9999.9 1 -9999.9 1 -9999.9 1 -9999.9 1 -9999.9 1   980.8 0
 2024 158  6  6 20 19 20.317  35.29   850.4 0 -9999.9 1   892.9 0   107.6 0   342.8 0   303.80 0   303.20 0 -9999.9 1 -9999.90 1 -9999.90 1   149.0 0   365.8 0 -9999.9 1 -9999.9 1 -9999.9 1 -9999.9 1 -9999.9 1 -9999.9 1 -9999.9 1   980.8 0
 2024 158  6  6 20 20 20.333  35.48   852.7 0 -9999.9 1   896.3 0   107.2 0   339.9 0   303.81 0   303.00 0 -9999.9 1 -9999.90 1 -9999.90 1   148.4 0   365.5 0 -9999.9 1 -9999.9 1 -9999.9 1 -9999.9 1 -9999.9 1 -9999.9 1 -9999.9 1   980.8 0
 2024 158  6  6 20 21 20.350  35.66   855.2 0 -9999.9 1   900.9 0   106.3 0   339.5 0   303.79 0   302.86 0 -9999.9 1 -9999.90 1 -9999.90 1   147.9 0   365.4 0 -9999.9 1 -9999.9 1 -9999.9 1 -9999.9 1 -9999.9 1 -9999.9 1 -9999.9 1   980.8 0
 2024 158  6  6 20 22 20.367  35.84   852.2 0 -9999.9 1   900.1 0   106.1 0   338.8 0   303.77 0   302.81 0 -9999.9 1 -9999.90 1 -9999.90 1   146.9 0   364.3 0 -9999.9 1 -9999.9 1 -9999.9 1 -9999.9 1 -9999.9 1 -9999.9 1 -9999.9 1   980.9 0
 2024 158  6  6 20 23 20.383  36.02   847.9 0 -9999.9 1   897.6 0   106.2 0   338.7 0   303.73 0   302.74 0 -9999.9 1 -9999.90 1 -9999.90 1   145.7 0   362.9 0 -9999.9 1 -9999.9 1 -9999.9 1 -9999.9 1 -9999.9 1 -9999.9 1 -9999.9 1   980.9 0
 2024 158  6  6 20 24 20.400  36.21   843.6 0 -9999.9 1   895.8 0   106.2 0   339.6 0   303.71 0   302.90 0 -9999.9 1 -9999.90 1 -9999.90 1   144.7 0   361.6 0 -9999.9 1 -9999.9 1 -9999.9 1 -9999.9 1 -9999.9 1 -9999.9 1 -9999.9 1   980.9 0
 2024 158  6  6 20 25 20.417  36.39   845.7 0 -9999.9 1   901.8 0   105.5 0   338.9 0   303.73 0   303.01 0 -9999.9 1 -9999.90 1 -9999.90 1   144.3 0   362.0 0 -9999.9 1 -9999.9 1 -9999.9 1 -9999.9 1 -9999.9 1 -9999.9 1 -9999.9 1   980.9 0
 2024 158  6  6 20 26 20.433  36.57   840.4 0 -9999.9 1   898.3 0   105.4 0   339.3 0   303.75 0   303.06 0 -9999.9 1 -9999.90 1 -9999.90 1   143.3 0   360.4 0 -9999.9 1 -9999.9 1 -9999.9 1 -9999.9 1 -9999.9 1 -9999.9 1 -9999.9 1   980.8 0
 2024 158  6  6 20 27 20.450  36.76   837.6 0 -9999.9 1   896.7 0   105.4 0   338.0 0   303.76 0   302.96 0 -9999.9 1 -9999.90 1 -9999.90 1   142.4 0   359.4 0 -9999.9 1 -9999.9 1 -9999.9 1 -9999.9 1 -9999.9 1 -9999.9 1 -9999.9 1   980.7 0
 2024 158  6  6 20 28 20.467  36.94   837.7 0 -9999.9 1   899.9 0   104.8 0   339.6 0   303.76 0   302.99 0 -9999.9 1 -9999.90 1 -9999.90 1   141.5 0   358.9 0 -9999.9 1 -9999.9 1 -9999.9 1 -9999.9 1 -9999.9 1 -9999.9 1 -9999.9 1   980.8 0
 2024 158  6  6 20 29 20.483  37.12   836.5 0 -9999.9 1   901.6 0   104.3 0   337.5 0   303.76 0   302.94 0 -9999.9 1 -9999.90 1 -9999.90 1   140.7 0   358.1 0 -9999.9 1 -9999.9 1 -9999.9 1 -9999.9 1 -9999.9 1 -9999.9 1 -9999.9 1   980.8 0
 2024 158  6  6 20 30 20.500  37.31   833.6 0 -9999.9 1   899.5 0   104.2 0   337.6 0   303.75 0   302.84 0 -9999.9 1 -9999.90 1 -9999.90 1   139.8 0   356.8 0 -9999.9 1 -9999.9 1 -9999.9 1 -9999.9 1 -9999.9 1 -9999.9 1 -9999.9 1   980.9 0
 2024 158  6  6 20 31 20.517  37.49   828.4 0 -9999.9 1   896.2 0   104.3 0   339.5 0   303.73 0   302.93 0 -9999.9 1 -9999.90 1 -9999.90 1   138.8 0   355.5 0 -9999.9 1 -9999.9 1 -9999.9 1 -9999.9 1 -9999.9 1 -9999.9 1 -9999.9 1   980.8 0
 2024 158  6  6 20 32 20.533  37.68   823.2 0 -9999.9 1   892.6 0   104.5 0   339.2 0   303.75 0   303.08 0 -9999.9 1 -9999.90 1 -9999.90 1   137.6 0   353.9 0 -9999.9 1 -9999.9 1 -9999.9 1 -9999.9 1 -9999.9 1 -9999.9 1 -9999.9 1   980.8 0
 2024 158  6  6 20 33 20.550  37.86   824.5 0 -9999.9 1   896.4 0   104.0 0   338.7 0   303.77 0   303.01 0 -9999.9 1 -9999.90 1 -9999.90 1   136.9 0   353.7 0 -9999.9 1 -9999.9 1 -9999.9 1 -9999.9 1 -9999.9 1 -9999.9 1 -9999.9 1   980.8 0
 2024 158  6  6 20 34 20.567  38.05   830.7 0 -9999.9 1   907.7 0   102.6 0   337.0 0   303.77 0   302.92 0 -9999.9 1 -9999.90 1 -9999.90 1   136.7 0   354.6 0 -9999.9 1 -9999.9 1 -9999.9 1 -9999.9 1 -9999.9 1 -9999.9 1 -9999.9 1   980.8 0
 2024 158  6  6 20 35 20.583  38.23   824.0 0 -9999.9 1   900.5 0   103.2 0   337.2 0   303.75 0   302.84 0 -9999.9 1 -9999.90 1 -9999.90 1   135.6 0   352.6 0 -9999.9 1 -9999.9 1 -9999.9 1 -9999.9 1 -9999.9 1 -9999.9 1 -9999.9 1   980.8 0
 2024 158  6  6 20 36 20.600  38.42   812.1 0 -9999.9 1   886.7 0   104.6 0   338.3 0   303.74 0   302.84 0 -9999.9 1 -9999.90 1 -9999.90 1   133.8 0   349.2 0 -9999.9 1 -9999.9 1 -9999.9 1 -9999.9 1 -9999.9 1 -9999.9 1 -9999.9 1   980.8 0
 2024 158  6  6 20 37 20.617  38.60   805.7 0 -9999.9 1   879.7 0   105.6 0   338.1 0   303.74 0   302.89 0 -9999.9 1 -9999.90 1 -9999.90 1   132.6 0   347.3 0 -9999.9 1 -9999.9 1 -9999.9 1 -9999.9 1 -9999.9 1 -9999.9 1 -9999.9 1   980.7 0
 2024 158  6  6 20 38 20.633  38.79   808.1 0 -9999.9 1   885.7 0   105.2 0   338.9 0   303.73 0   302.84 0 -9999.9 1 -9999.90 1 -9999.90 1   132.1 0   347.8 0 -9999.9 1 -9999.9 1 -9999.9 1 -9999.9 1 -9999.9 1 -9999.9 1 -9999.9 1   980.7 0
 2024 158  6  6 20 39 20.650  38.97   806.8 0 -9999.9 1   887.2 0   105.0 0   339.8 0   303.71 0   302.82 0 -9999.9 1 -9999.90 1 -9999.90 1   131.4 0   347.1 0 -9999.9 1 -9999.9 1 -9999.9 1 -9999.9 1 -9999.9 1 -9999.9 1 -9999.9 1   980.6 0
 2024 158  6  6 20 40 20.667  39.16   802.4 0 -9999.9 1   884.3 0   105.2 0   340.7 0   303.70 0   302.92 0 -9999.9 1 -9999.90 1 -9999.90 1   130.4 0   345.7 0 -9999.9 1 -9999.9 1 -9999.9 1 -9999.9 1 -9999.9 1 -9999.9 1 -9999.9 1   980.7 0
 2024 158  6  6 20 41 20.683  39.34   798.8 0 -9999.9 1   883.0 0   105.4 0   340.9 0   303.72 0   303.04 0 -9999.9 1 -9999.90 1 -9999.90 1   129.4 0   344.6 0 -9999.9 1 -9999.9 1 -9999.9 1 -9999.9 1 -9999.9 1 -9999.9 1 -9999.9 1   980.7 0
 2024 158  6  6 20 42 20.700  39.53   788.6 0 -9999.9 1   883.2 0   105.4 0   339.9 0   303.74 0   303.11 0 -9999.9 1 -9999.90 1 -9999.90 1   128.6 0   343.8 0 -9999.9 1 -9999.9 1 -9999.9 1 -9999.9 1 -9999.9 1 -9999.9 1 -9999.9 1   980.8 0
 2024 158  6  6 20 43 20.717  39.72 -9999.9 1 -9999.9 1   885.1 0   105.5 0   339.7 0   303.76 0   302.97 0 -9999.9 1 -9999.90 1 -9999.90 1   127.8 0   343.3 0 -9999.9 1 -9999.9 1 -9999.9 1 -9999.9 1 -9999.9 1 -9999.9 1 -9999.9 1   980.8 0
 2024 158  6  6 20 44 20.733  39.90   801.0 0 -9999.9 1   884.6 0   106.0 0   340.0 0   303.74 0   302.82 0 -9999.9 1 -9999.90 1 -9999.90 1 -9999.9 1   342.5 0 -9999.9 1 -9999.9 1 -9999.9 1 -9999.9 1 -9999.9 1 -9999.9 1 -9999.9 1   980.8 0
 2024 158  6  6 20 45 20.750  40.09   793.7 0 -9999.9 1   875.7 0   108.1 0   340.5 0   303.73 0   302.92 0 -9999.9 1 -9999.90 1 -9999.90 1   121.3 0   340.3 0 -9999.9 1 -9999.9 1 -9999.9 1 -9999.9 1 -9999.9 1 -9999.9 1 -9999.9 1   980.8 0
 2024 158  6  6 20 46 20.767  40.28   791.1 0 -9999.9 1   874.3 0   108.7 0 -9999.9 1   303.69 0   302.37 0 -9999.9 1 -9999.90 1 -9999.90 1   121.0 0   339.7 0 -9999.9 1 -9999.9 1 -9999.9 1 -9999.9 1 -9999.9 1 -9999.9 1 -9999.9 1   980.8 0
 2024 158  6  6 20 47 20.783  40.46   790.9 0 -9999.9 1 -9999.9 1   109.9 0   341.7 0   303.49 0   302.44 0 -9999.9 1 -9999.90 1 -9999.90 1   120.5 0   339.5 0 -9999.9 1 -9999.9 1 -9999.9 1 -9999.9 1 -9999.9 1 -9999.9 1 -9999.9 1   980.8 0
 2024 158  6  6 20 48 20.800  40.65   767.9 0 -9999.9 1 -9999.9 1   113.9 0   343.0 0   303.43 0   302.57 0 -9999.9 1 -9999.90 1 -9999.90 1   117.8 0   331.3 0 -9999.9 1 -9999.9 1 -9999.9 1 -9999.9 1 -9999.9 1 -9999.9 1 -9999.9 1   980.8 0
 2024 158  6  6 20 49 20.817  40.84   768.1 0 -9999.9 1   865.3 0   117.2 0   342.4 0   303.41 0   302.65 0 -9999.9 1 -9999.90 1 -9999.90 1   117.3 0   332.7 0 -9999.9 1 -9999.9 1 -9999.9 1 -9999.9 1 -9999.9 1 -9999.9 1 -9999.9 1   980.8 0
 2024 158  6  6 20 50 20.833  41.03   774.3 0 -9999.9 1   868.5 0   114.0 0   341.3 0   303.40 0   302.60 0 -9999.9 1 -9999.90 1 -9999.90 1   117.0 0   333.8 0 -9999.9 1 -9999.9 1 -9999.9 1 -9999.9 1 -9999.9 1 -9999.9 1 -9999.9 1   980.8 0
 2024 158  6  6 20 51 20.850  41.21   772.6 0 -9999.9 1   873.2 0   109.9 0   342.0 0   303.38 0   302.62 0 -9999.9 1 -9999.90 1 -9999.90 1   116.6 0   332.8 0 -9999.9 1 -9999.9 1 -9999.9 1 -9999.9 1 -9999.9 1 -9999.9 1 -9999.9 1   980.8 0
 2024 158  6  6 20 52 20.867  41.40   772.6 0 -9999.9 1   877.2 0   108.9 0   341.9 0   303.38 0   302.66 0 -9999.9 1 -9999.90 1 -9999.90 1   115.8 0   332.4 0 -9999.9 1 -9999.9 1 -9999.9 1 -9999.9 1 -9999.9 1 -9999.9 1 -9999.9 1   980.8 0
 2024 158  6  6 20 53 20.883  41.59   770.3 0 -9999.9 1   878.4 0   108.3 0   341.9 0   303.37 0   302.62 0 -9999.9 1 -9999.90 1 -9999.90 1   114.9 0   331.4 0 -9999.9 1 -9999.9 1 -9999.9 1 -9999.9 1 -9999.9 1 -9999.9 1 -9999.9 1   980.7 0
 2024 158  6  6 20 54 20.900  41.78   770.3 0 -9999.9 1   881.2 0   108.0 0   341.6 0   303.35 0   302.59 0 -9999.9 1 -9999.90 1 -9999.90 1   114.2 0   330.7 0 -9999.9 1 -9999.9 1 -9999.9 1 -9999.9 1 -9999.9 1 -9999.9 1 -9999.9 1   980.8 0
 2024 158  6  6 20 55 20.917  41.97   767.5 0 -9999.9 1   881.2 0   107.8 0   340.7 0   303.34 0   302.55 0 -9999.9 1 -9999.90 1 -9999.90 1   113.3 0   329.6 0 -9999.9 1 -9999.9 1 -9999.9 1 -9999.9 1 -9999.9 1 -9999.9 1 -9999.9 1   980.7 0
 2024 158  6  6 20 56 20.933  42.15   764.9 0 -9999.9 1   880.6 0   107.8 0   340.6 0   303.31 0   302.48 0 -9999.9 1 -9999.90 1 -9999.90 1   112.5 0   328.6 0 -9999.9 1 -9999.9 1 -9999.9 1 -9999.9 1 -9999.9 1 -9999.9 1 -9999.9 1   980.7 0
 2024 158  6  6 20 57 20.950  42.34   761.4 0 -9999.9 1   878.8 0   107.6 0   340.3 0   303.29 0   302.46 0 -9999.9 1 -9999.90 1 -9999.90 1   111.5 0   327.2 0 -9999.9 1 -9999.9 1 -9999.9 1 -9999.9 1 -9999.9 1 -9999.9 1 -9999.9 1   980.7 0
 2024 158  6  6 20 58 20.967  42.53   758.2 0 -9999.9 1   877.5 0   107.3 0   340.2 0   303.26 0   302.49 0 -9999.9 1 -9999.90 1 -9999.90 1   110.6 0   325.9 0 -9999.9 1 -9999.9 1 -9999.9 1 -9999.9 1 -9999.9 1 -9999.9 1 -9999.9 1   980.8 0
 2024 158  6  6 20 59 20.983  42.72   754.1 0 -9999.9 1   875.8 0   107.3 0   338.9 0   303.26 0   302.54 0 -9999.9 1 -9999.90 1 -9999.90 1   109.6 0   324.4 0 -9999.9 1 -9999.9 1 -9999.9 1 -9999.9 1 -9999.9 1 -9999.9 1 -9999.9 1   980.8 0
 2024 158  6  6 21  0 21.000  42.91   750.3 0 -9999.9 1   872.4 0   107.8 0   338.5 0   303.25 0   302.47 0 -9999.9 1 -9999.90 1 -9999.90 1   108.6 0   322.9 0 -9999.9 1 -9999.9 1 -9999.9 1 -9999.9 1 -9999.9 1 -9999.9 1 -9999.9 1   980.8 0
 2024 158  6  6 21  1 21.017  43.10   745.3 0 -9999.9 1   867.3 0   108.4 0   338.9 0   303.24 0   302.44 0 -9999.9 1 -9999.90 1 -9999.90 1   107.6 0   321.2 0 -9999.9 1 -9999.9 1 -9999.9 1 -9999.9 1 -9999.9 1 -9999.9 1 -9999.9 1   980.7 0
 2024 158  6  6 21  2 21.033  43.29   741.3 0 -9999.9 1   864.8 0   109.0 0   340.1 0   303.24 0   302.53 0 -9999.9 1 -9999.90 1 -9999.90 1   106.5 0   319.8 0 -9999.9 1 -9999.9 1 -9999.9 1 -9999.9 1 -9999.9 1 -9999.9 1 -9999.9 1   980.7 0
 2024 158  6  6 21  3 21.050  43.47   736.4 0 -9999.9 1   861.4 0   109.4 0   340.4 0   303.25 0   302.57 0 -9999.9 1 -9999.90 1 -9999.90 1   105.5 0   318.3 0 -9999.9 1 -9999.9 1 -9999.9 1 -9999.9 1 -9999.9 1 -9999.9 1 -9999.9 1   980.8 0
 2024 158  6  6 21  4 21.067  43.66   736.0 0 -9999.9 1   863.0 0   109.8 0   339.9 0   303.25 0   302.45 0 -9999.9 1 -9999.90 1 -9999.90 1   104.7 0   317.7 0 -9999.9 1 -9999.9 1 -9999.9 1 -9999.9 1 -9999.9 1 -9999.9 1 -9999.9 1   980.7 0
 2024 158  6  6 21  5 21.083  43.85   731.6 0 -9999.9 1   858.1 0   110.5 0   340.6 0   303.21 0   302.37 0 -9999.9 1 -9999.90 1 -9999.90 1   103.7 0   315.9 0 -9999.9 1 -9999.9 1 -9999.9 1 -9999.9 1 -9999.9 1 -9999.9 1 -9999.9 1   980.7 0
 2024 158  6  6 21  6 21.100  44.04   731.4 0 -9999.9 1   861.0 0   110.4 0   340.2 0   303.19 0   302.36 0 -9999.9 1 -9999.90 1 -9999.90 1   103.0 0   315.7 0 -9999.9 1 -9999.9 1 -9999.9 1 -9999.9 1 -9999.9 1 -9999.9 1 -9999.9 1   980.7 0
 2024 158  6  6 21  7 21.117  44.23   730.1 0 -9999.9 1   863.6 0   110.1 0   340.7 0   303.19 0   302.46 0 -9999.9 1 -9999.90 1 -9999.90 1   102.3 0   315.2 0 -9999.9 1 -9999.9 1 -9999.9 1 -9999.9 1 -9999.9 1 -9999.9 1 -9999.9 1   980.7 0
 2024 158  6  6 21  8 21.133  44.42   725.3 0 -9999.9 1   860.4 0   110.0 0   340.7 0   303.20 0   302.46 0 -9999.9 1 -9999.90 1 -9999.90 1   101.3 0   313.5 0 -9999.9 1 -9999.9 1 -9999.9 1 -9999.9 1 -9999.9 1 -9999.9 1 -9999.9 1   980.6 0
 2024 158  6  6 21  9 21.150  44.61   721.6 0 -9999.9 1   858.1 0   110.1 0   340.9 0   303.20 0   302.46 0 -9999.9 1 -9999.90 1 -9999.90 1   100.5 0   312.3 0 -9999.9 1 -9999.9 1 -9999.9 1 -9999.9 1 -9999.9 1 -9999.9 1 -9999.9 1   980.7 0
 2024 158  6  6 21 10 21.167  44.80   718.5 0 -9999.9 1   857.4 0   110.0 0   340.9 0   303.21 0   302.51 0 -9999.9 1 -9999.90 1 -9999.90 1    99.6 0   311.2 0 -9999.9 1 -9999.9 1 -9999.9 1 -9999.9 1 -9999.9 1 -9999.9 1 -9999.9 1   980.6 0
 2024 158  6  6 21 11 21.183  44.99   717.3 0 -9999.9 1   858.9 0   109.7 0   341.0 0   303.22 0   302.52 0 -9999.9 1 -9999.90 1 -9999.90 1    98.8 0   310.4 0 -9999.9 1 -9999.9 1 -9999.9 1 -9999.9 1 -9999.9 1 -9999.9 1 -9999.9 1   980.7 0
 2024 158  6  6 21 12 21.200  45.18   710.8 0 -9999.9 1   852.6 0   109.6 0   340.1 0   303.21 0   302.46 0 -9999.9 1 -9999.90 1 -9999.90 1    97.7 0   307.9 0 -9999.9 1 -9999.9 1 -9999.9 1 -9999.9 1 -9999.9 1 -9999.9 1 -9999.9 1   980.7 0
 2024 158  6  6 21 13 21.217  45.37   708.7 0 -9999.9 1   853.9 0   108.9 0   339.7 0   303.19 0   302.40 0 -9999.9 1 -9999.90 1 -9999.90 1    97.0 0   306.9 0 -9999.9 1 -9999.9 1 -9999.9 1 -9999.9 1 -9999.9 1 -9999.9 1 -9999.9 1   980.7 0
 2024 158  6  6 21 14 21.233  45.56   711.1 0 -9999.9 1   863.6 0   107.1 0   339.8 0   303.19 0   302.44 0 -9999.9 1 -9999.90 1 -9999.90 1    96.7 0   307.3 0 -9999.9 1 -9999.9 1 -9999.9 1 -9999.9 1 -9999.9 1 -9999.9 1 -9999.9 1   980.7 0
 2024 158  6  6 21 15 21.250  45.75   713.8 0 -9999.9 1   872.0 0   105.7 0   338.1 0   303.19 0   302.46 0 -9999.9 1 -9999.90 1 -9999.90 1    96.2 0   307.2 0 -9999.9 1 -9999.9 1 -9999.9 1 -9999.9 1 -9999.9 1 -9999.9 1 -9999.9 1   980.7 0
 2024 158  6  6 21 16 21.267  45.94   714.0 0 -9999.9 1   876.4 0   104.4 0   336.0 0   303.17 0   302.32 0 -9999.9 1 -9999.90 1 -9999.90 1    95.5 0   306.5 0 -9999.9 1 -9999.9 1 -9999.9 1 -9999.9 1 -9999.9 1 -9999.9 1 -9999.9 1   980.7 0
 2024 158  6  6 21 17 21.283  46.13   710.8 0 -9999.9 1   874.7 0   104.2 0   335.1 0   303.14 0   302.22 0 -9999.9 1 -9999.90 1 -9999.90 1    94.6 0   305.2 0 -9999.9 1 -9999.9 1 -9999.9 1 -9999.9 1 -9999.9 1 -9999.9 1 -9999.9 1   980.8 0
 2024 158  6  6 21 18 21.300  46.32   708.6 0 -9999.9 1   874.8 0   104.1 0   334.9 0   303.11 0   302.20 0 -9999.9 1 -9999.90 1 -9999.90 1    93.8 0   304.3 0 -9999.9 1 -9999.9 1 -9999.9 1 -9999.9 1 -9999.9 1 -9999.9 1 -9999.9 1   980.7 0
 2024 158  6  6 21 19 21.317  46.51   700.2 0 -9999.9 1   865.3 0   105.1 0   335.7 0   303.09 0   302.26 0 -9999.9 1 -9999.90 1 -9999.90 1    92.6 0   301.8 0 -9999.9 1 -9999.9 1 -9999.9 1 -9999.9 1 -9999.9 1 -9999.9 1 -9999.9 1   980.7 0
 2024 158  6  6 21 20 21.333  46.70   694.8 0 -9999.9 1   860.4 0   106.1 0   336.9 0   303.11 0   302.38 0 -9999.9 1 -9999.90 1 -9999.90 1    91.7 0   300.3 0 -9999.9 1 -9999.9 1 -9999.9 1 -9999.9 1 -9999.9 1 -9999.9 1 -9999.9 1   980.6 0
 2024 158  6  6 21 21 21.350  46.89   688.2 0 -9999.9 1   852.8 0   106.9 0   337.0 0   303.13 0   302.34 0 -9999.9 1 -9999.90 1 -9999.90 1    90.6 0   298.1 0 -9999.9 1 -9999.9 1 -9999.9 1 -9999.9 1 -9999.9 1 -9999.9 1 -9999.9 1   980.7 0
 2024 158  6  6 21 22 21.367  47.08   684.1 0 -9999.9 1   850.2 0   107.4 0   338.7 0   303.13 0   302.39 0 -9999.9 1 -9999.90 1 -9999.90 1    89.7 0   296.8 0 -9999.9 1 -9999.9 1 -9999.9 1 -9999.9 1 -9999.9 1 -9999.9 1 -9999.9 1   980.6 0
 2024 158  6  6 21 23 21.383  47.27   679.4 0 -9999.9 1   846.8 0   107.8 0   339.7 0   303.16 0   302.52 0 -9999.9 1 -9999.90 1 -9999.90 1    88.7 0   295.2 0 -9999.9 1 -9999.9 1 -9999.9 1 -9999.9 1 -9999.9 1 -9999.9 1 -9999.9 1   980.7 0
 2024 158  6  6 21 24 21.400  47.46   678.2 0 -9999.9 1   847.5 0   108.0 0   338.8 0   303.18 0   302.46 0 -9999.9 1 -9999.90 1 -9999.90 1    88.0 0   294.4 0 -9999.9 1 -9999.9 1 -9999.9 1 -9999.9 1 -9999.9 1 -9999.9 1 -9999.9 1   980.7 0
 2024 158  6  6 21 25 21.417  47.65   675.5 0 -9999.9 1   845.5 0   108.1 0   338.9 0   303.19 0   302.51 0 -9999.9 1 -9999.90 1 -9999.90 1    87.1 0   293.0 0 -9999.9 1 -9999.9 1 -9999.9 1 -9999.9 1 -9999.9 1 -9999.9 1 -9999.9 1   980.6 0
 2024 158  6  6 21 26 21.433  47.84   671.1 0 -9999.9 1   842.7 0   108.4 0   339.2 0   303.21 0   302.48 0 -9999.9 1 -9999.90 1 -9999.90 1    86.3 0   291.8 0 -9999.9 1 -9999.9 1 -9999.9 1 -9999.9 1 -9999.9 1 -9999.9 1 -9999.9 1   980.7 0
 2024 158  6  6 21 27 21.450  48.03   669.1 0 -9999.9 1   842.7 0   108.4 0   340.1 0   303.22 0   302.46 0 -9999.9 1 -9999.90 1 -9999.90 1    85.5 0   290.8 0 -9999.9 1 -9999.9 1 -9999.9 1 -9999.9 1 -9999.9 1 -9999.9 1 -9999.9 1   980.6 0
 2024 158  6  6 21 28 21.467  48.22   666.8 0 -9999.9 1   844.0 0   108.2 0   341.3 0   303.24 0   302.55 0 -9999.9 1 -9999.90 1 -9999.90 1    84.7 0   289.9 0 -9999.9 1 -9999.9 1 -9999.9 1 -9999.9 1 -9999.9 1 -9999.9 1 -9999.9 1   980.6 0
 2024 158  6  6 21 29 21.483  48.41   663.2 0 -9999.9 1   843.8 0   107.9 0   341.5 0   303.26 0   302.63 0 -9999.9 1 -9999.90 1 -9999.90 1    83.9 0   288.7 0 -9999.9 1 -9999.9 1 -9999.9 1 -9999.9 1 -9999.9 1 -9999.9 1 -9999.9 1   980.6 0
 2024 158  6  6 21 30 21.500  48.60   659.0 0 -9999.9 1   841.7 0   107.8 0   341.4 0   303.28 0   302.60 0 -9999.9 1 -9999.90 1 -9999.90 1    83.0 0   287.2 0 -9999.9 1 -9999.9 1 -9999.9 1 -9999.9 1 -9999.9 1 -9999.9 1 -9999.9 1   980.7 0
 2024 158  6  6 21 31 21.517  48.80   654.6 0 -9999.9 1   837.6 0   108.1 0   341.2 0   303.31 0   302.65 0 -9999.9 1 -9999.90 1 -9999.90 1    82.2 0   285.5 0 -9999.9 1 -9999.9 1 -9999.9 1 -9999.9 1 -9999.9 1 -9999.9 1 -9999.9 1   980.6 0
 2024 158  6  6 21 32 21.533  48.99   650.7 0 -9999.9 1   834.1 0   108.5 0   341.5 0   303.35 0   302.76 0 -9999.9 1 -9999.90 1 -9999.90 1    81.4 0   284.1 0 -9999.9 1 -9999.9 1 -9999.9 1 -9999.9 1 -9999.9 1 -9999.9 1 -9999.9 1   980.6 0
 2024 158  6  6 21 33 21.550  49.18   647.8 0 -9999.9 1   831.4 0   108.7 0   340.9 0   303.39 0   302.75 0 -9999.9 1 -9999.90 1 -9999.90 1    80.5 0   282.6 0 -9999.9 1 -9999.9 1 -9999.9 1 -9999.9 1 -9999.9 1 -9999.9 1 -9999.9 1   980.6 0
 2024 158  6  6 21 34 21.567  49.37   641.6 0 -9999.9 1   825.1 0   109.0 0   341.2 0   303.41 0   302.65 0 -9999.9 1 -9999.90 1 -9999.90 1    79.4 0   280.5 0 -9999.9 1 -9999.9 1 -9999.9 1 -9999.9 1 -9999.9 1 -9999.9 1 -9999.9 1   980.6 0
 2024 158  6  6 21 35 21.583  49.56   637.6 0 -9999.9 1   822.4 0   109.2 0   342.5 0   303.42 0   302.72 0 -9999.9 1 -9999.90 1 -9999.90 1    78.6 0   279.1 0 -9999.9 1 -9999.9 1 -9999.9 1 -9999.9 1 -9999.9 1 -9999.9 1 -9999.9 1   980.6 0
 2024 158  6  6 21 36 21.600  49.75   635.3 0 -9999.9 1   822.3 0   109.2 0   341.5 0   303.44 0   302.69 0 -9999.9 1 -9999.90 1 -9999.90 1    78.0 0   278.3 0 -9999.9 1 -9999.9 1 -9999.9 1 -9999.9 1 -9999.9 1 -9999.9 1 -9999.9 1   980.7 0
 2024 158  6  6 21 37 21.617  49.94   632.7 0 -9999.9 1   821.5 0   109.2 0   342.0 0   303.45 0   302.65 0 -9999.9 1 -9999.90 1 -9999.90 1    77.2 0   277.2 0 -9999.9 1 -9999.9 1 -9999.9 1 -9999.9 1 -9999.9 1 -9999.9 1 -9999.9 1   980.7 0
 2024 158  6  6 21 38 21.633  50.13   632.5 0 -9999.9 1   825.5 0   109.0 0   342.4 0   303.46 0   302.69 0 -9999.9 1 -9999.90 1 -9999.90 1    76.6 0   276.9 0 -9999.9 1 -9999.9 1 -9999.9 1 -9999.9 1 -9999.9 1 -9999.9 1 -9999.9 1   980.7 0
 2024 158  6  6 21 39 21.650  50.32   631.4 0 -9999.9 1   827.5 0   108.8 0   342.1 0   303.48 0   302.66 0 -9999.9 1 -9999.90 1 -9999.90 1    75.9 0   276.0 0 -9999.9 1 -9999.9 1 -9999.9 1 -9999.9 1 -9999.9 1 -9999.9 1 -9999.9 1   980.7 0
 2024 158  6  6 21 40 21.667  50.51   621.0 0 -9999.9 1   813.5 0   109.6 0   342.5 0   303.50 0   302.70 0 -9999.9 1 -9999.90 1 -9999.90 1    74.6 0   272.3 0 -9999.9 1 -9999.9 1 -9999.9 1 -9999.9 1 -9999.9 1 -9999.9 1 -9999.9 1   980.7 0
 2024 158  6  6 21 41 21.683  50.70   615.8 0 -9999.9 1   807.8 0   110.2 0   342.8 0   303.52 0   302.78 0 -9999.9 1 -9999.90 1 -9999.90 1    73.6 0   270.3 0 -9999.9 1 -9999.9 1 -9999.9 1 -9999.9 1 -9999.9 1 -9999.9 1 -9999.9 1   980.7 0
 2024 158  6  6 21 42 21.700  50.90   613.4 0 -9999.9 1   807.1 0   110.5 0   342.7 0   303.54 0   302.85 0 -9999.9 1 -9999.90 1 -9999.90 1    73.0 0   269.3 0 -9999.9 1 -9999.9 1 -9999.9 1 -9999.9 1 -9999.9 1 -9999.9 1 -9999.9 1   980.7 0
 2024 158  6  6 21 43 21.717  51.09   612.3 0 -9999.9 1   809.6 0   110.5 0   342.2 0   303.56 0   302.77 0 -9999.9 1 -9999.90 1 -9999.90 1    72.4 0   269.0 0 -9999.9 1 -9999.9 1 -9999.9 1 -9999.9 1 -9999.9 1 -9999.9 1 -9999.9 1   980.6 0
 2024 158  6  6 21 44 21.733  51.28   607.7 0 -9999.9 1   806.2 0   110.5 0   343.2 0   303.56 0   302.75 0 -9999.9 1 -9999.90 1 -9999.90 1    71.6 0   267.2 0 -9999.9 1 -9999.9 1 -9999.9 1 -9999.9 1 -9999.9 1 -9999.9 1 -9999.9 1   980.7 0
 2024 158  6  6 21 45 21.750  51.47   604.3 0 -9999.9 1   806.1 0   110.1 0   343.6 0   303.57 0   302.90 0 -9999.9 1 -9999.90 1 -9999.90 1    70.9 0   266.0 0 -9999.9 1 -9999.9 1 -9999.9 1 -9999.9 1 -9999.9 1 -9999.9 1 -9999.9 1   980.7 0
 2024 158  6  6 21 46 21.767  51.66   601.6 0 -9999.9 1   805.5 0   109.7 0   343.0 0   303.59 0   302.90 0 -9999.9 1 -9999.90 1 -9999.90 1    70.2 0   264.8 0 -9999.9 1 -9999.9 1 -9999.9 1 -9999.9 1 -9999.9 1 -9999.9 1 -9999.9 1   980.7 0
 2024 158  6  6 21 47 21.783  51.85   599.5 0 -9999.9 1   806.9 0   109.1 0   342.9 0   303.62 0   302.89 0 -9999.9 1 -9999.90 1 -9999.90 1    69.5 0   263.9 0 -9999.9 1 -9999.9 1 -9999.9 1 -9999.9 1 -9999.9 1 -9999.9 1 -9999.9 1   980.6 0
 2024 158  6  6 21 48 21.800  52.04   596.9 0 -9999.9 1   808.0 0   108.5 0   342.7 0   303.63 0   302.90 0 -9999.9 1 -9999.90 1 -9999.90 1    68.8 0   262.7 0 -9999.9 1 -9999.9 1 -9999.9 1 -9999.9 1 -9999.9 1 -9999.9 1 -9999.9 1   980.7 0
 2024 158  6  6 21 49 21.817  52.23   595.6 0 -9999.9 1   810.0 0   107.8 0   341.9 0   303.65 0   302.91 0 -9999.9 1 -9999.90 1 -9999.90 1    68.2 0   261.7 0 -9999.9 1 -9999.9 1 -9999.9 1 -9999.9 1 -9999.9 1 -9999.9 1 -9999.9 1   980.6 0
 2024 158  6  6 21 50 21.833  52.42   595.7 0 -9999.9 1   816.4 0   107.0 0   341.0 0   303.67 0   302.92 0 -9999.9 1 -9999.90 1 -9999.90 1    67.7 0   261.4 0 -9999.9 1 -9999.9 1 -9999.9 1 -9999.9 1 -9999.9 1 -9999.9 1 -9999.9 1   980.6 0
 2024 158  6  6 21 51 21.850  52.62   594.4 0 -9999.9 1   819.4 0   106.4 0   340.7 0   303.68 0   302.95 0 -9999.9 1 -9999.90 1 -9999.90 1    67.1 0   260.7 0 -9999.9 1 -9999.9 1 -9999.9 1 -9999.9 1 -9999.9 1 -9999.9 1 -9999.9 1   980.6 0
 2024 158  6  6 21 52 21.867  52.81   589.0 0 -9999.9 1   812.5 0   106.5 0   339.6 0   303.70 0   302.89 0 -9999.9 1 -9999.90 1 -9999.90 1    66.2 0   258.4 0 -9999.9 1 -9999.9 1 -9999.9 1 -9999.9 1 -9999.9 1 -9999.9 1 -9999.9 1   980.7 0
 2024 158  6  6 21 53 21.883  53.00   584.1 0 -9999.9 1   808.5 0   106.7 0   339.8 0   303.70 0   302.86 0 -9999.9 1 -9999.90 1 -9999.90 1    65.4 0   256.7 0 -9999.9 1 -9999.9 1 -9999.9 1 -9999.9 1 -9999.9 1 -9999.9 1 -9999.9 1   980.7 0
 2024 158  6  6 21 54 21.900  53.19   579.7 0 -9999.9 1   804.9 0   106.9 0   339.8 0   303.71 0   302.99 0 -9999.9 1 -9999.90 1 -9999.90 1    64.6 0   255.0 0 -9999.9 1 -9999.9 1 -9999.9 1 -9999.9 1 -9999.9 1 -9999.9 1 -9999.9 1   980.7 0
 2024 158  6  6 21 55 21.917  53.38   577.7 0 -9999.9 1   804.7 0   106.8 0   338.5 0   303.73 0   302.86 0 -9999.9 1 -9999.90 1 -9999.90 1    64.0 0   253.9 0 -9999.9 1 -9999.9 1 -9999.9 1 -9999.9 1 -9999.9 1 -9999.9 1 -9999.9 1   980.7 0
 2024 158  6  6 21 56 21.933  53.57   573.2 0 -9999.9 1   801.1 0   107.0 0   338.8 0   303.73 0   302.91 0 -9999.9 1 -9999.90 1 -9999.90 1    63.2 0   252.1 0 -9999.9 1 -9999.9 1 -9999.9 1 -9999.9 1 -9999.9 1 -9999.9 1 -9999.9 1   980.7 0
 2024 158  6  6 21 57 21.950  53.76   569.9 0 -9999.9 1   800.0 0   107.0 0   338.7 0   303.74 0   302.91 0 -9999.9 1 -9999.90 1 -9999.90 1    62.5 0   251.0 0 -9999.9 1 -9999.9 1 -9999.9 1 -9999.9 1 -9999.9 1 -9999.9 1 -9999.9 1   980.7 0
 2024 158  6  6 21 58 21.967  53.95   565.6 0 -9999.9 1   797.4 0   107.0 0   338.7 0   303.74 0   302.87 0 -9999.9 1 -9999.90 1 -9999.90 1    61.7 0   249.5 0 -9999.9 1 -9999.9 1 -9999.9 1 -9999.9 1 -9999.9 1 -9999.9 1 -9999.9 1   980.7 0
 2024 158  6  6 21 59 21.983  54.14   562.5 0 -9999.9 1   796.9 0   106.7 0   339.3 0   303.74 0   302.87 0 -9999.9 1 -9999.90 1 -9999.90 1    61.0 0   248.2 0 -9999.9 1 -9999.9 1 -9999.9 1 -9999.9 1 -9999.9 1 -9999.9 1 -9999.9 1   980.6 0
 2024 158  6  6 22  0 22.000  54.34   560.4 0 -9999.9 1   798.3 0   106.3 0   340.1 0   303.75 0   302.99 0 -9999.9 1 -9999.90 1 -9999.90 1    60.3 0   247.3 0 -9999.9 1 -9999.9 1 -9999.9 1 -9999.9 1 -9999.9 1 -9999.9 1 -9999.9 1   980.7 0
 2024 158  6  6 22  1 22.017  54.53   558.5 0 -9999.9 1   799.5 0   106.1 0   340.1 0   303.77 0   303.01 0 -9999.9 1 -9999.90 1 -9999.90 1    59.7 0   246.5 0 -9999.9 1 -9999.9 1 -9999.9 1 -9999.9 1 -9999.9 1 -9999.9 1 -9999.9 1   980.6 0
 2024 158  6  6 22  2 22.033  54.72   553.2 0 -9999.9 1   794.7 0   106.3 0   340.0 0   303.80 0   303.10 0 -9999.9 1 -9999.90 1 -9999.90 1    58.9 0   244.5 0 -9999.9 1 -9999.9 1 -9999.9 1 -9999.9 1 -9999.9 1 -9999.9 1 -9999.9 1   980.7 0
 2024 158  6  6 22  3 22.050  54.91   546.7 0 -9999.9 1   783.9 0   107.0 0   339.4 0   303.81 0   302.95 0 -9999.9 1 -9999.90 1 -9999.90 1    58.0 0   241.6 0 -9999.9 1 -9999.9 1 -9999.9 1 -9999.9 1 -9999.9 1 -9999.9 1 -9999.9 1   980.7 0
 2024 158  6  6 22  4 22.067  55.10   544.8 0 -9999.9 1   783.8 0   107.5 0   340.3 0   303.81 0   302.95 0 -9999.9 1 -9999.90 1 -9999.90 1    57.3 0   240.8 0 -9999.9 1 -9999.9 1 -9999.9 1 -9999.9 1 -9999.9 1 -9999.9 1 -9999.9 1   980.7 0
 2024 158  6  6 22  5 22.083  55.29   542.3 0 -9999.9 1   783.5 0   107.7 0   340.8 0   303.82 0   303.06 0 -9999.9 1 -9999.90 1 -9999.90 1    56.7 0   239.7 0 -9999.9 1 -9999.9 1 -9999.9 1 -9999.9 1 -9999.9 1 -9999.9 1 -9999.9 1   980.7 0
 2024 158  6  6 22  6 22.100  55.48   537.9 0 -9999.9 1   779.3 0   107.9 0   340.4 0   303.83 0   303.01 0 -9999.9 1 -9999.90 1 -9999.90 1    56.0 0   237.9 0 -9999.9 1 -9999.9 1 -9999.9 1 -9999.9 1 -9999.9 1 -9999.9 1 -9999.9 1   980.7 0
 2024 158  6  6 22  7 22.117  55.67   534.0 0 -9999.9 1   777.1 0   108.1 0   341.3 0   303.83 0   303.01 0 -9999.9 1 -9999.90 1 -9999.90 1    55.3 0   236.6 0 -9999.9 1 -9999.9 1 -9999.9 1 -9999.9 1 -9999.9 1 -9999.9 1 -9999.9 1   980.7 0
 2024 158  6  6 22  8 22.133  55.86   531.6 0 -9999.9 1   776.8 0   108.2 0   340.3 0   303.83 0   302.92 0 -9999.9 1 -9999.90 1 -9999.90 1    54.6 0   235.5 0 -9999.9 1 -9999.9 1 -9999.9 1 -9999.9 1 -9999.9 1 -9999.9 1 -9999.9 1   980.7 0
 2024 158  6  6 22  9 22.150  56.06   528.9 0 -9999.9 1   776.4 0   108.0 0   340.9 0   303.82 0   302.89 0 -9999.9 1 -9999.90 1 -9999.90 1    54.0 0   234.4 0 -9999.9 1 -9999.9 1 -9999.9 1 -9999.9 1 -9999.9 1 -9999.9 1 -9999.9 1   980.7 0
 2024 158  6  6 22 10 22.167  56.25   525.9 0 -9999.9 1   776.1 0   107.6 0   341.4 0   303.81 0   302.91 0 -9999.9 1 -9999.90 1 -9999.90 1    53.4 0   233.2 0 -9999.9 1 -9999.9 1 -9999.9 1 -9999.9 1 -9999.9 1 -9999.9 1 -9999.9 1   980.6 0
 2024 158  6  6 22 11 22.183  56.44   523.4 0 -9999.9 1   776.4 0   107.3 0   341.5 0   303.81 0   303.02 0 -9999.9 1 -9999.90 1 -9999.90 1    52.8 0   231.9 0 -9999.9 1 -9999.9 1 -9999.9 1 -9999.9 1 -9999.9 1 -9999.9 1 -9999.9 1   980.7 0
 2024 158  6  6 22 12 22.200  56.63   518.7 0 -9999.9 1   772.6 0   107.1 0   340.1 0   303.83 0   303.01 0 -9999.9 1 -9999.90 1 -9999.90 1    52.1 0   230.1 0 -9999.9 1 -9999.9 1 -9999.9 1 -9999.9 1 -9999.9 1 -9999.9 1 -9999.9 1   980.6 0
 2024 158  6  6 22 13 22.217  56.82   515.5 0 -9999.9 1   771.4 0   107.2 0   340.2 0   303.83 0   302.99 0 -9999.9 1 -9999.90 1 -9999.90 1    51.5 0   228.8 0 -9999.9 1 -9999.9 1 -9999.9 1 -9999.9 1 -9999.9 1 -9999.9 1 -9999.9 1   980.6 0
 2024 158  6  6 22 14 22.233  57.01   509.3 0 -9999.9 1   763.6 0   107.8 0   340.2 0   303.82 0   303.00 0 -9999.9 1 -9999.90 1 -9999.90 1    50.7 0   226.4 0 -9999.9 1 -9999.9 1 -9999.9 1 -9999.9 1 -9999.9 1 -9999.9 1 -9999.9 1   980.7 0
 2024 158  6  6 22 15 22.250  57.20   503.3 0   131.7 0   756.3 0   108.5 0   340.4 0   303.83 0   303.08 0   447.9 0   302.09 0   302.16 0    49.9 0   224.3 0   386.5 0  -107.5 0   279.0 0    26.9 0    20.9 0     8.7 0   294.1 0   980.7 0
 2024 158  6  6 22 16 22.267  57.39   498.7 0   130.7 0   750.5 0   109.2 0   340.1 0   303.84 0   303.09 0   447.9 0   301.92 0   301.99 0    49.3 0   222.3 0   383.0 0  -107.8 0   275.2 0    26.9 0    21.2 0     7.9 0   292.1 0   980.7 0
 2024 158  6  6 22 17 22.283  57.58   497.0 0   129.8 0   750.0 0   109.6 0   340.3 0   303.85 0   303.04 0   448.6 0   301.80 0   301.91 0    48.7 0   221.4 0   381.9 0  -108.3 0   273.6 0    27.0 0    21.4 0     7.6 0   299.6 0   980.7 0
 2024 158  6  6 22 18 22.300  57.77   494.6 0   129.3 0   750.1 0   109.7 0   340.4 0   303.85 0   303.06 0   448.4 0   301.70 0   301.80 0    48.1 0   220.3 0   380.4 0  -108.0 0   272.4 0    27.1 0    21.0 0     8.5 0   295.5 0   980.7 0
 2024 158  6  6 22 19 22.317  57.96   492.9 0   129.5 0   749.6 0   109.5 0   339.7 0   303.84 0   302.91 0   446.5 0   301.59 0   301.66 0    47.5 0   219.3 0   377.6 0  -106.8 0   270.8 0    26.9 0    19.2 0    10.7 0   294.4 0   980.7 0
 2024 158  6  6 22 20 22.333  58.15   490.6 0   129.4 0   751.1 0   109.2 0   340.4 0   303.83 0   302.95 0   446.0 0   301.46 0   301.55 0    46.9 0   218.4 0   376.1 0  -105.6 0   270.5 0    26.8 0    20.1 0     8.7 0   290.8 0   980.7 0
 2024 158  6  6 22 21 22.350  58.34   484.9 0   128.3 0   744.7 0   109.0 0   340.5 0   303.81 0   302.84 0   445.4 0   301.34 0   301.43 0    46.2 0   216.2 0   371.6 0  -104.8 0   266.7 0    26.7 0    19.8 0    11.0 0   295.8 0   980.6 0
 2024 158  6  6 22 22 22.367  58.54   479.2 0   126.8 0   738.0 0   109.2 0   340.2 0   303.79 0   302.86 0   445.8 0   301.23 0   301.34 0    45.4 0   214.0 0   367.6 0  -105.5 0   262.1 0    26.7 0    20.6 0     9.3 0   299.8 0   980.6 0
 2024 158  6  6 22 23 22.383  58.73   475.7 0   126.0 0   735.5 0   109.1 0   340.4 0   303.77 0   302.74 0   445.2 0   301.13 0   301.23 0    44.8 0   212.5 0   364.9 0  -104.7 0   260.2 0    26.7 0    20.0 0    10.5 0   305.4 0   980.6 0
 2024 158  6  6 22 24 22.400  58.92   472.7 0   125.4 0   734.8 0   108.9 0   340.7 0   303.75 0   302.84 0   444.9 0   301.03 0   301.14 0    44.2 0   211.3 0   362.9 0  -104.2 0   258.7 0    26.7 0    19.9 0    10.5 0   303.7 0   980.6 0
 2024 158  6  6 22 25 22.417  59.11   471.3 0   125.1 0   735.5 0   108.7 0   340.4 0   303.73 0   302.75 0   444.4 0   300.95 0   301.06 0    43.6 0   210.3 0   361.2 0  -104.0 0   257.2 0    26.6 0    19.7 0    10.8 0   301.0 0   980.6 0
 2024 158  6  6 22 26 22.433  59.30   466.6 0   124.2 0   731.6 0   108.5 0   340.4 0   303.71 0   302.72 0   443.8 0   300.86 0   300.98 0    43.0 0   208.4 0   357.8 0  -103.3 0   254.5 0    26.6 0    19.8 0    10.4 0   301.3 0   980.6 0
 2024 158  6  6 22 27 22.450  59.49   463.0 0   123.1 0   728.9 0   108.4 0   340.8 0   303.69 0   302.74 0   443.9 0   300.78 0   300.91 0    42.4 0   207.0 0   355.4 0  -103.1 0   252.3 0    26.6 0    20.0 0    10.7 0   296.3 0   980.6 0
 2024 158  6  6 22 28 22.467  59.68   460.0 0   122.4 0   727.7 0   108.2 0   340.9 0   303.68 0   302.74 0   443.6 0   300.71 0   300.85 0    41.8 0   205.7 0   353.2 0  -102.7 0   250.5 0    26.6 0    20.1 0    10.1 0   294.9 0   980.6 0
 2024 158  6  6 22 29 22.483  59.87   456.6 0   121.4 0   727.0 0   107.9 0   341.2 0   303.67 0   302.79 0   444.3 0   300.65 0   300.82 0    41.2 0   204.4 0   351.5 0  -103.1 0   248.4 0    26.6 0    20.9 0     9.2 0   299.3 0   980.6 0
 2024 158  6  6 22 30 22.500  60.06   454.6 0   120.9 0   727.9 0   107.5 0   341.1 0   303.66 0   302.77 0   444.3 0   300.61 0   300.77 0    40.7 0   203.5 0   349.9 0  -103.2 0   246.7 0    26.7 0    20.5 0     9.5 0   303.9 0   980.6 0
 2024 158  6  6 22 31 22.517  60.25   451.3 0   120.0 0   726.6 0   107.1 0   341.1 0   303.65 0   302.73 0   444.3 0   300.57 0   300.75 0    40.2 0   202.1 0   347.6 0  -103.2 0   244.4 0    26.7 0    20.5 0     9.2 0   305.5 0   980.6 0
 2024 158  6  6 22 32 22.533  60.44   447.2 0   119.1 0   724.6 0   106.9 0   341.4 0   303.65 0   302.84 0   444.6 0   300.54 0   300.74 0    39.6 0   200.7 0   345.2 0  -103.1 0   242.1 0    26.7 0    21.1 0     8.4 0   299.5 0   980.6 0
 2024 158  6  6 22 33 22.550  60.63   444.1 0   118.2 0   722.7 0   106.7 0   341.3 0   303.65 0   302.77 0   444.6 0   300.53 0   300.72 0    39.1 0   199.3 0   343.0 0  -103.4 0   239.6 0    26.8 0    20.3 0    10.2 0   306.6 0   980.6 0
 2024 158  6  6 22 34 22.567  60.82   439.8 0   117.3 0   718.1 0   106.6 0   341.7 0   303.64 0   302.74 0   444.3 0   300.51 0   300.69 0    38.5 0   197.5 0   339.5 0  -102.6 0   236.9 0    26.7 0    20.7 0    10.3 0   305.3 0   980.6 0
 2024 158  6  6 22 35 22.583  61.01   437.1 0   117.1 0   716.1 0   106.5 0   341.8 0   303.62 0   302.66 0   443.5 0   300.48 0   300.64 0    37.9 0   196.1 0   336.5 0  -101.7 0   234.8 0    26.7 0    20.2 0    11.5 0   300.1 0   980.6 0
 2024 158  6  6 22 36 22.600  61.20   433.1 0   116.4 0   712.9 0   106.5 0   341.7 0   303.61 0   302.69 0   443.6 0   300.44 0   300.61 0    37.4 0   194.6 0   333.6 0  -101.9 0   231.7 0    26.6 0    20.9 0    10.2 0   304.3 0   980.6 0
 2024 158  6  6 22 37 22.617  61.39   429.3 0   115.4 0   710.2 0   106.4 0   341.7 0   303.60 0   302.71 0   443.6 0   300.41 0   300.59 0    36.9 0   193.0 0   331.1 0  -101.9 0   229.2 0    26.6 0    21.3 0     8.4 0   310.5 0   980.6 0
 2024 158  6  6 22 38 22.633  61.58   424.0 0   114.2 0   704.6 0   106.4 0   341.8 0   303.59 0   302.67 0   442.8 0   300.39 0   300.54 0    36.3 0   191.0 0   327.5 0  -101.0 0   226.5 0    26.6 0    20.0 0    10.6 0   312.8 0   980.6 0
 2024 158  6  6 22 39 22.650  61.77   419.0 0   113.1 0   698.8 0   106.3 0   342.3 0   303.59 0   302.74 0   442.5 0   300.35 0   300.52 0    35.7 0   189.1 0   323.7 0  -100.2 0   223.6 0    26.5 0    20.6 0     9.6 0   310.5 0   980.6 0
 2024 158  6  6 22 40 22.667  61.96   414.9 0   111.9 0   695.4 0   106.3 0   342.6 0   303.59 0   302.73 0   443.4 0   300.33 0   300.51 0    35.2 0   187.5 0   321.3 0  -100.7 0   220.6 0    26.6 0    21.8 0     7.6 0   307.9 0   980.6 0
 2024 158  6  6 22 41 22.683  62.15   413.1 0   111.6 0   695.6 0   106.2 0   342.5 0   303.59 0   302.76 0   443.0 0   300.32 0   300.50 0    34.7 0   186.6 0   319.7 0  -100.5 0   219.1 0    26.6 0    20.8 0     9.3 0   300.7 0   980.6 0
 2024 158  6  6 22 42 22.700  62.34   408.5 0   110.6 0   691.2 0   106.1 0   342.7 0   303.60 0   302.78 0   442.9 0   300.30 0   300.49 0    34.2 0   184.7 0   316.3 0  -100.2 0   216.2 0    26.6 0    21.0 0     8.8 0   301.7 0   980.6 0
 2024 158  6  6 22 43 22.717  62.53   405.1 0   109.8 0   688.5 0   105.9 0   342.8 0   303.60 0   302.74 0   442.9 0   300.28 0   300.48 0    33.7 0   183.3 0   313.7 0  -100.1 0   213.6 0    26.6 0    21.6 0     8.8 0   303.3 0   980.6 0
 2024 158  6  6 22 44 22.733  62.71   402.9 0   109.4 0   689.0 0   105.7 0   342.8 0   303.59 0   302.71 0   443.0 0   300.28 0   300.47 0    33.3 0   182.4 0   312.2 0  -100.2 0   212.0 0    26.6 0    21.3 0     7.9 0   300.1 0   980.6 0
 2024 158  6  6 22 45 22.750  62.90   400.8 0   109.2 0   690.6 0   105.5 0   343.5 0   303.59 0   302.77 0   442.9 0   300.27 0   300.47 0    32.8 0   181.6 0   310.9 0   -99.4 0   211.5 0    26.7 0    21.1 0     7.9 0   304.7 0   980.6 0
 2024 158  6  6 22 46 22.767  63.09   395.9 0   108.0 0   686.2 0   105.2 0   343.4 0   303.60 0   302.84 0   443.0 0   300.27 0   300.47 0    32.3 0   179.7 0   307.8 0   -99.6 0   208.2 0    26.7 0    21.5 0     7.7 0   302.8 0   980.6 0
 2024 158  6  6 22 47 22.783  63.28   391.1 0   106.9 0   680.5 0   105.0 0   343.8 0   303.61 0   302.80 0   442.9 0   300.27 0   300.46 0    31.8 0   177.8 0   304.1 0   -99.0 0   205.0 0    26.7 0    21.2 0     7.3 0   302.2 0   980.6 0
 2024 158  6  6 22 48 22.800  63.47   386.5 0   105.7 0   676.2 0   104.7 0   344.4 0   303.62 0   302.89 0   443.6 0   300.27 0   300.48 0    31.2 0   175.9 0   301.0 0   -99.2 0   201.8 0    26.7 0    22.4 0     6.7 0   309.6 0   980.6 0
 2024 158  6  6 22 49 22.817  63.66   383.8 0   105.1 0   676.2 0   104.4 0   344.6 0   303.64 0   302.96 0   444.1 0   300.28 0   300.50 0    30.8 0   174.8 0   299.3 0   -99.5 0   199.7 0    26.8 0    22.7 0     6.1 0   296.4 0   980.6 0
 2024 158  6  6 22 50 22.833  63.85   381.1 0   104.5 0   675.0 0   103.9 0   344.6 0   303.66 0   302.95 0   444.0 0   300.30 0   300.51 0    30.3 0   173.5 0   296.8 0   -99.4 0   197.4 0    26.9 0    22.4 0     7.1 0   301.5 0   980.6 0
 2024 158  6  6 22 51 22.850  64.04   379.7 0   104.6 0   678.9 0   103.4 0   344.7 0   303.67 0   302.95 0   443.4 0   300.31 0   300.52 0    29.9 0   172.8 0   296.0 0   -98.7 0   197.2 0    26.9 0    22.5 0     7.7 0   284.9 0   980.6 0
 2024 158  6  6 22 52 22.867  64.23   376.4 0   104.0 0   677.8 0   102.7 0   344.1 0   303.68 0   302.92 0   443.6 0   300.32 0   300.52 0    29.4 0   171.2 0   293.4 0   -99.5 0   193.9 0    26.9 0    22.5 0     8.6 0   297.1 0   980.6 0
 2024 158  6  6 22 53 22.883  64.42   374.0 0   103.6 0   676.4 0   102.1 0   343.5 0   303.68 0   302.87 0   443.1 0   300.32 0   300.51 0    29.0 0   169.6 0   290.7 0   -99.5 0   191.1 0    26.8 0    22.6 0     8.0 0   300.4 0   980.6 0
 2024 158  6  6 22 54 22.900  64.60   369.9 0   103.0 0   674.6 0   101.3 0   342.8 0   303.68 0   302.87 0   442.6 0   300.32 0   300.49 0    28.5 0   168.1 0   287.6 0   -99.8 0   187.8 0    26.8 0    22.5 0     8.6 0   301.3 0   980.6 0
 2024 158  6  6 22 55 22.917  64.79   368.2 0   102.9 0   676.8 0   100.6 0   341.7 0   303.67 0   302.73 0   442.2 0   300.32 0   300.47 0    28.1 0   167.2 0   286.0 0  -100.6 0   185.4 0    26.8 0    22.0 0     8.6 0   299.3 0   980.7 0
 2024 158  6  6 22 56 22.933  64.98   365.3 0   102.4 0   676.3 0    99.8 0   341.2 0   303.65 0   302.69 0   441.6 0   300.30 0   300.46 0    27.7 0   165.8 0   283.4 0  -100.3 0   183.1 0    26.7 0    21.1 0     9.3 0   296.6 0   980.6 0
 2024 158  6  6 22 57 22.950  65.17   363.0 0   102.4 0   676.2 0    99.1 0   341.0 0   303.62 0   302.58 0   440.6 0   300.28 0   300.40 0    27.3 0   164.6 0   280.6 0   -99.7 0   181.0 0    26.6 0    20.7 0    12.1 0   301.3 0   980.7 0
 2024 158  6  6 22 58 22.967  65.36   359.8 0   102.1 0   674.7 0    98.4 0   340.6 0   303.59 0   302.54 0   440.0 0   300.23 0   300.34 0    26.9 0   163.1 0   277.6 0   -99.4 0   178.2 0    26.4 0    20.7 0    11.3 0   302.1 0   980.7 0
 2024 158  6  6 22 59 22.983  65.54   355.6 0   101.2 0   671.3 0    97.8 0   340.5 0   303.55 0   302.51 0   439.7 0   300.18 0   300.30 0    26.4 0   161.4 0   274.5 0   -99.2 0   175.3 0    26.4 0    21.1 0    10.0 0   304.5 0   980.7 0
 2024 158  6  6 23  0 23.000  65.73   351.7 0   100.1 0   668.8 0    97.3 0   340.0 0   303.52 0   302.51 0   439.8 0   300.14 0   300.28 0    26.0 0   159.9 0   272.1 0   -99.8 0   172.3 0    26.4 0    21.8 0     9.4 0   301.0 0   980.7 0
 2024 158  6  6 23  1 23.017  65.92   347.8 0    99.3 0   665.4 0    96.9 0   339.7 0   303.48 0   302.41 0   439.6 0   300.10 0   300.23 0    25.6 0   158.3 0   269.1 0   -99.8 0   169.3 0    26.4 0    21.8 0     9.6 0   304.3 0   980.7 0
 2024 158  6  6 23  2 23.033  66.11   344.0 0    98.3 0   662.2 0    96.5 0   339.3 0   303.46 0   302.48 0   439.5 0   300.07 0   300.21 0    25.2 0   156.7 0   266.4 0  -100.2 0   166.3 0    26.4 0    22.1 0     8.5 0   309.6 0   980.7 0
 2024 158  6  6 23  3 23.050  66.30   340.4 0    97.6 0   660.1 0    96.1 0   339.1 0   303.44 0   302.48 0   439.0 0   300.04 0   300.17 0    24.8 0   155.3 0   263.8 0   -99.9 0   163.9 0    26.3 0    21.2 0    10.8 0   311.3 0   980.7 0
 2024 158  6  6 23  4 23.067  66.48   338.4 0    97.5 0   661.0 0    95.7 0   338.8 0   303.42 0   302.46 0   438.7 0   300.00 0   300.10 0    24.4 0   154.3 0   261.9 0   -99.8 0   162.1 0    26.2 0    21.0 0    11.4 0   313.7 0   980.7 0
 2024 158  6  6 23  5 23.083  66.67   336.0 0    97.0 0   660.6 0    95.2 0   338.9 0   303.39 0   302.31 0   438.5 0   299.95 0   300.06 0    24.0 0   153.1 0   259.8 0   -99.7 0   160.1 0    26.2 0    21.5 0    10.3 0   312.3 0   980.7 0
 2024 158  6  6 23  6 23.100  66.86   331.9 0    96.0 0   657.5 0    94.7 0   339.0 0   303.35 0   302.30 0   438.3 0   299.91 0   300.03 0    23.6 0   151.5 0   257.1 0   -99.3 0   157.8 0    26.2 0    21.6 0     9.5 0   312.8 0   980.7 0
 2024 158  6  6 23  7 23.117  67.05   328.2 0    95.0 0   654.9 0    94.3 0   339.0 0   303.32 0   302.33 0   438.3 0   299.87 0   300.00 0    23.2 0   150.0 0   254.6 0   -99.3 0   155.3 0    26.1 0    21.9 0    10.0 0   310.2 0   980.8 0
 2024 158  6  6 23  8 23.133  67.23   325.0 0    94.3 0   652.6 0    93.9 0   339.0 0   303.30 0   302.33 0   438.3 0   299.84 0   299.97 0    22.8 0   148.6 0   252.2 0   -99.3 0   152.9 0    26.2 0    21.1 0    10.4 0   309.5 0   980.8 0
 2024 158  6  6 23  9 23.150  67.42   321.4 0    93.5 0   650.0 0    93.5 0   339.1 0   303.28 0   302.31 0   437.9 0   299.81 0   299.95 0    22.4 0   147.1 0   249.6 0   -98.7 0   150.9 0    26.1 0    20.9 0     9.5 0   310.4 0   980.8 0
 2024 158  6  6 23 10 23.167  67.61   318.0 0    92.5 0   646.4 0    93.2 0   339.4 0   303.26 0   302.30 0   437.8 0   299.78 0   299.91 0    22.0 0   145.5 0   246.9 0   -98.4 0   148.5 0    26.1 0    21.6 0     9.3 0   314.5 0   980.7 0
 2024 158  6  6 23 11 23.183  67.80   312.5 0    91.0 0   638.5 0    92.9 0   339.4 0   303.25 0   302.32 0   437.7 0   299.76 0   299.89 0    21.6 0   143.4 0   243.2 0   -98.3 0   144.9 0    26.1 0    21.3 0     9.4 0   309.8 0   980.7 0
 2024 158  6  6 23 12 23.200  67.98   306.8 0    89.5 0   630.5 0    92.6 0   339.7 0   303.23 0   302.29 0   437.6 0   299.74 0   299.88 0    21.2 0   141.3 0   239.5 0   -97.9 0   141.5 0    26.1 0    21.4 0     8.9 0   310.4 0   980.8 0
 2024 158  6  6 23 13 23.217  68.17   303.9 0    88.9 0   629.0 0    92.4 0   339.9 0   303.22 0   302.29 0   437.6 0   299.72 0   299.86 0    20.8 0   140.1 0   237.4 0   -97.7 0   139.7 0    26.1 0    22.1 0     9.3 0   309.5 0   980.8 0
 2024 158  6  6 23 14 23.233  68.36   299.3 0    87.7 0   623.4 0    92.0 0   340.3 0   303.20 0   302.32 0   437.7 0   299.70 0   299.85 0    20.4 0   138.2 0   234.2 0   -97.4 0   136.8 0    26.1 0    22.7 0     8.1 0   306.0 0   980.8 0
 2024 158  6  6 23 15 23.250  68.54   295.8 0    87.0 0   621.2 0    91.7 0   340.2 0   303.19 0   302.32 0   437.7 0   299.69 0   299.84 0    20.0 0   136.9 0   231.9 0   -97.5 0   134.4 0    26.2 0    23.1 0     8.3 0   311.2 0   980.8 0
 2024 158  6  6 23 16 23.267  68.73   293.4 0    86.5 0   621.1 0    91.2 0   340.5 0   303.19 0   302.35 0   437.7 0   299.68 0   299.81 0    19.7 0   135.8 0   230.0 0   -97.2 0   132.8 0    26.1 0    23.0 0     9.0 0   315.4 0   980.8 0
 2024 158  6  6 23 17 23.283  68.92   291.4 0    86.2 0   623.5 0    90.8 0   340.7 0   303.19 0   302.38 0   437.9 0   299.66 0   299.81 0    19.3 0   135.0 0   228.9 0   -97.2 0   131.6 0    26.2 0    23.7 0     8.4 0   306.7 0   980.8 0
 2024 158  6  6 23 18 23.300  69.10   288.5 0    85.6 0   621.9 0    90.2 0   340.1 0   303.18 0   302.28 0   437.7 0   299.65 0   299.80 0    19.0 0   133.5 0   226.5 0   -97.7 0   128.8 0    26.2 0    23.0 0     9.1 0   307.7 0   980.8 0
 2024 158  6  6 23 19 23.317  69.29   285.9 0    85.0 0   620.3 0    89.6 0   339.9 0   303.16 0   302.19 0   437.4 0   299.64 0   299.77 0    18.6 0   132.1 0   224.0 0   -97.5 0   126.6 0    26.1 0    22.4 0     8.8 0   307.6 0   980.8 0
 2024 158  6  6 23 20 23.333  69.47   282.1 0    83.9 0   615.5 0    88.9 0   340.1 0   303.13 0   302.18 0   437.2 0   299.63 0   299.75 0    18.3 0   130.3 0   220.8 0   -97.1 0   123.7 0    26.1 0    22.9 0     7.9 0   306.6 0   980.9 0
 2024 158  6  6 23 21 23.350  69.66   278.5 0    83.2 0   613.5 0    88.2 0   339.7 0   303.11 0   302.17 0   436.9 0   299.61 0   299.74 0    17.9 0   129.0 0   218.3 0   -97.3 0   121.0 0    26.1 0    22.6 0     9.4 0   302.1 0   980.9 0
 2024 158  6  6 23 22 23.367  69.85   275.3 0    82.5 0   610.5 0    87.5 0   339.7 0   303.08 0   302.08 0   436.7 0   299.60 0   299.72 0    17.6 0   127.4 0   215.3 0   -97.0 0   118.4 0    26.1 0    21.4 0    11.2 0   304.2 0   980.9 0
 2024 158  6  6 23 23 23.383  70.03   271.1 0    81.4 0   605.4 0    86.6 0   340.0 0   303.04 0   302.02 0   436.3 0   299.57 0   299.69 0    17.2 0   125.5 0   211.9 0   -96.3 0   115.6 0    26.0 0    21.6 0    10.4 0   304.1 0   980.9 0
 2024 158  6  6 23 24 23.400  70.22   269.4 0    81.3 0   609.1 0    85.9 0   339.9 0   303.00 0   302.02 0   435.9 0   299.55 0   299.67 0    16.9 0   124.9 0   210.7 0   -96.0 0   114.7 0    26.0 0    21.5 0     9.8 0   300.1 0   980.9 0
 2024 158  6  6 23 25 23.417  70.40   269.6 0    81.7 0   617.2 0    85.0 0   339.7 0   302.97 0   301.97 0   436.0 0   299.52 0   299.65 0    16.7 0   124.6 0   210.3 0   -96.3 0   114.1 0    26.0 0    21.9 0    11.2 0   301.5 0   980.9 0
 2024 158  6  6 23 26 23.433  70.59   267.5 0    81.4 0   621.1 0    84.0 0   339.6 0   302.94 0   301.99 0   435.9 0   299.50 0   299.63 0    16.4 0   123.8 0   209.1 0   -96.3 0   112.8 0    26.0 0    22.9 0     9.1 0   306.5 0   980.9 0
 2024 158  6  6 23 27 23.450  70.77   262.6 0    80.0 0   617.1 0    83.1 0   339.3 0   302.92 0   302.02 0   435.7 0   299.48 0   299.60 0    16.1 0   122.0 0   206.3 0   -96.4 0   109.9 0    26.0 0    23.6 0     7.8 0   313.4 0   980.9 0
 2024 158  6  6 23 28 23.467  70.96   258.3 0    78.9 0   612.2 0    82.1 0   338.9 0   302.91 0   301.98 0   435.5 0   299.46 0   299.58 0    15.8 0   120.1 0   202.9 0   -96.6 0   106.3 0    25.9 0    23.0 0     9.1 0   314.0 0   980.9 0
 2024 158  6  6 23 29 23.483  71.14   255.5 0    78.4 0   612.3 0    81.2 0   338.9 0   302.88 0   301.90 0   435.1 0   299.44 0   299.55 0    15.5 0   119.0 0   200.7 0   -96.2 0   104.5 0    25.9 0    22.9 0     9.5 0   311.8 0   980.9 0
 2024 158  6  6 23 30 23.500  71.33   254.1 0    78.2 0   616.0 0    80.2 0   338.6 0   302.85 0   301.90 0   435.3 0   299.41 0   299.52 0    15.2 0   118.0 0   199.2 0   -96.7 0   102.6 0    25.9 0    22.9 0    10.6 0   306.6 0   980.9 0
 2024 158  6  6 23 31 23.517  71.51   251.8 0    77.7 0   616.5 0    79.3 0   338.5 0   302.82 0   301.78 0   435.2 0   299.38 0   299.49 0    14.9 0   116.8 0   197.1 0   -96.7 0   100.4 0    25.8 0    22.7 0    10.8 0   305.8 0   981.0 0
 2024 158  6  6 23 32 23.533  71.70   247.6 0    76.7 0   612.2 0    78.3 0   338.4 0   302.77 0   301.72 0   435.0 0   299.35 0   299.46 0    14.7 0   115.1 0   193.9 0   -96.5 0    97.4 0    25.8 0    22.8 0    10.0 0   304.6 0   981.0 0
 2024 158  6  6 23 33 23.550  71.88   241.8 0    75.1 0   604.6 0    77.2 0   338.1 0   302.74 0   301.75 0   434.7 0   299.33 0   299.43 0    14.4 0   112.9 0   190.2 0   -96.6 0    93.6 0    25.8 0    23.5 0     9.5 0   305.8 0   981.0 0
 2024 158  6  6 23 34 23.567  72.06   237.4 0    73.9 0   600.4 0    76.3 0   337.7 0   302.71 0   301.78 0   434.4 0   299.30 0   299.41 0    14.1 0   111.2 0   187.3 0   -96.7 0    90.6 0    25.8 0    23.8 0     8.5 0   308.3 0   980.9 0
 2024 158  6  6 23 35 23.583  72.25   236.2 0    73.9 0   606.2 0    75.5 0   337.3 0   302.69 0   301.81 0   434.2 0   299.28 0   299.40 0    13.8 0   110.7 0   186.5 0   -96.9 0    89.6 0    25.8 0    23.9 0     8.4 0   306.1 0   980.9 0
 2024 158  6  6 23 36 23.600  72.43   232.8 0    73.0 0   603.4 0    74.8 0   337.0 0   302.67 0   301.73 0   434.3 0   299.27 0   299.38 0    13.6 0   109.1 0   184.0 0   -97.3 0    86.7 0    25.8 0    23.0 0    10.0 0   301.9 0   981.0 0
 2024 158  6  6 23 37 23.617  72.62   231.3 0    72.6 0   604.4 0    74.3 0   336.8 0   302.64 0   301.64 0   434.1 0   299.25 0   299.35 0    13.3 0   108.1 0   182.2 0   -97.3 0    84.9 0    25.8 0    22.9 0    10.0 0   297.1 0   981.0 0
 2024 158  6  6 23 38 23.633  72.80   227.1 0    71.4 0   597.7 0    73.7 0   336.6 0   302.60 0   301.63 0   434.0 0   299.23 0   299.33 0    13.0 0   106.3 0   179.0 0   -97.3 0    81.7 0    25.8 0    22.8 0     9.9 0   305.3 0   981.0 0
 2024 158  6  6 23 39 23.650  72.98   223.4 0    70.6 0   593.4 0    73.2 0   336.5 0   302.57 0   301.66 0   433.6 0   299.20 0   299.31 0    12.7 0   104.8 0   176.3 0   -97.1 0    79.2 0    25.8 0    23.0 0     9.6 0   307.5 0   981.0 0
 2024 158  6  6 23 40 23.667  73.17   219.9 0    69.6 0   589.2 0    72.9 0   336.3 0   302.55 0   301.62 0   433.2 0   299.18 0   299.29 0    12.5 0   103.3 0   173.8 0   -96.9 0    76.9 0    25.8 0    23.5 0     8.3 0   302.2 0   981.0 0
 2024 158  6  6 23 41 23.683  73.35   216.0 0    68.6 0   582.9 0    72.3 0   336.5 0   302.51 0   301.51 0   433.1 0   299.16 0   299.26 0    12.2 0   101.6 0   170.7 0   -96.6 0    74.1 0    25.7 0    23.0 0     9.7 0   303.9 0   981.0 0
 2024 158  6  6 23 42 23.700  73.53   212.9 0    67.8 0   580.7 0    71.7 0   336.6 0   302.46 0   301.46 0   432.9 0   299.14 0   299.23 0    11.9 0   100.2 0   168.5 0   -96.3 0    72.2 0    25.7 0    23.3 0     8.9 0   301.3 0   981.0 0
 2024 158  6  6 23 43 23.717  73.72   208.9 0    66.8 0   574.2 0    71.0 0   336.8 0   302.42 0   301.45 0   432.7 0   299.11 0   299.21 0    11.7 0    98.5 0   165.3 0   -95.9 0    69.4 0    25.7 0    23.4 0     9.2 0   303.7 0   981.0 0
 2024 158  6  6 23 44 23.733  73.90   205.6 0    66.0 0   572.5 0    70.4 0   336.8 0   302.39 0   301.48 0   432.3 0   299.09 0   299.18 0    11.4 0    97.2 0   163.1 0   -95.6 0    67.6 0    25.6 0    24.4 0     7.8 0   309.9 0   981.0 0
 2024 158  6  6 23 45 23.750  74.08   203.2 0    65.5 0   573.2 0    69.7 0   336.6 0   302.37 0   301.53 0   432.4 0   299.06 0   299.16 0    11.2 0    96.2 0   161.4 0   -95.8 0    65.6 0    25.6 0    23.6 0     9.6 0   306.3 0   981.0 0
 2024 158  6  6 23 46 23.767  74.27   201.7 0    65.3 0   576.4 0    69.2 0   336.7 0   302.35 0   301.44 0   432.2 0   299.04 0   299.13 0    10.9 0    95.4 0   160.2 0   -95.5 0    64.7 0    25.6 0    24.3 0     7.7 0   305.7 0   981.0 0
 2024 158  6  6 23 47 23.783  74.45   198.5 0    64.5 0   574.1 0    68.4 0   336.5 0   302.32 0   301.39 0   432.2 0   299.01 0   299.10 0    10.7 0    94.0 0   157.9 0   -95.7 0    62.2 0    25.6 0    23.6 0    10.5 0   304.5 0   981.0 0
 2024 158  6  6 23 48 23.800  74.63 -9999.9 1    63.5 0   569.3 0    67.7 0   336.3 0   302.28 0   301.33 0   431.9 0   298.99 0   299.06 0    10.4 0    92.4 0   155.1 0   -95.6 0    59.6 0    25.5 0    24.5 0     7.5 0   305.4 0   981.0 0
 2024 158  6  6 23 49 23.817  74.81 -9999.9 1    63.0 0   569.0 0    67.1 0   336.2 0   302.24 0   301.28 0   432.0 0   298.96 0   299.03 0    10.2 0    91.3 0   153.1 0   -95.9 0    57.3 0    25.5 0    23.7 0    10.7 0   308.4 0   981.0 0
 2024 158  6  6 23 50 23.833  74.99 -9999.9 1    62.3 0   565.4 0    66.5 0   336.1 0   302.20 0   301.21 0   431.8 0   298.92 0   299.00 0    10.0 0    90.0 0   150.6 0   -95.7 0    54.9 0    25.5 0    23.7 0    10.2 0   308.1 0   981.0 0
 2024 158  6  6 23 51 23.850  75.18   186.2 0    61.2 0   559.5 0    65.8 0   336.0 0   302.15 0   301.16 0   431.7 0   298.89 0   298.97 0     9.8 0    88.3 0   147.7 0   -95.7 0    52.1 0    25.4 0    23.2 0    11.6 0   308.6 0   981.0 0
 2024 158  6  6 23 52 23.867  75.36   182.2 0    60.1 0   553.0 0    65.2 0   335.9 0   302.10 0   301.11 0   431.3 0   298.86 0   298.93 0     9.5 0    86.7 0   144.8 0   -95.4 0    49.4 0    25.4 0    23.8 0    10.5 0   308.7 0   981.0 0
 2024 158  6  6 23 53 23.883  75.54   179.4 0    59.5 0   550.5 0    64.6 0   336.0 0   302.05 0   301.03 0   431.2 0   298.83 0   298.89 0     9.3 0    85.4 0   142.6 0   -95.2 0    47.4 0    25.4 0    23.9 0    10.8 0   313.2 0   981.0 0
 2024 158  6  6 23 54 23.900  75.72   176.4 0    58.7 0   546.5 0    64.1 0   336.0 0   302.00 0   300.96 0   431.1 0   298.79 0   298.85 0     9.1 0    84.0 0   140.2 0   -95.0 0    45.2 0    25.3 0    23.9 0    10.7 0   307.7 0   981.0 0
 2024 158  6  6 23 55 23.917  75.90   174.1 0    58.1 0   545.5 0    63.6 0   335.9 0   301.94 0   300.92 0   430.9 0   298.76 0   298.83 0     8.9 0    82.9 0   138.4 0   -95.0 0    43.4 0    25.3 0    24.0 0    11.0 0   309.1 0   981.0 0
 2024 158  6  6 23 56 23.933  76.08   171.4 0    57.4 0   543.4 0    63.1 0   335.9 0   301.89 0   300.92 0   430.6 0   298.72 0   298.78 0     8.7 0    81.7 0   136.4 0   -94.7 0    41.7 0    25.3 0    24.4 0     9.7 0   311.5 0   981.0 0
 2024 158  6  6 23 57 23.950  76.26   166.7 0    55.9 0   531.7 0    62.6 0   335.9 0   301.85 0   300.88 0   430.2 0   298.69 0   298.75 0     8.5 0    79.7 0   133.0 0   -94.4 0    38.6 0    25.3 0    24.7 0     9.6 0   312.7 0   981.0 0
 2024 158  6  6 23 58 23.967  76.44   163.1 0    55.0 0   527.4 0    62.1 0   335.9 0   301.81 0   300.88 0   429.8 0   298.66 0   298.72 0     8.3 0    78.3 0   130.7 0   -93.9 0    36.8 0    25.2 0    25.0 0     8.8 0   309.5 0   981.0 0
 2024 158  6  6 23 59 23.983  76.62   159.9 0    54.1 0   522.3 0    61.6 0   335.8 0   301.77 0   300.85 0   429.6 0   298.62 0   298.69 0     8.1 0    76.9 0   128.4 0   -93.8 0    34.6 0    25.2 0    24.9 0     9.4 0   308.9 0   981.0 0
