 Bondville
   40.05  -88.37  213 m version 1
 2008 163  6 11  0  0  0.000  76.30   159.0 0    55.8 0   600.9 0    49.7 0   357.6 0   305.5 0   304.8 0   440.5 0   300.7 0   300.7 0     8.6 0    79.0 0   136.3 0   -82.9 0    53.3 0    26.6 0    49.9 0     3.5 0   246.6 0   989.4 0
 2008 163  6 11  0  3  0.050  76.84   150.2 0    53.6 0   590.1 0    48.8 0   356.7 0   305.3 0   304.7 0   439.6 0   300.6 0   300.7 0     8.0 0    75.3 0   129.5 0   -82.9 0    46.6 0    26.7 0    50.1 0     3.4 0   245.9 0   989.4 0
 2008 163  6 11  0  6  0.100  77.38   141.4 0    51.3 0   577.3 0    47.7 0   356.5 0   305.2 0   304.6 0   438.7 0   300.6 0   300.6 0     7.4 0    71.5 0   122.6 0   -82.1 0    40.4 0    26.6 0    52.0 0     3.4 0   236.0 0   989.4 0
 2008 163  6 11  0  9  0.150  77.91   131.5 0    48.5 0   557.9 0    46.7 0   356.7 0   305.1 0   304.4 0   438.0 0   300.5 0   300.5 0     6.8 0    67.2 0   115.1 0   -81.3 0    33.8 0    26.4 0    54.1 0     3.3 0   234.1 0   989.4 0
 2008 163  6 11  0 12  0.200  78.45   122.1 0    45.7 0   539.5 0    45.6 0   356.4 0   305.0 0   304.3 0   437.5 0   300.4 0   300.4 0     6.2 0    63.1 0   108.0 0   -81.1 0    26.9 0    26.3 0    54.2 0     3.5 0   239.2 0   989.4 0
 2008 163  6 11  0 15  0.250  78.98   113.6 0    43.3 0   524.4 0    44.4 0   356.0 0   304.8 0   304.2 0   436.8 0   300.3 0   300.3 0     5.7 0    59.4 0   101.3 0   -80.8 0    20.5 0    26.3 0    54.5 0     3.4 0   239.8 0   989.4 0
 2008 163  6 11  0 18  0.300  79.51   105.7 0    41.2 0   511.6 0    43.2 0   356.1 0   304.7 0   304.0 0   436.3 0   300.2 0   300.2 0     5.2 0    56.0 0    95.2 0   -80.2 0    15.0 0    26.2 0    54.2 0     3.4 0   242.8 0   989.4 0
 2008 163  6 11  0 21  0.350  80.04    97.7 0    38.8 0   495.2 0    41.9 0   356.2 0   304.5 0   303.9 0   435.3 0   300.1 0   300.1 0     4.7 0    52.5 0    88.8 0   -79.1 0     9.7 0    26.1 0    54.8 0     3.2 0   242.8 0   989.4 0
 2008 163  6 11  0 24  0.400  80.57    90.3 0    36.4 0   479.7 0    40.7 0   356.4 0   304.3 0   303.7 0   434.7 0   300.0 0   300.0 0     4.3 0    49.2 0    82.9 0   -78.2 0     4.7 0    26.1 0    54.0 0     3.2 0   245.2 0   989.5 0
 2008 163  6 11  0 27  0.450  81.09    83.1 0    34.1 0   464.5 0    39.3 0   356.5 0   304.2 0   303.5 0   434.2 0   299.9 0   299.9 0     3.9 0    46.0 0    77.2 0   -77.7 0    -0.5 0    26.1 0    53.3 0     3.1 0   246.7 0   989.5 0
 2008 163  6 11  0 30  0.500  81.61    75.7 0    31.6 0   445.2 0    37.9 0   356.5 0   304.0 0   303.4 0   433.4 0   299.8 0   299.8 0     3.5 0    42.5 0    71.2 0   -77.0 0    -5.7 0    26.2 0    52.7 0     3.1 0   246.0 0   989.5 0
 2008 163  6 11  0 33  0.550  82.13    68.4 0    29.3 0   425.0 0    36.4 0   356.2 0   303.8 0   303.2 0   432.7 0   299.7 0   299.7 0     3.2 0    39.2 0    65.3 0   -76.5 0   -11.2 0    26.1 0    53.1 0     3.0 0   245.8 0   989.6 0
 2008 163  6 11  0 36  0.600  82.65    61.5 0    27.0 0   405.9 0    34.8 0   355.8 0   303.6 0   303.0 0   431.8 0   299.7 0   299.7 0     2.8 0    35.9 0    59.7 0   -76.0 0   -16.3 0    26.1 0    54.0 0     3.1 0   240.6 0   989.6 0
 2008 163  6 11  0 39  0.650  83.16    54.8 0    24.8 0   384.5 0    33.2 0   355.6 0   303.4 0   302.8 0   430.7 0   299.6 0   299.6 0     2.5 0    32.3 0    54.2 0   -75.1 0   -21.0 0    25.9 0    56.0 0     3.1 0   236.3 0   989.6 0
 2008 163  6 11  0 42  0.700  83.68    48.5 0    22.8 0   366.0 0    31.5 0   355.3 0   303.2 0   302.6 0   430.1 0   299.4 0   299.4 0     2.2 0    29.0 0    49.0 0   -74.7 0   -25.7 0    25.7 0    57.2 0     3.3 0   235.2 0   989.7 0
 2008 163  6 11  0 45  0.750  84.18    42.3 0    20.6 0   344.7 0    29.9 0   355.3 0   303.0 0   302.4 0   429.2 0   299.3 0   299.3 0     1.9 0    25.7 0    44.2 0   -74.0 0   -29.8 0    25.6 0    57.8 0     3.3 0   233.1 0   989.7 0
 2008 163  6 11  0 48  0.800  84.69    36.4 0    18.3 0   318.3 0    28.2 0   355.0 0   302.8 0   302.2 0   428.4 0   299.2 0   299.2 0     1.7 0    22.5 0    39.4 0   -73.5 0   -34.1 0    25.5 0    58.1 0     3.1 0   232.3 0   989.7 0
 2008 163  6 11  0 51  0.850  85.19    30.8 0    15.9 0   289.8 0    26.4 0   354.8 0   302.6 0   302.0 0   427.3 0   299.1 0   299.1 0     1.5 0    19.4 0    34.8 0   -72.5 0   -37.6 0    25.5 0    58.6 0     3.0 0   226.4 0   989.7 0
 2008 163  6 11  0 54  0.900  85.69    25.3 0    13.6 0   261.3 0    24.6 0   354.9 0   302.4 0   301.8 0   426.6 0   298.9 0   299.0 0     1.3 0    16.7 0    30.7 0   -71.6 0   -41.0 0    25.5 0    58.0 0     3.0 0   224.4 0   989.7 0
 2008 163  6 11  0 57  0.950  86.18    19.1 0    11.5 0   233.7 0    22.6 0   355.3 0   302.1 0   301.5 0   426.3 0   298.9 0   298.9 0     1.1 0    14.3 0    26.6 0   -71.0 0   -44.4 0    25.6 0    57.7 0     3.2 0   227.9 0   989.7 0
 2008 163  6 11  1  0  1.000  86.66    12.7 0     9.7 0   206.5 0    20.5 0   355.4 0   301.9 0   301.3 0   426.0 0   298.8 0   298.8 0     0.9 0    12.2 0    22.8 0   -70.6 0   -47.7 0    25.6 0    58.4 0     3.3 0   223.8 0   989.7 0
 2008 163  6 11  1  3  1.050  87.14     7.9 0     8.2 0   178.6 0    18.4 0   355.1 0   301.6 0   301.0 0   425.2 0   298.7 0   298.7 0     0.8 0    10.3 0    19.0 0   -70.1 0   -51.1 0    25.4 0    58.4 0     3.4 0   222.7 0   989.7 0
 2008 163  6 11  1  6  1.100  87.61     5.7 0     6.8 0   151.7 0    16.4 0   354.1 0   301.4 0   300.8 0   424.7 0   298.6 0   298.6 0     0.6 0     8.6 0    15.9 0   -70.6 0   -54.6 0    25.3 0    57.8 0     3.5 0   221.8 0   989.7 0
 2008 163  6 11  1  9  1.150  88.07     4.3 0     5.4 0   124.0 0    14.5 0   353.7 0   301.2 0   300.6 0   423.6 0   298.5 0   298.4 0     0.5 0     7.1 0    13.3 0   -69.9 0   -56.6 0    25.3 0    57.5 0     3.4 0   219.0 0   989.8 0
 2008 163  6 11  1 12  1.200  88.52     2.9 0     4.4 0    92.4 0    12.6 0   353.2 0   300.9 0   300.3 0   422.2 0   298.3 0   298.3 0     0.4 0     5.8 0    10.6 0   -69.0 0   -58.4 0    25.2 0    58.3 0     3.2 0   218.2 0   989.8 0
 2008 163  6 11  1 15  1.250  88.95     1.3 0     3.1 0    56.1 0    10.7 0 -9999.9 1   300.7 0   300.1 0   421.3 0   298.2 0   298.2 0     0.3 0     4.7 0     8.6 0 -9999.9 1 -9999.9 1    25.0 0    59.5 0     3.4 0   217.8 0   989.8 0
 2008 163  6 11  1 18  1.300  89.36    -0.2 0     2.2 0    34.2 0     8.9 0   352.8 0   300.4 0   299.9 0   420.2 0   298.1 0   298.0 0     0.2 0     3.7 0     7.0 0   -67.4 0   -60.4 0    24.7 0    61.8 0     3.4 0   217.5 0   989.9 0
 2008 163  6 11  1 21  1.350  89.73    -1.7 0     1.2 0     5.7 0     7.1 0   352.6 0   300.2 0   299.6 0   419.9 0   297.9 0   297.9 0     0.2 0     2.8 0     5.9 0   -67.3 0   -61.4 0    24.7 0    59.8 0     3.5 0   221.5 0   989.9 0
 2008 163  6 11  1 24  1.400  90.88    -2.9 0     0.5 0    -2.4 0     5.4 0   351.8 0   299.9 0   299.3 0   419.3 0   297.8 0   297.7 0     0.0 0     2.2 0     4.9 0   -67.5 0   -62.6 0    24.7 0    59.8 0     3.4 0   223.7 0   989.9 0
 2008 163  6 11  1 27  1.450  91.36    -3.8 0     0.2 0    -3.2 0     4.1 0   351.6 0   299.6 0   299.1 0   418.5 0   297.7 0   297.6 0     0.0 0     1.7 0     3.9 0   -67.0 0   -63.1 0    24.6 0    60.0 0     3.4 0   222.7 0   989.9 0
 2008 163  6 11  1 30  1.500  91.85    -4.4 0     0.0 0    -3.9 0     3.4 0   351.6 0   299.4 0   298.8 0   418.0 0   297.6 0   297.5 0     0.0 0     1.2 0     3.4 0   -66.4 0   -63.0 0    24.6 0    59.7 0     3.5 0   221.6 0   989.9 0
 2008 163  6 11  1 33  1.550  92.33    -4.8 0    -0.1 0    -3.9 0     2.7 0   351.2 0   299.1 0   298.6 0   417.1 0   297.5 0   297.4 0     0.0 0     0.8 0     2.7 0   -65.9 0   -63.2 0    24.6 0    60.4 0     3.3 0   222.2 0   989.9 0
 2008 163  6 11  1 36  1.600  92.81    -5.2 0    -0.2 0    -4.0 0     2.1 0   350.6 0   298.9 0   298.4 0   416.0 0   297.4 0   297.3 0     0.0 0     0.6 0     2.1 0   -65.5 0   -63.4 0    24.4 0    60.8 0     3.3 0   219.1 0   989.9 0
 2008 163  6 11  1 39  1.650  93.29    -5.4 0    -0.4 0    -4.0 0     1.7 0   350.0 0   298.7 0   298.2 0   415.1 0   297.2 0   297.2 0     0.0 0     0.4 0     1.7 0   -65.1 0   -63.4 0    24.3 0    62.4 0     3.2 0   214.4 0   989.9 0
 2008 163  6 11  1 42  1.700  93.76    -5.7 0    -0.4 0    -3.8 0     1.3 0   349.4 0   298.5 0   298.0 0   414.3 0   297.1 0   297.0 0     0.0 0     0.3 0     1.3 0   -65.0 0   -63.7 0    24.1 0    68.1 0     3.1 0   206.4 0   990.0 0
 2008 163  6 11  1 45  1.750  94.23    -5.7 0    -0.4 0    -3.5 0     1.1 0   349.5 0   298.3 0   297.8 0   414.2 0   297.0 0   296.9 0     0.0 0     0.2 0     1.1 0   -64.7 0   -63.6 0    23.7 0    69.8 0     3.1 0   201.7 0   990.0 0
 2008 163  6 11  1 48  1.800  94.70    -5.7 0    -0.4 0    -3.2 0     0.9 0   349.6 0   298.1 0   297.6 0   414.3 0   296.8 0   296.7 0     0.0 0     0.1 0     0.9 0   -64.7 0   -63.8 0    23.5 0    70.8 0     3.1 0   199.4 0   990.0 0
 2008 163  6 11  1 51  1.850  95.16    -5.8 0    -0.5 0    -2.8 0     0.7 0   349.3 0   297.9 0   297.5 0   414.4 0   296.6 0   296.6 0     0.0 0     0.1 0     0.7 0   -65.1 0   -64.3 0    23.4 0    70.7 0     3.1 0   202.2 0   990.0 0
 2008 163  6 11  1 54  1.900  95.62    -5.8 0    -0.5 0    -2.4 0     0.7 0   348.9 0   297.8 0   297.3 0   413.9 0   296.5 0   296.4 0     0.0 0     0.1 0     0.7 0   -65.0 0   -64.3 0    23.4 0    70.6 0     2.9 0   200.2 0   990.0 0
 2008 163  6 11  1 57  1.950  96.08    -5.7 0    -0.5 0    -2.2 0     0.7 0   348.4 0   297.7 0   297.2 0   412.9 0   296.4 0   296.3 0     0.0 0     0.0 0     0.0 0   -64.5 0   -64.5 0    23.3 0    71.2 0     2.9 0   194.8 0   990.0 0
 2008 163  6 11  2  0  2.000  96.54    -5.7 0    -0.4 0    -2.1 0     0.7 0   348.2 0   297.5 0   297.1 0   412.4 0   296.3 0   296.2 0     0.0 0     0.0 0     0.0 0   -64.2 0   -64.2 0    23.1 0    72.6 0     3.1 0   191.9 0   990.0 0
 2008 163  6 11  2  3  2.050  96.99    -5.8 0    -0.4 0    -2.0 0     0.7 0   348.0 0   297.4 0   296.9 0   412.1 0   296.1 0   296.1 0     0.0 0     0.0 0     0.0 0   -64.1 0   -64.1 0    23.0 0    72.9 0     3.0 0   188.4 0   990.0 0
 2008 163  6 11  2  6  2.100  97.44    -5.8 0    -0.4 0    -1.8 0     0.7 0   348.0 0   297.3 0   296.8 0   411.8 0   296.0 0   295.9 0     0.0 0     0.0 0     0.0 0   -63.7 0   -63.7 0    22.8 0    74.8 0     3.1 0   189.5 0   990.0 0
 2008 163  6 11  2  9  2.150  97.88    -5.8 0    -0.4 0    -1.7 0     0.7 0   347.8 0   297.2 0   296.7 0   412.0 0   295.9 0   295.8 0     0.0 0     0.0 0     0.0 0   -64.2 0   -64.2 0    22.8 0    75.3 0     3.2 0   192.2 0   990.1 0
 2008 163  6 11  2 12  2.200  98.33    -5.9 0    -0.5 0    -1.3 0     0.7 0   347.5 0   297.1 0   296.6 0   412.2 0   295.8 0   295.7 0     0.0 0     0.0 0     0.0 0   -64.7 0   -64.7 0    22.8 0    75.2 0     3.2 0   194.0 0   990.1 0
 2008 163  6 11  2 15  2.250  98.76    -5.9 0    -0.5 0    -1.1 0     0.7 0   347.0 0   297.0 0   296.5 0   412.0 0   295.7 0   295.6 0     0.0 0     0.0 0     0.0 0   -65.0 0   -65.0 0    22.7 0    75.5 0     3.3 0   190.8 0   990.2 0
 2008 163  6 11  2 18  2.300  99.20    -6.0 0    -0.4 0    -1.0 0     0.7 0   347.1 0   296.9 0   296.5 0   412.6 0   295.6 0   295.5 0     0.0 0     0.0 0     0.0 0   -65.5 0   -65.5 0    22.6 0    75.7 0     3.4 0   190.4 0   990.2 0
 2008 163  6 11  2 21  2.350  99.63    -6.0 0    -0.4 0    -0.6 0     0.7 0   347.0 0   296.8 0   296.4 0   413.2 0   295.5 0   295.5 0     0.0 0     0.0 0     0.0 0   -66.2 0   -66.2 0    22.6 0    75.5 0     3.3 0   193.6 0   990.2 0
 2008 163  6 11  2 24  2.400 100.06    -6.2 0    -0.4 0    -0.4 0     0.7 0   346.9 0   296.8 0   296.4 0   413.2 0   295.5 0   295.4 0     0.0 0     0.0 0     0.0 0   -66.3 0   -66.3 0    22.5 0    76.0 0     3.0 0   190.1 0   990.3 0
 2008 163  6 11  2 27  2.450 100.48    -6.2 0    -0.4 0    -0.4 0     0.7 0   346.8 0   296.7 0   296.3 0   413.2 0   295.4 0   295.3 0     0.0 0     0.0 0     0.0 0   -66.4 0   -66.4 0    22.5 0    75.3 0     3.5 0   193.7 0   990.3 0
 2008 163  6 11  2 30  2.500 100.90    -6.2 0    -0.4 0    -0.3 0     0.7 0   346.4 0   296.7 0   296.3 0   413.2 0   295.3 0   295.3 0     0.0 0     0.0 0     0.0 0   -66.8 0   -66.8 0    22.4 0    75.4 0     3.4 0   193.0 0   990.3 0
 2008 163  6 11  2 33  2.550 101.32    -6.2 0    -0.3 0    -0.2 0     0.7 0   346.3 0   296.7 0   296.2 0   413.2 0   295.3 0   295.2 0     0.0 0     0.0 0     0.0 0   -66.8 0   -66.8 0    22.3 0    75.6 0     3.5 0   192.6 0   990.4 0
 2008 163  6 11  2 36  2.600 101.73    -6.2 0    -0.3 0    -0.2 0     0.7 0   346.1 0   296.6 0   296.2 0   412.7 0   295.2 0   295.1 0     0.0 0     0.0 0     0.0 0   -66.6 0   -66.6 0    22.3 0    76.2 0     3.2 0   193.4 0   990.4 0
 2008 163  6 11  2 39  2.650 102.14    -6.2 0    -0.3 0    -0.2 0     0.7 0   346.0 0   296.6 0   296.2 0   412.4 0   295.1 0   295.1 0     0.0 0     0.0 0     0.0 0   -66.4 0   -66.4 0    22.2 0    76.2 0     3.3 0   193.4 0   990.4 0
 2008 163  6 11  2 42  2.700 102.55    -6.3 0    -0.3 0    -0.2 0     0.7 0   345.6 0   296.6 0   296.1 0   412.2 0   295.1 0   295.0 0     0.0 0     0.0 0     0.0 0   -66.6 0   -66.6 0    22.1 0    76.5 0     3.4 0   191.8 0   990.4 0
 2008 163  6 11  2 45  2.750 102.95    -6.3 0    -0.2 0    -0.2 0     0.7 0   345.6 0   296.6 0   296.1 0   412.1 0   295.0 0   294.9 0     0.0 0     0.0 0     0.0 0   -66.5 0   -66.5 0    22.0 0    77.1 0     3.4 0   192.5 0   990.4 0
 2008 163  6 11  2 48  2.800 103.35    -6.3 0    -0.2 0    -0.2 0     0.7 0   345.8 0   296.5 0   296.1 0   412.1 0   294.9 0   294.9 0     0.0 0     0.0 0     0.0 0   -66.4 0   -66.4 0    22.0 0    77.6 0     3.4 0   192.3 0   990.5 0
 2008 163  6 11  2 51  2.850 103.74    -6.4 0    -0.2 0    -0.1 0     0.7 0   345.8 0   296.5 0   296.1 0   412.3 0   294.9 0   294.8 0     0.0 0     0.0 0     0.0 0   -66.5 0   -66.5 0    21.9 0    77.9 0     3.5 0   191.2 0   990.5 0
 2008 163  6 11  2 54  2.900 104.13    -6.4 0    -0.2 0     0.0 0     0.7 0   345.8 0   296.5 0   296.0 0   412.4 0   294.8 0   294.8 0     0.0 0     0.0 0     0.0 0   -66.6 0   -66.6 0    21.9 0    78.2 0     3.6 0   190.1 0   990.6 0
 2008 163  6 11  2 57  2.950 104.51    -6.4 0    -0.2 0     0.1 0     0.7 0   345.9 0   296.4 0   296.0 0   412.7 0   294.7 0   294.7 0     0.0 0     0.0 0     0.0 0   -66.8 0   -66.8 0    21.8 0    78.2 0     3.6 0   189.1 0   990.6 0
 2008 163  6 11  3  0  3.000 104.89    -6.4 0    -0.2 0     0.2 0     0.7 0   345.8 0   296.4 0   296.0 0   412.4 0   294.7 0   294.7 0     0.0 0     0.0 0     0.0 0   -66.7 0   -66.7 0    21.8 0    78.0 0     3.4 0   188.9 0   990.6 0
 2008 163  6 11  3  3  3.050 105.26    -6.4 0    -0.2 0     0.1 0     0.7 0   345.4 0   296.4 0   296.0 0   411.9 0   294.6 0   294.6 0     0.0 0     0.0 0     0.0 0   -66.6 0   -66.6 0    21.8 0    77.9 0     3.2 0   190.9 0   990.7 0
 2008 163  6 11  3  6  3.100 105.63    -6.3 0    -0.3 0     0.1 0     0.7 0   345.2 0   296.4 0   295.9 0   411.5 0   294.6 0   294.6 0     0.0 0     0.0 0     0.0 0   -66.2 0   -66.2 0    21.8 0    77.9 0     3.4 0   191.3 0   990.7 0
 2008 163  6 11  3  9  3.150 106.00    -6.4 0    -0.3 0    -0.1 0     0.7 0   345.0 0   296.3 0   295.9 0   411.1 0   294.6 0   294.5 0     0.0 0     0.0 0     0.0 0   -66.1 0   -66.1 0    21.7 0    78.1 0     3.3 0   191.4 0   990.8 0
 2008 163  6 11  3 12  3.200 106.36    -6.4 0    -0.3 0    -0.2 0     0.7 0   344.9 0   296.3 0   295.9 0   410.9 0   294.5 0   294.5 0     0.0 0     0.0 0     0.0 0   -66.0 0   -66.0 0    21.7 0    78.3 0     3.4 0   192.1 0   990.8 0
 2008 163  6 11  3 15  3.250 106.72    -6.3 0    -0.2 0    -0.2 0     0.7 0   344.8 0   296.3 0   295.8 0   410.4 0   294.5 0   294.4 0     0.0 0     0.0 0     0.0 0   -65.6 0   -65.6 0    21.6 0    78.7 0     3.2 0   192.5 0   990.8 0
 2008 163  6 11  3 18  3.300 107.07    -6.3 0    -0.2 0    -0.3 0     0.7 0   344.6 0   296.2 0   295.8 0   410.0 0   294.4 0   294.3 0     0.0 0     0.0 0     0.0 0   -65.4 0   -65.4 0    21.5 0    79.0 0     3.3 0   192.1 0   990.8 0
 2008 163  6 11  3 21  3.350 107.41    -6.3 0    -0.2 0    -0.3 0     0.7 0   344.7 0   296.2 0   295.7 0   409.9 0   294.3 0   294.3 0     0.0 0     0.0 0     0.0 0   -65.2 0   -65.2 0    21.4 0    79.2 0     3.4 0   190.5 0   990.9 0
 2008 163  6 11  3 24  3.400 107.75    -6.3 0    -0.2 0    -0.3 0     0.7 0   344.5 0   296.1 0   295.7 0   409.7 0   294.3 0   294.2 0     0.0 0     0.0 0     0.0 0   -65.2 0   -65.2 0    21.4 0    79.6 0     3.3 0   188.9 0   990.9 0
 2008 163  6 11  3 27  3.450 108.09    -6.3 0    -0.2 0    -0.3 0     0.7 0   344.2 0   296.1 0   295.6 0   409.5 0   294.2 0   294.2 0     0.0 0     0.0 0     0.0 0   -65.3 0   -65.3 0    21.3 0    80.2 0     3.4 0   187.6 0   990.9 0
 2008 163  6 11  3 30  3.500 108.42    -6.3 0    -0.3 0    -0.2 0     0.7 0   344.0 0   296.0 0   295.6 0   409.9 0   294.2 0   294.1 0     0.0 0     0.0 0     0.0 0   -65.9 0   -65.9 0    21.3 0    80.2 0     3.6 0   187.0 0   990.9 0
 2008 163  6 11  3 33  3.550 108.75    -6.3 0    -0.3 0    -0.1 0     0.7 0   343.7 0   296.0 0   295.6 0   410.2 0   294.1 0   294.1 0     0.0 0     0.0 0     0.0 0   -66.4 0   -66.4 0    21.3 0    80.6 0     3.4 0   185.3 0   990.9 0
 2008 163  6 11  3 36  3.600 109.07    -6.3 0    -0.2 0     0.0 0     0.7 0   343.5 0   296.0 0   295.5 0   409.8 0   294.1 0   294.0 0     0.0 0     0.0 0     0.0 0   -66.2 0   -66.2 0    21.2 0    80.9 0     3.4 0   183.5 0   990.9 0
 2008 163  6 11  3 39  3.650 109.38    -6.3 0    -0.2 0     0.1 0     0.7 0   343.4 0   295.9 0   295.5 0   410.1 0   294.0 0   294.0 0     0.0 0     0.0 0     0.0 0   -66.7 0   -66.7 0    21.1 0    81.4 0     3.7 0   185.2 0   990.9 0
 2008 163  6 11  3 42  3.700 109.69    -6.4 0    -0.2 0     0.1 0     0.7 0   343.5 0   295.9 0   295.5 0   410.3 0   294.0 0   293.9 0     0.0 0     0.0 0     0.0 0   -66.9 0   -66.9 0    21.1 0    81.3 0     3.7 0   186.5 0   990.9 0
 2008 163  6 11  3 45  3.750 109.99    -6.4 0    -0.3 0     0.2 0     0.7 0   343.3 0   295.9 0   295.4 0   410.5 0   293.9 0   293.9 0     0.0 0     0.0 0     0.0 0   -67.2 0   -67.2 0    21.1 0    81.0 0     3.7 0   188.6 0   990.9 0
 2008 163  6 11  3 48  3.800 110.29    -6.4 0    -0.3 0     0.3 0     0.7 0   343.1 0   295.9 0   295.4 0   410.5 0   293.9 0   293.9 0     0.0 0     0.0 0     0.0 0   -67.4 0   -67.4 0    21.1 0    81.2 0     3.6 0   189.9 0   990.9 0
 2008 163  6 11  3 51  3.850 110.59    -6.4 0    -0.3 0     0.3 0     0.7 0   343.1 0   295.8 0   295.4 0   410.6 0   293.9 0   293.9 0     0.0 0     0.0 0     0.0 0   -67.5 0   -67.5 0    21.1 0    81.1 0     3.7 0   190.8 0   990.9 0
 2008 163  6 11  3 54  3.900 110.87    -6.4 0    -0.3 0     0.3 0     0.7 0   343.1 0   295.8 0   295.4 0   410.7 0   293.9 0   293.8 0     0.0 0     0.0 0     0.0 0   -67.6 0   -67.6 0    21.1 0    80.6 0     3.7 0   191.3 0   990.9 0
 2008 163  6 11  3 57  3.950 111.15    -6.4 0    -0.3 0     0.4 0     0.7 0   343.2 0   295.8 0   295.4 0   410.6 0   293.8 0   293.8 0     0.0 0     0.0 0     0.0 0   -67.5 0   -67.5 0    21.1 0    80.7 0     3.7 0   191.4 0   991.0 0
 2008 163  6 11  4  0  4.000 111.43    -6.5 0    -0.3 0     0.3 0     0.7 0   343.1 0   295.8 0   295.4 0   410.7 0   293.8 0   293.8 0     0.0 0     0.0 0     0.0 0   -67.6 0   -67.6 0    21.0 0    80.6 0     3.9 0   189.3 0   991.0 0
 2008 163  6 11  4  3  4.050 111.70    -6.5 0    -0.3 0     0.4 0     0.7 0   343.3 0   295.8 0   295.3 0   410.9 0   293.8 0   293.8 0     0.0 0     0.0 0     0.0 0   -67.5 0   -67.5 0    21.0 0    80.5 0     3.9 0   190.4 0   991.0 0
 2008 163  6 11  4  6  4.100 111.96    -6.5 0    -0.3 0     0.4 0     0.7 0   343.2 0   295.8 0   295.3 0   411.0 0   293.8 0   293.8 0     0.0 0     0.0 0     0.0 0   -67.7 0   -67.7 0    21.1 0    80.3 0     3.8 0   191.2 0   991.0 0
 2008 163  6 11  4  9  4.150 112.22    -6.6 0    -0.4 0     0.5 0     0.7 0   343.3 0   295.8 0   295.4 0   411.2 0   293.8 0   293.8 0     0.0 0     0.0 0     0.0 0   -67.9 0   -67.9 0    21.1 0    80.0 0     3.9 0   190.6 0   991.0 0
 2008 163  6 11  4 12  4.200 112.47    -6.7 0    -0.4 0     0.6 0     0.7 0   343.3 0   295.8 0   295.4 0   411.2 0   293.8 0   293.8 0     0.0 0     0.0 0     0.0 0   -67.8 0   -67.8 0    21.1 0    79.7 0     3.7 0   190.7 0   991.0 0
 2008 163  6 11  4 15  4.250 112.71    -6.7 0    -0.4 0     0.4 0     0.7 0   343.2 0   295.8 0   295.4 0   410.8 0   293.8 0   293.8 0     0.0 0     0.0 0     0.0 0   -67.6 0   -67.6 0    21.1 0    79.7 0     3.8 0   189.2 0   991.0 0
 2008 163  6 11  4 18  4.300 112.95    -6.6 0    -0.3 0     0.4 0     0.7 0   343.3 0   295.8 0   295.4 0   410.7 0   293.8 0   293.8 0     0.0 0     0.0 0     0.0 0   -67.4 0   -67.4 0    21.1 0    79.6 0     3.8 0   187.9 0   991.0 0
 2008 163  6 11  4 21  4.350 113.18    -6.6 0    -0.3 0     0.4 0     0.7 0   343.3 0   295.8 0   295.4 0   410.7 0   293.8 0   293.8 0     0.0 0     0.0 0     0.0 0   -67.4 0   -67.4 0    21.1 0    79.5 0     3.7 0   188.0 0   991.0 0
 2008 163  6 11  4 24  4.400 113.40    -6.6 0    -0.2 0     0.3 0     0.7 0   343.1 0   295.8 0   295.4 0   410.6 0   293.8 0   293.8 0     0.0 0     0.0 0     0.0 0   -67.5 0   -67.5 0    21.0 0    79.6 0     3.8 0   189.4 0   991.1 0
 2008 163  6 11  4 27  4.450 113.62    -6.6 0    -0.2 0     0.3 0     0.7 0   342.8 0   295.8 0   295.4 0   410.4 0   293.8 0   293.7 0     0.0 0     0.0 0     0.0 0   -67.6 0   -67.6 0    21.0 0    79.8 0     3.8 0   190.6 0   991.0 0
 2008 163  6 11  4 30  4.500 113.83    -6.6 0    -0.3 0     0.2 0     0.7 0   342.3 0   295.8 0   295.4 0   409.8 0   293.7 0   293.7 0     0.0 0     0.0 0     0.0 0   -67.5 0   -67.5 0    20.9 0    80.0 0     3.7 0   188.9 0   991.0 0
 2008 163  6 11  4 33  4.550 114.04    -6.5 0    -0.2 0     0.1 0     0.7 0   342.3 0   295.8 0   295.3 0   409.8 0   293.7 0   293.7 0     0.0 0     0.0 0     0.0 0   -67.5 0   -67.5 0    20.9 0    80.3 0     3.8 0   189.1 0   991.0 0
 2008 163  6 11  4 36  4.600 114.24    -6.5 0    -0.2 0     0.0 0     0.7 0   342.3 0   295.8 0   295.3 0   409.7 0   293.7 0   293.7 0     0.0 0     0.0 0     0.0 0   -67.4 0   -67.4 0    20.9 0    80.4 0     3.9 0   189.4 0   991.1 0
 2008 163  6 11  4 39  4.650 114.43    -6.6 0    -0.3 0     0.0 0     0.7 0   342.5 0   295.7 0   295.3 0   410.0 0   293.7 0   293.6 0     0.0 0     0.0 0     0.0 0   -67.5 0   -67.5 0    20.8 0    80.4 0     3.9 0   189.2 0   991.1 0
 2008 163  6 11  4 42  4.700 114.61    -6.6 0    -0.2 0     0.1 0     0.7 0   342.5 0   295.7 0   295.3 0   410.0 0   293.6 0   293.6 0     0.0 0     0.0 0     0.0 0   -67.5 0   -67.5 0    20.8 0    80.6 0     4.0 0   188.7 0   991.1 0
 2008 163  6 11  4 45  4.750 114.79    -6.7 0    -0.3 0     0.3 0     0.6 0   342.8 0   295.7 0   295.3 0   410.6 0   293.6 0   293.6 0     0.0 0     0.0 0     0.0 0   -67.8 0   -67.8 0    20.8 0    80.4 0     4.1 0   187.7 0   991.1 0
 2008 163  6 11  4 48  4.800 114.96    -6.7 0    -0.4 0     0.4 0     0.6 0   343.1 0   295.7 0   295.3 0   411.0 0   293.6 0   293.6 0     0.0 0     0.0 0     0.0 0   -67.9 0   -67.9 0    20.9 0    79.9 0     4.2 0   187.1 0   991.2 0
 2008 163  6 11  4 51  4.850 115.12    -6.7 0    -0.3 0     0.5 0     0.7 0   343.1 0   295.7 0   295.3 0   410.6 0   293.6 0   293.6 0     0.0 0     0.0 0     0.0 0   -67.5 0   -67.5 0    20.9 0    80.0 0     4.1 0   187.0 0   991.2 0
 2008 163  6 11  4 54  4.900 115.28    -6.6 0    -0.3 0     0.4 0     0.6 0   343.0 0   295.7 0   295.3 0   410.5 0   293.6 0   293.6 0     0.0 0     0.0 0     0.0 0   -67.4 0   -67.4 0    20.9 0    80.2 0     4.1 0   187.8 0   991.2 0
 2008 163  6 11  4 57  4.950 115.43    -6.7 0    -0.3 0     0.3 0     0.6 0   343.0 0   295.7 0   295.3 0   410.6 0   293.6 0   293.6 0     0.0 0     0.0 0     0.0 0   -67.6 0   -67.6 0    20.9 0    80.3 0     4.1 0   189.8 0   991.2 0
 2008 163  6 11  5  0  5.000 115.57    -6.8 0    -0.4 0     0.5 0     0.6 0   342.8 0   295.7 0   295.3 0   411.0 0   293.6 0   293.6 0     0.0 0     0.0 0     0.0 0   -68.2 0   -68.2 0    20.9 0    80.5 0     4.4 0   189.4 0   991.2 0
 2008 163  6 11  5  3  5.050 115.70    -6.9 0    -0.3 0     0.5 0     0.6 0   341.9 0   295.7 0   295.3 0   411.1 0   293.6 0   293.6 0     0.0 0     0.0 0     0.0 0   -69.2 0   -69.2 0    20.8 0    80.8 0     4.5 0   188.7 0   991.2 0
 2008 163  6 11  5  6  5.100 115.83    -6.9 0    -0.2 0     0.4 0     0.6 0   341.3 0   295.7 0   295.3 0   410.9 0   293.6 0   293.6 0     0.0 0     0.0 0     0.0 0   -69.6 0   -69.6 0    20.8 0    81.3 0     4.4 0   188.9 0   991.2 0
 2008 163  6 11  5  9  5.150 115.95    -6.9 0    -0.2 0     0.3 0     0.6 0   341.0 0   295.8 0   295.3 0   410.9 0   293.6 0   293.6 0     0.0 0     0.0 0     0.0 0   -69.9 0   -69.9 0    20.7 0    81.7 0     4.4 0   188.2 0   991.2 0
 2008 163  6 11  5 12  5.200 116.06    -7.0 0    -0.2 0     0.2 0     0.6 0   340.6 0   295.7 0   295.3 0   410.6 0   293.6 0   293.5 0     0.0 0     0.0 0     0.0 0   -70.1 0   -70.1 0    20.7 0    82.1 0     4.4 0   187.1 0   991.2 0
 2008 163  6 11  5 15  5.250 116.17    -7.0 0    -0.2 0     0.2 0     0.6 0   340.6 0   295.7 0   295.3 0   410.6 0   293.5 0   293.5 0     0.0 0     0.0 0     0.0 0   -70.0 0   -70.0 0    20.6 0    82.5 0     4.6 0   187.4 0   991.2 0
 2008 163  6 11  5 18  5.300 116.27    -7.0 0    -0.2 0     0.1 0     0.6 0   340.7 0   295.7 0   295.3 0   410.7 0   293.5 0   293.5 0     0.0 0     0.0 0     0.0 0   -70.0 0   -70.0 0    20.6 0    82.8 0     4.6 0   188.9 0   991.2 0
 2008 163  6 11  5 21  5.350 116.36    -6.9 0    -0.2 0     0.0 0     0.6 0   340.7 0   295.7 0   295.3 0   410.8 0   293.5 0   293.5 0     0.0 0     0.0 0     0.0 0   -70.1 0   -70.1 0    20.6 0    83.1 0     4.6 0   189.8 0   991.3 0
 2008 163  6 11  5 24  5.400 116.44    -7.0 0    -0.2 0     0.1 0     0.6 0   340.7 0   295.7 0   295.2 0   410.7 0   293.5 0   293.4 0     0.0 0     0.0 0     0.0 0   -69.9 0   -69.9 0    20.6 0    83.4 0     4.6 0   188.3 0   991.2 0
 2008 163  6 11  5 27  5.450 116.51    -6.9 0    -0.1 0     0.1 0     0.6 0   340.3 0   295.7 0   295.2 0   410.5 0   293.4 0   293.4 0     0.0 0     0.0 0     0.0 0   -70.2 0   -70.2 0    20.5 0    83.8 0     4.4 0   185.1 0   991.3 0
 2008 163  6 11  5 30  5.500 116.58    -6.9 0    -0.2 0     0.0 0     0.6 0   340.5 0   295.7 0   295.2 0   410.7 0   293.4 0   293.4 0     0.0 0     0.0 0     0.0 0   -70.2 0   -70.2 0    20.5 0    84.0 0     4.4 0   184.4 0   991.3 0
 2008 163  6 11  5 33  5.550 116.64    -6.9 0    -0.2 0     0.2 0     0.6 0   340.5 0   295.7 0   295.2 0   411.0 0   293.4 0   293.4 0     0.0 0     0.0 0     0.0 0   -70.5 0   -70.5 0    20.5 0    84.1 0     4.2 0   184.6 0   991.3 0
 2008 163  6 11  5 36  5.600 116.69    -6.9 0    -0.2 0     0.1 0     0.7 0   339.9 0   295.7 0   295.2 0   410.4 0   293.4 0   293.3 0     0.0 0     0.0 0     0.0 0   -70.5 0   -70.5 0    20.5 0    84.3 0     4.1 0   184.8 0   991.3 0
 2008 163  6 11  5 39  5.650 116.74    -6.9 0    -0.1 0     0.1 0     0.6 0   339.9 0   295.7 0   295.2 0   410.1 0   293.3 0   293.3 0     0.0 0     0.0 0     0.0 0   -70.2 0   -70.2 0    20.5 0    84.5 0     4.1 0   186.3 0   991.4 0
 2008 163  6 11  5 42  5.700 116.77    -6.9 0    -0.1 0     0.0 0     0.6 0   339.9 0   295.6 0   295.2 0   409.8 0   293.3 0   293.3 0     0.0 0     0.0 0     0.0 0   -69.9 0   -69.9 0    20.4 0    85.0 0     4.2 0   187.7 0   991.4 0
 2008 163  6 11  5 45  5.750 116.80    -6.9 0    -0.1 0    -0.1 0     0.7 0   339.6 0   295.6 0   295.2 0   409.8 0   293.3 0   293.2 0     0.0 0     0.0 0     0.0 0   -70.2 0   -70.2 0    20.3 0    85.2 0     4.0 0   191.8 0   991.4 0
 2008 163  6 11  5 48  5.800 116.82    -7.0 0    -0.1 0     0.0 0     0.7 0   339.5 0   295.6 0   295.1 0   409.7 0   293.2 0   293.2 0     0.0 0     0.0 0     0.0 0   -70.2 0   -70.2 0    20.3 0    85.1 0     4.0 0   195.0 0   991.4 0
 2008 163  6 11  5 51  5.850 116.83    -6.9 0    -0.1 0     0.0 0     0.7 0   339.9 0   295.6 0   295.1 0   409.6 0   293.2 0   293.2 0     0.0 0     0.0 0     0.0 0   -69.8 0   -69.8 0    20.3 0    85.1 0     4.2 0   192.8 0   991.4 0
 2008 163  6 11  5 54  5.900 116.84    -6.9 0    -0.2 0     0.1 0     0.6 0   340.2 0   295.6 0   295.1 0   410.0 0   293.2 0   293.2 0     0.0 0     0.0 0     0.0 0   -69.9 0   -69.9 0    20.3 0    85.1 0     4.3 0   191.6 0   991.4 0
 2008 163  6 11  5 57  5.950 116.84    -6.9 0    -0.2 0     0.1 0     0.6 0   340.3 0   295.5 0   295.1 0   410.1 0   293.2 0   293.1 0     0.0 0     0.0 0     0.0 0   -69.8 0   -69.8 0    20.3 0    85.4 0     4.3 0   190.9 0   991.4 0
 2008 163  6 11  6  0  6.000 116.83    -6.9 0    -0.2 0     0.1 0     0.6 0   340.2 0   295.5 0   295.1 0   410.2 0   293.2 0   293.1 0     0.0 0     0.0 0     0.0 0   -70.0 0   -70.0 0    20.3 0    85.4 0     4.5 0   189.4 0   991.4 0
 2008 163  6 11  6  3  6.050 116.81    -6.9 0    -0.3 0     0.2 0     0.6 0   340.8 0   295.5 0   295.1 0   410.6 0   293.1 0   293.1 0     0.0 0     0.0 0     0.0 0   -69.7 0   -69.7 0    20.3 0    85.1 0     4.6 0   190.9 0   991.5 0
 2008 163  6 11  6  6  6.100 116.78    -6.9 0    -0.4 0     0.3 0     0.6 0   341.6 0   295.5 0   295.1 0   410.9 0   293.2 0   293.1 0     0.0 0     0.0 0     0.0 0   -69.3 0   -69.3 0    20.4 0    84.9 0     4.8 0   189.9 0   991.5 0
 2008 163  6 11  6  9  6.150 116.75    -6.9 0    -0.3 0     0.4 0     0.5 0   342.6 0   295.5 0   295.1 0   411.1 0   293.2 0   293.2 0     0.0 0     0.0 0     0.0 0   -68.5 0   -68.5 0    20.4 0    84.8 0     5.1 0   185.8 0   991.4 0
 2008 163  6 11  6 12  6.200 116.71    -6.9 0    -0.5 0     0.6 0     0.5 0   346.9 0   295.5 0   295.1 0   411.9 0   293.2 0   293.2 0     0.0 0     0.1 0     0.0 0   -65.0 0   -65.0 0    20.5 0    84.0 0     5.4 0   185.3 0   991.3 0
 2008 163  6 11  6 15  6.250 116.66    -6.9 0    -0.5 0     0.7 0     0.4 0   353.0 0   295.6 0   295.1 0   412.2 0   293.2 0   293.2 0     0.0 0     0.0 0     0.0 0   -59.3 0   -59.3 0    20.5 0    83.6 0     5.3 0   184.3 0   991.3 0
 2008 163  6 11  6 18  6.300 116.60    -6.8 0    -0.6 0     0.8 0     0.4 0   356.7 0   295.6 0   295.2 0   413.1 0   293.3 0   293.3 0     0.0 0     0.0 0     0.0 0   -56.4 0   -56.4 0    20.6 0    83.2 0     5.9 0   184.0 0   991.2 0
 2008 163  6 11  6 21  6.350 116.54    -6.8 0    -0.6 0     0.9 0     0.4 0   356.2 0   295.6 0   295.2 0   413.3 0   293.3 0   293.4 0     0.0 0     0.0 0     0.0 0   -57.1 0   -57.1 0    20.7 0    82.8 0     5.7 0   182.3 0   991.2 0
 2008 163  6 11  6 24  6.400 116.47    -6.7 0    -0.4 0     0.8 0     0.4 0   355.7 0   295.7 0   295.3 0   413.2 0   293.4 0   293.4 0     0.0 0     0.0 0     0.0 0   -57.4 0   -57.4 0    20.6 0    82.9 0     5.5 0   180.7 0   991.2 0
 2008 163  6 11  6 27  6.450 116.39    -6.9 0    -0.3 0     0.8 0     0.4 0   358.4 0   295.7 0   295.3 0   413.1 0   293.4 0   293.4 0     0.0 0     0.0 0     0.0 0   -54.7 0   -54.7 0    20.6 0    83.0 0     5.6 0   181.2 0   991.3 0
 2008 163  6 11  6 30  6.500 116.30    -6.9 0    -0.2 0     0.5 0     0.4 0   360.6 0   295.8 0   295.4 0   412.8 0   293.4 0   293.4 0     0.0 0     0.1 0     0.0 0   -52.2 0   -52.2 0    20.5 0    83.2 0     5.2 0   180.0 0   991.2 0
 2008 163  6 11  6 33  6.550 116.21    -6.8 0    -0.1 0     0.3 0     0.4 0   364.1 0   295.8 0   295.4 0   412.8 0   293.4 0   293.4 0     0.0 0     0.0 0     0.0 0   -48.8 0   -48.8 0    20.5 0    83.5 0     5.2 0   180.1 0   991.2 0
 2008 163  6 11  6 36  6.600 116.11    -6.7 0    -0.1 0     0.4 0     0.4 0   368.9 0   295.9 0   295.4 0   413.0 0   293.4 0   293.4 0     0.0 0     0.0 0     0.0 0   -44.2 0   -44.2 0    20.5 0    83.5 0     5.1 0   180.1 0   991.2 0
 2008 163  6 11  6 39  6.650 116.00    -6.6 0    -0.1 0     0.3 0     0.4 0   372.3 0   295.9 0   295.5 0   413.2 0   293.4 0   293.4 0     0.0 0     0.0 0     0.0 0   -41.0 0   -41.0 0    20.4 0    83.7 0     5.4 0   179.9 0   991.2 0
 2008 163  6 11  6 42  6.700 115.88    -6.5 0    -0.2 0     0.3 0     0.4 0   373.6 0   295.9 0   295.5 0   413.5 0   293.4 0   293.4 0     0.0 0     0.0 0     0.0 0   -39.9 0   -39.9 0    20.4 0    83.5 0     5.7 0   179.6 0   991.1 0
 2008 163  6 11  6 45  6.750 115.76    -6.5 0    -0.3 0     0.4 0     0.4 0   374.1 0   296.0 0   295.6 0   413.8 0   293.4 0   293.4 0     0.0 0     0.0 0     0.0 0   -39.7 0   -39.7 0    20.5 0    83.1 0     5.5 0   178.4 0   991.1 0
 2008 163  6 11  6 48  6.800 115.62    -6.5 0    -0.4 0     0.5 0     0.4 0   373.0 0   296.0 0   295.6 0   414.0 0   293.4 0   293.4 0     0.0 0     0.0 0     0.0 0   -41.0 0   -41.0 0    20.6 0    82.6 0     5.5 0   178.6 0   991.0 0
 2008 163  6 11  6 51  6.850 115.49    -6.5 0    -0.6 0     0.7 0     0.4 0   368.3 0   296.0 0   295.6 0   414.5 0   293.5 0   293.5 0     0.0 0     0.0 0     0.0 0   -46.3 0   -46.3 0    20.7 0    81.5 0     5.7 0   181.6 0   991.0 0
 2008 163  6 11  6 54  6.900 115.34    -6.5 0    -0.4 0     0.7 0     0.4 0   358.9 0   296.1 0   295.6 0   413.9 0   293.5 0   293.5 0     0.0 0     0.0 0     0.0 0   -55.0 0   -55.0 0    20.7 0    81.3 0     5.4 0   183.8 0   991.1 0
 2008 163  6 11  6 57  6.950 115.19    -6.7 0    -0.4 0     0.5 0     0.5 0   350.5 0   296.1 0   295.6 0   413.3 0   293.5 0   293.5 0     0.0 0     0.0 0     0.0 0   -62.8 0   -62.8 0    20.8 0    80.9 0     5.4 0   185.4 0   991.1 0
 2008 163  6 11  7  0  7.000 115.03    -7.0 0    -0.3 0     0.4 0     0.5 0   345.7 0   296.1 0   295.6 0   412.9 0   293.6 0   293.6 0     0.0 0     0.0 0     0.0 0   -67.2 0   -67.2 0    20.8 0    80.6 0     5.5 0   190.8 0   991.2 0
 2008 163  6 11  7  3  7.050 114.86    -7.1 0    -0.2 0     0.2 0     0.6 0   344.2 0   296.1 0   295.6 0   412.1 0   293.6 0   293.6 0     0.0 0     0.0 0     0.0 0   -67.9 0   -67.9 0    20.7 0    80.8 0     5.1 0   192.2 0   991.2 0
 2008 163  6 11  7  6  7.100 114.68    -7.1 0    -0.1 0    -0.1 0     0.6 0   345.0 0   296.1 0   295.6 0   411.3 0   293.6 0   293.5 0     0.0 0     0.1 0     0.0 0   -66.4 0   -66.4 0    20.6 0    81.4 0     4.7 0   189.0 0   991.2 0
 2008 163  6 11  7  9  7.150 114.50    -7.1 0    -0.1 0    -0.3 0     0.6 0   346.9 0   296.1 0   295.6 0   411.1 0   293.5 0   293.5 0     0.0 0     0.0 0     0.0 0   -64.2 0   -64.2 0    20.6 0    81.4 0     4.6 0   187.5 0   991.2 0
 2008 163  6 11  7 12  7.200 114.31    -7.0 0    -0.1 0    -0.4 0     0.6 0   345.5 0   296.0 0   295.6 0   410.6 0   293.5 0   293.5 0     0.0 0     0.0 0     0.0 0   -65.1 0   -65.1 0    20.5 0    81.3 0     4.3 0   188.9 0   991.2 0
 2008 163  6 11  7 15  7.250 114.12    -7.0 0    -0.1 0    -0.4 0     0.6 0   342.4 0   296.0 0   295.5 0   410.3 0   293.5 0   293.4 0     0.0 0     0.0 0     0.0 0   -67.9 0   -67.9 0    20.5 0    80.9 0     4.4 0   190.6 0   991.2 0
 2008 163  6 11  7 18  7.300 113.92    -7.0 0    -0.2 0    -0.5 0     0.7 0   340.0 0   296.0 0   295.5 0   409.8 0   293.4 0   293.4 0     0.0 0     0.0 0     0.0 0   -69.8 0   -69.8 0    20.5 0    80.3 0     4.5 0   191.4 0   991.2 0
 2008 163  6 11  7 21  7.350 113.71    -7.0 0    -0.2 0    -0.4 0     0.7 0   338.2 0   295.9 0   295.4 0   409.2 0   293.4 0   293.4 0     0.0 0     0.0 0     0.0 0   -71.0 0   -71.0 0    20.5 0    80.3 0     4.5 0   191.8 0   991.2 0
 2008 163  6 11  7 24  7.400 113.49    -7.0 0    -0.2 0    -0.5 0     0.7 0   337.5 0   295.9 0   295.4 0   409.5 0   293.4 0   293.4 0     0.0 0     0.0 0     0.0 0   -72.0 0   -72.0 0    20.5 0    80.3 0     4.8 0   195.8 0   991.2 0
 2008 163  6 11  7 27  7.450 113.27    -7.1 0    -0.1 0    -0.4 0     0.7 0   336.8 0   295.8 0   295.3 0   409.0 0   293.4 0   293.3 0     0.0 0     0.0 0     0.0 0   -72.2 0   -72.2 0    20.4 0    80.9 0     4.5 0   198.4 0   991.2 0
 2008 163  6 11  7 30  7.500 113.04    -7.1 0     0.0 0    -0.5 0     0.7 0   336.2 0   295.8 0   295.2 0   408.4 0   293.3 0   293.3 0     0.0 0     0.0 0     0.0 0   -72.2 0   -72.2 0    20.2 0    81.7 0     4.3 0   195.9 0   991.2 0
 2008 163  6 11  7 33  7.550 112.81    -7.1 0     0.0 0    -0.5 0     0.7 0   336.1 0   295.7 0   295.2 0   408.1 0   293.2 0   293.2 0     0.0 0     0.0 0     0.0 0   -72.0 0   -72.0 0    20.2 0    81.9 0     4.4 0   195.0 0   991.2 0
 2008 163  6 11  7 36  7.600 112.56    -7.1 0    -0.1 0    -0.6 0     0.7 0   335.9 0   295.6 0   295.1 0   408.0 0   293.2 0   293.1 0     0.0 0     0.0 0     0.0 0   -72.1 0   -72.1 0    20.1 0    81.9 0     4.3 0   194.4 0   991.2 0
 2008 163  6 11  7 39  7.650 112.32    -7.0 0     0.0 0    -0.6 0     0.7 0   335.6 0   295.6 0   295.1 0   407.6 0   293.1 0   293.1 0     0.0 0     0.0 0     0.0 0   -71.9 0   -71.9 0    20.1 0    82.0 0     4.3 0   192.8 0   991.3 0
 2008 163  6 11  7 42  7.700 112.06    -6.9 0     0.0 0    -0.6 0     0.7 0   335.3 0   295.5 0   295.0 0   407.1 0   293.1 0   293.0 0     0.0 0     0.0 0     0.0 0   -71.8 0   -71.8 0    20.0 0    82.3 0     4.1 0   193.3 0   991.3 0
 2008 163  6 11  7 45  7.750 111.80    -6.9 0     0.0 0    -0.7 0     0.7 0   334.9 0   295.5 0   295.0 0   406.4 0   293.0 0   293.0 0     0.0 0     0.0 0     0.0 0   -71.5 0   -71.5 0    20.0 0    82.5 0     3.9 0   193.2 0   991.3 0
 2008 163  6 11  7 48  7.800 111.53    -6.8 0     0.0 0    -0.7 0     0.8 0   334.7 0   295.4 0   294.9 0   405.9 0   292.9 0   292.9 0     0.0 0     0.0 0     0.0 0   -71.2 0   -71.2 0    19.9 0    83.0 0     3.9 0   192.1 0   991.3 0
 2008 163  6 11  7 51  7.850 111.26    -6.8 0     0.0 0    -0.8 0     0.7 0   334.5 0   295.3 0   294.8 0   405.5 0   292.9 0   292.8 0     0.0 0     0.0 0     0.0 0   -71.1 0   -71.1 0    19.8 0    83.3 0     3.9 0   191.0 0   991.2 0
 2008 163  6 11  7 54  7.900 110.98    -6.7 0     0.0 0    -0.8 0     0.7 0   334.0 0   295.2 0   294.8 0   404.9 0   292.8 0   292.8 0     0.0 0     0.0 0     0.0 0   -70.9 0   -70.9 0    19.7 0    83.7 0     3.5 0   189.7 0   991.2 0
 2008 163  6 11  7 57  7.950 110.70    -6.6 0     0.0 0    -0.8 0     0.7 0   333.8 0   295.2 0   294.7 0   404.4 0   292.7 0   292.7 0     0.0 0     0.0 0     0.0 0   -70.6 0   -70.6 0    19.7 0    83.9 0     3.7 0   188.1 0   991.2 0
 2008 163  6 11  8  0  8.000 110.41    -6.5 0    -0.1 0    -0.9 0     0.8 0   333.8 0   295.1 0   294.6 0   404.2 0   292.7 0   292.6 0     0.0 0     0.0 0     0.0 0   -70.3 0   -70.3 0    19.7 0    84.0 0     3.7 0   190.0 0   991.3 0
 2008 163  6 11  8  3  8.050 110.11    -6.5 0    -0.1 0    -0.8 0     0.8 0   333.7 0   295.0 0   294.5 0   404.0 0   292.6 0   292.6 0     0.0 0     0.0 0     0.0 0   -70.3 0   -70.3 0    19.6 0    84.2 0     3.7 0   193.2 0   991.3 0
 2008 163  6 11  8  6  8.100 109.81    -6.5 0    -0.1 0    -0.7 0     0.7 0   333.7 0   294.9 0   294.5 0   404.0 0   292.6 0   292.5 0     0.0 0     0.0 0     0.0 0   -70.2 0   -70.2 0    19.6 0    84.4 0     3.7 0   193.1 0   991.4 0
 2008 163  6 11  8  9  8.150 109.50    -6.6 0    -0.1 0    -0.6 0     0.7 0   333.5 0   294.9 0   294.4 0   403.6 0   292.5 0   292.5 0     0.0 0     0.0 0     0.0 0   -70.1 0   -70.1 0    19.6 0    84.2 0     3.8 0   190.8 0   991.3 0
 2008 163  6 11  8 12  8.200 109.19    -6.5 0    -0.1 0    -0.7 0     0.7 0   333.2 0   294.8 0   294.3 0   403.4 0   292.5 0   292.4 0     0.0 0     0.0 0     0.0 0   -70.2 0   -70.2 0    19.5 0    84.3 0     3.6 0   187.2 0   991.3 0
 2008 163  6 11  8 15  8.250 108.87    -6.4 0    -0.1 0    -0.6 0     0.8 0   332.8 0   294.7 0   294.3 0   402.9 0   292.4 0   292.4 0     0.0 0     0.0 0     0.0 0   -70.2 0   -70.2 0    19.5 0    84.3 0     3.6 0   186.3 0   991.2 0
 2008 163  6 11  8 18  8.300 108.55    -6.4 0    -0.1 0    -0.6 0     0.7 0   332.8 0   294.7 0   294.2 0   402.6 0   292.4 0   292.3 0     0.0 0     0.0 0     0.0 0   -69.8 0   -69.8 0    19.4 0    84.5 0     3.6 0   184.7 0   991.2 0
 2008 163  6 11  8 21  8.350 108.22    -6.3 0    -0.1 0    -0.6 0     0.7 0   332.1 0   294.6 0   294.1 0   402.3 0   292.3 0   292.3 0     0.0 0     0.0 0     0.0 0   -70.1 0   -70.1 0    19.4 0    84.9 0     3.5 0   182.9 0   991.2 0
 2008 163  6 11  8 24  8.400 107.89    -6.3 0     0.0 0    -0.7 0     0.7 0   331.8 0   294.6 0   294.1 0   401.6 0   292.3 0   292.2 0     0.0 0     0.0 0     0.0 0   -69.9 0   -69.9 0    19.3 0    85.5 0     3.3 0   181.5 0   991.2 0
 2008 163  6 11  8 27  8.450 107.55    -6.3 0     0.0 0    -0.7 0     0.7 0   331.4 0   294.5 0   294.0 0   401.1 0   292.2 0   292.1 0     0.0 0     0.0 0     0.0 0   -69.7 0   -69.7 0    19.2 0    85.7 0     3.3 0   183.3 0   991.3 0
 2008 163  6 11  8 30  8.500 107.20    -6.2 0     0.0 0    -0.7 0     0.7 0   331.4 0   294.4 0   294.0 0   400.4 0   292.1 0   292.1 0     0.0 0     0.0 0     0.0 0   -69.0 0   -69.0 0    19.2 0    85.9 0     3.1 0   184.3 0   991.3 0
 2008 163  6 11  8 33  8.550 106.85    -6.1 0    -0.1 0    -0.6 0     0.8 0   331.4 0   294.3 0   293.9 0   400.0 0   292.1 0   292.0 0     0.0 0     0.0 0     0.0 0   -68.6 0   -68.6 0    19.1 0    85.8 0     3.0 0   185.0 0   991.4 0
 2008 163  6 11  8 36  8.600 106.50    -6.0 0    -0.2 0    -0.6 0     0.8 0   331.7 0   294.3 0   293.8 0   399.3 0   292.0 0   292.0 0     0.0 0     0.0 0     0.0 0   -67.7 0   -67.7 0    19.1 0    85.9 0     2.8 0   185.9 0   991.4 0
 2008 163  6 11  8 39  8.650 106.14    -5.9 0    -0.3 0    -0.6 0     0.7 0   331.5 0   294.2 0   293.7 0   398.6 0   292.0 0   291.9 0     0.0 0     0.0 0     0.0 0   -67.1 0   -67.1 0    19.1 0    86.0 0     2.6 0   187.4 0   991.4 0
 2008 163  6 11  8 42  8.700 105.78    -5.7 0    -0.3 0    -0.6 0     0.8 0   331.1 0   294.1 0   293.7 0   397.6 0   291.9 0   291.9 0     0.0 0     0.0 0     0.0 0   -66.5 0   -66.5 0    19.0 0    86.2 0     2.5 0   188.9 0   991.4 0
 2008 163  6 11  8 45  8.750 105.41    -5.6 0    -0.4 0    -0.7 0     0.8 0   330.8 0   294.0 0   293.6 0   397.0 0   291.8 0   291.8 0     0.0 0     0.0 0     0.0 0   -66.2 0   -66.2 0    19.0 0    86.3 0     2.7 0   185.6 0   991.4 0
 2008 163  6 11  8 48  8.800 105.04    -5.7 0    -0.3 0    -0.7 0     0.7 0   330.5 0   293.9 0   293.5 0   396.6 0   291.8 0   291.8 0     0.0 0     0.0 0     0.0 0   -66.1 0   -66.1 0    19.0 0    86.5 0     2.8 0   180.4 0   991.4 0
 2008 163  6 11  8 51  8.850 104.66    -5.8 0    -0.4 0    -0.8 0     0.7 0   330.3 0   293.9 0   293.4 0   396.6 0   291.7 0   291.7 0     0.0 0     0.0 0     0.0 0   -66.3 0   -66.3 0    18.9 0    86.8 0     3.0 0   176.5 0   991.3 0
 2008 163  6 11  8 54  8.900 104.28    -5.8 0    -0.4 0    -0.7 0     0.6 0   329.9 0   293.8 0   293.3 0   396.8 0   291.7 0   291.6 0     0.0 0     0.0 0     0.0 0   -66.8 0   -66.8 0    18.9 0    86.9 0     3.0 0   173.5 0   991.3 0
 2008 163  6 11  8 57  8.950 103.89    -5.8 0    -0.4 0    -0.6 0     0.6 0   330.0 0   293.7 0   293.3 0   396.6 0   291.6 0   291.6 0     0.0 0     0.0 0     0.0 0   -66.6 0   -66.6 0    18.8 0    87.1 0     2.8 0   172.7 0   991.3 0
 2008 163  6 11  9  0  9.000 103.50    -5.7 0    -0.4 0    -0.4 0     0.7 0   330.0 0   293.6 0   293.2 0   396.0 0   291.6 0   291.6 0     0.0 0     0.0 0     0.0 0   -66.1 0   -66.1 0    18.7 0    87.4 0     2.6 0   174.9 0   991.4 0
 2008 163  6 11  9  3  9.050 103.11    -5.6 0    -0.4 0    -0.3 0     0.7 0   329.7 0   293.6 0   293.1 0   395.6 0   291.5 0   291.5 0     0.0 0     0.0 0     0.0 0   -65.9 0   -65.9 0    18.7 0    87.7 0     2.7 0   174.5 0   991.3 0
 2008 163  6 11  9  6  9.100 102.71    -5.6 0    -0.4 0    -0.2 0     0.7 0   329.5 0   293.5 0   293.1 0   395.7 0   291.5 0   291.4 0     0.0 0     0.0 0     0.0 0   -66.2 0   -66.2 0    18.6 0    88.0 0     2.9 0   173.3 0   991.3 0
 2008 163  6 11  9  9  9.150 102.30    -5.7 0    -0.3 0    -0.1 0     0.6 0   329.2 0   293.5 0   293.0 0   395.9 0   291.4 0   291.4 0     0.0 0     0.0 0     0.0 0   -66.7 0   -66.7 0    18.6 0    88.0 0     2.8 0   175.7 0   991.3 0
 2008 163  6 11  9 12  9.200 101.90    -5.7 0    -0.3 0     0.0 0     0.6 0   329.3 0   293.4 0   293.0 0   396.0 0   291.4 0   291.4 0     0.0 0     0.0 0     0.0 0   -66.7 0   -66.7 0    18.5 0    88.1 0     2.8 0   177.7 0   991.3 0
 2008 163  6 11  9 15  9.250 101.48    -5.8 0    -0.3 0     0.0 0     0.6 0   329.1 0   293.4 0   293.0 0   395.8 0   291.3 0   291.3 0     0.0 0     0.0 0     0.0 0   -66.7 0   -66.7 0    18.5 0    88.1 0     2.8 0   175.1 0   991.3 0
 2008 163  6 11  9 18  9.300 101.07    -5.8 0    -0.4 0     0.1 0     0.6 0   329.3 0   293.4 0   292.9 0   396.0 0   291.3 0   291.3 0     0.0 0     0.0 0     0.0 0   -66.8 0   -66.8 0    18.5 0    87.9 0     3.0 0   173.6 0   991.3 0
 2008 163  6 11  9 21  9.350 100.65    -5.9 0    -0.4 0     0.1 0     0.6 0   329.4 0   293.3 0   292.9 0   396.5 0   291.3 0   291.3 0     0.0 0     0.0 0     0.0 0   -67.1 0   -67.1 0    18.5 0    87.6 0     3.1 0   175.3 0   991.3 0
 2008 163  6 11  9 24  9.400 100.23    -5.9 0    -0.4 0     0.2 0     0.6 0   329.2 0   293.3 0   292.9 0   396.6 0   291.3 0   291.2 0     0.0 0     0.0 0     0.0 0   -67.4 0   -67.4 0    18.5 0    87.4 0     3.1 0   177.0 0   991.3 0
 2008 163  6 11  9 27  9.450  99.80    -5.9 0    -0.3 0     0.2 0     0.6 0   329.2 0   293.3 0   292.8 0   396.8 0   291.2 0   291.2 0     0.0 0     0.0 0     0.0 0   -67.6 0   -67.6 0    18.5 0    87.6 0     3.3 0   175.7 0   991.3 0
 2008 163  6 11  9 30  9.500  99.37    -6.0 0    -0.3 0     0.2 0     0.6 0   329.0 0   293.3 0   292.8 0   397.0 0   291.2 0   291.2 0     0.0 0     0.0 0     0.0 0   -68.0 0   -68.0 0    18.5 0    87.8 0     3.4 0   173.9 0   991.3 0
 2008 163  6 11  9 33  9.550  98.94    -6.1 0    -0.3 0     0.2 0     0.5 0   328.8 0   293.2 0   292.8 0   397.5 0   291.2 0   291.2 0     0.0 0     0.1 0     0.0 0   -68.7 0   -68.7 0    18.5 0    87.9 0     3.6 0   172.7 0   991.3 0
 2008 163  6 11  9 36  9.600  98.50    -6.2 0    -0.4 0     0.5 0     0.5 0   328.9 0   293.2 0   292.8 0   398.1 0   291.2 0   291.2 0     0.0 0     0.1 0     0.0 0   -69.2 0   -69.2 0    18.5 0    87.7 0     3.6 0   171.2 0   991.3 0
 2008 163  6 11  9 39  9.650  98.06    -6.3 0    -0.3 0     0.5 0     0.5 0   328.6 0   293.2 0   292.8 0   398.2 0   291.2 0   291.2 0     0.0 0     0.1 0     0.0 0   -69.6 0   -69.6 0    18.5 0    87.7 0     3.5 0   170.6 0   991.3 0
 2008 163  6 11  9 42  9.700  97.61    -6.3 0    -0.3 0     0.6 0     0.5 0   328.2 0   293.2 0   292.8 0   398.1 0   291.2 0   291.2 0     0.0 0     0.1 0     0.0 0   -69.9 0   -69.9 0    18.4 0    87.8 0     3.4 0   167.4 0   991.3 0
 2008 163  6 11  9 45  9.750  97.17    -6.3 0    -0.3 0     0.6 0     0.5 0   328.3 0   293.3 0   292.8 0   398.3 0   291.2 0   291.2 0     0.0 0     0.1 0     0.0 0   -70.0 0   -70.0 0    18.4 0    87.8 0     3.6 0   164.2 0   991.3 0
 2008 163  6 11  9 48  9.800  96.72    -6.3 0     0.0 0     0.4 0     0.5 0   328.1 0   293.3 0   292.8 0   397.7 0   291.2 0   291.1 0     0.0 0     0.1 0     0.0 0   -69.6 0   -69.6 0    18.3 0    87.9 0     3.4 0   160.6 0   991.3 0
 2008 163  6 11  9 51  9.850  96.26    -6.3 0     0.1 0     0.0 0     0.6 0   327.9 0   293.3 0   292.8 0   396.6 0   291.1 0   291.1 0     0.0 0     0.1 0     0.0 0   -68.7 0   -68.7 0    18.1 0    88.6 0     3.2 0   159.6 0   991.3 0
 2008 163  6 11  9 54  9.900  95.80    -6.2 0     0.1 0    -0.2 0     0.7 0   327.7 0   293.2 0   292.8 0   396.4 0   291.0 0   291.0 0     0.0 0     0.1 0     0.6 0   -68.6 0   -68.1 0    18.0 0    89.3 0     3.3 0   159.2 0   991.3 0
 2008 163  6 11  9 57  9.950  95.34    -6.2 0     0.1 0    -0.5 0     0.8 0   327.8 0   293.2 0   292.7 0   395.9 0   291.0 0   290.9 0     0.0 0     0.1 0     0.7 0   -68.1 0   -67.4 0    17.9 0    89.6 0     3.3 0   158.8 0   991.4 0
 2008 163  6 11 10  0 10.000  94.88    -6.0 0     0.0 0    -0.5 0     0.9 0   328.3 0   293.2 0   292.7 0   395.9 0   290.9 0   290.9 0     0.0 0     0.1 0     0.8 0   -67.6 0   -66.7 0    17.9 0    89.8 0     3.1 0   162.9 0   991.5 0
 2008 163  6 11 10  3 10.050  94.41    -5.8 0     0.0 0    -0.3 0     1.0 0   329.0 0   293.1 0   292.7 0   395.7 0   290.8 0   290.8 0     0.0 0     0.2 0     1.0 0   -66.6 0   -65.7 0    17.9 0    89.8 0     2.7 0   166.1 0   991.6 0
 2008 163  6 11 10  6 10.100  93.94    -5.6 0    -0.1 0    -0.2 0     1.0 0   329.9 0   293.1 0   292.7 0   395.7 0   290.8 0   290.8 0     0.0 0     0.3 0     1.0 0   -65.8 0   -64.8 0    18.0 0    89.8 0     3.0 0   170.3 0   991.7 0
 2008 163  6 11 10  9 10.150  93.47    -5.1 0     0.0 0     0.0 0     1.4 0   330.2 0   293.0 0   292.6 0   396.3 0   290.8 0   290.8 0     0.0 0     0.4 0     1.4 0   -66.1 0   -64.7 0    18.0 0    89.5 0     3.3 0   171.4 0   991.7 0
 2008 163  6 11 10 12 10.200  93.00    -4.5 0     0.2 0     0.2 0     2.2 0   330.6 0   293.0 0   292.6 0   396.8 0   290.8 0   290.8 0     0.0 0     0.6 0     2.0 0   -66.2 0   -64.2 0    18.1 0    89.1 0     3.5 0   169.9 0   991.6 0
 2008 163  6 11 10 15 10.250  92.52    -3.7 0     0.4 0     0.4 0     3.3 0   331.0 0   293.0 0   292.6 0   397.3 0   290.8 0   290.8 0     0.0 0     0.9 0     2.8 0   -66.3 0   -63.4 0    18.1 0    89.1 0     3.6 0   168.6 0   991.6 0
 2008 163  6 11 10 18 10.300  92.04    -2.7 0     0.9 0     0.6 0     4.4 0   332.0 0   293.0 0   292.6 0   397.7 0   290.8 0   290.8 0     0.0 0     1.3 0     3.5 0   -65.8 0   -62.3 0    18.1 0    89.0 0     3.6 0   170.1 0   991.6 0
 2008 163  6 11 10 21 10.350  91.55    -1.7 0     1.0 0     0.8 0     5.5 0   332.1 0   293.0 0   292.6 0   398.0 0   290.8 0   290.8 0     0.0 0     1.8 0     4.5 0   -66.0 0   -61.5 0    18.2 0    88.6 0     3.4 0   172.2 0   991.6 0
 2008 163  6 11 10 24 10.400  91.07    -0.4 0     1.5 0     0.9 0     6.8 0   332.7 0   293.1 0   292.7 0   397.8 0   290.8 0   290.8 0     0.0 0     2.2 0     5.3 0   -65.2 0   -59.8 0    18.2 0    88.7 0     3.0 0   174.5 0   991.7 0
 2008 163  6 11 10 27 10.450  89.87     1.3 0     1.9 0     1.2 0     8.6 0   334.8 0   293.1 0   292.7 0   398.0 0   290.8 0   290.8 0     0.2 0     3.0 0     6.7 0   -63.2 0   -56.5 0    18.2 0    88.7 0     2.9 0   177.0 0   991.8 0
 2008 163  6 11 10 30 10.500  89.51     3.1 0     2.6 0     1.5 0    10.5 0   336.5 0   293.1 0   292.7 0   398.0 0   290.9 0   290.9 0     0.3 0     3.8 0     8.0 0   -61.5 0   -53.5 0    18.2 0    88.7 0     2.9 0   176.2 0   991.9 0
 2008 163  6 11 10 33 10.550  89.11     5.0 0     3.4 0     2.0 0    12.9 0   337.8 0   293.1 0   292.8 0   398.2 0   290.9 0   290.9 0     0.3 0     4.9 0     9.5 0   -60.5 0   -50.9 0    18.2 0    88.7 0     2.9 0   172.4 0   991.9 0
 2008 163  6 11 10 36 10.600  88.69     7.7 0     4.2 0     8.9 0    15.8 0   338.9 0   293.2 0   292.8 0   398.6 0   290.9 0   290.9 0     0.4 0     6.1 0    11.8 0   -59.7 0   -47.9 0    18.3 0    88.3 0     3.0 0   169.8 0   991.9 0
 2008 163  6 11 10 39 10.650  88.25    11.0 0     5.5 0    19.9 0    19.3 0   340.2 0   293.2 0   292.9 0   399.2 0   290.9 0   291.0 0     0.5 0     7.6 0    14.4 0   -59.0 0   -44.6 0    18.3 0    87.9 0     2.9 0   171.3 0   992.0 0
 2008 163  6 11 10 42 10.700  87.79    15.6 0     7.5 0    52.1 0    23.9 0   343.6 0   293.3 0   293.0 0   399.7 0   291.0 0   291.1 0     0.6 0     9.7 0    18.4 0   -56.1 0   -37.7 0    18.4 0    87.5 0     2.7 0   169.9 0   992.0 0
 2008 163  6 11 10 45 10.750  87.33    20.5 0     9.6 0   132.0 0    28.8 0   347.0 0   293.4 0   293.1 0   400.4 0   291.0 0   291.1 0     0.7 0    12.2 0    25.4 0   -53.3 0   -28.0 0    18.5 0    87.2 0     2.6 0   171.9 0   992.0 0
 2008 163  6 11 10 48 10.800  86.85    26.2 0    11.9 0   163.7 0    32.9 0   347.0 0   293.5 0   293.2 0   401.0 0   291.1 0   291.2 0     0.8 0    14.5 0    30.0 0   -54.0 0   -24.0 0    18.6 0    86.9 0     2.5 0   168.9 0   992.1 0
 2008 163  6 11 10 51 10.850  86.37    32.2 0    13.7 0   190.4 0    35.3 0   345.3 0   293.7 0   293.4 0   400.7 0   291.2 0   291.3 0     0.9 0    16.7 0    33.7 0   -55.4 0   -21.8 0    18.6 0    87.0 0     1.9 0   159.7 0   992.1 0
 2008 163  6 11 10 54 10.900  85.88    36.8 0    15.1 0   217.8 0    35.3 0   342.4 0   293.8 0   293.5 0   400.2 0   291.2 0   291.3 0     1.1 0    18.4 0    35.9 0   -57.7 0   -21.9 0    18.4 0    87.4 0     2.2 0   154.0 0   992.1 0
 2008 163  6 11 10 57 10.950  85.39    44.0 0    17.2 0   249.3 0    38.1 0   340.5 0   293.9 0   293.6 0   400.3 0   291.2 0   291.3 0     1.3 0    21.3 0    41.0 0   -59.8 0   -18.8 0    18.4 0    87.7 0     2.4 0   151.2 0   992.1 0
 2008 163  6 11 11  0 11.000  84.89    50.8 0    19.3 0   277.9 0    41.1 0   338.3 0   294.0 0   293.7 0   400.7 0   291.2 0   291.3 0     1.6 0    24.4 0    46.5 0   -62.4 0   -15.9 0    18.3 0    88.2 0     2.4 0   149.4 0   992.1 0
 2008 163  6 11 11  3 11.050  84.38    52.9 0    19.3 0   262.3 0    42.5 0   335.4 0   294.2 0   293.8 0   400.9 0   291.2 0   291.3 0     1.8 0    26.4 0    49.0 0   -65.6 0   -16.6 0    18.3 0    88.5 0     2.3 0   148.8 0   992.1 0
 2008 163  6 11 11  6 11.100  83.88    56.3 0    20.1 0   271.0 0    43.1 0   332.8 0   294.3 0   293.9 0   401.2 0   291.3 0   291.3 0     2.1 0    28.5 0    51.9 0   -68.4 0   -16.5 0    18.4 0    88.4 0     2.2 0   153.9 0   992.2 0
 2008 163  6 11 11  9 11.150  83.37    62.7 0    22.8 0   315.3 0    43.2 0   330.5 0   294.4 0   294.0 0   401.6 0   291.3 0   291.4 0     2.3 0    31.4 0    56.8 0   -71.0 0   -14.2 0    18.4 0    88.2 0     2.3 0   156.1 0   992.2 0
 2008 163  6 11 11 12 11.200  82.85    66.6 0    24.3 0   338.6 0    42.2 0   329.3 0   294.5 0   294.1 0   401.9 0   291.4 0   291.4 0     2.6 0    33.3 0    60.0 0   -72.6 0   -12.6 0    18.5 0    87.8 0     2.2 0   155.6 0   992.2 0
 2008 163  6 11 11 15 11.250  82.34    35.7 0     9.5 0    65.0 0    40.8 0   328.9 0   294.6 0   294.2 0   401.3 0   291.4 0   291.4 0     2.9 0    22.9 0    39.9 0   -72.4 0   -32.5 0    18.5 0    88.0 0     2.3 0   154.9 0   992.3 0
 2008 163  6 11 11 18 11.300  81.82    64.0 0    20.9 0   248.6 0    43.5 0   328.3 0   294.6 0   294.2 0   401.1 0   291.4 0   291.4 0     3.3 0    33.4 0    57.9 0   -72.8 0   -14.9 0    18.4 0    88.8 0     2.2 0   152.7 0   992.3 0
 2008 163  6 11 11 21 11.350  81.30    85.1 0    29.7 0   387.2 0    44.8 0   327.9 0   294.7 0   294.3 0   402.1 0   291.4 0   291.5 0     3.7 0    41.3 0    73.8 0   -74.2 0    -0.4 0    18.5 0    89.0 0     2.0 0   150.4 0   992.3 0
 2008 163  6 11 11 24 11.400  80.77    94.3 0    32.8 0   424.2 0    45.8 0   327.7 0   294.8 0   294.4 0   403.1 0   291.5 0   291.5 0     4.0 0    45.1 0    81.0 0   -75.4 0     5.7 0    18.5 0    89.3 0     1.9 0   147.0 0   992.4 0
 2008 163  6 11 11 27 11.450  80.25    96.6 0    32.9 0   411.8 0    46.8 0   327.7 0   295.0 0   294.6 0   403.9 0   291.5 0   291.6 0     4.5 0    46.1 0    83.7 0   -76.2 0     7.5 0    18.5 0    89.4 0     2.1 0   142.0 0   992.4 0
 2008 163  6 11 11 30 11.500  79.72   104.7 0    34.9 0   424.8 0    48.9 0   327.1 0   295.1 0   294.7 0   404.6 0   291.6 0   291.7 0     4.9 0    49.9 0    89.8 0   -77.5 0    12.3 0    18.6 0    89.4 0     2.7 0   132.2 0   992.4 0
 2008 163  6 11 11 33 11.550  79.19   116.9 0    39.0 0   467.7 0    50.6 0   326.8 0   295.3 0   294.9 0   405.7 0   291.6 0   291.7 0     5.4 0    54.6 0    99.4 0   -78.9 0    20.5 0    18.6 0    89.8 0     3.0 0   125.9 0   992.3 0
 2008 163  6 11 11 36 11.600  78.66   120.4 0    39.3 0   458.8 0    51.7 0   326.8 0   295.4 0   295.0 0   406.7 0   291.7 0   291.8 0     5.9 0    56.7 0   102.7 0   -79.9 0    22.8 0    18.6 0    90.2 0     3.1 0   127.2 0   992.3 0
 2008 163  6 11 11 39 11.650  78.12   123.1 0    39.3 0   446.3 0    52.7 0   326.6 0   295.6 0   295.2 0   407.6 0   291.8 0   291.9 0     6.4 0    58.5 0   105.2 0   -81.0 0    24.2 0    18.7 0    89.7 0     3.3 0   128.2 0   992.3 0
 2008 163  6 11 11 42 11.700  77.59   141.8 0    45.5 0   512.2 0    54.2 0   326.3 0   295.8 0   295.4 0   408.8 0   291.9 0   292.0 0     7.0 0    65.5 0   118.8 0   -82.5 0    36.3 0    18.9 0    89.3 0     3.2 0   129.4 0   992.3 0
 2008 163  6 11 11 45 11.750  77.05   155.1 0    49.4 0   547.7 0    55.8 0   326.4 0   296.0 0   295.6 0   410.2 0   292.0 0   292.2 0     7.6 0    70.8 0   129.1 0   -83.8 0    45.3 0    19.1 0    88.5 0     3.3 0   129.3 0   992.3 0
 2008 163  6 11 11 48 11.800  76.51   161.2 0    50.7 0   549.1 0    57.1 0   326.9 0   296.2 0   295.8 0   411.4 0   292.2 0   292.3 0     8.2 0    73.7 0   134.5 0   -84.5 0    50.0 0    19.3 0    87.7 0     3.1 0   129.7 0   992.3 0
 2008 163  6 11 11 51 11.850  75.97   169.8 0    52.9 0   559.6 0    58.3 0   326.9 0   296.4 0   296.0 0   412.2 0   292.3 0   292.5 0     8.9 0    77.1 0   141.0 0   -85.4 0    55.6 0    19.4 0    87.8 0     3.3 0   128.9 0   992.3 0
 2008 163  6 11 11 54 11.900  75.43   181.3 0    56.2 0   581.5 0    59.4 0   326.4 0   296.6 0   296.2 0   413.0 0   292.5 0   292.6 0     9.6 0    81.6 0   149.5 0   -86.6 0    62.9 0    19.5 0    87.8 0     3.4 0   129.9 0   992.2 0
 2008 163  6 11 11 57 11.950  74.88   191.1 0    58.9 0   596.6 0    60.5 0   326.4 0   296.9 0   296.4 0   413.8 0   292.6 0   292.8 0    10.3 0    85.8 0   157.2 0   -87.4 0    69.8 0    19.6 0    87.6 0     3.6 0   128.0 0   992.2 0
 2008 163  6 11 12  0 12.000  74.34   200.8 0    61.4 0   608.9 0    61.5 0   326.5 0   297.1 0   296.6 0   414.6 0   292.8 0   292.9 0    11.1 0    89.8 0   164.5 0   -88.1 0    76.4 0    19.7 0    86.8 0     4.0 0   126.0 0   992.2 0
 2008 163  6 11 12  3 12.050  73.79   211.7 0    64.1 0   626.1 0    62.3 0   326.4 0   297.3 0   296.8 0   415.6 0   292.9 0   293.1 0    11.9 0    94.3 0   173.0 0   -89.2 0    83.8 0    19.8 0    85.8 0     4.0 0   125.2 0   992.0 0
 2008 163  6 11 12  6 12.100  73.24   222.4 0    66.8 0   641.0 0    63.2 0   326.7 0   297.5 0   297.1 0   416.7 0   293.1 0   293.2 0    12.8 0    98.8 0   181.2 0   -90.0 0    91.2 0    20.0 0    85.0 0     4.0 0   124.6 0   992.0 0
 2008 163  6 11 12  9 12.150  72.69   232.2 0    69.0 0   651.6 0    63.9 0   327.1 0   297.8 0   297.3 0   417.8 0   293.2 0   293.4 0    13.6 0   102.9 0   188.8 0   -90.7 0    98.1 0    20.2 0    83.9 0     3.8 0   130.4 0   992.0 0
 2008 163  6 11 12 12 12.200  72.14   243.0 0    71.6 0   664.4 0    64.8 0   327.5 0   298.0 0   297.5 0   418.8 0   293.4 0   293.6 0    14.6 0   107.4 0   197.0 0   -91.3 0   105.7 0    20.4 0    82.2 0     4.1 0   131.7 0   991.9 0
 2008 163  6 11 12 15 12.250  71.59   253.1 0    73.9 0   673.6 0    65.8 0   327.9 0   298.2 0   297.7 0   419.4 0   293.6 0   293.8 0    15.5 0   111.5 0   204.6 0   -91.5 0   113.1 0    20.6 0    81.0 0     4.2 0   136.5 0   991.9 0
 2008 163  6 11 12 18 12.300  71.04   263.5 0    76.1 0   682.0 0    67.4 0   328.4 0   298.5 0   298.0 0   420.6 0   293.8 0   294.0 0    16.5 0   115.8 0   212.9 0   -92.2 0   120.7 0    20.8 0    80.3 0     3.7 0   143.4 0   991.9 0
 2008 163  6 11 12 21 12.350  70.48   273.7 0    78.4 0   688.0 0    69.5 0   329.2 0   298.7 0   298.2 0   421.6 0   294.0 0   294.2 0    17.6 0   120.1 0   220.9 0   -92.5 0   128.5 0    21.0 0    79.4 0     3.9 0   148.5 0   992.0 0
 2008 163  6 11 12 24 12.400  69.93   285.4 0    80.9 0   694.1 0    72.8 0   330.1 0   298.9 0   298.4 0   422.6 0   294.2 0   294.4 0    18.6 0   125.0 0   230.1 0   -92.5 0   137.6 0    21.1 0    78.4 0     3.9 0   154.8 0   992.0 0
 2008 163  6 11 12 27 12.450  69.37   298.7 0    83.9 0   701.1 0    77.3 0   331.5 0   299.2 0   298.7 0   423.7 0   294.4 0   294.6 0    19.9 0   130.6 0   240.5 0   -92.2 0   148.3 0    21.3 0    77.5 0     4.1 0   160.3 0   992.1 0
 2008 163  6 11 12 30 12.500  68.81   313.6 0    87.3 0   706.6 0    83.7 0   332.4 0   299.4 0   298.9 0   423.9 0   294.6 0   294.8 0    21.3 0   136.8 0   251.8 0   -91.5 0   160.3 0    21.4 0    76.1 0     5.0 0   164.3 0   992.1 0
