 Bondville
   40.05  -88.37  213 m version 1
 2001 141  5 21 18  0 18.000  19.82   183.8 0    35.8 0    -1.0 0   178.9 0   387.3 0   291.0 0   290.9 0   401.4 0   289.7 0   289.7 0    49.0 0    90.3 0   143.1 0   -14.1 0   129.1 0    16.3 0    85.1 0    12.4 0   265.4 0   975.7 0
 2001 141  5 21 18  3 18.050  19.89   141.8 0    28.6 0    -1.9 0   138.8 0   386.5 0   290.9 0   290.6 0   399.1 0   289.5 0   289.5 0    38.5 0    71.6 0   110.2 0   -12.5 0    97.7 0    16.0 0    86.1 0    12.6 0   269.2 0   975.8 0
 2001 141  5 21 18  6 18.100  19.98   166.8 0    33.3 0    -1.5 0   160.6 0   385.9 0   290.7 0   290.5 0   398.9 0   289.3 0   289.3 0    44.6 0    83.2 0   127.3 0   -13.0 0   114.3 0    15.9 0    86.8 0    11.4 0   267.1 0   975.8 0
 2001 141  5 21 18  9 18.150  20.09   218.8 0    42.8 0     0.7 0   208.1 0   385.9 0   290.6 0   290.5 0   400.4 0   289.3 0   289.3 0    57.1 0   106.5 0   166.0 0   -14.5 0   151.5 0    15.9 0    86.1 0    11.6 0   263.7 0   975.8 0
 2001 141  5 21 18 12 18.200  20.21   217.4 0    42.6 0     1.9 0   210.7 0   386.6 0   290.5 0   290.5 0   401.5 0   289.2 0   289.3 0    55.6 0   104.5 0   169.9 0   -14.9 0   155.0 0    16.1 0    86.1 0    10.8 0   265.0 0   975.8 0
 2001 141  5 21 18 15 18.250  20.36   226.1 0    44.9 0     0.6 0   217.3 0   385.4 0   290.5 0   290.4 0   400.4 0   289.2 0   289.3 0    58.1 0   108.8 0   173.0 0   -15.0 0   158.0 0    16.0 0    85.7 0    11.9 0   267.7 0   975.9 0
 2001 141  5 21 18 18 18.300  20.53   164.8 0    32.7 0    -0.5 0   161.5 0   385.6 0   290.4 0   290.3 0   398.8 0   289.2 0   289.2 0    43.4 0    81.5 0   128.8 0   -13.2 0   115.6 0    15.9 0    86.7 0    12.9 0   271.4 0   976.0 0
 2001 141  5 21 18 21 18.350  20.72   157.8 0    31.8 0    -1.8 0   153.8 0   384.1 0   290.3 0   290.1 0   397.1 0   289.0 0   289.0 0    42.3 0    79.0 0   122.0 0   -13.0 0   109.0 0    15.6 0    87.3 0    12.8 0   271.8 0   976.1 0
 2001 141  5 21 18 24 18.400  20.92   196.3 0    38.2 0    -0.2 0   188.7 0   383.9 0   290.2 0   290.0 0   397.7 0   288.9 0   288.9 0    52.3 0    96.7 0   150.5 0   -13.8 0   136.7 0    15.5 0    87.4 0    11.2 0   261.6 0   976.2 0
 2001 141  5 21 18 27 18.450  21.14   165.4 0    32.3 0     0.0 0   160.7 0   384.1 0   290.1 0   289.9 0   397.5 0   288.8 0   288.8 0    43.9 0    82.4 0   128.4 0   -13.3 0   115.0 0    15.5 0    86.9 0    11.7 0   259.3 0   976.2 0
 2001 141  5 21 18 30 18.500  21.38   198.2 0    38.4 0     0.9 0   189.9 0   384.3 0   290.0 0   289.9 0   397.8 0   288.8 0   288.8 0    52.1 0    97.3 0   152.4 0   -13.6 0   138.8 0    15.5 0    86.8 0    11.8 0   262.7 0   976.2 0
 2001 141  5 21 18 33 18.550  21.63   157.1 0    30.7 0     0.9 0   153.7 0   384.5 0   290.0 0   289.9 0   397.3 0   288.8 0   288.8 0    41.7 0    78.4 0   123.9 0   -12.8 0   111.1 0    15.5 0    86.8 0    11.8 0   267.6 0   976.2 0
 2001 141  5 21 18 36 18.600  21.90   147.7 0    28.3 0     0.3 0   144.1 0   384.1 0   289.9 0   289.8 0   396.8 0   288.7 0   288.7 0    40.3 0    74.5 0   116.1 0   -12.6 0   103.4 0    15.5 0    86.9 0    12.3 0   267.5 0   976.3 0
 2001 141  5 21 18 39 18.650  22.19   141.8 0    27.7 0    -0.7 0   137.7 0   383.4 0   289.8 0   289.6 0   395.8 0   288.7 0   288.7 0    38.1 0    71.8 0   110.0 0   -12.4 0    97.6 0    15.4 0    87.0 0    13.3 0   267.1 0   976.3 0
 2001 141  5 21 18 42 18.700  22.49   180.4 0    35.3 0     0.0 0   172.8 0   383.0 0   289.8 0   289.6 0   395.9 0   288.6 0   288.6 0    46.8 0    89.3 0   137.5 0   -12.9 0   124.6 0    15.3 0    86.5 0    12.3 0   262.8 0   976.3 0
 2001 141  5 21 18 45 18.750  22.80   205.9 0    39.8 0     1.4 0   198.4 0   383.1 0   289.8 0   289.7 0   397.1 0   288.6 0   288.6 0    53.0 0   100.0 0   159.9 0   -14.0 0   145.8 0    15.4 0    85.6 0    13.0 0   262.0 0   976.3 0
 2001 141  5 21 18 48 18.800  23.13   165.9 0    32.3 0     1.1 0   161.5 0   383.4 0   289.8 0   289.7 0   396.8 0   288.6 0   288.6 0    42.8 0    82.3 0   130.2 0   -13.5 0   116.8 0    15.5 0    85.7 0    11.1 0   264.3 0   976.3 0
 2001 141  5 21 18 51 18.850  23.47   259.7 0    50.9 0     2.7 0   244.8 0   383.9 0   289.8 0   289.8 0   399.0 0   288.6 0   288.7 0    63.5 0   123.6 0   196.4 0   -15.1 0   181.3 0    15.6 0    85.4 0    11.0 0   271.2 0   976.3 0
 2001 141  5 21 18 54 18.900  23.82   462.0 0    88.8 0    11.7 0   424.6 0   382.6 0   289.9 0   290.2 0   403.1 0   288.7 0   288.9 0   107.6 0   210.8 0   346.5 0   -20.5 0   326.0 0    15.6 0    83.9 0    12.8 0   272.6 0   976.3 0
 2001 141  5 21 18 57 18.950  24.18   634.1 0   117.7 0    21.0 0   582.6 0   381.1 0   290.2 0   290.9 0   410.2 0   288.9 0   289.2 0   151.2 0   283.8 0   484.0 0   -29.1 0   454.9 0    15.9 0    83.9 0    11.5 0   277.9 0   976.3 0
 2001 141  5 21 19  0 19.000  24.56   511.2 0    94.9 0    14.0 0   479.1 0   382.8 0   290.6 0   291.1 0   409.0 0   289.2 0   289.5 0   117.9 0   229.7 0   396.9 0   -26.2 0   370.8 0    16.1 0    82.1 0    11.8 0   276.5 0   976.4 0
 2001 141  5 21 19  3 19.050  24.94   275.8 0    52.8 0     0.8 0   269.2 0   384.8 0   290.8 0   290.9 0   404.0 0   289.4 0   289.5 0    67.7 0   128.6 0   217.1 0   -19.1 0   198.0 0    16.2 0    81.7 0    13.2 0   274.2 0   976.4 0
 2001 141  5 21 19  6 19.100  25.34   159.8 0    31.8 0    -2.2 0   158.0 0   385.1 0   290.8 0   290.6 0   400.1 0   289.4 0   289.4 0    41.2 0    78.6 0   126.2 0   -14.9 0   111.3 0    16.1 0    83.0 0    11.5 0   272.3 0   976.5 0
 2001 141  5 21 19  9 19.150  25.74   160.0 0    32.3 0    -2.0 0   154.5 0   384.5 0   290.7 0   290.4 0   398.8 0   289.3 0   289.3 0    40.3 0    79.3 0   122.2 0   -14.3 0   107.9 0    16.0 0    83.4 0    12.8 0   270.2 0   976.5 0
 2001 141  5 21 19 12 19.200  26.16   273.6 0    54.0 0    -0.2 0   257.5 0   383.7 0   290.6 0   290.5 0   400.3 0   289.2 0   289.3 0    65.3 0   129.6 0   203.5 0   -16.6 0   187.0 0    15.9 0    83.3 0    11.7 0   269.6 0   976.5 0
 2001 141  5 21 19 15 19.250  26.58   229.5 0    45.0 0     1.1 0   225.3 0   384.2 0   290.6 0   290.5 0   400.7 0   289.2 0   289.3 0    57.4 0   108.5 0   181.3 0   -16.6 0   164.7 0    16.0 0    82.7 0    12.3 0   268.9 0   976.6 0
 2001 141  5 21 19 18 19.300  27.01   192.3 0    37.9 0     0.7 0   186.2 0   384.6 0   290.5 0   290.4 0   400.2 0   289.2 0   289.3 0    46.8 0    93.4 0   148.9 0   -15.6 0   133.3 0    16.0 0    83.6 0    11.0 0   268.8 0   976.6 0
 2001 141  5 21 19 21 19.350  27.45   202.6 0    41.0 0     0.5 0   192.8 0   384.4 0   290.5 0   290.3 0   399.7 0   289.2 0   289.3 0    47.0 0    98.0 0   152.3 0   -15.3 0   137.0 0    16.0 0    83.0 0    11.2 0   259.7 0   976.7 0
 2001 141  5 21 19 24 19.400  27.90   564.7 0   108.7 0    17.9 0   510.0 0   379.5 0   290.5 0   290.8 0   406.8 0   289.2 0   289.4 0   121.1 0   256.1 0   417.0 0   -27.3 0   389.8 0    16.0 0    82.2 0    11.3 0   257.5 0   976.7 0
 2001 141  5 21 19 27 19.450  28.36   633.4 0   116.6 0    69.9 0   544.5 0   364.2 0   290.9 0   291.5 0   414.1 0   289.5 0   289.8 0   144.6 0   280.5 0   489.4 0   -49.8 0   439.6 0    16.5 0    82.1 0    10.0 0   272.2 0   976.6 0
 2001 141  5 21 19 30 19.500  28.82   617.9 0   116.5 0   180.3 0   442.0 0   353.1 0   291.2 0   291.6 0   414.7 0   289.8 0   290.1 0   144.7 0   274.1 0   483.6 0   -61.5 0   422.0 0    16.7 0    80.6 0    10.1 0   271.4 0   976.6 0
 2001 141  5 21 19 33 19.550  29.28   728.0 0   135.3 0   413.8 0   343.8 0   343.7 0   291.5 0   291.7 0   418.5 0   290.1 0   290.4 0   160.1 0   320.2 0   569.4 0   -74.8 0   494.7 0    17.0 0    79.6 0    10.4 0   270.8 0   976.6 0
 2001 141  5 21 19 36 19.600  29.76   536.5 0   105.5 0    44.8 0   474.9 0   370.0 0   291.8 0   292.1 0   415.1 0   290.4 0   290.6 0   120.8 0   239.0 0   408.3 0   -45.1 0   363.2 0    17.2 0    77.9 0    11.5 0   271.7 0   976.8 0
 2001 141  5 21 19 39 19.650  30.24   593.2 0   113.8 0    44.3 0   522.3 0   378.1 0   292.0 0   292.3 0   416.1 0   290.5 0   290.8 0   124.4 0   265.5 0   446.7 0   -38.0 0   408.7 0    17.3 0    78.1 0    10.6 0   270.8 0   976.8 0
 2001 141  5 21 19 42 19.700  30.72   466.2 0    92.0 0     4.3 0   445.6 0   381.6 0   292.2 0   292.4 0   413.2 0   290.7 0   290.9 0   102.2 0   208.3 0   357.3 0   -31.5 0   325.8 0    17.3 0    76.8 0    12.1 0   273.6 0   976.8 0
 2001 141  5 21 19 45 19.750  31.21   506.6 0    99.0 0    19.6 0   462.3 0   383.3 0   292.4 0   292.5 0   412.5 0   290.7 0   290.9 0   105.9 0   229.3 0   380.0 0   -29.2 0   350.9 0    17.3 0    76.8 0    12.4 0   272.3 0   976.9 0
 2001 141  5 21 19 48 19.800  31.71   606.4 0   121.7 0    93.0 0   504.5 0   377.3 0   292.5 0   292.8 0   416.3 0   290.8 0   291.0 0   123.3 0   268.9 0   461.9 0   -39.0 0   422.9 0    17.4 0    75.6 0    12.0 0   273.5 0   976.9 0
 2001 141  5 21 19 51 19.850  32.21   537.9 0   105.0 0    75.4 0   454.7 0   379.9 0   292.7 0   292.8 0   417.0 0   290.9 0   291.2 0   110.1 0   236.6 0   413.4 0   -37.1 0   376.3 0    17.6 0    75.9 0    11.6 0   269.8 0   976.9 0
 2001 141  5 21 19 54 19.900  32.71   350.0 0    71.2 0     0.9 0   336.8 0   387.5 0   292.8 0   292.7 0   412.4 0   291.0 0   291.1 0    72.7 0   158.2 0   266.3 0   -24.9 0   241.4 0    17.6 0    76.6 0    10.5 0   265.1 0   976.9 0
 2001 141  5 21 19 57 19.950  33.22   449.2 0    89.2 0    25.7 0   408.2 0   385.3 0   292.8 0   292.8 0   413.4 0   291.0 0   291.2 0    90.5 0   201.5 0   340.5 0   -28.0 0   312.4 0    17.7 0    75.1 0    11.7 0   270.8 0   976.8 0
 2001 141  5 21 20  0 20.000  33.73   415.9 0    83.3 0     4.3 0   395.6 0   386.2 0   292.8 0   292.9 0   414.4 0   291.1 0   291.3 0    84.7 0   187.2 0   315.9 0   -28.2 0   287.7 0    17.9 0    75.3 0    11.4 0   272.4 0   976.9 0
 2001 141  5 21 20  3 20.050  34.25   684.9 0   136.5 0   213.6 0   482.4 0   380.8 0   292.9 0   293.2 0   422.3 0   291.3 0   291.6 0   122.4 0   301.0 0   522.5 0   -41.5 0   481.0 0    18.2 0    75.2 0     9.6 0   273.6 0   976.9 0
 2001 141  5 21 20  6 20.100  34.77   482.0 0    95.3 0    24.7 0   440.9 0   377.2 0   293.2 0   293.3 0   420.1 0   291.5 0   291.8 0   102.6 0   214.9 0   365.8 0   -42.9 0   322.9 0    18.4 0    74.7 0     9.8 0   266.9 0   976.9 0
 2001 141  5 21 20  9 20.150  35.29   528.7 0   104.7 0    74.8 0   445.6 0   384.4 0   293.3 0   293.4 0   419.1 0   291.7 0   291.9 0    99.7 0   235.1 0   402.0 0   -34.7 0   367.3 0    18.3 0    73.5 0    11.0 0   273.6 0   977.0 0
 2001 141  5 21 20 12 20.200  35.82   403.7 0    80.7 0     7.6 0   380.5 0   388.0 0   293.4 0   293.4 0   416.2 0   291.7 0   291.9 0    80.2 0   182.9 0   305.9 0   -28.2 0   277.8 0    18.2 0    74.0 0    10.4 0   261.2 0   977.0 0
 2001 141  5 21 20 15 20.250  36.35   620.2 0   120.7 0   111.9 0   494.7 0   381.8 0   293.4 0   293.5 0   420.3 0   291.7 0   291.9 0   113.1 0   277.2 0   464.1 0   -38.4 0   425.7 0    18.2 0    74.1 0    10.4 0   266.9 0   977.1 0
 2001 141  5 21 20 18 20.300  36.88   435.2 0    83.7 0    25.4 0   399.1 0   385.7 0   293.5 0   293.6 0   418.6 0   291.8 0   292.0 0    86.8 0   195.9 0   335.7 0   -33.0 0   302.8 0    18.3 0    72.8 0    11.0 0   262.0 0   977.2 0
 2001 141  5 21 20 21 20.350  37.42   319.0 0    62.3 0     2.3 0   301.7 0   389.1 0   293.5 0   293.3 0   414.5 0   291.8 0   291.9 0    65.1 0   147.9 0   241.2 0   -25.4 0   215.8 0    18.3 0    73.8 0     9.9 0   264.3 0   977.3 0
 2001 141  5 21 20 24 20.400  37.96   300.4 0    58.1 0    -0.5 0   288.5 0   388.4 0   293.4 0   293.2 0   413.3 0   291.7 0   291.8 0    62.7 0   138.2 0   230.3 0   -24.9 0   205.5 0    18.2 0    72.1 0    10.7 0   267.8 0   977.3 0
 2001 141  5 21 20 27 20.450  38.50   235.0 0    46.2 0    -0.8 0   226.3 0   389.2 0   293.3 0   293.0 0   411.7 0   291.7 0   291.7 0    49.9 0   109.7 0   180.2 0   -22.5 0   157.7 0    18.2 0    72.8 0     9.6 0   268.7 0   977.3 0
 2001 141  5 21 20 30 20.500  39.04   180.0 0    36.9 0    -1.6 0   173.2 0   389.0 0   293.1 0   292.7 0   409.1 0   291.6 0   291.6 0    37.4 0    86.4 0   136.3 0   -20.1 0   116.2 0    18.2 0    72.4 0    10.8 0   265.4 0   977.4 0
 2001 141  5 21 20 33 20.550  39.59   268.9 0    52.2 0     0.0 0   256.1 0   388.0 0   292.9 0   292.7 0   410.6 0   291.5 0   291.5 0    55.3 0   125.5 0   203.9 0   -22.7 0   181.2 0    18.1 0    71.8 0    10.4 0   263.1 0   977.4 0
 2001 141  5 21 20 36 20.600  40.13   202.0 0    39.4 0    -0.1 0   196.2 0   388.1 0   292.8 0   292.6 0   409.3 0   291.4 0   291.5 0    43.0 0    95.6 0   156.8 0   -21.2 0   135.7 0    18.1 0    71.4 0    11.1 0   266.3 0   977.5 0
 2001 141  5 21 20 39 20.650  40.68   116.1 0    23.2 0    -0.9 0   115.8 0   388.9 0   292.7 0   292.4 0   407.8 0   291.4 0   291.4 0    25.5 0    57.5 0    92.6 0   -18.8 0    73.8 0    18.1 0    73.2 0     9.2 0   265.8 0   977.5 0
 2001 141  5 21 20 42 20.700  41.23    89.6 0    18.3 0    -1.5 0    88.8 0   388.9 0   292.5 0   292.2 0   405.9 0   291.3 0   291.3 0    19.7 0    45.9 0    70.4 0   -17.0 0    53.4 0    18.0 0    72.9 0     9.5 0   262.0 0   977.6 0
 2001 141  5 21 20 45 20.750  41.79   107.6 0    21.8 0    -1.0 0   104.9 0   387.8 0   292.3 0   292.0 0   405.5 0   291.2 0   291.2 0    23.4 0    54.4 0    83.1 0   -17.8 0    65.3 0    17.9 0    73.2 0     9.3 0   258.0 0   977.6 0
 2001 141  5 21 20 48 20.800  42.34   108.6 0    21.9 0    -0.7 0   107.4 0   387.9 0   292.2 0   291.9 0   405.7 0   291.1 0   291.1 0    23.2 0    54.6 0    85.4 0   -17.8 0    67.6 0    17.9 0    72.7 0     9.9 0   265.4 0   977.6 0
 2001 141  5 21 20 51 20.850  42.90    98.0 0    20.4 0    -0.1 0    98.3 0   387.9 0   292.1 0   291.8 0   406.0 0   291.1 0   291.1 0    21.0 0    50.4 0    78.0 0   -18.1 0    59.9 0    17.9 0    74.0 0     8.1 0   263.4 0   977.6 0
 2001 141  5 21 20 54 20.900  43.46   114.0 0    23.5 0     0.1 0   111.8 0   387.5 0   292.0 0   291.8 0   405.7 0   291.1 0   291.1 0    23.4 0    56.9 0    88.4 0   -18.3 0    70.1 0    18.0 0    71.8 0     9.9 0   265.4 0   977.6 0
 2001 141  5 21 20 57 20.950  44.02   171.3 0    34.2 0     1.2 0   165.5 0   386.8 0   292.0 0   291.8 0   406.6 0   291.1 0   291.1 0    33.6 0    83.0 0   132.1 0   -19.8 0   112.2 0    18.0 0    69.0 0    11.2 0   268.7 0   977.6 0
 2001 141  5 21 21  0 21.000  44.58   201.3 0    39.7 0     1.6 0   195.3 0   386.6 0   292.0 0   292.0 0   407.8 0   291.1 0   291.2 0    38.4 0    95.6 0   156.8 0   -21.2 0   135.6 0    18.1 0    68.2 0    11.7 0   270.0 0   977.6 0
 2001 141  5 21 21  3 21.050  45.14   223.7 0    44.7 0     2.0 0   216.0 0   386.5 0   292.1 0   292.1 0   409.1 0   291.2 0   291.3 0    41.1 0   105.8 0   172.8 0   -22.7 0   150.1 0    18.2 0    69.1 0     9.7 0   275.6 0   977.6 0
 2001 141  5 21 21  6 21.100  45.70   293.2 0    57.6 0     3.5 0   280.6 0   386.1 0   292.2 0   292.3 0   411.7 0   291.3 0   291.4 0    51.6 0   136.0 0   225.3 0   -25.7 0   199.7 0    18.2 0    68.4 0    10.0 0   278.5 0   977.6 0
 2001 141  5 21 21  9 21.150  46.26   283.7 0    56.1 0     3.0 0   273.9 0   386.0 0   292.3 0   292.4 0   412.3 0   291.4 0   291.5 0    50.2 0   130.8 0   219.9 0   -26.3 0   193.6 0    18.3 0    68.2 0     9.8 0   273.5 0   977.7 0
 2001 141  5 21 21 12 21.200  46.83   340.2 0    67.2 0     3.6 0   325.1 0   385.0 0   292.5 0   292.6 0   414.1 0   291.5 0   291.6 0    57.5 0   156.0 0   260.4 0   -29.1 0   231.3 0    18.4 0    68.4 0     9.1 0   273.0 0   977.7 0
 2001 141  5 21 21 15 21.250  47.40   383.7 0    75.3 0    13.0 0   362.0 0   383.8 0   292.7 0   293.0 0   418.1 0   291.6 0   291.8 0    62.6 0   174.1 0   295.5 0   -34.3 0   261.2 0    18.6 0    69.7 0     7.7 0   276.8 0   977.7 0
 2001 141  5 21 21 18 21.300  47.96   326.0 0    65.1 0     3.7 0   315.1 0   384.8 0   292.9 0   293.2 0   416.8 0   291.8 0   291.9 0    54.3 0   148.4 0   252.5 0   -32.0 0   220.5 0    18.7 0    68.3 0     8.2 0   277.7 0   977.8 0
 2001 141  5 21 21 21 21.350  48.53   320.9 0    65.2 0     3.8 0   309.2 0   383.6 0   293.1 0   293.3 0   415.3 0   291.8 0   291.9 0    52.8 0   145.9 0   246.5 0   -31.7 0   214.9 0    18.6 0    66.3 0     8.8 0   278.1 0   977.8 0
 2001 141  5 21 21 24 21.400  49.10   260.5 0    53.7 0     0.2 0   256.7 0   383.5 0   293.2 0   293.2 0   412.8 0   291.9 0   292.0 0    44.6 0   118.4 0   203.2 0   -29.4 0   173.8 0    18.6 0    64.8 0    10.8 0   279.9 0   977.8 0
 2001 141  5 21 21 27 21.450  49.67   187.1 0    39.9 0    -1.2 0   187.7 0   386.0 0   293.3 0   293.1 0   410.9 0   291.8 0   291.9 0    30.7 0    86.7 0   147.8 0   -24.8 0   123.0 0    18.6 0    65.9 0     9.6 0   277.5 0   977.8 0
 2001 141  5 21 21 30 21.500  50.24   130.7 0    29.3 0    -1.6 0   132.3 0   385.8 0   293.2 0   293.0 0   408.7 0   291.8 0   291.8 0    21.3 0    62.9 0   103.0 0   -22.8 0    80.2 0    18.5 0    66.2 0     9.4 0   278.8 0   977.9 0
 2001 141  5 21 21 33 21.550  50.81   134.2 0    30.6 0    -1.6 0   134.8 0   384.8 0   293.1 0   292.9 0   407.2 0   291.7 0   291.7 0    21.3 0    64.6 0   104.2 0   -22.5 0    81.7 0    18.4 0    64.9 0     9.6 0   279.4 0   977.9 0
 2001 141  5 21 21 36 21.600  51.38   242.7 0    53.0 0     1.7 0   232.9 0   383.6 0   293.1 0   292.9 0   409.0 0   291.7 0   291.7 0    33.3 0   113.9 0   181.0 0   -25.3 0   155.7 0    18.4 0    63.7 0    10.0 0   277.2 0   978.0 0
 2001 141  5 21 21 39 21.650  51.95   471.4 0    99.3 0   121.7 0   381.7 0   376.4 0   293.2 0   293.3 0   416.2 0   291.7 0   291.9 0    58.5 0   213.3 0   357.3 0   -39.8 0   317.6 0    18.5 0    63.1 0     9.2 0   280.2 0   978.0 0
 2001 141  5 21 21 42 21.700  52.52   617.9 0   136.0 0   617.1 0   245.2 0   346.1 0   293.5 0   293.6 0   426.2 0   291.9 0   292.3 0    73.3 0   273.8 0   484.7 0   -80.1 0   404.6 0    18.9 0    64.6 0     7.5 0   278.6 0   977.9 0
 2001 141  5 21 21 45 21.750  53.09   638.6 0   142.5 0   701.0 0   213.9 0   338.1 0   293.8 0   293.7 0   424.7 0   292.2 0   292.6 0    70.9 0   280.6 0   492.4 0   -86.5 0   405.9 0    19.1 0    61.1 0     9.5 0   273.8 0   977.9 0
 2001 141  5 21 21 48 21.800  53.67   475.3 0   105.4 0   401.4 0   233.4 0   339.6 0   294.1 0   294.0 0   420.1 0   292.4 0   292.7 0    61.8 0   216.1 0   365.8 0   -80.5 0   285.2 0    19.1 0    60.5 0    10.3 0   272.5 0   977.8 0
 2001 141  5 21 21 51 21.850  54.24   417.6 0    92.2 0   277.6 0   248.9 0   334.7 0   294.3 0   294.0 0   414.4 0   292.5 0   292.6 0    57.1 0   194.5 0   318.9 0   -79.7 0   239.2 0    18.9 0    58.0 0    11.4 0   278.7 0   977.9 0
 2001 141  5 21 21 54 21.900  54.81   478.3 0   108.9 0   394.8 0   245.6 0   337.0 0   294.4 0   294.1 0   418.0 0   292.5 0   292.7 0    58.6 0   216.7 0   364.2 0   -81.0 0   283.2 0    19.0 0    58.3 0    10.4 0   280.7 0   977.9 0
 2001 141  5 21 21 57 21.950  55.38   357.4 0    78.0 0   193.9 0   242.7 0   348.2 0   294.5 0   294.2 0   415.6 0   292.5 0   292.6 0    47.1 0   163.7 0   274.8 0   -67.4 0   207.5 0    19.0 0    58.8 0     9.9 0   280.6 0   978.0 0
 2001 141  5 21 22  0 22.000  55.96   253.9 0    54.8 0    11.6 0   244.2 0   357.0 0   294.4 0   294.1 0   412.5 0   292.5 0   292.5 0    39.1 0   119.0 0   195.9 0   -55.5 0   140.4 0    19.0 0    58.8 0    10.4 0   272.1 0   978.1 0
 2001 141  5 21 22  3 22.050  56.53   332.0 0    71.1 0    38.6 0   301.1 0   356.3 0   294.4 0   294.2 0   413.4 0   292.4 0   292.5 0    44.5 0   152.4 0   251.3 0   -57.1 0   194.1 0    19.0 0    58.8 0     9.6 0   281.4 0   978.1 0
 2001 141  5 21 22  6 22.100  57.10   451.8 0   100.6 0   248.9 0   308.2 0   355.8 0   294.4 0   294.3 0   416.9 0   292.4 0   292.6 0    48.5 0   201.8 0   342.8 0   -61.1 0   281.7 0    19.0 0    56.7 0    11.0 0   278.3 0   978.1 0
 2001 141  5 21 22  9 22.150  57.68   429.3 0    96.4 0   250.7 0   290.1 0   357.2 0   294.5 0   294.3 0   417.6 0   292.5 0   292.6 0    45.2 0   192.8 0   327.7 0   -60.4 0   267.3 0    19.1 0    56.8 0    10.3 0   283.6 0   978.2 0
 2001 141  5 21 22 12 22.200  58.25   250.2 0    54.0 0     4.2 0   244.8 0   362.1 0   294.5 0   294.2 0   411.3 0   292.4 0   292.5 0    35.2 0   115.5 0   193.0 0   -49.2 0   143.8 0    19.0 0    55.6 0    10.7 0   280.0 0   978.2 0
 2001 141  5 21 22 15 22.250  58.82   462.1 0   105.9 0   286.5 0   306.1 0   372.7 0   294.4 0   294.2 0   416.6 0   292.4 0   292.5 0    39.2 0   207.3 0   348.5 0   -43.9 0   304.7 0    19.0 0    56.5 0    10.1 0   277.8 0   978.3 0
 2001 141  5 21 22 18 22.300  59.40   490.0 0   109.1 0   297.2 0   329.9 0   364.1 0   294.5 0   294.5 0   420.9 0   292.5 0   292.7 0    44.4 0   217.5 0   372.1 0   -56.8 0   315.3 0    19.2 0    55.8 0     9.5 0   285.0 0   978.4 0
 2001 141  5 21 22 21 22.350  59.97   411.5 0    92.4 0   256.4 0   278.2 0   361.9 0   294.7 0   294.5 0   419.4 0   292.6 0   292.8 0    39.8 0   182.4 0   314.1 0   -57.5 0   256.6 0    19.3 0    55.5 0    10.0 0   282.6 0   978.5 0
 2001 141  5 21 22 24 22.400  60.54   268.0 0    58.7 0    10.3 0   258.8 0   365.2 0   294.7 0   294.3 0   412.3 0   292.6 0   292.6 0    31.4 0   122.6 0   205.2 0   -47.1 0   158.1 0    19.1 0    53.9 0    11.6 0   287.1 0   978.5 0
 2001 141  5 21 22 27 22.450  61.12   322.0 0    70.9 0    20.2 0   305.9 0   367.0 0   294.6 0   294.3 0   413.2 0   292.5 0   292.6 0    33.0 0   145.7 0   244.8 0   -46.2 0   198.6 0    19.0 0    54.1 0    10.6 0   286.2 0   978.6 0
 2001 141  5 21 22 30 22.500  61.69   346.5 0    76.6 0    50.1 0   317.6 0   364.4 0   294.5 0   294.3 0   414.4 0   292.4 0   292.5 0    33.4 0   156.6 0   264.7 0   -50.0 0   214.7 0    19.0 0    54.1 0     9.7 0   284.8 0   978.7 0
 2001 141  5 21 22 33 22.550  62.26   334.1 0    77.8 0   128.2 0   273.8 0   354.3 0   294.5 0   294.3 0   414.7 0   292.4 0   292.5 0    32.7 0   152.7 0   255.6 0   -60.3 0   195.3 0    19.1 0    53.7 0     9.5 0   288.2 0   978.7 0
 2001 141  5 21 22 36 22.600  62.83   356.9 0    84.9 0   245.9 0   245.2 0   342.3 0   294.5 0   294.1 0   413.1 0   292.4 0   292.6 0    32.4 0   162.8 0   272.6 0   -70.8 0   201.8 0    19.1 0    51.1 0    10.9 0   291.1 0   978.7 0
 2001 141  5 21 22 39 22.650  63.40   308.1 0    74.5 0   264.4 0   194.1 0   330.9 0   294.5 0   294.0 0   411.4 0   292.4 0   292.5 0    30.6 0   143.4 0   237.9 0   -80.5 0   157.5 0    19.1 0    51.5 0    10.7 0   292.2 0   978.7 0
 2001 141  5 21 22 42 22.700  63.97   202.7 0    45.8 0    66.0 0   175.7 0   331.0 0   294.4 0   293.9 0   408.0 0   292.4 0   292.4 0    27.5 0    98.5 0   158.9 0   -77.0 0    81.9 0    18.9 0    52.4 0     9.9 0   293.2 0   978.6 0
 2001 141  5 21 22 45 22.750  64.54   383.6 0    94.7 0   449.8 0   195.4 0   337.9 0   294.2 0   293.8 0   411.6 0   292.3 0   292.4 0    29.0 0   172.3 0   294.0 0   -73.7 0   220.3 0    18.9 0    52.8 0     9.8 0   288.4 0   978.6 0
 2001 141  5 21 22 48 22.800  65.11   288.2 0    70.4 0   352.8 0   145.4 0   334.5 0   294.3 0   293.8 0   412.8 0   292.3 0   292.5 0    26.7 0   131.1 0   223.5 0   -78.3 0   145.2 0    19.1 0    51.6 0    10.3 0   288.7 0   978.7 0
 2001 141  5 21 22 51 22.850  65.68   128.9 0    28.0 0     1.5 0   130.6 0   332.6 0   294.2 0   293.6 0   405.1 0   292.3 0   292.3 0    20.8 0    63.7 0   103.3 0   -72.5 0    30.8 0    18.9 0    51.5 0     9.9 0   284.2 0   978.7 0
 2001 141  5 21 22 54 22.900  66.25   155.1 0    32.8 0    -1.7 0   154.6 0   352.4 0   293.9 0   293.4 0   405.5 0   292.1 0   292.1 0    19.1 0    72.3 0   121.8 0   -53.1 0    68.7 0    18.7 0    52.3 0     9.4 0   285.9 0   978.7 0
 2001 141  5 21 22 57 22.950  66.82   150.3 0    31.8 0    -1.5 0   149.5 0   365.3 0   293.7 0   293.3 0   406.5 0   292.0 0   292.0 0    16.5 0    69.2 0   117.7 0   -41.2 0    76.5 0    18.7 0    53.2 0     8.2 0   295.5 0   978.6 0
 2001 141  5 21 23  0 23.000  67.38   141.3 0    30.0 0    -0.9 0   140.6 0   368.9 0   293.5 0   293.1 0   407.0 0   291.9 0   291.9 0    14.9 0    65.0 0   110.6 0   -38.1 0    72.4 0    18.6 0    54.5 0     8.2 0   291.1 0   978.7 0
 2001 141  5 21 23  3 23.050  67.95   129.5 0    27.9 0    -0.7 0   129.3 0   370.4 0   293.3 0   293.0 0   406.2 0   291.9 0   291.9 0    13.3 0    59.9 0   101.4 0   -35.8 0    65.6 0    18.6 0    52.4 0     8.7 0   288.0 0   978.7 0
 2001 141  5 21 23  6 23.100  68.52   140.7 0    30.8 0    -0.3 0   139.8 0   371.3 0   293.1 0   292.9 0   406.2 0   291.8 0   291.8 0    12.9 0    65.3 0   109.0 0   -34.9 0    74.1 0    18.6 0    51.9 0     8.8 0   284.5 0   978.8 0
 2001 141  5 21 23  9 23.150  69.08   162.0 0    35.2 0     0.4 0   160.5 0   367.5 0   293.0 0   292.8 0   406.8 0   291.8 0   291.8 0    13.9 0    74.3 0   125.5 0   -39.3 0    86.2 0    18.6 0    51.3 0     9.6 0   283.6 0   978.8 0
 2001 141  5 21 23 12 23.200  69.65   163.3 0    35.7 0     1.6 0   161.8 0   358.7 0   293.0 0   292.8 0   406.8 0   291.8 0   291.8 0    14.3 0    74.6 0   126.7 0   -48.1 0    78.6 0    18.6 0    52.6 0     9.0 0   286.2 0   978.9 0
 2001 141  5 21 23 15 23.250  70.21   146.7 0    32.0 0     5.1 0   145.3 0   350.7 0   292.9 0   292.7 0   405.9 0   291.7 0   291.7 0    13.8 0    67.7 0   115.1 0   -55.2 0    59.9 0    18.6 0    54.4 0     7.5 0   283.7 0   978.8 0
 2001 141  5 21 23 18 23.300  70.77   131.4 0    27.5 0    -0.4 0   131.4 0   355.1 0   292.8 0   292.6 0   405.2 0   291.7 0   291.7 0    12.8 0    60.6 0   103.9 0   -50.1 0    53.7 0    18.5 0    53.0 0     8.7 0   284.7 0   978.8 0
 2001 141  5 21 23 21 23.350  71.33   105.1 0    22.1 0    -1.0 0   106.1 0   361.1 0   292.7 0   292.4 0   404.2 0   291.6 0   291.6 0    10.8 0    48.9 0    84.1 0   -43.1 0    40.9 0    18.5 0    54.1 0     8.6 0   284.7 0   978.9 0
 2001 141  5 21 23 24 23.400  71.90    87.2 0    18.8 0    -1.3 0    88.5 0   367.9 0   292.6 0   292.3 0   403.6 0   291.6 0   291.5 0     8.8 0    41.1 0    69.7 0   -35.7 0    34.0 0    18.3 0    55.4 0     7.6 0   281.1 0   979.0 0
 2001 141  5 21 23 27 23.450  72.45    79.4 0    17.2 0    -1.3 0    80.6 0   370.1 0   292.4 0   292.2 0   403.3 0   291.5 0   291.5 0     7.7 0    37.6 0    63.4 0   -33.2 0    30.2 0    18.3 0    55.6 0     7.5 0   281.3 0   979.1 0
 2001 141  5 21 23 30 23.500  73.01    80.6 0    17.4 0    -0.9 0    81.5 0   370.2 0   292.3 0   292.1 0   403.1 0   291.4 0   291.4 0     7.4 0    38.1 0    64.2 0   -32.9 0    31.3 0    18.3 0    55.7 0     7.1 0   282.1 0   979.1 0
 2001 141  5 21 23 33 23.550  73.57    73.7 0    15.9 0    -0.7 0    75.1 0   371.5 0   292.2 0   292.0 0   403.1 0   291.4 0   291.3 0     6.4 0    35.2 0    59.2 0   -31.6 0    27.6 0    18.2 0    55.3 0     7.1 0   279.6 0   979.2 0
 2001 141  5 21 23 36 23.600  74.13    66.7 0    14.3 0    -0.7 0    68.3 0   371.5 0   292.1 0   291.9 0   402.7 0   291.3 0   291.3 0     5.8 0    32.1 0    54.0 0   -31.2 0    22.8 0    18.2 0    55.8 0     6.6 0   282.2 0   979.2 0
 2001 141  5 21 23 39 23.650  74.68    59.9 0    12.8 0    -0.7 0    61.6 0   370.6 0   292.0 0   291.8 0   402.5 0   291.3 0   291.3 0     5.2 0    29.0 0    48.7 0   -31.9 0    16.9 0    18.2 0    55.1 0     6.6 0   287.9 0   979.2 0
 2001 141  5 21 23 42 23.700  75.24    47.9 0    10.6 0    -0.8 0    50.6 0   370.5 0   291.9 0   291.7 0   401.4 0   291.2 0   291.2 0     4.3 0    23.8 0    40.1 0   -31.0 0     9.1 0    18.2 0    52.6 0     7.5 0   290.1 0   979.1 0
 2001 141  5 21 23 45 23.750  75.79    34.8 0     8.4 0    -1.4 0    38.5 0   370.3 0   291.8 0   291.5 0   399.9 0   291.2 0   291.1 0     3.2 0    18.2 0    30.1 0   -29.6 0     0.5 0    18.0 0    51.9 0     7.5 0   292.6 0   979.1 0
 2001 141  5 21 23 48 23.800  76.34    28.9 0     7.2 0    -1.3 0    32.8 0   370.3 0   291.7 0   291.4 0   399.3 0   291.1 0   291.0 0     2.7 0    15.7 0    25.7 0   -29.0 0    -3.3 0    18.0 0    50.9 0     7.5 0   291.3 0   979.3 0
 2001 141  5 21 23 51 23.850  76.89    28.0 0     6.9 0    -1.4 0    31.7 0   369.7 0   291.5 0   291.3 0   398.8 0   291.0 0   290.9 0     2.5 0    15.3 0    24.7 0   -29.1 0    -4.4 0    17.9 0    51.8 0     6.9 0   292.2 0   979.3 0
 2001 141  5 21 23 54 23.900  77.44    25.6 0     6.3 0    -1.2 0    29.2 0   369.6 0   291.4 0   291.2 0   398.6 0   290.9 0   290.9 0     2.3 0    14.1 0    22.9 0   -29.0 0    -6.1 0    17.8 0    52.3 0     6.4 0   290.0 0   979.4 0
 2001 141  5 21 23 57 23.950  77.99    21.9 0     5.4 0    -1.2 0    25.4 0   369.5 0   291.3 0   291.1 0   398.2 0   290.8 0   290.8 0     2.0 0    12.4 0    20.0 0   -28.7 0    -8.7 0    17.7 0    52.4 0     6.0 0   290.8 0   979.4 0
