 Bondville
   40.05  -88.37  213 m version 1
 2000 172  6 20  0  0  0.000  75.75   152.4 0    44.7 0   443.4 0    56.4 0   354.5 0   304.1 0   303.5 0   434.7 0   298.6 0   298.7 0     9.0 0    65.7 0   120.9 0   -80.2 0    40.6 0    24.9 0    60.7 0     4.1 0   172.2 0   992.6 0
 2000 172  6 20  0  3  0.050  76.29   141.9 0    41.8 0   416.8 0    57.1 0   354.7 0   303.9 0   303.4 0   434.8 0   298.5 0   298.6 0     8.4 0    62.0 0   114.1 0   -80.1 0    34.0 0    24.9 0    61.6 0     4.3 0   181.1 0   992.6 0
 2000 172  6 20  0  6  0.100  76.83   129.7 0    38.5 0   380.5 0    56.5 0   355.1 0   303.8 0   303.3 0   434.3 0   298.5 0   298.5 0     7.7 0    57.4 0   104.7 0   -79.1 0    25.6 0    24.8 0    62.5 0     4.0 0   177.6 0   992.6 0
 2000 172  6 20  0  9  0.150  77.36   126.4 0    38.1 0   384.8 0    56.0 0   355.3 0   303.7 0   303.1 0   433.9 0   298.4 0   298.5 0     7.1 0    55.8 0   102.1 0   -78.6 0    23.5 0    24.8 0    61.4 0     4.9 0   177.2 0   992.6 0
 2000 172  6 20  0 12  0.200  77.90   125.4 0    38.2 0   393.6 0    57.3 0   354.5 0   303.5 0   303.0 0   433.4 0   298.4 0   298.4 0     6.6 0    55.7 0   101.6 0   -78.9 0    22.7 0    24.8 0    61.9 0     4.2 0   177.2 0   992.6 0
 2000 172  6 20  0 15  0.250  78.43   126.0 0    39.1 0   417.1 0    57.5 0   354.2 0   303.4 0   302.9 0   433.3 0   298.3 0   298.4 0     6.2 0    55.8 0   102.0 0   -79.1 0    22.9 0    24.8 0    62.1 0     4.2 0   170.9 0   992.6 0
 2000 172  6 20  0 18  0.300  78.96   115.6 0    35.8 0   379.5 0    57.5 0   354.2 0   303.3 0   302.8 0   432.8 0   298.3 0   298.3 0     5.8 0    51.7 0    94.3 0   -78.5 0    15.7 0    24.8 0    62.7 0     3.7 0   166.9 0   992.6 0
 2000 172  6 20  0 21  0.350  79.49    88.1 0    26.2 0   247.3 0    54.6 0   355.5 0   303.2 0   302.6 0   431.3 0   298.2 0   298.2 0     5.3 0    41.5 0    73.6 0   -75.8 0    -2.3 0    24.7 0    63.2 0     3.8 0   174.8 0   992.6 0
 2000 172  6 20  0 24  0.400  80.02    87.1 0    26.9 0   267.4 0    52.6 0   355.6 0   303.1 0   302.5 0   430.3 0   298.1 0   298.1 0     4.8 0    40.5 0    72.1 0   -74.7 0    -2.6 0    24.6 0    64.2 0     3.6 0   175.5 0   992.6 0
 2000 172  6 20  0 27  0.450  80.55    72.0 0    21.5 0   196.8 0    50.0 0   355.7 0   302.9 0   302.2 0   429.1 0   298.0 0   298.1 0     4.4 0    34.7 0    60.8 0   -73.4 0   -12.6 0    24.5 0    64.9 0     3.2 0   173.3 0   992.7 0
 2000 172  6 20  0 30  0.500  81.07    53.7 0    14.8 0   104.1 0    45.8 0   355.6 0   302.7 0   302.0 0   427.2 0   297.9 0   297.9 0     4.0 0    27.3 0    47.2 0   -71.6 0   -24.4 0    24.4 0    65.4 0     3.1 0   173.2 0   992.7 0
 2000 172  6 20  0 33  0.550  81.59    40.2 0     9.9 0    38.2 0    41.6 0   355.6 0   302.4 0   301.7 0   425.1 0   297.8 0   297.8 0     3.6 0    21.3 0    37.2 0   -69.5 0   -32.2 0    24.3 0    66.2 0     2.9 0   170.5 0   992.7 0
 2000 172  6 20  0 36  0.600  82.11    31.9 0     7.4 0    14.0 0    36.9 0   355.1 0   302.1 0   301.3 0   423.0 0   297.7 0   297.6 0     3.2 0    17.4 0    31.4 0   -67.9 0   -36.5 0    24.1 0    67.3 0     2.9 0   166.5 0   992.7 0
 2000 172  6 20  0 39  0.650  82.62    26.0 0     5.8 0     0.5 0    32.7 0   355.0 0   301.7 0   301.0 0   422.4 0   297.5 0   297.5 0     2.8 0    14.6 0    26.9 0   -67.4 0   -40.5 0    24.0 0    67.6 0     3.4 0   159.5 0   992.7 0
 2000 172  6 20  0 42  0.700  83.14    23.4 0     5.4 0     1.9 0    29.7 0   354.6 0   301.4 0   300.7 0   421.1 0   297.4 0   297.3 0     2.5 0    13.0 0    24.5 0   -66.6 0   -42.0 0    24.0 0    68.3 0     3.2 0   158.1 0   992.7 0
 2000 172  6 20  0 45  0.750  83.65    21.7 0     5.2 0     5.1 0    27.7 0   354.0 0   301.1 0   300.3 0   419.4 0   297.2 0   297.2 0     2.2 0    12.1 0    23.1 0   -65.4 0   -42.4 0    23.8 0    69.7 0     2.9 0   158.3 0   992.7 0
 2000 172  6 20  0 48  0.800  84.15    19.6 0     4.9 0     2.5 0    26.0 0   353.7 0   300.8 0   300.0 0   417.5 0   297.1 0   297.0 0     1.9 0    11.0 0    21.3 0   -63.8 0   -42.5 0    23.7 0    70.6 0     3.0 0   158.1 0   992.8 0
 2000 172  6 20  0 51  0.850  84.66    18.0 0     4.8 0     0.4 0    24.7 0   353.6 0   300.4 0   299.7 0   417.0 0   296.9 0   296.9 0     1.7 0    10.1 0    19.9 0   -63.3 0   -43.4 0    23.6 0    71.2 0     3.1 0   154.3 0   992.7 0
 2000 172  6 20  0 54  0.900  85.15    17.1 0     4.6 0     2.3 0    23.8 0   353.5 0   300.1 0   299.4 0   416.0 0   296.8 0   296.7 0     1.5 0     9.5 0    19.4 0   -62.5 0   -43.2 0    23.4 0    72.1 0     3.0 0   148.9 0   992.7 0
 2000 172  6 20  0 57  0.950  85.65    17.2 0     5.0 0    16.5 0    23.5 0   353.8 0   299.8 0   299.1 0   415.6 0   296.6 0   296.5 0     1.3 0     9.4 0    19.7 0   -61.8 0   -42.1 0    23.2 0    72.9 0     3.2 0   149.8 0   992.7 0
 2000 172  6 20  1  0  1.000  86.14    16.6 0     4.8 0     7.3 0    23.0 0   354.7 0   299.6 0   298.9 0   415.3 0   296.4 0   296.4 0     1.1 0     9.0 0    18.7 0   -60.6 0   -41.9 0    23.1 0    73.5 0     3.3 0   154.4 0   992.7 0
 2000 172  6 20  1  3  1.050  86.62    14.9 0     4.3 0     0.2 0    21.4 0   355.3 0   299.3 0   298.6 0   414.6 0   296.3 0   296.2 0     1.0 0     8.2 0    17.1 0   -59.3 0   -42.2 0    23.1 0    74.1 0     3.1 0   151.6 0   992.7 0
 2000 172  6 20  1  6  1.100  87.10    12.5 0     3.7 0    -1.1 0    19.3 0   355.7 0   299.0 0   298.3 0   413.8 0   296.1 0   296.1 0     0.9 0     7.2 0    15.7 0   -58.1 0   -42.5 0    22.9 0    74.9 0     3.2 0   145.1 0   992.6 0
 2000 172  6 20  1  9  1.150  87.57     9.8 0     3.0 0    -1.3 0    16.7 0   355.4 0   298.7 0   298.1 0   412.9 0   296.0 0   295.9 0     0.8 0     6.1 0    13.7 0   -57.5 0   -43.8 0    22.9 0    75.3 0     3.2 0   148.0 0   992.7 0
 2000 172  6 20  1 12  1.200  88.03     7.3 0     2.5 0    -0.9 0    14.1 0   355.0 0   298.5 0   297.9 0   411.9 0   295.9 0   295.8 0     0.6 0     5.0 0    11.5 0   -56.8 0   -45.3 0    22.7 0    75.8 0     3.0 0   146.6 0   992.6 0
 2000 172  6 20  1 15  1.250  88.48     4.9 0     1.9 0    -0.8 0    11.4 0   354.6 0   298.3 0   297.7 0   411.3 0   295.7 0   295.7 0     0.5 0     4.0 0     9.5 0   -56.7 0   -47.2 0    22.7 0    75.5 0     3.2 0   146.0 0   992.6 0
 2000 172  6 20  1 18  1.300  88.91     2.6 0     1.1 0    -0.8 0     8.7 0   354.1 0   298.0 0   297.4 0   410.5 0   295.6 0   295.6 0     0.4 0     3.0 0     7.6 0   -56.4 0   -48.8 0    22.7 0    75.6 0     3.3 0   146.5 0   992.7 0
 2000 172  6 20  1 21  1.350  89.31     0.1 0     0.4 0    -0.9 0     6.1 0   353.4 0   297.8 0   297.2 0   409.8 0   295.5 0   295.5 0     0.4 0     2.2 0     5.8 0   -56.5 0   -50.7 0    22.7 0    75.9 0     3.3 0   148.7 0   992.7 0
 2000 172  6 20  1 24  1.400  89.69    -1.5 0     0.2 0    -0.8 0     4.4 0   352.5 0   297.6 0   297.0 0   409.0 0   295.4 0   295.4 0     0.3 0     1.6 0     4.2 0   -56.5 0   -52.3 0    22.6 0    76.5 0     3.2 0   148.4 0   992.7 0
 2000 172  6 20  1 27  1.450  90.82    -2.6 0    -0.1 0    -0.8 0     3.5 0   351.7 0   297.5 0   296.8 0   408.0 0   295.3 0   295.3 0     0.0 0     1.2 0     3.5 0   -56.3 0   -52.8 0    22.5 0    76.5 0     3.0 0   142.3 0   992.7 0
 2000 172  6 20  1 30  1.500  91.30    -3.3 0    -0.3 0    -0.9 0     2.9 0   350.9 0   297.3 0   296.6 0   407.2 0   295.2 0   295.2 0     0.0 0     0.9 0     2.9 0   -56.3 0   -53.3 0    22.5 0    77.2 0     3.1 0   139.9 0   992.7 0
 2000 172  6 20  1 33  1.550  91.79    -3.8 0    -0.1 0    -1.1 0     2.6 0   350.2 0   297.1 0   296.4 0   405.9 0   295.1 0   295.0 0     0.0 0     0.7 0     2.6 0   -55.7 0   -53.2 0    22.3 0    78.4 0     3.1 0   141.3 0   992.8 0
 2000 172  6 20  1 36  1.600  92.27    -4.0 0    -0.3 0    -1.0 0     2.3 0   349.7 0   296.9 0   296.2 0   405.4 0   295.0 0   294.9 0     0.0 0     0.5 0     2.3 0   -55.6 0   -53.4 0    22.1 0    78.7 0     3.3 0   139.8 0   992.7 0
 2000 172  6 20  1 39  1.650  92.74    -4.1 0    -0.5 0    -1.0 0     1.9 0   349.4 0   296.7 0   296.0 0   405.0 0   294.9 0   294.8 0     0.0 0     0.3 0     1.9 0   -55.7 0   -53.7 0    22.1 0    78.5 0     3.5 0   139.8 0   992.7 0
 2000 172  6 20  1 42  1.700  93.22    -4.2 0    -0.4 0    -0.8 0     1.6 0   348.8 0   296.5 0   295.9 0   404.7 0   294.8 0   294.7 0     0.0 0     0.2 0     1.6 0   -56.0 0   -54.3 0    22.0 0    79.0 0     3.5 0   138.0 0   992.7 0
 2000 172  6 20  1 45  1.750  93.69    -4.4 0    -0.3 0    -0.7 0     1.5 0   348.5 0   296.3 0   295.7 0   404.3 0   294.7 0   294.6 0     0.0 0     0.1 0     1.5 0   -55.8 0   -54.3 0    21.9 0    79.8 0     3.4 0   137.4 0   992.7 0
 2000 172  6 20  1 48  1.800  94.16    -4.5 0    -0.4 0    -0.8 0     1.2 0   348.3 0   296.1 0   295.5 0   403.6 0   294.5 0   294.5 0     0.0 0     0.1 0     1.2 0   -55.3 0   -54.1 0    21.7 0    80.2 0     3.4 0   137.1 0   992.7 0
 2000 172  6 20  1 51  1.850  94.62    -4.6 0    -0.6 0    -0.8 0     1.2 0   347.9 0   296.0 0   295.4 0   403.3 0   294.4 0   294.4 0     0.0 0     0.0 0     1.2 0   -55.4 0   -54.3 0    21.8 0    79.8 0     3.4 0   136.5 0   992.7 0
 2000 172  6 20  1 54  1.900  95.08    -4.6 0    -0.6 0    -0.8 0     1.1 0   347.9 0   295.8 0   295.2 0   403.2 0   294.4 0   294.3 0     0.0 0     0.0 0     1.1 0   -55.3 0   -54.2 0    21.8 0    79.7 0     3.4 0   137.8 0   992.6 0
 2000 172  6 20  1 57  1.950  95.54    -4.6 0    -0.6 0    -0.8 0     1.1 0   347.7 0   295.7 0   295.1 0   402.4 0   294.3 0   294.3 0     0.0 0     0.0 0     1.1 0   -54.7 0   -53.6 0    21.7 0    80.5 0     3.3 0   137.7 0   992.7 0
 2000 172  6 20  2  0  2.000  96.00    -4.6 0    -0.4 0    -0.8 0     1.1 0   347.8 0   295.5 0   295.0 0   402.7 0   294.2 0   294.2 0     0.0 0     0.0 0     1.1 0   -54.9 0   -53.8 0    21.5 0    81.4 0     3.7 0   137.3 0   992.8 0
 2000 172  6 20  2  3  2.050  96.45    -4.6 0    -0.4 0    -0.8 0     1.0 0   347.8 0   295.4 0   294.9 0   403.7 0   294.1 0   294.1 0     0.0 0     0.0 0     0.0 0   -55.9 0   -55.9 0    21.4 0    82.0 0     3.7 0   139.3 0   992.8 0
 2000 172  6 20  2  6  2.100  96.90    -4.6 0    -0.5 0    -0.7 0     1.0 0   347.2 0   295.3 0   294.8 0   403.6 0   294.0 0   294.0 0     0.0 0     0.0 0     0.0 0   -56.4 0   -56.4 0    21.5 0    81.4 0     3.6 0   140.8 0   992.7 0
 2000 172  6 20  2  9  2.150  97.35    -4.6 0    -0.4 0    -0.7 0     1.0 0   347.0 0   295.2 0   294.7 0   402.5 0   294.0 0   293.9 0     0.0 0     0.0 0     0.0 0   -55.5 0   -55.5 0    21.3 0    82.5 0     3.5 0   141.1 0   992.8 0
 2000 172  6 20  2 12  2.200  97.79    -4.5 0    -0.4 0    -0.6 0     1.0 0   347.1 0   295.1 0   294.7 0   402.9 0   293.9 0   293.8 0     0.0 0     0.0 0     0.0 0   -55.8 0   -55.8 0    21.3 0    82.7 0     3.6 0   144.4 0   992.8 0
 2000 172  6 20  2 15  2.250  98.23    -4.6 0    -0.4 0    -0.5 0     0.9 0   347.4 0   295.1 0   294.6 0   402.9 0   293.8 0   293.8 0     0.0 0     0.0 0     0.0 0   -55.5 0   -55.5 0    21.2 0    83.2 0     3.4 0   142.8 0   992.9 0
 2000 172  6 20  2 18  2.300  98.67    -4.6 0    -0.3 0    -0.6 0     0.9 0   347.5 0   295.0 0   294.6 0   402.0 0   293.7 0   293.7 0     0.0 0     0.0 0     0.0 0   -54.5 0   -54.5 0    21.0 0    84.2 0     3.2 0   141.2 0   993.0 0
 2000 172  6 20  2 21  2.350  99.10    -4.6 0    -0.4 0    -0.6 0     0.9 0   348.0 0   295.0 0   294.5 0   402.3 0   293.6 0   293.6 0     0.0 0     0.0 0     0.0 0   -54.2 0   -54.2 0    21.0 0    84.5 0     3.3 0   138.6 0   993.0 0
 2000 172  6 20  2 24  2.400  99.53    -4.7 0    -0.5 0    -0.8 0     0.9 0   348.2 0   294.9 0   294.4 0   401.5 0   293.5 0   293.5 0     0.0 0     0.0 0     0.0 0   -53.3 0   -53.3 0    21.0 0    84.4 0     3.3 0   139.8 0   993.0 0
 2000 172  6 20  2 27  2.450  99.95    -4.7 0    -0.5 0    -0.7 0     0.8 0   348.7 0   294.8 0   294.4 0   401.1 0   293.5 0   293.4 0     0.0 0     0.0 0     0.0 0   -52.4 0   -52.4 0    20.9 0    85.0 0     3.4 0   140.5 0   993.0 0
 2000 172  6 20  2 30  2.500 100.38    -4.6 0    -0.5 0    -0.5 0     0.8 0   350.0 0   294.8 0   294.3 0   401.2 0   293.4 0   293.4 0     0.0 0     0.0 0     0.0 0   -51.2 0   -51.2 0    20.8 0    85.2 0     3.5 0   143.7 0   993.1 0
 2000 172  6 20  2 33  2.550 100.79    -4.6 0    -0.5 0    -0.3 0     0.7 0   351.8 0   294.7 0   294.3 0   401.9 0   293.4 0   293.3 0     0.0 0     0.0 0     0.0 0   -50.1 0   -50.1 0    20.8 0    85.4 0     3.4 0   145.4 0   993.2 0
 2000 172  6 20  2 36  2.600 101.21    -4.6 0    -0.4 0    -0.1 0     0.6 0   354.5 0   294.7 0   294.3 0   402.3 0   293.3 0   293.3 0     0.0 0     0.0 0     0.0 0   -47.8 0   -47.8 0    20.8 0    85.6 0     3.2 0   144.3 0   993.2 0
 2000 172  6 20  2 39  2.650 101.62    -4.6 0    -0.4 0    -0.1 0     0.2 0   358.3 0   294.7 0   294.3 0   402.8 0   293.3 0   293.2 0     0.0 0     0.0 0     0.0 0   -44.5 0   -44.5 0    20.7 0    85.9 0     3.3 0   142.5 0   993.3 0
 2000 172  6 20  2 42  2.700 102.02    -4.5 0    -0.3 0    -0.1 0     0.2 0   361.6 0   294.6 0   294.2 0   403.8 0   293.2 0   293.2 0     0.0 0     0.0 0     0.0 0   -42.2 0   -42.2 0    20.6 0    86.7 0     3.4 0   143.3 0   993.3 0
 2000 172  6 20  2 45  2.750 102.43    -4.5 0    -0.5 0     0.0 0     0.2 0   365.7 0   294.6 0   294.2 0   405.5 0   293.2 0   293.2 0     0.0 0     0.0 0     0.0 0   -39.8 0   -39.8 0    20.7 0    86.2 0     3.6 0   145.9 0   993.4 0
 2000 172  6 20  2 48  2.800 102.82    -4.5 0    -0.4 0     0.0 0     0.2 0   371.5 0   294.6 0   294.3 0   406.3 0   293.1 0   293.1 0     0.0 0     0.0 0     0.0 0   -34.8 0   -34.8 0    20.7 0    86.2 0     3.4 0   144.7 0   993.4 0
 2000 172  6 20  2 51  2.850 103.22    -4.5 0    -0.3 0     0.0 0     0.2 0   375.5 0   294.6 0   294.3 0   407.1 0   293.1 0   293.1 0     0.0 0     0.0 0     0.0 0   -31.6 0   -31.6 0    20.5 0    87.2 0     3.5 0   143.8 0   993.5 0
 2000 172  6 20  2 54  2.900 103.61    -4.5 0    -0.2 0     0.0 0     0.2 0   376.4 0   294.7 0   294.3 0   407.4 0   293.1 0   293.1 0     0.0 0     0.0 0     0.0 0   -31.0 0   -31.0 0    20.4 0    88.1 0     3.3 0   141.1 0   993.4 0
 2000 172  6 20  2 57  2.950 103.99    -4.5 0    -0.2 0     0.0 0     0.2 0   376.8 0   294.7 0   294.3 0   407.4 0   293.0 0   293.0 0     0.0 0     0.0 0     0.0 0   -30.6 0   -30.6 0    20.3 0    88.7 0     3.0 0   139.6 0   993.5 0
 2000 172  6 20  3  0  3.000 104.37    -4.5 0    -0.2 0     0.0 0     0.2 0   377.1 0   294.7 0   294.4 0   407.3 0   293.0 0   293.0 0     0.0 0     0.0 0     0.0 0   -30.3 0   -30.3 0    20.2 0    89.2 0     3.1 0   138.4 0   993.5 0
 2000 172  6 20  3  3  3.050 104.75    -4.4 0    -0.3 0     0.0 0     0.2 0   377.9 0   294.7 0   294.4 0   408.1 0   293.0 0   292.9 0     0.0 0     0.0 0     0.0 0   -30.2 0   -30.2 0    20.3 0    89.1 0     3.3 0   138.3 0   993.5 0
 2000 172  6 20  3  6  3.100 105.12    -4.5 0    -0.3 0     0.0 0     0.2 0   377.9 0   294.8 0   294.4 0   408.5 0   292.9 0   292.9 0     0.0 0     0.0 0     0.0 0   -30.5 0   -30.5 0    20.3 0    89.0 0     3.4 0   137.0 0   993.5 0
 2000 172  6 20  3  9  3.150 105.49    -4.5 0    -0.3 0     0.1 0     0.2 0   377.0 0   294.8 0   294.4 0   408.9 0   292.9 0   292.9 0     0.0 0     0.0 0     0.0 0   -31.9 0   -31.9 0    20.3 0    89.4 0     3.4 0   138.2 0   993.4 0
 2000 172  6 20  3 12  3.200 105.85    -4.5 0    -0.3 0     0.2 0     0.2 0   375.9 0   294.9 0   294.5 0   409.1 0   292.9 0   292.9 0     0.0 0     0.0 0     0.0 0   -33.2 0   -33.2 0    20.3 0    89.7 0     3.2 0   138.3 0   993.5 0
 2000 172  6 20  3 15  3.250 106.21    -4.6 0    -0.3 0     0.0 0     0.0 0   374.2 0   294.9 0   294.5 0   409.2 0   292.9 0   292.9 0     0.0 0     0.0 0     0.0 0   -35.0 0   -35.0 0    20.3 0    89.8 0     3.3 0   136.9 0   993.4 0
 2000 172  6 20  3 18  3.300 106.56    -4.7 0    -0.4 0     0.1 0    -0.2 0   371.9 0   295.0 0   294.6 0   409.4 0   292.9 0   292.9 0     0.0 0     0.0 0     0.0 0   -37.4 0   -37.4 0    20.4 0    89.4 0     3.4 0   138.4 0   993.4 0
 2000 172  6 20  3 21  3.350 106.91    -4.8 0    -0.4 0     0.3 0    -0.4 0   369.8 0   295.0 0   294.7 0   409.9 0   292.9 0   292.9 0     0.0 0     0.0 0     0.0 0   -40.1 0   -40.1 0    20.4 0    89.0 0     3.7 0   141.1 0   993.4 0
 2000 172  6 20  3 24  3.400 107.25    -4.8 0    -0.5 0     0.2 0    -0.4 0   369.6 0   295.1 0   294.7 0   410.3 0   293.0 0   293.0 0     0.0 0     0.0 0     0.0 0   -40.7 0   -40.7 0    20.5 0    88.7 0     3.6 0   144.4 0   993.3 0
 2000 172  6 20  3 27  3.450 107.59    -4.9 0    -0.5 0     0.5 0    -0.4 0   373.0 0   295.2 0   294.8 0   410.8 0   293.0 0   293.0 0     0.0 0     0.0 0     0.0 0   -37.8 0   -37.8 0    20.6 0    88.7 0     3.7 0   144.4 0   993.3 0
 2000 172  6 20  3 30  3.500 107.92    -5.0 0    -0.5 0     0.3 0    -0.4 0   378.0 0   295.2 0   294.9 0   411.4 0   293.0 0   293.0 0     0.0 0     0.0 0     0.0 0   -33.4 0   -33.4 0    20.6 0    88.5 0     3.7 0   144.6 0   993.3 0
 2000 172  6 20  3 33  3.550 108.25    -4.9 0    -0.4 0     0.0 0    -0.4 0   382.7 0   295.3 0   295.0 0   411.8 0   293.1 0   293.1 0     0.0 0     0.0 0     0.0 0   -29.0 0   -29.0 0    20.6 0    88.6 0     3.4 0   142.7 0   993.3 0
 2000 172  6 20  3 36  3.600 108.57    -4.7 0    -0.4 0     0.0 0    -0.4 0   385.8 0   295.4 0   295.1 0   412.4 0   293.1 0   293.1 0     0.0 0     0.0 0     0.0 0   -26.5 0   -26.5 0    20.6 0    88.6 0     3.7 0   142.4 0   993.3 0
 2000 172  6 20  3 39  3.650 108.89    -4.7 0    -0.4 0     0.0 0    -0.4 0   387.1 0   295.5 0   295.1 0   412.9 0   293.1 0   293.2 0     0.0 0     0.0 0     0.0 0   -25.8 0   -25.8 0    20.6 0    88.7 0     3.9 0   144.3 0   993.3 0
 2000 172  6 20  3 42  3.700 109.20    -4.7 0    -0.4 0     0.0 0    -0.4 0   389.1 0   295.6 0   295.2 0   413.3 0   293.2 0   293.2 0     0.0 0     0.0 0     0.0 0   -24.2 0   -24.2 0    20.7 0    88.7 0     3.7 0   146.4 0   993.3 0
 2000 172  6 20  3 45  3.750 109.51    -4.7 0    -0.4 0     0.0 0    -0.4 0   391.8 0   295.6 0   295.3 0   413.7 0   293.2 0   293.2 0     0.0 0     0.0 0     0.0 0   -21.9 0   -21.9 0    20.7 0    88.6 0     3.9 0   148.9 0   993.3 0
 2000 172  6 20  3 48  3.800 109.81    -4.7 0    -0.4 0     0.1 0    -0.4 0   393.6 0   295.7 0   295.4 0   414.1 0   293.3 0   293.3 0     0.0 0     0.0 0     0.0 0   -20.5 0   -20.5 0    20.7 0    88.4 0     3.7 0   148.7 0   993.3 0
 2000 172  6 20  3 51  3.850 110.10    -4.7 0    -0.5 0     0.4 0    -0.4 0   394.8 0   295.8 0   295.5 0   414.6 0   293.3 0   293.3 0     0.0 0     0.0 0     0.0 0   -19.8 0   -19.8 0    20.8 0    88.1 0     3.7 0   150.9 0   993.3 0
 2000 172  6 20  3 54  3.900 110.39    -4.8 0    -0.5 0     0.3 0    -0.4 0   395.0 0   295.9 0   295.6 0   415.0 0   293.4 0   293.4 0     0.0 0     0.0 0     0.0 0   -20.1 0   -20.1 0    20.9 0    87.6 0     3.8 0   150.9 0   993.3 0
 2000 172  6 20  3 57  3.950 110.67    -4.8 0    -0.5 0     0.1 0    -0.4 0   395.2 0   296.0 0   295.7 0   415.3 0   293.4 0   293.4 0     0.0 0     0.0 0     0.0 0   -20.2 0   -20.2 0    20.9 0    87.3 0     4.0 0   154.8 0   993.4 0
 2000 172  6 20  4  0  4.000 110.95    -4.7 0    -0.6 0     0.0 0    -0.4 0   395.3 0   296.1 0   295.7 0   415.6 0   293.5 0   293.5 0     0.0 0     0.0 0     0.0 0   -20.4 0   -20.4 0    21.0 0    87.0 0     4.1 0   152.9 0   993.4 0
 2000 172  6 20  4  3  4.050 111.22    -4.7 0    -0.5 0     0.0 0    -0.4 0   395.6 0   296.1 0   295.8 0   415.8 0   293.5 0   293.6 0     0.0 0     0.0 0     0.0 0   -20.3 0   -20.3 0    21.0 0    87.1 0     4.1 0   152.9 0   993.3 0
 2000 172  6 20  4  6  4.100 111.49    -4.8 0    -0.5 0     0.0 0    -0.4 0   396.1 0   296.2 0   295.9 0   416.0 0   293.6 0   293.6 0     0.0 0     0.0 0     0.0 0   -19.9 0   -19.9 0    21.0 0    87.1 0     4.2 0   151.4 0   993.3 0
 2000 172  6 20  4  9  4.150 111.75    -4.9 0    -0.4 0     0.0 0    -0.4 0   396.4 0   296.3 0   295.9 0   416.1 0   293.6 0   293.6 0     0.0 0     0.0 0     0.0 0   -19.8 0   -19.8 0    21.0 0    87.0 0     4.1 0   147.6 0   993.3 0
 2000 172  6 20  4 12  4.200 112.00    -4.9 0    -0.4 0     0.0 0    -0.4 0   396.4 0   296.3 0   296.0 0   416.3 0   293.7 0   293.7 0     0.0 0     0.0 0     0.0 0   -19.9 0   -19.9 0    21.1 0    86.9 0     4.4 0   152.7 0   993.3 0
 2000 172  6 20  4 15  4.250 112.25    -4.8 0    -0.4 0     0.0 0    -0.4 0   396.7 0   296.4 0   296.0 0   416.5 0   293.7 0   293.7 0     0.0 0     0.0 0     0.0 0   -19.8 0   -19.8 0    21.1 0    86.7 0     4.3 0   152.2 0   993.3 0
 2000 172  6 20  4 18  4.300 112.49    -4.9 0    -0.5 0     0.1 0    -0.4 0   396.9 0   296.4 0   296.1 0   416.8 0   293.7 0   293.8 0     0.0 0     0.0 0     0.0 0   -19.9 0   -19.9 0    21.1 0    86.2 0     4.5 0   150.9 0   993.2 0
 2000 172  6 20  4 21  4.350 112.72    -4.9 0    -0.3 0     0.0 0    -0.4 0   396.8 0   296.5 0   296.1 0   416.7 0   293.8 0   293.8 0     0.0 0     0.0 0     0.0 0   -19.9 0   -19.9 0    21.1 0    86.4 0     4.1 0   151.3 0   993.2 0
 2000 172  6 20  4 24  4.400 112.95    -4.8 0    -0.2 0    -0.1 0    -0.4 0   396.6 0   296.5 0   296.1 0   416.6 0   293.8 0   293.8 0     0.0 0     0.0 0     0.0 0   -20.0 0   -20.0 0    21.1 0    86.7 0     4.0 0   150.8 0   993.1 0
 2000 172  6 20  4 27  4.450 113.17    -4.8 0    -0.2 0     0.0 0    -0.4 0   396.4 0   296.6 0   296.2 0   416.6 0   293.8 0   293.8 0     0.0 0     0.0 0     0.0 0   -20.2 0   -20.2 0    21.1 0    86.7 0     4.1 0   150.4 0   993.1 0
 2000 172  6 20  4 30  4.500 113.39    -4.8 0    -0.2 0    -0.1 0    -0.4 0   395.8 0   296.6 0   296.2 0   416.5 0   293.8 0   293.8 0     0.0 0     0.0 0     0.0 0   -20.7 0   -20.7 0    21.1 0    86.8 0     3.9 0   150.2 0   993.0 0
 2000 172  6 20  4 33  4.550 113.60    -4.8 0    -0.3 0     0.0 0    -0.4 0   395.7 0   296.6 0   296.2 0   416.6 0   293.8 0   293.8 0     0.0 0     0.0 0     0.0 0   -21.0 0   -21.0 0    21.1 0    86.6 0     4.2 0   147.6 0   992.9 0
 2000 172  6 20  4 36  4.600 113.80    -4.9 0    -0.3 0     0.0 0    -0.4 0   395.7 0   296.7 0   296.2 0   416.7 0   293.8 0   293.8 0     0.0 0     0.0 0     0.0 0   -21.0 0   -21.0 0    21.1 0    86.4 0     4.5 0   148.6 0   992.9 0
 2000 172  6 20  4 39  4.650 113.99    -4.8 0    -0.2 0    -0.1 0    -0.4 0   395.1 0   296.7 0   296.2 0   416.6 0   293.8 0   293.8 0     0.0 0     0.0 0     0.0 0   -21.4 0   -21.4 0    21.1 0    86.5 0     4.1 0   151.7 0   992.9 0
 2000 172  6 20  4 42  4.700 114.18    -4.8 0    -0.2 0     0.0 0    -0.4 0   394.5 0   296.7 0   296.3 0   416.6 0   293.8 0   293.8 0     0.0 0     0.0 0     0.0 0   -22.0 0   -22.0 0    21.1 0    86.5 0     4.2 0   157.0 0   992.9 0
 2000 172  6 20  4 45  4.750 114.36    -4.8 0    -0.3 0     0.0 0    -0.4 0   393.7 0   296.7 0   296.3 0   416.6 0   293.8 0   293.9 0     0.0 0     0.0 0     0.0 0   -22.9 0   -22.9 0    21.1 0    86.2 0     4.1 0   158.6 0   992.9 0
 2000 172  6 20  4 48  4.800 114.54    -4.9 0    -0.4 0     0.2 0    -0.4 0   394.6 0   296.7 0   296.3 0   417.0 0   293.9 0   293.9 0     0.0 0     0.0 0     0.0 0   -22.4 0   -22.4 0    21.2 0    85.5 0     4.7 0   157.5 0   992.9 0
 2000 172  6 20  4 51  4.850 114.70    -4.9 0    -0.4 0     0.0 0    -0.4 0   396.6 0   296.7 0   296.3 0   417.1 0   293.9 0   293.9 0     0.0 0     0.0 0     0.0 0   -20.6 0   -20.6 0    21.2 0    85.2 0     4.2 0   157.4 0   992.9 0
 2000 172  6 20  4 54  4.900 114.86    -4.8 0    -0.2 0     0.0 0    -0.4 0   397.4 0   296.7 0   296.3 0   417.0 0   293.9 0   293.9 0     0.0 0     0.0 0     0.0 0   -19.5 0   -19.5 0    21.2 0    85.6 0     4.0 0   158.7 0   992.9 0
 2000 172  6 20  4 57  4.950 115.01    -4.8 0    -0.2 0     0.0 0    -0.4 0   397.3 0   296.8 0   296.4 0   417.0 0   293.9 0   293.9 0     0.0 0     0.0 0     0.0 0   -19.6 0   -19.6 0    21.2 0    85.5 0     4.1 0   159.6 0   992.9 0
 2000 172  6 20  5  0  5.000 115.16    -4.8 0    -0.2 0    -0.1 0    -0.4 0   396.9 0   296.8 0   296.4 0   416.9 0   293.9 0   293.9 0     0.0 0     0.0 0     0.0 0   -20.0 0   -20.0 0    21.2 0    85.6 0     4.1 0   156.0 0   992.8 0
 2000 172  6 20  5  3  5.050 115.30    -4.6 0    -0.2 0    -0.1 0    -0.4 0   396.4 0   296.8 0   296.4 0   416.5 0   293.9 0   293.9 0     0.0 0     0.0 0     0.0 0   -20.1 0   -20.1 0    21.1 0    86.1 0     3.8 0   154.3 0   992.8 0
 2000 172  6 20  5  6  5.100 115.43    -4.6 0    -0.2 0    -0.4 0    -0.4 0   396.7 0   296.8 0   296.4 0   416.5 0   293.9 0   293.9 0     0.0 0     0.0 0     0.0 0   -19.8 0   -19.8 0    21.0 0    86.2 0     4.0 0   153.6 0   992.7 0
 2000 172  6 20  5  9  5.150 115.55    -4.6 0    -0.2 0     0.0 0    -0.4 0   396.7 0   296.8 0   296.4 0   416.5 0   293.9 0   293.9 0     0.0 0     0.0 0     0.0 0   -19.8 0   -19.8 0    21.0 0    86.3 0     3.9 0   153.8 0   992.6 0
 2000 172  6 20  5 12  5.200 115.67    -4.6 0    -0.2 0    -0.4 0    -0.3 0   396.7 0   296.8 0   296.4 0   416.3 0   293.9 0   293.8 0     0.0 0     0.0 0     0.0 0   -19.6 0   -19.6 0    21.0 0    86.6 0     4.1 0   150.5 0   992.5 0
 2000 172  6 20  5 15  5.250 115.78    -4.6 0    -0.2 0     0.0 0    -0.4 0   397.1 0   296.8 0   296.3 0   416.3 0   293.8 0   293.8 0     0.0 0     0.0 0     0.0 0   -19.2 0   -19.2 0    21.0 0    86.6 0     4.0 0   149.6 0   992.5 0
 2000 172  6 20  5 18  5.300 115.88    -4.6 0    -0.2 0     0.0 0    -0.4 0   396.6 0   296.8 0   296.3 0   416.3 0   293.8 0   293.8 0     0.0 0     0.0 0     0.0 0   -19.7 0   -19.7 0    21.0 0    86.6 0     3.9 0   150.1 0   992.5 0
 2000 172  6 20  5 21  5.350 115.98    -4.6 0    -0.2 0     0.0 0    -0.3 0   395.7 0   296.8 0   296.3 0   416.3 0   293.8 0   293.8 0     0.0 0     0.0 0     0.0 0   -20.6 0   -20.6 0    21.0 0    86.4 0     4.0 0   153.4 0   992.5 0
 2000 172  6 20  5 24  5.400 116.06    -4.5 0    -0.2 0    -0.1 0    -0.2 0   394.7 0   296.8 0   296.3 0   416.1 0   293.8 0   293.8 0     0.0 0     0.0 0     0.0 0   -21.4 0   -21.4 0    21.0 0    86.5 0     3.7 0   154.6 0   992.4 0
 2000 172  6 20  5 27  5.450 116.14    -4.5 0    -0.2 0     0.0 0    -0.3 0   393.0 0   296.7 0   296.3 0   416.0 0   293.8 0   293.8 0     0.0 0     0.0 0     0.0 0   -23.0 0   -23.0 0    21.0 0    86.4 0     3.9 0   153.3 0   992.4 0
 2000 172  6 20  5 30  5.500 116.21    -4.6 0    -0.2 0    -0.1 0    -0.2 0   391.3 0   296.7 0   296.3 0   415.7 0   293.8 0   293.8 0     0.0 0     0.0 0     0.0 0   -24.4 0   -24.4 0    21.0 0    86.3 0     3.9 0   154.4 0   992.4 0
 2000 172  6 20  5 33  5.550 116.28    -4.6 0    -0.2 0     0.0 0    -0.4 0   389.4 0   296.7 0   296.3 0   415.6 0   293.8 0   293.8 0     0.0 0     0.0 0     0.0 0   -26.3 0   -26.3 0    21.0 0    86.1 0     3.7 0   155.3 0   992.4 0
 2000 172  6 20  5 36  5.600 116.33    -4.6 0    -0.2 0    -0.1 0    -0.4 0   386.6 0   296.7 0   296.3 0   415.1 0   293.7 0   293.7 0     0.0 0     0.0 0     0.0 0   -28.6 0   -28.6 0    21.0 0    86.2 0     3.6 0   159.9 0   992.4 0
 2000 172  6 20  5 39  5.650 116.38    -4.6 0    -0.2 0    -0.2 0    -0.4 0   384.5 0   296.7 0   296.3 0   414.6 0   293.7 0   293.7 0     0.0 0     0.0 0     0.0 0   -30.1 0   -30.1 0    20.9 0    86.3 0     3.5 0   157.4 0   992.4 0
 2000 172  6 20  5 42  5.700 116.42    -4.6 0    -0.2 0    -0.5 0    -0.4 0   382.9 0   296.7 0   296.2 0   414.4 0   293.7 0   293.7 0     0.0 0     0.0 0     0.0 0   -31.5 0   -31.5 0    20.9 0    86.2 0     3.7 0   154.7 0   992.4 0
 2000 172  6 20  5 45  5.750 116.46    -4.6 0    -0.2 0    -0.2 0    -0.4 0   381.9 0   296.6 0   296.2 0   414.3 0   293.7 0   293.7 0     0.0 0     0.0 0     0.0 0   -32.4 0   -32.4 0    20.9 0    86.2 0     3.8 0   154.2 0   992.3 0
 2000 172  6 20  5 48  5.800 116.48    -4.7 0    -0.2 0    -0.2 0    -0.4 0   383.2 0   296.6 0   296.2 0   413.8 0   293.7 0   293.7 0     0.0 0     0.0 0     0.0 0   -30.6 0   -30.6 0    20.8 0    86.7 0     3.4 0   151.9 0   992.3 0
 2000 172  6 20  5 51  5.850 116.50    -4.6 0    -0.2 0    -0.1 0    -0.4 0   385.8 0   296.6 0   296.1 0   413.8 0   293.6 0   293.6 0     0.0 0     0.0 0     0.0 0   -28.1 0   -28.1 0    20.8 0    87.0 0     3.6 0   152.7 0   992.2 0
 2000 172  6 20  5 54  5.900 116.51    -4.6 0    -0.2 0    -0.1 0    -0.4 0   386.7 0   296.6 0   296.1 0   413.9 0   293.6 0   293.6 0     0.0 0     0.0 0     0.0 0   -27.2 0   -27.2 0    20.7 0    87.1 0     3.9 0   154.1 0   992.2 0
 2000 172  6 20  5 57  5.950 116.51    -4.6 0    -0.2 0    -0.1 0    -0.4 0   387.5 0   296.5 0   296.1 0   414.0 0   293.6 0   293.6 0     0.0 0     0.0 0     0.0 0   -26.6 0   -26.6 0    20.7 0    87.1 0     3.9 0   152.6 0   992.1 0
 2000 172  6 20  6  0  6.000 116.51    -4.5 0    -0.2 0     0.0 0    -0.3 0   388.6 0   296.5 0   296.1 0   414.1 0   293.6 0   293.6 0     0.0 0     0.0 0     0.0 0   -25.5 0   -25.5 0    20.7 0    87.1 0     3.9 0   150.6 0   992.1 0
 2000 172  6 20  6  3  6.050 116.50    -4.5 0    -0.2 0     0.0 0    -0.2 0   389.9 0   296.5 0   296.0 0   414.3 0   293.5 0   293.5 0     0.0 0     0.0 0     0.0 0   -24.4 0   -24.4 0    20.7 0    87.0 0     3.6 0   149.1 0   992.1 0
 2000 172  6 20  6  6  6.100 116.48    -4.5 0    -0.3 0     0.0 0    -0.1 0   390.7 0   296.5 0   296.0 0   414.5 0   293.5 0   293.5 0     0.0 0     0.0 0     0.0 0   -23.8 0   -23.8 0    20.7 0    86.6 0     4.0 0   150.3 0   992.1 0
 2000 172  6 20  6  9  6.150 116.45    -4.5 0    -0.3 0     0.0 0    -0.3 0   392.1 0   296.5 0   296.0 0   414.6 0   293.5 0   293.5 0     0.0 0     0.0 0     0.0 0   -22.5 0   -22.5 0    20.8 0    86.3 0     3.7 0   148.3 0   992.1 0
 2000 172  6 20  6 12  6.200 116.41    -4.5 0    -0.2 0     0.0 0     0.2 0   397.9 0   296.4 0   296.0 0   414.9 0   293.5 0   293.5 0     0.0 0     0.0 0     0.0 0   -17.1 0   -17.1 0    20.7 0    86.5 0     3.5 0   148.8 0   992.1 0
 2000 172  6 20  6 15  6.250 116.37    -4.4 0    -0.2 0     0.0 0     0.2 0   401.8 0   296.4 0   296.0 0   415.3 0   293.5 0   293.5 0     0.0 0     0.0 0     0.0 0   -13.5 0   -13.5 0    20.7 0    86.7 0     3.6 0   149.7 0   992.1 0
 2000 172  6 20  6 18  6.300 116.32    -4.4 0    -0.2 0     0.0 0     0.2 0   401.1 0   296.4 0   296.1 0   415.4 0   293.5 0   293.5 0     0.0 0     0.0 0     0.0 0   -14.3 0   -14.3 0    20.7 0    86.7 0     3.5 0   148.4 0   992.1 0
 2000 172  6 20  6 21  6.350 116.26    -4.4 0    -0.3 0     0.0 0     0.2 0   400.6 0   296.5 0   296.1 0   415.4 0   293.5 0   293.5 0     0.0 0     0.0 0     0.0 0   -14.8 0   -14.8 0    20.7 0    86.7 0     3.8 0   148.7 0   992.1 0
 2000 172  6 20  6 24  6.400 116.19    -4.4 0    -0.3 0     0.0 0     0.2 0   401.6 0   296.5 0   296.1 0   415.7 0   293.5 0   293.5 0     0.0 0     0.0 0     0.0 0   -14.1 0   -14.1 0    20.8 0    86.4 0     3.7 0   150.0 0   992.0 0
 2000 172  6 20  6 27  6.450 116.12    -4.5 0    -0.2 0     0.0 0     0.2 0   403.8 0   296.5 0   296.1 0   415.8 0   293.5 0   293.5 0     0.0 0     0.0 0     0.0 0   -12.0 0   -12.0 0    20.8 0    86.4 0     3.7 0   156.8 0   992.0 0
 2000 172  6 20  6 30  6.500 116.04    -4.4 0    -0.2 0     0.0 0     0.2 0   408.4 0   296.5 0   296.1 0   416.2 0   293.5 0   293.5 0     0.0 0     0.0 0     0.0 0    -7.8 0    -7.8 0    20.8 0    86.7 0     3.6 0   156.5 0   992.0 0
 2000 172  6 20  6 33  6.550 115.95    -4.4 0    -0.3 0     0.1 0     0.2 0   408.4 0   296.5 0   296.1 0   416.5 0   293.5 0   293.6 0     0.0 0     0.0 0     0.0 0    -8.0 0    -8.0 0    20.8 0    86.6 0     3.7 0   153.6 0   991.9 0
 2000 172  6 20  6 36  6.600 115.85    -4.5 0    -0.2 0     0.0 0     0.1 0   407.8 0   296.5 0   296.2 0   416.5 0   293.6 0   293.6 0     0.0 0     0.0 0     0.0 0    -8.7 0    -8.7 0    20.8 0    86.7 0     3.4 0   151.7 0   991.9 0
 2000 172  6 20  6 39  6.650 115.75    -4.5 0    -0.3 0     0.0 0     0.2 0   407.9 0   296.6 0   296.2 0   416.7 0   293.6 0   293.6 0     0.0 0     0.0 0     0.0 0    -8.8 0    -8.8 0    20.8 0    86.7 0     3.7 0   151.9 0   991.8 0
 2000 172  6 20  6 42  6.700 115.63    -4.5 0    -0.4 0     0.0 0     0.0 0   405.0 0   296.6 0   296.2 0   416.8 0   293.6 0   293.6 0     0.0 0     0.0 0     0.0 0   -11.8 0   -11.8 0    20.9 0    85.9 0     4.0 0   150.9 0   991.8 0
 2000 172  6 20  6 45  6.750 115.52    -4.5 0    -0.3 0     0.0 0    -0.4 0   401.9 0   296.6 0   296.2 0   416.7 0   293.6 0   293.6 0     0.0 0     0.0 0     0.0 0   -14.7 0   -14.7 0    20.9 0    85.8 0     4.1 0   150.9 0   991.8 0
 2000 172  6 20  6 48  6.800 115.39    -4.6 0    -0.3 0     0.0 0    -0.4 0   400.3 0   296.6 0   296.2 0   416.7 0   293.6 0   293.6 0     0.0 0     0.0 0     0.0 0   -16.4 0   -16.4 0    21.0 0    85.5 0     4.3 0   154.1 0   991.8 0
 2000 172  6 20  6 51  6.850 115.26    -4.6 0    -0.4 0     0.0 0    -0.4 0   399.8 0   296.7 0   296.2 0   416.7 0   293.7 0   293.7 0     0.0 0     0.0 0     0.0 0   -17.0 0   -17.0 0    21.0 0    85.2 0     4.4 0   154.0 0   991.7 0
 2000 172  6 20  6 54  6.900 115.12    -4.6 0    -0.4 0     0.0 0    -0.4 0   399.6 0   296.7 0   296.3 0   416.8 0   293.7 0   293.7 0     0.0 0     0.0 0     0.0 0   -17.1 0   -17.1 0    21.0 0    85.1 0     4.2 0   154.1 0   991.7 0
 2000 172  6 20  6 57  6.950 114.97    -4.6 0    -0.3 0     0.0 0    -0.4 0   401.2 0   296.7 0   296.3 0   416.6 0   293.7 0   293.7 0     0.0 0     0.0 0     0.0 0   -15.4 0   -15.4 0    21.0 0    85.5 0     3.9 0   154.1 0   991.7 0
 2000 172  6 20  7  0  7.000 114.81    -4.6 0    -0.3 0     0.0 0    -0.4 0   405.2 0   296.7 0   296.3 0   416.9 0   293.7 0   293.7 0     0.0 0     0.0 0     0.0 0   -11.7 0   -11.7 0    21.0 0    85.6 0     4.2 0   154.4 0   991.6 0
 2000 172  6 20  7  3  7.050 114.65    -4.6 0    -0.4 0     0.0 0    -0.4 0   407.3 0   296.7 0   296.3 0   417.3 0   293.7 0   293.8 0     0.0 0     0.0 0     0.0 0   -10.0 0   -10.0 0    21.0 0    85.4 0     4.6 0   155.1 0   991.5 0
 2000 172  6 20  7  6  7.100 114.48    -4.6 0    -0.4 0     0.0 0    -0.4 0   408.5 0   296.7 0   296.3 0   417.8 0   293.8 0   293.8 0     0.0 0     0.0 0     0.0 0    -9.3 0    -9.3 0    21.1 0    85.1 0     4.8 0   156.8 0   991.5 0
 2000 172  6 20  7  9  7.150 114.31    -4.6 0    -0.3 0     0.0 0    -0.4 0   414.2 0   296.7 0   296.4 0   418.2 0   293.8 0   293.8 0     0.0 0     0.0 0     0.0 0    -4.0 0    -4.0 0    21.1 0    85.3 0     4.3 0   156.0 0   991.5 0
 2000 172  6 20  7 12  7.200 114.12    -4.5 0    -0.4 0     0.0 0    -0.4 0   414.7 0   296.8 0   296.4 0   418.5 0   293.8 0   293.8 0     0.0 0     0.0 0     0.0 0    -3.9 0    -3.9 0    21.1 0    85.2 0     4.5 0   156.3 0   991.5 0
 2000 172  6 20  7 15  7.250 113.93    -4.5 0    -0.3 0     0.0 0    -0.4 0   413.1 0   296.8 0   296.4 0   418.6 0   293.8 0   293.9 0     0.0 0     0.0 0     0.0 0    -5.4 0    -5.4 0    21.1 0    85.2 0     4.5 0   155.0 0   991.4 0
 2000 172  6 20  7 18  7.300 113.74    -4.6 0    -0.3 0     0.0 0    -0.4 0   413.0 0   296.8 0   296.4 0   418.7 0   293.9 0   293.9 0     0.0 0     0.0 0     0.0 0    -5.6 0    -5.6 0    21.1 0    85.2 0     4.9 0   153.9 0   991.3 0
 2000 172  6 20  7 21  7.350 113.53    -4.6 0    -0.3 0     0.0 0    -0.4 0   412.7 0   296.9 0   296.5 0   418.6 0   293.9 0   293.9 0     0.0 0     0.0 0     0.0 0    -5.9 0    -5.9 0    21.1 0    85.4 0     4.2 0   155.5 0   991.3 0
 2000 172  6 20  7 24  7.400 113.32    -4.5 0    -0.2 0     0.0 0    -0.4 0   409.5 0   296.9 0   296.5 0   418.5 0   293.9 0   293.9 0     0.0 0     0.0 0     0.0 0    -9.0 0    -9.0 0    21.1 0    85.6 0     4.3 0   155.3 0   991.3 0
 2000 172  6 20  7 27  7.450 113.10    -4.6 0    -0.2 0     0.0 0    -0.4 0   410.8 0   296.9 0   296.5 0   418.5 0   293.9 0   293.9 0     0.0 0     0.0 0     0.0 0    -7.7 0    -7.7 0    21.1 0    85.6 0     4.4 0   154.6 0   991.3 0
 2000 172  6 20  7 30  7.500 112.88    -4.6 0    -0.2 0     0.0 0    -0.4 0   409.2 0   296.9 0   296.5 0   418.5 0   293.9 0   293.9 0     0.0 0     0.0 0     0.0 0    -9.3 0    -9.3 0    21.1 0    85.6 0     4.7 0   153.1 0   991.2 0
 2000 172  6 20  7 33  7.550 112.65    -4.6 0    -0.2 0     0.0 0    -0.4 0   406.2 0   296.9 0   296.5 0   418.0 0   293.9 0   293.9 0     0.0 0     0.0 0     0.0 0   -11.8 0   -11.8 0    21.1 0    86.0 0     4.4 0   153.0 0   991.1 0
 2000 172  6 20  7 36  7.600 112.41    -4.6 0    -0.2 0     0.0 0    -0.4 0   408.7 0   296.9 0   296.5 0   418.2 0   293.9 0   293.9 0     0.0 0     0.0 0     0.0 0    -9.4 0    -9.4 0    21.0 0    86.3 0     4.3 0   153.8 0   991.1 0
 2000 172  6 20  7 39  7.650 112.17    -4.5 0    -0.2 0     0.0 0    -0.2 0   412.7 0   296.9 0   296.5 0   418.3 0   293.9 0   293.9 0     0.0 0     0.0 0     0.0 0    -5.7 0    -5.7 0    21.0 0    86.4 0     4.1 0   151.5 0   991.1 0
 2000 172  6 20  7 42  7.700 111.92    -4.5 0    -0.2 0     0.0 0    -0.2 0   414.8 0   296.9 0   296.5 0   418.5 0   293.9 0   293.9 0     0.0 0     0.0 0     0.0 0    -3.7 0    -3.7 0    21.0 0    86.6 0     4.4 0   151.1 0   991.0 0
 2000 172  6 20  7 45  7.750 111.67    -4.5 0    -0.2 0     0.0 0     0.2 0   416.7 0   296.9 0   296.5 0   418.6 0   293.9 0   293.9 0     0.0 0     0.0 0     0.0 0    -1.8 0    -1.8 0    20.9 0    87.1 0     3.9 0   150.7 0   991.0 0
 2000 172  6 20  7 48  7.800 111.41    -4.4 0    -0.2 0     0.0 0     0.2 0   417.2 0   296.9 0   296.5 0   418.7 0   293.9 0   293.9 0     0.0 0     0.0 0     0.0 0    -1.5 0    -1.5 0    20.9 0    87.4 0     3.9 0   150.5 0   991.0 0
 2000 172  6 20  7 51  7.850 111.14    -4.4 0    -0.2 0     0.0 0     0.2 0   417.2 0   296.9 0   296.5 0   418.8 0   293.8 0   293.8 0     0.0 0     0.0 0     0.0 0    -1.6 0    -1.6 0    20.9 0    87.2 0     4.5 0   150.9 0   991.0 0
 2000 172  6 20  7 54  7.900 110.87    -4.5 0    -0.2 0     0.0 0     0.2 0   416.8 0   296.9 0   296.5 0   418.7 0   293.8 0   293.8 0     0.0 0     0.0 0     0.0 0    -1.9 0    -1.9 0    20.9 0    87.5 0     4.4 0   150.2 0   991.0 0
 2000 172  6 20  7 57  7.950 110.59    -4.4 0    -0.2 0     0.0 0     0.2 0   415.6 0   296.9 0   296.5 0   418.6 0   293.8 0   293.8 0     0.0 0     0.0 0     0.0 0    -2.9 0    -2.9 0    20.9 0    87.7 0     4.2 0   152.3 0   991.0 0
 2000 172  6 20  8  0  8.000 110.30    -4.4 0    -0.2 0     0.0 0     0.2 0   414.1 0   296.9 0   296.5 0   418.4 0   293.8 0   293.8 0     0.0 0     0.0 0     0.0 0    -4.4 0    -4.4 0    20.9 0    87.9 0     3.9 0   150.7 0   991.0 0
 2000 172  6 20  8  3  8.050 110.01    -4.4 0    -0.2 0     0.0 0     0.2 0   414.9 0   296.9 0   296.5 0   418.4 0   293.8 0   293.8 0     0.0 0     0.0 0     0.0 0    -3.5 0    -3.5 0    20.9 0    88.0 0     4.2 0   152.2 0   990.9 0
 2000 172  6 20  8  6  8.100 109.71    -4.4 0    -0.2 0     0.0 0     0.2 0   416.9 0   296.9 0   296.5 0   418.6 0   293.8 0   293.8 0     0.0 0     0.0 0     0.0 0    -1.8 0    -1.8 0    20.9 0    88.0 0     4.4 0   152.1 0   990.9 0
 2000 172  6 20  8  9  8.150 109.41    -4.4 0    -0.2 0     0.0 0     0.2 0   417.1 0   296.9 0   296.5 0   418.8 0   293.8 0   293.8 0     0.0 0     0.0 0     0.0 0    -1.7 0    -1.7 0    20.9 0    87.9 0     4.4 0   152.2 0   990.9 0
 2000 172  6 20  8 12  8.200 109.10    -4.5 0    -0.2 0     0.0 0     0.2 0   417.4 0   296.9 0   296.5 0   418.8 0   293.8 0   293.8 0     0.0 0     0.0 0     0.0 0    -1.4 0    -1.4 0    20.9 0    87.9 0     4.1 0   152.4 0   990.8 0
 2000 172  6 20  8 15  8.250 108.79    -4.4 0    -0.2 0     0.0 0     0.2 0   417.5 0   296.9 0   296.5 0   418.8 0   293.8 0   293.8 0     0.0 0     0.0 0     0.0 0    -1.4 0    -1.4 0    20.9 0    88.1 0     4.4 0   152.9 0   990.8 0
 2000 172  6 20  8 18  8.300 108.47    -4.4 0    -0.2 0     0.0 0     0.2 0   416.2 0   296.9 0   296.5 0   418.7 0   293.8 0   293.8 0     0.0 0     0.0 0     0.0 0    -2.5 0    -2.5 0    20.8 0    88.4 0     3.9 0   148.4 0   990.8 0
 2000 172  6 20  8 21  8.350 108.15    -4.4 0    -0.2 0     0.0 0     0.2 0   416.1 0   296.9 0   296.5 0   418.8 0   293.8 0   293.8 0     0.0 0     0.0 0     0.0 0    -2.6 0    -2.6 0    20.9 0    88.3 0     4.2 0   149.7 0   990.8 0
 2000 172  6 20  8 24  8.400 107.82    -4.4 0    -0.2 0     0.0 0     0.2 0   416.9 0   296.9 0   296.5 0   418.8 0   293.7 0   293.8 0     0.0 0     0.0 0     0.0 0    -1.9 0    -1.9 0    20.8 0    88.6 0     4.0 0   149.4 0   990.7 0
 2000 172  6 20  8 27  8.450 107.48    -4.4 0    -0.2 0     0.0 0     0.2 0   416.9 0   296.9 0   296.5 0   418.7 0   293.7 0   293.7 0     0.0 0     0.0 0     0.0 0    -1.8 0    -1.8 0    20.8 0    88.9 0     4.0 0   151.6 0   990.6 0
 2000 172  6 20  8 30  8.500 107.14    -4.4 0    -0.2 0     0.0 0     0.2 0   417.0 0   296.9 0   296.5 0   418.8 0   293.7 0   293.7 0     0.0 0     0.0 0     0.0 0    -1.8 0    -1.8 0    20.8 0    88.9 0     4.2 0   149.1 0   990.6 0
 2000 172  6 20  8 33  8.550 106.80    -4.5 0    -0.2 0     0.0 0     0.2 0   416.0 0   296.9 0   296.5 0   418.8 0   293.7 0   293.7 0     0.0 0     0.0 0     0.0 0    -2.8 0    -2.8 0    20.8 0    89.0 0     4.2 0   148.4 0   990.5 0
 2000 172  6 20  8 36  8.600 106.45    -4.4 0    -0.2 0     0.0 0     0.2 0   415.5 0   296.9 0   296.5 0   418.8 0   293.7 0   293.7 0     0.0 0     0.0 0     0.0 0    -3.2 0    -3.2 0    20.8 0    89.0 0     4.3 0   149.5 0   990.5 0
 2000 172  6 20  8 39  8.650 106.10    -4.5 0    -0.2 0     0.0 0     0.2 0   413.1 0   296.9 0   296.5 0   418.8 0   293.7 0   293.7 0     0.0 0     0.0 0     0.0 0    -5.6 0    -5.6 0    20.9 0    88.8 0     4.5 0   150.9 0   990.5 0
 2000 172  6 20  8 42  8.700 105.74    -4.5 0    -0.2 0     0.0 0     0.0 0   416.0 0   296.9 0   296.5 0   418.9 0   293.7 0   293.7 0     0.0 0     0.0 0     0.0 0    -2.8 0    -2.8 0    20.9 0    89.0 0     4.5 0   149.5 0   990.5 0
 2000 172  6 20  8 45  8.750 105.37    -4.5 0    -0.2 0     0.0 0     0.2 0   418.1 0   296.9 0   296.5 0   419.2 0   293.7 0   293.8 0     0.0 0     0.0 0     0.0 0    -1.1 0    -1.1 0    20.9 0    89.1 0     4.5 0   151.2 0   990.4 0
 2000 172  6 20  8 48  8.800 105.00    -4.5 0    -0.2 0     0.0 0     0.2 0   417.1 0   296.9 0   296.5 0   419.2 0   293.7 0   293.8 0     0.0 0     0.0 0     0.0 0    -2.1 0    -2.1 0    20.9 0    89.3 0     4.2 0   151.3 0   990.4 0
 2000 172  6 20  8 51  8.850 104.63    -4.5 0    -0.2 0     0.0 0     0.2 0   413.4 0   296.9 0   296.4 0   419.0 0   293.8 0   293.8 0     0.0 0     0.0 0     0.0 0    -5.6 0    -5.6 0    20.9 0    89.2 0     4.3 0   151.8 0   990.3 0
 2000 172  6 20  8 54  8.900 104.25    -4.7 0    -0.2 0    -0.7 0     0.1 0   417.0 0   296.9 0   296.3 0   418.8 0   293.8 0   293.8 0     0.0 0     0.0 0     0.0 0    -1.8 0    -1.8 0    20.9 0    89.5 0     4.4 0   154.3 0   990.4 0
 2000 172  6 20  8 57  8.950 103.87    -5.2 0    -0.1 0    -0.8 0    -0.5 0   413.3 0   296.8 0   296.3 0   418.3 0   293.7 0   293.7 0     0.0 0     0.0 0     0.0 0    -5.0 0    -5.0 0    20.9 0    89.8 0     3.9 0   154.1 0   990.4 0
 2000 172  6 20  9  0  9.000 103.48    -5.3 0    -0.2 0    -0.5 0    -0.5 0   417.9 0   296.8 0   296.3 0   418.6 0   293.7 0   293.7 0     0.0 0     0.0 0     0.0 0    -0.7 0    -0.7 0    20.9 0    90.2 0     4.2 0   156.0 0   990.4 0
 2000 172  6 20  9  3  9.050 103.09    -5.2 0    -0.2 0    -0.1 0    -0.4 0   417.0 0   296.8 0   296.4 0   418.6 0   293.7 0   293.7 0     0.0 0     0.0 0     0.0 0    -1.6 0    -1.6 0    20.9 0    90.3 0     4.2 0   158.9 0   990.3 0
 2000 172  6 20  9  6  9.100 102.70    -5.2 0    -0.3 0     0.0 0    -0.4 0   418.6 0   296.8 0   296.4 0   418.9 0   293.7 0   293.7 0     0.0 0     0.0 0     0.0 0    -0.2 0    -0.2 0    20.9 0    90.5 0     4.3 0   157.4 0   990.3 0
 2000 172  6 20  9  9  9.150 102.30    -4.9 0    -0.3 0     0.0 0    -0.4 0   412.5 0   296.8 0   296.4 0   418.8 0   293.7 0   293.8 0     0.0 0     0.0 0     0.0 0    -6.3 0    -6.3 0    21.0 0    90.3 0     4.6 0   155.1 0   990.2 0
 2000 172  6 20  9 12  9.200 101.90    -5.0 0    -0.3 0     0.0 0    -0.4 0   404.8 0   296.8 0   296.3 0   418.2 0   293.8 0   293.8 0     0.0 0     0.0 0     0.0 0   -13.4 0   -13.4 0    21.0 0    90.4 0     4.7 0   159.8 0   990.2 0
 2000 172  6 20  9 15  9.250 101.49    -5.1 0    -0.3 0     0.0 0    -0.5 0   407.7 0   296.8 0   296.4 0   418.3 0   293.8 0   293.8 0     0.0 0     0.0 0     0.0 0   -10.6 0   -10.6 0    21.0 0    90.5 0     4.2 0   158.8 0   990.2 0
 2000 172  6 20  9 18  9.300 101.08    -4.9 0    -0.3 0     0.0 0    -0.4 0   411.3 0   296.8 0   296.4 0   418.9 0   293.8 0   293.8 0     0.0 0     0.0 0     0.0 0    -7.5 0    -7.5 0    21.0 0    90.7 0     4.6 0   164.1 0   990.2 0
 2000 172  6 20  9 21  9.350 100.66    -4.7 0    -0.4 0     0.0 0    -0.4 0   407.7 0   296.8 0   296.4 0   419.0 0   293.8 0   293.8 0     0.0 0     0.0 0     0.0 0   -11.3 0   -11.3 0    21.1 0    90.5 0     4.8 0   163.2 0   990.2 0
 2000 172  6 20  9 24  9.400 100.24    -4.7 0    -0.4 0     0.0 0    -0.4 0   407.6 0   296.8 0   296.4 0   419.1 0   293.8 0   293.9 0     0.0 0     0.0 0     0.0 0   -11.5 0   -11.5 0    21.1 0    90.3 0     5.2 0   166.1 0   990.1 0
 2000 172  6 20  9 27  9.450  99.82    -4.8 0    -0.3 0     0.0 0    -0.4 0   404.3 0   296.8 0   296.4 0   418.9 0   293.9 0   293.9 0     0.0 0     0.0 0     0.0 0   -14.6 0   -14.6 0    21.1 0    90.4 0     4.5 0   163.7 0   990.1 0
 2000 172  6 20  9 30  9.500  99.39    -4.7 0    -0.2 0     0.0 0    -0.4 0   402.5 0   296.8 0   296.4 0   418.7 0   293.9 0   293.9 0     0.0 0     0.0 0     0.0 0   -16.2 0   -16.2 0    21.1 0    90.8 0     4.6 0   164.1 0   990.1 0
 2000 172  6 20  9 33  9.550  98.96    -4.8 0    -0.3 0     0.0 0    -0.5 0   402.3 0   296.9 0   296.4 0   418.9 0   293.9 0   293.9 0     0.0 0     0.0 0     0.0 0   -16.6 0   -16.6 0    21.1 0    90.6 0     5.6 0   165.7 0   990.1 0
 2000 172  6 20  9 36  9.600  98.53    -5.0 0    -0.2 0     0.0 0    -0.6 0   400.4 0   296.8 0   296.4 0   418.6 0   293.9 0   293.9 0     0.0 0     0.0 0     0.0 0   -18.2 0   -18.2 0    21.1 0    90.9 0     4.9 0   167.7 0   990.1 0
 2000 172  6 20  9 39  9.650  98.09    -4.9 0    -0.2 0     0.0 0    -0.4 0   402.1 0   296.9 0   296.4 0   418.6 0   293.9 0   293.9 0     0.0 0     0.0 0     0.0 0   -16.6 0   -16.6 0    21.0 0    91.1 0     5.0 0   166.4 0   990.2 0
 2000 172  6 20  9 42  9.700  97.65    -4.9 0    -0.2 0     0.0 0    -0.5 0   405.8 0   296.8 0   296.4 0   418.9 0   293.9 0   293.9 0     0.0 0     0.0 0     0.0 0   -13.1 0   -13.1 0    21.0 0    91.3 0     5.3 0   166.0 0   990.2 0
 2000 172  6 20  9 45  9.750  97.21    -4.9 0    -0.2 0     0.0 0    -0.5 0   405.1 0   296.8 0   296.4 0   418.9 0   293.9 0   293.9 0     0.0 0     0.0 0     0.0 0   -13.8 0   -13.8 0    21.0 0    91.4 0     5.1 0   165.1 0   990.1 0
 2000 172  6 20  9 48  9.800  96.76    -5.0 0    -0.2 0     0.0 0    -0.6 0   403.0 0   296.8 0   296.4 0   418.8 0   293.9 0   293.9 0     0.0 0     0.0 0     0.0 0   -15.8 0   -15.8 0    21.0 0    91.6 0     5.3 0   165.7 0   990.1 0
 2000 172  6 20  9 51  9.850  96.31    -4.9 0    -0.2 0    -0.1 0    -0.5 0   399.3 0   296.8 0   296.4 0   418.5 0   293.9 0   293.9 0     0.0 0     0.0 0     0.0 0   -19.2 0   -19.2 0    20.9 0    92.0 0     5.4 0   163.7 0   990.0 0
 2000 172  6 20  9 54  9.900  95.86    -5.1 0    -0.2 0    -0.1 0    -1.0 0   397.3 0   296.8 0   296.3 0   418.3 0   293.8 0   293.8 0     0.0 0     0.0 0     0.0 0   -21.0 0   -21.0 0    20.9 0    92.1 0     5.4 0   161.8 0   990.0 0
 2000 172  6 20  9 57  9.950  95.40    -5.1 0    -0.2 0    -0.2 0    -0.9 0   396.9 0   296.8 0   296.3 0   418.1 0   293.8 0   293.8 0     0.0 0     0.0 0     0.0 0   -21.2 0   -21.2 0    20.9 0    92.5 0     5.2 0   162.2 0   990.0 0
 2000 172  6 20 10  0 10.000  94.94    -5.0 0    -0.1 0    -0.1 0    -0.5 0   397.1 0   296.8 0   296.3 0   417.9 0   293.8 0   293.8 0     0.0 0     0.1 0     0.0 0   -20.8 0   -20.8 0    20.9 0    92.8 0     5.2 0   162.8 0   990.0 0
 2000 172  6 20 10  3 10.050  94.48    -4.9 0    -0.2 0     0.0 0    -0.4 0   398.7 0   296.8 0   296.3 0   418.1 0   293.8 0   293.8 0     0.0 0     0.1 0     0.0 0   -19.4 0   -19.4 0    20.9 0    93.0 0     5.2 0   161.1 0   989.9 0
 2000 172  6 20 10  6 10.100  94.01    -4.8 0    -0.2 0     0.0 0    -0.4 0   399.4 0   296.7 0   296.3 0   418.1 0   293.8 0   293.8 0     0.0 0     0.1 0     0.0 0   -18.7 0   -18.7 0    20.8 0    93.1 0     5.1 0   161.6 0   989.9 0
 2000 172  6 20 10  9 10.150  93.54    -4.7 0    -0.2 0     0.0 0    -0.4 0   397.8 0   296.7 0   296.3 0   418.2 0   293.8 0   293.8 0     0.0 0     0.1 0     0.0 0   -20.4 0   -20.4 0    20.9 0    93.1 0     5.3 0   163.0 0   990.0 0
 2000 172  6 20 10 12 10.200  93.07    -4.5 0    -0.2 0     0.0 0    -0.4 0   397.5 0   296.7 0   296.3 0   418.1 0   293.8 0   293.8 0     0.0 0     0.2 0     0.0 0   -20.7 0   -20.7 0    20.8 0    93.4 0     5.4 0   162.3 0   990.0 0
 2000 172  6 20 10 15 10.250  92.59    -4.4 0    -0.2 0     0.0 0    -0.3 0   399.1 0   296.7 0   296.3 0   418.1 0   293.7 0   293.7 0     0.0 0     0.3 0     0.0 0   -19.0 0   -19.0 0    20.8 0    93.5 0     5.3 0   162.1 0   989.9 0
 2000 172  6 20 10 18 10.300  92.12    -4.1 0    -0.2 0     0.0 0     0.2 0   401.0 0   296.7 0   296.2 0   418.4 0   293.7 0   293.7 0     0.0 0     0.5 0     0.2 0   -17.4 0   -17.2 0    20.8 0    93.6 0     5.3 0   160.7 0   989.9 0
 2000 172  6 20 10 21 10.350  91.64    -3.9 0    -0.2 0     0.0 0     0.3 0   401.7 0   296.7 0   296.2 0   418.6 0   293.7 0   293.7 0     0.0 0     0.6 0     0.3 0   -16.9 0   -16.6 0    20.8 0    93.8 0     5.4 0   160.1 0   989.9 0
 2000 172  6 20 10 24 10.400  91.15    -3.7 0     0.0 0     0.0 0     0.5 0   401.0 0   296.7 0   296.2 0   418.5 0   293.7 0   293.7 0     0.0 0     0.8 0     0.5 0   -17.4 0   -16.9 0    20.8 0    94.0 0     5.2 0   157.6 0   989.8 0
 2000 172  6 20 10 27 10.450  89.93    -3.0 0     0.2 0     0.0 0     1.3 0   401.3 0   296.7 0   296.2 0   418.5 0   293.7 0   293.7 0     0.2 0     1.1 0     1.1 0   -17.2 0   -16.1 0    20.8 0    94.1 0     5.5 0   159.7 0   989.8 0
 2000 172  6 20 10 30 10.500  89.58    -2.0 0     0.4 0     0.0 0     2.6 0   401.4 0   296.7 0   296.2 0   418.5 0   293.7 0   293.7 0     0.3 0     1.5 0     2.1 0   -17.0 0   -14.9 0    20.8 0    94.3 0     5.1 0   159.4 0   989.8 0
 2000 172  6 20 10 33 10.550  89.19    -0.7 0     0.7 0     0.0 0     4.0 0   402.5 0   296.7 0   296.2 0   418.7 0   293.7 0   293.7 0     0.3 0     1.9 0     3.3 0   -16.2 0   -12.9 0    20.8 0    94.4 0     5.3 0   161.2 0   989.8 0
 2000 172  6 20 10 36 10.600  88.77     0.5 0     0.9 0     0.0 0     5.2 0   404.5 0   296.7 0   296.3 0   418.9 0   293.7 0   293.7 0     0.4 0     2.3 0     4.3 0   -14.4 0   -10.1 0    20.8 0    94.5 0     5.6 0   160.6 0   989.8 0
 2000 172  6 20 10 39 10.650  88.34     1.1 0     1.0 0     0.0 0     5.9 0   410.2 0   296.7 0   296.3 0   419.3 0   293.7 0   293.7 0     0.4 0     2.5 0     4.9 0    -9.2 0    -4.3 0    20.8 0    94.6 0     5.5 0   162.9 0   989.8 0
 2000 172  6 20 10 42 10.700  87.89     1.0 0     1.0 0     0.0 0     5.7 0   413.7 0   296.7 0   296.3 0   419.7 0   293.7 0   293.7 0     0.4 0     2.5 0     4.7 0    -6.0 0    -1.3 0    20.8 0    94.7 0     5.1 0   164.6 0   989.8 0
 2000 172  6 20 10 45 10.750  87.42     2.2 0     1.2 0     0.0 0     7.0 0   412.1 0   296.7 0   296.3 0   419.8 0   293.7 0   293.7 0     0.6 0     3.0 0     5.8 0    -7.7 0    -1.9 0    20.8 0    94.8 0     5.5 0   163.9 0   989.9 0
 2000 172  6 20 10 48 10.800  86.95     3.1 0     1.3 0     0.0 0     7.7 0   412.6 0   296.7 0   296.3 0   419.9 0   293.7 0   293.8 0     0.6 0     3.4 0     6.4 0    -7.3 0    -1.0 0    20.9 0    94.8 0     5.3 0   164.2 0   989.9 0
 2000 172  6 20 10 51 10.850  86.47     4.5 0     1.6 0     0.0 0     9.3 0   411.2 0   296.7 0   296.4 0   420.1 0   293.7 0   293.8 0     0.7 0     4.1 0     7.7 0    -8.8 0    -1.2 0    20.9 0    95.0 0     5.3 0   163.4 0   989.8 0
 2000 172  6 20 10 54 10.900  85.99     8.9 0     2.4 0     0.0 0    13.8 0   403.6 0   296.8 0   296.4 0   419.9 0   293.8 0   293.8 0     1.0 0     6.1 0    11.4 0   -16.3 0    -4.9 0    20.9 0    94.9 0     5.4 0   164.9 0   989.8 0
 2000 172  6 20 10 57 10.950  85.50    13.6 0     3.4 0     0.0 0    18.6 0   404.3 0   296.8 0   296.4 0   420.0 0   293.8 0   293.8 0     1.2 0     8.0 0    15.1 0   -15.7 0    -0.6 0    20.9 0    95.1 0     4.6 0   164.5 0   989.8 0
 2000 172  6 20 11  0 11.000  85.00    18.2 0     4.2 0     0.0 0    23.1 0   402.3 0   296.8 0   296.4 0   420.3 0   293.8 0   293.8 0     1.5 0    10.0 0    18.9 0   -18.0 0     0.9 0    20.9 0    95.3 0     5.2 0   164.9 0   989.8 0
 2000 172  6 20 11  3 11.050  84.50    21.9 0     4.6 0     0.1 0    26.9 0   400.5 0   296.8 0   296.5 0   420.5 0   293.8 0   293.8 0     1.7 0    11.6 0    22.3 0   -20.0 0     2.3 0    20.9 0    95.1 0     5.3 0   161.8 0   989.9 0
 2000 172  6 20 11  6 11.100  83.99    22.7 0     4.9 0     0.1 0    27.7 0   403.7 0   296.9 0   296.5 0   420.8 0   293.8 0   293.8 0     1.8 0    11.8 0    22.8 0   -17.1 0     5.7 0    21.0 0    95.3 0     5.1 0   165.0 0   989.9 0
 2000 172  6 20 11  9 11.150  83.49    22.0 0     4.6 0     0.2 0    27.1 0   409.0 0   296.9 0   296.6 0   421.4 0   293.8 0   293.9 0     1.8 0    11.4 0    22.6 0   -12.4 0    10.2 0    21.0 0    95.1 0     5.7 0   169.3 0   989.9 0
 2000 172  6 20 11 12 11.200  82.98    25.5 0     5.4 0     0.3 0    30.5 0   406.6 0   296.9 0   296.6 0   421.5 0   293.9 0   293.9 0     2.0 0    12.8 0    25.2 0   -14.8 0    10.3 0    21.0 0    95.2 0     4.7 0   166.5 0   989.9 0
 2000 172  6 20 11 15 11.250  82.46    26.3 0     5.6 0     0.2 0    31.5 0   407.0 0   297.0 0   296.6 0   421.6 0   293.9 0   293.9 0     2.2 0    13.1 0    25.9 0   -14.6 0    11.3 0    21.0 0    95.3 0     5.3 0   168.5 0   989.9 0
 2000 172  6 20 11 18 11.300  81.95    23.0 0     5.1 0     0.1 0    28.1 0   411.7 0   297.0 0   296.7 0   421.8 0   293.9 0   294.0 0     2.0 0    11.6 0    22.9 0   -10.1 0    12.8 0    21.0 0    95.3 0     5.4 0   167.4 0   989.9 0
 2000 172  6 20 11 21 11.350  81.43    28.7 0     6.2 0     0.1 0    33.7 0   410.1 0   297.1 0   296.7 0   422.1 0   294.0 0   294.0 0     2.3 0    14.0 0    27.5 0   -12.0 0    15.5 0    21.1 0    95.4 0     5.1 0   166.8 0   989.9 0
 2000 172  6 20 11 24 11.400  80.91    37.4 0     8.1 0     0.6 0    42.5 0   410.3 0   297.1 0   296.8 0   422.5 0   294.0 0   294.0 0     2.5 0    17.6 0    34.5 0   -12.2 0    22.3 0    21.1 0    95.3 0     5.3 0   167.7 0   989.9 0
 2000 172  6 20 11 27 11.450  80.38    49.9 0    10.6 0     0.8 0    55.1 0   409.5 0   297.1 0   296.8 0   423.2 0   294.0 0   294.1 0     2.8 0    22.9 0    44.7 0   -13.7 0    31.0 0    21.2 0    95.2 0     5.3 0   171.1 0   989.9 0
 2000 172  6 20 11 30 11.500  79.86    51.4 0    11.0 0     0.8 0    56.8 0   412.4 0   297.2 0   296.9 0   423.8 0   294.1 0   294.1 0     2.6 0    23.4 0    45.9 0   -11.5 0    34.5 0    21.2 0    95.1 0     5.5 0   172.6 0   989.8 0
 2000 172  6 20 11 33 11.550  79.33    37.2 0     8.5 0     0.7 0    42.4 0   415.7 0   297.3 0   296.9 0   423.8 0   294.1 0   294.2 0     2.0 0    17.6 0    34.1 0    -8.0 0    26.1 0    21.2 0    95.0 0     6.0 0   169.1 0   989.8 0
 2000 172  6 20 11 36 11.600  78.80    28.9 0     6.7 0     0.8 0    33.9 0   414.7 0   297.3 0   296.9 0   423.5 0   294.2 0   294.2 0     1.9 0    14.4 0    27.3 0    -8.8 0    18.5 0    21.3 0    95.2 0     5.3 0   168.8 0   989.8 0
 2000 172  6 20 11 39 11.650  78.27    27.8 0     6.2 0     0.1 0    33.0 0   411.0 0   297.3 0   296.9 0   423.3 0   294.2 0   294.2 0     2.3 0    14.2 0    26.9 0   -12.2 0    14.6 0    21.3 0    95.2 0     5.9 0   167.2 0   989.7 0
 2000 172  6 20 11 42 11.700  77.73    24.5 0     5.5 0     0.0 0    29.6 0   410.6 0   297.4 0   297.0 0   423.2 0   294.2 0   294.2 0     2.3 0    12.8 0    24.1 0   -12.6 0    11.5 0    21.3 0    95.2 0     6.2 0   170.7 0   989.7 0
 2000 172  6 20 11 45 11.750  77.20    23.9 0     5.4 0     0.0 0    28.9 0   410.3 0   297.4 0   297.0 0   423.1 0   294.2 0   294.3 0     2.5 0    12.7 0    23.5 0   -12.8 0    10.7 0    21.3 0    95.3 0     5.6 0   167.4 0   989.6 0
 2000 172  6 20 11 48 11.800  76.66    26.7 0     5.9 0     0.0 0    31.8 0   409.9 0   297.4 0   297.0 0   423.2 0   294.2 0   294.3 0     2.9 0    13.9 0    25.8 0   -13.4 0    12.5 0    21.3 0    95.6 0     5.8 0   168.4 0   989.6 0
 2000 172  6 20 11 51 11.850  76.12    30.5 0     6.6 0     0.0 0    35.5 0   410.0 0   297.4 0   297.0 0   423.5 0   294.3 0   294.3 0     3.2 0    15.5 0    28.9 0   -13.5 0    15.3 0    21.3 0    95.7 0     5.8 0   168.1 0   989.6 0
 2000 172  6 20 11 54 11.900  75.58    38.1 0     7.8 0     0.1 0    43.2 0   410.1 0   297.4 0   297.1 0   423.9 0   294.3 0   294.3 0     3.9 0    18.9 0    35.4 0   -13.8 0    21.5 0    21.3 0    95.7 0     5.7 0   169.3 0   989.6 0
 2000 172  6 20 11 57 11.950  75.04    38.7 0     8.0 0     0.2 0    43.7 0   410.2 0   297.4 0   297.1 0   424.1 0   294.3 0   294.3 0     4.0 0    19.1 0    35.8 0   -13.9 0    21.8 0    21.4 0    95.7 0     5.7 0   168.6 0   989.6 0
 2000 172  6 20 12  0 12.000  74.49    41.5 0     8.6 0     0.1 0    46.6 0   410.2 0   297.5 0   297.1 0   424.3 0   294.3 0   294.3 0     4.5 0    20.3 0    38.0 0   -14.1 0    23.9 0    21.4 0    95.7 0     6.0 0   167.3 0   989.6 0
 2000 172  6 20 12  3 12.050  73.95    38.1 0     8.0 0     0.1 0    43.3 0   412.1 0   297.5 0   297.1 0   424.4 0   294.3 0   294.4 0     4.4 0    18.7 0    35.3 0   -12.3 0    22.9 0    21.4 0    95.7 0     6.3 0   169.1 0   989.6 0
 2000 172  6 20 12  6 12.100  73.40    32.0 0     7.0 0     0.1 0    37.1 0   415.0 0   297.5 0   297.1 0   424.5 0   294.4 0   294.4 0     3.8 0    15.9 0    30.1 0    -9.4 0    20.7 0    21.4 0    95.8 0     6.1 0   170.8 0   989.6 0
 2000 172  6 20 12  9 12.150  72.85    34.7 0     7.6 0     0.0 0    39.9 0   416.1 0   297.5 0   297.2 0   424.7 0   294.4 0   294.4 0     4.1 0    17.1 0    32.2 0    -8.7 0    23.6 0    21.5 0    95.8 0     6.5 0   171.2 0   989.5 0
 2000 172  6 20 12 12 12.200  72.31    45.7 0     9.7 0     0.0 0    50.8 0   413.4 0   297.5 0   297.1 0   424.9 0   294.4 0   294.4 0     5.2 0    21.9 0    41.1 0   -11.5 0    29.6 0    21.5 0    95.8 0     6.2 0   169.0 0   989.5 0
 2000 172  6 20 12 15 12.250  71.75    57.1 0    11.9 0     0.0 0    62.2 0   411.9 0   297.6 0   297.1 0   425.2 0   294.4 0   294.5 0     6.6 0    26.7 0    50.3 0   -13.3 0    37.0 0    21.5 0    96.1 0     5.9 0   169.4 0   989.4 0
 2000 172  6 20 12 18 12.300  71.20    58.1 0    12.0 0     0.1 0    63.2 0   410.3 0   297.6 0   297.2 0   425.5 0   294.5 0   294.5 0     7.2 0    27.2 0    51.3 0   -15.3 0    36.0 0    21.5 0    96.1 0     6.3 0   169.4 0   989.4 0
 2000 172  6 20 12 21 12.350  70.65    52.4 0    11.1 0     0.1 0    57.6 0   409.6 0   297.6 0   297.3 0   425.4 0   294.5 0   294.5 0     7.1 0    25.0 0    46.5 0   -15.8 0    30.6 0    21.6 0    96.1 0     6.6 0   170.0 0   989.5 0
 2000 172  6 20 12 24 12.400  70.10    58.1 0    12.2 0     0.1 0    63.5 0   408.1 0   297.6 0   297.3 0   425.6 0   294.5 0   294.5 0     8.0 0    27.4 0    51.3 0   -17.4 0    33.9 0    21.6 0    96.4 0     6.2 0   169.4 0   989.4 0
 2000 172  6 20 12 27 12.450  69.54    65.7 0    13.6 0     0.2 0    71.2 0   407.0 0   297.7 0   297.3 0   426.0 0   294.5 0   294.6 0     9.1 0    30.7 0    57.7 0   -19.0 0    38.7 0    21.6 0    96.5 0     6.4 0   170.4 0   989.4 0
 2000 172  6 20 12 30 12.500  68.98    70.1 0    14.3 0     0.6 0    75.5 0   406.5 0   297.7 0   297.4 0   426.3 0   294.6 0   294.6 0     9.8 0    32.9 0    61.4 0   -19.8 0    41.6 0    21.6 0    96.5 0     6.1 0   168.3 0   989.4 0
 2000 172  6 20 12 33 12.550  68.43    73.5 0    15.0 0     0.8 0    78.8 0   406.2 0   297.8 0   297.5 0   426.9 0   294.6 0   294.7 0    10.4 0    34.5 0    64.1 0   -20.7 0    43.5 0    21.7 0    96.6 0     5.6 0   172.2 0   989.4 0
 2000 172  6 20 12 36 12.600  67.87    77.4 0    15.6 0     0.8 0    83.0 0   406.1 0   297.8 0   297.6 0   427.4 0   294.6 0   294.7 0    11.2 0    36.3 0    67.6 0   -21.3 0    46.3 0    21.7 0    96.7 0     5.7 0   172.1 0   989.4 0
 2000 172  6 20 12 39 12.650  67.31    81.1 0    16.2 0     0.8 0    86.6 0   406.7 0   297.9 0   297.6 0   427.8 0   294.7 0   294.8 0    12.1 0    38.0 0    70.7 0   -21.1 0    49.5 0    21.8 0    96.7 0     6.2 0   167.8 0   989.3 0
 2000 172  6 20 12 42 12.700  66.75    90.2 0    17.7 0     0.8 0    95.6 0   407.2 0   298.0 0   297.7 0   428.5 0   294.8 0   294.8 0    13.3 0    42.0 0    78.3 0   -21.3 0    57.0 0    21.9 0    96.6 0     6.5 0   164.1 0   989.2 0
 2000 172  6 20 12 45 12.750  66.19    91.9 0    17.9 0     0.8 0    97.4 0   409.2 0   298.1 0   297.8 0   429.1 0   294.8 0   294.9 0    13.3 0    42.6 0    79.8 0   -19.8 0    60.0 0    22.0 0    96.5 0     6.2 0   167.7 0   989.2 0
 2000 172  6 20 12 48 12.800  65.63    76.2 0    15.4 0     0.8 0    81.6 0   411.4 0   298.1 0   297.9 0   429.2 0   294.9 0   295.0 0    11.2 0    35.5 0    66.5 0   -17.7 0    48.8 0    22.0 0    96.4 0     6.5 0   164.4 0   989.1 0
 2000 172  6 20 12 51 12.850  65.06    66.7 0    13.6 0     0.5 0    71.9 0   412.9 0   298.2 0   297.9 0   429.1 0   295.0 0   295.0 0    10.4 0    31.5 0    58.5 0   -16.2 0    42.3 0    22.1 0    96.3 0     6.0 0   164.9 0   989.1 0
 2000 172  6 20 12 54 12.900  64.50    66.3 0    13.6 0     0.1 0    71.7 0   413.2 0   298.3 0   297.9 0   429.2 0   295.0 0   295.1 0    10.9 0    31.6 0    58.1 0   -16.0 0    42.2 0    22.1 0    96.4 0     5.9 0   161.1 0   989.0 0
 2000 172  6 20 12 57 12.950  63.93    70.6 0    14.5 0     0.0 0    75.9 0   412.9 0   298.3 0   298.0 0   429.2 0   295.0 0   295.1 0    12.2 0    33.5 0    61.4 0   -16.3 0    45.1 0    22.1 0    96.6 0     6.4 0   161.3 0   988.9 0
 2000 172  6 20 13  0 13.000  63.37    81.4 0    16.6 0     0.2 0    86.6 0   412.9 0   298.4 0   298.1 0   429.7 0   295.1 0   295.1 0    14.0 0    38.2 0    70.1 0   -16.8 0    53.3 0    22.1 0    96.9 0     6.1 0   161.6 0   988.9 0
 2000 172  6 20 13  3 13.050  62.80    90.6 0    18.3 0     0.7 0    96.1 0   413.0 0   298.4 0   298.1 0   430.2 0   295.1 0   295.2 0    15.6 0    41.7 0    78.2 0   -17.2 0    61.0 0    22.1 0    97.1 0     6.3 0   163.7 0   988.9 0
 2000 172  6 20 13  6 13.100  62.23    95.1 0    19.1 0     0.8 0   100.6 0   412.6 0   298.5 0   298.2 0   430.7 0   295.1 0   295.2 0    16.3 0    44.2 0    81.9 0   -18.0 0    63.9 0    22.1 0    97.2 0     5.7 0   164.2 0   988.9 0
 2000 172  6 20 13  9 13.150  61.67   104.9 0    20.8 0     0.8 0   110.6 0   412.7 0   298.5 0   298.3 0   431.3 0   295.2 0   295.2 0    17.7 0    48.8 0    90.2 0   -18.6 0    71.6 0    22.2 0    97.3 0     5.4 0   165.4 0   988.9 0
 2000 172  6 20 13 12 13.200  61.10   118.2 0    22.9 0     0.9 0   124.0 0   412.8 0   298.6 0   298.4 0   432.1 0   295.2 0   295.3 0    20.0 0    54.8 0   101.5 0   -19.4 0    82.1 0    22.2 0    97.2 0     5.6 0   166.0 0   988.9 0
 2000 172  6 20 13 15 13.250  60.53   116.2 0    22.8 0     0.8 0   122.0 0   413.5 0   298.7 0   298.4 0   432.2 0   295.3 0   295.3 0    19.5 0    53.8 0    99.6 0   -18.7 0    80.8 0    22.3 0    97.0 0     6.5 0   167.1 0   988.9 0
 2000 172  6 20 13 18 13.300  59.96    97.8 0    20.0 0     0.5 0   103.3 0   414.5 0   298.7 0   298.5 0   431.9 0   295.3 0   295.4 0    16.1 0    45.5 0    83.5 0   -17.4 0    66.1 0    22.3 0    96.8 0     6.5 0   169.6 0   988.9 0
 2000 172  6 20 13 21 13.350  59.39    88.1 0    18.0 0     0.1 0    93.4 0   414.7 0   298.8 0   298.5 0   431.6 0   295.4 0   295.4 0    14.7 0    41.8 0    75.4 0   -16.9 0    58.5 0    22.3 0    96.8 0     6.2 0   166.3 0   988.9 0
 2000 172  6 20 13 24 13.400  58.82    84.2 0    17.1 0     0.0 0    89.5 0   415.4 0   298.8 0   298.5 0   431.5 0   295.4 0   295.4 0    14.8 0    40.5 0    72.5 0   -16.1 0    56.4 0    22.4 0    96.7 0     6.6 0   170.6 0   988.9 0
 2000 172  6 20 13 27 13.450  58.25    90.9 0    18.0 0     0.1 0    96.4 0   416.2 0   298.8 0   298.5 0   432.0 0   295.4 0   295.5 0    16.4 0    43.7 0    78.4 0   -15.8 0    62.7 0    22.4 0    96.8 0     5.8 0   168.5 0   988.9 0
 2000 172  6 20 13 30 13.500  57.68    91.2 0    18.4 0    -0.9 0    96.9 0   420.6 0   298.8 0   298.0 0   431.5 0   295.4 0   295.5 0    16.7 0    43.3 0    78.5 0   -10.9 0    67.6 0    22.4 0    96.9 0     6.0 0   169.9 0   988.9 0
