 Bondville
   40.05  -88.37  213 m version 1
 1996 289 10 15  0  0  0.000  99.14    -4.8 0     0.0 0    -0.7 0     0.5 0   359.2 0   299.3 0   298.4 0   413.5 0   295.9 0   295.8 0     0.0 0     0.0 0     0.0 0   -54.3 0   -54.3 0    22.5 0    67.9 0     3.5 0    84.6 0   991.9 0
 1996 289 10 15  0  3  0.050  99.71    -4.9 0     0.0 0    -0.5 0     0.3 0   358.7 0   299.1 0   298.2 0   414.2 0   295.8 0   295.7 0     0.0 0     0.0 0     0.0 0   -55.5 0   -55.5 0    22.4 0    68.3 0     3.9 0    87.0 0   991.9 0
 1996 289 10 15  0  6  0.100 100.29    -5.1 0     0.0 0    -0.4 0     0.2 0   358.3 0   299.0 0   298.1 0   414.0 0   295.7 0   295.7 0     0.0 0     0.0 0     0.0 0   -55.6 0   -55.6 0    22.3 0    68.6 0     3.7 0    91.6 0   991.9 0
 1996 289 10 15  0  9  0.150 100.86    -5.2 0     0.0 0    -0.3 0     0.1 0   358.1 0   298.9 0   298.0 0   413.9 0   295.6 0   295.6 0     0.0 0     0.0 0     0.0 0   -55.8 0   -55.8 0    22.2 0    68.9 0     3.7 0    92.4 0   992.0 0
 1996 289 10 15  0 12  0.200 101.44    -5.0 0     0.0 0    -0.4 0     0.2 0   357.3 0   298.8 0   297.9 0   412.0 0   295.5 0   295.4 0     0.0 0     0.0 0     0.0 0   -54.7 0   -54.7 0    22.1 0    69.3 0     3.3 0    92.8 0   992.0 0
 1996 289 10 15  0 15  0.250 102.01    -4.8 0     0.0 0    -0.7 0     0.3 0   356.8 0   298.7 0   297.8 0   411.1 0   295.4 0   295.3 0     0.0 0     0.0 0     0.0 0   -54.3 0   -54.3 0    22.0 0    69.7 0     3.2 0    95.1 0   992.0 0
 1996 289 10 15  0 18  0.300 102.59    -4.7 0     0.0 0    -0.8 0     0.4 0   356.3 0   298.5 0   297.6 0   410.5 0   295.3 0   295.2 0     0.0 0     0.0 0     0.0 0   -54.2 0   -54.2 0    21.8 0    70.1 0     3.2 0    95.8 0   992.0 0
 1996 289 10 15  0 21  0.350 103.16    -4.8 0     0.0 0    -0.8 0     0.5 0   355.9 0   298.4 0   297.5 0   410.7 0   295.1 0   295.1 0     0.0 0     0.0 0     0.0 0   -54.8 0   -54.8 0    21.7 0    70.6 0     3.6 0   101.1 0   992.0 0
 1996 289 10 15  0 24  0.400 103.74    -4.8 0     0.0 0    -0.8 0     0.4 0   355.7 0   298.3 0   297.4 0   409.9 0   295.0 0   294.9 0     0.0 0     0.0 0     0.0 0   -54.2 0   -54.2 0    21.5 0    71.1 0     3.3 0    94.2 0   992.1 0
 1996 289 10 15  0 27  0.450 104.31    -4.9 0     0.0 0    -0.6 0     0.3 0   356.2 0   298.1 0   297.3 0   410.8 0   294.9 0   294.8 0     0.0 0     0.0 0     0.0 0   -54.5 0   -54.5 0    21.4 0    71.6 0     3.8 0    90.9 0   992.1 0
 1996 289 10 15  0 30  0.500 104.88    -5.0 0     0.0 0    -0.3 0     0.1 0   356.3 0   298.0 0   297.2 0   410.9 0   294.8 0   294.8 0     0.0 0     0.0 0     0.0 0   -54.6 0   -54.6 0    21.5 0    71.9 0     3.6 0    90.1 0   992.1 0
 1996 289 10 15  0 33  0.550 105.46    -5.1 0     0.0 0    -0.2 0     0.1 0   356.3 0   297.9 0   297.1 0   410.5 0   294.7 0   294.7 0     0.0 0     0.0 0     0.0 0   -54.3 0   -54.3 0    21.4 0    72.1 0     3.8 0    90.7 0   992.1 0
 1996 289 10 15  0 36  0.600 106.03    -5.1 0     0.0 0    -0.1 0     0.0 0   356.0 0   297.9 0   297.0 0   410.3 0   294.7 0   294.6 0     0.0 0     0.0 0     0.0 0   -54.3 0   -54.3 0    21.4 0    72.3 0     3.8 0    87.9 0   992.1 0
 1996 289 10 15  0 39  0.650 106.61    -5.1 0     0.0 0    -0.1 0     0.0 0   355.9 0   297.8 0   297.0 0   410.7 0   294.6 0   294.5 0     0.0 0     0.0 0     0.0 0   -54.8 0   -54.8 0    21.4 0    72.6 0     4.0 0    85.5 0   992.1 0
 1996 289 10 15  0 42  0.700 107.18    -5.2 0     0.0 0     0.0 0     0.0 0   355.7 0   297.7 0   296.9 0   411.0 0   294.5 0   294.5 0     0.0 0     0.0 0     0.0 0   -55.3 0   -55.3 0    21.3 0    72.7 0     4.1 0    85.9 0   992.1 0
 1996 289 10 15  0 45  0.750 107.76    -5.3 0     0.0 0     0.1 0    -0.1 0   355.7 0   297.7 0   296.8 0   411.1 0   294.5 0   294.5 0     0.0 0     0.0 0     0.0 0   -55.4 0   -55.4 0    21.3 0    72.9 0     4.3 0    84.3 0   992.1 0
 1996 289 10 15  0 48  0.800 108.33    -5.3 0     0.0 0     0.1 0    -0.1 0   355.4 0   297.6 0   296.8 0   410.4 0   294.5 0   294.4 0     0.0 0     0.0 0     0.0 0   -55.0 0   -55.0 0    21.2 0    73.0 0     3.9 0    85.2 0   992.1 0
 1996 289 10 15  0 51  0.850 108.90    -5.3 0     0.0 0     0.2 0    -0.2 0   355.4 0   297.5 0   296.7 0   410.7 0   294.4 0   294.4 0     0.0 0     0.0 0     0.0 0   -55.3 0   -55.3 0    21.2 0    73.2 0     4.3 0    86.0 0   992.1 0
 1996 289 10 15  0 54  0.900 109.47    -5.5 0     0.0 0     0.2 0    -0.2 0   355.2 0   297.5 0   296.7 0   410.7 0   294.4 0   294.3 0     0.0 0     0.0 0     0.0 0   -55.5 0   -55.5 0    21.1 0    73.5 0     4.1 0    87.5 0   992.1 0
 1996 289 10 15  0 57  0.950 110.05    -5.4 0     0.0 0     0.0 0    -0.1 0   354.8 0   297.5 0   296.7 0   410.3 0   294.3 0   294.3 0     0.0 0     0.0 0     0.0 0   -55.4 0   -55.4 0    21.1 0    73.6 0     4.2 0    89.0 0   992.1 0
 1996 289 10 15  1  0  1.000 110.62    -5.4 0     0.0 0     0.0 0    -0.1 0   354.6 0   297.4 0   296.6 0   410.2 0   294.3 0   294.2 0     0.0 0     0.0 0     0.0 0   -55.6 0   -55.6 0    21.0 0    73.8 0     3.9 0    88.1 0   992.1 0
 1996 289 10 15  1  3  1.050 111.19    -5.3 0     0.0 0    -0.2 0     0.0 0   354.3 0   297.4 0   296.6 0   409.7 0   294.2 0   294.2 0     0.0 0     0.0 0     0.0 0   -55.4 0   -55.4 0    20.9 0    74.1 0     4.0 0    88.2 0   992.2 0
 1996 289 10 15  1  6  1.100 111.76    -5.3 0     0.0 0    -0.1 0     0.0 0   354.1 0   297.3 0   296.5 0   409.7 0   294.2 0   294.1 0     0.0 0     0.0 0     0.0 0   -55.7 0   -55.7 0    20.9 0    74.4 0     4.1 0    86.6 0   992.2 0
 1996 289 10 15  1  9  1.150 112.33    -5.3 0     0.0 0    -0.1 0     0.0 0   353.9 0   297.3 0   296.4 0   409.1 0   294.1 0   294.0 0     0.0 0     0.0 0     0.0 0   -55.2 0   -55.2 0    20.8 0    74.7 0     3.9 0    84.5 0   992.2 0
 1996 289 10 15  1 12  1.200 112.90    -5.3 0     0.0 0    -0.1 0     0.0 0   353.9 0   297.2 0   296.4 0   408.4 0   294.0 0   293.9 0     0.0 0     0.0 0     0.0 0   -54.5 0   -54.5 0    20.7 0    75.1 0     3.7 0    85.7 0   992.2 0
 1996 289 10 15  1 15  1.250 113.47    -5.3 0     0.0 0    -0.1 0     0.0 0   353.3 0   297.1 0   296.3 0   408.3 0   293.9 0   293.9 0     0.0 0     0.0 0     0.0 0   -55.0 0   -55.0 0    20.5 0    75.5 0     4.2 0    82.2 0   992.5 0
 1996 289 10 15  1 18  1.300 114.03    -5.4 0     0.0 0    -0.1 0     0.0 0   353.4 0   297.1 0   296.3 0   408.8 0   293.8 0   293.8 0     0.0 0     0.0 0     0.0 0   -55.4 0   -55.4 0    20.5 0    75.8 0     4.5 0    83.8 0   992.5 0
 1996 289 10 15  1 21  1.350 114.60    -5.5 0     0.0 0    -0.1 0     0.0 0   352.9 0   297.0 0   296.2 0   407.8 0   293.8 0   293.7 0     0.0 0     0.0 0     0.0 0   -54.9 0   -54.9 0    20.5 0    76.0 0     4.2 0    84.3 0   992.3 0
 1996 289 10 15  1 24  1.400 115.17    -5.4 0     0.0 0    -0.1 0     0.0 0   353.2 0   297.0 0   296.1 0   407.4 0   293.7 0   293.6 0     0.0 0     0.0 0     0.0 0   -54.2 0   -54.2 0    20.4 0    76.4 0     4.1 0    84.6 0   992.3 0
 1996 289 10 15  1 27  1.450 115.73    -5.4 0     0.0 0    -0.1 0     0.0 0   352.5 0   296.9 0   296.1 0   407.3 0   293.6 0   293.6 0     0.0 0     0.0 0     0.0 0   -54.7 0   -54.7 0    20.3 0    76.8 0     4.3 0    84.1 0   992.4 0
 1996 289 10 15  1 30  1.500 116.29    -5.4 0     0.0 0    -0.1 0     0.0 0   352.5 0   296.8 0   296.0 0   407.0 0   293.5 0   293.5 0     0.0 0     0.0 0     0.0 0   -54.5 0   -54.5 0    20.2 0    77.2 0     4.3 0    83.5 0   992.4 0
 1996 289 10 15  1 33  1.550 116.86    -5.5 0     0.0 0     0.0 0     0.0 0   352.3 0   296.8 0   295.9 0   406.7 0   293.4 0   293.4 0     0.0 0     0.0 0     0.0 0   -54.4 0   -54.4 0    20.1 0    77.5 0     3.8 0    86.4 0   992.5 0
 1996 289 10 15  1 36  1.600 117.42    -5.4 0     0.0 0    -0.2 0    -0.2 0   352.2 0   296.7 0   295.9 0   405.7 0   293.3 0   293.3 0     0.0 0     0.0 0     0.0 0   -53.5 0   -53.5 0    20.0 0    77.9 0     3.6 0    87.8 0   992.7 0
 1996 289 10 15  1 39  1.650 117.98    -5.2 0     0.0 0    -0.3 0    -0.1 0   352.4 0   296.6 0   295.8 0   405.2 0   293.3 0   293.2 0     0.0 0     0.0 0     0.0 0   -52.8 0   -52.8 0    19.9 0    78.4 0     3.7 0    88.2 0   992.9 0
 1996 289 10 15  1 42  1.700 118.54    -5.0 0     0.0 0    -0.4 0     0.0 0   352.9 0   296.6 0   295.7 0   404.6 0   293.2 0   293.1 0     0.0 0     0.0 0     0.0 0   -51.7 0   -51.7 0    19.8 0    78.8 0     3.4 0    91.4 0   992.8 0
 1996 289 10 15  1 45  1.750 119.10    -4.9 0     0.0 0    -0.4 0    -0.1 0   353.7 0   296.5 0   295.7 0   404.1 0   293.1 0   293.0 0     0.0 0     0.0 0     0.0 0   -50.4 0   -50.4 0    19.7 0    79.1 0     3.5 0    92.1 0   992.9 0
 1996 289 10 15  1 48  1.800 119.65    -4.9 0     0.0 0    -0.4 0     0.0 0   353.1 0   296.4 0   295.6 0   403.9 0   293.0 0   293.0 0     0.0 0     0.0 0     0.0 0   -50.8 0   -50.8 0    19.7 0    79.5 0     3.6 0    93.4 0   992.8 0
 1996 289 10 15  1 51  1.850 120.21    -4.9 0     0.0 0    -0.4 0     0.0 0   353.2 0   296.3 0   295.5 0   403.7 0   292.9 0   292.9 0     0.0 0     0.0 0     0.0 0   -50.5 0   -50.5 0    19.6 0    79.8 0     3.3 0    92.1 0   993.0 0
 1996 289 10 15  1 54  1.900 120.76    -4.9 0     0.0 0    -0.4 0     0.0 0   351.4 0   296.2 0   295.4 0   403.3 0   292.8 0   292.8 0     0.0 0     0.0 0     0.0 0   -52.0 0   -52.0 0    19.5 0    80.3 0     3.4 0    94.1 0   993.4 0
 1996 289 10 15  1 57  1.950 121.31    -4.8 0     0.0 0    -0.4 0     0.0 0   350.3 0   296.2 0   295.4 0   403.1 0   292.8 0   292.7 0     0.0 0     0.0 0     0.0 0   -52.7 0   -52.7 0    19.5 0    80.5 0     3.5 0    93.1 0   993.5 0
 1996 289 10 15  2  0  2.000 121.86    -4.9 0     0.0 0    -0.2 0    -0.2 0   350.4 0   296.1 0   295.3 0   403.0 0   292.7 0   292.7 0     0.0 0     0.0 0     0.0 0   -52.6 0   -52.6 0    19.4 0    80.9 0     3.6 0    92.0 0   993.2 0
 1996 289 10 15  2  3  2.050 122.41    -5.0 0     0.0 0    -0.2 0    -0.2 0   350.3 0   296.0 0   295.2 0   403.0 0   292.6 0   292.6 0     0.0 0     0.0 0     0.0 0   -52.7 0   -52.7 0    19.3 0    81.0 0     3.7 0    90.4 0   993.4 0
 1996 289 10 15  2  6  2.100 122.96    -5.2 0     0.0 0    -0.1 0    -0.2 0   350.4 0   296.0 0   295.2 0   402.7 0   292.6 0   292.5 0     0.0 0     0.0 0     0.0 0   -52.2 0   -52.2 0    19.3 0    81.3 0     3.7 0    89.3 0   993.9 0
 1996 289 10 15  2  9  2.150 123.50    -5.2 0     0.0 0    -0.2 0    -0.2 0   350.5 0   295.9 0   295.1 0   402.7 0   292.5 0   292.5 0     0.0 0     0.0 0     0.0 0   -52.2 0   -52.2 0    19.2 0    81.6 0     3.7 0    89.6 0   993.8 0
 1996 289 10 15  2 12  2.200 124.05    -5.2 0     0.0 0    -0.1 0    -0.3 0   350.9 0   295.9 0   295.0 0   403.0 0   292.5 0   292.4 0     0.0 0     0.0 0     0.0 0   -52.1 0   -52.1 0    19.2 0    81.7 0     3.9 0    91.5 0   993.6 0
 1996 289 10 15  2 15  2.250 124.59    -5.2 0     0.0 0    -0.1 0    -0.2 0   350.6 0   295.8 0   295.0 0   402.1 0   292.4 0   292.4 0     0.0 0     0.0 0     0.0 0   -51.4 0   -51.4 0    19.2 0    81.8 0     3.4 0    91.2 0   993.4 0
 1996 289 10 15  2 18  2.300 125.13    -5.0 0     0.0 0    -0.2 0    -0.2 0   349.9 0   295.8 0   295.0 0   401.9 0   292.4 0   292.3 0     0.0 0     0.0 0     0.0 0   -52.0 0   -52.0 0    19.1 0    82.1 0     3.4 0    98.0 0   993.4 0
 1996 289 10 15  2 21  2.350 125.66    -5.0 0     0.0 0    -0.2 0    -0.2 0   349.6 0   295.7 0   294.9 0   401.8 0   292.3 0   292.3 0     0.0 0     0.0 0     0.0 0   -52.2 0   -52.2 0    19.0 0    82.3 0     3.7 0    93.3 0   994.2 0
 1996 289 10 15  2 24  2.400 126.20    -5.1 0     0.0 0    -0.2 0    -0.2 0   349.6 0   295.7 0   294.9 0   401.8 0   292.3 0   292.2 0     0.0 0     0.0 0     0.0 0   -52.2 0   -52.2 0    19.0 0    82.5 0     3.8 0    94.2 0   993.8 0
 1996 289 10 15  2 27  2.450 126.73    -5.2 0     0.0 0    -0.2 0    -0.2 0   349.1 0   295.6 0   294.8 0   401.4 0   292.2 0   292.2 0     0.0 0     0.0 0     0.0 0   -52.2 0   -52.2 0    18.9 0    82.7 0     3.8 0    93.4 0   993.5 0
 1996 289 10 15  2 30  2.500 127.26    -5.0 0     0.0 0    -0.2 0    -0.1 0   348.9 0   295.6 0   294.7 0   401.0 0   292.1 0   292.1 0     0.0 0     0.0 0     0.0 0   -52.1 0   -52.1 0    18.9 0    82.9 0     3.7 0    94.8 0   993.2 0
 1996 289 10 15  2 33  2.550 127.79    -5.1 0     0.0 0    -0.2 0    -0.2 0   348.4 0   295.5 0   294.7 0   400.7 0   292.1 0   292.1 0     0.0 0     0.0 0     0.0 0   -52.3 0   -52.3 0    18.8 0    83.2 0     3.6 0    96.9 0   993.5 0
 1996 289 10 15  2 36  2.600 128.31    -5.0 0     0.0 0    -0.3 0    -0.1 0   347.9 0   295.4 0   294.6 0   400.3 0   292.0 0   292.0 0     0.0 0     0.0 0     0.0 0   -52.4 0   -52.4 0    18.8 0    83.4 0     3.6 0    99.7 0   993.5 0
 1996 289 10 15  2 39  2.650 128.83    -4.9 0     0.0 0    -0.3 0    -0.1 0   347.5 0   295.4 0   294.6 0   399.7 0   292.0 0   291.9 0     0.0 0     0.0 0     0.0 0   -52.3 0   -52.3 0    18.7 0    83.7 0     3.6 0    98.6 0   993.5 0
 1996 289 10 15  2 42  2.700 129.35    -4.9 0     0.0 0    -0.3 0    -0.1 0   347.0 0   295.3 0   294.5 0   399.2 0   291.9 0   291.9 0     0.0 0     0.0 0     0.0 0   -52.2 0   -52.2 0    18.6 0    83.9 0     3.3 0    96.0 0   993.8 0
 1996 289 10 15  2 45  2.750 129.87    -4.8 0     0.0 0    -0.3 0     0.0 0   346.5 0   295.2 0   294.4 0   398.8 0   291.8 0   291.8 0     0.0 0     0.0 0     0.0 0   -52.3 0   -52.3 0    18.6 0    84.1 0     3.5 0    91.5 0   993.9 0
 1996 289 10 15  2 48  2.800 130.38    -4.8 0     0.0 0    -0.3 0     0.0 0   345.9 0   295.2 0   294.4 0   398.2 0   291.8 0   291.7 0     0.0 0     0.0 0     0.0 0   -52.3 0   -52.3 0    18.5 0    84.3 0     3.4 0    90.1 0   994.2 0
 1996 289 10 15  2 51  2.850 130.89    -4.8 0     0.0 0    -0.3 0     0.1 0   345.2 0   295.1 0   294.3 0   397.8 0   291.7 0   291.7 0     0.0 0     0.0 0     0.0 0   -52.6 0   -52.6 0    18.4 0    84.5 0     3.4 0    92.3 0   994.1 0
 1996 289 10 15  2 54  2.900 131.39    -4.8 0     0.0 0    -0.2 0     0.0 0   344.7 0   295.0 0   294.2 0   397.8 0   291.6 0   291.6 0     0.0 0     0.0 0     0.0 0   -53.1 0   -53.1 0    18.4 0    84.8 0     3.7 0    91.3 0   993.9 0
 1996 289 10 15  2 57  2.950 131.89    -4.9 0     0.0 0    -0.2 0    -0.1 0   344.6 0   295.0 0   294.2 0   398.2 0   291.6 0   291.6 0     0.0 0     0.0 0     0.0 0   -53.5 0   -53.5 0    18.4 0    84.9 0     3.8 0    94.4 0   994.1 0
 1996 289 10 15  3  0  3.000 132.39    -4.8 0     0.0 0    -0.2 0    -0.1 0   343.8 0   294.9 0   294.1 0   397.7 0   291.5 0   291.5 0     0.0 0     0.0 0     0.0 0   -53.8 0   -53.8 0    18.3 0    85.0 0     3.5 0    94.5 0   994.2 0
 1996 289 10 15  3  3  3.050 132.89    -4.8 0     0.0 0    -0.2 0    -0.1 0   343.5 0   294.8 0   294.0 0   397.4 0   291.5 0   291.5 0     0.0 0     0.0 0     0.0 0   -53.9 0   -53.9 0    18.3 0    85.3 0     3.4 0    94.2 0   994.1 0
 1996 289 10 15  3  6  3.100 133.38    -4.8 0     0.0 0    -0.1 0    -0.1 0   342.8 0   294.8 0   294.0 0   397.2 0   291.4 0   291.4 0     0.0 0     0.0 0     0.0 0   -54.5 0   -54.5 0    18.2 0    85.5 0     3.6 0    96.5 0   994.1 0
 1996 289 10 15  3  9  3.150 133.87    -4.9 0     0.0 0    -0.2 0    -0.2 0   342.4 0   294.7 0   293.9 0   396.9 0   291.4 0   291.3 0     0.0 0     0.0 0     0.0 0   -54.5 0   -54.5 0    18.2 0    85.6 0     4.0 0    96.7 0   994.5 0
 1996 289 10 15  3 12  3.200 134.35    -4.9 0     0.0 0    -0.2 0    -0.2 0   342.0 0   294.6 0   293.8 0   396.7 0   291.3 0   291.3 0     0.0 0     0.0 0     0.0 0   -54.7 0   -54.7 0    18.1 0    85.9 0     4.0 0    95.1 0   994.2 0
 1996 289 10 15  3 15  3.250 134.83    -4.9 0     0.0 0    -0.3 0    -0.1 0   341.5 0   294.6 0   293.7 0   396.1 0   291.3 0   291.2 0     0.0 0     0.0 0     0.0 0   -54.6 0   -54.6 0    18.0 0    86.0 0     3.7 0    98.6 0   994.3 0
 1996 289 10 15  3 18  3.300 135.30    -4.8 0     0.0 0    -0.3 0     0.0 0   341.1 0   294.5 0   293.7 0   395.6 0   291.2 0   291.1 0     0.0 0     0.0 0     0.0 0   -54.5 0   -54.5 0    17.9 0    86.4 0     3.6 0   100.6 0   994.3 0
 1996 289 10 15  3 21  3.350 135.77    -4.8 0     0.0 0    -0.4 0     0.0 0   340.6 0   294.4 0   293.6 0   394.9 0   291.1 0   291.0 0     0.0 0     0.0 0     0.0 0   -54.3 0   -54.3 0    17.8 0    86.7 0     3.3 0   100.1 0   994.5 0
 1996 289 10 15  3 24  3.400 136.23    -4.7 0     0.0 0    -0.6 0     0.1 0   340.3 0   294.3 0   293.5 0   394.6 0   291.0 0   291.0 0     0.0 0     0.0 0     0.0 0   -54.3 0   -54.3 0    17.7 0    87.1 0     3.5 0   103.3 0   994.5 0
 1996 289 10 15  3 27  3.450 136.69    -4.6 0     0.0 0    -0.6 0     0.2 0   340.0 0   294.3 0   293.4 0   394.1 0   290.9 0   290.9 0     0.0 0     0.0 0     0.0 0   -54.2 0   -54.2 0    17.6 0    87.3 0     3.6 0   103.4 0   994.6 0
 1996 289 10 15  3 30  3.500 137.15    -4.7 0     0.0 0    -0.4 0     0.0 0   339.9 0   294.2 0   293.3 0   394.1 0   290.8 0   290.8 0     0.0 0     0.0 0     0.0 0   -54.2 0   -54.2 0    17.6 0    87.6 0     3.6 0   102.0 0   994.4 0
 1996 289 10 15  3 33  3.550 137.60    -4.7 0     0.0 0    -0.5 0     0.1 0   339.6 0   294.1 0   293.3 0   393.5 0   290.8 0   290.7 0     0.0 0     0.0 0     0.0 0   -53.8 0   -53.8 0    17.5 0    87.9 0     3.5 0   103.6 0   994.7 0
 1996 289 10 15  3 36  3.600 138.04    -4.5 0     0.0 0    -0.6 0     0.2 0   339.1 0   294.0 0   293.2 0   392.2 0   290.7 0   290.7 0     0.0 0     0.0 0     0.0 0   -53.1 0   -53.1 0    17.5 0    88.1 0     3.3 0   104.1 0   994.6 0
 1996 289 10 15  3 39  3.650 138.48    -4.4 0     0.0 0    -0.7 0     0.3 0   339.0 0   293.9 0   293.1 0   391.9 0   290.6 0   290.6 0     0.0 0     0.1 0     0.0 0   -52.9 0   -52.9 0    17.4 0    88.3 0     3.3 0    99.8 0   994.5 0
 1996 289 10 15  3 42  3.700 138.91    -4.4 0     0.0 0    -0.6 0     0.2 0   338.9 0   293.8 0   293.0 0   391.2 0   290.5 0   290.5 0     0.0 0     0.0 0     0.0 0   -52.3 0   -52.3 0    17.3 0    88.5 0     3.2 0    98.0 0   994.8 0
 1996 289 10 15  3 45  3.750 139.33    -4.4 0     0.0 0    -0.6 0     0.3 0   338.7 0   293.7 0   292.9 0   390.8 0   290.5 0   290.4 0     0.0 0     0.0 0     0.0 0   -52.1 0   -52.1 0    17.2 0    88.7 0     3.0 0    98.5 0   995.2 0
 1996 289 10 15  3 48  3.800 139.75    -4.3 0     0.0 0    -0.5 0     0.3 0   338.7 0   293.6 0   292.8 0   389.9 0   290.4 0   290.3 0     0.0 0     0.0 0     0.0 0   -51.2 0   -51.2 0    17.1 0    89.1 0     2.8 0    98.6 0   995.0 0
 1996 289 10 15  3 51  3.850 140.17    -4.3 0     0.0 0    -0.5 0     0.2 0   338.7 0   293.5 0   292.7 0   389.9 0   290.3 0   290.2 0     0.0 0     0.0 0     0.0 0   -51.2 0   -51.2 0    16.9 0    89.5 0     3.1 0   100.9 0   995.3 0
 1996 289 10 15  3 54  3.900 140.57    -4.3 0     0.0 0    -0.5 0     0.2 0   338.5 0   293.5 0   292.6 0   389.9 0   290.2 0   290.1 0     0.0 0     0.0 0     0.0 0   -51.4 0   -51.4 0    16.9 0    89.8 0     3.2 0   103.1 0   995.4 0
 1996 289 10 15  3 57  3.950 140.97    -4.3 0     0.0 0    -0.6 0     0.3 0   338.4 0   293.4 0   292.5 0   389.6 0   290.1 0   290.1 0     0.0 0     0.0 0     0.0 0   -51.1 0   -51.1 0    16.9 0    90.1 0     3.5 0   106.4 0   995.1 0
 1996 289 10 15  4  0  4.000 141.36    -4.2 0    -0.1 0    -0.6 0     0.4 0   337.9 0   293.3 0   292.4 0   389.2 0   290.0 0   290.0 0     0.0 0     0.0 0     0.0 0   -51.3 0   -51.3 0    16.9 0    90.1 0     3.7 0   108.3 0   995.1 0
 1996 289 10 15  4  3  4.050 141.75    -4.3 0    -0.1 0    -0.4 0     0.2 0   338.0 0   293.2 0   292.4 0   389.9 0   290.0 0   290.0 0     0.0 0     0.0 0     0.0 0   -51.9 0   -51.9 0    16.9 0    90.1 0     3.9 0   108.7 0   995.1 0
 1996 289 10 15  4  6  4.100 142.12    -4.4 0    -0.1 0    -0.2 0     0.0 0   337.8 0   293.1 0   292.3 0   390.9 0   290.0 0   290.0 0     0.0 0     0.0 0     0.0 0   -53.0 0   -53.0 0    17.0 0    90.1 0     3.8 0   108.2 0   994.8 0
 1996 289 10 15  4  9  4.150 142.49    -4.4 0    -0.1 0    -0.2 0     0.0 0   337.3 0   293.0 0   292.3 0   390.2 0   290.0 0   290.0 0     0.0 0     0.0 0     0.0 0   -52.9 0   -52.9 0    16.9 0    90.0 0     3.5 0   110.9 0   995.1 0
 1996 289 10 15  4 12  4.200 142.85    -4.4 0     0.0 0    -0.2 0     0.0 0   337.2 0   293.0 0   292.2 0   389.5 0   290.0 0   289.9 0     0.0 0     0.0 0     0.0 0   -52.3 0   -52.3 0    16.9 0    90.2 0     3.4 0   113.2 0   995.4 0
 1996 289 10 15  4 15  4.250 143.20    -4.5 0    -0.1 0    -0.2 0    -0.1 0   337.5 0   292.9 0   292.2 0   390.4 0   289.9 0   289.9 0     0.0 0     0.0 0     0.0 0   -52.9 0   -52.9 0    16.9 0    90.3 0     3.8 0   114.3 0   995.5 0
 1996 289 10 15  4 18  4.300 143.54    -4.7 0    -0.1 0    -0.1 0    -0.3 0   337.4 0   292.9 0   292.2 0   390.9 0   289.9 0   289.9 0     0.0 0     0.0 0     0.0 0   -53.5 0   -53.5 0    17.0 0    90.4 0     3.6 0   114.4 0   995.8 0
 1996 289 10 15  4 21  4.350 143.88    -4.7 0    -0.1 0    -0.2 0    -0.3 0   337.2 0   292.9 0   292.2 0   390.2 0   289.9 0   289.9 0     0.0 0     0.0 0     0.0 0   -53.0 0   -53.0 0    16.9 0    90.4 0     3.3 0   113.1 0   995.5 0
 1996 289 10 15  4 24  4.400 144.20    -4.4 0    -0.1 0    -0.4 0    -0.1 0   336.9 0   292.9 0   292.1 0   389.0 0   289.9 0   289.9 0     0.0 0     0.0 0     0.0 0   -52.1 0   -52.1 0    16.9 0    90.5 0     3.2 0   112.4 0   995.4 0
 1996 289 10 15  4 27  4.450 144.52    -4.4 0    -0.1 0    -0.4 0     0.1 0   336.7 0   292.9 0   292.1 0   388.5 0   289.9 0   289.9 0     0.0 0     0.0 0     0.0 0   -51.8 0   -51.8 0    16.9 0    90.5 0     3.4 0   113.0 0   995.8 0
 1996 289 10 15  4 30  4.500 144.82    -4.5 0    -0.2 0    -0.2 0    -0.1 0   336.6 0   292.8 0   292.1 0   390.2 0   289.9 0   289.9 0     0.0 0     0.0 0     0.0 0   -53.6 0   -53.6 0    17.0 0    90.5 0     4.1 0   111.5 0   996.0 0
 1996 289 10 15  4 33  4.550 145.12    -4.7 0    -0.2 0    -0.1 0    -0.3 0   336.4 0   292.8 0   292.1 0   391.0 0   289.9 0   289.9 0     0.0 0     0.0 0     0.0 0   -54.5 0   -54.5 0    17.0 0    90.5 0     3.8 0   111.9 0   996.0 0
 1996 289 10 15  4 36  4.600 145.40    -4.7 0    -0.1 0    -0.2 0    -0.2 0   335.8 0   292.8 0   292.1 0   390.0 0   289.9 0   289.9 0     0.0 0     0.0 0     0.0 0   -54.3 0   -54.3 0    17.0 0    90.5 0     3.2 0   115.8 0   995.9 0
 1996 289 10 15  4 39  4.650 145.68    -4.7 0     0.0 0    -0.2 0    -0.2 0   335.9 0   292.8 0   292.1 0   388.5 0   289.9 0   289.9 0     0.0 0     0.0 0     0.0 0   -52.7 0   -52.7 0    16.9 0    90.6 0     2.8 0   116.7 0   995.9 0
 1996 289 10 15  4 42  4.700 145.94    -4.7 0     0.0 0    -0.3 0    -0.2 0   335.7 0   292.8 0   292.1 0   388.8 0   289.9 0   289.8 0     0.0 0     0.0 0     0.0 0   -53.1 0   -53.1 0    16.8 0    90.8 0     3.3 0   108.0 0   995.9 0
 1996 289 10 15  4 45  4.750 146.19    -4.6 0    -0.1 0    -0.3 0    -0.1 0   335.8 0   292.8 0   292.0 0   389.2 0   289.8 0   289.8 0     0.0 0     0.0 0     0.0 0   -53.4 0   -53.4 0    16.8 0    90.9 0     3.4 0   108.6 0   995.9 0
 1996 289 10 15  4 48  4.800 146.43    -4.5 0    -0.1 0    -0.2 0    -0.1 0   335.3 0   292.7 0   292.0 0   388.8 0   289.8 0   289.8 0     0.0 0     0.0 0     0.0 0   -53.5 0   -53.5 0    16.8 0    91.0 0     3.3 0   107.0 0   995.8 0
 1996 289 10 15  4 51  4.850 146.66    -4.4 0     0.0 0    -0.2 0     0.0 0   335.2 0   292.7 0   292.0 0   388.3 0   289.8 0   289.7 0     0.0 0     0.0 0     0.0 0   -53.1 0   -53.1 0    16.7 0    91.1 0     3.3 0   105.1 0   995.7 0
 1996 289 10 15  4 54  4.900 146.88    -4.5 0     0.0 0    -0.2 0     0.0 0   335.2 0   292.7 0   291.9 0   388.1 0   289.7 0   289.7 0     0.0 0     0.0 0     0.0 0   -52.8 0   -52.8 0    16.6 0    91.2 0     3.3 0   103.1 0   995.3 0
 1996 289 10 15  4 57  4.950 147.08    -4.6 0     0.0 0    -0.2 0     0.0 0   335.2 0   292.6 0   291.9 0   388.2 0   289.7 0   289.6 0     0.0 0     0.0 0     0.0 0   -53.0 0   -53.0 0    16.6 0    91.3 0     3.4 0   100.8 0   995.9 0
 1996 289 10 15  5  0  5.000 147.28    -4.7 0     0.0 0    -0.1 0    -0.1 0   335.0 0   292.6 0   291.9 0   388.5 0   289.6 0   289.6 0     0.0 0     0.0 0     0.0 0   -53.5 0   -53.5 0    16.5 0    91.5 0     3.5 0   100.5 0   995.2 0
 1996 289 10 15  5  3  5.050 147.46    -4.7 0     0.0 0    -0.1 0    -0.1 0   334.9 0   292.6 0   291.8 0   388.2 0   289.6 0   289.5 0     0.0 0     0.0 0     0.0 0   -53.3 0   -53.3 0    16.4 0    91.7 0     3.4 0   102.3 0   995.7 0
 1996 289 10 15  5  6  5.100 147.62    -4.6 0     0.0 0    -0.2 0     0.0 0   334.4 0   292.6 0   291.8 0   387.5 0   289.5 0   289.5 0     0.0 0     0.0 0     0.0 0   -53.1 0   -53.1 0    16.4 0    91.8 0     3.3 0   104.0 0   995.6 0
 1996 289 10 15  5  9  5.150 147.78    -4.4 0     0.0 0    -0.2 0     0.0 0   334.4 0   292.5 0   291.8 0   387.0 0   289.5 0   289.4 0     0.0 0     0.0 0     0.0 0   -52.6 0   -52.6 0    16.4 0    91.9 0     3.2 0   101.9 0   994.9 0
 1996 289 10 15  5 12  5.200 147.92    -4.4 0     0.0 0    -0.2 0     0.1 0   334.0 0   292.5 0   291.7 0   386.6 0   289.4 0   289.4 0     0.0 0     0.1 0     0.0 0   -52.6 0   -52.6 0    16.3 0    92.0 0     3.0 0   102.4 0   995.5 0
 1996 289 10 15  5 15  5.250 148.05    -4.3 0     0.0 0    -0.2 0     0.1 0   333.9 0   292.4 0   291.7 0   386.4 0   289.4 0   289.3 0     0.0 0     0.0 0     0.0 0   -52.5 0   -52.5 0    16.3 0    92.1 0     3.1 0   103.2 0   995.9 0
 1996 289 10 15  5 18  5.300 148.16    -4.2 0     0.0 0    -0.3 0     0.2 0   333.0 0   292.4 0   291.6 0   385.6 0   289.3 0   289.3 0     0.0 0     0.0 0     0.0 0   -52.6 0   -52.6 0    16.2 0    92.2 0     3.1 0   107.3 0   995.6 0
 1996 289 10 15  5 21  5.350 148.26    -4.1 0     0.0 0    -0.7 0     0.6 0   332.7 0   292.3 0   291.4 0   383.9 0   289.2 0   289.2 0     0.0 0     0.0 0     0.0 0   -51.2 0   -51.2 0    16.1 0    92.4 0     3.4 0   110.6 0   995.8 0
 1996 289 10 15  5 24  5.400 148.35    -4.1 0     0.0 0    -0.6 0     0.5 0   332.6 0   292.2 0   291.4 0   384.6 0   289.2 0   289.1 0     0.0 0     0.0 0     0.0 0   -52.0 0   -52.0 0    16.1 0    92.6 0     3.3 0   111.3 0   996.0 0
 1996 289 10 15  5 27  5.450 148.42    -4.0 0     0.0 0    -0.6 0     0.5 0   332.3 0   292.1 0   291.3 0   384.1 0   289.1 0   289.1 0     0.0 0     0.1 0     0.0 0   -51.8 0   -51.8 0    16.0 0    92.7 0     3.1 0   111.6 0   995.5 0
 1996 289 10 15  5 30  5.500 148.48    -3.8 0     0.0 0    -0.6 0     0.5 0   332.1 0   292.0 0   291.2 0   382.8 0   289.1 0   289.0 0     0.0 0     0.0 0     0.0 0   -50.8 0   -50.8 0    16.0 0    92.8 0     2.8 0   111.6 0   995.9 0
 1996 289 10 15  5 33  5.550 148.53    -3.7 0     0.0 0    -0.6 0     0.5 0   332.0 0   291.9 0   291.1 0   382.1 0   289.0 0   288.9 0     0.0 0     0.1 0     0.0 0   -50.2 0   -50.2 0    15.9 0    92.9 0     2.8 0   110.2 0   996.7 0
 1996 289 10 15  5 36  5.600 148.56    -3.9 0    -0.1 0    -0.5 0     0.3 0   332.1 0   291.8 0   291.1 0   382.2 0   288.9 0   288.9 0     0.0 0     0.0 0     0.0 0   -50.1 0   -50.1 0    15.9 0    93.1 0     3.0 0   109.5 0   996.3 0
 1996 289 10 15  5 39  5.650 148.57    -3.8 0     0.0 0    -0.6 0     0.4 0   331.7 0   291.8 0   291.0 0   381.7 0   288.9 0   288.9 0     0.0 0     0.0 0     0.0 0   -50.0 0   -50.0 0    15.9 0    93.2 0     3.0 0   111.8 0   996.5 0
 1996 289 10 15  5 42  5.700 148.57    -3.9 0    -0.1 0    -0.5 0     0.4 0   331.3 0   291.7 0   290.9 0   382.3 0   288.9 0   288.8 0     0.0 0     0.0 0     0.0 0   -51.0 0   -51.0 0    16.0 0    93.3 0     3.1 0   115.8 0   996.5 0
 1996 289 10 15  5 45  5.750 148.56    -3.8 0    -0.1 0    -0.6 0     0.6 0   331.3 0   291.6 0   290.8 0   381.7 0   288.8 0   288.8 0     0.0 0     0.0 0     0.0 0   -50.4 0   -50.4 0    16.0 0    93.3 0     2.9 0   117.2 0   995.8 0
 1996 289 10 15  5 48  5.800 148.54    -3.9 0    -0.2 0    -0.6 0     0.6 0   330.9 0   291.5 0   290.7 0   381.2 0   288.8 0   288.8 0     0.0 0     0.1 0     0.0 0   -50.2 0   -50.2 0    15.9 0    93.3 0     2.9 0   116.9 0   996.4 0
 1996 289 10 15  5 51  5.850 148.49    -3.8 0    -0.2 0    -0.4 0     0.4 0   330.5 0   291.4 0   290.7 0   381.1 0   288.8 0   288.8 0     0.0 0     0.1 0     0.0 0   -50.6 0   -50.6 0    15.9 0    93.4 0     2.7 0   117.4 0   996.2 0
 1996 289 10 15  5 54  5.900 148.44    -3.7 0    -0.1 0    -0.5 0     0.4 0   330.5 0   291.4 0   290.6 0   380.6 0   288.8 0   288.8 0     0.0 0     0.0 0     0.0 0   -50.1 0   -50.1 0    16.0 0    93.4 0     2.6 0   115.4 0   996.4 0
 1996 289 10 15  5 57  5.950 148.37    -3.6 0    -0.1 0    -0.4 0     0.4 0   330.3 0   291.3 0   290.6 0   380.2 0   288.8 0   288.7 0     0.0 0     0.0 0     0.0 0   -49.9 0   -49.9 0    15.9 0    93.5 0     2.7 0   112.9 0   996.3 0
 1996 289 10 15  6  0  6.000 148.29    -3.7 0    -0.1 0    -0.3 0     0.2 0   330.8 0   291.2 0   290.6 0   379.9 0   288.7 0   288.7 0     0.0 0     0.0 0     0.0 0   -49.2 0   -49.2 0    15.9 0    93.5 0     2.6 0   111.7 0   996.1 0
 1996 289 10 15  6  3  6.050 148.19    -3.9 0    -0.1 0    -0.2 0     0.0 0   330.7 0   291.2 0   290.5 0   380.6 0   288.7 0   288.7 0     0.0 0     0.0 0     0.0 0   -50.0 0   -50.0 0    15.8 0    93.6 0     2.9 0   111.0 0   996.4 0
 1996 289 10 15  6  6  6.100 148.08    -3.9 0    -0.1 0    -0.2 0     0.0 0   330.5 0   291.2 0   290.5 0   380.1 0   288.7 0   288.6 0     0.0 0     0.0 0     0.0 0   -49.7 0   -49.7 0    15.8 0    93.7 0     2.9 0   109.9 0   996.0 0
 1996 289 10 15  6  9  6.150 147.96    -4.0 0    -0.2 0    -0.3 0     0.1 0   330.6 0   291.2 0   290.4 0   381.1 0   288.6 0   288.6 0     0.0 0     0.0 0     0.0 0   -50.5 0   -50.5 0    15.7 0    93.8 0     2.9 0   109.9 0   996.7 0
 1996 289 10 15  6 12  6.200 147.82    -4.1 0    -0.1 0    -0.2 0     0.1 0   330.1 0   291.1 0   290.4 0   381.5 0   288.6 0   288.6 0     0.0 0     0.0 0     0.0 0   -51.3 0   -51.3 0    15.7 0    93.8 0     3.0 0   107.8 0   995.9 0
 1996 289 10 15  6 15  6.250 147.67    -4.1 0    -0.1 0    -0.1 0     0.0 0   329.7 0   291.1 0   290.3 0   381.9 0   288.6 0   288.5 0     0.0 0     0.1 0     0.0 0   -52.2 0   -52.2 0    15.6 0    93.9 0     3.3 0   107.2 0   996.5 0
 1996 289 10 15  6 18  6.300 147.50    -4.1 0     0.0 0     0.0 0     0.1 0   329.0 0   291.0 0   290.3 0   381.6 0   288.5 0   288.5 0     0.0 0     0.1 0     0.0 0   -52.6 0   -52.6 0    15.5 0    94.0 0     3.3 0   107.2 0   997.4 0
 1996 289 10 15  6 21  6.350 147.33    -4.0 0     0.0 0    -0.2 0     0.1 0   328.9 0   291.0 0   290.2 0   381.4 0   288.5 0   288.5 0     0.0 0     0.0 0     0.0 0   -52.5 0   -52.5 0    15.6 0    94.1 0     3.4 0   108.1 0   998.5 0
 1996 289 10 15  6 24  6.400 147.14    -4.0 0    -0.1 0    -0.2 0     0.1 0   328.9 0   291.0 0   290.2 0   381.2 0   288.5 0   288.4 0     0.0 0     0.0 0     0.0 0   -52.3 0   -52.3 0    15.6 0    94.2 0     3.3 0   109.0 0   998.9 0
 1996 289 10 15  6 27  6.450 146.94    -4.0 0    -0.1 0    -0.1 0     0.0 0   329.3 0   290.9 0   290.2 0   380.9 0   288.4 0   288.4 0     0.0 0     0.0 0     0.0 0   -51.6 0   -51.6 0    15.7 0    94.2 0     3.0 0   112.4 0   998.1 0
 1996 289 10 15  6 30  6.500 146.72    -4.0 0    -0.3 0    -0.2 0     0.1 0   329.5 0   290.9 0   290.2 0   380.4 0   288.4 0   288.4 0     0.0 0     0.0 0     0.0 0   -50.8 0   -50.8 0    15.7 0    94.3 0     2.8 0   117.9 0   999.1 0
 1996 289 10 15  6 33  6.550 146.50    -3.9 0    -0.3 0    -0.4 0     0.3 0   329.0 0   290.9 0   290.1 0   379.4 0   288.5 0   288.5 0     0.0 0     0.1 0     0.0 0   -50.4 0   -50.4 0    15.9 0    94.2 0     3.0 0   122.5 0   998.2 0
 1996 289 10 15  6 36  6.600 146.26    -4.0 0    -0.1 0    -0.6 0     0.6 0   328.0 0   290.8 0   290.0 0   378.4 0   288.5 0   288.5 0     0.0 0     0.0 0     0.0 0   -50.4 0   -50.4 0    15.7 0    93.9 0     3.4 0   123.8 0   999.0 0
 1996 289 10 15  6 39  6.650 146.01    -4.1 0    -0.2 0    -0.3 0     0.3 0   328.0 0   290.7 0   290.0 0   378.1 0   288.5 0   288.4 0     0.0 0     0.1 0     0.0 0   -50.1 0   -50.1 0    15.7 0    94.1 0     3.2 0   130.7 0  1000.0 0
 1996 289 10 15  6 42  6.700 145.75    -4.2 0    -0.2 0    -0.2 0     0.3 0   328.1 0   290.7 0   290.0 0   377.2 0   288.5 0   288.5 0     0.0 0     0.1 0     0.0 0   -49.2 0   -49.2 0    15.8 0    94.2 0     2.7 0   142.8 0   999.7 0
 1996 289 10 15  6 45  6.750 145.48    -3.9 0    -0.3 0    -0.3 0     0.3 0   327.8 0   290.6 0   290.0 0   375.8 0   288.5 0   288.5 0     0.0 0     0.0 0     0.0 0   -48.0 0   -48.0 0    15.9 0    94.1 0     2.7 0   147.0 0   999.3 0
 1996 289 10 15  6 48  6.800 145.20    -3.9 0    -0.3 0    -0.5 0     0.3 0   326.8 0   290.6 0   289.9 0   376.3 0   288.5 0   288.5 0     0.0 0     0.0 0     0.0 0   -49.5 0   -49.5 0    15.9 0    94.0 0     3.2 0   144.7 0   998.9 0
 1996 289 10 15  6 51  6.850 144.91    -4.1 0    -0.2 0    -0.3 0     0.1 0   326.3 0   290.6 0   289.8 0   377.1 0   288.5 0   288.5 0     0.0 0     0.0 0     0.0 0   -50.8 0   -50.8 0    15.8 0    93.9 0     3.3 0   142.5 0   997.8 0
 1996 289 10 15  6 54  6.900 144.60    -4.0 0    -0.1 0    -0.5 0     0.3 0   326.0 0   290.5 0   289.9 0   375.7 0   288.5 0   288.5 0     0.0 0     0.0 0     0.0 0   -49.7 0   -49.7 0    15.8 0    94.0 0     2.8 0   147.4 0   998.5 0
 1996 289 10 15  6 57  6.950 144.29    -4.0 0    -0.2 0    -0.3 0     0.2 0   326.0 0   290.5 0   289.8 0   374.7 0   288.5 0   288.4 0     0.0 0     0.1 0     0.0 0   -48.8 0   -48.8 0    15.7 0    94.2 0     3.0 0   156.6 0   998.8 0
 1996 289 10 15  7  0  7.000 143.97    -4.0 0    -0.2 0    -0.6 0     0.2 0   325.6 0   290.5 0   289.8 0   374.6 0   288.4 0   288.4 0     0.0 0     0.0 0     0.0 0   -49.0 0   -49.0 0    15.6 0    94.2 0     3.1 0   158.2 0  1000.0 0
 1996 289 10 15  7  3  7.050 143.64    -3.9 0    -0.2 0    -0.6 0     0.3 0   325.1 0   290.4 0   289.7 0   374.7 0   288.4 0   288.3 0     0.0 0     0.1 0     0.0 0   -49.6 0   -49.6 0    15.6 0    94.2 0     3.1 0   153.5 0   999.3 0
 1996 289 10 15  7  6  7.100 143.30    -3.9 0     0.0 0    -0.6 0     0.4 0   323.9 0   290.4 0   289.6 0   375.6 0   288.3 0   288.3 0     0.0 0     0.0 0     0.0 0   -51.7 0   -51.7 0    15.5 0    94.2 0     3.6 0   143.1 0   998.5 0
 1996 289 10 15  7  9  7.150 142.95    -4.1 0     0.0 0    -0.6 0     0.5 0   323.4 0   290.3 0   289.5 0   375.5 0   288.2 0   288.1 0     0.0 0     0.0 0     0.0 0   -52.1 0   -52.1 0    15.2 0    94.4 0     3.4 0   138.0 0   998.3 0
 1996 289 10 15  7 12  7.200 142.59    -3.8 0     0.0 0    -0.6 0     0.7 0   323.3 0   290.2 0   289.4 0   374.1 0   288.1 0   288.0 0     0.0 0     0.0 0     0.0 0   -50.8 0   -50.8 0    15.1 0    94.8 0     2.8 0   142.0 0   998.1 0
 1996 289 10 15  7 15  7.250 142.23    -3.5 0    -0.1 0    -0.6 0     0.8 0   323.6 0   290.1 0   289.3 0   372.8 0   288.0 0   287.9 0     0.0 0     0.0 0     0.0 0   -49.2 0   -49.2 0    14.9 0    95.0 0     2.7 0   150.9 0   998.6 0
 1996 289 10 15  7 18  7.300 141.85    -3.5 0    -0.2 0    -0.6 0     0.9 0   323.7 0   290.0 0   289.3 0   371.8 0   287.9 0   287.9 0     0.0 0     0.0 0     0.0 0   -48.2 0   -48.2 0    15.0 0    95.2 0     2.5 0   155.8 0   999.1 0
 1996 289 10 15  7 21  7.350 141.47    -3.6 0    -0.1 0    -0.6 0     0.8 0   323.3 0   289.9 0   289.2 0   371.1 0   287.9 0   287.8 0     0.0 0     0.0 0     0.0 0   -47.8 0   -47.8 0    14.8 0    95.3 0     2.5 0   154.2 0   998.9 0
 1996 289 10 15  7 24  7.400 141.08    -3.8 0    -0.1 0    -0.6 0     0.6 0   322.9 0   289.9 0   289.1 0   370.6 0   287.8 0   287.7 0     0.0 0     0.0 0     0.0 0   -47.7 0   -47.7 0    14.7 0    95.4 0     2.5 0   152.3 0   998.8 0
 1996 289 10 15  7 27  7.450 140.68    -3.8 0    -0.1 0    -0.6 0     0.4 0   322.7 0   289.8 0   289.0 0   370.6 0   287.7 0   287.6 0     0.0 0     0.0 0     0.0 0   -47.9 0   -47.9 0    14.8 0    95.4 0     2.5 0   151.7 0   998.6 0
 1996 289 10 15  7 30  7.500 140.28    -3.8 0    -0.3 0    -0.6 0     0.4 0   322.7 0   289.7 0   289.0 0   371.0 0   287.6 0   287.6 0     0.0 0     0.0 0     0.0 0   -48.3 0   -48.3 0    14.8 0    95.8 0     2.5 0   158.4 0   999.2 0
 1996 289 10 15  7 33  7.550 139.87    -3.8 0    -0.2 0    -0.5 0     0.3 0   322.5 0   289.7 0   289.0 0   370.2 0   287.6 0   287.5 0     0.0 0     0.0 0     0.0 0   -47.8 0   -47.8 0    14.7 0    95.9 0     2.1 0   161.9 0   997.9 0
 1996 289 10 15  7 36  7.600 139.45    -3.6 0    -0.1 0    -0.6 0     0.3 0   321.8 0   289.6 0   289.0 0   368.8 0   287.5 0   287.4 0     0.0 0     0.0 0     0.0 0   -47.1 0   -47.1 0    14.6 0    95.9 0     1.9 0   162.5 0   998.6 0
 1996 289 10 15  7 39  7.650 139.03    -3.4 0    -0.1 0    -0.5 0     0.4 0   321.5 0   289.6 0   289.0 0   367.9 0   287.4 0   287.3 0     0.0 0     0.0 0     0.0 0   -46.4 0   -46.4 0    14.5 0    95.9 0     1.8 0   160.7 0   998.3 0
 1996 289 10 15  7 42  7.700 138.60    -3.3 0    -0.2 0    -0.3 0     0.4 0   321.4 0   289.5 0   288.9 0   367.8 0   287.3 0   287.3 0     0.0 0     0.0 0     0.0 0   -46.4 0   -46.4 0    14.4 0    96.0 0     1.7 0   160.8 0   998.0 0
 1996 289 10 15  7 45  7.750 138.16    -3.3 0    -0.3 0    -0.2 0     0.4 0   321.1 0   289.5 0   288.9 0   367.8 0   287.3 0   287.2 0     0.0 0     0.0 0     0.0 0   -46.6 0   -46.6 0    14.3 0    96.2 0     1.9 0   159.3 0   998.8 0
 1996 289 10 15  7 48  7.800 137.72    -3.4 0    -0.3 0    -0.2 0     0.4 0   321.2 0   289.4 0   288.8 0   368.1 0   287.2 0   287.2 0     0.0 0     0.0 0     0.0 0   -46.9 0   -46.9 0    14.3 0    96.2 0     2.2 0   164.3 0   998.6 0
 1996 289 10 15  7 51  7.850 137.28    -3.7 0    -0.3 0    -0.2 0     0.1 0   321.2 0   289.4 0   288.7 0   368.5 0   287.2 0   287.1 0     0.0 0     0.0 0     0.0 0   -47.3 0   -47.3 0    14.4 0    96.3 0     2.4 0   165.9 0   998.3 0
 1996 289 10 15  7 54  7.900 136.82    -3.9 0    -0.3 0    -0.2 0     0.1 0   321.0 0   289.4 0   288.7 0   369.3 0   287.1 0   287.1 0     0.0 0     0.0 0     0.0 0   -48.4 0   -48.4 0    14.3 0    96.4 0     2.4 0   167.7 0   998.6 0
 1996 289 10 15  7 57  7.950 136.37    -3.8 0    -0.3 0    -0.3 0     0.1 0   320.6 0   289.4 0   288.7 0   368.9 0   287.1 0   287.1 0     0.0 0     0.0 0     0.0 0   -48.3 0   -48.3 0    14.3 0    96.4 0     2.3 0   169.2 0   998.0 0
 1996 289 10 15  8  0  8.000 135.90    -3.7 0    -0.1 0    -0.5 0     0.1 0   320.4 0   289.3 0   288.7 0   368.0 0   287.1 0   287.0 0     0.0 0     0.0 0     0.0 0   -47.6 0   -47.6 0    14.2 0    96.4 0     2.1 0   168.9 0   998.2 0
 1996 289 10 15  8  3  8.050 135.44    -3.7 0    -0.2 0    -0.5 0     0.1 0   320.4 0   289.3 0   288.6 0   368.2 0   287.0 0   287.0 0     0.0 0     0.0 0     0.0 0   -47.8 0   -47.8 0    14.2 0    96.4 0     2.0 0   170.1 0   998.2 0
 1996 289 10 15  8  6  8.100 134.96    -3.8 0    -0.3 0    -0.6 0     0.1 0   320.3 0   289.3 0   288.6 0   368.7 0   287.0 0   287.0 0     0.0 0     0.0 0     0.0 0   -48.5 0   -48.5 0    14.1 0    96.5 0     2.0 0   169.9 0   998.4 0
 1996 289 10 15  8  9  8.150 134.49    -3.9 0    -0.2 0    -0.7 0     0.2 0   320.2 0   289.3 0   288.5 0   368.9 0   287.0 0   286.9 0     0.0 0     0.0 0     0.0 0   -48.8 0   -48.8 0    14.1 0    96.5 0     2.1 0   167.8 0   998.3 0
 1996 289 10 15  8 12  8.200 134.01    -3.9 0    -0.2 0    -1.3 0     0.5 0   319.5 0   289.2 0   288.4 0   369.2 0   286.9 0   286.9 0     0.0 0     0.1 0     0.0 0   -49.7 0   -49.7 0    14.0 0    96.6 0     2.3 0   162.3 0   998.7 0
 1996 289 10 15  8 15  8.250 133.52    -3.9 0    -0.2 0    -1.4 0     0.8 0   318.5 0   289.1 0   288.3 0   369.2 0   286.9 0   286.8 0     0.0 0     0.1 0     0.0 0   -50.7 0   -50.7 0    14.0 0    96.6 0     2.4 0   158.5 0   999.3 0
 1996 289 10 15  8 18  8.300 133.03    -3.8 0     0.0 0    -0.5 0     0.6 0   318.1 0   289.0 0   288.2 0   369.3 0   286.8 0   286.8 0     0.0 0     0.0 0     0.0 0   -51.2 0   -51.2 0    13.9 0    96.7 0     2.5 0   156.7 0   999.2 0
 1996 289 10 15  8 21  8.350 132.54    -3.8 0    -0.1 0    -0.3 0     0.5 0   317.6 0   289.0 0   288.2 0   369.1 0   286.7 0   286.7 0     0.0 0     0.0 0     0.0 0   -51.5 0   -51.5 0    13.9 0    96.7 0     2.5 0   155.8 0   999.0 0
 1996 289 10 15  8 24  8.400 132.04    -3.9 0    -0.1 0    -0.2 0     0.4 0   317.2 0   288.9 0   288.1 0   368.9 0   286.7 0   286.6 0     0.0 0     0.0 0     0.0 0   -51.7 0   -51.7 0    13.7 0    96.9 0     2.4 0   154.1 0   998.6 0
 1996 289 10 15  8 27  8.450 131.54    -3.8 0    -0.1 0    -0.2 0     0.4 0   316.7 0   288.8 0   288.1 0   368.0 0   286.6 0   286.6 0     0.0 0     0.0 0     0.0 0   -51.3 0   -51.3 0    13.6 0    96.9 0     2.3 0   153.0 0   999.2 0
 1996 289 10 15  8 30  8.500 131.03    -3.8 0    -0.1 0    -0.2 0     0.4 0   316.3 0   288.8 0   288.0 0   367.8 0   286.6 0   286.5 0     0.0 0     0.0 0     0.0 0   -51.5 0   -51.5 0    13.6 0    97.1 0     2.2 0   158.1 0   998.7 0
 1996 289 10 15  8 33  8.550 130.53    -3.8 0    -0.3 0    -0.2 0     0.4 0   315.9 0   288.7 0   288.0 0   368.0 0   286.5 0   286.5 0     0.0 0     0.1 0     0.0 0   -52.1 0   -52.1 0    13.7 0    97.2 0     2.5 0   168.5 0   998.9 0
 1996 289 10 15  8 36  8.600 130.02    -3.8 0    -0.3 0    -0.5 0     0.4 0   315.5 0   288.7 0   287.9 0   368.4 0   286.5 0   286.5 0     0.0 0     0.1 0     0.0 0   -52.9 0   -52.9 0    13.7 0    97.3 0     2.7 0   172.3 0   999.3 0
 1996 289 10 15  8 39  8.650 129.50    -3.8 0    -0.3 0    -0.5 0     0.4 0   315.1 0   288.6 0   287.9 0   368.0 0   286.5 0   286.5 0     0.0 0     0.0 0     0.0 0   -52.9 0   -52.9 0    13.8 0    97.2 0     2.9 0   175.6 0   999.2 0
 1996 289 10 15  8 42  8.700 128.99    -3.7 0    -0.2 0    -0.5 0     0.4 0   314.9 0   288.6 0   287.9 0   366.9 0   286.5 0   286.5 0     0.0 0     0.0 0     0.0 0   -52.0 0   -52.0 0    13.8 0    97.1 0     2.9 0   178.1 0   999.2 0
 1996 289 10 15 18 42 18.700  50.87   617.5 0   150.8 0   779.3 0   112.0 0   340.0 0   305.9 0   305.5 0   456.9 0   299.3 0   299.6 0    89.3 0   253.2 0   453.0 0  -116.9 0   336.1 0    24.7 0    48.9 0     7.3 0   208.4 0   989.7 0
 1996 289 10 15 18 45 18.750  51.07   600.9 0   146.7 0   754.5 0   114.4 0   341.0 0   305.9 0   305.7 0   457.9 0   299.3 0   299.7 0    86.6 0   245.3 0   441.8 0  -116.9 0   324.9 0    24.7 0    49.2 0     5.8 0   211.8 0   989.7 0
 1996 289 10 15 18 48 18.800  51.28   605.6 0   147.0 0   761.8 0   116.5 0   341.6 0   305.9 0   305.7 0   459.1 0   299.3 0   299.7 0    86.6 0   248.8 0   446.0 0  -117.6 0   328.5 0    24.6 0    49.5 0     4.8 0   230.7 0   989.6 0
 1996 289 10 15 18 51 18.850  51.50   623.5 0   150.3 0   800.9 0   112.3 0   342.8 0   306.0 0   305.9 0   461.9 0   299.4 0   299.8 0    88.5 0   257.6 0   460.6 0  -119.1 0   341.6 0    24.8 0    49.5 0     4.8 0   219.9 0   989.4 0
 1996 289 10 15 18 54 18.900  51.72   607.8 0   147.3 0   783.7 0   109.3 0   342.3 0   306.1 0   305.9 0   460.8 0   299.5 0   299.9 0    85.8 0   249.5 0   447.5 0  -118.5 0   329.0 0    25.0 0    48.7 0     5.2 0   201.8 0   989.4 0
 1996 289 10 15 18 57 18.950  51.95   601.3 0   147.0 0   772.0 0   112.6 0   341.9 0   306.1 0   305.8 0   458.4 0   299.6 0   299.9 0    84.3 0   247.2 0   441.5 0  -116.5 0   324.9 0    25.0 0    48.2 0     7.1 0   211.1 0   989.4 0
 1996 289 10 15 19  0 19.000  52.19   598.6 0   146.6 0   769.9 0   113.8 0   342.4 0   306.2 0   305.9 0   458.7 0   299.5 0   299.9 0    83.3 0   246.8 0   439.2 0  -116.3 0   322.9 0    24.9 0    48.5 0     5.2 0   203.7 0   989.4 0
 1996 289 10 15 19  3 19.050  52.44   595.3 0   144.8 0   772.0 0   112.2 0   343.4 0   306.2 0   306.1 0   459.5 0   299.6 0   300.0 0    82.1 0   245.3 0   438.0 0  -116.0 0   322.0 0    24.9 0    48.1 0     5.5 0   197.3 0   989.3 0
 1996 289 10 15 19  6 19.100  52.70   595.9 0   146.9 0   783.2 0   109.1 0   342.9 0   306.3 0   305.7 0   457.0 0   299.6 0   299.9 0    81.5 0   245.9 0   436.8 0  -114.1 0   322.7 0    25.0 0    47.7 0     7.9 0   212.1 0   989.3 0
 1996 289 10 15 19  9 19.150  52.96   591.8 0   146.3 0   784.0 0   107.8 0   341.8 0   306.3 0   305.9 0   457.1 0   299.5 0   299.9 0    80.3 0   244.4 0   433.7 0  -115.3 0   318.4 0    25.0 0    47.3 0     6.5 0   205.0 0   989.3 0
 1996 289 10 15 19 12 19.200  53.23   579.4 0   142.4 0   768.3 0   108.0 0   342.0 0   306.3 0   306.1 0   459.2 0   299.6 0   300.0 0    77.9 0   238.7 0   425.5 0  -117.2 0   308.3 0    25.1 0    47.3 0     4.8 0   201.6 0   989.3 0
 1996 289 10 15 19 15 19.250  53.51   582.8 0   143.1 0   778.9 0   108.7 0   343.1 0   306.3 0   306.0 0   459.0 0   299.6 0   300.0 0    77.6 0   240.9 0   428.8 0  -115.9 0   312.9 0    25.1 0    46.7 0     5.7 0   230.5 0   989.2 0
 1996 289 10 15 19 18 19.300  53.80   573.8 0   142.3 0   772.1 0   107.4 0   342.5 0   306.4 0   306.0 0   457.8 0   299.7 0   300.0 0    75.6 0   236.4 0   421.1 0  -115.3 0   305.8 0    25.1 0    46.5 0     6.4 0   223.2 0   989.2 0
 1996 289 10 15 19 21 19.350  54.09   560.9 0   140.9 0   754.4 0   107.4 0   341.0 0   306.4 0   305.8 0   455.2 0   299.6 0   299.9 0    73.2 0   231.0 0   409.0 0  -114.2 0   294.8 0    25.0 0    46.0 0     6.8 0   217.9 0   989.2 0
 1996 289 10 15 19 24 19.400  54.39   566.6 0   140.5 0   770.4 0   107.8 0   343.0 0   306.3 0   306.1 0   459.0 0   299.6 0   300.0 0    73.0 0   234.5 0   415.9 0  -116.1 0   299.9 0    25.0 0    46.3 0     4.2 0   218.8 0   989.1 0
 1996 289 10 15 19 27 19.450  54.70   547.2 0   135.7 0   744.0 0   107.7 0   343.1 0   306.4 0   306.2 0   459.9 0   299.7 0   300.2 0    69.8 0   224.5 0   401.9 0  -116.8 0   285.1 0    25.4 0    46.0 0     4.8 0   210.7 0   989.1 0
 1996 289 10 15 19 30 19.500  55.02   548.7 0   137.0 0   749.2 0   109.1 0   343.5 0   306.4 0   306.1 0   457.9 0   299.8 0   300.2 0    69.1 0   226.3 0   401.7 0  -114.4 0   287.3 0    25.4 0    45.6 0     5.8 0   208.1 0   989.0 0
 1996 289 10 15 19 33 19.550  55.34   539.2 0   134.6 0   739.4 0   109.8 0   344.5 0   306.5 0   306.3 0   459.0 0   299.9 0   300.3 0    67.3 0   222.2 0   395.7 0  -114.5 0   281.2 0    25.4 0    45.4 0     4.3 0   222.7 0   989.0 0
 1996 289 10 15 19 36 19.600  55.67   532.7 0   134.0 0   735.7 0   109.3 0   344.9 0   306.6 0   306.3 0   458.0 0   299.9 0   300.3 0    65.7 0   219.7 0   390.2 0  -113.1 0   277.1 0    25.4 0    45.3 0     5.5 0   222.5 0   989.0 0
 1996 289 10 15 19 39 19.650  56.00   532.6 0   135.0 0   738.5 0   110.0 0   343.6 0   306.6 0   306.3 0   455.9 0   299.9 0   300.2 0    64.8 0   220.6 0   388.0 0  -112.4 0   275.7 0    25.2 0    45.2 0     6.0 0   198.6 0   988.9 0
 1996 289 10 15 19 42 19.700  56.34   523.5 0   133.2 0   734.5 0   107.2 0   344.1 0   306.7 0   306.2 0   455.6 0   299.9 0   300.2 0    63.0 0   216.5 0   381.0 0  -111.5 0   269.5 0    25.3 0    45.6 0     6.5 0   198.9 0   988.8 0
 1996 289 10 15 19 45 19.750  56.69   522.1 0   132.5 0   743.9 0   105.1 0   343.8 0   306.7 0   306.3 0   456.9 0   299.9 0   300.2 0    62.0 0   216.1 0   381.2 0  -113.1 0   268.1 0    25.4 0    45.3 0     5.4 0   204.2 0   988.8 0
 1996 289 10 15 19 48 19.800  57.04   512.2 0   130.7 0   736.5 0   103.9 0   342.9 0   306.7 0   306.2 0   455.9 0   299.9 0   300.3 0    60.2 0   211.3 0   373.8 0  -113.0 0   260.9 0    25.4 0    44.6 0     6.2 0   223.9 0   988.7 0
 1996 289 10 15 19 51 19.850  57.40   503.6 0   130.4 0   727.8 0   104.4 0   342.1 0   306.7 0   306.1 0   454.1 0   299.9 0   300.2 0    58.4 0   207.9 0   366.2 0  -112.0 0   254.2 0    25.2 0    44.4 0     6.2 0   213.7 0   988.7 0
 1996 289 10 15 19 54 19.900  57.77   505.1 0   130.0 0   734.5 0   106.0 0   342.0 0   306.6 0   306.2 0   454.3 0   299.8 0   300.1 0    57.6 0   209.6 0   367.8 0  -112.3 0   255.5 0    25.1 0    44.3 0     4.7 0   203.6 0   988.8 0
 1996 289 10 15 19 57 19.950  58.14   495.4 0   126.9 0   727.9 0   105.0 0   343.0 0   306.6 0   306.3 0   455.9 0   299.8 0   300.2 0    55.7 0   204.5 0   362.3 0  -113.0 0   249.4 0    25.3 0    44.4 0     4.5 0   213.9 0   988.7 0
 1996 289 10 15 20  0 20.000  58.52   482.2 0   125.4 0   711.4 0   104.5 0   343.2 0   306.6 0   305.9 0   453.0 0   299.9 0   300.1 0    53.6 0   198.5 0   350.7 0  -109.8 0   240.9 0    25.3 0    44.5 0     7.3 0   217.2 0   988.7 0
 1996 289 10 15 20  3 20.050  58.90   477.6 0   124.5 0   710.7 0   104.9 0   343.2 0   306.5 0   306.0 0   453.1 0   299.8 0   300.1 0    52.4 0   197.8 0   347.5 0  -109.9 0   237.6 0    25.3 0    44.7 0     5.9 0   197.1 0   988.7 0
 1996 289 10 15 20  6 20.100  59.29   472.5 0   123.3 0   710.7 0   104.3 0   342.9 0   306.5 0   306.1 0   452.9 0   299.8 0   300.1 0    50.9 0   195.2 0   344.0 0  -110.0 0   233.9 0    25.2 0    44.6 0     5.2 0   193.5 0   988.7 0
 1996 289 10 15 20  9 20.150  59.69   461.3 0   120.0 0   699.0 0   104.0 0   343.4 0   306.5 0   306.2 0   454.4 0   299.8 0   300.2 0    49.1 0   190.2 0   336.8 0  -111.0 0   225.8 0    25.3 0    44.6 0     4.2 0   199.6 0   988.7 0
 1996 289 10 15 20 12 20.200  60.08   464.4 0   120.6 0   712.5 0   104.7 0   344.1 0   306.6 0   306.1 0   454.2 0   299.9 0   300.2 0    48.3 0   193.1 0   339.5 0  -110.2 0   229.3 0    25.5 0    44.1 0     4.9 0   218.9 0   988.6 0
 1996 289 10 15 20 15 20.250  60.49   462.9 0   121.6 0   719.3 0   104.3 0   343.7 0   306.6 0   306.0 0   452.6 0   299.9 0   300.2 0    47.4 0   193.4 0   337.0 0  -108.8 0   228.2 0    25.3 0    43.9 0     6.0 0   218.3 0   988.6 0
 1996 289 10 15 20 18 20.300  60.90   443.1 0   117.9 0   692.6 0   102.9 0   343.8 0   306.6 0   306.0 0   451.7 0   299.9 0   300.2 0    45.0 0   184.2 0   321.8 0  -107.9 0   214.0 0    25.4 0    44.1 0     5.7 0   217.6 0   988.6 0
 1996 289 10 15 20 21 20.350  61.31   438.3 0   116.5 0   691.1 0   103.5 0   344.1 0   306.5 0   306.0 0   452.1 0   299.8 0   300.1 0    43.8 0   182.3 0   318.7 0  -108.0 0   210.7 0    25.4 0    44.0 0     5.4 0   221.2 0   988.6 0
 1996 289 10 15 20 24 20.400  61.73   415.2 0   110.8 0   653.7 0   103.4 0   344.9 0   306.5 0   306.1 0   452.6 0   299.9 0   300.2 0    41.5 0   170.9 0   302.2 0  -107.8 0   194.5 0    25.6 0    44.1 0     4.4 0   206.8 0   988.6 0
 1996 289 10 15 20 27 20.450  62.15   407.1 0   109.3 0   643.6 0   104.6 0   344.5 0   306.5 0   306.0 0   451.0 0   299.9 0   300.2 0    40.0 0   167.9 0   295.9 0  -106.5 0   189.5 0    25.4 0    43.4 0     4.3 0   238.9 0   988.6 0
 1996 289 10 15 20 30 20.500  62.58   412.7 0   111.1 0   665.4 0   104.9 0   345.2 0   306.5 0   306.0 0   450.9 0   299.9 0   300.2 0    39.4 0   172.2 0   300.2 0  -105.7 0   194.5 0    25.4 0    43.6 0     4.8 0   225.0 0   988.6 0
 1996 289 10 15 20 33 20.550  63.02   409.8 0   110.7 0   673.3 0   102.5 0   343.5 0   306.5 0   306.0 0   449.3 0   299.9 0   300.1 0    38.4 0   171.3 0   297.3 0  -105.8 0   191.5 0    25.3 0    43.7 0     5.2 0   191.9 0   988.6 0
 1996 289 10 15 20 36 20.600  63.45   396.4 0   107.9 0   661.0 0    99.8 0   343.5 0   306.5 0   305.9 0   448.9 0   299.8 0   300.1 0    36.8 0   164.9 0   287.3 0  -105.4 0   182.0 0    25.3 0    43.6 0     5.3 0   201.2 0   988.5 0
 1996 289 10 15 20 39 20.650  63.89   391.5 0   107.6 0   666.6 0    97.5 0   343.3 0   306.4 0   305.8 0   448.0 0   299.8 0   300.0 0    35.5 0   163.3 0   283.2 0  -104.7 0   178.5 0    25.4 0    43.0 0     6.8 0   209.3 0   988.5 0
 1996 289 10 15 20 42 20.700  64.34   373.9 0   104.2 0   643.7 0    95.6 0   342.7 0   306.4 0   305.7 0   446.8 0   299.7 0   300.0 0    33.8 0   155.7 0   270.2 0  -104.1 0   166.1 0    25.3 0    42.9 0     5.8 0   215.9 0   988.5 0
 1996 289 10 15 20 45 20.750  64.79   369.3 0   102.8 0   645.8 0    95.5 0   343.6 0   306.3 0   305.7 0   447.0 0   299.7 0   299.9 0    32.6 0   154.1 0   267.8 0  -103.4 0   164.4 0    25.2 0    43.0 0     4.8 0   230.6 0   988.5 0
 1996 289 10 15 20 48 20.800  65.24   356.6 0   100.4 0   631.3 0    93.8 0   342.5 0   306.2 0   305.5 0   445.7 0   299.6 0   299.8 0    31.2 0   148.2 0   257.7 0  -103.2 0   154.6 0    25.2 0    43.3 0     7.2 0   202.2 0   988.4 0
 1996 289 10 15 20 51 20.850  65.70   357.4 0   100.7 0   646.8 0    92.9 0   342.1 0   306.2 0   305.5 0   445.5 0   299.5 0   299.8 0    30.4 0   150.0 0   258.4 0  -103.4 0   155.0 0    25.3 0    43.3 0     6.0 0   191.3 0   988.3 0
 1996 289 10 15 20 54 20.900  66.16   349.5 0    98.5 0   641.4 0    92.5 0   342.3 0   306.1 0   305.5 0   445.4 0   299.5 0   299.8 0    29.2 0   146.8 0   253.3 0  -103.1 0   150.2 0    25.2 0    43.0 0     6.1 0   189.0 0   988.3 0
 1996 289 10 15 20 57 20.950  66.63   340.7 0    96.2 0   636.8 0    90.8 0   343.1 0   306.1 0   305.5 0   446.1 0   299.5 0   299.8 0    28.0 0   142.9 0   247.2 0  -102.9 0   144.3 0    25.4 0    43.0 0     4.8 0   204.8 0   988.3 0
 1996 289 10 15 21  0 21.000  67.09   328.6 0    93.1 0   624.5 0    88.9 0   343.5 0   306.0 0   305.5 0   446.2 0   299.6 0   299.8 0    26.8 0   137.3 0   238.8 0  -102.7 0   136.1 0    25.4 0    43.1 0     4.6 0   211.9 0   988.3 0
 1996 289 10 15 21  3 21.050  67.57   316.3 0    90.5 0   610.4 0    87.1 0   343.0 0   306.0 0   305.4 0   444.9 0   299.6 0   299.9 0    25.5 0   131.9 0   229.5 0  -101.9 0   127.6 0    25.5 0    43.0 0     4.9 0   207.2 0   988.2 0
 1996 289 10 15 21  6 21.100  68.04   311.7 0    90.9 0   613.3 0    86.0 0   341.8 0   306.0 0   305.2 0   442.7 0   299.6 0   299.7 0    24.4 0   130.8 0   224.4 0  -100.9 0   123.5 0    25.3 0    43.0 0     7.0 0   204.8 0   988.2 0
 1996 289 10 15 21  9 21.150  68.52   303.1 0    88.7 0   608.0 0    85.1 0   342.4 0   305.9 0   305.2 0   443.0 0   299.5 0   299.7 0    23.3 0   127.6 0   219.0 0  -100.5 0   118.5 0    25.3 0    43.2 0     5.5 0   218.2 0   988.2 0
 1996 289 10 15 21 12 21.200  69.00   294.3 0    86.3 0   602.3 0    83.7 0   342.1 0   305.9 0   305.3 0   442.5 0   299.5 0   299.7 0    22.3 0   123.8 0   213.1 0  -100.4 0   112.8 0    25.3 0    43.2 0     5.0 0   189.9 0   988.2 0
 1996 289 10 15 21 15 21.250  69.49   289.1 0    84.9 0   606.5 0    82.1 0   341.8 0   305.8 0   305.2 0   442.1 0   299.4 0   299.7 0    21.3 0   121.7 0   209.7 0  -100.4 0   109.3 0    25.3 0    43.2 0     5.1 0   192.4 0   988.2 0
 1996 289 10 15 21 18 21.300  69.98   277.0 0    82.7 0   590.8 0    80.5 0   340.8 0   305.8 0   305.1 0   440.4 0   299.4 0   299.6 0    20.2 0   116.4 0   200.1 0   -99.5 0   100.5 0    25.3 0    42.7 0     5.3 0   191.8 0   988.1 0
 1996 289 10 15 21 21 21.350  70.47   268.9 0    80.8 0   586.2 0    79.2 0   341.4 0   305.8 0   305.0 0   440.8 0   299.4 0   299.6 0    19.2 0   113.3 0   194.4 0   -99.4 0    95.0 0    25.3 0    42.9 0     6.4 0   205.1 0   988.1 0
 1996 289 10 15 21 24 21.400  70.96   251.9 0    77.2 0   553.2 0    78.6 0   341.6 0   305.7 0   304.8 0   439.3 0   299.3 0   299.5 0    18.1 0   106.0 0   181.8 0   -97.8 0    84.0 0    25.1 0    43.1 0     5.7 0   204.0 0   988.1 0
 1996 289 10 15 21 27 21.450  71.46   243.3 0    74.7 0   540.8 0    78.6 0   341.4 0   305.6 0   304.8 0   438.4 0   299.2 0   299.4 0    17.1 0   102.6 0   175.8 0   -96.9 0    78.9 0    25.1 0    43.1 0     5.4 0   199.0 0   988.1 0
 1996 289 10 15 21 30 21.500  71.96   236.4 0    72.6 0   534.5 0    78.3 0   342.6 0   305.5 0   304.7 0   438.5 0   299.2 0   299.4 0    16.2 0    99.9 0   171.2 0   -96.0 0    75.3 0    25.2 0    43.2 0     5.7 0   196.0 0   988.1 0
 1996 289 10 15 21 33 21.550  72.46   230.8 0    71.3 0   536.3 0    77.0 0   342.5 0   305.4 0   304.6 0   438.3 0   299.2 0   299.3 0    15.3 0    97.9 0   167.2 0   -95.8 0    71.4 0    25.2 0    43.1 0     5.7 0   203.9 0   988.1 0
 1996 289 10 15 21 36 21.600  72.97   221.4 0    69.3 0   526.2 0    75.4 0   341.9 0   305.3 0   304.5 0   437.2 0   299.1 0   299.3 0    14.4 0    94.0 0   160.3 0   -95.3 0    65.0 0    25.2 0    43.1 0     6.0 0   203.1 0   988.1 0
 1996 289 10 15 21 39 21.650  73.48   211.8 0    67.0 0   514.7 0    73.8 0   341.8 0   305.2 0   304.5 0   436.1 0   299.1 0   299.2 0    13.5 0    89.9 0   153.2 0   -94.3 0    59.0 0    25.0 0    43.1 0     4.9 0   190.4 0   988.2 0
 1996 289 10 15 21 42 21.700  73.99   205.0 0    65.0 0   509.7 0    72.4 0   341.7 0   305.2 0   304.4 0   435.3 0   299.0 0   299.2 0    12.6 0    87.2 0   148.1 0   -93.7 0    54.4 0    25.0 0    43.1 0     4.6 0   188.9 0   988.1 0
 1996 289 10 15 21 45 21.750  74.50   192.6 0    61.6 0   485.7 0    71.1 0   341.9 0   305.1 0   304.2 0   435.2 0   299.0 0   299.1 0    11.8 0    81.8 0   139.4 0   -93.3 0    46.1 0    25.1 0    43.1 0     5.9 0   207.3 0   988.1 0
 1996 289 10 15 21 48 21.800  75.01   178.6 0    58.1 0   457.4 0    69.0 0   341.6 0   305.0 0   304.1 0   434.3 0   298.9 0   299.1 0    11.0 0    75.8 0   129.1 0   -92.7 0    36.4 0    25.0 0    42.9 0     5.9 0   208.8 0   988.1 0
 1996 289 10 15 21 51 21.850  75.53   169.6 0    55.5 0   442.3 0    67.8 0   341.5 0   304.9 0   304.0 0   433.4 0   298.9 0   299.0 0    10.3 0    72.0 0   122.8 0   -91.9 0    30.9 0    25.0 0    42.9 0     5.6 0   207.4 0   988.1 0
 1996 289 10 15 21 54 21.900  76.05   165.2 0    54.4 0   446.6 0    66.6 0   341.3 0   304.8 0   303.9 0   432.6 0   298.8 0   299.0 0     9.6 0    70.7 0   119.9 0   -91.3 0    28.6 0    25.0 0    42.8 0     4.7 0   203.2 0   988.1 0
 1996 289 10 15 21 57 21.950  76.57   158.0 0    52.6 0   439.9 0    65.1 0   341.0 0   304.7 0   303.8 0   432.0 0   298.8 0   298.9 0     9.0 0    67.9 0   114.6 0   -90.9 0    23.6 0    24.9 0    42.8 0     5.8 0   194.0 0   988.1 0
 1996 289 10 15 22  0 22.000  77.10   147.5 0    50.2 0   422.4 0    62.8 0   340.8 0   304.5 0   303.6 0   431.7 0   298.7 0   298.8 0     8.3 0    63.6 0   106.9 0   -90.9 0    16.0 0    24.9 0    42.9 0     6.4 0   196.9 0   988.1 0
 1996 289 10 15 22  3 22.050  77.62   137.8 0    47.8 0   409.1 0    60.3 0   340.4 0   304.4 0   303.4 0   430.9 0   298.6 0   298.7 0     7.7 0    59.7 0   100.2 0   -90.6 0     9.6 0    24.8 0    43.0 0     6.2 0   208.2 0   988.1 0
 1996 289 10 15 22  6 22.100  78.15   130.5 0    45.7 0   405.5 0    57.6 0   339.2 0   304.2 0   303.3 0   429.8 0   298.5 0   298.6 0     7.1 0    56.8 0    95.2 0   -90.6 0     4.5 0    24.7 0    42.8 0     5.7 0   198.0 0   988.2 0
 1996 289 10 15 22  9 22.150  78.68   121.3 0    42.9 0   389.1 0    55.3 0   338.5 0   304.1 0   303.1 0   428.9 0   298.5 0   298.5 0     6.5 0    53.0 0    88.8 0   -90.4 0    -1.6 0    24.7 0    42.7 0     5.7 0   202.8 0   988.1 0
 1996 289 10 15 22 12 22.200  79.21   111.2 0    39.7 0   364.8 0    53.3 0   337.9 0   303.9 0   303.1 0   426.9 0   298.4 0   298.5 0     6.0 0    48.7 0    81.9 0   -89.0 0    -7.1 0    24.6 0    42.7 0     4.2 0   197.0 0   988.2 0
 1996 289 10 15 22 15 22.250  79.74   103.7 0    37.2 0   349.4 0    51.5 0   338.0 0   303.8 0   302.9 0   425.7 0   298.3 0   298.4 0     5.4 0    45.6 0    76.6 0   -87.7 0   -11.1 0    24.5 0    42.7 0     4.1 0   192.8 0   988.2 0
 1996 289 10 15 22 18 22.300  80.27    95.4 0    34.5 0   330.2 0    49.5 0   337.8 0   303.7 0   302.8 0   424.9 0   298.2 0   298.3 0     4.9 0    42.3 0    70.9 0   -87.1 0   -16.3 0    24.5 0    42.9 0     4.8 0   196.1 0   988.2 0
 1996 289 10 15 22 21 22.350  80.81    87.8 0    32.6 0   315.8 0    47.6 0   337.4 0   303.5 0   302.6 0   424.2 0   298.1 0   298.1 0     4.5 0    39.4 0    65.4 0   -86.8 0   -21.4 0    24.3 0    43.1 0     4.7 0   195.1 0   988.2 0
 1996 289 10 15 22 24 22.400  81.35    81.4 0    30.7 0   309.1 0    45.2 0   336.7 0   303.4 0   302.4 0   423.6 0   298.0 0   298.0 0     4.0 0    37.0 0    61.1 0   -86.9 0   -25.9 0    24.3 0    42.9 0     5.0 0   201.8 0   988.2 0
 1996 289 10 15 22 27 22.450  81.88    71.8 0    27.5 0   282.0 0    42.6 0   336.3 0   303.2 0   302.2 0   422.9 0   297.9 0   297.9 0     3.6 0    33.2 0    54.9 0   -86.6 0   -31.8 0    24.1 0    42.9 0     5.0 0   199.1 0   988.2 0
 1996 289 10 15 22 30 22.500  82.42    63.6 0    25.1 0   260.7 0    40.0 0   335.7 0   303.0 0   302.0 0   420.7 0   297.8 0   297.8 0     3.2 0    29.9 0    49.3 0   -85.0 0   -35.7 0    24.0 0    43.0 0     4.3 0   197.7 0   988.2 0
 1996 289 10 15 22 33 22.550  82.96    54.9 0    22.5 0   237.8 0    37.6 0   335.2 0   302.8 0   301.8 0   419.8 0   297.6 0   297.6 0     2.9 0    26.8 0    44.2 0   -84.6 0   -40.4 0    23.9 0    43.0 0     4.8 0   193.2 0   988.2 0
 1996 289 10 15 22 36 22.600  83.50    45.7 0    19.7 0   206.1 0    35.4 0   335.0 0   302.6 0   301.6 0   418.4 0   297.5 0   297.5 0     2.5 0    23.6 0    39.0 0   -83.4 0   -44.4 0    23.8 0    43.0 0     4.5 0   194.4 0   988.2 0
 1996 289 10 15 22 39 22.650  84.04    37.6 0    17.2 0   186.5 0    32.8 0   334.6 0   302.4 0   301.4 0   417.5 0   297.4 0   297.3 0     2.2 0    20.9 0    35.0 0   -83.0 0   -48.0 0    23.8 0    42.9 0     4.7 0   192.9 0   988.2 0
 1996 289 10 15 22 42 22.700  84.57    29.9 0    15.2 0   167.4 0    30.0 0   334.5 0   302.2 0   301.1 0   418.1 0   297.2 0   297.2 0     1.9 0    18.5 0    30.6 0   -83.6 0   -53.0 0    23.7 0    43.0 0     5.4 0   191.3 0   988.2 0
 1996 289 10 15 22 45 22.750  85.11    23.9 0    13.3 0   148.9 0    27.7 0   333.9 0   301.9 0   300.9 0   416.1 0   297.1 0   297.1 0     1.7 0    16.3 0    27.1 0   -82.2 0   -55.1 0    23.5 0    43.1 0     4.7 0   191.2 0   988.3 0
 1996 289 10 15 22 48 22.800  85.65    20.0 0    11.4 0   122.4 0    25.1 0   333.3 0   301.7 0   300.6 0   414.6 0   297.0 0   296.9 0     1.4 0    14.2 0    23.0 0   -81.3 0   -58.3 0    23.3 0    43.4 0     4.5 0   197.2 0   988.3 0
 1996 289 10 15 22 51 22.850  86.18    17.1 0     9.1 0    89.7 0    22.5 0   332.8 0   301.4 0   300.3 0   412.5 0   296.8 0   296.7 0     1.2 0    12.1 0    19.4 0   -79.7 0   -60.3 0    23.0 0    43.7 0     4.1 0   197.2 0   988.3 0
 1996 289 10 15 22 54 22.900  86.71    14.5 0     7.3 0    75.0 0    19.6 0   332.8 0   301.1 0   300.1 0   410.7 0   296.6 0   296.5 0     1.0 0    10.3 0    16.6 0   -77.9 0   -61.2 0    22.9 0    43.9 0     4.1 0   197.4 0   988.3 0
 1996 289 10 15 22 57 22.950  87.24    11.7 0     5.7 0    52.4 0    16.8 0   332.5 0   300.9 0   299.8 0   409.6 0   296.4 0   296.3 0     0.9 0     8.6 0    13.6 0   -77.2 0   -63.6 0    22.7 0    44.1 0     4.0 0   195.2 0   988.3 0
 1996 289 10 15 23  0 23.000  87.76     9.2 0     4.2 0    30.7 0    14.4 0   332.2 0   300.6 0   299.5 0   408.1 0   296.2 0   296.1 0     0.7 0     7.2 0    11.4 0   -75.9 0   -64.5 0    22.5 0    44.4 0     4.0 0   193.2 0   988.3 0
 1996 289 10 15 23  3 23.050  88.27     6.8 0     3.0 0    16.5 0    11.9 0   331.6 0   300.3 0   299.1 0   406.6 0   296.0 0   295.9 0     0.6 0     5.8 0     9.4 0   -74.9 0   -65.5 0    22.3 0    44.7 0     4.0 0   192.6 0   988.4 0
 1996 289 10 15 23  6 23.100  88.76     4.3 0     2.3 0     4.7 0     9.3 0   331.0 0   299.9 0   298.8 0   404.8 0   295.8 0   295.7 0     0.5 0     4.7 0     7.1 0   -73.9 0   -66.7 0    22.1 0    45.1 0     3.8 0   195.3 0   988.4 0
 1996 289 10 15 23  9 23.150  89.24     2.0 0     1.3 0    -1.6 0     7.0 0   330.6 0   299.6 0   298.5 0   402.8 0   295.6 0   295.5 0     0.4 0     3.7 0     5.7 0   -72.2 0   -66.6 0    21.9 0    45.6 0     3.7 0   194.9 0   988.4 0
 1996 289 10 15 23 12 23.200  89.67     0.4 0     0.8 0    -2.1 0     5.3 0   330.3 0   299.3 0   298.2 0   401.0 0   295.4 0   295.3 0     0.3 0     2.8 0     4.5 0   -70.7 0   -66.2 0    21.7 0    46.1 0     3.6 0   195.6 0   988.4 0
 1996 289 10 15 23 15 23.250  90.87    -0.2 0     0.5 0    -1.7 0     3.9 0   330.0 0   299.0 0   297.9 0   400.2 0   295.1 0   295.0 0     0.0 0     2.1 0     3.4 0   -70.2 0   -66.8 0    21.5 0    46.7 0     3.8 0   195.6 0   988.5 0
 1996 289 10 15 23 18 23.300  91.44    -1.2 0     0.2 0    -1.9 0     3.3 0   329.5 0   298.7 0   297.6 0   398.9 0   294.9 0   294.8 0     0.0 0     1.5 0     3.1 0   -69.4 0   -66.3 0    21.3 0    47.1 0     3.8 0   194.4 0   988.5 0
 1996 289 10 15 23 21 23.350  92.00    -2.0 0     0.2 0    -1.9 0     2.9 0   329.1 0   298.4 0   297.3 0   397.1 0   294.7 0   294.6 0     0.0 0     0.9 0     2.7 0   -68.0 0   -65.3 0    21.1 0    47.7 0     3.8 0   193.9 0   988.5 0
 1996 289 10 15 23 24 23.400  92.57    -2.5 0     0.1 0    -1.7 0     2.4 0   328.4 0   298.1 0   297.0 0   396.2 0   294.5 0   294.4 0     0.0 0     0.6 0     2.3 0   -67.9 0   -65.5 0    21.0 0    48.2 0     3.8 0   193.7 0   988.5 0
 1996 289 10 15 23 27 23.450  93.14    -3.0 0     0.0 0    -1.6 0     1.9 0   328.1 0   297.8 0   296.7 0   395.0 0   294.3 0   294.2 0     0.0 0     0.4 0     1.8 0   -66.9 0   -65.1 0    20.7 0    48.9 0     3.7 0   192.8 0   988.5 0
 1996 289 10 15 23 30 23.500  93.70    -3.4 0     0.0 0    -1.4 0     1.5 0   327.8 0   297.5 0   296.5 0   393.5 0   294.1 0   294.0 0     0.0 0     0.2 0     1.4 0   -65.7 0   -64.3 0    20.5 0    49.6 0     3.6 0   192.0 0   988.5 0
 1996 289 10 15 23 33 23.550  94.27    -3.7 0     0.0 0    -1.0 0     1.1 0   327.7 0   297.2 0   296.2 0   393.6 0   293.9 0   293.8 0     0.0 0     0.1 0     1.1 0   -65.9 0   -64.9 0    20.3 0    50.3 0     3.7 0   192.8 0   988.8 0
 1996 289 10 15 23 36 23.600  94.84    -3.9 0     0.0 0    -1.0 0     0.9 0   327.0 0   297.0 0   296.0 0   393.5 0   293.7 0   293.6 0     0.0 0     0.0 0     0.9 0   -66.5 0   -65.6 0    20.2 0    50.9 0     3.8 0   192.5 0   988.7 0
 1996 289 10 15 23 39 23.650  95.41    -3.9 0     0.0 0    -1.2 0     0.9 0   326.7 0   296.7 0   295.7 0   392.7 0   293.5 0   293.4 0     0.0 0     0.0 0     0.9 0   -66.0 0   -65.1 0    20.1 0    51.5 0     3.7 0   194.7 0   989.3 0
 1996 289 10 15 23 42 23.700  95.98    -4.0 0     0.0 0    -0.7 0     0.7 0   327.0 0   296.5 0   295.5 0   392.3 0   293.4 0   293.3 0     0.0 0     0.0 0     0.7 0   -65.3 0   -64.7 0    20.0 0    52.0 0     3.7 0   195.6 0   989.5 0
 1996 289 10 15 23 45 23.750  96.55    -4.0 0     0.0 0    -0.7 0     0.7 0   326.3 0   296.3 0   295.3 0   391.2 0   293.2 0   293.1 0     0.0 0     0.0 0     0.0 0   -64.9 0   -64.9 0    19.9 0    52.5 0     3.7 0   195.6 0   989.0 0
 1996 289 10 15 23 48 23.800  97.13    -4.0 0     0.0 0    -0.8 0     0.6 0   325.9 0   296.1 0   295.2 0   389.7 0   293.1 0   293.0 0     0.0 0     0.0 0     0.0 0   -63.7 0   -63.7 0    19.8 0    52.9 0     3.6 0   196.4 0   989.0 0
 1996 289 10 15 23 51 23.850  97.70    -3.9 0     0.0 0    -0.9 0     0.6 0   325.8 0   295.9 0   295.0 0   388.1 0   292.9 0   292.9 0     0.0 0     0.0 0     0.0 0   -62.4 0   -62.4 0    19.7 0    53.3 0     3.6 0   196.8 0   988.9 0
 1996 289 10 15 23 54 23.900  98.27    -3.8 0     0.0 0    -1.1 0     0.8 0   324.8 0   295.7 0   294.8 0   385.9 0   292.8 0   292.7 0     0.0 0     0.0 0     0.0 0   -61.2 0   -61.2 0    19.6 0    53.7 0     3.4 0   194.8 0   989.2 0
 1996 289 10 15 23 57 23.950  98.84    -3.7 0    -0.1 0    -1.0 0     0.8 0   324.3 0   295.5 0   294.6 0   384.7 0   292.6 0   292.6 0     0.0 0     0.0 0     0.0 0   -60.3 0   -60.3 0    19.5 0    54.1 0     3.5 0   194.4 0   989.2 0
