 Bondville
   40.05  -88.37  213 m version 1
 1996 240  8 27  0  0  0.000  84.07    26.9 0     5.8 0    -0.2 0 -9999.9 1   385.3 0   302.5 0   302.0 0   439.8 0   298.7 0   298.7 0     1.6 0    12.7 0    21.1 0   -54.6 0   -33.5 0    24.6 0    78.7 0     1.5 0    95.2 0   987.1 0
 1996 240  8 27  3 51  3.850 122.15    -2.8 0     0.0 0     0.0 0 -9999.9 1   398.7 0   298.1 0   297.7 0   423.6 0   294.4 0   294.4 0     0.0 0     0.0 0     0.0 0   -24.9 0   -24.9 0    21.1 0    94.2 0     1.2 0   300.4 0   989.3 0
 1996 240  8 27  3 54  3.900 122.49    -2.6 0     0.0 0     0.0 0 -9999.9 1   399.0 0   298.1 0   297.7 0   423.6 0   294.3 0   294.3 0     0.0 0     0.0 0     0.0 0   -24.6 0   -24.6 0    21.0 0    94.2 0     1.5 0   312.5 0   989.3 0
 1996 240  8 27  3 57  3.950 122.83    -2.5 0     0.0 0     0.0 0 -9999.9 1   400.6 0   298.1 0   297.6 0   423.6 0   294.3 0   294.3 0     0.0 0     0.0 0     0.0 0   -23.0 0   -23.0 0    21.1 0    94.0 0     1.6 0   311.4 0   989.3 0
 1996 240  8 27  4  0  4.000 123.16    -2.5 0     0.0 0     0.0 0 -9999.9 1   401.9 0   298.1 0   297.6 0   423.6 0   294.3 0   294.3 0     0.0 0     0.0 0     0.0 0   -21.7 0   -21.7 0    21.1 0    93.9 0     1.4 0   309.9 0   989.3 0
 1996 240  8 27  4  3  4.050 123.49    -2.4 0     0.0 0     0.0 0 -9999.9 1   402.8 0   298.1 0   297.7 0   423.8 0   294.3 0   294.3 0     0.0 0     0.0 0     0.0 0   -20.9 0   -20.9 0    21.0 0    93.8 0     1.2 0   312.1 0   989.2 0
 1996 240  8 27  4  6  4.100 123.81    -2.3 0     0.0 0     0.0 0 -9999.9 1   402.7 0   298.1 0   297.8 0   423.8 0   294.3 0   294.3 0     0.0 0     0.0 0     0.0 0   -21.1 0   -21.1 0    21.2 0    93.7 0     1.1 0   317.7 0   989.2 0
 1996 240  8 27  4  9  4.150 124.12    -2.3 0     0.0 0     0.0 0 -9999.9 1   401.7 0   298.1 0   297.8 0   423.8 0   294.3 0   294.3 0     0.0 0     0.0 0     0.0 0   -22.1 0   -22.1 0    21.0 0    93.9 0     0.9 0   324.6 0   989.2 0
 1996 240  8 27  4 12  4.200 124.43    -2.3 0     0.0 0     0.1 0 -9999.9 1   399.7 0   298.1 0   297.8 0   423.6 0   294.2 0   294.3 0     0.0 0     0.0 0     0.0 0   -23.8 0   -23.8 0    21.0 0    93.9 0     0.4 0   318.5 0   989.2 0
 1996 240  8 27  4 15  4.250 124.73    -2.3 0     0.0 0     0.1 0 -9999.9 1   400.7 0   298.2 0   297.8 0   423.7 0   294.2 0   294.2 0     0.0 0     0.0 0     0.0 0   -23.0 0   -23.0 0    20.9 0    94.0 0     1.0 0   312.3 0   989.2 0
 1996 240  8 27  4 18  4.300 125.02    -2.2 0     0.0 0     0.1 0 -9999.9 1   402.9 0   298.2 0   297.7 0   423.5 0   294.2 0   294.2 0     0.0 0     0.0 0     0.0 0   -20.6 0   -20.6 0    21.2 0    94.0 0     1.6 0   317.3 0   989.2 0
 1996 240  8 27  4 21  4.350 125.30    -2.3 0     0.0 0     0.0 0 -9999.9 1   404.2 0   298.2 0   297.8 0   423.4 0   294.2 0   294.2 0     0.0 0     0.0 0     0.0 0   -19.2 0   -19.2 0    20.9 0    94.2 0     1.5 0   315.3 0   989.2 0
 1996 240  8 27  4 24  4.400 125.58    -2.1 0     0.0 0     0.0 0 -9999.9 1   405.1 0   298.2 0   297.8 0   423.6 0   294.2 0   294.2 0     0.0 0     0.0 0     0.0 0   -18.5 0   -18.5 0    21.0 0    94.2 0     1.3 0   312.3 0   989.2 0
 1996 240  8 27  4 27  4.450 125.85    -2.1 0     0.0 0     0.1 0 -9999.9 1   404.8 0   298.2 0   297.8 0   423.6 0   294.1 0   294.2 0     0.0 0     0.0 0     0.0 0   -18.8 0   -18.8 0    20.9 0    94.3 0     1.0 0   300.9 0   989.2 0
 1996 240  8 27  4 30  4.500 126.12    -2.1 0     0.0 0     0.1 0 -9999.9 1   404.0 0   298.2 0   297.8 0   423.5 0   294.1 0   294.2 0     0.0 0     0.0 0     0.0 0   -19.5 0   -19.5 0    20.8 0    94.5 0     0.9 0   309.4 0   989.2 0
 1996 240  8 27  4 33  4.550 126.37    -2.1 0     0.0 0     0.1 0 -9999.9 1   403.0 0   298.2 0   297.8 0   423.5 0   294.1 0   294.1 0     0.0 0     0.0 0     0.0 0   -20.5 0   -20.5 0    20.8 0    94.6 0     1.0 0   342.8 0   989.2 0
 1996 240  8 27  4 36  4.600 126.62    -2.1 0     0.0 0     0.0 0 -9999.9 1   402.8 0   298.2 0   297.8 0   423.3 0   294.1 0   294.1 0     0.0 0     0.0 0     0.0 0   -20.5 0   -20.5 0    20.8 0    94.8 0     1.2 0   352.6 0   989.2 0
 1996 240  8 27  4 39  4.650 126.86    -2.1 0     0.0 0     0.0 0 -9999.9 1   404.8 0   298.2 0   297.8 0   423.3 0   294.1 0   294.1 0     0.0 0     0.0 0     0.0 0   -18.5 0   -18.5 0    20.8 0    94.9 0     0.7 0   346.0 0   989.2 0
 1996 240  8 27  4 42  4.700 127.09    -2.1 0     0.0 0     0.1 0 -9999.9 1   406.1 0   298.2 0   297.8 0   423.6 0   294.1 0   294.1 0     0.0 0     0.0 0     0.0 0   -17.5 0   -17.5 0    20.8 0    95.0 0     0.4 0   338.4 0   989.2 0
 1996 240  8 27  4 45  4.750 127.31    -2.2 0     0.0 0     0.1 0 -9999.9 1   406.3 0   298.2 0   297.8 0   423.8 0   294.1 0   294.1 0     0.0 0     0.0 0     0.0 0   -17.4 0   -17.4 0    20.8 0    95.0 0     1.2 0   337.4 0   989.2 0
 1996 240  8 27  4 48  4.800 127.52    -2.1 0     0.0 0     0.0 0 -9999.9 1   407.5 0   298.2 0   297.8 0   423.9 0   294.0 0   294.1 0     0.0 0     0.0 0     0.0 0   -16.4 0   -16.4 0    20.8 0    95.1 0     1.3 0   349.5 0   989.2 0
 1996 240  8 27  4 51  4.850 127.73    -2.1 0     0.0 0     0.0 0 -9999.9 1   408.9 0   298.2 0   297.8 0   424.2 0   294.0 0   294.1 0     0.0 0     0.0 0     0.0 0   -15.3 0   -15.3 0    20.8 0    95.2 0     1.6 0   353.0 0   989.2 0
 1996 240  8 27  4 54  4.900 127.93    -2.1 0     0.0 0     0.1 0 -9999.9 1   410.6 0   298.2 0   297.8 0   424.6 0   294.1 0   294.1 0     0.0 0     0.0 0     0.0 0   -14.0 0   -14.0 0    20.9 0    95.1 0     1.9 0     0.2 0   989.2 0
 1996 240  8 27  4 57  4.950 128.12    -2.2 0    -0.1 0     0.1 0 -9999.9 1   412.6 0   298.2 0   297.8 0   424.6 0   294.1 0   294.1 0     0.0 0     0.0 0     0.0 0   -12.0 0   -12.0 0    21.0 0    94.9 0     2.1 0     3.4 0   989.2 0
 1996 240  8 27  5  0  5.000 128.30    -2.3 0    -0.1 0     0.1 0 -9999.9 1   413.6 0   298.2 0   297.8 0   424.8 0   294.1 0   294.2 0     0.0 0     0.0 0     0.0 0   -11.2 0   -11.2 0    21.0 0    94.7 0     2.1 0     5.0 0   989.1 0
 1996 240  8 27  5  3  5.050 128.47    -2.3 0    -0.1 0     0.1 0 -9999.9 1   413.3 0   298.2 0   297.8 0   424.9 0   294.2 0   294.2 0     0.0 0     0.0 0     0.0 0   -11.5 0   -11.5 0    20.6 0    94.6 0     2.0 0     9.2 0   989.1 0
 1996 240  8 27  5  6  5.100 128.63    -2.4 0    -0.1 0     0.1 0 -9999.9 1   413.4 0   298.2 0   297.8 0   424.8 0   294.2 0   294.3 0     0.0 0     0.0 0     0.0 0   -11.4 0   -11.4 0    21.1 0    94.2 0     1.8 0    18.4 0   989.1 0
 1996 240  8 27  5  9  5.150 128.79    -2.4 0    -0.1 0     0.1 0 -9999.9 1   413.8 0   298.2 0   297.8 0   425.0 0   294.3 0   294.3 0     0.0 0     0.0 0     0.0 0   -11.2 0   -11.2 0    21.0 0    94.1 0     2.1 0    15.8 0   989.1 0
 1996 240  8 27  5 12  5.200 128.93    -2.5 0    -0.1 0     0.1 0 -9999.9 1   413.1 0   298.2 0   297.8 0   424.7 0   294.3 0   294.3 0     0.0 0     0.0 0     0.0 0   -11.5 0   -11.5 0    21.2 0    93.8 0     2.2 0    26.7 0   989.1 0
 1996 240  8 27  5 15  5.250 129.07    -2.4 0    -0.1 0     0.1 0 -9999.9 1   413.4 0   298.2 0   297.8 0   424.5 0   294.3 0   294.4 0     0.0 0     0.0 0     0.0 0   -11.1 0   -11.1 0    21.2 0    93.8 0     2.4 0    25.8 0   989.1 0
 1996 240  8 27  5 18  5.300 129.20    -2.4 0    -0.1 0     0.1 0 -9999.9 1   415.2 0   298.2 0   297.8 0   424.8 0   294.3 0   294.4 0     0.0 0     0.0 0     0.0 0    -9.6 0    -9.6 0    21.1 0    93.8 0     2.1 0     5.1 0   989.0 0
 1996 240  8 27  5 21  5.350 129.32    -2.3 0    -0.1 0     0.1 0 -9999.9 1   415.4 0   298.3 0   297.9 0   425.1 0   294.4 0   294.4 0     0.0 0     0.0 0     0.0 0    -9.7 0    -9.7 0    21.1 0    93.8 0     1.3 0    59.3 0   989.0 0
 1996 240  8 27  5 24  5.400 129.42    -2.3 0     0.0 0     0.2 0 -9999.9 1   415.9 0   298.3 0   298.0 0   425.6 0   294.4 0   294.4 0     0.0 0     0.0 0     0.0 0    -9.7 0    -9.7 0    21.1 0    93.6 0     0.8 0    48.8 0   989.0 0
 1996 240  8 27  5 27  5.450 129.52    -2.2 0     0.0 0     0.2 0 -9999.9 1   415.4 0   298.3 0   298.0 0   425.3 0   294.4 0   294.4 0     0.0 0     0.0 0     0.0 0    -9.9 0    -9.9 0    21.2 0    93.6 0     1.2 0   107.2 0   989.0 0
 1996 240  8 27  5 30  5.500 129.61    -2.4 0     0.0 0     0.0 0 -9999.9 1   416.1 0   298.3 0   297.9 0   424.7 0   294.4 0   294.4 0     0.0 0     0.0 0     0.0 0    -8.6 0    -8.6 0    21.0 0    93.8 0     1.3 0   166.5 0   989.1 0
 1996 240  8 27  5 33  5.550 129.70    -2.3 0     0.0 0     0.2 0 -9999.9 1   417.9 0   298.4 0   298.0 0   424.8 0   294.4 0   294.4 0     0.0 0     0.0 0     0.0 0    -7.0 0    -7.0 0    21.2 0    94.0 0     0.8 0   251.4 0   989.0 0
 1996 240  8 27  5 36  5.600 129.77    -2.2 0     0.0 0     0.1 0 -9999.9 1   418.5 0   298.4 0   298.0 0   425.0 0   294.4 0   294.4 0     0.0 0     0.0 0     0.0 0    -6.5 0    -6.5 0    21.0 0    94.3 0     0.9 0   227.1 0   989.0 0
 1996 240  8 27  5 39  5.650 129.83    -2.1 0     0.0 0     0.1 0 -9999.9 1   419.4 0   298.4 0   297.9 0   425.3 0   294.3 0   294.4 0     0.0 0     0.0 0     0.0 0    -5.9 0    -5.9 0    20.8 0    94.6 0     0.9 0   211.4 0   989.0 0
 1996 240  8 27  5 42  5.700 129.88    -2.6 0     0.0 0     0.1 0 -9999.9 1   420.6 0   298.3 0   297.3 0   425.5 0   294.3 0   294.3 0     0.0 0     0.0 0     0.0 0    -4.9 0    -4.9 0    20.8 0    94.7 0     0.9 0   249.7 0   989.1 0
 1996 240  8 27  5 45  5.750 129.92    -4.0 0     0.1 0     0.1 0 -9999.9 1   419.6 0   298.1 0   296.8 0   424.7 0   294.3 0   294.3 0     0.0 0     0.0 0     0.0 0    -5.2 0    -5.2 0    20.9 0    94.8 0     1.7 0   266.5 0   989.2 0
 1996 240  8 27  5 48  5.800 129.96    -4.5 0     0.1 0    -0.1 0 -9999.9 1   419.9 0   298.0 0   296.6 0   424.3 0   294.2 0   294.2 0     0.0 0     0.0 0     0.0 0    -4.4 0    -4.4 0    20.9 0    94.9 0     2.0 0   275.5 0   989.2 0
 1996 240  8 27  5 51  5.850 129.98    -4.3 0     0.1 0    -0.2 0 -9999.9 1   420.3 0   297.7 0   296.3 0   423.8 0   294.2 0   294.2 0     0.0 0     0.0 0     0.0 0    -3.5 0    -3.5 0    20.8 0    95.0 0     2.1 0   269.7 0   989.3 0
 1996 240  8 27  5 54  5.900 129.99    -4.5 0     0.1 0    -0.1 0 -9999.9 1   418.8 0   297.5 0   296.1 0   422.9 0   294.1 0   294.1 0     0.0 0     0.0 0     0.0 0    -4.1 0    -4.1 0    20.7 0    95.1 0     1.9 0   241.2 0   989.3 0
 1996 240  8 27  5 57  5.950 130.00    -5.1 0     0.1 0     0.1 0 -9999.9 1   419.1 0   297.3 0   296.0 0   423.0 0   294.1 0   294.1 0     0.0 0     0.0 0     0.0 0    -3.9 0    -3.9 0    21.0 0    95.3 0     1.3 0   254.1 0   989.3 0
 1996 240  8 27  6  0  6.000 129.99    -5.1 0     0.0 0     0.1 0 -9999.9 1   420.4 0   297.1 0   295.8 0   422.6 0   294.0 0   294.0 0     0.0 0     0.1 0     0.0 0    -2.2 0    -2.2 0    20.6 0    95.6 0     1.0 0   282.1 0   989.3 0
 1996 240  8 27  6  3  6.050 129.97    -5.0 0     0.0 0     0.0 0 -9999.9 1   420.0 0   296.9 0   295.7 0   422.3 0   294.0 0   294.0 0     0.0 0     0.0 0     0.0 0    -2.4 0    -2.4 0    20.6 0    96.0 0     1.4 0   313.4 0   989.2 0
 1996 240  8 27  6  6  6.100 129.95    -5.3 0     0.0 0    -0.1 0 -9999.9 1   419.1 0   296.7 0   295.5 0   422.5 0   293.9 0   294.0 0     0.0 0     0.1 0     0.0 0    -3.4 0    -3.4 0    20.7 0    96.1 0     2.8 0   311.2 0   989.3 0
 1996 240  8 27  6  9  6.150 129.91    -5.5 0     0.1 0    -0.2 0 -9999.9 1   418.3 0   296.6 0   295.4 0   422.1 0   293.9 0   293.9 0     0.0 0     0.0 0     0.0 0    -3.8 0    -3.8 0    20.5 0    96.4 0     3.8 0   311.7 0   989.3 0
 1996 240  8 27  6 12  6.200 129.87    -6.0 0     0.1 0    -0.1 0 -9999.9 1   418.8 0   296.5 0   295.4 0   422.1 0   293.9 0   293.9 0     0.0 0     0.1 0     0.0 0    -3.3 0    -3.3 0    20.5 0    96.5 0     3.2 0   326.0 0   989.4 0
 1996 240  8 27  6 15  6.250 129.82    -5.7 0     0.1 0    -0.1 0 -9999.9 1   419.8 0   296.3 0   295.2 0   421.7 0   293.8 0   293.8 0     0.0 0     0.1 0     0.0 0    -1.9 0    -1.9 0    20.5 0    96.7 0     3.6 0   327.0 0   989.4 0
 1996 240  8 27  6 18  6.300 129.75    -4.6 0     0.2 0    -0.6 0 -9999.9 1   420.4 0   296.2 0   295.0 0   421.0 0   293.7 0   293.8 0     0.0 0    -0.1 0     0.0 0    -0.7 0    -0.7 0    20.7 0    96.7 0     5.8 0   344.1 0   989.3 0
 1996 240  8 27  6 21  6.350 129.68    -4.0 0     0.0 0    -0.2 0 -9999.9 1   420.1 0   296.0 0   294.9 0   421.3 0   293.7 0   293.8 0     0.0 0    -0.1 0     0.0 0    -1.3 0    -1.3 0    20.3 0    96.8 0     5.2 0   355.4 0   989.2 0
 1996 240  8 27  6 24  6.400 129.60    -3.3 0     0.1 0    -2.3 0 -9999.9 1   418.3 0   295.8 0   294.6 0   418.9 0   293.7 0   293.8 0     0.0 0    -0.3 0     0.0 0    -0.6 0    -0.6 0    19.9 0    96.5 0     5.5 0    13.2 0   989.0 0
 1996 240  8 27  6 27  6.450 129.51    -3.2 0     1.1 0    -3.8 0 -9999.9 1   416.1 0   295.5 0   294.1 0   414.9 0   293.6 0   293.6 0     0.0 0    -0.2 0     0.0 0     0.0 0     0.0 0    19.7 0    95.3 0     5.6 0     9.3 0   988.9 0
 1996 240  8 27  6 30  6.500 129.40    -4.0 0     0.8 0    -1.6 0 -9999.9 1   415.8 0   295.1 0   293.9 0   414.7 0   293.4 0   293.5 0     0.0 0     0.0 0     0.0 0     0.0 0     0.0 0    19.5 0    94.5 0     4.2 0    10.2 0   988.8 0
 1996 240  8 27  6 33  6.550 129.29    -4.8 0     0.4 0    -0.2 0 -9999.9 1   415.5 0   294.8 0   293.8 0   415.4 0   293.3 0   293.4 0     0.0 0     0.0 0     0.0 0     0.0 0     0.0 0    19.7 0    93.8 0     2.8 0     6.6 0   988.8 0
 1996 240  8 27  6 36  6.600 129.17    -5.4 0     0.2 0     0.2 0 -9999.9 1   414.0 0   294.7 0   293.8 0   416.2 0   293.3 0   293.3 0     0.0 0     0.0 0     0.0 0    -2.3 0    -2.3 0    19.7 0    93.4 0     1.7 0   309.6 0   988.9 0
 1996 240  8 27  6 39  6.650 129.04    -6.1 0     0.3 0     0.2 0 -9999.9 1   411.3 0   294.6 0   293.8 0   415.9 0   293.2 0   293.2 0     0.0 0     0.0 0     0.0 0    -4.6 0    -4.6 0    19.9 0    93.1 0     1.4 0   257.2 0   989.0 0
 1996 240  8 27  6 42  6.700 128.91    -6.4 0     0.3 0     0.2 0 -9999.9 1   411.3 0   294.6 0   293.8 0   415.7 0   293.1 0   293.1 0     0.0 0     0.0 0     0.0 0    -4.4 0    -4.4 0    19.9 0    93.1 0     1.6 0   316.2 0   988.9 0
 1996 240  8 27  6 45  6.750 128.76    -6.5 0     0.3 0     0.2 0 -9999.9 1   411.3 0   294.6 0   293.8 0   415.8 0   293.0 0   293.0 0     0.0 0     0.0 0     0.0 0    -4.6 0    -4.6 0    19.7 0    93.6 0     2.3 0   312.9 0   988.9 0
 1996 240  8 27  6 48  6.800 128.60    -6.1 0     0.3 0     0.1 0 -9999.9 1   411.8 0   294.6 0   293.7 0   415.4 0   292.9 0   293.0 0     0.0 0     0.0 0     0.0 0    -3.5 0    -3.5 0    19.2 0    93.7 0     3.9 0   291.0 0   989.0 0
 1996 240  8 27  6 51  6.850 128.44    -6.1 0     0.4 0     0.0 0 -9999.9 1   408.9 0   294.6 0   293.7 0   415.1 0   292.9 0   292.9 0     0.0 0     0.0 0     0.0 0    -6.2 0    -6.2 0    19.2 0    93.7 0     5.0 0   258.0 0   989.3 0
 1996 240  8 27  6 54  6.900 128.26    -5.5 0     0.7 0    -0.6 0 -9999.9 1   408.1 0   294.5 0   293.4 0   413.5 0   292.8 0   292.8 0     0.0 0     0.0 0     0.0 0    -5.4 0    -5.4 0    19.5 0    93.4 0     6.0 0   243.3 0   989.5 0
 1996 240  8 27  6 57  6.950 128.08    -5.6 0     0.4 0     0.1 0 -9999.9 1   409.8 0   294.4 0   293.4 0   414.1 0   292.7 0   292.7 0     0.0 0     0.1 0     0.0 0    -4.3 0    -4.3 0    19.7 0    93.4 0     5.8 0   236.9 0   989.5 0
 1996 240  8 27  7  0  7.000 127.89    -5.4 0     0.4 0     0.1 0 -9999.9 1   407.6 0   294.3 0   293.3 0   413.7 0   292.6 0   292.6 0     0.0 0     0.0 0     0.0 0    -6.1 0    -6.1 0    19.4 0    93.6 0     7.8 0   221.0 0   989.4 0
 1996 240  8 27  7  3  7.050 127.69    -5.3 0     0.0 0     0.2 0 -9999.9 1   408.4 0   294.2 0   293.3 0   414.0 0   292.6 0   292.6 0     0.0 0     0.0 0     0.0 0    -5.6 0    -5.6 0    19.3 0    93.7 0     8.6 0   206.0 0   989.2 0
 1996 240  8 27  7  6  7.100 127.48    -5.2 0    -0.1 0     0.2 0 -9999.9 1   408.6 0   294.2 0   293.3 0   414.3 0   292.6 0   292.6 0     0.0 0     0.1 0     0.0 0    -5.8 0    -5.8 0    19.6 0    93.6 0     6.8 0   205.1 0   989.1 0
 1996 240  8 27  7  9  7.150 127.26    -5.2 0     0.0 0     0.0 0 -9999.9 1   407.3 0   294.2 0   293.3 0   414.0 0   292.6 0   292.6 0     0.0 0     0.1 0     0.0 0    -6.7 0    -6.7 0    19.6 0    93.4 0     7.4 0   190.9 0   989.0 0
 1996 240  8 27  7 12  7.200 127.04    -5.2 0     0.1 0    -0.9 0 -9999.9 1   406.5 0   294.1 0   293.1 0   412.4 0   292.6 0   292.6 0     0.0 0     0.1 0     0.0 0    -6.0 0    -6.0 0    18.9 0    92.7 0     8.0 0   185.3 0   988.9 0
 1996 240  8 27  7 15  7.250 126.81    -5.3 0     0.2 0    -0.2 0 -9999.9 1   405.6 0   294.0 0   293.0 0   411.9 0   292.5 0   292.5 0     0.0 0     0.1 0     0.0 0    -6.2 0    -6.2 0    19.1 0    92.1 0     7.8 0   188.1 0   989.0 0
 1996 240  8 27  7 18  7.300 126.57    -5.5 0     0.6 0    -0.4 0 -9999.9 1   403.5 0   293.9 0   292.8 0   409.9 0   292.4 0   292.4 0     0.0 0     0.1 0     0.0 0    -6.4 0    -6.4 0    19.0 0    91.3 0     6.0 0   191.1 0   989.1 0
 1996 240  8 27  7 21  7.350 126.32    -5.3 0     0.8 0    -1.0 0 -9999.9 1   401.8 0   293.7 0   292.6 0   408.0 0   292.3 0   292.2 0     0.0 0     0.1 0     0.0 0    -6.3 0    -6.3 0    18.9 0    90.1 0     6.9 0   186.4 0   989.1 0
 1996 240  8 27  7 24  7.400 126.06    -5.3 0     0.8 0    -0.4 0 -9999.9 1   399.9 0   293.5 0   292.4 0   407.1 0   292.1 0   292.1 0     0.0 0     0.1 0     0.0 0    -7.2 0    -7.2 0    18.5 0    89.2 0     5.6 0   194.7 0   989.0 0
 1996 240  8 27  7 27  7.450 125.80    -5.9 0     0.7 0     0.1 0 -9999.9 1   398.2 0   293.3 0   292.3 0   406.8 0   291.9 0   291.9 0     0.0 0     0.1 0     0.0 0    -8.6 0    -8.6 0    18.6 0    89.1 0     4.8 0   196.4 0   989.0 0
 1996 240  8 27  7 30  7.500 125.53    -6.3 0     0.6 0     0.2 0 -9999.9 1   397.0 0   293.2 0   292.3 0   406.7 0   291.8 0   291.8 0     0.0 0     0.0 0     0.0 0    -9.7 0    -9.7 0    18.3 0    89.3 0     4.5 0   205.4 0   989.0 0
 1996 240  8 27  7 33  7.550 125.25    -6.7 0     0.2 0     0.4 0 -9999.9 1   396.8 0   293.1 0   292.3 0   407.5 0   291.7 0   291.7 0     0.0 0     0.1 0     0.0 0   -10.7 0   -10.7 0    18.3 0    89.2 0     3.5 0   209.2 0   988.9 0
 1996 240  8 27  7 36  7.600 124.96    -7.2 0     0.2 0     0.4 0 -9999.9 1   395.7 0   293.1 0   292.4 0   407.4 0   291.6 0   291.7 0     0.0 0     0.1 0     0.0 0   -11.7 0   -11.7 0    18.7 0    89.2 0     2.0 0   198.1 0   988.8 0
 1996 240  8 27  7 39  7.650 124.67    -7.6 0     0.2 0     0.4 0 -9999.9 1   396.7 0   293.1 0   292.4 0   408.0 0   291.6 0   291.6 0     0.0 0     0.0 0     0.0 0   -11.3 0   -11.3 0    18.6 0    89.5 0     2.0 0   185.8 0   988.8 0
 1996 240  8 27  7 42  7.700 124.37    -7.7 0    -0.1 0     0.4 0 -9999.9 1   397.7 0   293.2 0   292.5 0   409.0 0   291.5 0   291.6 0     0.0 0     0.0 0     0.0 0   -11.3 0   -11.3 0    19.0 0    89.3 0     2.9 0   188.1 0   988.8 0
 1996 240  8 27  7 45  7.750 124.06    -7.7 0    -0.1 0     0.5 0 -9999.9 1   397.7 0   293.2 0   292.6 0   409.1 0   291.6 0   291.6 0     0.0 0     0.0 0     0.0 0   -11.3 0   -11.3 0    18.7 0    89.4 0     3.7 0   209.6 0   988.7 0
 1996 240  8 27  7 48  7.800 123.75    -7.6 0    -0.7 0     0.6 0 -9999.9 1   397.8 0   293.3 0   292.6 0   409.6 0   291.6 0   291.7 0     0.0 0     0.0 0     0.0 0   -11.8 0   -11.8 0    18.8 0    88.6 0     4.8 0   208.9 0   988.8 0
 1996 240  8 27  7 51  7.850 123.42    -7.4 0    -0.5 0     0.4 0 -9999.9 1   397.2 0   293.3 0   292.6 0   409.1 0   291.7 0   291.8 0     0.0 0     0.0 0     0.0 0   -12.0 0   -12.0 0    19.1 0    88.0 0     4.3 0   211.8 0   988.8 0
 1996 240  8 27  7 54  7.900 123.10    -7.2 0     0.0 0     0.3 0 -9999.9 1   395.2 0   293.4 0   292.6 0   408.4 0   291.8 0   291.8 0     0.0 0     0.0 0     0.0 0   -13.2 0   -13.2 0    19.4 0    88.3 0     4.2 0   212.5 0   988.8 0
 1996 240  8 27  7 57  7.950 122.76    -7.2 0     0.1 0     0.3 0 -9999.9 1   395.5 0   293.4 0   292.7 0   408.6 0   291.7 0   291.8 0     0.0 0     0.0 0     0.0 0   -13.0 0   -13.0 0    18.7 0    89.2 0     4.0 0   212.4 0   988.8 0
 1996 240  8 27  8  0  8.000 122.42    -7.2 0     0.0 0     0.3 0 -9999.9 1   396.0 0   293.4 0   292.7 0   408.5 0   291.7 0   291.7 0     0.0 0     0.0 0     0.0 0   -12.5 0   -12.5 0    18.7 0    89.6 0     3.9 0   201.3 0   988.7 0
 1996 240  8 27  8  3  8.050 122.08    -7.5 0     0.0 0     0.2 0 -9999.9 1   395.9 0   293.5 0   292.7 0   408.7 0   291.7 0   291.7 0     0.0 0     0.0 0     0.0 0   -12.8 0   -12.8 0    18.8 0    89.8 0     3.6 0   196.4 0   988.6 0
 1996 240  8 27  8  6  8.100 121.72    -7.6 0    -0.1 0     0.3 0 -9999.9 1   396.1 0   293.5 0   292.8 0   409.3 0   291.7 0   291.7 0     0.0 0     0.0 0     0.0 0   -13.1 0   -13.1 0    18.7 0    90.1 0     4.0 0   194.4 0   988.6 0
 1996 240  8 27  8  9  8.150 121.37    -7.6 0    -0.2 0     0.3 0 -9999.9 1   394.5 0   293.5 0   292.8 0   409.1 0   291.7 0   291.7 0     0.0 0     0.0 0     0.0 0   -14.7 0   -14.7 0    18.9 0    89.9 0     3.3 0   225.6 0   988.7 0
 1996 240  8 27  8 12  8.200 121.00    -7.6 0     0.2 0     0.2 0 -9999.9 1   392.0 0   293.6 0   292.9 0   408.4 0   291.7 0   291.7 0     0.0 0     0.0 0     0.0 0   -16.4 0   -16.4 0    19.1 0    90.5 0     3.3 0   243.3 0   988.7 0
 1996 240  8 27  8 15  8.250 120.63    -7.6 0     0.0 0     0.2 0 -9999.9 1   392.8 0   293.6 0   292.9 0   408.5 0   291.6 0   291.6 0     0.0 0     0.0 0     0.0 0   -15.7 0   -15.7 0    18.6 0    91.3 0     3.3 0   229.7 0   988.8 0
 1996 240  8 27  8 18  8.300 120.25    -7.6 0     0.0 0     0.2 0 -9999.9 1   392.9 0   293.6 0   292.9 0   409.1 0   291.6 0   291.6 0     0.0 0     0.0 0     0.0 0   -16.2 0   -16.2 0    18.5 0    91.7 0     3.1 0   219.6 0   988.8 0
 1996 240  8 27  8 21  8.350 119.87    -7.6 0    -0.2 0     0.2 0 -9999.9 1   392.7 0   293.7 0   293.0 0   409.5 0   291.6 0   291.6 0     0.0 0     0.0 0     0.0 0   -16.8 0   -16.8 0    19.0 0    91.4 0     3.1 0   226.1 0   988.8 0
 1996 240  8 27  8 24  8.400 119.49    -7.7 0     0.0 0     0.2 0 -9999.9 1   392.2 0   293.7 0   293.1 0   409.6 0   291.6 0   291.6 0     0.0 0     0.0 0     0.0 0   -17.4 0   -17.4 0    18.7 0    91.3 0     2.0 0   237.3 0   988.8 0
 1996 240  8 27  8 27  8.450 119.10    -7.7 0     0.1 0     0.2 0 -9999.9 1   391.0 0   293.8 0   293.2 0   409.0 0   291.6 0   291.6 0     0.0 0    -0.1 0     0.0 0   -18.1 0   -18.1 0    18.8 0    91.5 0     1.7 0   307.1 0   989.0 0
 1996 240  8 27  8 30  8.500 118.70    -7.6 0     0.2 0     0.2 0 -9999.9 1   389.0 0   293.8 0   293.2 0   408.7 0   291.5 0   291.6 0     0.0 0    -0.1 0     0.0 0   -19.8 0   -19.8 0    18.6 0    92.3 0     3.7 0     8.5 0   989.2 0
 1996 240  8 27  8 33  8.550 118.30    -7.4 0     0.1 0     0.3 0 -9999.9 1   388.9 0   293.8 0   293.2 0   409.0 0   291.5 0   291.5 0     0.0 0    -0.1 0     0.0 0   -20.1 0   -20.1 0    18.6 0    93.0 0     5.1 0     1.3 0   989.2 0
 1996 240  8 27  8 36  8.600 117.89    -7.3 0    -0.1 0     0.2 0 -9999.9 1   390.3 0   293.8 0   293.2 0   409.1 0   291.5 0   291.6 0     0.0 0    -0.2 0     0.0 0   -18.8 0   -18.8 0    18.3 0    93.0 0     4.0 0   331.2 0   989.3 0
 1996 240  8 27  8 39  8.650 117.48    -7.2 0    -0.3 0     0.2 0 -9999.9 1   392.9 0   293.8 0   293.2 0   409.4 0   291.6 0   291.6 0     0.0 0    -0.1 0     0.0 0   -16.5 0   -16.5 0    18.7 0    92.4 0     2.8 0   307.0 0   989.2 0
 1996 240  8 27  8 42  8.700 117.06    -7.3 0     0.0 0     0.1 0 -9999.9 1   392.4 0   293.8 0   293.2 0   409.2 0   291.6 0   291.6 0     0.0 0    -0.1 0     0.0 0   -16.9 0   -16.9 0    18.6 0    92.1 0     2.3 0   290.0 0   989.2 0
 1996 240  8 27  8 45  8.750 116.64    -7.3 0     0.0 0     0.1 0 -9999.9 1   392.1 0   293.9 0   293.3 0   409.1 0   291.6 0   291.6 0     0.0 0    -0.1 0     0.0 0   -17.0 0   -17.0 0    18.8 0    92.0 0     2.2 0   283.2 0   989.2 0
 1996 240  8 27  8 48  8.800 116.21    -7.4 0     0.1 0     0.1 0 -9999.9 1   392.1 0   293.9 0   293.4 0   408.8 0   291.6 0   291.6 0     0.0 0    -0.1 0     0.0 0   -16.7 0   -16.7 0    18.6 0    92.3 0     1.4 0   289.1 0   989.2 0
 1996 240  8 27  8 51  8.850 115.78    -7.3 0     0.1 0     0.1 0 -9999.9 1   391.4 0   294.0 0   293.4 0   408.9 0   291.5 0   291.5 0     0.0 0    -0.1 0     0.0 0   -17.5 0   -17.5 0    18.0 0    93.0 0     0.9 0   290.6 0   989.1 0
 1996 240  8 27  8 54  8.900 115.35    -7.1 0     0.2 0     0.2 0 -9999.9 1   391.1 0   294.0 0   293.5 0   409.1 0   291.5 0   291.5 0     0.0 0    -0.1 0     0.0 0   -17.9 0   -17.9 0    18.9 0    92.8 0     1.2 0   303.6 0   989.0 0
 1996 240  8 27  8 57  8.950 114.91    -7.0 0     0.1 0     0.0 0 -9999.9 1   391.4 0   294.0 0   293.6 0   409.2 0   291.4 0   291.5 0     0.0 0    -0.1 0     0.0 0   -17.7 0   -17.7 0    18.1 0    93.2 0     0.9 0   338.5 0   988.9 0
 1996 240  8 27  9  0  9.000 114.46    -6.9 0     0.1 0     0.1 0 -9999.9 1   392.0 0   294.1 0   293.6 0   409.4 0   291.4 0   291.4 0     0.0 0    -0.1 0     0.0 0   -17.4 0   -17.4 0    18.1 0    93.4 0     0.8 0   320.4 0   988.9 0
 1996 240  8 27  9  3  9.050 114.01    -6.9 0     0.1 0     0.1 0 -9999.9 1   392.2 0   294.1 0   293.6 0   409.6 0   291.4 0   291.4 0     0.0 0    -0.1 0     0.0 0   -17.4 0   -17.4 0    18.2 0    93.4 0     1.1 0   318.1 0   988.8 0
 1996 240  8 27  9  6  9.100 113.56    -7.0 0     0.1 0     0.1 0 -9999.9 1   392.0 0   294.1 0   293.7 0   409.8 0   291.3 0   291.4 0     0.0 0    -0.1 0     0.0 0   -17.8 0   -17.8 0    18.4 0    93.4 0     1.2 0   321.9 0   988.9 0
 1996 240  8 27  9  9  9.150 113.11    -6.9 0     0.1 0     0.1 0 -9999.9 1   391.6 0   294.2 0   293.7 0   409.4 0   291.3 0   291.4 0     0.0 0    -0.2 0     0.0 0   -17.8 0   -17.8 0    18.4 0    93.3 0     1.6 0   317.0 0   989.0 0
 1996 240  8 27  9 12  9.200 112.65    -7.0 0     0.1 0     0.1 0 -9999.9 1   391.4 0   294.2 0   293.7 0   409.2 0   291.3 0   291.3 0     0.0 0    -0.1 0     0.0 0   -17.8 0   -17.8 0    18.5 0    93.3 0     1.4 0   319.8 0   989.1 0
 1996 240  8 27  9 15  9.250 112.18    -7.0 0     0.1 0     0.1 0 -9999.9 1   391.9 0   294.2 0   293.8 0   409.5 0   291.3 0   291.3 0     0.0 0    -0.1 0     0.0 0   -17.6 0   -17.6 0    18.4 0    93.5 0     0.6 0   325.6 0   989.1 0
 1996 240  8 27  9 18  9.300 111.72    -6.9 0     0.1 0     0.1 0 -9999.9 1   393.1 0   294.2 0   293.8 0   409.6 0   291.3 0   291.3 0     0.0 0    -0.2 0     0.0 0   -16.5 0   -16.5 0    18.3 0    93.8 0     1.0 0   326.6 0   989.1 0
 1996 240  8 27  9 21  9.350 111.25    -6.8 0     0.1 0     0.1 0 -9999.9 1   394.3 0   294.2 0   293.7 0   409.6 0   291.3 0   291.3 0     0.0 0    -0.1 0     0.0 0   -15.3 0   -15.3 0    18.2 0    94.1 0     1.1 0   336.3 0   989.1 0
 1996 240  8 27  9 24  9.400 110.77    -6.8 0     0.0 0     0.1 0 -9999.9 1   394.8 0   294.2 0   293.7 0   409.6 0   291.2 0   291.3 0     0.0 0    -0.1 0     0.0 0   -14.8 0   -14.8 0    18.0 0    94.2 0     1.2 0   344.0 0   989.0 0
 1996 240  8 27  9 27  9.450 110.30    -6.8 0     0.1 0     0.0 0 -9999.9 1   394.1 0   294.2 0   293.6 0   409.4 0   291.2 0   291.3 0     0.0 0    -0.1 0     0.0 0   -15.3 0   -15.3 0    18.4 0    94.2 0     1.9 0    39.0 0   989.0 0
 1996 240  8 27  9 30  9.500 109.82    -6.9 0     0.0 0     0.0 0 -9999.9 1   392.9 0   294.2 0   293.4 0   408.9 0   291.2 0   291.3 0     0.0 0    -0.2 0     0.0 0   -16.0 0   -16.0 0    18.2 0    94.5 0     3.2 0    53.7 0   989.0 0
 1996 240  8 27  9 33  9.550 109.33    -6.9 0     0.0 0     0.1 0 -9999.9 1   394.4 0   294.2 0   293.3 0   409.0 0   291.2 0   291.3 0     0.0 0    -0.1 0     0.0 0   -14.6 0   -14.6 0    18.2 0    94.8 0     3.7 0    50.5 0   989.1 0
 1996 240  8 27  9 36  9.600 108.85    -6.8 0     0.0 0     0.1 0 -9999.9 1   393.8 0   294.1 0   293.3 0   408.8 0   291.2 0   291.3 0     0.0 0    -0.1 0     0.0 0   -15.0 0   -15.0 0    18.2 0    95.0 0     4.0 0    47.4 0   989.2 0
 1996 240  8 27  9 39  9.650 108.36    -6.6 0     0.0 0     0.1 0 -9999.9 1   393.1 0   294.1 0   293.3 0   408.7 0   291.2 0   291.3 0     0.0 0    -0.1 0     0.0 0   -15.6 0   -15.6 0    18.3 0    95.1 0     4.4 0    44.1 0   989.3 0
 1996 240  8 27  9 42  9.700 107.86    -6.4 0     0.0 0     0.1 0 -9999.9 1   393.2 0   294.1 0   293.3 0   408.8 0   291.2 0   291.3 0     0.0 0    -0.1 0     0.0 0   -15.6 0   -15.6 0    18.2 0    95.4 0     3.7 0    40.6 0   989.3 0
 1996 240  8 27  9 45  9.750 107.37    -6.5 0     0.0 0     0.2 0 -9999.9 1   393.0 0   294.0 0   293.3 0   409.0 0   291.3 0   291.3 0     0.0 0    -0.1 0     0.0 0   -16.1 0   -16.1 0    18.4 0    95.4 0     3.1 0    46.1 0   989.4 0
 1996 240  8 27  9 48  9.800 106.87    -6.6 0     0.0 0     0.1 0 -9999.9 1   392.6 0   294.0 0   293.3 0   409.2 0   291.3 0   291.3 0     0.0 0    -0.1 0     0.0 0   -16.5 0   -16.5 0    18.3 0    95.6 0     2.7 0    58.4 0   989.5 0
 1996 240  8 27  9 51  9.850 106.37    -6.7 0    -0.1 0     0.1 0 -9999.9 1   392.4 0   294.1 0   293.4 0   409.4 0   291.3 0   291.4 0     0.0 0    -0.1 0     0.0 0   -17.0 0   -17.0 0    18.2 0    95.6 0     4.0 0    55.7 0   989.5 0
 1996 240  8 27  9 54  9.900 105.86    -6.5 0    -0.2 0     0.2 0 -9999.9 1   391.7 0   294.1 0   293.4 0   409.5 0   291.4 0   291.4 0     0.0 0    -0.1 0     0.0 0   -17.7 0   -17.7 0    18.4 0    95.5 0     4.5 0    53.7 0   989.5 0
 1996 240  8 27  9 57  9.950 105.35    -6.4 0    -0.1 0     0.2 0 -9999.9 1   391.3 0   294.1 0   293.4 0   409.6 0   291.4 0   291.4 0     0.0 0    -0.1 0     0.0 0   -18.3 0   -18.3 0    18.2 0    95.6 0     3.8 0    57.6 0   989.5 0
 1996 240  8 27 10  0 10.000 104.84    -6.4 0    -0.2 0     0.2 0 -9999.9 1   390.9 0   294.1 0   293.5 0   409.6 0   291.4 0   291.5 0     0.0 0     0.0 0     0.0 0   -18.7 0   -18.7 0    18.5 0    95.4 0     4.2 0    55.2 0   989.5 0
 1996 240  8 27 10  3 10.050 104.33    -6.3 0    -0.2 0     0.2 0 -9999.9 1   390.4 0   294.2 0   293.6 0   409.9 0   291.5 0   291.5 0     0.0 0     0.0 0     0.0 0   -19.5 0   -19.5 0    18.5 0    95.5 0     3.9 0    44.7 0   989.6 0
 1996 240  8 27 10  6 10.100 103.82    -6.3 0    -0.1 0     0.2 0 -9999.9 1   390.3 0   294.2 0   293.7 0   410.0 0   291.5 0   291.6 0     0.0 0    -0.1 0     0.0 0   -19.7 0   -19.7 0    18.5 0    95.4 0     3.5 0    41.1 0   989.6 0
 1996 240  8 27 10  9 10.150 103.30    -6.3 0    -0.1 0     0.2 0 -9999.9 1   390.0 0   294.3 0   293.8 0   410.0 0   291.5 0   291.6 0     0.0 0    -0.1 0     0.0 0   -20.1 0   -20.1 0    18.4 0    95.5 0     3.0 0    38.6 0   989.7 0
 1996 240  8 27 10 12 10.200 102.78    -6.3 0    -0.1 0     0.2 0 -9999.9 1   389.9 0   294.3 0   293.9 0   410.3 0   291.6 0   291.6 0     0.0 0    -0.1 0     0.0 0   -20.4 0   -20.4 0    18.6 0    95.4 0     3.4 0    43.6 0   989.7 0
 1996 240  8 27 10 15 10.250 102.26    -6.3 0    -0.1 0     0.3 0 -9999.9 1   390.0 0   294.4 0   293.9 0   410.4 0   291.6 0   291.7 0     0.0 0     0.0 0     0.0 0   -20.4 0   -20.4 0    18.7 0    95.4 0     3.5 0    43.8 0   989.7 0
 1996 240  8 27 10 18 10.300 101.74    -6.2 0    -0.1 0     0.3 0 -9999.9 1   390.2 0   294.4 0   294.0 0   410.6 0   291.7 0   291.7 0     0.0 0    -0.1 0     0.0 0   -20.4 0   -20.4 0    18.6 0    95.4 0     3.4 0    40.9 0   989.7 0
 1996 240  8 27 10 21 10.350 101.21    -6.2 0    -0.1 0     0.2 0 -9999.9 1   390.4 0   294.5 0   294.1 0   410.6 0   291.7 0   291.8 0     0.0 0    -0.1 0     0.0 0   -20.2 0   -20.2 0    18.8 0    95.3 0     3.1 0    43.4 0   989.7 0
 1996 240  8 27 10 24 10.400 100.68    -6.2 0    -0.1 0     0.3 0 -9999.9 1   390.4 0   294.6 0   294.1 0   410.9 0   291.7 0   291.8 0     0.0 0    -0.1 0     0.0 0   -20.5 0   -20.5 0    18.5 0    95.3 0     3.1 0    44.1 0   989.7 0
 1996 240  8 27 10 27 10.450 100.15    -6.1 0    -0.1 0     0.3 0 -9999.9 1   390.1 0   294.6 0   294.2 0   410.9 0   291.8 0   291.8 0     0.0 0     0.0 0     0.0 0   -20.8 0   -20.8 0    18.7 0    95.2 0     3.3 0    40.1 0   989.6 0
 1996 240  8 27 10 30 10.500  99.62    -6.1 0    -0.1 0     0.3 0 -9999.9 1   389.6 0   294.7 0   294.2 0   410.9 0   291.8 0   291.8 0     0.0 0    -0.1 0     0.0 0   -21.3 0   -21.3 0    18.5 0    95.3 0     2.9 0    33.2 0   989.7 0
 1996 240  8 27 10 33 10.550  99.09    -6.0 0     0.0 0     0.2 0 -9999.9 1   389.9 0   294.7 0   294.3 0   411.0 0   291.8 0   291.9 0     0.0 0    -0.1 0     0.0 0   -21.1 0   -21.1 0    18.9 0    95.1 0     2.4 0    21.5 0   989.8 0
 1996 240  8 27 10 36 10.600  98.55    -5.8 0     0.0 0     0.2 0 -9999.9 1   389.6 0   294.8 0   294.4 0   411.1 0   291.8 0   291.9 0     0.0 0     0.0 0     0.0 0   -21.5 0   -21.5 0    18.8 0    95.2 0     2.3 0    15.0 0   989.8 0
 1996 240  8 27 10 39 10.650  98.01    -5.7 0     0.0 0     0.2 0 -9999.9 1   388.5 0   294.8 0   294.4 0   411.0 0   291.9 0   291.9 0     0.0 0    -0.1 0     0.0 0   -22.4 0   -22.4 0    18.8 0    95.2 0     2.0 0     6.3 0   989.8 0
 1996 240  8 27 10 42 10.700  97.47    -5.6 0     0.0 0     0.1 0 -9999.9 1   388.0 0   294.9 0   294.4 0   410.8 0   291.9 0   291.9 0     0.0 0    -0.1 0     0.0 0   -22.8 0   -22.8 0    18.8 0    95.3 0     1.5 0   358.8 0   989.7 0
 1996 240  8 27 10 45 10.750  96.93    -5.5 0     0.1 0     0.1 0 -9999.9 1   388.2 0   294.9 0   294.5 0   410.9 0   291.9 0   291.9 0     0.0 0    -0.1 0     0.0 0   -22.7 0   -22.7 0    18.9 0    95.3 0     1.0 0     6.4 0   989.7 0
 1996 240  8 27 10 48 10.800  96.39    -5.3 0     0.1 0     0.1 0 -9999.9 1   386.9 0   294.9 0   294.6 0   410.8 0   291.9 0   291.9 0     0.0 0    -0.1 0     0.0 0   -23.9 0   -23.9 0    18.8 0    95.4 0     1.1 0   356.6 0   989.7 0
 1996 240  8 27 10 51 10.850  95.85    -5.2 0     0.1 0     0.1 0 -9999.9 1   385.7 0   295.0 0   294.6 0   410.6 0   291.8 0   291.9 0     0.0 0    -0.1 0     0.0 0   -24.9 0   -24.9 0    18.7 0    95.6 0     1.1 0     2.8 0   989.6 0
 1996 240  8 27 10 54 10.900  95.30    -5.1 0     0.1 0     0.1 0 -9999.9 1   384.7 0   295.0 0   294.6 0   410.4 0   291.8 0   291.9 0     0.0 0    -0.1 0     0.0 0   -25.8 0   -25.8 0    18.8 0    95.6 0     0.2 0    46.6 0   989.5 0
 1996 240  8 27 10 57 10.950  94.75    -5.0 0     0.1 0     0.1 0 -9999.9 1   382.4 0   295.0 0   294.6 0   410.2 0   291.8 0   291.8 0     0.0 0     0.0 0     0.0 0   -27.8 0   -27.8 0    18.9 0    95.7 0     0.1 0    61.4 0   989.4 0
 1996 240  8 27 11  0 11.000  94.20    -4.7 0     0.1 0     0.0 0 -9999.9 1   377.7 0   295.0 0   294.6 0   409.9 0   291.8 0   291.8 0     0.0 0     0.0 0     0.0 0   -32.2 0   -32.2 0    18.3 0    96.1 0     0.6 0    88.1 0   989.4 0
 1996 240  8 27 11  3 11.050  93.65    -4.4 0     0.1 0     0.1 0 -9999.9 1   374.7 0   295.1 0   294.7 0   409.5 0   291.8 0   291.8 0     0.0 0     0.0 0     0.0 0   -34.8 0   -34.8 0    18.6 0    96.0 0     0.1 0    48.8 0   989.5 0
 1996 240  8 27 11  6 11.100  93.10    -4.1 0     0.1 0     0.1 0 -9999.9 1   371.5 0   295.1 0   294.7 0   408.9 0   291.8 0   291.8 0     0.0 0     0.1 0     0.0 0   -37.4 0   -37.4 0    18.6 0    95.9 0     0.8 0    31.3 0   989.5 0
 1996 240  8 27 11  9 11.150  92.55    -3.6 0     0.1 0     0.0 0 -9999.9 1   367.3 0   295.1 0   294.7 0   408.4 0   291.7 0   291.8 0     0.0 0     0.2 0     0.0 0   -41.1 0   -41.1 0    18.6 0    96.1 0     0.7 0    44.1 0   989.5 0
 1996 240  8 27 11 12 11.200  91.99    -3.2 0     0.1 0     0.0 0 -9999.9 1   363.7 0   295.1 0   294.6 0   407.9 0   291.7 0   291.7 0     0.0 0     0.4 0     0.0 0   -44.2 0   -44.2 0    18.6 0    96.0 0     0.8 0    82.0 0   989.5 0
 1996 240  8 27 11 15 11.250  91.44    -2.7 0     0.1 0    -0.1 0 -9999.9 1   363.3 0   295.0 0   294.6 0   407.2 0   291.7 0   291.7 0     0.0 0     0.7 0     0.0 0   -43.9 0   -43.9 0    18.6 0    96.1 0     0.2 0    90.7 0   989.5 0
 1996 240  8 27 11 18 11.300  90.88    -2.1 0     0.1 0     0.0 0 -9999.9 1   364.4 0   295.0 0   294.5 0   407.0 0   291.6 0   291.7 0     0.0 0     1.0 0     0.0 0   -42.6 0   -42.6 0    18.6 0    96.2 0     0.1 0    78.9 0   989.4 0
 1996 240  8 27 11 21 11.350  89.69    -1.3 0     0.1 0     0.0 0 -9999.9 1   365.6 0   295.0 0   294.5 0   406.8 0   291.6 0   291.6 0     0.2 0     1.3 0     0.0 0   -41.2 0   -41.2 0    18.6 0    96.2 0     0.1 0    65.8 0   989.4 0
 1996 240  8 27 11 24 11.400  89.25    -0.7 0     0.2 0     0.0 0 -9999.9 1   367.6 0   294.9 0   294.4 0   406.6 0   291.6 0   291.6 0     0.3 0     1.7 0     0.0 0   -39.0 0   -39.0 0    18.6 0    96.2 0     0.1 0    50.8 0   989.5 0
 1996 240  8 27 11 27 11.450  88.78    -0.2 0     0.3 0     0.1 0 -9999.9 1   370.0 0   294.9 0   294.4 0   406.7 0   291.6 0   291.6 0     0.3 0     2.0 0     0.0 0   -36.7 0   -36.7 0    18.3 0    96.4 0     0.1 0    45.0 0   989.5 0
 1996 240  8 27 11 30 11.500  88.29     0.2 0     0.3 0     0.2 0 -9999.9 1   371.9 0   294.8 0   294.4 0   407.0 0   291.5 0   291.6 0     0.4 0     2.3 0     0.0 0   -35.1 0   -35.1 0    18.5 0    96.2 0     0.1 0    45.5 0   989.6 0
 1996 240  8 27 11 33 11.550  87.78     0.8 0     0.3 0     0.2 0 -9999.9 1   371.5 0   294.8 0   294.4 0   407.2 0   291.5 0   291.5 0     0.5 0     2.6 0     0.5 0   -35.7 0   -35.2 0    18.4 0    96.3 0     0.3 0   119.8 0   989.6 0
 1996 240  8 27 11 36 11.600  87.25     1.4 0     0.3 0     0.1 0 -9999.9 1   371.1 0   294.8 0   294.4 0   407.6 0   291.5 0   291.5 0     0.6 0     3.0 0     1.1 0   -36.4 0   -35.3 0    19.0 0    96.2 0     0.3 0   115.7 0   989.7 0
 1996 240  8 27 11 39 11.650  86.72     2.2 0     0.3 0     0.1 0 -9999.9 1   369.7 0   294.8 0   294.4 0   407.7 0   291.5 0   291.5 0     0.7 0     3.4 0     1.9 0   -38.0 0   -36.0 0    18.8 0    96.3 0     0.3 0   103.2 0   989.8 0
 1996 240  8 27 11 42 11.700  86.18     3.0 0     0.4 0     0.1 0 -9999.9 1   368.3 0   294.8 0   294.4 0   407.6 0   291.4 0   291.5 0     0.8 0     3.7 0     2.6 0   -39.3 0   -36.7 0    18.5 0    96.4 0     0.3 0   102.2 0   989.8 0
 1996 240  8 27 11 45 11.750  85.64     4.0 0     0.5 0     0.1 0 -9999.9 1   368.6 0   294.8 0   294.4 0   407.3 0   291.4 0   291.5 0     1.0 0     4.3 0     3.5 0   -38.7 0   -35.2 0    18.5 0    96.4 0     0.1 0    63.5 0   989.8 0
 1996 240  8 27 11 48 11.800  85.09     5.4 0     0.6 0     0.2 0 -9999.9 1   370.5 0   294.8 0   294.4 0   407.6 0   291.4 0   291.5 0     1.1 0     4.9 0     4.7 0   -37.1 0   -32.4 0    18.6 0    96.4 0     0.1 0    63.4 0   989.8 0
 1996 240  8 27 11 51 11.850  84.54     6.9 0     0.8 0     0.1 0 -9999.9 1   370.6 0   294.8 0   294.4 0   407.8 0   291.4 0   291.4 0     1.3 0     5.6 0     6.1 0   -37.2 0   -31.1 0    18.5 0    96.4 0     0.1 0    58.3 0   989.8 0
 1996 240  8 27 11 54 11.900  83.98    10.1 0     1.4 0     0.1 0 -9999.9 1   369.9 0   294.8 0   294.5 0   407.9 0   291.4 0   291.4 0     1.5 0     6.9 0     8.7 0   -38.0 0   -29.2 0    18.7 0    96.3 0     0.1 0    18.5 0   989.9 0
 1996 240  8 27 11 57 11.950  83.42    14.7 0     2.5 0     0.1 0 -9999.9 1   369.9 0   294.8 0   294.5 0   408.1 0   291.4 0   291.5 0     1.7 0     8.6 0    12.2 0   -38.1 0   -25.9 0    18.6 0    96.4 0     0.4 0   340.1 0   989.9 0
 1996 240  8 27 12  0 12.000  82.86    22.5 0     4.3 0     0.2 0 -9999.9 1   370.2 0   294.9 0   294.4 0   407.4 0   291.4 0   291.4 0     1.9 0    11.4 0    18.3 0   -37.2 0   -18.9 0    18.5 0    96.4 0     0.4 0   318.8 0   990.0 0
 1996 240  8 27 12  3 12.050  82.30    30.5 0     5.8 0     0.5 0 -9999.9 1   371.2 0   294.9 0   294.5 0   408.3 0   291.4 0   291.4 0     2.2 0    14.5 0    24.7 0   -37.1 0   -12.4 0    18.5 0    96.5 0     0.4 0   331.3 0   990.0 0
 1996 240  8 27 12  6 12.100  81.74    38.1 0     7.3 0     1.0 0 -9999.9 1   371.2 0   294.9 0   294.5 0   409.3 0   291.4 0   291.5 0     2.5 0    17.7 0    30.8 0   -38.1 0    -7.3 0    18.4 0    96.7 0     0.4 0   339.0 0   990.0 0
 1996 240  8 27 12  9 12.150  81.18    47.8 0     9.5 0     1.8 0 -9999.9 1   369.6 0   294.9 0   294.6 0   410.2 0   291.4 0   291.5 0     2.9 0    22.1 0    38.3 0   -40.5 0    -2.2 0    18.5 0    96.8 0     0.8 0   352.3 0   990.0 0
 1996 240  8 27 12 12 12.200  80.61    57.6 0    11.7 0     6.0 0 -9999.9 1   365.9 0   295.0 0   294.7 0   411.4 0   291.5 0   291.6 0     3.4 0    27.1 0    45.9 0   -45.5 0     0.4 0    18.6 0    96.9 0     0.1 0     8.9 0   990.0 0
 1996 240  8 27 12 15 12.250  80.04    70.2 0    15.5 0    30.0 0 -9999.9 1   361.3 0   295.1 0   294.9 0   412.5 0   291.6 0   291.6 0     4.0 0    32.3 0    54.7 0   -51.2 0     3.5 0    18.6 0    97.0 0     0.1 0    35.0 0   990.1 0
 1996 240  8 27 12 18 12.300  79.48    96.6 0    26.0 0   148.2 0 -9999.9 1   356.3 0   295.2 0   295.2 0   413.6 0   291.6 0   291.7 0     4.5 0    38.5 0    70.6 0   -57.3 0    13.4 0    18.8 0    97.1 0     0.3 0    34.4 0   990.2 0
 1996 240  8 27 12 21 12.350  78.91   103.2 0    28.0 0   178.5 0 -9999.9 1   352.7 0   295.5 0   295.4 0   414.3 0   291.7 0   291.8 0     5.0 0    42.1 0    75.2 0   -61.6 0    13.6 0    18.7 0    97.1 0     0.1 0    63.5 0   990.2 0
 1996 240  8 27 12 24 12.400  78.34   110.3 0    29.9 0   194.8 0 -9999.9 1   352.3 0   295.7 0   295.6 0   415.1 0   291.8 0   291.9 0     5.5 0    45.8 0    80.5 0   -62.8 0    17.7 0    18.7 0    97.1 0     0.5 0    67.3 0   990.2 0
 1996 240  8 27 12 27 12.450  77.77   117.6 0    31.3 0   203.2 0 -9999.9 1   352.2 0   296.0 0   295.8 0   415.7 0   291.9 0   292.1 0     6.1 0    49.1 0    86.3 0   -63.5 0    22.8 0    18.8 0    97.2 0     0.4 0    55.5 0   990.3 0
 1996 240  8 27 12 30 12.500  77.20   126.7 0    33.7 0   213.0 0 -9999.9 1   352.6 0   296.2 0   296.1 0   416.5 0   292.0 0   292.2 0     6.7 0    53.1 0    93.0 0   -63.9 0    29.1 0    19.0 0    97.0 0     0.5 0    89.3 0   990.3 0
 1996 240  8 27 12 33 12.550  76.63   136.5 0    36.0 0   224.3 0 -9999.9 1   352.7 0   296.4 0   296.3 0   417.2 0   292.1 0   292.3 0     7.2 0    57.0 0   100.6 0   -64.6 0    36.0 0    19.0 0    97.0 0     1.1 0    79.9 0   990.3 0
 1996 240  8 27 12 36 12.600  76.06   144.7 0    37.7 0   232.1 0 -9999.9 1   352.8 0   296.6 0   296.5 0   417.8 0   292.3 0   292.4 0     7.8 0    60.4 0   107.0 0   -65.1 0    41.9 0    19.4 0    96.8 0     1.7 0    79.9 0   990.3 0
 1996 240  8 27 12 39 12.650  75.49   154.5 0    40.2 0   247.0 0 -9999.9 1   352.8 0   296.9 0   296.7 0   418.6 0   292.4 0   292.6 0     8.4 0    64.3 0   114.3 0   -65.9 0    48.5 0    18.9 0    97.0 0     1.5 0    62.2 0   990.3 0
 1996 240  8 27 12 42 12.700  74.91   161.7 0    41.7 0   251.4 0 -9999.9 1   353.2 0   297.1 0   296.9 0   419.6 0   292.5 0   292.7 0     9.1 0    67.2 0   120.0 0   -66.4 0    53.6 0    19.4 0    96.8 0     1.7 0    64.2 0   990.4 0
 1996 240  8 27 12 45 12.750  74.34   169.1 0    43.3 0   258.1 0 -9999.9 1   353.3 0   297.3 0   297.2 0   419.9 0   292.7 0   292.9 0     9.8 0    70.3 0   125.8 0   -66.6 0    59.2 0    19.3 0    96.5 0     1.8 0    64.1 0   990.4 0
 1996 240  8 27 12 48 12.800  73.77   174.0 0    44.3 0   261.1 0 -9999.9 1   353.2 0   297.5 0   297.3 0   419.8 0   292.8 0   293.0 0    10.5 0    72.1 0   129.7 0   -66.6 0    63.1 0    19.7 0    96.0 0     2.0 0    69.2 0   990.4 0
 1996 240  8 27 12 51 12.850  73.20   180.3 0    46.0 0   264.6 0 -9999.9 1   353.4 0   297.7 0   297.5 0   419.6 0   293.0 0   293.2 0    11.2 0    74.6 0   134.3 0   -66.3 0    68.0 0    19.4 0    95.4 0     2.5 0    59.1 0   990.5 0
 1996 240  8 27 12 54 12.900  72.63   189.8 0    48.3 0   273.0 0 -9999.9 1   353.7 0   297.8 0   297.6 0   420.1 0   293.1 0   293.3 0    12.0 0    78.3 0   141.5 0   -66.3 0    75.1 0    19.8 0    94.6 0     2.2 0    52.1 0   990.5 0
 1996 240  8 27 12 57 12.950  72.06   201.3 0    51.1 0   290.0 0 -9999.9 1   354.1 0   298.0 0   297.8 0   421.3 0   293.2 0   293.4 0    12.8 0    83.2 0   150.2 0   -67.2 0    83.0 0    19.9 0    94.1 0     2.0 0    52.9 0   990.5 0
 1996 240  8 27 13  0 13.000  71.48   210.0 0    53.0 0   302.6 0 -9999.9 1   354.0 0   298.1 0   298.0 0   422.1 0   293.4 0   293.6 0    13.6 0    86.8 0   156.9 0   -68.1 0    88.9 0    20.0 0    93.6 0     2.3 0    40.9 0   990.5 0
 1996 240  8 27 13  3 13.050  70.91   216.1 0    54.2 0   301.5 0 -9999.9 1   354.1 0   298.3 0   298.2 0   423.0 0   293.5 0   293.7 0    14.4 0    89.3 0   161.9 0   -68.9 0    93.0 0    19.9 0    93.3 0     1.7 0    37.1 0   990.5 0
 1996 240  8 27 13  6 13.100  70.34   227.3 0    56.3 0   307.5 0 -9999.9 1   355.1 0   298.5 0   298.4 0   424.4 0   293.6 0   293.8 0    15.3 0    94.0 0   171.0 0   -69.3 0   101.7 0    20.1 0    93.1 0     1.9 0    14.8 0   990.5 0
 1996 240  8 27 13  9 13.150  69.77   240.9 0    59.5 0   320.9 0 -9999.9 1   355.6 0   298.7 0   298.6 0   424.5 0   293.8 0   294.0 0    16.3 0    99.8 0   181.4 0   -68.8 0   112.6 0    20.2 0    92.7 0     2.4 0    20.5 0   990.6 0
 1996 240  8 27 13 12 13.200  69.20   252.0 0    62.2 0   332.5 0 -9999.9 1   355.8 0   298.8 0   298.7 0   423.6 0   293.9 0   294.1 0    17.3 0   104.7 0   189.8 0   -67.9 0   121.9 0    20.1 0    92.0 0     3.5 0    18.4 0   990.7 0
 1996 240  8 27 13 15 13.250  68.63   258.9 0    63.8 0   334.2 0 -9999.9 1   355.8 0   299.0 0   298.9 0   423.9 0   294.0 0   294.2 0    18.3 0   107.7 0   195.2 0   -68.1 0   127.1 0    20.4 0    91.5 0     2.9 0    14.0 0   990.7 0
 1996 240  8 27 13 18 13.300  68.06   266.0 0    65.1 0   336.7 0 -9999.9 1   355.8 0   299.1 0   299.1 0   425.0 0   294.1 0   294.3 0    19.3 0   110.8 0   200.9 0   -69.2 0   131.7 0    20.4 0    91.4 0     3.2 0    12.4 0   990.7 0
 1996 240  8 27 13 21 13.350  67.49   277.6 0    68.2 0   348.2 0 -9999.9 1   355.7 0   299.3 0   299.1 0   423.8 0   294.1 0   294.3 0    20.4 0   115.9 0   209.4 0   -68.1 0   141.3 0    20.2 0    91.2 0     4.3 0    28.1 0   990.7 0
 1996 240  8 27 13 24 13.400  66.92   285.9 0    70.1 0   347.3 0 -9999.9 1   356.1 0   299.4 0   299.2 0   424.3 0   294.2 0   294.4 0    21.4 0   119.9 0   215.8 0   -68.2 0   147.6 0    20.1 0    90.9 0     3.4 0    32.5 0   990.8 0
 1996 240  8 27 13 27 13.450  66.35   295.2 0    71.3 0   349.7 0 -9999.9 1   356.7 0   299.5 0   299.3 0   426.5 0   294.2 0   294.5 0    22.5 0   124.0 0   223.9 0   -69.8 0   154.1 0    20.3 0    91.0 0     2.6 0    24.7 0   990.7 0
 1996 240  8 27 13 30 13.500  65.78   303.3 0    72.8 0   354.1 0 -9999.9 1   356.6 0   299.6 0   299.5 0   426.9 0   294.3 0   294.5 0    23.6 0   127.7 0   230.4 0   -70.3 0   160.1 0    20.4 0    91.1 0     3.2 0    25.2 0   990.7 0
 1996 240  8 27 13 33 13.550  65.22   311.4 0    74.8 0   361.5 0 -9999.9 1   361.5 0   299.6 0   299.1 0   427.4 0   294.4 0   294.6 0    24.7 0   132.4 0   236.5 0   -65.9 0   170.6 0    20.5 0    91.1 0     3.5 0    33.6 0   990.7 0
 1996 240  8 27 13 36 13.600  64.65   318.0 0    76.7 0   366.3 0 -9999.9 1   366.4 0   299.0 0   297.4 0   427.5 0   294.5 0   294.7 0    25.9 0   137.2 0   241.2 0   -61.1 0   180.2 0    20.5 0    91.1 0     3.9 0    34.5 0   990.6 0
 1996 240  8 27 13 39 13.650  64.08   325.3 0    78.9 0   368.7 0 -9999.9 1   363.0 0   298.8 0   297.8 0   428.1 0   294.5 0   294.8 0    27.1 0   142.8 0   246.3 0   -65.1 0   181.2 0    20.8 0    90.9 0     3.5 0    29.5 0   990.6 0
 1996 240  8 27 13 42 13.700  63.52   338.5 0    81.9 0   376.1 0 -9999.9 1   362.1 0   298.7 0   298.1 0   429.4 0   294.6 0   294.9 0    28.4 0   149.8 0   256.6 0   -67.3 0   189.3 0    20.6 0    90.9 0     3.5 0    28.7 0   990.7 0
 1996 240  8 27 13 45 13.750  62.95   348.7 0    84.1 0   368.9 0 -9999.9 1   362.0 0   298.8 0   298.2 0   430.0 0   294.7 0   295.0 0    29.8 0   153.3 0   264.6 0   -68.0 0   196.6 0    20.6 0    90.6 0     3.9 0    27.8 0   990.7 0
 1996 240  8 27 13 48 13.800  62.39   344.5 0    82.4 0   339.0 0 -9999.9 1   362.2 0   298.9 0   298.3 0   429.8 0   294.8 0   295.1 0    30.9 0   150.4 0   262.2 0   -67.6 0   194.6 0    20.8 0    90.2 0     4.0 0    30.0 0   990.7 0
 1996 240  8 27 13 51 13.850  61.83   269.8 0    58.1 0   160.4 0 -9999.9 1   361.1 0   298.9 0   298.3 0   428.3 0   294.9 0   295.0 0    31.2 0   129.9 0   211.6 0   -67.3 0   144.4 0    20.7 0    89.8 0     4.0 0    31.8 0   990.7 0
 1996 240  8 27 13 54 13.900  61.27   240.1 0    49.5 0    86.8 0 -9999.9 1   361.0 0   298.9 0   298.1 0   427.1 0   294.9 0   295.0 0    30.9 0   119.3 0   190.6 0   -66.0 0   124.6 0    20.7 0    89.7 0     3.7 0    42.7 0   990.8 0
 1996 240  8 27 13 57 13.950  60.71   304.2 0    66.7 0   189.2 0 -9999.9 1   363.8 0   298.9 0   298.3 0   428.8 0   294.9 0   295.1 0    32.0 0   135.3 0   237.5 0   -65.0 0   172.5 0    21.1 0    89.5 0     4.1 0    41.3 0   990.8 0
 1996 240  8 27 14  0 14.000  60.15   343.0 0    80.5 0   228.9 0 -9999.9 1   367.2 0   298.9 0   298.4 0   429.5 0   294.9 0   295.2 0    33.1 0   147.0 0   262.5 0   -62.3 0   200.1 0    20.8 0    89.3 0     4.3 0    39.7 0   990.8 0
 1996 240  8 27 14  3 14.050  59.59   295.6 0    64.3 0    96.4 0 -9999.9 1   369.8 0   298.9 0   298.4 0   429.7 0   295.0 0   295.2 0    33.6 0   132.5 0   231.3 0   -59.9 0   171.4 0    21.0 0    89.1 0     4.2 0    43.2 0   990.8 0
 1996 240  8 27 14  6 14.100  59.03   262.4 0    54.9 0    18.4 0 -9999.9 1   372.0 0   298.9 0   298.3 0   428.6 0   295.0 0   295.2 0    33.6 0   119.9 0   207.4 0   -56.6 0   150.8 0    21.1 0    89.0 0     4.1 0    43.5 0   990.8 0
 1996 240  8 27 14  9 14.150  58.48   265.7 0    55.4 0     4.9 0 -9999.9 1   373.9 0   298.9 0   298.4 0   429.3 0   295.0 0   295.2 0    34.4 0   120.6 0   210.3 0   -55.4 0   154.9 0    21.1 0    89.2 0     3.4 0    49.2 0   990.8 0
 1996 240  8 27 14 12 14.200  57.92   262.6 0    55.2 0     1.8 0 -9999.9 1   375.9 0   298.9 0   298.5 0   429.8 0   295.0 0   295.2 0    34.6 0   118.5 0   207.5 0   -54.0 0   153.5 0    21.4 0    89.2 0     3.3 0    51.6 0   990.8 0
 1996 240  8 27 14 15 14.250  57.37   257.0 0    54.5 0     3.7 0 -9999.9 1   377.4 0   298.9 0   298.7 0   430.1 0   295.1 0   295.2 0    34.6 0   115.6 0   202.5 0   -52.7 0   149.8 0    21.2 0    89.3 0     3.0 0    46.0 0   990.9 0
 1996 240  8 27 14 18 14.300  56.82   256.0 0    54.2 0     5.2 0 -9999.9 1   379.3 0   299.0 0   298.8 0   430.9 0   295.1 0   295.3 0    34.8 0   114.4 0   201.8 0   -51.6 0   150.2 0    21.1 0    89.5 0     3.2 0    43.6 0   990.9 0
 1996 240  8 27 14 21 14.350  56.27   262.0 0    55.4 0     7.8 0 -9999.9 1   382.4 0   299.0 0   298.9 0   431.3 0   295.1 0   295.3 0    35.2 0   116.3 0   206.6 0   -48.9 0   157.7 0    21.1 0    89.5 0     3.1 0    37.5 0   990.9 0
 1996 240  8 27 14 24 14.400  55.72   281.7 0    59.6 0    24.9 0 -9999.9 1   385.4 0   299.1 0   299.0 0   433.2 0   295.2 0   295.4 0    36.5 0   123.7 0   222.1 0   -47.8 0   174.3 0    21.4 0    89.6 0     3.0 0    21.3 0   990.8 0
 1996 240  8 27 14 27 14.450  55.18   293.4 0    61.5 0    15.6 0 -9999.9 1   388.0 0   299.2 0   299.2 0   434.5 0   295.3 0   295.5 0    38.1 0   128.6 0   231.9 0   -46.5 0   185.4 0    21.1 0    89.7 0     2.7 0    17.5 0   990.8 0
 1996 240  8 27 14 30 14.500  54.64   308.6 0    64.4 0    19.9 0 -9999.9 1   389.0 0   299.3 0   299.3 0   434.9 0   295.4 0   295.6 0    40.1 0   135.2 0   244.2 0   -45.9 0   198.3 0    21.4 0    89.7 0     3.1 0    19.7 0   990.8 0
 1996 240  8 27 14 33 14.550  54.09   310.6 0    64.8 0    18.8 0 -9999.9 1   389.6 0   299.4 0   299.4 0   434.9 0   295.5 0   295.7 0    41.5 0   135.7 0   245.8 0   -45.3 0   200.5 0    21.4 0    89.4 0     3.6 0    21.3 0   990.9 0
 1996 240  8 27 14 36 14.600  53.55   305.2 0    62.9 0     3.9 0 -9999.9 1   390.2 0   299.5 0   299.5 0   435.0 0   295.5 0   295.7 0    42.6 0   133.4 0   242.3 0   -44.8 0   197.5 0    21.0 0    89.3 0     3.2 0    32.1 0   990.9 0
 1996 240  8 27 14 39 14.650  53.02   316.5 0    65.2 0     3.7 0 -9999.9 1   390.1 0   299.6 0   299.6 0   435.2 0   295.6 0   295.8 0    44.2 0   138.1 0   251.2 0   -45.1 0   206.1 0    21.6 0    89.1 0     3.5 0    13.7 0   991.0 0
 1996 240  8 27 14 42 14.700  52.48   341.5 0    70.5 0    10.9 0 -9999.9 1   390.1 0   299.8 0   299.8 0   436.2 0   295.7 0   295.9 0    46.9 0   148.8 0   271.0 0   -46.1 0   224.9 0    21.6 0    89.2 0     3.5 0    15.5 0   990.9 0
 1996 240  8 27 14 45 14.750  51.95   403.7 0    85.2 0    59.8 0 -9999.9 1   389.2 0   299.9 0   300.1 0   438.2 0   295.8 0   296.0 0    51.6 0   174.5 0   318.5 0   -49.1 0   269.4 0    21.7 0    89.0 0     3.5 0     8.7 0   990.9 0
 1996 240  8 27 14 48 14.800  51.42   420.6 0    87.2 0    55.8 0 -9999.9 1   387.1 0   300.1 0   300.3 0   440.0 0   295.9 0   296.1 0    55.1 0   182.4 0   333.4 0   -52.9 0   280.4 0    21.8 0    89.1 0     3.7 0    21.6 0   990.9 0
 1996 240  8 27 14 51 14.850  50.89   380.8 0    77.2 0    17.8 0 -9999.9 1   385.0 0   300.4 0   300.5 0   439.8 0   296.0 0   296.2 0    55.3 0   167.2 0   303.6 0   -54.8 0   248.9 0    21.9 0    89.1 0     3.1 0    16.8 0   990.9 0
 1996 240  8 27 14 54 14.900  50.37   355.1 0    71.5 0     7.1 0 -9999.9 1   382.9 0   300.6 0   300.6 0   439.0 0   296.1 0   296.3 0    55.0 0   156.9 0   283.6 0   -56.1 0   227.5 0    22.1 0    88.9 0     3.6 0    26.8 0   990.9 0
 1996 240  8 27 14 57 14.950  49.84   346.3 0    70.1 0     7.8 0 -9999.9 1   380.3 0   300.8 0   300.8 0   439.2 0   296.2 0   296.4 0    55.7 0   154.2 0   276.3 0   -58.9 0   217.3 0    22.1 0    88.6 0     2.8 0    31.9 0   990.9 0
 1996 240  8 27 15  0 15.000  49.32   350.4 0    70.3 0    20.2 0 -9999.9 1   376.8 0   301.0 0   301.1 0   440.3 0   296.3 0   296.5 0    57.4 0   157.6 0   280.1 0   -63.5 0   216.5 0    22.2 0    88.7 0     2.7 0    14.1 0   991.0 0
 1996 240  8 27 15  3 15.050  48.81   388.3 0    77.8 0    60.9 0 -9999.9 1   375.0 0   301.2 0   301.3 0   441.3 0   296.4 0   296.6 0    61.3 0   173.8 0   310.5 0   -66.3 0   244.2 0    22.6 0    88.6 0     2.7 0    20.1 0   991.0 0
 1996 240  8 27 15  6 15.100  48.29   450.0 0    93.1 0   129.3 0 -9999.9 1   374.1 0   301.4 0   301.5 0   442.8 0   296.5 0   296.8 0    66.0 0   197.9 0   356.9 0   -68.6 0   288.3 0    22.3 0    88.1 0     2.9 0    22.8 0   991.0 0
 1996 240  8 27 15  9 15.150  47.78   413.9 0    82.8 0   103.9 0 -9999.9 1   372.6 0   301.6 0   301.8 0   444.3 0   296.6 0   296.9 0    66.0 0   184.5 0   331.1 0   -71.7 0   259.4 0    22.9 0    88.0 0     2.9 0     9.7 0   991.0 0
 1996 240  8 27 15 12 15.200  47.28   347.7 0    68.0 0    41.2 0 -9999.9 1   368.3 0   301.7 0   301.7 0   440.3 0   296.7 0   296.9 0    65.1 0   161.2 0   279.7 0   -72.0 0   207.7 0    22.5 0    87.7 0     3.5 0     7.5 0   991.0 0
 1996 240  8 27 15 15 15.250  46.77   363.7 0    71.6 0    87.3 0 -9999.9 1   366.5 0   301.8 0   301.8 0   440.9 0   296.7 0   296.9 0    68.8 0   171.8 0   292.1 0   -74.4 0   217.7 0    22.3 0    87.6 0     3.0 0    20.7 0   991.0 0
