 Bondville
   40.05  -88.37  213 m version 1
 1996 137  5 16  0  0  0.000  79.36    17.9 0     3.0 0     0.0 0 -9999.9 1   417.0 0   298.1 0   297.7 0   418.0 0   294.0 0   294.0 0     1.5 0     8.9 0    15.0 0    -0.9 0    14.1 0    20.6 0    96.4 0     2.3 0   164.8 0   985.0 0
 1996 137  5 16 18 12 18.200  21.23 -9999.9 1    96.7 0 -9999.9 1 -9999.9 1 -9999.9 1   306.3 0   306.9 0 -9999.9 1   301.0 0   301.4 0   144.4 0 -9999.9 1 -9999.9 1 -9999.9 1 -9999.9 1 -9999.9 1 -9999.9 1     5.7 0   197.0 0   977.6 0
 1996 137  5 16 18 15 18.250  21.37   860.7 0   149.5 0   360.2 0 -9999.9 1   413.1 0   305.5 0   306.3 0   468.8 0   300.1 0   300.5 0   178.7 0   357.2 0   711.2 0   -55.6 0   655.5 0    25.6 0    88.3 0     6.4 0   200.3 0   986.2 0
 1996 137  5 16 18 18 18.300  21.53   634.2 0   111.6 0   166.0 0 -9999.9 1   408.6 0   305.8 0   306.3 0   467.4 0   300.3 0   300.6 0   153.2 0   273.1 0   522.6 0   -58.8 0   463.8 0    25.8 0    88.5 0     6.1 0   194.7 0   986.1 0
 1996 137  5 16 18 21 18.350  21.71   544.3 0    97.9 0    86.8 0 -9999.9 1   417.1 0   306.0 0   306.2 0   463.3 0   300.4 0   300.6 0   130.2 0   239.4 0   446.3 0   -46.1 0   400.2 0    26.1 0    88.1 0     6.5 0   190.5 0   986.0 0
 1996 137  5 16 18 24 18.400  21.91   751.6 0   134.9 0   268.8 0 -9999.9 1   420.0 0   306.1 0   306.6 0   467.4 0   300.4 0   300.7 0   151.1 0   328.0 0   616.7 0   -47.4 0   569.3 0    26.0 0    87.9 0     6.5 0   186.7 0   986.0 0
 1996 137  5 16 18 27 18.450  22.12   687.4 0   121.7 0   179.6 0 -9999.9 1   413.7 0   306.2 0   306.6 0   466.2 0   300.4 0   300.7 0   149.8 0   306.7 0   565.7 0   -52.4 0   513.3 0    26.1 0    87.7 0     6.6 0   191.0 0   986.0 0
 1996 137  5 16 18 30 18.500  22.35   679.6 0   120.0 0   177.7 0 -9999.9 1   414.1 0   306.3 0   306.7 0   466.7 0   300.5 0   300.8 0   147.8 0   303.6 0   559.7 0   -52.6 0   507.1 0    25.8 0    88.3 0     6.5 0   189.6 0   985.9 0
 1996 137  5 16 18 33 18.550  22.60   542.2 0    98.0 0   135.3 0 -9999.9 1   415.1 0   306.5 0   306.8 0   465.4 0   300.5 0   300.8 0   126.6 0   243.9 0   444.1 0   -50.2 0   393.9 0    26.0 0    88.0 0     6.4 0   189.1 0   986.0 0
 1996 137  5 16 18 36 18.600  22.86   729.2 0   129.1 0   239.2 0 -9999.9 1   418.3 0   306.5 0   306.8 0   465.5 0   300.5 0   300.8 0   148.3 0   323.8 0   600.0 0   -47.3 0   552.8 0    25.8 0    87.9 0     7.0 0   188.3 0   986.0 0
 1996 137  5 16 18 39 18.650  23.14   615.7 0   111.4 0   117.6 0 -9999.9 1   418.9 0   306.6 0   306.9 0   466.8 0   300.6 0   300.8 0   137.1 0   276.4 0   504.3 0   -47.9 0   456.5 0    26.2 0    87.6 0     6.9 0   198.7 0   986.0 0
 1996 137  5 16 18 42 18.700  23.43   483.4 0    88.6 0    36.7 0 -9999.9 1   428.0 0   306.6 0   306.6 0   462.0 0   300.5 0   300.7 0   111.9 0   223.8 0   394.8 0   -34.0 0   360.9 0    26.1 0    87.4 0     6.4 0   191.0 0   986.0 0
 1996 137  5 16 18 45 18.750  23.73   692.4 0   123.7 0   166.5 0 -9999.9 1   426.1 0   306.6 0   306.9 0   466.3 0   300.5 0   300.8 0   138.8 0   305.4 0   568.6 0   -40.1 0   528.5 0    26.0 0    87.4 0     6.8 0   199.4 0   986.0 0
 1996 137  5 16 18 48 18.800  24.05   635.5 0   113.7 0   146.8 0 -9999.9 1   422.1 0   306.7 0   307.0 0   467.7 0   300.6 0   300.9 0   136.5 0   282.9 0   521.8 0   -45.6 0   476.2 0    26.2 0    87.1 0     7.0 0   202.2 0   986.0 0
 1996 137  5 16 18 51 18.850  24.38   694.0 0   124.3 0   221.0 0 -9999.9 1   418.6 0   306.7 0   307.0 0   468.0 0   300.6 0   300.9 0   144.6 0   307.5 0   569.7 0   -49.3 0   520.4 0    26.2 0    86.8 0     6.5 0   199.5 0   986.0 0
 1996 137  5 16 18 54 18.900  24.73   400.9 0    71.9 0    39.8 0 -9999.9 1   421.1 0   306.6 0   306.5 0   461.2 0   300.7 0   300.8 0   103.5 0   187.8 0   329.1 0   -40.1 0   289.0 0    26.3 0    86.5 0     6.4 0   205.1 0   986.0 0
 1996 137  5 16 18 57 18.950  25.08   574.3 0   104.7 0   127.9 0 -9999.9 1   426.3 0   306.5 0   306.7 0   464.9 0   300.6 0   300.9 0   120.4 0   257.5 0   469.6 0   -38.6 0   431.0 0    26.3 0    86.3 0     6.0 0   208.3 0   986.0 0
 1996 137  5 16 19  0 19.000  25.45   280.1 0    51.3 0     1.3 0 -9999.9 1   428.5 0   306.5 0   306.2 0   460.2 0   300.7 0   300.8 0    75.6 0   133.1 0   228.8 0   -31.7 0   197.1 0    26.3 0    86.3 0     5.8 0   211.4 0   986.1 0
 1996 137  5 16 19  3 19.050  25.83   182.1 0    36.0 0    -1.9 0 -9999.9 1   437.7 0   306.2 0   305.7 0   455.4 0   300.6 0   300.6 0    44.7 0    90.3 0   146.0 0   -17.7 0   128.3 0    26.4 0    86.3 0     5.9 0   209.7 0   986.1 0
 1996 137  5 16 19  6 19.100  26.21   208.5 0    41.4 0    -2.8 0 -9999.9 1   437.2 0   306.0 0   305.4 0   453.8 0   300.4 0   300.4 0    46.4 0   102.2 0   167.1 0   -16.5 0   150.6 0    26.1 0    86.0 0     7.1 0   216.0 0   986.1 0
 1996 137  5 16 19  9 19.150  26.61   421.7 0    78.5 0    54.2 0 -9999.9 1   432.8 0   305.7 0   305.6 0   458.3 0   300.3 0   300.5 0    85.9 0   193.9 0   343.2 0   -25.4 0   317.7 0    26.2 0    86.0 0     6.3 0   218.9 0   986.1 0
 1996 137  5 16 19 12 19.200  27.02   323.7 0    59.1 0    10.1 0 -9999.9 1   432.0 0   305.6 0   305.5 0   458.1 0   300.3 0   300.5 0    73.7 0   152.1 0   264.7 0   -26.1 0   238.6 0    26.1 0    86.0 0     7.3 0   211.3 0   986.1 0
 1996 137  5 16 19 15 19.250  27.43   628.7 0   115.0 0   179.7 0 -9999.9 1   427.1 0   305.6 0   305.8 0   462.6 0   300.3 0   300.6 0   116.1 0   281.2 0   513.7 0   -35.5 0   478.1 0    26.3 0    85.6 0     7.3 0   215.5 0   986.1 0
 1996 137  5 16 19 18 19.300  27.85   654.5 0   118.6 0   178.5 0 -9999.9 1   415.6 0   305.7 0   306.1 0   466.9 0   300.5 0   300.8 0   131.1 0   291.4 0   535.9 0   -51.3 0   484.6 0    26.3 0    85.8 0     7.1 0   226.1 0   986.1 0
 1996 137  5 16 19 21 19.350  28.29   578.8 0   105.4 0   115.2 0 -9999.9 1   413.8 0   305.8 0   306.1 0   466.5 0   300.6 0   300.9 0   123.5 0   263.5 0   473.4 0   -52.7 0   420.6 0    26.4 0    85.7 0     6.4 0   216.9 0   986.1 0
 1996 137  5 16 19 24 19.400  28.72   756.6 0   137.8 0   245.4 0 -9999.9 1   413.3 0   306.0 0   306.5 0   469.5 0   300.8 0   301.1 0   142.1 0   333.3 0   618.8 0   -56.3 0   562.6 0    26.5 0    85.5 0     7.3 0   206.1 0   986.0 0
 1996 137  5 16 19 27 19.450  29.17   638.4 0   116.4 0   161.4 0 -9999.9 1   416.0 0   306.2 0   306.6 0   468.8 0   300.9 0   301.2 0   125.8 0   285.0 0   522.1 0   -52.8 0   469.3 0    26.5 0    85.3 0     6.6 0   219.4 0   986.0 0
 1996 137  5 16 19 30 19.500  29.62   501.8 0    91.5 0    83.3 0 -9999.9 1   416.6 0   306.3 0   306.4 0   465.6 0   301.0 0   301.2 0   106.8 0   228.8 0   410.3 0   -49.0 0   361.3 0    26.6 0    85.3 0     5.9 0   216.3 0   985.9 0
 1996 137  5 16 19 33 19.550  30.08   698.6 0   129.2 0   228.0 0 -9999.9 1   415.8 0   306.4 0   306.8 0   468.9 0   301.0 0   301.3 0   127.1 0   310.5 0   569.4 0   -53.1 0   516.2 0    26.7 0    84.6 0     6.4 0   215.6 0   985.8 0
 1996 137  5 16 19 36 19.600  30.55   672.7 0   123.6 0   208.2 0 -9999.9 1   405.3 0   306.6 0   307.0 0   470.3 0   301.1 0   301.5 0   131.1 0   301.4 0   549.1 0   -65.0 0   484.1 0    26.7 0    84.2 0     6.2 0   218.9 0   985.8 0
 1996 137  5 16 19 39 19.650  31.02   680.6 0   126.7 0   215.5 0 -9999.9 1   404.6 0   306.7 0   307.0 0   469.6 0   301.2 0   301.5 0   128.9 0   304.0 0   553.8 0   -65.0 0   488.9 0    26.7 0    83.9 0     6.3 0   210.7 0   985.8 0
 1996 137  5 16 19 42 19.700  31.50   701.1 0   129.8 0   241.0 0 -9999.9 1   407.6 0   306.8 0   307.3 0   471.3 0   301.3 0   301.6 0   128.7 0   311.1 0   571.3 0   -63.7 0   507.6 0    27.1 0    84.0 0     6.3 0   220.2 0   985.8 0
 1996 137  5 16 19 45 19.750  31.99   631.4 0   116.4 0   196.7 0 -9999.9 1   406.9 0   307.0 0   307.3 0   469.0 0   301.4 0   301.6 0   120.1 0   282.6 0   515.1 0   -62.1 0   453.0 0    26.8 0    83.6 0     6.0 0   211.5 0   985.8 0
 1996 137  5 16 19 48 19.800  32.47   570.7 0   106.4 0   151.8 0 -9999.9 1   412.1 0   307.1 0   307.3 0   468.9 0   301.4 0   301.6 0   109.0 0   255.9 0   464.4 0   -56.8 0   407.6 0    26.7 0    83.9 0     5.9 0   210.5 0   985.8 0
 1996 137  5 16 19 51 19.850  32.97   533.4 0   100.4 0   115.8 0 -9999.9 1   410.2 0   307.1 0   307.1 0   466.4 0   301.4 0   301.6 0   103.6 0   242.4 0   432.9 0   -56.2 0   376.7 0    26.8 0    83.5 0     5.9 0   208.7 0   985.7 0
 1996 137  5 16 19 54 19.900  33.47   522.3 0    98.9 0   107.8 0 -9999.9 1   408.7 0   307.1 0   307.1 0   466.2 0   301.4 0   301.6 0   101.8 0   235.5 0   423.4 0   -57.4 0   365.9 0    26.9 0    83.4 0     6.5 0   205.9 0   985.7 0
 1996 137  5 16 19 57 19.950  33.97   514.1 0    97.1 0    93.9 0 -9999.9 1   407.0 0   307.0 0   307.1 0   465.2 0   301.3 0   301.5 0   101.6 0   235.1 0   416.9 0   -58.2 0   358.7 0    26.6 0    83.2 0     6.3 0   204.5 0   985.7 0
 1996 137  5 16 20  0 20.000  34.48   626.8 0   116.8 0   193.0 0 -9999.9 1   404.6 0   307.0 0   307.2 0   467.5 0   301.3 0   301.6 0   114.6 0   283.6 0   509.9 0   -62.9 0   447.0 0    27.1 0    81.6 0     6.1 0   208.6 0   985.6 0
 1996 137  5 16 20  3 20.050  34.99   691.9 0   128.7 0   277.9 0 -9999.9 1   402.6 0   307.1 0   307.5 0   470.6 0   301.4 0   301.7 0   121.7 0   310.3 0   563.2 0   -68.0 0   495.1 0    26.9 0    82.0 0     5.7 0   212.0 0   985.5 0
 1996 137  5 16 20  6 20.100  35.50   639.3 0   119.8 0   233.6 0 -9999.9 1   406.2 0   307.2 0   307.6 0   473.3 0   301.5 0   301.9 0   115.1 0   287.6 0   519.6 0   -67.1 0   452.5 0    27.1 0    83.0 0     5.3 0   215.2 0   985.6 0
 1996 137  5 16 20  9 20.150  36.02   649.8 0   121.6 0   231.1 0 -9999.9 1   406.5 0   307.3 0   307.7 0   472.1 0   301.7 0   302.0 0   114.0 0   292.0 0   528.2 0   -65.5 0   462.7 0    27.0 0    83.1 0     5.4 0   206.5 0   985.6 0
 1996 137  5 16 20 12 20.200  36.54   669.2 0   126.3 0   268.0 0 -9999.9 1   404.6 0   307.5 0   307.8 0   472.1 0   301.8 0   302.1 0   114.4 0   298.2 0   542.8 0   -67.5 0   475.4 0    27.4 0    82.4 0     6.1 0   203.4 0   985.5 0
 1996 137  5 16 20 15 20.250  37.07   574.3 0   110.6 0   173.8 0 -9999.9 1   407.2 0   307.6 0   307.8 0   469.4 0   301.8 0   302.0 0   102.7 0   259.7 0   463.7 0   -62.2 0   401.5 0    27.2 0    81.6 0     6.1 0   205.6 0   985.5 0
 1996 137  5 16 20 18 20.300  37.59   453.5 0    86.5 0    70.3 0 -9999.9 1   410.1 0   307.6 0   307.6 0   467.3 0   301.8 0   302.0 0    90.4 0   210.2 0   367.0 0   -57.2 0   309.9 0    27.2 0    81.5 0     5.8 0   213.7 0   985.5 0
 1996 137  5 16 20 21 20.350  38.12   488.0 0    93.8 0   122.4 0 -9999.9 1   416.8 0   307.5 0   307.5 0   466.8 0   301.7 0   301.9 0    84.8 0   218.8 0   394.2 0   -49.9 0   344.3 0    26.9 0    81.5 0     5.4 0   203.3 0   985.5 0
 1996 137  5 16 20 24 20.400  38.66   367.6 0    70.2 0    16.2 0 -9999.9 1   420.0 0   307.4 0   307.2 0   463.0 0   301.7 0   301.8 0    71.9 0   174.2 0   297.4 0   -43.0 0   254.4 0    27.2 0    80.9 0     5.6 0   203.5 0   985.5 0
 1996 137  5 16 20 27 20.450  39.20   529.4 0   101.0 0   110.6 0 -9999.9 1   415.7 0   307.3 0   307.4 0   466.2 0   301.6 0   301.8 0    87.2 0   239.0 0   428.4 0   -50.5 0   377.9 0    27.2 0    80.3 0     5.1 0   205.7 0   985.5 0
 1996 137  5 16 20 30 20.500  39.73   492.3 0    93.0 0   103.4 0 -9999.9 1   410.2 0   307.3 0   307.5 0   468.3 0   301.6 0   301.9 0    86.3 0   223.1 0   399.3 0   -58.1 0   341.2 0    27.0 0    80.6 0     5.0 0   213.2 0   985.4 0
 1996 137  5 16 20 33 20.550  40.28   395.2 0    74.7 0    40.5 0 -9999.9 1   413.2 0   307.3 0   307.2 0   464.0 0   301.6 0   301.8 0    74.3 0   182.9 0   320.4 0   -50.9 0   269.6 0    27.4 0    79.9 0     5.0 0   214.8 0   985.4 0
 1996 137  5 16 20 36 20.600  40.82   408.8 0    79.4 0    41.7 0 -9999.9 1   418.5 0   307.2 0   307.2 0   465.1 0   301.6 0   301.8 0    71.3 0   188.4 0   329.4 0   -46.6 0   282.8 0    27.0 0    80.6 0     5.2 0   204.6 0   985.4 0
 1996 137  5 16 20 39 20.650  41.37   485.5 0    93.8 0   101.1 0 -9999.9 1   421.1 0   307.2 0   307.2 0   465.9 0   301.6 0   301.8 0    74.9 0   219.9 0   391.7 0   -44.8 0   346.9 0    27.1 0    80.3 0     5.6 0   206.9 0   985.4 0
 1996 137  5 16 20 42 20.700  41.91   507.5 0    97.6 0   105.4 0 -9999.9 1   412.7 0   307.2 0   307.3 0   466.5 0   301.6 0   301.9 0    82.7 0   230.5 0   409.9 0   -53.9 0   356.0 0    27.2 0    78.7 0     6.2 0   206.3 0   985.3 0
 1996 137  5 16 20 45 20.750  42.46   448.5 0    85.4 0    54.4 0 -9999.9 1   415.1 0   307.2 0   307.2 0   465.7 0   301.6 0   301.8 0    76.4 0   207.6 0   363.1 0   -50.6 0   312.6 0    27.2 0    78.5 0     5.5 0   199.3 0   985.2 0
 1996 137  5 16 20 48 20.800  43.02   539.9 0   104.0 0   143.8 0 -9999.9 1   411.6 0   307.2 0   307.3 0   466.9 0   301.7 0   301.9 0    83.1 0   243.2 0   436.0 0   -55.3 0   380.6 0    27.4 0    78.1 0     5.9 0   218.5 0   985.2 0
 1996 137  5 16 20 51 20.850  43.57   538.2 0   103.5 0   150.1 0 -9999.9 1   407.7 0   307.3 0   307.4 0   468.3 0   301.7 0   302.0 0    83.8 0   244.0 0   434.7 0   -60.5 0   374.1 0    27.5 0    78.2 0     5.9 0   214.2 0   985.2 0
 1996 137  5 16 20 54 20.900  44.12   516.8 0   100.0 0   139.2 0 -9999.9 1   409.0 0   307.3 0   307.4 0   467.1 0   301.8 0   302.0 0    79.7 0   234.5 0   416.9 0   -58.2 0   358.7 0    27.4 0    77.7 0     5.7 0   219.6 0   985.1 0
 1996 137  5 16 20 57 20.950  44.68   483.1 0    93.3 0   112.6 0 -9999.9 1   407.3 0   307.4 0   307.4 0   466.8 0   301.8 0   302.0 0    76.6 0   219.6 0   389.8 0   -59.5 0   330.3 0    27.6 0    77.9 0     5.8 0   210.4 0   985.0 0
 1996 137  5 16 21  0 21.000  45.24   483.8 0    94.4 0   132.6 0 -9999.9 1   409.9 0   307.3 0   307.3 0   465.7 0   301.8 0   302.0 0    74.7 0   219.6 0   389.4 0   -55.8 0   333.6 0    28.0 0    77.6 0     6.5 0   201.8 0   984.9 0
 1996 137  5 16 21  3 21.050  45.80   432.5 0    84.7 0    93.3 0 -9999.9 1   412.0 0   307.3 0   307.3 0   466.5 0   301.8 0   302.0 0    67.1 0   197.4 0   347.8 0   -54.5 0   293.3 0    27.5 0    78.8 0     5.4 0   210.9 0   984.9 0
 1996 137  5 16 21  6 21.100  46.36   468.3 0    93.4 0   128.6 0 -9999.9 1   417.6 0   307.3 0   307.2 0   464.4 0   301.8 0   301.9 0    64.1 0   211.0 0   375.0 0   -46.8 0   328.2 0    27.5 0    77.7 0     7.1 0   200.5 0   984.9 0
 1996 137  5 16 21  9 21.150  46.92   459.7 0    91.8 0   107.8 0 -9999.9 1   414.0 0   307.3 0   307.2 0   464.9 0   301.7 0   301.9 0    64.9 0   208.0 0   367.9 0   -50.9 0   317.0 0    27.5 0    77.7 0     6.6 0   207.3 0   984.9 0
 1996 137  5 16 21 12 21.200  47.48   435.7 0    86.8 0    89.6 0 -9999.9 1   409.1 0   307.2 0   307.1 0   464.1 0   301.7 0   301.9 0    64.3 0   199.0 0   348.9 0   -55.1 0   293.8 0    26.9 0    77.9 0     6.7 0   211.0 0   984.8 0
 1996 137  5 16 21 15 21.250  48.05   436.1 0    86.3 0    97.2 0 -9999.9 1   407.1 0   307.2 0   307.1 0   464.4 0   301.7 0   301.8 0    64.0 0   200.2 0   349.8 0   -57.3 0   292.5 0    27.4 0    77.4 0     6.0 0   214.9 0   984.8 0
 1996 137  5 16 21 18 21.300  48.61   443.5 0    88.1 0   118.4 0 -9999.9 1   406.3 0   307.1 0   307.1 0   464.4 0   301.7 0   301.9 0    63.1 0   202.7 0   355.4 0   -58.0 0   297.4 0    27.5 0    77.3 0     6.6 0   203.3 0   984.8 0
 1996 137  5 16 21 21 21.350  49.18   425.2 0    85.1 0   118.0 0 -9999.9 1   408.6 0   307.1 0   307.1 0   463.9 0   301.7 0   301.9 0    59.4 0   194.3 0   340.1 0   -55.3 0   284.8 0    27.7 0    76.5 0     5.9 0   199.2 0   984.8 0
 1996 137  5 16 21 24 21.400  49.75   393.4 0    79.5 0    90.5 0 -9999.9 1   411.3 0   307.1 0   307.0 0   462.6 0   301.7 0   301.8 0    55.0 0   181.1 0   313.9 0   -51.2 0   262.7 0    27.3 0    76.0 0     6.7 0   198.6 0   984.7 0
 1996 137  5 16 21 27 21.450  50.31   427.3 0    86.4 0   127.6 0 -9999.9 1   408.0 0   307.1 0   306.9 0   462.5 0   301.7 0   301.8 0    57.1 0   195.3 0   341.0 0   -54.5 0   286.4 0    27.5 0    74.4 0     7.5 0   201.2 0   984.7 0
 1996 137  5 16 21 30 21.500  50.88   415.3 0    83.7 0   125.4 0 -9999.9 1   403.8 0   307.0 0   306.9 0   462.8 0   301.6 0   301.8 0    56.9 0   190.7 0   331.6 0   -59.0 0   272.6 0    27.6 0    74.7 0     6.3 0   207.1 0   984.7 0
 1996 137  5 16 21 33 21.550  51.45   381.1 0    76.4 0    91.5 0 -9999.9 1   403.4 0   307.0 0   306.8 0   462.3 0   301.6 0   301.8 0    53.9 0   176.2 0   304.7 0   -59.0 0   245.7 0    27.5 0    75.4 0     6.7 0   199.6 0   984.7 0
 1996 137  5 16 21 36 21.600  52.02   378.0 0    76.5 0   100.3 0 -9999.9 1   403.0 0   306.9 0   306.7 0   461.3 0   301.6 0   301.8 0    52.1 0   174.3 0   301.6 0   -58.3 0   243.3 0    27.5 0    74.5 0     6.8 0   204.7 0   984.7 0
 1996 137  5 16 21 39 21.650  52.59   359.6 0    72.8 0    89.0 0 -9999.9 1   402.6 0   306.9 0   306.6 0   460.8 0   301.6 0   301.7 0    49.9 0   166.5 0   286.8 0   -58.1 0   228.7 0    27.6 0    74.1 0     6.6 0   212.3 0   984.6 0
 1996 137  5 16 21 42 21.700  53.16   355.6 0    72.3 0    97.1 0 -9999.9 1   402.8 0   306.8 0   306.6 0   460.5 0   301.6 0   301.7 0    47.9 0   164.3 0   283.3 0   -57.7 0   225.6 0    27.6 0    73.7 0     6.1 0   216.2 0   984.6 0
 1996 137  5 16 21 45 21.750  53.73   336.9 0    68.0 0    80.3 0 -9999.9 1   403.8 0   306.7 0   306.5 0   460.1 0   301.6 0   301.7 0    45.5 0   155.8 0   269.0 0   -56.3 0   212.6 0    27.6 0    74.2 0     6.4 0   211.0 0   984.7 0
 1996 137  5 16 21 48 21.800  54.31   299.8 0    59.6 0    41.1 0 -9999.9 1   405.8 0   306.6 0   306.4 0   459.6 0   301.6 0   301.7 0    42.1 0   139.5 0   240.2 0   -53.8 0   186.4 0    27.5 0    74.5 0     5.5 0   208.9 0   984.7 0
 1996 137  5 16 21 51 21.850  54.88   282.8 0    56.0 0    27.5 0 -9999.9 1   409.1 0   306.5 0   306.3 0   459.4 0   301.5 0   301.7 0    39.3 0   131.5 0   226.8 0   -50.3 0   176.5 0    27.6 0    75.0 0     5.6 0   212.4 0   984.7 0
 1996 137  5 16 21 54 21.900  55.45   276.8 0    55.4 0    29.7 0 -9999.9 1   411.1 0   306.4 0   306.2 0   459.2 0   301.5 0   301.6 0    37.2 0   128.1 0   221.4 0   -48.1 0   173.4 0    27.5 0    75.3 0     5.1 0   210.3 0   984.7 0
 1996 137  5 16 21 57 21.950  56.02   266.6 0    53.2 0    25.8 0 -9999.9 1   413.3 0   306.3 0   306.1 0   459.0 0   301.5 0   301.6 0    35.2 0   123.5 0   213.4 0   -45.7 0   167.8 0    27.6 0    75.6 0     5.2 0   206.9 0   984.7 0
 1996 137  5 16 22  0 22.000  56.60   242.4 0    47.2 0     7.3 0 -9999.9 1   414.3 0   306.2 0   305.9 0   458.0 0   301.4 0   301.5 0    33.4 0   114.0 0   195.1 0   -43.6 0   151.5 0    27.5 0    75.1 0     6.3 0   208.2 0   984.7 0
 1996 137  5 16 22  3 22.050  57.17   224.5 0    44.0 0     5.9 0 -9999.9 1   414.9 0   306.1 0   305.7 0   456.4 0   301.4 0   301.5 0    31.6 0   106.2 0   180.5 0   -41.5 0   139.0 0    27.5 0    73.5 0     5.8 0   213.0 0   984.6 0
 1996 137  5 16 22  6 22.100  57.74   217.6 0    42.3 0    -1.2 0 -9999.9 1   417.8 0   306.0 0   305.6 0   456.5 0   301.3 0   301.4 0    30.0 0   103.7 0   175.3 0   -38.6 0   136.7 0    27.5 0    74.4 0     5.5 0   209.3 0   984.7 0
 1996 137  5 16 22  9 22.150  58.32   220.2 0    42.9 0     1.3 0 -9999.9 1   417.2 0   305.8 0   305.5 0   456.5 0   301.3 0   301.4 0    29.7 0   100.9 0   177.3 0   -39.3 0   138.0 0    27.5 0    74.4 0     5.6 0   211.5 0   984.7 0
 1996 137  5 16 22 12 22.200  58.89   216.6 0    42.0 0     0.8 0 -9999.9 1   419.2 0   305.7 0   305.4 0   456.8 0   301.2 0   301.3 0    28.4 0   102.9 0   174.6 0   -37.5 0   137.1 0    27.4 0    75.6 0     5.3 0   206.4 0   984.7 0
 1996 137  5 16 22 15 22.250  59.46   234.0 0    45.2 0    12.3 0 -9999.9 1   421.3 0   305.6 0   305.4 0   457.2 0   301.2 0   301.3 0    28.3 0   109.4 0   188.8 0   -35.9 0   152.9 0    27.5 0    75.2 0     5.6 0   202.2 0   984.7 0
 1996 137  5 16 22 18 22.300  60.03   215.5 0    40.8 0     2.2 0 -9999.9 1   420.4 0   305.6 0   305.3 0   456.8 0   301.2 0   301.3 0    27.1 0   101.2 0   174.7 0   -36.4 0   138.3 0    27.6 0    75.8 0     5.6 0   197.7 0   984.7 0
 1996 137  5 16 22 21 22.350  60.61   179.4 0    33.5 0    -1.2 0 -9999.9 1   425.2 0   305.5 0   305.2 0   456.1 0   301.1 0   301.2 0    23.6 0    85.1 0   145.9 0   -30.8 0   115.1 0    27.3 0    76.6 0     5.4 0   201.6 0   984.7 0
 1996 137  5 16 22 24 22.400  61.18   125.1 0    23.8 0    -2.1 0 -9999.9 1   434.4 0   305.4 0   304.9 0   454.1 0   301.1 0   301.1 0    16.8 0    60.4 0   101.3 0   -19.7 0    81.7 0    27.3 0    75.7 0     5.6 0   201.9 0   984.8 0
 1996 137  5 16 22 27 22.450  61.75    99.8 0    19.5 0    -2.5 0 -9999.9 1   438.7 0   305.3 0   304.7 0   453.0 0   301.0 0   301.0 0    13.1 0    49.1 0    80.4 0   -14.3 0    66.1 0    27.2 0    75.7 0     6.2 0   203.9 0   984.9 0
 1996 137  5 16 22 30 22.500  62.33   105.3 0    19.8 0    -2.2 0 -9999.9 1   437.1 0   305.1 0   304.6 0   452.8 0   300.9 0   300.9 0    13.9 0    51.6 0    85.5 0   -15.7 0    69.8 0    27.2 0    75.9 0     6.1 0   203.7 0   984.9 0
 1996 137  5 16 22 33 22.550  62.90    97.4 0    18.5 0    -1.7 0 -9999.9 1   437.1 0   304.9 0   304.4 0   452.5 0   300.8 0   300.8 0    12.8 0    48.1 0    78.9 0   -15.4 0    63.5 0    26.8 0    77.0 0     5.6 0   193.9 0   985.0 0
 1996 137  5 16 22 36 22.600  63.47    84.5 0    16.1 0    -1.6 0 -9999.9 1   437.7 0   304.8 0   304.3 0   451.8 0   300.7 0   300.7 0    11.0 0    42.2 0    68.4 0   -14.0 0    54.4 0    26.8 0    77.6 0     6.3 0   187.0 0   985.0 0
 1996 137  5 16 22 39 22.650  64.04    70.7 0    13.9 0    -1.3 0 -9999.9 1   438.4 0   304.6 0   304.1 0   451.3 0   300.6 0   300.6 0     9.1 0    36.0 0    56.9 0   -12.9 0    44.0 0    26.5 0    78.7 0     5.4 0   189.1 0   985.1 0
 1996 137  5 16 22 42 22.700  64.61    72.9 0    13.9 0    -0.8 0 -9999.9 1   437.9 0   304.5 0   304.0 0   451.1 0   300.5 0   300.5 0     9.0 0    37.0 0    59.0 0   -13.2 0    45.7 0    26.8 0    79.4 0     5.1 0   187.6 0   985.1 0
 1996 137  5 16 22 45 22.750  65.18    75.8 0    14.3 0    -0.5 0 -9999.9 1   437.4 0   304.4 0   303.9 0   450.9 0   300.4 0   300.4 0     8.9 0    38.3 0    61.4 0   -13.5 0    47.9 0    27.1 0    79.8 0     5.3 0   186.5 0   985.2 0
 1996 137  5 16 22 48 22.800  65.75    81.7 0    15.0 0    -0.3 0 -9999.9 1   435.9 0   304.2 0   303.8 0   451.1 0   300.3 0   300.4 0     9.3 0    40.9 0    66.6 0   -15.1 0    51.5 0    27.0 0    79.9 0     5.5 0   187.8 0   985.2 0
 1996 137  5 16 22 51 22.850  66.32    90.0 0    16.7 0    -0.3 0 -9999.9 1   435.1 0   304.1 0   303.7 0   451.0 0   300.3 0   300.3 0     9.9 0    43.0 0    73.4 0   -15.9 0    57.5 0    26.6 0    80.7 0     5.3 0   190.9 0   985.2 0
 1996 137  5 16 22 54 22.900  66.89    95.6 0    17.0 0    -0.3 0 -9999.9 1   435.0 0   304.1 0   303.7 0   451.2 0   300.2 0   300.3 0    10.4 0    47.2 0    78.6 0   -16.3 0    62.4 0    26.6 0    80.3 0     5.4 0   192.1 0   985.2 0
 1996 137  5 16 22 57 22.950  67.46    56.9 0    10.3 0    -0.5 0 -9999.9 1   437.4 0   304.0 0   303.5 0   450.2 0   300.2 0   300.2 0     6.6 0    29.3 0    46.5 0   -12.8 0    33.7 0    26.6 0    80.5 0     4.9 0   192.6 0   985.3 0
 1996 137  5 16 23  0 23.000  68.03    34.1 0     6.4 0    -0.8 0 -9999.9 1   437.7 0   303.9 0   303.4 0   449.0 0   300.1 0   300.1 0     4.1 0    18.9 0    27.7 0   -11.3 0    16.4 0    26.6 0    81.2 0     4.9 0   195.3 0   985.3 0
 1996 137  5 16 23  3 23.050  68.60    26.5 0     5.2 0    -1.0 0 -9999.9 1   436.6 0   303.8 0   303.2 0   448.3 0   300.1 0   300.0 0     3.3 0    15.4 0    21.3 0   -11.7 0     9.6 0    26.5 0    82.0 0     4.8 0   194.9 0   985.4 0
 1996 137  5 16 23  6 23.100  69.17    20.5 0     4.2 0    -0.9 0 -9999.9 1   436.5 0   303.7 0   303.1 0   447.8 0   300.0 0   299.9 0     2.9 0    12.4 0    16.3 0   -11.3 0     4.9 0    26.5 0    82.6 0     5.2 0   197.5 0   985.4 0
 1996 137  5 16 23  9 23.150  69.73    15.4 0     3.1 0    -0.9 0 -9999.9 1   435.5 0   303.5 0   303.0 0   447.2 0   299.9 0   299.9 0     2.9 0     9.7 0    12.3 0   -11.7 0     0.6 0    26.3 0    83.2 0     5.1 0   196.4 0   985.4 0
 1996 137  5 16 23 12 23.200  70.30     9.1 0     2.0 0    -0.7 0 -9999.9 1   436.1 0   303.4 0   302.9 0   446.9 0   299.8 0   299.8 0     2.1 0     6.4 0     7.1 0   -10.8 0    -3.7 0    26.3 0    83.5 0     5.1 0   194.4 0   985.4 0
 1996 137  5 16 23 15 23.250  70.86    12.5 0     2.8 0    -0.5 0 -9999.9 1   434.4 0   303.3 0   302.8 0   446.5 0   299.7 0   299.7 0     2.5 0     8.0 0     9.7 0   -12.1 0    -2.3 0    26.2 0    83.8 0     5.3 0   188.4 0   985.3 0
 1996 137  5 16 23 18 23.300  71.43    27.2 0     5.5 0    -0.2 0 -9999.9 1   429.5 0   303.2 0   302.7 0   446.6 0   299.6 0   299.6 0     4.2 0    14.7 0    21.6 0   -17.1 0     4.5 0    26.2 0    83.8 0     5.8 0   179.8 0   985.0 0
 1996 137  5 16 23 21 23.350  71.99    43.1 0     8.7 0    -0.1 0 -9999.9 1   418.8 0   303.1 0   302.6 0   446.3 0   299.6 0   299.6 0     5.9 0    21.9 0    34.5 0   -27.5 0     7.0 0    26.1 0    83.8 0     6.2 0   175.7 0   984.8 0
 1996 137  5 16 23 24 23.400  72.55    55.0 0    11.0 0     0.0 0 -9999.9 1   413.2 0   303.0 0   302.5 0   445.9 0   299.5 0   299.5 0     6.5 0    27.1 0    44.0 0   -32.7 0    11.3 0    26.1 0    84.0 0     6.0 0   174.5 0   984.7 0
 1996 137  5 16 23 27 23.450  73.11    64.1 0    12.8 0     0.2 0 -9999.9 1   409.3 0   302.9 0   302.5 0   445.8 0   299.4 0   299.5 0     6.6 0    31.2 0    51.3 0   -36.6 0    14.7 0    26.0 0    84.3 0     6.1 0   174.8 0   984.7 0
 1996 137  5 16 23 30 23.500  73.67    72.3 0    14.5 0     0.3 0 -9999.9 1   404.2 0   302.9 0   302.4 0   445.5 0   299.4 0   299.4 0     6.8 0    34.8 0    57.8 0   -41.3 0    16.5 0    25.9 0    84.8 0     5.9 0   173.7 0   984.7 0
 1996 137  5 16 23 33 23.550  74.23    76.8 0    15.3 0     0.3 0 -9999.9 1   401.5 0   302.8 0   302.3 0   445.7 0   299.3 0   299.4 0     6.7 0    36.9 0    61.5 0   -44.2 0    17.3 0    25.8 0    85.5 0     6.0 0   172.6 0   984.6 0
 1996 137  5 16 23 36 23.600  74.79    79.4 0    15.7 0     0.4 0 -9999.9 1   401.3 0   302.8 0   302.3 0   445.7 0   299.3 0   299.3 0     6.5 0    38.0 0    63.7 0   -44.4 0    19.3 0    25.8 0    85.6 0     6.4 0   174.6 0   984.6 0
 1996 137  5 16 23 39 23.650  75.35    79.9 0    15.9 0     0.3 0 -9999.9 1   400.9 0   302.7 0   302.3 0   445.3 0   299.3 0   299.3 0     6.1 0    38.4 0    64.0 0   -44.4 0    19.6 0    25.9 0    85.6 0     6.1 0   170.7 0   984.5 0
 1996 137  5 16 23 42 23.700  75.90    78.4 0    15.8 0     0.1 0 -9999.9 1   401.1 0   302.7 0   302.2 0   445.1 0   299.2 0   299.2 0     5.7 0    37.6 0    62.7 0   -43.9 0    18.7 0    25.7 0    86.0 0     6.2 0   171.6 0   984.5 0
 1996 137  5 16 23 45 23.750  76.46    76.0 0    15.1 0     0.1 0 -9999.9 1   401.8 0   302.6 0   302.2 0   445.1 0   299.2 0   299.2 0     5.3 0    36.4 0    60.8 0   -43.4 0    17.4 0    25.7 0    86.2 0     6.0 0   174.8 0   984.5 0
 1996 137  5 16 23 48 23.800  77.01    73.1 0    14.5 0     0.2 0 -9999.9 1   402.8 0   302.6 0   302.2 0   444.9 0   299.2 0   299.2 0     4.8 0    35.1 0    58.6 0   -42.1 0    16.4 0    25.7 0    86.2 0     6.1 0   178.7 0   984.6 0
 1996 137  5 16 23 51 23.850  77.56    71.2 0    14.3 0     0.1 0 -9999.9 1   402.8 0   302.6 0   302.1 0   444.4 0   299.1 0   299.2 0     4.5 0    34.1 0    57.0 0   -41.6 0    15.3 0    25.6 0    86.4 0     5.8 0   180.7 0   984.6 0
 1996 137  5 16 23 54 23.900  78.11    69.3 0    13.9 0     0.0 0 -9999.9 1   402.8 0   302.5 0   302.1 0   444.0 0   299.1 0   299.1 0     4.2 0    33.1 0    55.4 0   -41.2 0    14.2 0    25.6 0    86.7 0     5.5 0   179.5 0   984.6 0
 1996 137  5 16 23 57 23.950  78.66    66.2 0    13.2 0     0.0 0 -9999.9 1   403.1 0   302.5 0   302.0 0   444.0 0   299.0 0   299.1 0     3.9 0    31.7 0    53.0 0   -40.9 0    12.1 0    25.6 0    86.9 0     5.7 0   180.0 0   984.5 0
