 Bondville
   40.05  -88.37  213 m version 1
 2004 160  6  8  0  0  0.000  76.55   177.9 0    59.2 0   415.7 0   106.5 0   409.6 0   308.3 0   306.9 0   458.8 0   302.2 0   302.3 0     8.2 0    85.6 0   144.0 0   -49.2 0    94.8 0    28.5 0    53.1 0     9.0 0   182.1 0   988.7 0
 2004 160  6  8  0  3  0.050  77.09   171.9 0    56.9 0   402.7 0   107.1 0   413.9 0   308.2 0   306.8 0   458.9 0   302.2 0   302.2 0     7.6 0    82.0 0   140.1 0   -45.0 0    95.1 0    28.5 0    53.6 0     8.7 0   185.6 0   988.7 0
 2004 160  6  8  0  6  0.100  77.63   114.1 0    37.4 0   244.2 0    84.6 0   404.2 0   308.1 0   306.8 0   457.7 0   302.1 0   302.2 0     7.3 0    58.2 0    99.5 0   -53.5 0    46.0 0    28.5 0    54.2 0     7.6 0   193.4 0   988.7 0
 2004 160  6  8  0  9  0.150  78.17    60.5 0    17.7 0    74.1 0    63.1 0   396.6 0   307.9 0   306.9 0   454.2 0   302.1 0   302.0 0     6.8 0    37.0 0    60.6 0   -57.6 0     3.0 0    28.4 0    55.2 0     5.3 0   197.8 0   988.7 0
 2004 160  6  8  0 12  0.200  78.70    84.7 0    30.8 0   234.2 0    58.8 0   395.5 0   307.8 0   306.5 0   454.4 0   301.9 0   301.9 0     6.3 0    43.8 0    73.9 0   -58.9 0    15.0 0    28.3 0    54.8 0     7.5 0   198.6 0   988.7 0
 2004 160  6  8  0 15  0.250  79.24    99.0 0    37.7 0   328.5 0    59.7 0   396.0 0   307.6 0   306.3 0   454.7 0   301.8 0   301.8 0     5.8 0    49.6 0    83.4 0   -58.7 0    24.7 0    28.2 0    54.8 0     7.8 0   198.1 0   988.7 0
 2004 160  6  8  0 18  0.300  79.77    92.3 0    35.3 0   316.8 0    58.5 0   395.7 0   307.4 0   306.2 0   454.4 0   301.8 0   301.8 0     5.3 0    47.3 0    79.5 0   -58.7 0    20.8 0    28.2 0    55.3 0     6.7 0   196.5 0   988.7 0
 2004 160  6  8  0 21  0.350  80.30    86.3 0    33.2 0   302.3 0    57.5 0   395.3 0   307.3 0   306.2 0   454.1 0   301.7 0   301.7 0     4.8 0    45.1 0    75.2 0   -58.8 0    16.5 0    28.1 0    55.8 0     7.3 0   197.0 0   988.7 0
 2004 160  6  8  0 24  0.400  80.82    77.9 0    30.6 0   285.8 0    54.0 0   394.3 0   307.2 0   306.0 0   454.0 0   301.6 0   301.6 0     4.5 0    41.3 0    69.0 0   -59.7 0     9.4 0    28.1 0    55.6 0     7.8 0   196.4 0   988.7 0
 2004 160  6  8  0 27  0.450  81.35    69.6 0    27.9 0   271.4 0    50.0 0   392.4 0   307.1 0   306.0 0   452.7 0   301.5 0   301.5 0     4.1 0    37.7 0    62.9 0   -60.3 0     2.6 0    28.0 0    55.9 0     6.4 0   196.6 0   988.7 0
 2004 160  6  8  0 30  0.500  81.87    64.5 0    26.4 0   269.9 0    47.2 0   392.0 0   307.0 0   305.8 0   451.9 0   301.4 0   301.4 0     3.7 0    35.9 0    58.9 0   -60.0 0    -1.0 0    27.9 0    56.4 0     7.1 0   196.4 0   988.7 0
 2004 160  6  8  0 33  0.550  82.39    58.6 0    24.6 0   257.7 0    44.9 0   392.0 0   306.8 0   305.6 0   451.8 0   301.4 0   301.4 0     3.3 0    33.4 0    54.4 0   -59.7 0    -5.3 0    27.8 0    56.4 0     7.0 0   195.7 0   988.6 0
 2004 160  6  8  0 36  0.600  82.91    52.5 0    22.5 0   241.6 0    42.6 0   391.8 0   306.7 0   305.5 0   451.5 0   301.3 0   301.3 0     3.0 0    30.5 0    49.9 0   -59.7 0    -9.8 0    27.8 0    56.8 0     7.1 0   197.2 0   988.6 0
 2004 160  6  8  0 39  0.650  83.42    46.2 0    20.3 0   223.9 0    39.9 0   391.1 0   306.5 0   305.4 0   450.8 0   301.2 0   301.2 0     2.7 0    27.3 0    45.2 0   -59.7 0   -14.5 0    27.7 0    57.4 0     6.4 0   194.0 0   988.6 0
 2004 160  6  8  0 42  0.700  83.93    39.9 0    18.1 0   204.1 0    36.8 0   389.6 0   306.4 0   305.4 0   449.9 0   301.1 0   301.1 0     2.4 0    24.0 0    40.2 0   -60.3 0   -20.1 0    27.6 0    58.2 0     6.0 0   188.8 0   988.6 0
 2004 160  6  8  0 45  0.750  84.44    33.4 0    15.7 0   176.3 0    33.8 0   388.5 0   306.3 0   305.2 0   449.6 0   301.0 0   301.0 0     2.1 0    20.7 0    35.2 0   -61.0 0   -25.8 0    27.5 0    58.3 0     6.6 0   188.4 0   988.6 0
 2004 160  6  8  0 48  0.800  84.95    28.8 0    14.0 0   160.6 0    31.6 0   388.3 0   306.1 0   305.0 0   449.2 0   300.9 0   300.9 0     1.8 0    18.6 0    31.7 0   -60.9 0   -29.3 0    27.5 0    58.0 0     6.6 0   192.9 0   988.6 0
 2004 160  6  8  0 51  0.850  85.44    24.3 0    12.4 0   143.2 0    29.2 0   388.1 0   306.0 0   304.9 0   448.5 0   300.9 0   300.8 0     1.6 0    16.4 0    28.2 0   -60.4 0   -32.2 0    27.4 0    58.3 0     6.1 0   192.4 0   988.6 0
 2004 160  6  8  0 54  0.900  85.94    19.5 0    10.6 0   124.0 0    26.6 0   387.5 0   305.8 0   304.8 0   447.8 0   300.8 0   300.8 0     1.4 0    14.3 0    24.8 0   -60.3 0   -35.5 0    27.3 0    58.3 0     5.9 0   193.3 0   988.6 0
 2004 160  6  8  0 57  0.950  86.43    14.5 0     9.0 0   102.2 0    24.0 0   386.5 0   305.7 0   304.7 0   446.2 0   300.7 0   300.6 0     1.2 0    12.4 0    21.3 0   -59.7 0   -38.4 0    27.2 0    59.1 0     5.1 0   192.1 0   988.6 0
 2004 160  6  8  1  0  1.000  86.91    10.0 0     7.3 0    77.6 0    21.3 0   386.3 0   305.5 0   304.5 0   446.2 0   300.6 0   300.5 0     1.0 0    10.5 0    18.2 0   -59.9 0   -41.7 0    27.1 0    59.7 0     5.5 0   195.3 0   988.6 0
 2004 160  6  8  1  3  1.050  87.39     7.0 0     5.8 0    55.1 0    18.7 0   386.3 0   305.3 0   304.3 0   446.2 0   300.5 0   300.4 0     0.9 0     8.9 0    15.5 0   -59.9 0   -44.4 0    27.0 0    59.9 0     6.2 0   193.3 0   988.6 0
 2004 160  6  8  1  6  1.100  87.86     5.0 0     4.8 0    34.4 0    16.2 0   385.9 0   305.1 0   304.1 0   445.8 0   300.4 0   300.3 0     0.8 0     7.4 0    12.7 0   -59.9 0   -47.2 0    27.0 0    60.1 0     6.0 0   196.6 0   988.6 0
 2004 160  6  8  1  9  1.150  88.31     3.0 0     3.8 0    17.4 0    13.7 0   385.4 0   305.0 0   303.9 0   445.5 0   300.3 0   300.2 0     0.7 0     6.1 0    10.4 0   -60.0 0   -49.6 0    26.9 0    60.3 0     6.2 0   195.4 0   988.6 0
 2004 160  6  8  1 12  1.200  88.75     1.0 0     3.1 0     7.6 0    11.3 0   384.0 0   304.8 0   303.9 0   444.4 0   300.2 0   300.1 0     0.6 0     4.9 0     8.4 0   -60.4 0   -52.0 0    26.8 0    60.8 0     5.3 0   194.1 0   988.6 0
 2004 160  6  8  1 15  1.250  89.17    -0.7 0     2.5 0     2.1 0     9.3 0   383.3 0   304.6 0   303.7 0   443.4 0   300.0 0   300.0 0     0.4 0     4.0 0     6.8 0   -60.1 0   -53.3 0    26.6 0    61.4 0     5.4 0   191.1 0   988.6 0
 2004 160  6  8  1 18  1.300  89.56    -2.3 0     1.9 0    -0.7 0     7.6 0   383.4 0   304.4 0   303.5 0   443.1 0   299.9 0   299.9 0     0.4 0     3.2 0     5.6 0   -59.8 0   -54.1 0    26.5 0    61.6 0     5.4 0   192.6 0   988.7 0
 2004 160  6  8  1 21  1.350  89.92    -3.6 0     1.6 0    -1.4 0     6.1 0   382.1 0   304.3 0   303.4 0   442.3 0   299.8 0   299.8 0     0.3 0     2.5 0     4.5 0   -60.2 0   -55.7 0    26.5 0    61.9 0     5.4 0   190.7 0   988.7 0
 2004 160  6  8  1 24  1.400  91.14    -4.6 0     1.3 0    -2.0 0     4.8 0   380.2 0   304.1 0   303.3 0   441.9 0   299.7 0   299.7 0     0.0 0     1.9 0     3.5 0   -61.7 0   -58.3 0    26.4 0    62.2 0     5.4 0   188.5 0   988.7 0
 2004 160  6  8  1 27  1.450  91.63    -5.3 0     1.1 0    -2.0 0     4.0 0   379.6 0   304.0 0   303.1 0   441.4 0   299.6 0   299.6 0     0.0 0     1.4 0     2.9 0   -61.8 0   -58.9 0    26.3 0    62.5 0     5.5 0   186.0 0   988.7 0
 2004 160  6  8  1 30  1.500  92.12    -6.0 0     0.9 0    -1.9 0     3.2 0   378.5 0   303.8 0   303.0 0   440.6 0   299.5 0   299.5 0     0.0 0     1.0 0     2.3 0   -62.0 0   -59.7 0    26.2 0    62.8 0     5.3 0   186.0 0   988.7 0
 2004 160  6  8  1 33  1.550  92.60    -6.6 0     0.7 0    -1.4 0     2.5 0   378.4 0   303.7 0   302.9 0   440.7 0   299.4 0   299.4 0     0.0 0     0.7 0     1.8 0   -62.2 0   -60.5 0    26.1 0    62.7 0     5.5 0   186.5 0   988.8 0
 2004 160  6  8  1 36  1.600  93.08    -7.1 0     0.7 0    -1.3 0     2.0 0   378.3 0   303.5 0   302.7 0   440.1 0   299.4 0   299.3 0     0.0 0     0.5 0     1.3 0   -61.8 0   -60.5 0    26.1 0    62.9 0     5.4 0   185.1 0   988.8 0
 2004 160  6  8  1 39  1.650  93.55    -7.4 0     0.6 0    -1.3 0     1.7 0   378.6 0   303.4 0   302.6 0   439.4 0   299.3 0   299.2 0     0.0 0     0.3 0     1.1 0   -60.8 0   -59.7 0    26.0 0    63.2 0     5.1 0   187.6 0   988.9 0
 2004 160  6  8  1 42  1.700  94.03    -7.6 0     0.5 0    -1.2 0     1.3 0   378.9 0   303.3 0   302.5 0   438.8 0   299.2 0   299.1 0     0.0 0     0.2 0     0.8 0   -59.9 0   -59.1 0    25.9 0    63.4 0     4.9 0   187.5 0   988.9 0
 2004 160  6  8  1 45  1.750  94.50    -7.7 0     0.6 0    -1.4 0     1.3 0   378.3 0   303.2 0   302.5 0   437.7 0   299.1 0   299.0 0     0.0 0     0.1 0     0.8 0   -59.4 0   -58.7 0    25.8 0    63.8 0     4.7 0   186.2 0   989.0 0
 2004 160  6  8  1 48  1.800  94.97    -7.7 0     0.3 0    -1.4 0     1.2 0   378.2 0   303.1 0   302.4 0   437.2 0   299.0 0   298.9 0     0.0 0     0.1 0     0.9 0   -59.0 0   -58.1 0    25.7 0    64.0 0     4.7 0   186.3 0   989.0 0
 2004 160  6  8  1 51  1.850  95.43    -7.8 0     0.3 0    -1.3 0     1.1 0   378.2 0   303.0 0   302.2 0   436.4 0   298.9 0   298.8 0     0.0 0     0.1 0     0.9 0   -58.2 0   -57.4 0    25.6 0    64.3 0     4.6 0   186.8 0   989.1 0
 2004 160  6  8  1 54  1.900  95.89    -7.9 0     0.2 0    -1.2 0     1.1 0   378.1 0   302.9 0   302.2 0   435.9 0   298.8 0   298.8 0     0.0 0     0.1 0     0.9 0   -57.8 0   -56.9 0    25.6 0    64.7 0     4.5 0   185.4 0   989.1 0
 2004 160  6  8  1 57  1.950  96.35    -7.8 0     0.4 0    -1.3 0     1.2 0   377.4 0   302.8 0   302.1 0   435.2 0   298.7 0   298.7 0     0.0 0     0.1 0     0.0 0   -57.7 0   -57.7 0    25.4 0    65.4 0     4.2 0   180.2 0   989.1 0
 2004 160  6  8  2  0  2.000  96.81    -7.7 0     0.3 0    -1.3 0     1.1 0   377.2 0   302.7 0   302.0 0   434.6 0   298.6 0   298.6 0     0.0 0     0.0 0     0.0 0   -57.3 0   -57.3 0    25.3 0    65.8 0     4.2 0   179.9 0   989.1 0
 2004 160  6  8  2  3  2.050  97.26    -7.7 0     0.3 0    -1.2 0     1.1 0   377.3 0   302.6 0   301.9 0   434.4 0   298.5 0   298.5 0     0.0 0     0.1 0     0.0 0   -57.1 0   -57.1 0    25.2 0    66.2 0     4.4 0   183.3 0   989.1 0
 2004 160  6  8  2  6  2.100  97.71    -7.8 0     0.1 0    -1.0 0     1.1 0   377.6 0   302.5 0   301.8 0   434.4 0   298.4 0   298.4 0     0.0 0     0.1 0     0.0 0   -56.8 0   -56.8 0    25.2 0    66.4 0     4.3 0   185.3 0   989.2 0
 2004 160  6  8  2  9  2.150  98.16    -7.7 0     0.2 0    -1.2 0     1.1 0   378.2 0   302.4 0   301.7 0   434.2 0   298.4 0   298.3 0     0.0 0     0.1 0     0.0 0   -56.0 0   -56.0 0    25.1 0    66.7 0     4.5 0   187.5 0   989.3 0
 2004 160  6  8  2 12  2.200  98.60    -7.7 0     0.0 0    -0.9 0     1.1 0   378.5 0   302.3 0   301.6 0   434.1 0   298.3 0   298.2 0     0.0 0     0.1 0     0.0 0   -55.6 0   -55.6 0    25.1 0    66.8 0     4.5 0   188.8 0   989.4 0
 2004 160  6  8  2 15  2.250  99.04    -7.7 0     0.0 0    -0.6 0     1.1 0   379.1 0   302.2 0   301.5 0   433.9 0   298.2 0   298.2 0     0.0 0     0.1 0     0.0 0   -54.7 0   -54.7 0    25.1 0    67.0 0     4.5 0   189.9 0   989.4 0
 2004 160  6  8  2 18  2.300  99.47    -7.7 0     0.0 0    -0.6 0     1.1 0   379.2 0   302.1 0   301.5 0   433.6 0   298.2 0   298.1 0     0.0 0     0.1 0     0.0 0   -54.4 0   -54.4 0    25.0 0    67.1 0     4.3 0   189.2 0   989.5 0
 2004 160  6  8  2 21  2.350  99.90    -7.6 0     0.0 0    -0.6 0     1.1 0   379.3 0   302.0 0   301.4 0   433.1 0   298.1 0   298.1 0     0.0 0     0.1 0     0.0 0   -53.8 0   -53.8 0    24.9 0    67.6 0     4.0 0   189.3 0   989.6 0
 2004 160  6  8  2 24  2.400 100.33    -7.6 0     0.0 0    -0.5 0     1.0 0   379.3 0   302.0 0   301.3 0   433.2 0   298.0 0   298.0 0     0.0 0     0.1 0     0.0 0   -53.9 0   -53.9 0    24.9 0    67.6 0     4.2 0   188.8 0   989.6 0
 2004 160  6  8  2 27  2.450 100.76    -7.6 0     0.0 0    -0.8 0     1.1 0   378.9 0   301.9 0   301.3 0   432.4 0   298.0 0   298.0 0     0.0 0     0.1 0     0.0 0   -53.5 0   -53.5 0    24.9 0    67.8 0     4.1 0   185.4 0   989.6 0
 2004 160  6  8  2 30  2.500 101.18    -7.5 0     0.0 0    -0.9 0     1.1 0   378.8 0   301.8 0   301.2 0   432.1 0   297.9 0   297.9 0     0.0 0     0.0 0     0.0 0   -53.3 0   -53.3 0    24.8 0    68.1 0     4.2 0   184.1 0   989.6 0
 2004 160  6  8  2 33  2.550 101.59    -7.5 0     0.1 0    -1.1 0     1.1 0   378.8 0   301.8 0   301.2 0   431.3 0   297.9 0   297.8 0     0.0 0     0.0 0     0.0 0   -52.5 0   -52.5 0    24.7 0    68.7 0     3.9 0   181.5 0   989.7 0
 2004 160  6  8  2 36  2.600 102.01    -7.5 0     0.0 0    -0.8 0     1.0 0   379.1 0   301.7 0   301.1 0   431.2 0   297.8 0   297.8 0     0.0 0     0.0 0     0.0 0   -52.1 0   -52.1 0    24.6 0    69.0 0     3.7 0   179.8 0   989.7 0
 2004 160  6  8  2 39  2.650 102.42    -7.5 0     0.0 0    -0.8 0     1.1 0   379.2 0   301.7 0   301.1 0   431.0 0   297.7 0   297.7 0     0.0 0     0.1 0     0.0 0   -51.8 0   -51.8 0    24.6 0    69.1 0     3.9 0   180.8 0   989.8 0
 2004 160  6  8  2 42  2.700 102.82    -7.5 0     0.0 0    -0.5 0     1.1 0   379.1 0   301.6 0   301.0 0   431.3 0   297.7 0   297.6 0     0.0 0     0.1 0     0.0 0   -52.1 0   -52.1 0    24.6 0    69.2 0     4.1 0   182.6 0   989.9 0
 2004 160  6  8  2 45  2.750 103.22    -7.5 0    -0.1 0    -0.4 0     1.0 0   379.6 0   301.5 0   300.9 0   431.6 0   297.6 0   297.6 0     0.0 0     0.1 0     0.0 0   -52.0 0   -52.0 0    24.6 0    69.2 0     4.3 0   184.8 0   989.9 0
 2004 160  6  8  2 48  2.800 103.62    -7.5 0     0.0 0    -0.4 0     1.0 0   379.7 0   301.5 0   300.9 0   431.4 0   297.6 0   297.6 0     0.0 0     0.1 0     0.0 0   -51.7 0   -51.7 0    24.5 0    69.4 0     4.4 0   184.4 0   990.0 0
 2004 160  6  8  2 51  2.850 104.01    -7.5 0    -0.1 0    -0.4 0     1.0 0   380.2 0   301.4 0   300.8 0   431.6 0   297.6 0   297.5 0     0.0 0     0.0 0     0.0 0   -51.3 0   -51.3 0    24.5 0    69.5 0     4.3 0   184.1 0   990.0 0
 2004 160  6  8  2 54  2.900 104.40    -7.5 0     0.0 0    -0.4 0     1.0 0   380.1 0   301.4 0   300.8 0   431.3 0   297.5 0   297.5 0     0.0 0     0.0 0     0.0 0   -51.2 0   -51.2 0    24.4 0    69.8 0     4.3 0   185.0 0   990.1 0
 2004 160  6  8  2 57  2.950 104.78    -7.5 0    -0.1 0    -0.3 0     1.0 0   380.1 0   301.4 0   300.8 0   431.4 0   297.5 0   297.5 0     0.0 0     0.1 0     0.0 0   -51.4 0   -51.4 0    24.4 0    69.8 0     4.3 0   184.0 0   990.1 0
 2004 160  6  8  3  0  3.000 105.16    -7.5 0     0.0 0    -0.5 0     1.1 0   379.7 0   301.3 0   300.7 0   430.6 0   297.5 0   297.4 0     0.0 0     0.1 0     0.0 0   -50.9 0   -50.9 0    24.4 0    70.2 0     4.0 0   182.8 0   990.1 0
 2004 160  6  8  3  3  3.050 105.54    -7.5 0     0.0 0    -0.6 0     1.1 0   379.4 0   301.3 0   300.7 0   430.0 0   297.4 0   297.4 0     0.0 0     0.1 0     0.0 0   -50.6 0   -50.6 0    24.3 0    70.6 0     3.8 0   181.8 0   990.1 0
 2004 160  6  8  3  6  3.100 105.91    -7.4 0     0.0 0    -1.0 0     1.2 0   379.2 0   301.2 0   300.7 0   429.3 0   297.4 0   297.3 0     0.0 0     0.1 0     0.0 0   -50.1 0   -50.1 0    24.2 0    71.1 0     3.7 0   180.9 0   990.1 0
 2004 160  6  8  3  9  3.150 106.27    -7.4 0     0.0 0    -0.8 0     1.1 0   379.3 0   301.2 0   300.7 0   429.1 0   297.3 0   297.3 0     0.0 0     0.0 0     0.0 0   -49.8 0   -49.8 0    24.2 0    71.3 0     3.8 0   177.8 0   990.1 0
 2004 160  6  8  3 12  3.200 106.63    -7.4 0     0.0 0    -0.6 0     1.1 0   379.0 0   301.2 0   300.6 0   429.0 0   297.2 0   297.2 0     0.0 0     0.1 0     0.0 0   -50.0 0   -50.0 0    24.1 0    71.5 0     3.7 0   177.5 0   990.1 0
 2004 160  6  8  3 15  3.250 106.99    -7.3 0     0.0 0    -0.6 0     1.1 0   378.9 0   301.1 0   300.6 0   428.7 0   297.2 0   297.2 0     0.0 0     0.1 0     0.0 0   -49.8 0   -49.8 0    24.1 0    71.8 0     3.9 0   180.1 0   990.2 0
 2004 160  6  8  3 18  3.300 107.34    -7.3 0     0.0 0    -0.7 0     1.1 0   378.7 0   301.1 0   300.5 0   428.8 0   297.2 0   297.1 0     0.0 0     0.0 0     0.0 0   -50.0 0   -50.0 0    24.1 0    72.0 0     3.9 0   179.8 0   990.2 0
 2004 160  6  8  3 21  3.350 107.69    -7.3 0     0.0 0    -0.4 0     1.1 0   378.6 0   301.0 0   300.5 0   429.0 0   297.1 0   297.1 0     0.0 0     0.1 0     0.0 0   -50.4 0   -50.4 0    24.0 0    72.1 0     4.1 0   180.5 0   990.2 0
 2004 160  6  8  3 24  3.400 108.03    -7.3 0     0.0 0    -0.4 0     1.1 0   378.4 0   301.0 0   300.4 0   428.8 0   297.1 0   297.0 0     0.0 0     0.1 0     0.0 0   -50.4 0   -50.4 0    24.0 0    72.5 0     3.9 0   180.0 0   990.2 0
 2004 160  6  8  3 27  3.450 108.36    -7.4 0     0.0 0    -0.4 0     1.1 0   378.2 0   301.0 0   300.4 0   428.5 0   297.0 0   297.0 0     0.0 0     0.1 0     0.0 0   -50.3 0   -50.3 0    23.9 0    72.8 0     3.8 0   180.1 0   990.2 0
 2004 160  6  8  3 30  3.500 108.70    -7.3 0    -0.1 0    -0.4 0     1.1 0   377.8 0   300.9 0   300.4 0   428.1 0   297.0 0   297.0 0     0.0 0     0.1 0     0.0 0   -50.3 0   -50.3 0    23.9 0    73.0 0     3.8 0   178.4 0   990.2 0
 2004 160  6  8  3 33  3.550 109.02    -7.3 0    -0.1 0    -0.4 0     1.1 0   377.7 0   300.9 0   300.3 0   428.2 0   296.9 0   296.9 0     0.0 0     0.0 0     0.0 0   -50.5 0   -50.5 0    23.9 0    73.0 0     3.8 0   178.4 0   990.2 0
 2004 160  6  8  3 36  3.600 109.34    -7.3 0    -0.2 0    -0.2 0     1.1 0   377.7 0   300.8 0   300.3 0   428.8 0   296.9 0   296.9 0     0.0 0     0.0 0     0.0 0   -51.1 0   -51.1 0    23.9 0    72.8 0     4.0 0   178.6 0   990.2 0
 2004 160  6  8  3 39  3.650 109.66    -7.3 0    -0.2 0    -0.4 0     1.1 0   377.3 0   300.8 0   300.3 0   428.6 0   296.9 0   296.9 0     0.0 0     0.1 0     0.0 0   -51.3 0   -51.3 0    23.9 0    73.0 0     3.9 0   179.2 0   990.2 0
 2004 160  6  8  3 42  3.700 109.96    -7.3 0    -0.1 0    -0.3 0     1.0 0   377.0 0   300.8 0   300.2 0   428.1 0   296.9 0   296.9 0     0.0 0     0.1 0     0.0 0   -51.1 0   -51.1 0    23.9 0    73.3 0     3.6 0   176.9 0   990.3 0
 2004 160  6  8  3 45  3.750 110.27    -7.3 0    -0.1 0    -0.3 0     1.1 0   376.7 0   300.8 0   300.2 0   427.6 0   296.9 0   296.8 0     0.0 0     0.1 0     0.0 0   -50.9 0   -50.9 0    23.8 0    73.5 0     3.5 0   176.9 0   990.3 0
 2004 160  6  8  3 48  3.800 110.57    -7.3 0     0.0 0    -0.5 0     1.1 0   376.3 0   300.7 0   300.2 0   427.2 0   296.8 0   296.8 0     0.0 0     0.1 0     0.0 0   -50.9 0   -50.9 0    23.8 0    73.9 0     3.6 0   174.4 0   990.3 0
 2004 160  6  8  3 51  3.850 110.86    -7.2 0     0.0 0    -0.9 0     1.2 0   376.0 0   300.7 0   300.2 0   426.6 0   296.8 0   296.8 0     0.0 0     0.0 0     0.0 0   -50.6 0   -50.6 0    23.7 0    74.2 0     3.5 0   174.6 0   990.4 0
 2004 160  6  8  3 54  3.900 111.14    -7.2 0     0.0 0    -0.9 0     1.2 0   376.0 0   300.7 0   300.2 0   426.1 0   296.7 0   296.7 0     0.0 0     0.0 0     0.0 0   -50.1 0   -50.1 0    23.6 0    74.5 0     3.2 0   176.1 0   990.5 0
 2004 160  6  8  3 57  3.950 111.42    -7.2 0     0.1 0    -0.9 0     1.2 0   376.0 0   300.6 0   300.1 0   425.4 0   296.7 0   296.6 0     0.0 0     0.0 0     0.0 0   -49.4 0   -49.4 0    23.5 0    74.9 0     3.3 0   176.0 0   990.5 0
 2004 160  6  8  4  0  4.000 111.70    -7.3 0     0.0 0    -0.8 0     1.2 0   375.8 0   300.6 0   300.1 0   425.7 0   296.6 0   296.6 0     0.0 0     0.0 0     0.0 0   -49.9 0   -49.9 0    23.5 0    75.1 0     3.5 0   175.6 0   990.5 0
 2004 160  6  8  4  3  4.050 111.97    -7.3 0     0.0 0    -0.6 0     1.2 0   375.9 0   300.6 0   300.0 0   425.7 0   296.6 0   296.5 0     0.0 0     0.0 0     0.0 0   -49.9 0   -49.9 0    23.5 0    75.3 0     3.6 0   174.8 0   990.4 0
 2004 160  6  8  4  6  4.100 112.23    -7.3 0    -0.1 0    -0.5 0     1.2 0   375.8 0   300.5 0   300.0 0   425.8 0   296.5 0   296.5 0     0.0 0     0.0 0     0.0 0   -50.0 0   -50.0 0    23.5 0    75.3 0     4.0 0   174.9 0   990.4 0
 2004 160  6  8  4  9  4.150 112.49    -7.3 0    -0.1 0    -0.3 0     1.1 0   375.5 0   300.5 0   299.9 0   426.3 0   296.5 0   296.5 0     0.0 0     0.0 0     0.0 0   -50.7 0   -50.7 0    23.5 0    75.3 0     4.0 0   174.3 0   990.4 0
 2004 160  6  8  4 12  4.200 112.74    -7.3 0    -0.2 0    -0.2 0     1.1 0   375.6 0   300.4 0   299.8 0   426.7 0   296.5 0   296.5 0     0.0 0     0.0 0     0.0 0   -51.1 0   -51.1 0    23.5 0    75.2 0     4.3 0   174.7 0   990.5 0
 2004 160  6  8  4 15  4.250 112.98    -7.3 0    -0.1 0    -0.2 0     1.0 0   375.4 0   300.4 0   299.8 0   426.6 0   296.4 0   296.4 0     0.0 0     0.0 0     0.0 0   -51.2 0   -51.2 0    23.4 0    75.4 0     4.1 0   174.9 0   990.5 0
 2004 160  6  8  4 18  4.300 113.22    -7.3 0    -0.1 0    -0.2 0     1.0 0   374.8 0   300.4 0   299.7 0   426.8 0   296.4 0   296.4 0     0.0 0     0.0 0     0.0 0   -52.0 0   -52.0 0    23.4 0    75.5 0     4.2 0   175.5 0   990.5 0
 2004 160  6  8  4 21  4.350 113.45    -7.3 0    -0.1 0    -0.2 0     1.0 0   374.6 0   300.3 0   299.7 0   426.7 0   296.4 0   296.4 0     0.0 0     0.0 0     0.0 0   -52.1 0   -52.1 0    23.4 0    75.4 0     4.4 0   176.7 0   990.5 0
 2004 160  6  8  4 24  4.400 113.67    -7.3 0    -0.2 0    -0.2 0     1.0 0   374.3 0   300.3 0   299.7 0   426.9 0   296.4 0   296.4 0     0.0 0     0.0 0     0.0 0   -52.6 0   -52.6 0    23.4 0    75.3 0     4.2 0   176.0 0   990.5 0
 2004 160  6  8  4 27  4.450 113.89    -7.3 0    -0.2 0    -0.2 0     1.0 0   374.1 0   300.3 0   299.7 0   427.1 0   296.4 0   296.4 0     0.0 0     0.0 0     0.0 0   -53.0 0   -53.0 0    23.4 0    75.3 0     4.4 0   177.4 0   990.6 0
 2004 160  6  8  4 30  4.500 114.10    -7.4 0    -0.1 0    -0.2 0     1.0 0   373.9 0   300.2 0   299.7 0   426.8 0   296.4 0   296.4 0     0.0 0     0.0 0     0.0 0   -52.9 0   -52.9 0    23.4 0    75.4 0     4.0 0   179.3 0   990.6 0
 2004 160  6  8  4 33  4.550 114.30    -7.3 0    -0.2 0    -0.3 0     1.0 0   373.7 0   300.2 0   299.6 0   426.9 0   296.4 0   296.3 0     0.0 0     0.0 0     0.0 0   -53.2 0   -53.2 0    23.4 0    75.4 0     4.4 0   177.4 0   990.6 0
 2004 160  6  8  4 36  4.600 114.50    -7.4 0     0.0 0    -0.4 0     1.0 0   373.6 0   300.2 0   299.6 0   426.3 0   296.3 0   296.3 0     0.0 0     0.0 0     0.0 0   -52.7 0   -52.7 0    23.3 0    75.8 0     4.2 0   176.3 0   990.6 0
 2004 160  6  8  4 39  4.650 114.69    -7.4 0    -0.1 0    -0.3 0     1.0 0   373.2 0   300.2 0   299.6 0   426.4 0   296.3 0   296.3 0     0.0 0     0.1 0     0.0 0   -53.2 0   -53.2 0    23.3 0    75.9 0     4.3 0   174.2 0   990.7 0
 2004 160  6  8  4 42  4.700 114.88    -7.4 0     0.1 0    -0.4 0     1.1 0   372.7 0   300.2 0   299.6 0   425.9 0   296.3 0   296.3 0     0.0 0     0.0 0     0.0 0   -53.2 0   -53.2 0    23.2 0    76.4 0     4.3 0   173.5 0   990.7 0
 2004 160  6  8  4 45  4.750 115.05    -7.4 0     0.0 0    -0.5 0     1.1 0   372.4 0   300.1 0   299.5 0   426.0 0   296.3 0   296.2 0     0.0 0     0.0 0     0.0 0   -53.6 0   -53.6 0    23.1 0    76.5 0     4.6 0   174.8 0   990.6 0
 2004 160  6  8  4 48  4.800 115.22    -7.4 0     0.0 0    -0.3 0     1.0 0   372.0 0   300.1 0   299.5 0   426.1 0   296.2 0   296.2 0     0.0 0     0.0 0     0.0 0   -54.1 0   -54.1 0    23.1 0    76.5 0     4.5 0   172.7 0   990.6 0
 2004 160  6  8  4 51  4.850 115.38    -7.4 0     0.1 0    -0.4 0     1.1 0   371.8 0   300.1 0   299.5 0   425.9 0   296.2 0   296.2 0     0.0 0     0.0 0     0.0 0   -54.1 0   -54.1 0    23.1 0    77.0 0     4.7 0   173.8 0   990.6 0
 2004 160  6  8  4 54  4.900 115.54    -7.5 0     0.0 0    -0.5 0     1.0 0   371.3 0   300.1 0   299.4 0   425.7 0   296.2 0   296.1 0     0.0 0     0.0 0     0.0 0   -54.4 0   -54.4 0    23.0 0    77.1 0     4.6 0   172.4 0   990.7 0
 2004 160  6  8  4 57  4.950 115.69    -7.4 0     0.1 0    -0.5 0     1.1 0   371.0 0   300.0 0   299.4 0   425.5 0   296.1 0   296.1 0     0.0 0     0.0 0     0.0 0   -54.5 0   -54.5 0    23.0 0    77.4 0     4.3 0   172.2 0   990.7 0
 2004 160  6  8  5  0  5.000 115.83    -7.4 0     0.1 0    -0.4 0     1.1 0   371.3 0   300.0 0   299.4 0   425.4 0   296.1 0   296.0 0     0.0 0     0.0 0     0.0 0   -54.1 0   -54.1 0    22.9 0    77.7 0     4.4 0   175.1 0   990.7 0
 2004 160  6  8  5  3  5.050 115.96    -7.4 0     0.0 0    -0.4 0     1.1 0   371.2 0   300.0 0   299.4 0   425.2 0   296.0 0   296.0 0     0.0 0     0.0 0     0.0 0   -54.0 0   -54.0 0    22.9 0    77.6 0     4.1 0   177.0 0   990.7 0
 2004 160  6  8  5  6  5.100 116.09    -7.4 0     0.0 0    -0.5 0     1.1 0   371.1 0   300.0 0   299.4 0   424.9 0   296.0 0   296.0 0     0.0 0     0.0 0     0.0 0   -53.8 0   -53.8 0    22.9 0    77.9 0     4.2 0   179.7 0   990.8 0
 2004 160  6  8  5  9  5.150 116.21    -7.4 0     0.0 0    -0.5 0     1.1 0   370.8 0   299.9 0   299.4 0   424.6 0   296.0 0   295.9 0     0.0 0     0.0 0     0.0 0   -53.8 0   -53.8 0    22.9 0    78.0 0     4.1 0   181.0 0   990.8 0
 2004 160  6  8  5 12  5.200 116.32    -7.3 0    -0.1 0    -0.5 0     1.1 0   370.9 0   299.9 0   299.3 0   424.5 0   295.9 0   295.9 0     0.0 0     0.0 0     0.0 0   -53.6 0   -53.6 0    22.9 0    78.1 0     3.9 0   178.7 0   990.8 0
 2004 160  6  8  5 15  5.250 116.42    -7.3 0    -0.1 0    -0.4 0     1.1 0   370.9 0   299.9 0   299.3 0   424.6 0   295.9 0   295.9 0     0.0 0     0.0 0     0.0 0   -53.7 0   -53.7 0    22.9 0    78.1 0     4.4 0   180.1 0   990.9 0
 2004 160  6  8  5 18  5.300 116.52    -7.3 0    -0.1 0    -0.3 0     1.0 0   370.5 0   299.9 0   299.3 0   424.7 0   295.9 0   295.9 0     0.0 0     0.0 0     0.0 0   -54.2 0   -54.2 0    22.9 0    78.1 0     4.3 0   178.7 0   990.9 0
 2004 160  6  8  5 21  5.350 116.61    -7.4 0    -0.1 0    -0.3 0     1.0 0   370.5 0   299.8 0   299.2 0   424.6 0   295.9 0   295.9 0     0.0 0     0.0 0     0.0 0   -54.1 0   -54.1 0    22.8 0    78.3 0     4.1 0   177.5 0   990.8 0
 2004 160  6  8  5 24  5.400 116.69    -7.4 0    -0.1 0    -0.3 0     1.0 0   370.2 0   299.8 0   299.2 0   424.6 0   295.9 0   295.8 0     0.0 0     0.0 0     0.0 0   -54.3 0   -54.3 0    22.8 0    78.4 0     4.2 0   176.1 0   990.8 0
 2004 160  6  8  5 27  5.450 116.76    -7.4 0    -0.1 0    -0.3 0     1.0 0   369.9 0   299.8 0   299.2 0   424.7 0   295.8 0   295.8 0     0.0 0     0.0 0     0.0 0   -54.7 0   -54.7 0    22.8 0    78.4 0     4.5 0   174.8 0   990.8 0
 2004 160  6  8  5 30  5.500 116.83    -7.3 0    -0.2 0    -0.2 0     1.1 0   369.4 0   299.8 0   299.2 0   424.8 0   295.8 0   295.8 0     0.0 0     0.0 0     0.0 0   -55.4 0   -55.4 0    22.9 0    78.3 0     4.6 0   175.4 0   990.8 0
 2004 160  6  8  5 33  5.550 116.88    -7.3 0    -0.1 0    -0.3 0     1.1 0   369.8 0   299.8 0   299.2 0   424.6 0   295.8 0   295.8 0     0.0 0     0.0 0     0.0 0   -54.8 0   -54.8 0    22.8 0    78.5 0     4.1 0   177.1 0   990.8 0
 2004 160  6  8  5 36  5.600 116.93    -7.3 0    -0.1 0    -0.3 0     1.1 0   369.9 0   299.7 0   299.1 0   424.4 0   295.8 0   295.8 0     0.0 0     0.0 0     0.0 0   -54.5 0   -54.5 0    22.8 0    78.7 0     4.1 0   176.3 0   990.8 0
 2004 160  6  8  5 39  5.650 116.98    -7.4 0    -0.1 0    -0.3 0     1.0 0   370.4 0   299.7 0   299.1 0   424.6 0   295.8 0   295.8 0     0.0 0     0.0 0     0.0 0   -54.2 0   -54.2 0    22.8 0    78.8 0     4.5 0   177.4 0   990.8 0
 2004 160  6  8  5 42  5.700 117.01    -7.4 0    -0.2 0    -0.1 0     1.0 0   370.4 0   299.7 0   299.1 0   425.0 0   295.8 0   295.8 0     0.0 0     0.0 0     0.0 0   -54.6 0   -54.6 0    22.8 0    78.7 0     4.4 0   178.3 0   990.8 0
 2004 160  6  8  5 45  5.750 117.04    -7.4 0    -0.1 0    -0.1 0     1.0 0   370.8 0   299.7 0   299.1 0   425.1 0   295.8 0   295.8 0     0.0 0     0.0 0     0.0 0   -54.3 0   -54.3 0    22.8 0    78.8 0     4.4 0   180.1 0   990.8 0
 2004 160  6  8  5 48  5.800 117.06    -7.4 0     0.0 0    -0.3 0     1.0 0   370.9 0   299.7 0   299.1 0   424.6 0   295.8 0   295.8 0     0.0 0     0.0 0     0.0 0   -53.7 0   -53.7 0    22.8 0    79.1 0     4.2 0   179.0 0   990.8 0
 2004 160  6  8  5 51  5.850 117.07    -7.4 0     0.0 0    -0.3 0     1.0 0   370.6 0   299.7 0   299.1 0   424.7 0   295.8 0   295.8 0     0.0 0     0.0 0     0.0 0   -54.0 0   -54.0 0    22.7 0    79.3 0     4.5 0   178.6 0   990.8 0
 2004 160  6  8  5 54  5.900 117.07    -7.4 0    -0.1 0    -0.3 0     1.0 0   370.4 0   299.7 0   299.1 0   424.6 0   295.8 0   295.8 0     0.0 0     0.0 0     0.0 0   -54.2 0   -54.2 0    22.8 0    79.2 0     4.3 0   176.6 0   990.8 0
 2004 160  6  8  5 57  5.950 117.07    -7.4 0     0.0 0    -0.3 0     1.1 0   370.3 0   299.7 0   299.1 0   424.3 0   295.8 0   295.7 0     0.0 0     0.1 0     0.0 0   -54.1 0   -54.1 0    22.7 0    79.5 0     4.0 0   178.0 0   990.8 0
 2004 160  6  8  6  0  6.000 117.06    -7.4 0     0.1 0    -0.5 0     1.1 0   370.1 0   299.7 0   299.1 0   423.9 0   295.7 0   295.7 0     0.0 0     0.0 0     0.0 0   -53.8 0   -53.8 0    22.6 0    79.9 0     4.1 0   177.6 0   990.8 0
 2004 160  6  8  6  3  6.050 117.04    -7.4 0    -0.1 0    -0.4 0     1.1 0   369.8 0   299.6 0   299.0 0   424.1 0   295.7 0   295.7 0     0.0 0     0.0 0     0.0 0   -54.3 0   -54.3 0    22.6 0    79.8 0     4.3 0   177.4 0   990.8 0
 2004 160  6  8  6  6  6.100 117.01    -7.3 0     0.0 0    -0.4 0     1.0 0   370.3 0   299.6 0   299.0 0   424.0 0   295.7 0   295.7 0     0.0 0     0.0 0     0.0 0   -53.8 0   -53.8 0    22.6 0    80.0 0     4.2 0   176.9 0   990.8 0
 2004 160  6  8  6  9  6.150 116.98    -7.4 0    -0.1 0    -0.3 0     1.0 0   370.2 0   299.6 0   299.0 0   424.1 0   295.7 0   295.6 0     0.0 0     0.0 0     0.0 0   -53.9 0   -53.9 0    22.6 0    79.9 0     4.3 0   177.0 0   990.8 0
 2004 160  6  8  6 12  6.200 116.93    -7.4 0     0.0 0    -0.3 0     1.0 0   370.5 0   299.6 0   299.0 0   424.1 0   295.6 0   295.6 0     0.0 0     0.0 0     0.0 0   -53.6 0   -53.6 0    22.6 0    80.1 0     4.5 0   177.9 0   990.8 0
 2004 160  6  8  6 15  6.250 116.88    -7.4 0    -0.1 0    -0.2 0     1.0 0   369.8 0   299.6 0   298.9 0   424.3 0   295.6 0   295.6 0     0.0 0     0.0 0     0.0 0   -54.5 0   -54.5 0    22.6 0    80.1 0     4.8 0   179.7 0   990.8 0
 2004 160  6  8  6 18  6.300 116.82    -7.4 0    -0.1 0    -0.1 0     1.0 0   369.4 0   299.6 0   298.9 0   424.2 0   295.6 0   295.6 0     0.0 0     0.0 0     0.0 0   -54.8 0   -54.8 0    22.6 0    80.1 0     4.3 0   177.1 0   990.8 0
 2004 160  6  8  6 21  6.350 116.76    -7.4 0     0.0 0    -0.3 0     1.0 0   369.3 0   299.6 0   298.9 0   423.9 0   295.6 0   295.6 0     0.0 0     0.0 0     0.0 0   -54.6 0   -54.6 0    22.6 0    80.3 0     4.2 0   179.4 0   990.9 0
 2004 160  6  8  6 24  6.400 116.68    -7.4 0    -0.1 0    -0.4 0     1.0 0   369.9 0   299.5 0   298.9 0   423.8 0   295.6 0   295.6 0     0.0 0     0.0 0     0.0 0   -54.0 0   -54.0 0    22.6 0    80.4 0     4.4 0   180.5 0   990.9 0
 2004 160  6  8  6 27  6.450 116.60    -7.4 0    -0.1 0    -0.2 0     1.0 0   369.6 0   299.5 0   298.9 0   424.1 0   295.6 0   295.6 0     0.0 0     0.0 0     0.0 0   -54.5 0   -54.5 0    22.6 0    80.4 0     4.6 0   182.6 0   990.9 0
 2004 160  6  8  6 30  6.500 116.51    -7.4 0    -0.1 0    -0.3 0     1.0 0   369.0 0   299.5 0   298.9 0   424.0 0   295.6 0   295.6 0     0.0 0     0.0 0     0.0 0   -55.0 0   -55.0 0    22.6 0    80.3 0     4.4 0   181.5 0   990.9 0
 2004 160  6  8  6 33  6.550 116.42    -7.5 0    -0.1 0    -0.4 0     1.0 0   369.4 0   299.5 0   298.9 0   423.9 0   295.6 0   295.6 0     0.0 0     0.0 0     0.0 0   -54.5 0   -54.5 0    22.6 0    80.5 0     4.6 0   181.9 0   990.9 0
 2004 160  6  8  6 36  6.600 116.31    -7.5 0    -0.1 0    -0.2 0     1.0 0   369.9 0   299.5 0   298.8 0   424.3 0   295.6 0   295.6 0     0.0 0     0.0 0     0.0 0   -54.4 0   -54.4 0    22.6 0    80.5 0     4.7 0   185.2 0   991.0 0
 2004 160  6  8  6 39  6.650 116.20    -7.5 0    -0.1 0    -0.3 0     1.0 0   370.1 0   299.5 0   298.8 0   424.2 0   295.6 0   295.6 0     0.0 0     0.0 0     0.0 0   -54.1 0   -54.1 0    22.5 0    80.7 0     4.6 0   185.3 0   991.0 0
 2004 160  6  8  6 42  6.700 116.08    -7.5 0    -0.1 0    -0.3 0     1.0 0   369.9 0   299.5 0   298.8 0   424.1 0   295.6 0   295.5 0     0.0 0     0.0 0     0.0 0   -54.3 0   -54.3 0    22.5 0    80.7 0     4.7 0   185.5 0   991.0 0
 2004 160  6  8  6 45  6.750 115.96    -7.5 0     0.0 0    -0.3 0     1.0 0   369.9 0   299.5 0   298.8 0   423.9 0   295.5 0   295.5 0     0.0 0     0.0 0     0.0 0   -53.9 0   -53.9 0    22.5 0    81.1 0     4.6 0   183.7 0   991.0 0
 2004 160  6  8  6 48  6.800 115.82    -7.4 0    -0.1 0    -0.3 0     1.0 0   371.2 0   299.5 0   298.8 0   424.2 0   295.5 0   295.5 0     0.0 0     0.0 0     0.0 0   -53.0 0   -53.0 0    22.5 0    81.2 0     5.1 0   184.4 0   991.0 0
 2004 160  6  8  6 51  6.850 115.68    -7.5 0    -0.1 0    -0.2 0     0.9 0   373.1 0   299.4 0   298.8 0   424.3 0   295.5 0   295.5 0     0.0 0     0.0 0     0.0 0   -51.2 0   -51.2 0    22.5 0    81.2 0     4.7 0   185.1 0   991.0 0
 2004 160  6  8  6 54  6.900 115.54    -7.4 0     0.0 0    -0.3 0     1.0 0   370.3 0   299.4 0   298.8 0   424.0 0   295.5 0   295.5 0     0.0 0     0.0 0     0.0 0   -53.7 0   -53.7 0    22.4 0    81.4 0     4.6 0   184.4 0   991.0 0
 2004 160  6  8  6 57  6.950 115.38    -7.4 0     0.0 0    -0.4 0     1.0 0   370.4 0   299.4 0   298.8 0   423.8 0   295.5 0   295.5 0     0.0 0     0.0 0     0.0 0   -53.4 0   -53.4 0    22.4 0    81.6 0     4.6 0   184.1 0   991.0 0
 2004 160  6  8  7  0  7.000 115.22    -7.4 0     0.1 0    -0.4 0     1.1 0   369.4 0   299.4 0   298.8 0   423.3 0   295.5 0   295.4 0     0.0 0     0.1 0     0.0 0   -53.9 0   -53.9 0    22.4 0    81.9 0     4.4 0   183.7 0   991.1 0
 2004 160  6  8  7  3  7.050 115.05    -7.4 0     0.0 0    -0.4 0     1.0 0   371.5 0   299.4 0   298.8 0   423.4 0   295.4 0   295.4 0     0.0 0     0.0 0     0.0 0   -51.9 0   -51.9 0    22.3 0    82.1 0     4.5 0   184.2 0   991.1 0
 2004 160  6  8  7  6  7.100 114.87    -7.4 0     0.0 0    -0.5 0     1.0 0   370.1 0   299.4 0   298.8 0   423.0 0   295.4 0   295.4 0     0.0 0     0.0 0     0.0 0   -52.9 0   -52.9 0    22.3 0    82.3 0     4.3 0   184.7 0   991.1 0
 2004 160  6  8  7  9  7.150 114.69    -7.4 0     0.0 0    -0.4 0     1.1 0   370.0 0   299.4 0   298.8 0   423.0 0   295.4 0   295.4 0     0.0 0     0.1 0     0.0 0   -53.1 0   -53.1 0    22.3 0    82.5 0     4.4 0   186.3 0   991.2 0
 2004 160  6  8  7 12  7.200 114.50    -7.4 0    -0.2 0    -0.3 0     1.0 0   370.5 0   299.4 0   298.7 0   423.5 0   295.4 0   295.4 0     0.0 0     0.0 0     0.0 0   -53.0 0   -53.0 0    22.3 0    82.3 0     4.6 0   185.8 0   991.2 0
 2004 160  6  8  7 15  7.250 114.30    -7.4 0    -0.1 0    -0.3 0     1.0 0   370.9 0   299.4 0   298.7 0   423.6 0   295.4 0   295.3 0     0.0 0     0.0 0     0.0 0   -52.7 0   -52.7 0    22.3 0    82.4 0     4.6 0   185.5 0   991.2 0
 2004 160  6  8  7 18  7.300 114.10    -7.4 0    -0.1 0    -0.3 0     1.0 0   370.5 0   299.3 0   298.7 0   423.5 0   295.4 0   295.3 0     0.0 0     0.0 0     0.0 0   -53.0 0   -53.0 0    22.3 0    82.6 0     4.5 0   185.8 0   991.3 0
 2004 160  6  8  7 21  7.350 113.88    -7.4 0    -0.1 0    -0.1 0     1.0 0   370.6 0   299.3 0   298.7 0   423.8 0   295.3 0   295.3 0     0.0 0     0.0 0     0.0 0   -53.2 0   -53.2 0    22.3 0    82.6 0     4.6 0   185.3 0   991.3 0
 2004 160  6  8  7 24  7.400 113.67    -7.4 0     0.0 0    -0.3 0     1.0 0   370.4 0   299.3 0   298.7 0   423.4 0   295.3 0   295.3 0     0.0 0     0.0 0     0.0 0   -53.0 0   -53.0 0    22.3 0    82.8 0     4.7 0   186.5 0   991.3 0
 2004 160  6  8  7 27  7.450 113.44    -7.4 0     0.0 0    -0.3 0     1.0 0   370.5 0   299.3 0   298.7 0   423.3 0   295.3 0   295.3 0     0.0 0     0.0 0     0.0 0   -52.8 0   -52.8 0    22.3 0    82.9 0     4.4 0   188.9 0   991.3 0
 2004 160  6  8  7 30  7.500 113.21    -7.4 0    -0.1 0    -0.3 0     1.0 0   370.4 0   299.3 0   298.7 0   423.5 0   295.3 0   295.3 0     0.0 0     0.0 0     0.0 0   -53.1 0   -53.1 0    22.3 0    82.9 0     4.6 0   188.2 0   991.3 0
 2004 160  6  8  7 33  7.550 112.97    -7.4 0    -0.1 0    -0.3 0     1.0 0   370.6 0   299.3 0   298.7 0   423.3 0   295.3 0   295.3 0     0.0 0     0.0 0     0.0 0   -52.7 0   -52.7 0    22.3 0    83.1 0     4.5 0   186.8 0   991.3 0
 2004 160  6  8  7 36  7.600 112.73    -7.4 0    -0.1 0    -0.2 0     1.0 0   370.9 0   299.3 0   298.7 0   423.2 0   295.3 0   295.3 0     0.0 0     0.0 0     0.0 0   -52.3 0   -52.3 0    22.3 0    83.2 0     4.4 0   188.3 0   991.3 0
 2004 160  6  8  7 39  7.650 112.48    -7.4 0    -0.2 0    -0.2 0     1.0 0   370.6 0   299.3 0   298.6 0   423.6 0   295.3 0   295.3 0     0.0 0     0.0 0     0.0 0   -52.9 0   -52.9 0    22.3 0    83.1 0     4.6 0   188.4 0   991.3 0
 2004 160  6  8  7 42  7.700 112.22    -7.5 0    -0.1 0    -0.2 0     1.0 0   370.4 0   299.3 0   298.6 0   423.4 0   295.3 0   295.3 0     0.0 0     0.0 0     0.0 0   -53.0 0   -53.0 0    22.3 0    83.2 0     4.4 0   190.7 0   991.3 0
 2004 160  6  8  7 45  7.750 111.96    -7.5 0    -0.3 0    -0.2 0     1.0 0   370.6 0   299.3 0   298.6 0   423.9 0   295.3 0   295.3 0     0.0 0     0.0 0     0.0 0   -53.3 0   -53.3 0    22.3 0    83.2 0     5.0 0   190.7 0   991.3 0
 2004 160  6  8  7 48  7.800 111.69    -7.4 0    -0.3 0     0.1 0     1.1 0   370.4 0   299.3 0   298.6 0   424.1 0   295.3 0   295.3 0     0.0 0     0.1 0     0.0 0   -53.7 0   -53.7 0    22.4 0    83.0 0     4.8 0   190.2 0   991.4 0
 2004 160  6  8  7 51  7.850 111.42    -7.4 0    -0.4 0     0.3 0     1.0 0   370.2 0   299.3 0   298.6 0   424.2 0   295.3 0   295.3 0     0.0 0     0.0 0     0.0 0   -54.1 0   -54.1 0    22.4 0    83.0 0     4.9 0   191.9 0   991.4 0
 2004 160  6  8  7 54  7.900 111.14    -7.5 0    -0.1 0    -0.2 0     1.0 0   369.4 0   299.3 0   298.7 0   423.6 0   295.3 0   295.3 0     0.0 0     0.1 0     0.0 0   -54.3 0   -54.3 0    22.3 0    83.2 0     4.3 0   192.6 0   991.4 0
 2004 160  6  8  7 57  7.950 110.85    -7.4 0     0.0 0    -0.4 0     1.0 0   369.4 0   299.3 0   298.7 0   423.5 0   295.3 0   295.3 0     0.0 0     0.1 0     0.0 0   -54.1 0   -54.1 0    22.3 0    83.6 0     4.5 0   192.2 0   991.4 0
 2004 160  6  8  8  0  8.000 110.56    -7.5 0     0.0 0    -0.4 0     1.0 0   369.1 0   299.3 0   298.7 0   423.2 0   295.3 0   295.3 0     0.0 0     0.0 0     0.0 0   -54.1 0   -54.1 0    22.3 0    83.8 0     4.4 0   190.6 0   991.4 0
 2004 160  6  8  8  3  8.050 110.26    -7.5 0     0.0 0    -0.4 0     1.0 0   368.6 0   299.3 0   298.7 0   423.0 0   295.3 0   295.3 0     0.0 0     0.0 0     0.0 0   -54.4 0   -54.4 0    22.2 0    84.0 0     4.3 0   190.9 0   991.5 0
 2004 160  6  8  8  6  8.100 109.96    -7.4 0    -0.1 0    -0.5 0     1.1 0   367.9 0   299.3 0   298.7 0   422.8 0   295.3 0   295.3 0     0.0 0     0.1 0     0.0 0   -54.9 0   -54.9 0    22.2 0    84.3 0     4.2 0   190.3 0   991.5 0
 2004 160  6  8  8  9  8.150 109.65    -7.5 0     0.0 0    -0.4 0     1.0 0   367.3 0   299.3 0   298.6 0   422.7 0   295.3 0   295.2 0     0.0 0     0.0 0     0.0 0   -55.4 0   -55.4 0    22.2 0    84.4 0     4.4 0   191.3 0   991.5 0
 2004 160  6  8  8 12  8.200 109.33    -7.5 0     0.0 0    -0.4 0     1.0 0   366.7 0   299.3 0   298.6 0   422.4 0   295.2 0   295.2 0     0.0 0     0.0 0     0.0 0   -55.7 0   -55.7 0    22.1 0    84.6 0     4.2 0   190.6 0   991.5 0
 2004 160  6  8  8 15  8.250 109.01    -7.5 0     0.0 0    -0.5 0     1.0 0   366.1 0   299.2 0   298.6 0   422.3 0   295.2 0   295.2 0     0.0 0     0.0 0     0.0 0   -56.2 0   -56.2 0    22.1 0    85.1 0     4.3 0   190.3 0   991.5 0
 2004 160  6  8  8 18  8.300 108.69    -7.5 0     0.1 0    -0.6 0     1.0 0   365.6 0   299.2 0   298.6 0   421.8 0   295.2 0   295.1 0     0.0 0     0.0 0     0.0 0   -56.2 0   -56.2 0    22.0 0    85.3 0     4.0 0   191.0 0   991.5 0
 2004 160  6  8  8 21  8.350 108.36    -7.5 0     0.1 0    -0.5 0     1.0 0   365.2 0   299.2 0   298.6 0   421.6 0   295.1 0   295.1 0     0.0 0     0.0 0     0.0 0   -56.4 0   -56.4 0    21.9 0    85.8 0     4.0 0   191.6 0   991.5 0
 2004 160  6  8  8 24  8.400 108.02    -7.5 0     0.0 0    -0.5 0     1.1 0   365.2 0   299.2 0   298.6 0   421.5 0   295.1 0   295.1 0     0.0 0     0.0 0     0.0 0   -56.2 0   -56.2 0    21.9 0    85.9 0     4.0 0   191.7 0   991.6 0
 2004 160  6  8  8 27  8.450 107.68    -7.5 0     0.0 0    -0.5 0     1.1 0   365.4 0   299.2 0   298.6 0   421.1 0   295.0 0   295.0 0     0.0 0     0.0 0     0.0 0   -55.7 0   -55.7 0    21.9 0    86.1 0     3.6 0   194.5 0   991.6 0
 2004 160  6  8  8 30  8.500 107.33    -7.4 0     0.1 0    -0.7 0     1.2 0   365.1 0   299.1 0   298.6 0   420.4 0   295.0 0   295.0 0     0.0 0     0.0 0     0.0 0   -55.3 0   -55.3 0    21.8 0    86.4 0     3.2 0   197.4 0   991.6 0
 2004 160  6  8  8 33  8.550 106.98    -7.2 0     0.2 0    -0.8 0     1.2 0   365.3 0   299.1 0   298.6 0   419.8 0   294.9 0   294.9 0     0.0 0     0.1 0     0.0 0   -54.6 0   -54.6 0    21.8 0    86.8 0     3.1 0   197.9 0   991.6 0
 2004 160  6  8  8 36  8.600 106.63    -7.3 0     0.1 0    -0.9 0     1.2 0   365.7 0   299.1 0   298.6 0   419.6 0   294.9 0   294.9 0     0.0 0     0.0 0     0.0 0   -53.9 0   -53.9 0    21.7 0    87.1 0     3.2 0   200.2 0   991.7 0
 2004 160  6  8  8 39  8.650 106.26    -7.2 0     0.0 0    -0.7 0     1.1 0   365.9 0   299.1 0   298.5 0   419.8 0   294.9 0   294.8 0     0.0 0     0.0 0     0.0 0   -53.9 0   -53.9 0    21.7 0    87.2 0     3.7 0   200.0 0   991.7 0
 2004 160  6  8  8 42  8.700 105.90    -7.2 0     0.0 0    -0.4 0     1.1 0   365.9 0   299.0 0   298.5 0   419.9 0   294.8 0   294.8 0     0.0 0     0.1 0     0.0 0   -54.0 0   -54.0 0    21.7 0    87.2 0     3.4 0   198.9 0   991.7 0
 2004 160  6  8  8 45  8.750 105.53    -7.2 0    -0.1 0    -0.4 0     1.1 0   365.7 0   299.0 0   298.5 0   420.0 0   294.8 0   294.8 0     0.0 0     0.1 0     0.0 0   -54.3 0   -54.3 0    21.7 0    87.5 0     3.6 0   196.9 0   991.7 0
 2004 160  6  8  8 48  8.800 105.15    -7.3 0    -0.1 0    -0.3 0     1.0 0   365.9 0   299.0 0   298.4 0   420.4 0   294.8 0   294.8 0     0.0 0     0.0 0     0.0 0   -54.5 0   -54.5 0    21.7 0    87.6 0     3.8 0   196.6 0   991.8 0
 2004 160  6  8  8 51  8.850 104.77    -7.3 0    -0.1 0    -0.3 0     1.1 0   366.1 0   299.0 0   298.4 0   420.4 0   294.8 0   294.7 0     0.0 0     0.1 0     0.0 0   -54.2 0   -54.2 0    21.7 0    87.6 0     3.7 0   194.6 0   991.7 0
 2004 160  6  8  8 54  8.900 104.39    -7.3 0    -0.1 0    -0.2 0     1.0 0   366.5 0   298.9 0   298.3 0   420.9 0   294.8 0   294.7 0     0.0 0     0.1 0     0.0 0   -54.4 0   -54.4 0    21.7 0    87.9 0     4.0 0   196.7 0   991.7 0
 2004 160  6  8  8 57  8.950 104.00    -7.4 0    -0.1 0     0.0 0     1.0 0   366.5 0   298.9 0   298.3 0   421.1 0   294.8 0   294.7 0     0.0 0     0.1 0     0.0 0   -54.6 0   -54.6 0    21.8 0    87.9 0     4.0 0   195.6 0   991.8 0
 2004 160  6  8  9  0  9.000 103.61    -7.4 0    -0.1 0     0.0 0     1.0 0   366.5 0   298.9 0   298.3 0   421.3 0   294.8 0   294.7 0     0.0 0     0.1 0     0.0 0   -54.8 0   -54.8 0    21.8 0    88.0 0     4.1 0   193.9 0   991.8 0
 2004 160  6  8  9  3  9.050 103.21    -7.4 0    -0.2 0     0.1 0     1.0 0   366.8 0   298.9 0   298.3 0   421.6 0   294.8 0   294.8 0     0.0 0     0.1 0     0.0 0   -54.8 0   -54.8 0    21.8 0    88.0 0     4.0 0   194.4 0   991.8 0
 2004 160  6  8  9  6  9.100 102.81    -7.3 0    -0.1 0    -0.2 0     1.0 0   367.0 0   298.9 0   298.3 0   421.6 0   294.8 0   294.8 0     0.0 0     0.1 0     0.0 0   -54.6 0   -54.6 0    21.8 0    88.3 0     4.1 0   194.9 0   991.8 0
 2004 160  6  8  9  9  9.150 102.41    -7.4 0    -0.3 0     0.3 0     0.9 0   367.1 0   298.9 0   298.2 0   422.1 0   294.8 0   294.8 0     0.0 0     0.1 0     0.0 0   -55.0 0   -55.0 0    21.8 0    88.2 0     4.5 0   194.0 0   991.8 0
 2004 160  6  8  9 12  9.200 102.00    -7.4 0    -0.1 0     0.0 0     1.0 0   366.8 0   298.9 0   298.2 0   422.0 0   294.8 0   294.8 0     0.0 0     0.1 0     0.0 0   -55.2 0   -55.2 0    21.8 0    88.2 0     4.0 0   195.1 0   991.8 0
 2004 160  6  8  9 15  9.250 101.58    -7.4 0     0.0 0    -0.1 0     1.0 0   366.9 0   298.9 0   298.2 0   422.1 0   294.8 0   294.8 0     0.0 0     0.1 0     0.0 0   -55.3 0   -55.3 0    21.8 0    88.5 0     4.4 0   195.1 0   991.9 0
 2004 160  6  8  9 18  9.300 101.17    -7.4 0    -0.2 0    -0.2 0     1.0 0   367.1 0   298.9 0   298.3 0   422.1 0   294.8 0   294.8 0     0.0 0     0.1 0     0.0 0   -55.0 0   -55.0 0    21.8 0    88.5 0     4.4 0   197.5 0   991.9 0
 2004 160  6  8  9 21  9.350 100.75    -7.4 0    -0.1 0    -0.3 0     1.0 0   366.9 0   298.9 0   298.3 0   421.8 0   294.8 0   294.8 0     0.0 0     0.1 0     0.0 0   -54.9 0   -54.9 0    21.8 0    88.6 0     4.0 0   198.1 0   992.0 0
 2004 160  6  8  9 24  9.400 100.32    -7.4 0    -0.1 0    -0.2 0     1.0 0   366.8 0   298.9 0   298.2 0   422.1 0   294.8 0   294.8 0     0.0 0     0.1 0     0.0 0   -55.3 0   -55.3 0    21.8 0    88.8 0     4.5 0   197.4 0   992.0 0
 2004 160  6  8  9 27  9.450  99.89    -7.5 0     0.0 0    -0.3 0     1.0 0   366.7 0   298.9 0   298.2 0   421.8 0   294.8 0   294.8 0     0.0 0     0.1 0     0.0 0   -55.1 0   -55.1 0    21.7 0    89.0 0     4.1 0   197.3 0   992.0 0
 2004 160  6  8  9 30  9.500  99.46    -7.5 0     0.0 0    -0.3 0     1.0 0   366.5 0   298.9 0   298.2 0   422.0 0   294.8 0   294.8 0     0.0 0     0.1 0     0.0 0   -55.5 0   -55.5 0    21.7 0    89.4 0     4.7 0   196.8 0   992.0 0
 2004 160  6  8  9 33  9.550  99.03    -7.5 0    -0.1 0    -0.3 0     1.0 0   366.3 0   298.9 0   298.2 0   422.1 0   294.8 0   294.8 0     0.0 0     0.1 0     0.0 0   -55.8 0   -55.8 0    21.7 0    89.3 0     4.6 0   197.3 0   992.0 0
 2004 160  6  8  9 36  9.600  98.59    -7.5 0    -0.1 0    -0.2 0     0.9 0   366.5 0   298.8 0   298.1 0   422.4 0   294.8 0   294.8 0     0.0 0     0.1 0     0.0 0   -55.8 0   -55.8 0    21.7 0    89.6 0     5.2 0   198.6 0   991.9 0
 2004 160  6  8  9 39  9.650  98.14    -7.6 0    -0.2 0     0.2 0     1.0 0   366.6 0   298.8 0   298.1 0   422.7 0   294.8 0   294.8 0     0.0 0     0.1 0     0.0 0   -56.1 0   -56.1 0    21.7 0    89.3 0     5.2 0   199.1 0   992.0 0
 2004 160  6  8  9 42  9.700  97.70    -7.5 0     0.0 0    -0.2 0     1.0 0   367.0 0   298.8 0   298.1 0   422.3 0   294.8 0   294.8 0     0.0 0     0.1 0     0.0 0   -55.3 0   -55.3 0    21.7 0    89.5 0     4.8 0   198.3 0   992.0 0
 2004 160  6  8  9 45  9.750  97.25    -7.5 0     0.1 0    -0.3 0     1.0 0   367.2 0   298.8 0   298.1 0   422.1 0   294.7 0   294.7 0     0.0 0     0.1 0     0.0 0   -55.0 0   -55.0 0    21.6 0    89.8 0     4.6 0   198.2 0   992.1 0
 2004 160  6  8  9 48  9.800  96.80    -7.5 0     0.1 0    -0.4 0     1.1 0   367.4 0   298.8 0   298.1 0   422.1 0   294.7 0   294.7 0     0.0 0     0.1 0     0.0 0   -54.7 0   -54.7 0    21.6 0    90.1 0     4.6 0   197.7 0   992.1 0
 2004 160  6  8  9 51  9.850  96.34    -7.5 0     0.0 0    -0.3 0     0.9 0   367.6 0   298.8 0   298.1 0   422.2 0   294.7 0   294.7 0     0.0 0     0.1 0     0.0 0   -54.6 0   -54.6 0    21.6 0    90.3 0     5.0 0   196.9 0   992.1 0
 2004 160  6  8  9 54  9.900  95.88    -7.4 0     0.0 0    -0.3 0     1.0 0   367.7 0   298.8 0   298.1 0   422.1 0   294.7 0   294.7 0     0.0 0     0.1 0     1.0 0   -54.5 0   -53.4 0    21.6 0    90.3 0     4.9 0   196.9 0   992.1 0
 2004 160  6  8  9 57  9.950  95.42    -7.5 0     0.0 0    -0.3 0     1.0 0   367.9 0   298.8 0   298.1 0   422.3 0   294.7 0   294.7 0     0.0 0     0.1 0     1.0 0   -54.4 0   -53.4 0    21.6 0    90.3 0     4.9 0   196.2 0   992.2 0
 2004 160  6  8 10  0 10.000  94.95    -7.4 0     0.0 0    -0.3 0     1.1 0   367.8 0   298.8 0   298.1 0   422.2 0   294.7 0   294.7 0     0.0 0     0.1 0     1.1 0   -54.4 0   -53.3 0    21.6 0    90.4 0     4.7 0   196.2 0   992.2 0
 2004 160  6  8 10  3 10.050  94.49    -7.3 0     0.0 0    -0.3 0     1.2 0   368.0 0   298.8 0   298.1 0   422.2 0   294.7 0   294.7 0     0.0 0     0.2 0     1.2 0   -54.2 0   -53.1 0    21.6 0    90.6 0     4.9 0   197.7 0   992.2 0
 2004 160  6  8 10  6 10.100  94.02    -7.2 0     0.0 0    -0.3 0     1.3 0   367.8 0   298.8 0   298.1 0   422.2 0   294.7 0   294.6 0     0.0 0     0.2 0     1.2 0   -54.3 0   -53.1 0    21.6 0    90.6 0     4.9 0   196.5 0   992.2 0
 2004 160  6  8 10  9 10.150  93.54    -7.0 0     0.1 0    -0.3 0     1.5 0   368.0 0   298.8 0   298.1 0   422.0 0   294.6 0   294.6 0     0.0 0     0.3 0     1.4 0   -54.1 0   -52.7 0    21.5 0    90.7 0     4.6 0   197.4 0   992.2 0
 2004 160  6  8 10 12 10.200  93.07    -6.6 0     0.2 0    -0.4 0     1.9 0   367.7 0   298.8 0   298.1 0   422.0 0   294.6 0   294.6 0     0.0 0     0.5 0     1.7 0   -54.2 0   -52.6 0    21.5 0    90.8 0     4.7 0   195.0 0   992.2 0
 2004 160  6  8 10 15 10.250  92.59    -6.0 0     0.3 0    -0.3 0     2.6 0   367.8 0   298.8 0   298.1 0   421.9 0   294.6 0   294.6 0     0.0 0     0.7 0     2.3 0   -54.0 0   -51.8 0    21.5 0    91.0 0     4.7 0   194.4 0   992.1 0
 2004 160  6  8 10 18 10.300  92.10    -5.5 0     0.4 0    -0.2 0     3.2 0   368.3 0   298.8 0   298.1 0   422.1 0   294.6 0   294.6 0     0.0 0     1.0 0     2.8 0   -53.8 0   -51.0 0    21.5 0    91.0 0     4.7 0   195.3 0   992.1 0
 2004 160  6  8 10 21 10.350  91.62    -4.9 0     0.7 0    -0.2 0     4.0 0   368.0 0   298.8 0   298.1 0   421.8 0   294.6 0   294.6 0     0.0 0     1.4 0     3.3 0   -53.8 0   -50.5 0    21.5 0    91.0 0     4.3 0   194.7 0   992.2 0
 2004 160  6  8 10 24 10.400  91.13    -4.2 0     0.8 0    -0.2 0     4.7 0   367.8 0   298.8 0   298.1 0   421.9 0   294.6 0   294.6 0     0.0 0     1.9 0     3.9 0   -54.1 0   -50.2 0    21.5 0    91.1 0     4.6 0   195.9 0   992.2 0
 2004 160  6  8 10 27 10.450  89.91    -3.0 0     1.1 0    -0.2 0     5.8 0   367.2 0   298.8 0   298.1 0   421.8 0   294.6 0   294.6 0     0.3 0     2.5 0     4.7 0   -54.6 0   -49.9 0    21.5 0    91.2 0     4.5 0   192.8 0   992.2 0
 2004 160  6  8 10 30 10.500  89.55    -1.5 0     1.4 0    -0.2 0     7.3 0   367.6 0   298.8 0   298.2 0   421.7 0   294.6 0   294.6 0     0.4 0     3.1 0     5.9 0   -54.1 0   -48.2 0    21.5 0    91.3 0     4.1 0   192.9 0   992.2 0
 2004 160  6  8 10 33 10.550  89.16     0.3 0     1.8 0     0.1 0     9.1 0   366.9 0   298.8 0   298.1 0   422.0 0   294.6 0   294.6 0     0.4 0     4.0 0     7.3 0   -55.1 0   -47.8 0    21.5 0    91.4 0     4.5 0   191.9 0   992.2 0
 2004 160  6  8 10 36 10.600  88.74     2.3 0     2.3 0     0.7 0    11.2 0   367.0 0   298.8 0   298.2 0   422.1 0   294.6 0   294.6 0     0.6 0     5.0 0     9.0 0   -55.1 0   -46.2 0    21.5 0    91.3 0     4.3 0   190.9 0   992.3 0
 2004 160  6  8 10 39 10.650  88.30     4.5 0     3.0 0     3.2 0    13.6 0   367.3 0   298.8 0   298.2 0   422.3 0   294.6 0   294.6 0     0.7 0     6.1 0    10.7 0   -54.9 0   -44.2 0    21.5 0    91.3 0     4.4 0   191.3 0   992.4 0
 2004 160  6  8 10 42 10.700  87.84     6.9 0     3.9 0    17.7 0    16.3 0   367.2 0   298.8 0   298.2 0   422.4 0   294.6 0   294.6 0     0.8 0     7.4 0    13.1 0   -55.2 0   -42.1 0    21.5 0    91.3 0     4.5 0   189.6 0   992.4 0
 2004 160  6  8 10 45 10.750  87.38     9.5 0     4.8 0    32.9 0    19.1 0   367.3 0   298.9 0   298.3 0   422.6 0   294.6 0   294.6 0     0.9 0     8.8 0    15.8 0   -55.3 0   -39.5 0    21.5 0    91.3 0     4.6 0   191.0 0   992.4 0
 2004 160  6  8 10 48 10.800  86.90    13.0 0     5.8 0    48.3 0    22.0 0   367.4 0   298.9 0   298.3 0   422.5 0   294.6 0   294.7 0     1.0 0    10.4 0    18.8 0   -55.1 0   -36.4 0    21.5 0    91.3 0     4.3 0   190.1 0   992.5 0
 2004 160  6  8 10 51 10.850  86.42    17.3 0     7.1 0    63.3 0    24.9 0   367.3 0   299.0 0   298.4 0   422.5 0   294.6 0   294.7 0     1.2 0    12.0 0    21.8 0   -55.2 0   -33.4 0    21.5 0    91.3 0     4.0 0   189.7 0   992.5 0
 2004 160  6  8 10 54 10.900  85.93    22.4 0     8.7 0    81.6 0    28.1 0   367.4 0   299.0 0   298.5 0   422.6 0   294.6 0   294.7 0     1.4 0    13.9 0    25.2 0   -55.2 0   -30.0 0    21.5 0    91.4 0     4.1 0   190.8 0   992.5 0
 2004 160  6  8 10 57 10.950  85.43    27.5 0    10.3 0    99.9 0    31.3 0   367.5 0   299.1 0   298.5 0   422.9 0   294.7 0   294.7 0     1.6 0    16.0 0    29.0 0   -55.4 0   -26.4 0    21.5 0    91.4 0     4.0 0   190.8 0   992.6 0
 2004 160  6  8 11  0 11.000  84.93    32.0 0    11.7 0   114.4 0    34.1 0   367.3 0   299.2 0   298.6 0   423.3 0   294.7 0   294.8 0     1.8 0    17.9 0    32.5 0   -56.1 0   -23.6 0    21.6 0    91.4 0     4.5 0   189.2 0   992.6 0
 2004 160  6  8 11  3 11.050  84.43    37.0 0    13.2 0   127.0 0    37.2 0   367.5 0   299.2 0   298.7 0   423.5 0   294.7 0   294.8 0     2.1 0    20.1 0    36.4 0   -56.0 0   -19.6 0    21.6 0    91.3 0     3.9 0   190.7 0   992.7 0
 2004 160  6  8 11  6 11.100  83.92    43.2 0    15.2 0   145.4 0    40.8 0   367.9 0   299.3 0   298.8 0   423.7 0   294.7 0   294.8 0     2.4 0    22.8 0    41.0 0   -55.8 0   -14.8 0    21.6 0    91.4 0     3.9 0   190.0 0   992.8 0
 2004 160  6  8 11  9 11.150  83.41    48.8 0    16.9 0   163.7 0    43.5 0   367.7 0   299.4 0   298.9 0   424.3 0   294.8 0   294.9 0     2.7 0    25.2 0    45.4 0   -56.6 0   -11.3 0    21.6 0    91.3 0     4.0 0   188.6 0   992.8 0
 2004 160  6  8 11 12 11.200  82.89    54.5 0    18.7 0   178.1 0    46.5 0   367.7 0   299.5 0   299.0 0   424.6 0   294.8 0   294.9 0     3.0 0    27.8 0    49.8 0   -56.9 0    -7.1 0    21.7 0    91.2 0     3.9 0   188.9 0   992.9 0
 2004 160  6  8 11 15 11.250  82.38    61.4 0    20.8 0   196.4 0    50.0 0   367.7 0   299.6 0   299.1 0   425.0 0   294.9 0   294.9 0     3.4 0    31.0 0    55.2 0   -57.2 0    -2.0 0    21.7 0    91.1 0     3.9 0   189.7 0   992.9 0
 2004 160  6  8 11 18 11.300  81.86    68.0 0    22.9 0   213.1 0    53.0 0   367.9 0   299.8 0   299.2 0   425.3 0   294.9 0   295.0 0     3.7 0    34.0 0    60.3 0   -57.4 0     2.9 0    21.7 0    91.0 0     4.0 0   188.3 0   992.9 0
 2004 160  6  8 11 21 11.350  81.33    74.3 0    24.7 0   226.5 0    56.0 0   368.3 0   299.9 0   299.3 0   425.9 0   295.0 0   295.1 0     4.1 0    36.9 0    65.5 0   -57.6 0     7.9 0    21.8 0    90.9 0     4.3 0   186.6 0   993.0 0
 2004 160  6  8 11 24 11.400  80.81    81.5 0    26.9 0   245.7 0    58.7 0   368.2 0   300.0 0   299.4 0   426.4 0   295.0 0   295.1 0     4.6 0    39.9 0    71.0 0   -58.2 0    12.8 0    21.8 0    90.8 0     4.0 0   186.2 0   993.0 0
 2004 160  6  8 11 27 11.450  80.28    88.7 0    29.1 0   265.2 0    61.2 0   368.8 0   300.2 0   299.6 0   427.0 0   295.1 0   295.2 0     5.0 0    43.2 0    76.9 0   -58.2 0    18.7 0    21.9 0    90.6 0     4.2 0   187.7 0   993.0 0
 2004 160  6  8 11 30 11.500  79.75    96.7 0    31.3 0   282.5 0    64.4 0   369.4 0   300.3 0   299.7 0   427.6 0   295.2 0   295.3 0     5.5 0    46.8 0    83.3 0   -58.2 0    25.1 0    22.0 0    90.3 0     4.3 0   189.0 0   993.0 0
 2004 160  6  8 11 33 11.550  79.22   103.1 0    33.2 0   297.0 0    66.3 0   369.5 0   300.5 0   299.9 0   428.2 0   295.3 0   295.4 0     6.0 0    49.7 0    88.6 0   -58.7 0    29.8 0    22.0 0    90.1 0     4.3 0   186.7 0   993.0 0
 2004 160  6  8 11 36 11.600  78.69   110.2 0    35.3 0   314.6 0    67.9 0   369.3 0   300.6 0   300.0 0   428.9 0   295.4 0   295.5 0     6.6 0    52.9 0    94.3 0   -59.6 0    34.7 0    22.1 0    89.8 0     4.2 0   184.1 0   993.1 0
 2004 160  6  8 11 39 11.650  78.16   118.5 0    37.7 0   333.0 0    70.2 0   369.9 0   300.8 0   300.2 0   429.4 0   295.5 0   295.6 0     7.2 0    56.7 0   100.8 0   -59.6 0    41.3 0    22.2 0    89.5 0     4.3 0   185.7 0   993.1 0
 2004 160  6  8 11 42 11.700  77.62   126.5 0    40.1 0   349.9 0    72.1 0   369.3 0   301.0 0   300.4 0   430.1 0   295.6 0   295.7 0     7.8 0    60.3 0   107.0 0   -60.9 0    46.2 0    22.3 0    89.3 0     4.3 0   185.3 0   993.2 0
 2004 160  6  8 11 45 11.750  77.08   134.7 0    42.6 0   367.2 0    73.9 0   368.9 0   301.1 0   300.5 0   430.6 0   295.7 0   295.8 0     8.4 0    64.1 0   113.5 0   -61.7 0    51.8 0    22.4 0    89.0 0     4.6 0   181.3 0   993.2 0
 2004 160  6  8 11 48 11.800  76.54   144.5 0    45.3 0   386.6 0    76.4 0   369.3 0   301.3 0   300.6 0   431.2 0   295.8 0   295.9 0     9.0 0    68.6 0   121.1 0   -61.8 0    59.3 0    22.4 0    88.8 0     4.9 0   184.4 0   993.3 0
 2004 160  6  8 11 51 11.850  76.00   153.7 0    47.9 0   402.0 0    79.0 0   369.7 0   301.5 0   300.8 0   431.8 0   295.9 0   296.0 0     9.7 0    72.9 0   128.3 0   -62.1 0    66.2 0    22.5 0    88.7 0     4.8 0   182.9 0   993.3 0
 2004 160  6  8 11 54 11.900  75.46   160.9 0    49.8 0   410.0 0    80.7 0   370.0 0   301.7 0   301.0 0   432.6 0   296.0 0   296.1 0    10.3 0    75.9 0   133.9 0   -62.5 0    71.4 0    22.6 0    88.4 0     4.7 0   186.5 0   993.3 0
 2004 160  6  8 11 57 11.950  74.91   168.3 0    51.7 0   417.4 0    82.7 0   370.5 0   301.9 0   301.2 0   433.2 0   296.1 0   296.3 0    10.8 0    78.9 0   139.7 0   -62.7 0    77.0 0    22.6 0    88.2 0     4.6 0   186.0 0   993.4 0
 2004 160  6  8 12  0 12.000  74.36   175.7 0    53.9 0   427.7 0    83.6 0   370.5 0   302.0 0   301.3 0   433.7 0   296.2 0   296.4 0    12.0 0    81.8 0   145.0 0   -63.2 0    81.8 0    22.7 0    87.8 0     5.0 0   184.2 0   993.4 0
 2004 160  6  8 12  3 12.050  73.82   187.3 0    56.7 0   449.9 0    85.4 0   370.9 0   302.2 0   301.6 0   434.5 0   296.3 0   296.5 0    12.9 0    87.4 0   154.1 0   -63.6 0    90.5 0    22.8 0    87.7 0     4.2 0   182.7 0   993.4 0
 2004 160  6  8 12  6 12.100  73.27   197.6 0    59.2 0   467.2 0    86.5 0   370.8 0   302.4 0   301.7 0   435.2 0   296.4 0   296.6 0    13.8 0    92.1 0   161.8 0   -64.3 0    97.4 0    22.9 0    87.2 0     5.2 0   184.6 0   993.4 0
 2004 160  6  8 12  9 12.150  72.72   207.0 0    61.5 0   477.0 0    88.7 0   371.4 0   302.6 0   301.8 0   435.6 0   296.5 0   296.7 0    14.7 0    96.3 0   168.9 0   -64.1 0   104.8 0    22.9 0    87.0 0     5.1 0   188.6 0   993.5 0
 2004 160  6  8 12 12 12.200  72.17   216.2 0    63.6 0   485.2 0    90.9 0   372.3 0   302.8 0   302.0 0   436.3 0   296.6 0   296.8 0    15.6 0   100.3 0   175.9 0   -64.1 0   111.8 0    23.0 0    86.6 0     5.4 0   185.6 0   993.5 0
 2004 160  6  8 12 15 12.250  71.61   223.8 0    65.0 0   487.8 0    93.1 0   373.3 0   302.9 0   302.3 0   437.5 0   296.7 0   296.9 0    16.6 0   103.4 0   182.0 0   -64.2 0   117.8 0    23.2 0    86.5 0     4.5 0   190.4 0   993.5 0
 2004 160  6  8 12 18 12.300  71.06   234.0 0    67.3 0   497.4 0    94.5 0   373.6 0   303.1 0   302.4 0   438.1 0   296.8 0   297.0 0    17.6 0   107.7 0   188.7 0   -64.5 0   124.2 0    23.3 0    85.9 0     5.1 0   190.9 0   993.5 0
 2004 160  6  8 12 21 12.350  70.50   243.1 0    69.6 0   506.3 0    96.5 0   374.1 0   303.3 0   302.4 0   438.5 0   296.9 0   297.1 0    18.6 0   111.6 0   195.9 0   -64.4 0   131.5 0    23.3 0    85.4 0     5.7 0   193.3 0   993.6 0
 2004 160  6  8 12 24 12.400  69.95   252.7 0    71.8 0   516.4 0    97.6 0   374.2 0   303.5 0   302.5 0   438.9 0   297.0 0   297.2 0    19.7 0   112.0 0   202.8 0   -64.6 0   138.2 0    23.4 0    84.9 0     6.0 0   193.2 0   993.6 0
 2004 160  6  8 12 27 12.450  69.39   262.8 0    73.7 0   527.9 0    98.6 0   374.7 0   303.6 0   302.7 0   439.6 0   297.1 0   297.3 0    20.9 0   120.3 0   210.7 0   -64.9 0   145.9 0    23.5 0    84.3 0     6.3 0   197.2 0   993.6 0
 2004 160  6  8 12 30 12.500  68.83   271.3 0    75.8 0   530.3 0   100.8 0   374.7 0   303.7 0   302.8 0   440.0 0   297.2 0   297.4 0    21.5 0   123.8 0   216.6 0   -65.2 0   151.3 0    23.6 0    83.8 0     6.8 0   197.1 0   993.6 0
 2004 160  6  8 12 33 12.550  68.27   283.3 0    78.3 0   546.6 0   101.6 0   375.2 0   303.9 0   302.9 0   440.8 0   297.3 0   297.5 0    17.7 0   129.1 0   225.7 0   -65.6 0   160.1 0    23.7 0    83.7 0     6.2 0   198.1 0   993.6 0
 2004 160  6  8 12 36 12.600  67.71   273.0 0    80.2 0   556.1 0   103.4 0   375.9 0   304.0 0   303.2 0   442.2 0   297.4 0   297.7 0    23.9 0   133.6 0   234.1 0   -66.3 0   167.8 0    23.8 0    83.4 0     5.6 0   193.4 0   993.6 0
 2004 160  6  8 12 39 12.650  67.15   304.3 0    82.5 0   561.2 0   105.7 0   376.3 0   304.2 0   303.3 0   442.5 0   297.5 0   297.8 0    26.0 0   137.8 0   241.1 0   -66.1 0   175.0 0    23.9 0    82.8 0     6.6 0   198.1 0   993.6 0
 2004 160  6  8 12 42 12.700  66.59   335.6 0    89.6 0   569.9 0   125.9 0   379.9 0   304.3 0   303.4 0   443.7 0   297.6 0   297.9 0    27.3 0   150.9 0   262.7 0   -63.7 0   199.0 0    24.0 0    82.6 0     6.2 0   199.6 0   993.6 0
 2004 160  6  8 12 45 12.750  66.03   260.0 0    67.7 0   378.7 0   125.3 0   378.5 0   304.5 0   303.6 0   442.9 0   297.7 0   297.9 0    27.6 0   120.5 0   211.5 0   -64.4 0   147.1 0    24.1 0    82.3 0     6.2 0   198.6 0   993.6 0
 2004 160  6  8 12 48 12.800  65.46   334.8 0    89.0 0   566.2 0   115.1 0   378.7 0   304.6 0   303.5 0   443.9 0   297.8 0   298.0 0    30.2 0   151.0 0   261.2 0   -65.2 0   196.0 0    24.1 0    81.8 0     6.8 0   198.8 0   993.6 0
 2004 160  6  8 12 51 12.850  64.90   333.9 0    88.1 0   552.4 0   114.3 0   379.2 0   304.7 0   303.7 0   444.5 0   297.9 0   298.1 0    31.4 0   150.1 0   260.6 0   -65.3 0   195.3 0    24.2 0    81.4 0     6.8 0   201.7 0   993.6 0
 2004 160  6  8 12 54 12.900  64.33   350.5 0    91.3 0   574.0 0   118.3 0   379.9 0   304.8 0   303.7 0   445.2 0   298.0 0   298.2 0    33.2 0   157.7 0   275.7 0   -65.3 0   210.3 0    24.3 0    80.9 0     7.2 0   208.3 0   993.7 0
 2004 160  6  8 12 57 12.950  63.77   355.4 0    91.8 0   569.2 0   120.3 0   380.5 0   304.9 0   303.9 0   446.2 0   298.1 0   298.3 0    34.6 0   159.3 0   280.1 0   -65.6 0   214.5 0    24.4 0    80.5 0     6.2 0   209.3 0   993.7 0
 2004 160  6  8 13  0 13.000  63.20   369.9 0    95.2 0   589.7 0   119.8 0   380.1 0   305.0 0   303.9 0   446.4 0   298.2 0   298.4 0    36.4 0   165.9 0   290.5 0   -66.3 0   224.2 0    24.4 0    80.3 0     7.3 0   204.7 0   993.6 0
