 Bondville
   40.05  -88.37  213 m version 1
 1999 181  6 30  0  3  0.050  76.08    47.5 0 -9999.9 1 -9999.9 1    43.8 0   296.6 0   312.5 0   310.9 0   399.7 0   292.6 0   292.5 0     8.4 0    28.4 0 -9999.9 1  -103.1 0 -9999.9 1 -9999.9 1 -9999.9 1 -9999.9 1   323.1 0 -9999.9 1
 1999 181  6 30  0  6  0.100  76.62    43.0 0 -9999.9 1 -9999.9 1    38.4 0   294.1 0   312.2 0   310.6 0   397.4 0   292.4 0   292.3 0     7.7 0    25.6 0 -9999.9 1  -103.3 0 -9999.9 1 -9999.9 1 -9999.9 1 -9999.9 1   333.5 0 -9999.9 1
 1999 181  6 30  0  9  0.150  77.15    50.8 0 -9999.9 1 -9999.9 1    39.5 0   294.4 0   312.0 0   310.8 0   398.0 0   292.4 0   292.3 0     6.9 0    27.3 0 -9999.9 1  -103.6 0 -9999.9 1 -9999.9 1 -9999.9 1 -9999.9 1   343.0 0 -9999.9 1
 1999 181  6 30  0 12  0.200  77.69    52.0 0 -9999.9 1 -9999.9 1    43.9 0   299.8 0   311.9 0   310.9 0   399.3 0   292.3 0   292.3 0     6.0 0    27.0 0 -9999.9 1   -99.5 0 -9999.9 1 -9999.9 1 -9999.9 1 -9999.9 1   336.7 0 -9999.9 1
 1999 181  6 30  0 18  0.300  78.76    60.5 0 -9999.9 1 -9999.9 1    57.5 0   326.9 0   311.6 0   310.1 0   404.1 0   292.3 0   292.2 0     4.9 0    29.3 0 -9999.9 1   -77.2 0 -9999.9 1 -9999.9 1 -9999.9 1 -9999.9 1   330.4 0 -9999.9 1
 1999 181  6 30  0 21  0.350  79.29    64.7 0 -9999.9 1 -9999.9 1    61.8 0   328.6 0   311.4 0   309.9 0   405.3 0   292.2 0   292.2 0     4.5 0    30.8 0 -9999.9 1   -76.7 0 -9999.9 1 -9999.9 1 -9999.9 1 -9999.9 1   329.9 0 -9999.9 1
 1999 181  6 30  0 24  0.400  79.82    79.4 0 -9999.9 1 -9999.9 1    64.2 0   328.5 0   311.3 0   309.8 0   406.2 0   292.2 0   292.2 0     4.1 0    35.8 0 -9999.9 1   -77.6 0 -9999.9 1 -9999.9 1 -9999.9 1 -9999.9 1   327.5 0 -9999.9 1
 1999 181  6 30  0 27  0.450  80.35    64.9 0 -9999.9 1 -9999.9 1    63.2 0   323.6 0   311.2 0   309.6 0   405.5 0   292.1 0   292.1 0     3.9 0    31.2 0 -9999.9 1   -81.9 0 -9999.9 1 -9999.9 1 -9999.9 1 -9999.9 1   326.7 0 -9999.9 1
 1999 181  6 30  0 33  0.550  81.39    66.3 0 -9999.9 1 -9999.9 1    64.7 0   331.1 0   311.0 0   309.3 0   404.6 0   292.1 0   292.1 0     3.3 0    31.5 0 -9999.9 1   -73.5 0 -9999.9 1 -9999.9 1 -9999.9 1 -9999.9 1   318.8 0 -9999.9 1
 1999 181  6 30  0 36  0.600  81.92    60.4 0 -9999.9 1 -9999.9 1    58.6 0   325.8 0   310.8 0   309.4 0   403.8 0   292.0 0   292.0 0     3.0 0    28.0 0 -9999.9 1   -78.0 0 -9999.9 1 -9999.9 1 -9999.9 1 -9999.9 1   306.0 0 -9999.9 1
 1999 181  6 30  0 39  0.650  82.43    43.1 0 -9999.9 1 -9999.9 1    41.6 0   321.5 0   310.7 0   309.6 0   402.4 0   291.9 0   291.9 0     2.5 0    20.6 0 -9999.9 1   -80.9 0 -9999.9 1 -9999.9 1 -9999.9 1 -9999.9 1   306.2 0 -9999.9 1
 1999 181  6 30  0 42  0.700  82.95    34.5 0 -9999.9 1 -9999.9 1    33.4 0   329.4 0   310.6 0   309.7 0   402.5 0   291.9 0   291.9 0     2.0 0    16.3 0 -9999.9 1   -73.2 0 -9999.9 1 -9999.9 1 -9999.9 1 -9999.9 1   305.8 0 -9999.9 1
 1999 181  6 30  0 48  0.800  83.97    20.0 0 -9999.9 1 -9999.9 1    20.3 0   342.8 0   310.3 0   308.5 0   400.3 0   291.7 0   291.6 0     1.2 0    10.1 0 -9999.9 1   -57.5 0 -9999.9 1 -9999.9 1 -9999.9 1 -9999.9 1   243.1 0 -9999.9 1
 1999 181  6 30  0 51  0.850  84.48    14.9 0 -9999.9 1 -9999.9 1    15.0 0   348.1 0   310.2 0   308.3 0   400.5 0   291.7 0   291.6 0     0.9 0     7.6 0 -9999.9 1   -52.3 0 -9999.9 1 -9999.9 1 -9999.9 1 -9999.9 1   260.1 0 -9999.9 1
 1999 181  6 30  0 54  0.900  84.98    12.6 0 -9999.9 1 -9999.9 1    12.5 0   344.7 0   309.9 0   308.4 0   399.4 0   291.5 0   291.4 0     0.8 0     6.7 0 -9999.9 1   -54.7 0 -9999.9 1 -9999.9 1 -9999.9 1 -9999.9 1   269.9 0 -9999.9 1
 1999 181  6 30  0 57  0.950  85.48    12.0 0 -9999.9 1 -9999.9 1    12.3 0   338.9 0   309.9 0   308.7 0   399.0 0   291.4 0   291.3 0     0.9 0     6.6 0 -9999.9 1   -60.1 0 -9999.9 1 -9999.9 1 -9999.9 1 -9999.9 1   276.1 0 -9999.9 1
 1999 181  6 30  1  3  1.050  86.46     6.2 0 -9999.9 1 -9999.9 1     7.1 0   347.6 0   309.7 0   308.4 0   399.7 0   291.3 0   291.2 0     0.4 0     3.7 0 -9999.9 1   -52.0 0 -9999.9 1 -9999.9 1 -9999.9 1 -9999.9 1   270.2 0 -9999.9 1
 1999 181  6 30  1  6  1.100  86.94     4.3 0 -9999.9 1 -9999.9 1     5.3 0   346.7 0   309.6 0   308.6 0   399.9 0   291.2 0   291.1 0     0.3 0     2.7 0 -9999.9 1   -53.1 0 -9999.9 1 -9999.9 1 -9999.9 1 -9999.9 1   257.5 0 -9999.9 1
 1999 181  6 30  1  9  1.150  87.41     2.4 0 -9999.9 1 -9999.9 1     4.2 0   347.6 0   309.5 0   308.1 0   399.7 0   291.1 0   291.0 0     0.2 0     1.9 0 -9999.9 1   -52.1 0 -9999.9 1 -9999.9 1 -9999.9 1 -9999.9 1   228.6 0 -9999.9 1
 1999 181  6 30  1 12  1.200  87.88     1.6 0 -9999.9 1 -9999.9 1     3.6 0   346.8 0   309.3 0   307.7 0   398.8 0   290.9 0   290.8 0     0.2 0     1.6 0 -9999.9 1   -52.0 0 -9999.9 1 -9999.9 1 -9999.9 1 -9999.9 1   219.3 0 -9999.9 1
 1999 181  6 30  1 18  1.300  88.77     3.7 0 -9999.9 1 -9999.9 1     5.4 0   345.2 0   309.1 0   307.9 0   398.9 0   290.8 0   290.7 0     0.2 0     2.3 0 -9999.9 1   -53.7 0 -9999.9 1 -9999.9 1 -9999.9 1 -9999.9 1   206.0 0 -9999.9 1
 1999 181  6 30  1 21  1.350  89.18     3.7 0 -9999.9 1 -9999.9 1     5.7 0   344.6 0   308.9 0   307.4 0   398.1 0   290.6 0   290.5 0     0.2 0     2.1 0 -9999.9 1   -53.5 0 -9999.9 1 -9999.9 1 -9999.9 1 -9999.9 1   193.7 0 -9999.9 1
 1999 181  6 30  1 24  1.400  89.57     1.7 0 -9999.9 1 -9999.9 1     3.8 0   339.0 0   308.7 0   307.2 0   396.4 0   290.5 0   290.4 0     0.2 2     1.7 0 -9999.9 1   -57.3 0 -9999.9 1 -9999.9 1 -9999.9 1 -9999.9 1   188.8 0 -9999.9 1
 1999 181  6 30  1 27  1.450  89.93     0.5 0 -9999.9 1 -9999.9 1     1.7 0   332.0 0   308.7 0   307.1 0   395.2 0   290.5 0   290.4 0     0.2 0     1.5 0 -9999.9 1   -63.2 0 -9999.9 1 -9999.9 1 -9999.9 1 -9999.9 1   191.4 0 -9999.9 1
 1999 181  6 30  1 33  1.550  91.64    -0.2 0 -9999.9 1 -9999.9 1     1.2 0   323.7 0   308.6 0   307.2 0   393.6 0   290.5 0   290.4 0     0.0 0     0.9 0 -9999.9 1   -69.9 0 -9999.9 1 -9999.9 1 -9999.9 1 -9999.9 1   189.6 0 -9999.9 1
 1999 181  6 30  1 36  1.600  92.12    -0.9 0 -9999.9 1 -9999.9 1     0.5 0   318.6 0   308.5 0   307.3 0   392.4 0   290.4 0   290.3 0     0.0 0     0.6 0 -9999.9 1   -73.9 0 -9999.9 1 -9999.9 1 -9999.9 1 -9999.9 1   189.4 0 -9999.9 1
 1999 181  6 30  1 39  1.650  92.60    -1.9 0 -9999.9 1 -9999.9 1    -0.4 0   323.9 0   308.5 0   307.0 0   392.0 0   290.3 0   290.2 0     0.0 0     0.3 0 -9999.9 1   -68.1 0 -9999.9 1 -9999.9 1 -9999.9 1 -9999.9 1   191.7 0 -9999.9 1
 1999 181  6 30  1 42  1.700  93.07    -2.3 0 -9999.9 1 -9999.9 1    -1.0 0   328.8 0   308.4 0   307.1 0   392.2 0   290.2 0   290.1 0     0.0 0     0.1 0 -9999.9 1   -63.4 0 -9999.9 1 -9999.9 1 -9999.9 1 -9999.9 1   187.6 0 -9999.9 1
 1999 181  6 30  1 48  1.800  94.02    -2.9 0 -9999.9 1 -9999.9 1    -2.5 0   338.1 0   308.0 0   305.8 0   391.8 0   290.0 0   289.9 0     0.0 0    -0.1 0 -9999.9 1   -53.8 0 -9999.9 1 -9999.9 1 -9999.9 1 -9999.9 1   124.8 0 -9999.9 1
 1999 181  6 30  1 51  1.850  94.49    -3.2 0 -9999.9 1 -9999.9 1    -1.7 0   336.4 0   307.9 0   305.8 0   392.2 0   289.9 0   289.8 0     0.0 0    -0.1 0 -9999.9 1   -55.8 0 -9999.9 1 -9999.9 1 -9999.9 1 -9999.9 1   142.1 0 -9999.9 1
 1999 181  6 30  1 54  1.900  94.95    -3.1 0 -9999.9 1 -9999.9 1    -1.0 0   336.4 0   307.8 0   306.4 0   392.2 0   289.9 0   289.7 0     0.0 0    -0.2 0 -9999.9 1   -55.8 0 -9999.9 1 -9999.9 1 -9999.9 1 -9999.9 1   150.1 0 -9999.9 1
 1999 181  6 30  1 57  1.950  95.42    -2.8 0 -9999.9 1 -9999.9 1    -1.0 0   343.7 0   307.7 0   306.4 0   393.5 0   289.8 0   289.7 0     0.0 0    -0.2 0 -9999.9 1   -49.8 0 -9999.9 1 -9999.9 1 -9999.9 1 -9999.9 1   134.3 0 -9999.9 1
 1999 181  6 30  2  3  2.050  96.33    -3.0 0 -9999.9 1 -9999.9 1    -1.4 0   350.4 0   307.5 0   305.6 0   394.5 0   289.8 0   289.7 0     0.0 0    -0.1 0 -9999.9 1   -44.1 0 -9999.9 1 -9999.9 1 -9999.9 1 -9999.9 1   127.1 0 -9999.9 1
 1999 181  6 30  2  6  2.100  96.78    -3.0 0 -9999.9 1 -9999.9 1    -1.3 0   350.1 0   307.3 0   305.4 0   395.0 0   289.8 0   289.7 0     0.0 0    -0.2 0 -9999.9 1   -44.9 0 -9999.9 1 -9999.9 1 -9999.9 1 -9999.9 1   126.5 0 -9999.9 1
 1999 181  6 30  2  9  2.150  97.23    -3.0 0 -9999.9 1 -9999.9 1    -0.9 0   348.8 0   307.2 0   305.3 0   394.4 0   289.8 0   289.8 0     0.0 0    -0.1 0 -9999.9 1   -45.5 0 -9999.9 1 -9999.9 1 -9999.9 1 -9999.9 1   132.9 0 -9999.9 1
 1999 181  6 30  2 12  2.200  97.68    -3.2 0 -9999.9 1 -9999.9 1    -0.8 0   349.0 0   307.0 0   305.0 0   393.5 0   289.8 0   289.7 0     0.0 0    -0.2 0 -9999.9 1   -44.5 0 -9999.9 1 -9999.9 1 -9999.9 1 -9999.9 1   133.4 0 -9999.9 1
 1999 181  6 30  2 18  2.300  98.56    -3.4 0 -9999.9 1 -9999.9 1    -0.8 0   348.6 0   306.6 0   304.7 0   393.1 0   289.7 0   289.7 0     0.0 0    -0.1 0 -9999.9 1   -44.5 0 -9999.9 1 -9999.9 1 -9999.9 1 -9999.9 1   134.5 0 -9999.9 1
 1999 181  6 30  2 21  2.350  99.00    -3.4 0 -9999.9 1 -9999.9 1    -0.6 0   347.6 0   306.5 0   304.7 0   393.0 0   289.8 0   289.7 0     0.0 0    -0.1 0 -9999.9 1   -45.4 0 -9999.9 1 -9999.9 1 -9999.9 1 -9999.9 1   135.2 0 -9999.9 1
 1999 181  6 30  2 24  2.400  99.43    -3.2 0 -9999.9 1 -9999.9 1    -0.7 0   341.2 0   306.3 0   304.7 0   392.1 0   289.8 0   289.7 0     0.0 0    -0.1 0 -9999.9 1   -50.9 0 -9999.9 1 -9999.9 1 -9999.9 1 -9999.9 1   131.3 0 -9999.9 1
 1999 181  6 30  2 27  2.450  99.86    -3.2 0 -9999.9 1 -9999.9 1    -0.7 0   327.4 0   306.2 0   304.8 0   390.7 0   289.7 0   289.7 0     0.0 0    -0.1 0 -9999.9 1   -63.3 0 -9999.9 1 -9999.9 1 -9999.9 1 -9999.9 1   135.9 0 -9999.9 1
 1999 181  6 30  2 33  2.550 100.71    -3.4 0 -9999.9 1 -9999.9 1    -0.2 0   303.7 0   306.1 0   305.0 0   386.7 0   289.7 0   289.6 0     0.0 0    -0.2 0 -9999.9 1   -83.0 0 -9999.9 1 -9999.9 1 -9999.9 1 -9999.9 1   128.0 0 -9999.9 1
 1999 181  6 30  2 36  2.600 101.12    -3.7 0 -9999.9 1 -9999.9 1    -0.8 0   297.1 0   306.0 0   304.7 0   384.9 0   289.6 0   289.5 0     0.0 0    -0.1 0 -9999.9 1   -87.7 0 -9999.9 1 -9999.9 1 -9999.9 1 -9999.9 1   129.5 0 -9999.9 1
 1999 181  6 30  2 39  2.650 101.54    -3.7 0 -9999.9 1 -9999.9 1    -1.6 0   296.8 0   305.9 0   304.0 0   383.8 0   289.5 0   289.4 0     0.0 0    -0.2 0 -9999.9 1   -87.0 0 -9999.9 1 -9999.9 1 -9999.9 1 -9999.9 1   133.5 0 -9999.9 1
 1999 181  6 30  2 42  2.700 101.95    -3.6 0 -9999.9 1 -9999.9 1    -1.7 0   297.7 0   305.8 0   303.9 0   382.6 0   289.5 0   289.4 0     0.0 0    -0.1 0 -9999.9 1   -84.9 0 -9999.9 1 -9999.9 1 -9999.9 1 -9999.9 1   134.3 0 -9999.9 1
 1999 181  6 30  2 48  2.800 102.75    -3.4 0 -9999.9 1 -9999.9 1     0.1 0   313.9 0   305.5 0   304.0 0   383.4 0   289.3 0   289.2 0     0.0 0    -0.2 0 -9999.9 1   -69.5 0 -9999.9 1 -9999.9 1 -9999.9 1 -9999.9 1   154.1 0 -9999.9 1
 1999 181  6 30  2 51  2.850 103.15    -3.3 0 -9999.9 1 -9999.9 1     0.3 0   328.1 0   305.5 0   303.7 0   385.6 0   289.4 0   289.3 0     0.0 0    -0.2 0 -9999.9 1   -57.5 0 -9999.9 1 -9999.9 1 -9999.9 1 -9999.9 1   152.7 0 -9999.9 1
 1999 181  6 30  2 54  2.900 103.54    -3.2 0 -9999.9 1 -9999.9 1     0.1 0   336.8 0   305.4 0   303.3 0   386.8 0   289.4 0   289.3 0     0.0 0    -0.2 0 -9999.9 1   -50.0 0 -9999.9 1 -9999.9 1 -9999.9 1 -9999.9 1   149.5 0 -9999.9 1
 1999 181  6 30  2 57  2.950 103.93    -3.5 0 -9999.9 1 -9999.9 1     0.0 0   334.2 0   305.2 0   303.2 0   387.9 0   289.4 0   289.3 0     0.0 0    -0.1 0 -9999.9 1   -53.7 0 -9999.9 1 -9999.9 1 -9999.9 1 -9999.9 1   149.5 0 -9999.9 1
 1999 181  6 30  3  3  3.050 104.70    -3.6 0 -9999.9 1 -9999.9 1     0.6 0   327.9 0   305.0 0   303.0 0   387.5 0   289.3 0   289.2 0     0.0 0    -0.2 0 -9999.9 1   -59.6 0 -9999.9 1 -9999.9 1 -9999.9 1 -9999.9 1   147.0 0 -9999.9 1
 1999 181  6 30  3  6  3.100 105.07    -3.7 0 -9999.9 1 -9999.9 1     0.6 0   335.0 0   304.9 0   302.9 0   387.9 0   289.3 0   289.2 0     0.0 0    -0.2 0 -9999.9 1   -52.9 0 -9999.9 1 -9999.9 1 -9999.9 1 -9999.9 1   145.9 0 -9999.9 1
 1999 181  6 30  3  9  3.150 105.45    -3.6 0 -9999.9 1 -9999.9 1     0.2 0   334.0 0   304.6 0   303.0 0   386.8 0   289.1 0   289.0 0     0.0 0    -0.2 0 -9999.9 1   -52.8 0 -9999.9 1 -9999.9 1 -9999.9 1 -9999.9 1   149.4 0 -9999.9 1
 1999 181  6 30  3 12  3.200 105.81    -3.3 0 -9999.9 1 -9999.9 1     0.7 0   337.5 0   304.4 0   303.1 0   387.1 0   288.9 0   288.8 0     0.0 0    -0.1 0 -9999.9 1   -49.6 0 -9999.9 1 -9999.9 1 -9999.9 1 -9999.9 1   159.5 0 -9999.9 1
 1999 181  6 30  3 18  3.300 106.53    -3.4 0 -9999.9 1 -9999.9 1     1.3 0   347.3 0   304.4 0   303.0 0   389.3 0   289.0 0   288.9 0     0.0 0    -0.2 0 -9999.9 1   -42.0 0 -9999.9 1 -9999.9 1 -9999.9 1 -9999.9 1   159.3 0 -9999.9 1
 1999 181  6 30  3 21  3.350 106.88    -3.2 0 -9999.9 1 -9999.9 1     1.2 0   345.3 0   304.3 0   303.5 0   389.2 0   288.9 0   288.8 0     0.0 0    -0.2 0 -9999.9 1   -43.9 0 -9999.9 1 -9999.9 1 -9999.9 1 -9999.9 1   165.1 0 -9999.9 1
 1999 181  6 30  3 24  3.400 107.23    -3.2 0 -9999.9 1 -9999.9 1     1.4 0   343.3 0   304.3 0   303.5 0   389.3 0   288.7 0   288.7 0     0.0 0    -0.2 0 -9999.9 1   -46.0 0 -9999.9 1 -9999.9 1 -9999.9 1 -9999.9 1   165.1 0 -9999.9 1
 1999 181  6 30  3 27  3.450 107.57    -3.1 0 -9999.9 1 -9999.9 1     1.6 0   344.0 0   304.2 0   303.3 0   389.3 0   288.6 0   288.6 0     0.0 0    -0.2 0 -9999.9 1   -45.3 0 -9999.9 1 -9999.9 1 -9999.9 1 -9999.9 1   161.8 0 -9999.9 1
 1999 181  6 30  3 33  3.550 108.24    -3.2 0 -9999.9 1 -9999.9 1     1.4 0   347.7 0   304.3 0   302.9 0   389.2 0   288.5 0   288.4 0     0.0 0    -0.2 0 -9999.9 1   -41.5 0 -9999.9 1 -9999.9 1 -9999.9 1 -9999.9 1   160.4 0 -9999.9 1
 1999 181  6 30  3 36  3.600 108.57    -3.2 0 -9999.9 1 -9999.9 1     1.2 0   348.5 0   304.2 0   302.7 0   389.1 0   288.4 0   288.4 0     0.0 2    -0.2 0 -9999.9 1   -40.5 0 -9999.9 1 -9999.9 1 -9999.9 1 -9999.9 1   159.3 0 -9999.9 1
 1999 181  6 30  3 39  3.650 108.89    -3.3 0 -9999.9 1 -9999.9 1     0.4 0   349.0 0   304.2 0   302.5 0   388.8 0   288.4 0   288.3 0     0.0 2    -0.2 0 -9999.9 1   -39.8 0 -9999.9 1 -9999.9 1 -9999.9 1 -9999.9 1   150.6 0 -9999.9 1
 1999 181  6 30  3 42  3.700 109.21    -3.2 0 -9999.9 1 -9999.9 1     0.4 0   347.8 0   304.2 0   302.5 0   388.9 0   288.4 0   288.3 0     0.0 2    -0.3 0 -9999.9 1   -41.1 0 -9999.9 1 -9999.9 1 -9999.9 1 -9999.9 1   151.5 0 -9999.9 1
 1999 181  6 30  3 48  3.800 109.82    -3.4 0 -9999.9 1 -9999.9 1     1.2 0   352.1 0   304.3 0   302.6 0   389.9 0   288.5 0   288.4 0     0.0 0    -0.2 0 -9999.9 1   -37.7 0 -9999.9 1 -9999.9 1 -9999.9 1 -9999.9 1   156.6 0 -9999.9 1
 1999 181  6 30  3 51  3.850 110.12    -3.2 0 -9999.9 1 -9999.9 1     1.0 0   350.1 0   304.3 0   302.8 0   389.6 0   288.4 0   288.4 0     0.0 0    -0.2 0 -9999.9 1   -39.5 0 -9999.9 1 -9999.9 1 -9999.9 1 -9999.9 1   156.2 0 -9999.9 1
 1999 181  6 30  3 54  3.900 110.42    -3.1 0 -9999.9 1 -9999.9 1     1.0 0   345.6 0   304.3 0   303.0 0   389.7 0   288.5 0   288.4 0     0.0 0    -0.2 0 -9999.9 1   -44.1 0 -9999.9 1 -9999.9 1 -9999.9 1 -9999.9 1   154.5 0 -9999.9 1
 1999 181  6 30  3 57  3.950 110.71    -3.0 0 -9999.9 1 -9999.9 1     1.2 0   339.7 0   304.3 0   303.0 0   389.0 0   288.4 0   288.3 0     0.0 0    -0.2 0 -9999.9 1   -49.4 0 -9999.9 1 -9999.9 1 -9999.9 1 -9999.9 1   159.2 0 -9999.9 1
 1999 181  6 30  4  3  4.050 111.26    -3.3 0 -9999.9 1 -9999.9 1     0.9 0   323.1 0   304.3 0   302.8 0   386.8 0   288.4 0   288.3 0     0.0 0    -0.2 0 -9999.9 1   -63.7 0 -9999.9 1 -9999.9 1 -9999.9 1 -9999.9 1   153.1 0 -9999.9 1
 1999 181  6 30  4  6  4.100 111.53    -3.2 0 -9999.9 1 -9999.9 1     0.3 0   318.6 0   304.3 0   302.9 0   385.8 0   288.4 0   288.3 0     0.0 0    -0.2 0 -9999.9 1   -67.2 0 -9999.9 1 -9999.9 1 -9999.9 1 -9999.9 1   153.2 0 -9999.9 1
 1999 181  6 30  4  9  4.150 111.80    -3.0 0 -9999.9 1 -9999.9 1     0.8 0   315.6 0   304.3 0   303.0 0   385.2 0   288.3 0   288.2 0     0.0 0    -0.2 0 -9999.9 1   -69.6 0 -9999.9 1 -9999.9 1 -9999.9 1 -9999.9 1   162.4 0 -9999.9 1
 1999 181  6 30  4 12  4.200 112.06    -3.1 0 -9999.9 1 -9999.9 1     0.4 0   314.9 0   304.2 0   302.6 0   383.7 0   288.2 0   288.1 0     0.0 0    -0.2 0 -9999.9 1   -68.8 0 -9999.9 1 -9999.9 1 -9999.9 1 -9999.9 1   151.7 0 -9999.9 1
 1999 181  6 30  4 18  4.300 112.56    -3.3 0 -9999.9 1 -9999.9 1     0.2 0   312.8 0   304.1 0   302.6 0   381.9 0   288.1 0   288.0 0     0.0 0    -0.2 0 -9999.9 1   -69.1 0 -9999.9 1 -9999.9 1 -9999.9 1 -9999.9 1   152.7 0 -9999.9 1
 1999 181  6 30  4 21  4.350 112.79    -3.2 0 -9999.9 1 -9999.9 1     0.0 0   313.6 0   304.0 0   302.9 0   381.3 0   288.0 0   287.9 0     0.0 2    -0.2 0 -9999.9 1   -67.7 0 -9999.9 1 -9999.9 1 -9999.9 1 -9999.9 1   155.5 0 -9999.9 1
 1999 181  6 30  4 24  4.400 113.03    -3.0 0 -9999.9 1 -9999.9 1    -0.1 0   317.7 0   304.0 0   303.0 0   381.1 0   287.9 0   287.8 0     0.0 2    -0.2 0 -9999.9 1   -63.4 0 -9999.9 1 -9999.9 1 -9999.9 1 -9999.9 1   154.4 0 -9999.9 1
 1999 181  6 30  4 27  4.450 113.25    -2.8 0 -9999.9 1 -9999.9 1    -0.5 0   319.3 0   304.0 0   302.8 0   381.1 0   287.7 0   287.7 0     0.0 2    -0.2 0 -9999.9 1   -61.8 0 -9999.9 1 -9999.9 1 -9999.9 1 -9999.9 1   152.1 0 -9999.9 1
 1999 181  6 30  4 33  4.550 113.69    -2.9 0 -9999.9 1 -9999.9 1    -0.9 0   340.3 0   304.1 0   302.3 0   383.9 0   287.8 0   287.7 0     0.0 2    -0.2 0 -9999.9 1   -43.6 0 -9999.9 1 -9999.9 1 -9999.9 1 -9999.9 1   141.1 0 -9999.9 1
 1999 181  6 30  4 36  4.600 113.89    -3.0 0 -9999.9 1 -9999.9 1    -0.8 0   341.5 0   304.0 0   302.2 0   384.9 0   287.8 0   287.8 0     0.0 2    -0.1 0 -9999.9 1   -43.3 0 -9999.9 1 -9999.9 1 -9999.9 1 -9999.9 1   132.8 0 -9999.9 1
 1999 181  6 30  4 39  4.650 114.09    -3.1 0 -9999.9 1 -9999.9 1    -0.9 0   343.8 0   304.1 0   302.2 0   385.9 0   287.9 0   287.9 0     0.0 0    -0.2 0 -9999.9 1   -42.1 0 -9999.9 1 -9999.9 1 -9999.9 1 -9999.9 1   131.6 0 -9999.9 1
 1999 181  6 30  4 42  4.700 114.29    -3.2 0 -9999.9 1 -9999.9 1    -0.9 0   351.5 0   304.1 0   302.3 0   386.8 0   288.0 0   287.9 0     0.0 0    -0.2 0 -9999.9 1   -35.3 0 -9999.9 1 -9999.9 1 -9999.9 1 -9999.9 1   120.8 0 -9999.9 1
 1999 181  6 30  4 48  4.800 114.65    -3.3 0 -9999.9 1 -9999.9 1     0.2 0   357.1 0   304.2 0   302.4 0   389.0 0   288.1 0   288.0 0     0.0 0    -0.2 0 -9999.9 1   -31.9 0 -9999.9 1 -9999.9 1 -9999.9 1 -9999.9 1    96.5 0 -9999.9 1
 1999 181  6 30  4 51  4.850 114.83    -3.3 0 -9999.9 1 -9999.9 1     0.4 0   354.1 0   304.1 0   302.7 0   389.3 0   288.0 0   287.9 0     0.0 0    -0.2 0 -9999.9 1   -35.2 0 -9999.9 1 -9999.9 1 -9999.9 1 -9999.9 1   104.2 0 -9999.9 1
 1999 181  6 30  4 54  4.900 114.99    -3.3 0 -9999.9 1 -9999.9 1     0.4 0   355.6 0   304.2 0   302.5 0   389.6 0   288.0 0   288.0 0     0.0 0    -0.2 0 -9999.9 1   -34.1 0 -9999.9 1 -9999.9 1 -9999.9 1 -9999.9 1   110.0 0 -9999.9 1
 1999 181  6 30  4 57  4.950 115.15    -3.4 0 -9999.9 1 -9999.9 1     0.3 0   356.3 0   304.3 0   302.6 0   390.3 0   288.1 0   288.1 0     0.0 0    -0.2 0 -9999.9 1   -34.0 0 -9999.9 1 -9999.9 1 -9999.9 1 -9999.9 1   114.3 0 -9999.9 1
 1999 181  6 30  5  3  5.050 115.44    -3.5 0 -9999.9 1 -9999.9 1     0.5 0   355.6 0   304.3 0   302.7 0   390.6 0   288.2 0   288.2 0     0.0 0    -0.2 0 -9999.9 1   -35.0 0 -9999.9 1 -9999.9 1 -9999.9 1 -9999.9 1   125.0 0 -9999.9 1
 1999 181  6 30  5  6  5.100 115.58    -3.4 0 -9999.9 1 -9999.9 1     0.7 0   354.4 0   304.3 0   302.8 0   390.4 0   288.2 0   288.2 0     0.0 0    -0.2 0 -9999.9 1   -36.1 0 -9999.9 1 -9999.9 1 -9999.9 1 -9999.9 1   124.7 0 -9999.9 1
 1999 181  6 30  5  9  5.150 115.71    -3.3 0 -9999.9 1 -9999.9 1     0.7 0   354.8 0   304.3 0   303.0 0   390.8 0   288.3 0   288.3 0     0.0 0    -0.2 0 -9999.9 1   -36.1 0 -9999.9 1 -9999.9 1 -9999.9 1 -9999.9 1   123.0 0 -9999.9 1
 1999 181  6 30  5 12  5.200 115.83    -3.3 0 -9999.9 1 -9999.9 1     0.7 0   354.2 0   304.2 0   302.7 0   390.4 0   288.2 0   288.2 0     0.0 0    -0.2 0 -9999.9 1   -36.1 0 -9999.9 1 -9999.9 1 -9999.9 1 -9999.9 1   127.4 0 -9999.9 1
 1999 181  6 30  5 18  5.300 116.05    -3.3 0 -9999.9 1 -9999.9 1     0.4 0   354.1 0   304.3 0   302.9 0   390.7 0   288.4 0   288.3 0     0.0 0    -0.2 0 -9999.9 1   -36.6 0 -9999.9 1 -9999.9 1 -9999.9 1 -9999.9 1   130.0 0 -9999.9 1
 1999 181  6 30  5 21  5.350 116.15    -3.3 0 -9999.9 1 -9999.9 1     0.3 0   353.4 0   304.1 0   302.6 0   389.6 0   288.2 0   288.1 0     0.0 0    -0.2 0 -9999.9 1   -36.2 0 -9999.9 1 -9999.9 1 -9999.9 1 -9999.9 1   122.1 0 -9999.9 1
 1999 181  6 30  5 24  5.400 116.24    -3.4 0 -9999.9 1 -9999.9 1     0.1 0   352.9 0   304.0 0   302.4 0   388.8 0   288.0 0   288.0 0     0.0 0    -0.1 0 -9999.9 1   -35.9 0 -9999.9 1 -9999.9 1 -9999.9 1 -9999.9 1   119.7 0 -9999.9 1
 1999 181  6 30  5 27  5.450 116.33    -3.3 0 -9999.9 1 -9999.9 1     0.0 0   353.6 0   304.0 0   302.4 0   388.3 0   288.0 0   287.9 0     0.0 0    -0.1 0 -9999.9 1   -34.7 0 -9999.9 1 -9999.9 1 -9999.9 1 -9999.9 1   120.4 0 -9999.9 1
 1999 181  6 30  5 33  5.550 116.47    -3.0 0 -9999.9 1 -9999.9 1     0.2 0   350.3 0   303.8 0   302.7 0   387.4 0   287.7 0   287.7 0     0.0 2    -0.2 0 -9999.9 1   -37.2 0 -9999.9 1 -9999.9 1 -9999.9 1 -9999.9 1   124.0 0 -9999.9 1
 1999 181  6 30  5 36  5.600 116.54    -3.0 0 -9999.9 1 -9999.9 1     0.3 0   353.2 0   304.0 0   302.7 0   388.5 0   287.9 0   287.8 0     0.0 0    -0.2 0 -9999.9 1   -35.3 0 -9999.9 1 -9999.9 1 -9999.9 1 -9999.9 1   122.3 0 -9999.9 1
 1999 181  6 30  5 39  5.650 116.59    -3.1 0 -9999.9 1 -9999.9 1     0.2 0   356.4 0   304.2 0   302.5 0   389.0 0   288.0 0   287.9 0     0.0 0    -0.2 0 -9999.9 1   -32.5 0 -9999.9 1 -9999.9 1 -9999.9 1 -9999.9 1   119.6 0 -9999.9 1
 1999 181  6 30  5 42  5.700 116.64    -3.2 0 -9999.9 1 -9999.9 1    -0.2 0   355.5 0   304.1 0   302.5 0   388.5 0   288.0 0   287.9 0     0.0 0    -0.1 0 -9999.9 1   -33.1 0 -9999.9 1 -9999.9 1 -9999.9 1 -9999.9 1   127.3 0 -9999.9 1
 1999 181  6 30  5 48  5.800 116.71    -3.0 0 -9999.9 1 -9999.9 1     0.0 0   356.9 0   304.3 0   302.6 0   389.3 0   288.1 0   288.1 0     0.0 0    -0.2 0 -9999.9 1   -32.4 0 -9999.9 1 -9999.9 1 -9999.9 1 -9999.9 1   112.3 0 -9999.9 1
 1999 181  6 30  5 51  5.850 116.73    -3.2 0 -9999.9 1 -9999.9 1    -0.4 0   358.0 0   304.3 0   302.3 0   389.0 0   288.1 0   288.0 0     0.0 0    -0.1 0 -9999.9 1   -30.9 0 -9999.9 1 -9999.9 1 -9999.9 1 -9999.9 1   121.6 0 -9999.9 1
 1999 181  6 30  5 54  5.900 116.75    -3.4 0 -9999.9 1 -9999.9 1    -0.7 0   357.3 0   304.2 0   302.2 0   388.3 0   288.1 0   288.0 0     0.0 0    -0.1 0 -9999.9 1   -31.0 0 -9999.9 1 -9999.9 1 -9999.9 1 -9999.9 1   119.1 0 -9999.9 1
 1999 181  6 30  5 57  5.950 116.75    -3.5 0 -9999.9 1 -9999.9 1    -0.7 0   355.0 0   304.1 0   302.3 0   387.7 0   288.0 0   287.9 0     0.0 0    -0.1 0 -9999.9 1   -32.7 0 -9999.9 1 -9999.9 1 -9999.9 1 -9999.9 1   116.1 0 -9999.9 1
 1999 181  6 30  6  3  6.050 116.75    -3.0 0 -9999.9 1 -9999.9 1    -0.5 0   343.9 0   303.9 0   302.2 0   386.7 0   287.8 0   287.7 0     0.0 0    -0.1 0 -9999.9 1   -42.7 0 -9999.9 1 -9999.9 1 -9999.9 1 -9999.9 1   122.6 0 -9999.9 1
 1999 181  6 30  6  6  6.100 116.73    -3.2 0 -9999.9 1 -9999.9 1    -0.2 0   348.6 0   303.9 0   302.3 0   386.6 0   287.8 0   287.7 0     0.0 0    -0.2 0 -9999.9 1   -38.0 0 -9999.9 1 -9999.9 1 -9999.9 1 -9999.9 1   130.4 0 -9999.9 1
 1999 181  6 30  6  9  6.150 116.71    -3.1 0 -9999.9 1 -9999.9 1     0.2 0   351.1 0   303.8 0   302.3 0   386.8 0   287.7 0   287.7 0     0.0 0    -0.2 0 -9999.9 1   -35.7 0 -9999.9 1 -9999.9 1 -9999.9 1 -9999.9 1   137.5 0 -9999.9 1
 1999 181  6 30  6 12  6.200 116.68    -3.1 0 -9999.9 1 -9999.9 1     0.4 0   350.0 0   303.7 0   302.2 0   386.5 0   287.6 0   287.6 0     0.0 0    -0.1 0 -9999.9 1   -36.5 0 -9999.9 1 -9999.9 1 -9999.9 1 -9999.9 1   132.6 0 -9999.9 1
 1999 181  6 30  6 18  6.300 116.59    -2.8 0 -9999.9 1 -9999.9 1    -0.4 0   342.6 0   303.5 0   301.8 0   385.3 0   287.5 0   287.4 0     0.0 2    -0.1 0 -9999.9 1   -42.6 0 -9999.9 1 -9999.9 1 -9999.9 1 -9999.9 1   123.1 0 -9999.9 1
 1999 181  6 30  6 21  6.350 116.54    -3.1 0 -9999.9 1 -9999.9 1    -0.7 0   337.5 0   303.4 0   301.8 0   384.4 0   287.4 0   287.3 0     0.0 2    -0.1 0 -9999.9 1   -46.9 0 -9999.9 1 -9999.9 1 -9999.9 1 -9999.9 1   120.5 0 -9999.9 1
 1999 181  6 30  6 24  6.400 116.48    -3.0 0 -9999.9 1 -9999.9 1    -0.5 0   340.3 0   303.5 0   302.0 0   384.6 0   287.4 0   287.3 0     0.0 0    -0.2 0 -9999.9 1   -44.3 0 -9999.9 1 -9999.9 1 -9999.9 1 -9999.9 1   128.7 0 -9999.9 1
 1999 181  6 30  6 27  6.450 116.41    -3.1 0 -9999.9 1 -9999.9 1     0.1 0   342.2 0   303.5 0   302.1 0   385.0 0   287.4 0   287.3 0     0.0 2    -0.2 0 -9999.9 1   -42.8 0 -9999.9 1 -9999.9 1 -9999.9 1 -9999.9 1   133.7 0 -9999.9 1
 1999 181  6 30  6 33  6.550 116.25    -3.0 0 -9999.9 1 -9999.9 1     0.0 0   346.6 0   303.4 0   301.9 0   384.7 0   287.2 0   287.2 0     0.0 2    -0.2 0 -9999.9 1   -38.1 0 -9999.9 1 -9999.9 1 -9999.9 1 -9999.9 1   129.3 0 -9999.9 1
 1999 181  6 30  6 36  6.600 116.15    -3.0 0 -9999.9 1 -9999.9 1     0.0 0   345.9 0   303.3 0   301.9 0   384.5 0   287.2 0   287.1 0     0.0 2    -0.2 0 -9999.9 1   -38.6 0 -9999.9 1 -9999.9 1 -9999.9 1 -9999.9 1   130.0 0 -9999.9 1
 1999 181  6 30  6 39  6.650 116.05    -2.9 0 -9999.9 1 -9999.9 1     0.5 0   344.6 0   303.3 0   301.9 0   384.2 0   287.1 0   287.0 0     0.0 2    -0.2 0 -9999.9 1   -39.6 0 -9999.9 1 -9999.9 1 -9999.9 1 -9999.9 1   139.5 0 -9999.9 1
 1999 181  6 30  6 42  6.700 115.95    -2.9 0 -9999.9 1 -9999.9 1     0.8 0   346.8 0   303.3 0   301.8 0   384.9 0   287.1 0   287.1 0     0.0 2    -0.2 0 -9999.9 1   -38.0 0 -9999.9 1 -9999.9 1 -9999.9 1 -9999.9 1   141.0 0 -9999.9 1
 1999 181  6 30  6 48  6.800 115.71    -2.9 0 -9999.9 1 -9999.9 1     0.8 0   348.4 0   303.5 0   302.0 0   386.0 0   287.3 0   287.2 0     0.0 2    -0.2 0 -9999.9 1   -37.6 0 -9999.9 1 -9999.9 1 -9999.9 1 -9999.9 1   146.1 0 -9999.9 1
 1999 181  6 30  6 51  6.850 115.58    -3.0 0 -9999.9 1 -9999.9 1     1.0 0   350.6 0   303.6 0   302.0 0   386.7 0   287.4 0   287.3 0     0.0 0    -0.2 0 -9999.9 1   -36.2 0 -9999.9 1 -9999.9 1 -9999.9 1 -9999.9 1   143.2 0 -9999.9 1
 1999 181  6 30  6 54  6.900 115.45    -3.1 0 -9999.9 1 -9999.9 1     0.6 0   350.6 0   303.7 0   301.9 0   386.9 0   287.5 0   287.4 0     0.0 0    -0.2 0 -9999.9 1   -36.3 0 -9999.9 1 -9999.9 1 -9999.9 1 -9999.9 1   141.2 0 -9999.9 1
 1999 181  6 30  6 57  6.950 115.30    -3.3 0 -9999.9 1 -9999.9 1     0.6 0   342.5 0   303.7 0   301.8 0   386.5 0   287.6 0   287.5 0     0.0 0    -0.2 0 -9999.9 1   -44.1 0 -9999.9 1 -9999.9 1 -9999.9 1 -9999.9 1   142.3 0 -9999.9 1
 1999 181  6 30  7  3  7.050 114.99    -3.5 0 -9999.9 1 -9999.9 1     0.3 0   326.4 0   303.4 0   301.5 0   383.2 0   287.3 0   287.3 0     0.0 0    -0.2 0 -9999.9 1   -56.8 0 -9999.9 1 -9999.9 1 -9999.9 1 -9999.9 1   148.6 0 -9999.9 1
 1999 181  6 30  7  6  7.100 114.83    -3.5 0 -9999.9 1 -9999.9 1     0.5 0   325.2 0   303.4 0   301.4 0   383.1 0   287.3 0   287.3 0     0.0 0    -0.2 0 -9999.9 1   -57.9 0 -9999.9 1 -9999.9 1 -9999.9 1 -9999.9 1   147.5 0 -9999.9 1
 1999 181  6 30  7  9  7.150 114.66    -3.6 0 -9999.9 1 -9999.9 1     0.4 0   319.9 0   303.3 0   301.2 0   382.8 0   287.4 0   287.3 0     0.0 0    -0.2 0 -9999.9 1   -62.8 0 -9999.9 1 -9999.9 1 -9999.9 1 -9999.9 1   148.9 0 -9999.9 1
 1999 181  6 30  7 12  7.200 114.48    -3.7 0 -9999.9 1 -9999.9 1     0.8 0   322.4 0   303.2 0   301.2 0   382.7 0   287.4 0   287.3 0     0.0 0    -0.2 0 -9999.9 1   -60.2 0 -9999.9 1 -9999.9 1 -9999.9 1 -9999.9 1   152.2 0 -9999.9 1
 1999 181  6 30  7 18  7.300 114.10    -3.5 0 -9999.9 1 -9999.9 1     0.7 0   317.4 0   302.9 0   301.0 0   381.2 0   287.2 0   287.2 0     0.0 0    -0.2 0 -9999.9 1   -63.8 0 -9999.9 1 -9999.9 1 -9999.9 1 -9999.9 1   146.8 0 -9999.9 1
 1999 181  6 30  7 21  7.350 113.90    -3.5 0 -9999.9 1 -9999.9 1     0.1 0   322.0 0   302.8 0   301.1 0   381.0 0   287.2 0   287.1 0     0.0 0    -0.2 0 -9999.9 1   -59.0 0 -9999.9 1 -9999.9 1 -9999.9 1 -9999.9 1   139.5 0 -9999.9 1
 1999 181  6 30  7 24  7.400 113.69    -3.3 0 -9999.9 1 -9999.9 1    -0.5 0   330.5 0   302.6 0   300.9 0   380.8 0   287.1 0   287.0 0     0.0 0    -0.1 0 -9999.9 1   -50.3 0 -9999.9 1 -9999.9 1 -9999.9 1 -9999.9 1   131.5 0 -9999.9 1
 1999 181  6 30  7 27  7.450 113.48    -3.4 0 -9999.9 1 -9999.9 1    -0.7 0   333.5 0   302.4 0   300.6 0   380.9 0   286.9 0   286.8 0     0.0 0    -0.2 0 -9999.9 1   -47.4 0 -9999.9 1 -9999.9 1 -9999.9 1 -9999.9 1   123.7 0 -9999.9 1
 1999 181  6 30  7 33  7.550 113.03    -3.3 0 -9999.9 1 -9999.9 1    -0.4 0   337.7 0   302.3 0   300.7 0   382.2 0   286.9 0   286.8 0     0.0 0    -0.2 0 -9999.9 1   -44.5 0 -9999.9 1 -9999.9 1 -9999.9 1 -9999.9 1   115.4 0 -9999.9 1
 1999 181  6 30  7 36  7.600 112.80    -3.3 0 -9999.9 1 -9999.9 1     0.1 0   332.9 0   302.4 0   300.8 0   382.5 0   287.0 0   286.9 0     0.0 0    -0.2 0 -9999.9 1   -49.6 0 -9999.9 1 -9999.9 1 -9999.9 1 -9999.9 1   110.4 0 -9999.9 1
 1999 181  6 30  7 39  7.650 112.56    -3.2 0 -9999.9 1 -9999.9 1     0.1 0   328.7 0   302.5 0   301.0 0   382.5 0   287.1 0   287.0 0     0.0 0    -0.2 0 -9999.9 1   -53.8 0 -9999.9 1 -9999.9 1 -9999.9 1 -9999.9 1   112.1 0 -9999.9 1
 1999 181  6 30  7 42  7.700 112.31    -3.1 0 -9999.9 1 -9999.9 1     0.2 0   323.1 0   302.4 0   301.1 0   381.1 0   287.0 0   286.9 0     0.0 0    -0.2 0 -9999.9 1   -58.1 0 -9999.9 1 -9999.9 1 -9999.9 1 -9999.9 1   108.4 0 -9999.9 1
 1999 181  6 30  7 48  7.800 111.80    -3.2 0 -9999.9 1 -9999.9 1     0.1 0   318.9 0   302.3 0   300.9 0   379.1 0   286.7 0   286.6 0     0.0 0    -0.2 0 -9999.9 1   -60.2 0 -9999.9 1 -9999.9 1 -9999.9 1 -9999.9 1   113.8 0 -9999.9 1
 1999 181  6 30  7 51  7.850 111.54    -3.1 0 -9999.9 1 -9999.9 1    -0.3 0   317.1 0   302.4 0   300.9 0   379.1 0   286.8 0   286.7 0     0.0 0    -0.2 0 -9999.9 1   -62.1 0 -9999.9 1 -9999.9 1 -9999.9 1 -9999.9 1   112.7 0 -9999.9 1
 1999 181  6 30  7 54  7.900 111.27    -3.3 0 -9999.9 1 -9999.9 1    -0.7 0   316.0 0   302.4 0   300.7 0   378.3 0   286.7 0   286.6 0     0.0 0    -0.2 0 -9999.9 1   -62.4 0 -9999.9 1 -9999.9 1 -9999.9 1 -9999.9 1   108.3 0 -9999.9 1
 1999 181  6 30  7 57  7.950 110.99    -3.3 0 -9999.9 1 -9999.9 1    -1.0 0   315.7 0   302.4 0   300.7 0   378.9 0   286.8 0   286.7 0     0.0 0    -0.2 0 -9999.9 1   -63.2 0 -9999.9 1 -9999.9 1 -9999.9 1 -9999.9 1   115.0 0 -9999.9 1
 1999 181  6 30  8  3  8.050 110.42    -3.2 0 -9999.9 1 -9999.9 1    -1.1 0   314.9 0   302.5 0   300.7 0   379.0 0   286.8 0   286.7 0     0.0 0    -0.2 0 -9999.9 1   -64.1 0 -9999.9 1 -9999.9 1 -9999.9 1 -9999.9 1   109.1 0 -9999.9 1
 1999 181  6 30  8  6  8.100 110.13    -3.4 0 -9999.9 1 -9999.9 1    -1.0 0   313.7 0   302.5 0   300.6 0   378.5 0   286.7 0   286.7 0     0.0 0    -0.2 0 -9999.9 1   -64.8 0 -9999.9 1 -9999.9 1 -9999.9 1 -9999.9 1   109.9 0 -9999.9 1
 1999 181  6 30  8  9  8.150 109.83    -3.6 0 -9999.9 1 -9999.9 1    -1.2 0   311.8 0   302.3 0   300.5 0   377.7 0   286.6 0   286.5 0     0.0 0    -0.2 0 -9999.9 1   -65.9 0 -9999.9 1 -9999.9 1 -9999.9 1 -9999.9 1   111.0 0 -9999.9 1
 1999 181  6 30  8 12  8.200 109.53    -3.5 0 -9999.9 1 -9999.9 1    -1.1 0   310.3 0   302.3 0   300.3 0   377.4 0   286.5 0   286.4 0     0.0 0    -0.2 0 -9999.9 1   -67.1 0 -9999.9 1 -9999.9 1 -9999.9 1 -9999.9 1   111.4 0 -9999.9 1
 1999 181  6 30  8 18  8.300 108.90    -3.8 0 -9999.9 1 -9999.9 1    -1.2 0   308.8 0   302.1 0   300.1 0   376.1 0   286.4 0   286.3 0     0.0 0    -0.2 0 -9999.9 1   -67.3 0 -9999.9 1 -9999.9 1 -9999.9 1 -9999.9 1   109.3 0 -9999.9 1
 1999 181  6 30  8 21  8.350 108.58    -3.7 0 -9999.9 1 -9999.9 1    -1.2 0   306.3 0   301.9 0   300.1 0   375.2 0   286.2 0   286.2 0     0.0 2    -0.2 0 -9999.9 1   -68.8 0 -9999.9 1 -9999.9 1 -9999.9 1 -9999.9 1   110.9 0 -9999.9 1
 1999 181  6 30  8 24  8.400 108.25    -3.5 0 -9999.9 1 -9999.9 1    -1.1 0   304.9 0   301.9 0   300.2 0   374.6 0   286.2 0   286.1 0     0.0 0    -0.2 0 -9999.9 1   -69.7 0 -9999.9 1 -9999.9 1 -9999.9 1 -9999.9 1   111.0 0 -9999.9 1
 1999 181  6 30  8 27  8.450 107.92    -3.3 0 -9999.9 1 -9999.9 1    -1.0 0   304.8 0   301.9 0   300.3 0   374.4 0   286.2 0   286.1 0     0.0 0    -0.2 0 -9999.9 1   -69.6 0 -9999.9 1 -9999.9 1 -9999.9 1 -9999.9 1   113.7 0 -9999.9 1
 1999 181  6 30  8 33  8.550 107.24    -3.3 0 -9999.9 1 -9999.9 1    -1.1 0   308.2 0   301.6 0   300.0 0   373.8 0   286.0 0   285.9 0     0.0 2    -0.3 0 -9999.9 1   -65.6 0 -9999.9 1 -9999.9 1 -9999.9 1 -9999.9 1   117.4 0 -9999.9 1
 1999 181  6 30  8 36  8.600 106.89    -3.3 0 -9999.9 1 -9999.9 1    -0.9 0   313.6 0   301.6 0   300.1 0   374.4 0   286.0 0   285.9 0     0.0 0    -0.1 0 -9999.9 1   -60.7 0 -9999.9 1 -9999.9 1 -9999.9 1 -9999.9 1   111.4 0 -9999.9 1
 1999 181  6 30  8 39  8.650 106.54    -3.2 0 -9999.9 1 -9999.9 1    -0.7 0   313.6 0   301.7 0   300.1 0   374.6 0   286.0 0   286.0 0     0.0 0    -0.2 0 -9999.9 1   -61.0 0 -9999.9 1 -9999.9 1 -9999.9 1 -9999.9 1   100.4 0 -9999.9 1
 1999 181  6 30  8 42  8.700 106.18    -3.4 0 -9999.9 1 -9999.9 1    -0.3 0   316.3 0   301.7 0   300.3 0   375.0 0   286.1 0   286.0 0     0.0 0    -0.2 0 -9999.9 1   -58.6 0 -9999.9 1 -9999.9 1 -9999.9 1 -9999.9 1    98.0 0 -9999.9 1
 1999 181  6 30  8 48  8.800 105.45    -3.2 0 -9999.9 1 -9999.9 1    -0.2 0   315.9 0   301.9 0   300.4 0   376.1 0   286.2 0   286.1 0     0.0 0    -0.2 0 -9999.9 1   -60.2 0 -9999.9 1 -9999.9 1 -9999.9 1 -9999.9 1   113.5 0 -9999.9 1
 1999 181  6 30  8 51  8.850 105.08    -3.2 0 -9999.9 1 -9999.9 1    -0.5 0   303.2 0   301.7 0   300.2 0   374.5 0   286.0 0   285.9 0     0.0 0    -0.1 0 -9999.9 1   -71.2 0 -9999.9 1 -9999.9 1 -9999.9 1 -9999.9 1   110.3 0 -9999.9 1
 1999 181  6 30  8 54  8.900 104.71    -3.4 0 -9999.9 1 -9999.9 1    -0.7 0   299.1 0   301.7 0   300.2 0   373.2 0   285.9 0   285.9 0     0.0 0    -0.2 0 -9999.9 1   -74.1 0 -9999.9 1 -9999.9 1 -9999.9 1 -9999.9 1   112.9 0 -9999.9 1
 1999 181  6 30  8 57  8.950 104.33    -3.4 0 -9999.9 1 -9999.9 1    -0.8 0   301.9 0   301.7 0   300.1 0   372.6 0   285.9 0   285.8 0     0.0 0    -0.2 0 -9999.9 1   -70.7 0 -9999.9 1 -9999.9 1 -9999.9 1 -9999.9 1   112.9 0 -9999.9 1
 1999 181  6 30  9  3  9.050 103.55    -3.2 0 -9999.9 1 -9999.9 1    -0.7 0   309.7 0   301.6 0   300.1 0   373.0 0   285.7 0   285.6 0     0.0 0    -0.2 0 -9999.9 1   -63.3 0 -9999.9 1 -9999.9 1 -9999.9 1 -9999.9 1   120.1 0 -9999.9 1
 1999 181  6 30  9  6  9.100 103.16    -3.2 0 -9999.9 1 -9999.9 1    -0.5 0   305.4 0   301.7 0   300.2 0   373.4 0   285.8 0   285.7 0     0.0 0    -0.2 0 -9999.9 1   -68.0 0 -9999.9 1 -9999.9 1 -9999.9 1 -9999.9 1   124.9 0 -9999.9 1
 1999 181  6 30  9  9  9.150 102.76    -3.2 0 -9999.9 1 -9999.9 1    -0.7 0   309.2 0   301.8 0   300.2 0   373.8 0   285.9 0   285.8 0     0.0 0    -0.1 0 -9999.9 1   -64.6 0 -9999.9 1 -9999.9 1 -9999.9 1 -9999.9 1   120.5 0 -9999.9 1
 1999 181  6 30  9 12  9.200 102.36    -3.3 0 -9999.9 1 -9999.9 1    -0.7 0   321.5 0   301.8 0   300.2 0   374.3 0   285.9 0   285.8 0     0.0 0    -0.2 0 -9999.9 1   -52.8 0 -9999.9 1 -9999.9 1 -9999.9 1 -9999.9 1   119.8 0 -9999.9 1
 1999 181  6 30  9 18  9.300 101.55    -3.2 0 -9999.9 1 -9999.9 1     0.0 0   334.6 0   301.7 0   300.1 0   376.4 0   285.7 0   285.6 0     0.0 0    -0.2 0 -9999.9 1   -41.8 0 -9999.9 1 -9999.9 1 -9999.9 1 -9999.9 1   126.2 0 -9999.9 1
 1999 181  6 30  9 21  9.350 101.13    -3.3 0 -9999.9 1 -9999.9 1     0.0 0   334.5 0   301.8 0   300.2 0   377.4 0   285.8 0   285.7 0     0.0 0    -0.1 0 -9999.9 1   -42.9 0 -9999.9 1 -9999.9 1 -9999.9 1 -9999.9 1   125.3 0 -9999.9 1
 1999 181  6 30  9 24  9.400 100.71    -3.3 0 -9999.9 1 -9999.9 1     0.2 0   331.3 0   301.8 0   300.1 0   377.3 0   285.7 0   285.6 0     0.0 0    -0.2 0 -9999.9 1   -46.0 0 -9999.9 1 -9999.9 1 -9999.9 1 -9999.9 1   126.1 0 -9999.9 1
 1999 181  6 30  9 27  9.450 100.29    -3.5 0 -9999.9 1 -9999.9 1     0.5 0   328.9 0   301.7 0   300.0 0   376.9 0   285.6 0   285.6 0     0.0 0    -0.2 0 -9999.9 1   -48.0 0 -9999.9 1 -9999.9 1 -9999.9 1 -9999.9 1   131.0 0 -9999.9 1
 1999 181  6 30  9 33  9.550  99.44    -3.5 0 -9999.9 1 -9999.9 1     0.3 0   330.5 0   301.8 0   300.1 0   378.1 0   285.9 0   285.8 0     0.0 0    -0.2 0 -9999.9 1   -47.6 0 -9999.9 1 -9999.9 1 -9999.9 1 -9999.9 1   127.2 0 -9999.9 1
 1999 181  6 30  9 36  9.600  99.01    -3.6 0 -9999.9 1 -9999.9 1     0.2 0   337.6 0   301.8 0   300.0 0   378.3 0   285.8 0   285.8 0     0.0 0    -0.2 0 -9999.9 1   -40.7 0 -9999.9 1 -9999.9 1 -9999.9 1 -9999.9 1   127.7 0 -9999.9 1
 1999 181  6 30  9 39  9.650  98.57    -3.6 0 -9999.9 1 -9999.9 1     0.3 0   342.6 0   301.8 0   300.1 0   379.2 0   285.9 0   285.8 0     0.0 0    -0.2 0 -9999.9 1   -36.6 0 -9999.9 1 -9999.9 1 -9999.9 1 -9999.9 1   128.8 0 -9999.9 1
 1999 181  6 30  9 42  9.700  98.13    -3.5 0 -9999.9 1 -9999.9 1     0.4 0   344.3 0   301.8 0   300.1 0   379.6 0   285.9 0   285.8 0     0.0 0    -0.2 0 -9999.9 1   -35.3 0 -9999.9 1 -9999.9 1 -9999.9 1 -9999.9 1   126.4 0 -9999.9 1
 1999 181  6 30  9 48  9.800  97.24    -3.5 0 -9999.9 1 -9999.9 1     0.3 0   346.6 0   301.6 0   300.0 0   379.9 0   285.8 0   285.8 0     0.0 0    -0.2 0 -9999.9 1   -33.3 0 -9999.9 1 -9999.9 1 -9999.9 1 -9999.9 1   119.8 0 -9999.9 1
 1999 181  6 30  9 51  9.850  96.79    -3.5 0 -9999.9 1 -9999.9 1     0.3 0   346.6 0   301.5 0   299.7 0   379.4 0   285.7 0   285.7 0     0.0 0    -0.2 0 -9999.9 1   -32.8 0 -9999.9 1 -9999.9 1 -9999.9 1 -9999.9 1   118.7 0 -9999.9 1
 1999 181  6 30  9 54  9.900  96.34    -3.6 0 -9999.9 1 -9999.9 1     0.3 0   342.6 0   301.3 0   299.4 0   378.5 0   285.6 0   285.5 0     0.0 2    -0.2 0 -9999.9 1   -35.8 0 -9999.9 1 -9999.9 1 -9999.9 1 -9999.9 1   116.8 0 -9999.9 1
 1999 181  6 30  9 57  9.950  95.88    -3.6 0 -9999.9 1 -9999.9 1     0.2 0   334.6 0   301.3 0   299.4 0   377.9 0   285.6 0   285.5 0     0.0 2    -0.3 0 -9999.9 1   -43.2 0 -9999.9 1 -9999.9 1 -9999.9 1 -9999.9 1   116.1 0 -9999.9 1
 1999 181  6 30 10  3 10.050  94.96    -3.8 0 -9999.9 1 -9999.9 1    -0.1 0   316.8 0   301.0 0   299.0 0   375.4 0   285.4 0   285.3 0     0.0 2    -0.1 0 -9999.9 1   -58.6 0 -9999.9 1 -9999.9 1 -9999.9 1 -9999.9 1   116.8 0 -9999.9 1
 1999 181  6 30 10  6 10.100  94.50    -3.8 0 -9999.9 1 -9999.9 1    -0.4 0   311.9 0   300.8 0   298.8 0   374.1 0   285.3 0   285.2 0     0.0 2    -0.1 0 -9999.9 1   -62.2 0 -9999.9 1 -9999.9 1 -9999.9 1 -9999.9 1   121.4 0 -9999.9 1
 1999 181  6 30 10  9 10.150  94.03    -3.7 0 -9999.9 1 -9999.9 1    -0.3 0   313.6 0   300.8 0   298.8 0   373.8 0   285.3 0   285.2 0     0.0 2    -0.2 0 -9999.9 1   -60.2 0 -9999.9 1 -9999.9 1 -9999.9 1 -9999.9 1   123.3 0 -9999.9 1
 1999 181  6 30 10 12 10.200  93.56    -3.6 0 -9999.9 1 -9999.9 1    -0.1 0   318.7 0   300.8 0   299.0 0   374.5 0   285.5 0   285.4 0     0.0 2    -0.1 0 -9999.9 1   -55.7 0 -9999.9 1 -9999.9 1 -9999.9 1 -9999.9 1   124.8 0 -9999.9 1
 1999 181  6 30 10 18 10.300  92.61    -2.8 0 -9999.9 1 -9999.9 1     0.9 0   325.0 0   300.7 0   298.9 0   375.6 0   285.6 0   285.5 0     0.0 2     0.2 0 -9999.9 1   -50.6 0 -9999.9 1 -9999.9 1 -9999.9 1 -9999.9 1   130.7 0 -9999.9 1
 1999 181  6 30 10 21 10.350  92.13    -2.6 0 -9999.9 1 -9999.9 1     1.3 0   323.4 0   300.7 0   298.9 0   376.2 0   285.7 0   285.6 0     0.0 0     0.3 0 -9999.9 1   -52.8 0 -9999.9 1 -9999.9 1 -9999.9 1 -9999.9 1   130.6 0 -9999.9 1
 1999 181  6 30 10 24 10.400  91.65    -2.4 0 -9999.9 1 -9999.9 1     1.5 0   320.7 0   300.5 0   298.6 0   375.3 0   285.6 0   285.5 0     0.0 0     0.5 0 -9999.9 1   -54.6 0 -9999.9 1 -9999.9 1 -9999.9 1 -9999.9 1   125.6 0 -9999.9 1
 1999 181  6 30 10 27 10.450  91.16    -2.0 0 -9999.9 1 -9999.9 1     1.6 0   318.5 0   300.4 0   298.5 0   374.9 0   285.5 0   285.4 0     0.0 2     0.8 0 -9999.9 1   -56.4 0 -9999.9 1 -9999.9 1 -9999.9 1 -9999.9 1   124.0 0 -9999.9 1
 1999 181  6 30 10 33 10.550  89.58    -0.3 0 -9999.9 1 -9999.9 1     3.3 0   311.1 0   300.4 0   298.6 0   374.9 0   285.7 0   285.6 0     0.1 0     1.7 0 -9999.9 1   -63.8 0 -9999.9 1 -9999.9 1 -9999.9 1 -9999.9 1   124.3 0 -9999.9 1
 1999 181  6 30 10 36 10.600  89.19     1.7 0 -9999.9 1 -9999.9 1     5.3 0   308.1 0   300.3 0   298.5 0   374.7 0   285.6 0   285.6 0     0.2 0     2.3 0 -9999.9 1   -66.5 0 -9999.9 1 -9999.9 1 -9999.9 1 -9999.9 1   123.4 0 -9999.9 1
 1999 181  6 30 10 39 10.650  88.77     4.0 0 -9999.9 1 -9999.9 1     7.6 0   307.1 0   300.2 0   298.4 0   374.4 0   285.6 0   285.5 0     0.2 0     3.3 0 -9999.9 1   -67.3 0 -9999.9 1 -9999.9 1 -9999.9 1 -9999.9 1   122.1 0 -9999.9 1
 1999 181  6 30 10 42 10.700  88.34     6.5 0 -9999.9 1 -9999.9 1    10.6 0   304.7 0   300.2 0   298.4 0   374.5 0   285.6 0   285.5 0     0.3 0     4.3 0 -9999.9 1   -69.8 0 -9999.9 1 -9999.9 1 -9999.9 1 -9999.9 1   123.7 0 -9999.9 1
 1999 181  6 30 10 48 10.800  87.42    13.3 0 -9999.9 1 -9999.9 1    17.2 0   300.6 0   300.0 0   298.2 0   373.8 0   285.5 0   285.4 0     0.5 0     7.1 0 -9999.9 1   -73.2 0 -9999.9 1 -9999.9 1 -9999.9 1 -9999.9 1   124.2 0 -9999.9 1
 1999 181  6 30 10 51 10.850  86.95    16.3 0 -9999.9 1 -9999.9 1    19.5 0   298.2 0   299.9 0   298.2 0   373.4 0   285.4 0   285.3 0     0.7 0     8.4 0 -9999.9 1   -75.2 0 -9999.9 1 -9999.9 1 -9999.9 1 -9999.9 1   122.0 0 -9999.9 1
 1999 181  6 30 10 54 10.900  86.47    19.9 0 -9999.9 1 -9999.9 1    23.2 0   298.6 0   299.9 0   298.2 0   373.5 0   285.4 0   285.3 0     0.8 0    10.0 0 -9999.9 1   -74.9 0 -9999.9 1 -9999.9 1 -9999.9 1 -9999.9 1   119.5 0 -9999.9 1
 1999 181  6 30 10 57 10.950  85.98    25.1 0 -9999.9 1 -9999.9 1    28.2 0   303.6 0   300.0 0   298.4 0   374.8 0   285.5 0   285.4 0     0.8 0    12.2 0 -9999.9 1   -71.1 0 -9999.9 1 -9999.9 1 -9999.9 1 -9999.9 1   118.8 0 -9999.9 1
 1999 181  6 30 11  3 11.050  84.99    33.6 0 -9999.9 1 -9999.9 1    37.0 0   315.5 0   300.0 0   298.3 0   377.0 0   285.5 0   285.5 0     1.1 0    15.9 0 -9999.9 1   -61.5 0 -9999.9 1 -9999.9 1 -9999.9 1 -9999.9 1   110.7 0 -9999.9 1
 1999 181  6 30 11  6 11.100  84.49    35.7 0 -9999.9 1 -9999.9 1    39.2 0   311.2 0   300.0 0   298.3 0   377.3 0   285.5 0   285.5 0     1.3 0    17.0 0 -9999.9 1   -66.1 0 -9999.9 1 -9999.9 1 -9999.9 1 -9999.9 1   112.5 0 -9999.9 1
 1999 181  6 30 11  9 11.150  83.98    35.4 0 -9999.9 1 -9999.9 1    39.0 0   304.8 0   299.9 0   298.2 0   376.7 0   285.4 0   285.4 0     1.5 0    17.4 0 -9999.9 1   -71.9 0 -9999.9 1 -9999.9 1 -9999.9 1 -9999.9 1   117.8 0 -9999.9 1
 1999 181  6 30 11 12 11.200  83.47    33.8 0 -9999.9 1 -9999.9 1    37.3 0   303.3 0   300.0 0   298.1 0   376.5 0   285.5 0   285.4 0     1.7 0    17.1 0 -9999.9 1   -73.3 0 -9999.9 1 -9999.9 1 -9999.9 1 -9999.9 1   117.0 0 -9999.9 1
 1999 181  6 30 11 18 11.300  82.44    32.6 0 -9999.9 1 -9999.9 1    35.1 0   302.8 0   300.0 0   298.2 0   376.7 0   285.6 0   285.5 0     2.2 0    17.5 0 -9999.9 1   -73.9 0 -9999.9 1 -9999.9 1 -9999.9 1 -9999.9 1   118.6 0 -9999.9 1
 1999 181  6 30 11 21 11.350  81.93    33.6 0 -9999.9 1 -9999.9 1    32.0 0   297.1 0   299.9 0   298.0 0   376.2 0   285.6 0   285.5 0     2.5 0    18.4 0 -9999.9 1   -79.1 0 -9999.9 1 -9999.9 1 -9999.9 1 -9999.9 1   119.3 0 -9999.9 1
 1999 181  6 30 11 24 11.400  81.41    35.4 0 -9999.9 1 -9999.9 1    31.7 0   292.6 0   300.0 0   298.1 0   376.1 0   285.6 0   285.6 0     2.8 0    19.7 0 -9999.9 1   -83.5 0 -9999.9 1 -9999.9 1 -9999.9 1 -9999.9 1   115.9 0 -9999.9 1
 1999 181  6 30 11 27 11.450  80.88    34.1 0 -9999.9 1 -9999.9 1    33.5 0   291.0 0   300.0 0   298.2 0   376.1 0   285.7 0   285.7 0     3.2 0    20.0 0 -9999.9 1   -85.1 0 -9999.9 1 -9999.9 1 -9999.9 1 -9999.9 1   115.3 0 -9999.9 1
 1999 181  6 30 11 33 11.550  79.83    68.4 0 -9999.9 1 -9999.9 1    36.3 0   287.0 0   300.1 0   298.4 0   377.3 0   285.8 0   285.8 0     4.0 0    35.4 0 -9999.9 1   -90.4 0 -9999.9 1 -9999.9 1 -9999.9 1 -9999.9 1   118.0 0 -9999.9 1
 1999 181  6 30 11 36 11.600  79.30    68.9 0 -9999.9 1 -9999.9 1    37.8 0   286.6 0   300.2 0   298.6 0   378.6 0   285.9 0   285.9 0     4.4 0    36.4 0 -9999.9 1   -91.9 0 -9999.9 1 -9999.9 1 -9999.9 1 -9999.9 1   122.9 0 -9999.9 1
 1999 181  6 30 11 39 11.650  78.77    60.2 0 -9999.9 1 -9999.9 1    42.0 0   287.6 0   300.3 0   298.6 0   378.3 0   285.9 0   285.9 0     4.9 0    34.7 0 -9999.9 1   -90.7 0 -9999.9 1 -9999.9 1 -9999.9 1 -9999.9 1   127.1 0 -9999.9 1
 1999 181  6 30 11 42 11.700  78.24   122.1 0 -9999.9 1 -9999.9 1    47.7 0   289.0 0   300.4 0   298.8 0   380.8 0   286.0 0   286.1 0     5.5 0    60.0 0 -9999.9 1   -91.8 0 -9999.9 1 -9999.9 1 -9999.9 1 -9999.9 1   126.1 0 -9999.9 1
 1999 181  6 30 11 48 11.800  77.17   169.8 0 -9999.9 1 -9999.9 1    58.2 0   290.0 0   300.8 0   299.3 0   385.0 0   286.2 0   286.3 0     6.5 0    79.8 0 -9999.9 1   -95.1 0 -9999.9 1 -9999.9 1 -9999.9 1 -9999.9 1   128.3 0 -9999.9 1
 1999 181  6 30 11 51 11.850  76.63   179.2 0 -9999.9 1 -9999.9 1    60.5 0   290.7 0   301.1 0   299.6 0   386.6 0   286.4 0   286.5 0     7.0 0    84.1 0 -9999.9 1   -95.9 0 -9999.9 1 -9999.9 1 -9999.9 1 -9999.9 1   127.7 0 -9999.9 1
 1999 181  6 30 11 54 11.900  76.09   190.4 0 -9999.9 1 -9999.9 1    62.7 0   292.1 0   301.4 0   299.9 0   388.0 0   286.6 0   286.7 0     7.5 0    89.1 0 -9999.9 1   -96.0 0 -9999.9 1 -9999.9 1 -9999.9 1 -9999.9 1   130.6 0 -9999.9 1
 1999 181  6 30 11 57 11.950  75.55   136.5 0 -9999.9 1 -9999.9 1    62.6 0   293.3 0   301.7 0   299.9 0   387.2 0   286.8 0   286.9 0     8.0 0    67.4 0 -9999.9 1   -93.8 0 -9999.9 1 -9999.9 1 -9999.9 1 -9999.9 1   138.8 0 -9999.9 1
 1999 181  6 30 12  3 12.050  74.46   142.4 0 -9999.9 1 -9999.9 1    63.4 0   293.8 0   302.0 0   300.2 0   386.2 0   287.1 0   287.2 0     9.2 0    71.7 0 -9999.9 1   -92.5 0 -9999.9 1 -9999.9 1 -9999.9 1 -9999.9 1   138.4 0 -9999.9 1
 1999 181  6 30 12  6 12.100  73.91   222.3 0 -9999.9 1 -9999.9 1    64.9 0   294.0 0   302.1 0   300.4 0   389.8 0   287.2 0   287.3 0    10.2 0   103.4 0 -9999.9 1   -95.8 0 -9999.9 1 -9999.9 1 -9999.9 1 -9999.9 1   143.0 0 -9999.9 1
 1999 181  6 30 12  9 12.150  73.36   245.9 0 -9999.9 1 -9999.9 1    73.5 0   295.2 0   302.2 0   300.8 0   391.8 0   287.2 0   287.3 0    11.2 0   115.1 0 -9999.9 1   -96.6 0 -9999.9 1 -9999.9 1 -9999.9 1 -9999.9 1   143.4 0 -9999.9 1
 1999 181  6 30 12 12 12.200  72.82   279.3 0 -9999.9 1 -9999.9 1    96.4 0   300.1 0   302.5 0   301.2 0   394.1 0   287.4 0   287.6 0    12.1 0   129.4 0 -9999.9 1   -94.0 0 -9999.9 1 -9999.9 1 -9999.9 1 -9999.9 1   140.7 0 -9999.9 1
 1999 181  6 30 12 18 12.300  71.71   201.9 0 -9999.9 1 -9999.9 1   100.6 0   296.3 0   303.0 0   301.2 0   392.5 0   287.7 0   287.8 0    12.6 0    95.0 0 -9999.9 1   -96.2 0 -9999.9 1 -9999.9 1 -9999.9 1 -9999.9 1   147.1 0 -9999.9 1
 1999 181  6 30 12 21 12.350  71.16    98.4 0 -9999.9 1 -9999.9 1    94.8 0   296.6 0   303.1 0   300.9 0   385.9 0   287.7 0   287.7 0    12.6 0    52.9 0 -9999.9 1   -89.2 0 -9999.9 1 -9999.9 1 -9999.9 1 -9999.9 1   144.0 0 -9999.9 1
 1999 181  6 30 12 24 12.400  70.61   119.4 0 -9999.9 1 -9999.9 1    92.6 0   294.8 0   302.9 0   300.8 0   384.5 0   287.6 0   287.6 0    13.6 0    63.3 0 -9999.9 1   -89.7 0 -9999.9 1 -9999.9 1 -9999.9 1 -9999.9 1   144.1 0 -9999.9 1
 1999 181  6 30 12 27 12.450  70.05   297.3 0 -9999.9 1 -9999.9 1    94.2 0   292.2 0   302.9 0   301.5 0   391.9 0   287.7 0   287.8 0    15.4 0   135.9 0 -9999.9 1   -99.7 0 -9999.9 1 -9999.9 1 -9999.9 1 -9999.9 1   151.3 0 -9999.9 1
 1999 181  6 30 12 33 12.550  68.94   248.8 0 -9999.9 1 -9999.9 1   119.8 0   291.9 0   303.1 0   301.4 0   391.2 0   287.7 0   287.8 0    17.0 0   119.1 0 -9999.9 1   -99.3 0 -9999.9 1 -9999.9 1 -9999.9 1 -9999.9 1   152.3 0 -9999.9 1
 1999 181  6 30 12 36 12.600  68.38   281.4 0 -9999.9 1 -9999.9 1   119.3 0   290.7 0   303.2 0   301.7 0   394.0 0   287.8 0   287.9 0    18.2 0   133.2 0 -9999.9 1  -103.3 0 -9999.9 1 -9999.9 1 -9999.9 1 -9999.9 1   145.0 0 -9999.9 1
 1999 181  6 30 12 39 12.650  67.82   248.3 0 -9999.9 1 -9999.9 1   127.5 0   295.0 0   303.4 0   301.8 0   394.6 0   287.9 0   288.1 0    18.8 0   120.1 0 -9999.9 1   -99.5 0 -9999.9 1 -9999.9 1 -9999.9 1 -9999.9 1   144.8 0 -9999.9 1
 1999 181  6 30 12 42 12.700  67.26   314.3 0 -9999.9 1 -9999.9 1   160.7 0   307.8 0   303.5 0   301.8 0   395.9 0   288.0 0   288.1 0    20.6 0   147.2 0 -9999.9 1   -88.1 0 -9999.9 1 -9999.9 1 -9999.9 1 -9999.9 1   143.2 0 -9999.9 1
 1999 181  6 30 12 48 12.800  66.14   344.1 0 -9999.9 1 -9999.9 1   243.9 0   323.9 0   303.9 0   302.1 0   400.6 0   288.4 0   288.6 0    22.3 0   158.0 0 -9999.9 1   -76.7 0 -9999.9 1 -9999.9 1 -9999.9 1 -9999.9 1   137.1 0 -9999.9 1
 1999 181  6 30 12 51 12.850  65.58   243.1 0 -9999.9 1 -9999.9 1   219.7 0   323.8 0   304.0 0   302.2 0   397.1 0   288.6 0   288.7 0    21.9 0   113.4 0 -9999.9 1   -73.3 0 -9999.9 1 -9999.9 1 -9999.9 1 -9999.9 1   134.9 0 -9999.9 1
 1999 181  6 30 12 54 12.900  65.01   407.9 0 -9999.9 1 -9999.9 1   253.3 0   330.4 0   304.1 0   302.6 0   401.4 0   288.7 0   288.8 0    26.0 0   185.4 0 -9999.9 1   -71.0 0 -9999.9 1 -9999.9 1 -9999.9 1 -9999.9 1   131.4 0 -9999.9 1
 1999 181  6 30 12 57 12.950  64.45   575.5 0 -9999.9 1 -9999.9 1   295.1 0   335.4 0   304.4 0   303.3 0   412.3 0   288.9 0   289.2 0    29.4 0   253.5 0 -9999.9 1   -76.9 0 -9999.9 1 -9999.9 1 -9999.9 1 -9999.9 1   143.0 0 -9999.9 1
 1999 181  6 30 13  3 13.050  63.32   280.3 0 -9999.9 1 -9999.9 1   274.9 0   341.6 0   304.7 0   302.9 0   401.7 0   289.3 0   289.3 0    24.9 0   126.6 0 -9999.9 1   -60.1 0 -9999.9 1 -9999.9 1 -9999.9 1 -9999.9 1   145.1 0 -9999.9 1
 1999 181  6 30 13  6 13.100  62.75   295.6 0 -9999.9 1 -9999.9 1   289.5 0   338.2 0   304.7 0   303.1 0   403.2 0   289.3 0   289.4 0    26.8 0   133.8 0 -9999.9 1   -65.0 0 -9999.9 1 -9999.9 1 -9999.9 1 -9999.9 1   147.7 0 -9999.9 1
 1999 181  6 30 13  9 13.150  62.18   291.3 0 -9999.9 1 -9999.9 1   264.8 0   326.9 0   304.7 0   303.0 0   402.8 0   289.3 0   289.4 0    27.7 0   134.9 0 -9999.9 1   -75.9 0 -9999.9 1 -9999.9 1 -9999.9 1 -9999.9 1   150.3 0 -9999.9 1
 1999 181  6 30 13 12 13.200  61.61   300.4 0 -9999.9 1 -9999.9 1   227.1 0   318.4 0   304.7 0   303.0 0   402.1 0   289.4 0   289.5 0    28.9 0   138.6 0 -9999.9 1   -83.7 0 -9999.9 1 -9999.9 1 -9999.9 1 -9999.9 1   154.2 0 -9999.9 1
 1999 181  6 30 13 18 13.300  60.48   289.5 0 -9999.9 1 -9999.9 1   200.7 0   309.5 0   304.8 0   303.0 0   400.7 0   289.4 0   289.5 0    30.6 0   135.1 0 -9999.9 1   -91.1 0 -9999.9 1 -9999.9 1 -9999.9 1 -9999.9 1   167.0 0 -9999.9 1
 1999 181  6 30 13 21 13.350  59.91   218.1 0 -9999.9 1 -9999.9 1   134.9 0   294.9 0   304.9 0   303.3 0   398.3 0   289.4 0   289.5 0    30.3 0   105.8 0 -9999.9 1  -103.5 0 -9999.9 1 -9999.9 1 -9999.9 1 -9999.9 1   163.9 0 -9999.9 1
 1999 181  6 30 13 24 13.400  59.34   346.6 0 -9999.9 1 -9999.9 1   115.9 0   292.3 0   304.9 0   303.3 0   400.5 0   289.5 0   289.5 0    36.7 0   165.3 0 -9999.9 1  -108.3 0 -9999.9 1 -9999.9 1 -9999.9 1 -9999.9 1   151.6 0 -9999.9 1
 1999 181  6 30 13 27 13.450  58.77   535.6 0 -9999.9 1 -9999.9 1   116.8 0   289.9 0   305.2 0   304.3 0   413.8 0   289.6 0   289.9 0    44.4 0   245.9 0 -9999.9 1  -123.9 0 -9999.9 1 -9999.9 1 -9999.9 1 -9999.9 1   162.1 0 -9999.9 1
 1999 181  6 30 13 33 13.550  57.62   566.7 0 -9999.9 1 -9999.9 1   138.2 0   293.4 0   306.0 0   305.0 0   415.6 0   290.1 0   290.4 0    49.4 0   260.3 0 -9999.9 1  -122.2 0 -9999.9 1 -9999.9 1 -9999.9 1 -9999.9 1   172.1 0 -9999.9 1
 1999 181  6 30 13 36 13.600  57.05   586.3 0 -9999.9 1 -9999.9 1   161.2 0   300.0 0   306.4 0   305.2 0   416.0 0   290.3 0   290.6 0    51.4 0   267.9 0 -9999.9 1  -116.1 0 -9999.9 1 -9999.9 1 -9999.9 1 -9999.9 1   168.6 0 -9999.9 1
 1999 181  6 30 13 39 13.650  56.48   654.0 0 -9999.9 1 -9999.9 1   226.5 0   309.7 0   306.8 0   305.6 0   419.4 0   290.6 0   290.9 0    55.9 0   297.0 0 -9999.9 1  -109.6 0 -9999.9 1 -9999.9 1 -9999.9 1 -9999.9 1   164.5 0 -9999.9 1
 1999 181  6 30 13 42 13.700  55.91   427.0 0 -9999.9 1 -9999.9 1   267.1 0   313.3 0   307.2 0   305.7 0   414.0 0   290.8 0   291.0 0    46.5 0   196.3 0 -9999.9 1  -100.7 0 -9999.9 1 -9999.9 1 -9999.9 1 -9999.9 1   174.9 0 -9999.9 1
 1999 181  6 30 13 48 13.800  54.76   631.2 0 -9999.9 1 -9999.9 1   279.9 0   318.2 0   307.5 0   305.9 0   417.3 0   291.0 0   291.2 0    57.3 0   284.8 0 -9999.9 1   -99.2 0 -9999.9 1 -9999.9 1 -9999.9 1 -9999.9 1   159.5 0 -9999.9 1
 1999 181  6 30 13 51 13.850  54.19   447.6 0 -9999.9 1 -9999.9 1   293.4 0   321.8 0   307.6 0   305.9 0   414.8 0   291.0 0   291.2 0    52.7 0   205.4 0 -9999.9 1   -93.0 0 -9999.9 1 -9999.9 1 -9999.9 1 -9999.9 1   164.0 0 -9999.9 1
 1999 181  6 30 13 54 13.900  53.61   647.8 0 -9999.9 1 -9999.9 1   290.1 0   324.0 0   307.7 0   306.3 0   421.6 0   291.2 0   291.5 0    61.1 0   291.0 0 -9999.9 1   -97.6 0 -9999.9 1 -9999.9 1 -9999.9 1 -9999.9 1   164.3 0 -9999.9 1
 1999 181  6 30 13 57 13.950  53.04   305.1 0 -9999.9 1 -9999.9 1   204.1 0   310.9 0   308.0 0   306.5 0   413.8 0   291.4 0   291.5 0    45.9 0   139.4 0 -9999.9 1  -102.9 0 -9999.9 1 -9999.9 1 -9999.9 1 -9999.9 1   185.0 0 -9999.9 1
 1999 181  6 30 14  3 14.050  51.89   625.1 0 -9999.9 1 -9999.9 1   189.7 0   304.4 0   308.1 0   306.8 0   419.6 0   291.3 0   291.6 0    68.5 0   287.2 0 -9999.9 1  -115.2 0 -9999.9 1 -9999.9 1 -9999.9 1 -9999.9 1   177.0 0 -9999.9 1
 1999 181  6 30 14  6 14.100  51.32   624.2 0 -9999.9 1 -9999.9 1   196.5 0   305.4 0   308.4 0   307.2 0   425.6 0   291.6 0   291.9 0    70.7 0   284.9 0 -9999.9 1  -120.2 0 -9999.9 1 -9999.9 1 -9999.9 1 -9999.9 1   172.2 0 -9999.9 1
 1999 181  6 30 14  9 14.150  50.75   612.1 0 -9999.9 1 -9999.9 1   201.5 0   305.5 0   308.6 0   307.1 0   423.2 0   291.8 0   292.1 0    71.2 0   281.0 0 -9999.9 1  -117.8 0 -9999.9 1 -9999.9 1 -9999.9 1 -9999.9 1   173.4 0 -9999.9 1
 1999 181  6 30 14 12 14.200  50.17   645.3 0 -9999.9 1 -9999.9 1   194.2 0   307.1 0   308.8 0   307.2 0   424.6 0   291.9 0   292.2 0    75.0 0   295.4 0 -9999.9 1  -117.4 0 -9999.9 1 -9999.9 1 -9999.9 1 -9999.9 1   175.0 0 -9999.9 1
 1999 181  6 30 14 18 14.300  49.03   725.7 0 -9999.9 1 -9999.9 1   202.5 0   312.2 0   309.2 0   307.8 0   426.1 0   292.2 0   292.5 0    84.2 0   330.6 0 -9999.9 1  -113.9 0 -9999.9 1 -9999.9 1 -9999.9 1 -9999.9 1   177.0 0 -9999.9 1
 1999 181  6 30 14 21 14.350  48.45   769.3 0 -9999.9 1 -9999.9 1   239.7 0   315.8 0   309.4 0   308.0 0   431.3 0   292.4 0   292.7 0    89.4 0   347.4 0 -9999.9 1  -115.4 0 -9999.9 1 -9999.9 1 -9999.9 1 -9999.9 1   179.1 0 -9999.9 1
 1999 181  6 30 14 24 14.400  47.88   573.0 0 -9999.9 1 -9999.9 1   274.1 0   316.9 0   309.6 0   308.3 0   427.5 0   292.6 0   292.8 0    80.2 0   266.3 0 -9999.9 1  -110.6 0 -9999.9 1 -9999.9 1 -9999.9 1 -9999.9 1   187.1 0 -9999.9 1
 1999 181  6 30 14 27 14.450  47.31   614.7 0 -9999.9 1 -9999.9 1   270.1 0   314.7 0   309.7 0   308.4 0   425.2 0   292.7 0   292.8 0    84.3 0   281.9 0 -9999.9 1  -110.4 0 -9999.9 1 -9999.9 1 -9999.9 1 -9999.9 1   198.1 0 -9999.9 1
 1999 181  6 30 14 33 14.550  46.17   729.9 0 -9999.9 1 -9999.9 1   227.6 0   307.4 0   309.8 0   308.5 0   429.1 0   292.5 0   292.8 0    94.5 0   332.7 0 -9999.9 1  -121.7 0 -9999.9 1 -9999.9 1 -9999.9 1 -9999.9 1   190.5 0 -9999.9 1
 1999 181  6 30 14 36 14.600  45.60   697.4 0 -9999.9 1 -9999.9 1   220.4 0   307.4 0   309.9 0   308.4 0   428.0 0   292.6 0   292.9 0    94.3 0   318.9 0 -9999.9 1  -120.6 0 -9999.9 1 -9999.9 1 -9999.9 1 -9999.9 1   184.8 0 -9999.9 1
 1999 181  6 30 14 39 14.650  45.03   668.7 0 -9999.9 1 -9999.9 1   209.8 0   308.0 0   310.1 0   308.7 0   428.5 0   292.8 0   293.1 0    94.0 0   306.4 0 -9999.9 1  -120.6 0 -9999.9 1 -9999.9 1 -9999.9 1 -9999.9 1   201.9 0 -9999.9 1
 1999 181  6 30 14 42 14.700  44.46   757.6 0 -9999.9 1 -9999.9 1   202.4 0   306.3 0   310.3 0   309.1 0   431.5 0   293.0 0   293.3 0   102.8 0   345.5 0 -9999.9 1  -125.2 0 -9999.9 1 -9999.9 1 -9999.9 1 -9999.9 1   193.5 0 -9999.9 1
 1999 181  6 30 14 48 14.800  43.32   750.5 0 -9999.9 1 -9999.9 1   213.9 0   304.1 0   310.7 0   309.5 0   433.6 0   293.4 0   293.6 0   106.2 0   341.1 0 -9999.9 1  -129.5 0 -9999.9 1 -9999.9 1 -9999.9 1 -9999.9 1   192.2 0 -9999.9 1
 1999 181  6 30 14 51 14.850  42.75   782.2 0 -9999.9 1 -9999.9 1   223.0 0   307.1 0   310.8 0   309.5 0   432.5 0   293.4 0   293.6 0   112.4 0   354.9 0 -9999.9 1  -125.4 0 -9999.9 1 -9999.9 1 -9999.9 1 -9999.9 1   211.0 0 -9999.9 1
 1999 181  6 30 14 54 14.900  42.18   833.4 0 -9999.9 1 -9999.9 1   258.5 0   312.3 0   310.9 0   309.7 0   434.0 0   293.4 0   293.7 0   118.4 0   376.6 0 -9999.9 1  -121.7 0 -9999.9 1 -9999.9 1 -9999.9 1 -9999.9 1   193.3 0 -9999.9 1
 1999 181  6 30 14 57 14.950  41.62   823.5 0 -9999.9 1 -9999.9 1   265.9 0   312.6 0   311.1 0   309.7 0   433.9 0   293.5 0   293.8 0   119.7 0   371.7 0 -9999.9 1  -121.3 0 -9999.9 1 -9999.9 1 -9999.9 1 -9999.9 1   188.3 0 -9999.9 1
 1999 181  6 30 15  3 15.050  40.49   799.4 0 -9999.9 1 -9999.9 1   224.0 0   306.5 0   311.2 0   310.0 0   434.5 0   293.6 0   293.8 0   122.2 0   362.1 0 -9999.9 1  -128.0 0 -9999.9 1 -9999.9 1 -9999.9 1 -9999.9 1   196.9 0 -9999.9 1
 1999 181  6 30 15  6 15.100  39.93   812.1 0 -9999.9 1 -9999.9 1   251.1 0   308.7 0   311.3 0   309.9 0   436.2 0   293.6 0   293.9 0   125.3 0   365.9 0 -9999.9 1  -127.5 0 -9999.9 1 -9999.9 1 -9999.9 1 -9999.9 1   186.9 0 -9999.9 1
 1999 181  6 30 15  9 15.150  39.37   761.3 0 -9999.9 1 -9999.9 1   260.9 0   306.9 0   311.3 0   310.0 0   433.3 0   293.7 0   293.9 0   121.9 0   345.7 0 -9999.9 1  -126.4 0 -9999.9 1 -9999.9 1 -9999.9 1 -9999.9 1   196.9 0 -9999.9 1
 1999 181  6 30 15 12 15.200  38.81   777.1 0 -9999.9 1 -9999.9 1   241.4 0   304.1 0   311.4 0   310.1 0   434.0 0   293.7 0   293.9 0   123.4 0   349.9 0 -9999.9 1  -129.9 0 -9999.9 1 -9999.9 1 -9999.9 1 -9999.9 1   203.3 0 -9999.9 1
 1999 181  6 30 15 18 15.300  37.69   798.6 0 -9999.9 1 -9999.9 1   200.7 0   301.0 0   311.5 0   310.1 0   434.3 0   293.7 0   293.9 0   129.2 0   360.8 0 -9999.9 1  -133.3 0 -9999.9 1 -9999.9 1 -9999.9 1 -9999.9 1   209.0 0 -9999.9 1
 1999 181  6 30 15 21 15.350  37.14   851.9 0 -9999.9 1 -9999.9 1   178.4 0   300.0 0   311.5 0   310.3 0   436.0 0   293.7 0   293.9 0   137.0 0   385.1 0 -9999.9 1  -136.0 0 -9999.9 1 -9999.9 1 -9999.9 1 -9999.9 1   200.7 0 -9999.9 1
 1999 181  6 30 15 24 15.400  36.58   854.2 0 -9999.9 1 -9999.9 1   167.5 0   300.5 0   311.7 0   310.5 0   438.3 0   293.8 0   294.0 0   139.3 0   386.1 0 -9999.9 1  -137.8 0 -9999.9 1 -9999.9 1 -9999.9 1 -9999.9 1   202.2 0 -9999.9 1
 1999 181  6 30 15 27 15.450  36.03   877.3 0 -9999.9 1 -9999.9 1   162.9 0   301.9 0   311.8 0   310.6 0   438.5 0   293.8 0   294.1 0   144.4 0   397.0 0 -9999.9 1  -136.6 0 -9999.9 1 -9999.9 1 -9999.9 1 -9999.9 1   205.8 0 -9999.9 1
 1999 181  6 30 15 33 15.550  34.94   905.3 0 -9999.9 1 -9999.9 1   187.2 0   305.6 0   312.1 0   310.9 0   441.4 0   294.1 0   294.4 0   150.7 0   407.8 0 -9999.9 1  -135.8 0 -9999.9 1 -9999.9 1 -9999.9 1 -9999.9 1   181.5 0 -9999.9 1
 1999 181  6 30 15 36 15.600  34.39   924.7 0 -9999.9 1 -9999.9 1   256.6 0   308.9 0   312.2 0   311.4 0   444.9 0   294.2 0   294.5 0   153.1 0   415.0 0 -9999.9 1  -136.1 0 -9999.9 1 -9999.9 1 -9999.9 1 -9999.9 1   209.9 0 -9999.9 1
 1999 181  6 30 15 39 15.650  33.85   830.3 0 -9999.9 1 -9999.9 1   322.2 0   312.5 0   312.4 0   311.4 0   443.0 0   294.3 0   294.6 0   148.4 0   376.7 0 -9999.9 1  -130.6 0 -9999.9 1 -9999.9 1 -9999.9 1 -9999.9 1   181.6 0 -9999.9 1
 1999 181  6 30 15 42 15.700  33.31   700.7 0 -9999.9 1 -9999.9 1   352.8 0   314.3 0   312.6 0   310.7 0   434.7 0   294.5 0   294.6 0   131.2 0   320.2 0 -9999.9 1  -120.4 0 -9999.9 1 -9999.9 1 -9999.9 1 -9999.9 1   173.0 0 -9999.9 1
 1999 181  6 30 15 48 15.800  32.23   985.8 0 -9999.9 1 -9999.9 1   320.1 0   309.4 0   312.5 0   311.4 0   443.9 0   294.3 0   294.7 0   165.5 0   441.3 0 -9999.9 1  -134.5 0 -9999.9 1 -9999.9 1 -9999.9 1 -9999.9 1   188.4 0 -9999.9 1
 1999 181  6 30 15 51 15.850  31.70   834.1 0 -9999.9 1 -9999.9 1   388.7 0   313.2 0   312.7 0   311.3 0   439.8 0   294.5 0   294.8 0   151.7 0   377.4 0 -9999.9 1  -126.7 0 -9999.9 1 -9999.9 1 -9999.9 1 -9999.9 1   184.7 0 -9999.9 1
 1999 181  6 30 15 54 15.900  31.17   834.5 0 -9999.9 1 -9999.9 1   340.6 0   311.5 0   312.8 0   311.8 0   440.8 0   294.5 0   294.8 0   151.8 0   377.3 0 -9999.9 1  -129.3 0 -9999.9 1 -9999.9 1 -9999.9 1 -9999.9 1   190.0 0 -9999.9 1
 1999 181  6 30 15 57 15.950  30.65   891.1 0 -9999.9 1 -9999.9 1   360.6 0   314.7 0   312.8 0   311.6 0   442.1 0   294.5 0   294.8 0   161.1 0   400.0 0 -9999.9 1  -127.5 0 -9999.9 1 -9999.9 1 -9999.9 1 -9999.9 1   177.6 0 -9999.9 1
 1999 181  6 30 16  3 16.050  29.61   664.1 0 -9999.9 1 -9999.9 1   536.0 0   339.8 0   312.9 0   311.5 0   434.3 0   294.6 0   294.7 0   127.7 0   299.6 0 -9999.9 1   -94.4 0 -9999.9 1 -9999.9 1 -9999.9 1 -9999.9 1   198.0 0 -9999.9 1
 1999 181  6 30 16  6 16.100  29.10   628.1 0 -9999.9 1 -9999.9 1   534.4 0   342.6 0   312.8 0   311.4 0   432.7 0   294.4 0   294.6 0   119.3 0   278.6 0 -9999.9 1   -90.1 0 -9999.9 1 -9999.9 1 -9999.9 1 -9999.9 1   195.4 0 -9999.9 1
 1999 181  6 30 16  9 16.150  28.59   573.6 0 -9999.9 1 -9999.9 1   512.9 0   346.4 0   312.9 0   311.5 0   433.5 0   294.4 0   294.6 0   110.1 0   253.3 0 -9999.9 1   -87.0 0 -9999.9 1 -9999.9 1 -9999.9 1 -9999.9 1   204.2 0 -9999.9 1
 1999 181  6 30 16 12 16.200  28.08   603.0 0 -9999.9 1 -9999.9 1   561.9 0   351.6 0   313.0 0   311.4 0   431.1 0   294.4 0   294.6 0   116.9 0   267.9 0 -9999.9 1   -79.5 0 -9999.9 1 -9999.9 1 -9999.9 1 -9999.9 1   195.8 0 -9999.9 1
 1999 181  6 30 16 18 16.300  27.09   639.7 0 -9999.9 1 -9999.9 1   581.5 0   353.7 0   313.1 0   311.7 0   436.0 0   294.5 0   294.7 0   123.1 0   283.0 0 -9999.9 1   -82.3 0 -9999.9 1 -9999.9 1 -9999.9 1 -9999.9 1   213.3 0 -9999.9 1
 1999 181  6 30 16 21 16.350  26.60   520.0 0 -9999.9 1 -9999.9 1   498.1 0   356.0 0   313.1 0   311.8 0   431.9 0   294.4 0   294.5 0   105.9 0   229.4 0 -9999.9 1   -75.9 0 -9999.9 1 -9999.9 1 -9999.9 1 -9999.9 1   219.4 0 -9999.9 1
 1999 181  6 30 16 24 16.400  26.12   534.6 0 -9999.9 1 -9999.9 1   510.5 0   358.3 0   313.2 0   311.7 0   431.7 0   294.4 0   294.6 0   106.2 0   235.1 0 -9999.9 1   -73.4 0 -9999.9 1 -9999.9 1 -9999.9 1 -9999.9 1   201.7 0 -9999.9 1
 1999 181  6 30 16 27 16.450  25.64   505.6 0 -9999.9 1 -9999.9 1   477.4 0   357.3 0   313.2 0   311.6 0   429.0 0   294.4 0   294.6 0   103.2 0   223.1 0 -9999.9 1   -71.7 0 -9999.9 1 -9999.9 1 -9999.9 1 -9999.9 1   204.5 0 -9999.9 1
 1999 181  6 30 16 33 16.550  24.70   771.1 0 -9999.9 1 -9999.9 1   577.0 0   351.7 0   313.3 0   312.1 0   440.6 0   294.5 0   294.8 0   150.7 0   345.0 0 -9999.9 1   -88.9 0 -9999.9 1 -9999.9 1 -9999.9 1 -9999.9 1   217.4 0 -9999.9 1
 1999 181  6 30 16 36 16.600  24.25   685.9 0 -9999.9 1 -9999.9 1   566.4 0   351.1 0   313.4 0   312.2 0   438.9 0   294.6 0   294.9 0   139.5 0   305.7 0 -9999.9 1   -87.9 0 -9999.9 1 -9999.9 1 -9999.9 1 -9999.9 1   185.6 0 -9999.9 1
 1999 181  6 30 16 39 16.650  23.80   689.5 0 -9999.9 1 -9999.9 1   583.9 0   349.0 0   313.4 0   311.9 0   436.9 0   294.6 0   294.8 0   144.9 0   310.4 0 -9999.9 1   -87.8 0 -9999.9 1 -9999.9 1 -9999.9 1 -9999.9 1   183.3 0 -9999.9 1
 1999 181  6 30 16 42 16.700  23.36   770.2 0 -9999.9 1 -9999.9 1   547.6 0   337.2 0   313.4 0   312.1 0   438.0 0   294.6 0   294.8 0   162.2 0   347.6 0 -9999.9 1  -100.8 0 -9999.9 1 -9999.9 1 -9999.9 1 -9999.9 1   194.3 0 -9999.9 1
 1999 181  6 30 16 48 16.800  22.50   725.3 0 -9999.9 1 -9999.9 1   631.9 0   344.4 0   314.0 0   313.1 0   444.1 0   295.0 0   295.4 0   155.0 0   322.7 0 -9999.9 1   -99.7 0 -9999.9 1 -9999.9 1 -9999.9 1 -9999.9 1   191.0 0 -9999.9 1
 1999 181  6 30 16 51 16.850  22.09   577.1 0 -9999.9 1 -9999.9 1   533.1 0   350.3 0   314.1 0   312.6 0   434.7 0   295.1 0   295.3 0   127.0 0   255.9 0 -9999.9 1   -84.4 0 -9999.9 1 -9999.9 1 -9999.9 1 -9999.9 1   192.5 0 -9999.9 1
 1999 181  6 30 16 54 16.900  21.69   904.7 0 -9999.9 1 -9999.9 1   642.7 0   343.6 0   314.2 0   313.2 0   446.6 0   295.1 0   295.4 0   179.1 0   405.5 0 -9999.9 1  -103.0 0 -9999.9 1 -9999.9 1 -9999.9 1 -9999.9 1   194.8 0 -9999.9 1
 1999 181  6 30 16 57 16.950  21.30   713.3 0 -9999.9 1 -9999.9 1   624.0 0   349.0 0   314.4 0   312.9 0   440.6 0   295.3 0   295.5 0   149.8 0   316.0 0 -9999.9 1   -91.6 0 -9999.9 1 -9999.9 1 -9999.9 1 -9999.9 1   218.4 0 -9999.9 1
 1999 181  6 30 17  3 17.050  20.55   738.0 0 -9999.9 1 -9999.9 1   620.2 0   355.8 0   314.5 0   313.1 0   440.1 0   295.3 0   295.5 0   151.4 0   328.7 0 -9999.9 1   -84.3 0 -9999.9 1 -9999.9 1 -9999.9 1 -9999.9 1   182.1 0 -9999.9 1
 1999 181  6 30 17  6 17.100  20.20   600.1 0 -9999.9 1 -9999.9 1   571.3 0   356.3 0   314.4 0   312.8 0   437.4 0   295.2 0   295.4 0   127.8 0   265.6 0 -9999.9 1   -81.1 0 -9999.9 1 -9999.9 1 -9999.9 1 -9999.9 1   176.7 0 -9999.9 1
 1999 181  6 30 17  9 17.150  19.86   481.7 0 -9999.9 1 -9999.9 1   461.4 0   359.1 0   314.4 0   312.9 0   432.6 0   295.2 0   295.3 0   102.5 0   210.8 0 -9999.9 1   -73.5 0 -9999.9 1 -9999.9 1 -9999.9 1 -9999.9 1   196.3 0 -9999.9 1
 1999 181  6 30 17 12 17.200  19.53   468.5 0 -9999.9 1 -9999.9 1   450.7 0   362.5 0   314.4 0   312.7 0   428.4 0   295.1 0   295.2 0    98.6 0   207.3 0 -9999.9 1   -65.9 0 -9999.9 1 -9999.9 1 -9999.9 1 -9999.9 1   199.7 0 -9999.9 1
 1999 181  6 30 17 18 17.300  18.93   805.1 0 -9999.9 1 -9999.9 1   580.9 0   362.0 0   314.4 0   313.1 0   444.7 0   295.1 0   295.4 0   156.0 0   355.7 0 -9999.9 1   -82.7 0 -9999.9 1 -9999.9 1 -9999.9 1 -9999.9 1   196.7 0 -9999.9 1
 1999 181  6 30 17 21 17.350  18.65   565.1 0 -9999.9 1 -9999.9 1   493.0 0   348.4 0   314.5 0   312.8 0   434.3 0   295.2 0   295.3 0   130.4 0   253.7 0 -9999.9 1   -85.9 0 -9999.9 1 -9999.9 1 -9999.9 1 -9999.9 1   188.1 0 -9999.9 1
 1999 181  6 30 17 24 17.400  18.39   975.3 0 -9999.9 1 -9999.9 1   520.8 0   337.7 0   314.5 0   313.3 0   446.4 0   295.2 0   295.5 0   196.8 0   432.2 0 -9999.9 1  -108.7 0 -9999.9 1 -9999.9 1 -9999.9 1 -9999.9 1   194.8 0 -9999.9 1
 1999 181  6 30 17 27 17.450  18.15   963.7 0 -9999.9 1 -9999.9 1   568.0 0   337.5 0   314.7 0   313.9 0   450.0 0   295.3 0   295.7 0   203.7 0   433.5 0 -9999.9 1  -112.5 0 -9999.9 1 -9999.9 1 -9999.9 1 -9999.9 1   198.9 0 -9999.9 1
 1999 181  6 30 17 33 17.550  17.72  1243.5 0 -9999.9 1 -9999.9 1   507.4 0   338.7 0   315.0 0   314.3 0   457.6 0   295.6 0   296.1 0   245.1 0   553.4 0 -9999.9 1  -118.8 0 -9999.9 1 -9999.9 1 -9999.9 1 -9999.9 1   206.9 0 -9999.9 1
 1999 181  6 30 17 36 17.600  17.54  1029.9 0 -9999.9 1 -9999.9 1   572.1 0   341.9 0   315.3 0   314.8 0   461.8 0   295.9 0   296.4 0   212.6 0   453.0 0 -9999.9 1  -119.9 0 -9999.9 1 -9999.9 1 -9999.9 1 -9999.9 1   194.8 0 -9999.9 1
 1999 181  6 30 17 39 17.650  17.38   816.6 0 -9999.9 1 -9999.9 1   683.8 0   352.4 0   315.4 0   314.2 0   449.9 0   296.2 0   296.4 0   175.4 0   363.5 0 -9999.9 1   -97.5 0 -9999.9 1 -9999.9 1 -9999.9 1 -9999.9 1   169.2 0 -9999.9 1
 1999 181  6 30 17 42 17.700  17.24   881.2 0 -9999.9 1 -9999.9 1   644.3 0   353.3 0   315.6 0   314.2 0   450.0 0   296.3 0   296.5 0   186.4 0   393.4 0 -9999.9 1   -96.6 0 -9999.9 1 -9999.9 1 -9999.9 1 -9999.9 1   180.4 0 -9999.9 1
 1999 181  6 30 17 48 17.800  17.03   899.9 0 -9999.9 1 -9999.9 1   609.4 0   338.1 0   315.6 0   314.1 0   449.1 0   296.1 0   296.4 0   190.5 0   401.4 0 -9999.9 1  -111.0 0 -9999.9 1 -9999.9 1 -9999.9 1 -9999.9 1   199.4 0 -9999.9 1
 1999 181  6 30 17 51 17.850  16.95   895.4 0 -9999.9 1 -9999.9 1   594.4 0   332.7 0   315.7 0   314.7 0   449.0 0   296.2 0   296.5 0   193.4 0   403.6 0 -9999.9 1  -116.3 0 -9999.9 1 -9999.9 1 -9999.9 1 -9999.9 1   204.7 0 -9999.9 1
 1999 181  6 30 17 54 17.900  16.91  1109.5 0 -9999.9 1 -9999.9 1   372.4 0   325.1 0   315.8 0   314.9 0   457.2 0   296.3 0   296.6 0   223.2 0   490.6 0 -9999.9 1  -132.1 0 -9999.9 1 -9999.9 1 -9999.9 1 -9999.9 1   203.7 0 -9999.9 1
 1999 181  6 30 17 57 17.950  16.88  1015.5 0 -9999.9 1 -9999.9 1   255.9 0   317.5 0   316.0 0   314.8 0   454.4 0   296.4 0   296.7 0   217.5 0   449.0 0 -9999.9 1  -136.8 0 -9999.9 1 -9999.9 1 -9999.9 1 -9999.9 1   199.8 0 -9999.9 1
 1999 181  6 30 18  3 18.050  16.91  1093.4 0 -9999.9 1 -9999.9 1   238.6 0   312.5 0   316.0 0   315.2 0   460.0 0   296.4 0   296.6 0   232.6 0   483.2 0 -9999.9 1  -147.5 0 -9999.9 1 -9999.9 1 -9999.9 1 -9999.9 1   189.7 0 -9999.9 1
 1999 181  6 30 18  6 18.100  16.95   909.8 0 -9999.9 1 -9999.9 1   287.8 0   314.6 0   316.0 0   314.9 0   456.1 0   296.5 0   296.7 0   205.1 0   401.9 0 -9999.9 1  -141.5 0 -9999.9 1 -9999.9 1 -9999.9 1 -9999.9 1   193.6 0 -9999.9 1
 1999 181  6 30 18  9 18.150  17.02   965.8 0 -9999.9 1 -9999.9 1   285.2 0   318.6 0   315.9 0   314.6 0   451.1 0   296.4 0   296.5 0   211.8 0   431.9 0 -9999.9 1  -132.5 0 -9999.9 1 -9999.9 1 -9999.9 1 -9999.9 1   179.4 0 -9999.9 1
 1999 181  6 30 18 12 18.200  17.12  1155.1 0 -9999.9 1 -9999.9 1   280.1 0   323.6 0   315.8 0   314.6 0   459.7 0   296.3 0   296.6 0   239.5 0   509.9 0 -9999.9 1  -136.1 0 -9999.9 1 -9999.9 1 -9999.9 1 -9999.9 1   179.2 0 -9999.9 1
 1999 181  6 30 18 18 18.300  17.37   786.2 0 -9999.9 1 -9999.9 1   406.8 0   339.8 0   315.7 0   314.0 0   441.8 0   296.3 0   296.4 0   177.9 0   351.0 0 -9999.9 1  -101.9 0 -9999.9 1 -9999.9 1 -9999.9 1 -9999.9 1   182.1 0 -9999.9 1
 1999 181  6 30 18 21 18.350  17.53  1190.7 0 -9999.9 1 -9999.9 1   509.5 0   343.5 0   315.7 0   314.8 0   463.1 0   296.3 0   296.7 0   237.4 0   521.4 0 -9999.9 1  -119.6 0 -9999.9 1 -9999.9 1 -9999.9 1 -9999.9 1   193.5 0 -9999.9 1
 1999 181  6 30 18 24 18.400  17.71  1040.5 0 -9999.9 1 -9999.9 1   535.4 0   339.0 0   315.8 0   314.9 0   458.4 0   296.5 0   296.8 0   221.3 0   461.2 0 -9999.9 1  -119.4 0 -9999.9 1 -9999.9 1 -9999.9 1 -9999.9 1   211.9 0 -9999.9 1
 1999 181  6 30 18 27 18.450  17.91  1270.2 0 -9999.9 1 -9999.9 1   519.5 0   340.8 0   316.0 0   315.3 0   465.8 0   296.6 0   297.0 0   251.6 0   555.3 0 -9999.9 1  -125.0 0 -9999.9 1 -9999.9 1 -9999.9 1 -9999.9 1   214.7 0 -9999.9 1
 1999 181  6 30 18 33 18.550  18.38   807.3 0 -9999.9 1 -9999.9 1   635.5 0   352.9 0   316.2 0   314.9 0   450.3 0   296.8 0   297.0 0   179.8 0   360.8 0 -9999.9 1   -97.4 0 -9999.9 1 -9999.9 1 -9999.9 1 -9999.9 1   203.0 0 -9999.9 1
 1999 181  6 30 18 36 18.600  18.64   713.9 0 -9999.9 1 -9999.9 1   616.2 0   359.9 0   316.1 0   314.4 0   444.5 0   296.6 0   296.7 0   156.9 0   317.2 0 -9999.9 1   -84.6 0 -9999.9 1 -9999.9 1 -9999.9 1 -9999.9 1   216.3 0 -9999.9 1
 1999 181  6 30 18 39 18.650  18.91   755.4 0 -9999.9 1 -9999.9 1   646.3 0   364.7 0   315.9 0   314.1 0   444.3 0   296.4 0   296.6 0   160.5 0   335.3 0 -9999.9 1   -79.6 0 -9999.9 1 -9999.9 1 -9999.9 1 -9999.9 1   216.0 0 -9999.9 1
 1999 181  6 30 18 42 18.700  19.21   664.6 0 -9999.9 1 -9999.9 1   623.4 0   364.2 0   315.9 0   314.4 0   445.5 0   296.4 0   296.6 0   142.5 0   294.4 0 -9999.9 1   -81.3 0 -9999.9 1 -9999.9 1 -9999.9 1 -9999.9 1   171.1 0 -9999.9 1
 1999 181  6 30 18 48 18.800  19.84   474.3 0 -9999.9 1 -9999.9 1   459.9 0   373.6 0   315.5 0   313.5 0   436.3 0   296.2 0   296.2 0   100.9 0   206.4 0 -9999.9 1   -62.7 0 -9999.9 1 -9999.9 1 -9999.9 1 -9999.9 1   179.3 0 -9999.9 1
 1999 181  6 30 18 51 18.850  20.18   523.9 0 -9999.9 1 -9999.9 1   504.6 0   375.5 0   315.2 0   312.7 0   434.6 0   295.9 0   296.0 0   110.1 0   230.6 0 -9999.9 1   -59.0 0 -9999.9 1 -9999.9 1 -9999.9 1 -9999.9 1   172.3 0 -9999.9 1
 1999 181  6 30 18 54 18.900  20.54   561.1 0 -9999.9 1 -9999.9 1   544.7 0   371.3 0   315.0 0   312.8 0   437.8 0   295.8 0   295.9 0   119.6 0   247.7 0 -9999.9 1   -66.5 0 -9999.9 1 -9999.9 1 -9999.9 1 -9999.9 1   177.4 0 -9999.9 1
 1999 181  6 30 18 57 18.950  20.90   620.8 0 -9999.9 1 -9999.9 1   579.4 0   366.2 0   314.8 0   313.1 0   441.1 0   295.7 0   295.9 0   131.0 0   275.6 0 -9999.9 1   -74.9 0 -9999.9 1 -9999.9 1 -9999.9 1 -9999.9 1   194.4 0 -9999.9 1
 1999 181  6 30 19  3 19.050  21.67   622.7 0 -9999.9 1 -9999.9 1   587.7 0   354.9 0   314.6 0   313.0 0   441.6 0   295.7 0   295.9 0   134.5 2   276.6 0 -9999.9 1   -86.6 0 -9999.9 1 -9999.9 1 -9999.9 1 -9999.9 1   191.9 0 -9999.9 1
 1999 181  6 30 19  6 19.100  22.07   512.9 0 -9999.9 1 -9999.9 1   494.4 0   357.7 0   314.5 0   312.9 0   436.8 0   295.7 0   295.8 0   112.7 2   225.2 0 -9999.9 1   -79.1 0 -9999.9 1 -9999.9 1 -9999.9 1 -9999.9 1   197.1 0 -9999.9 1
 1999 181  6 30 19  9 19.150  22.49   473.1 0 -9999.9 1 -9999.9 1   460.6 0   364.8 0   314.4 0   312.5 0   435.8 0   295.6 0   295.7 0   101.3 2   207.1 0 -9999.9 1   -70.9 0 -9999.9 1 -9999.9 1 -9999.9 1 -9999.9 1   180.6 0 -9999.9 1
 1999 181  6 30 19 12 19.200  22.91   494.3 0 -9999.9 1 -9999.9 1   481.7 0   367.7 0   314.2 0   312.1 0   432.6 0   295.6 0   295.6 0   102.2 2   216.8 0 -9999.9 1   -65.0 0 -9999.9 1 -9999.9 1 -9999.9 1 -9999.9 1   179.5 0 -9999.9 1
 1999 181  6 30 19 18 19.300  23.78   554.2 0 -9999.9 1 -9999.9 1   512.3 0   360.6 0   314.1 0   312.2 0   436.4 0   295.5 0   295.7 0   116.3 0   245.2 0 -9999.9 1   -75.7 0 -9999.9 1 -9999.9 1 -9999.9 1 -9999.9 1   179.2 0 -9999.9 1
 1999 181  6 30 19 21 19.350  24.23   571.9 0 -9999.9 1 -9999.9 1   550.6 0   361.2 0   314.0 0   311.9 0   436.4 0   295.5 0   295.7 0   121.8 0   255.5 0 -9999.9 1   -75.2 0 -9999.9 1 -9999.9 1 -9999.9 1 -9999.9 1   169.0 0 -9999.9 1
 1999 181  6 30 19 24 19.400  24.68   853.8 0 -9999.9 1 -9999.9 1   631.4 0   357.9 0   313.8 0   312.4 0   449.3 0   295.5 0   295.8 0   160.6 2   382.5 0 -9999.9 1   -91.4 0 -9999.9 1 -9999.9 1 -9999.9 1 -9999.9 1   177.9 0 -9999.9 1
 1999 181  6 30 19 27 19.450  25.15   750.0 0 -9999.9 1 -9999.9 1   596.0 0   353.1 0   313.8 0   312.3 0   446.6 0   295.6 0   295.9 0   148.1 2   338.8 0 -9999.9 1   -93.5 0 -9999.9 1 -9999.9 1 -9999.9 1 -9999.9 1   169.3 0 -9999.9 1
 1999 181  6 30 19 33 19.550  26.09   543.9 0 -9999.9 1 -9999.9 1   483.0 0   353.9 0   313.9 0   312.0 0   437.5 0   295.9 0   296.1 0   121.6 0   244.4 0 -9999.9 1   -83.6 0 -9999.9 1 -9999.9 1 -9999.9 1 -9999.9 1   198.9 0 -9999.9 1
 1999 181  6 30 19 36 19.600  26.58   567.4 0 -9999.9 1 -9999.9 1   520.7 0   361.5 0   313.9 0   312.3 0   439.2 0   296.0 0   296.1 0   122.6 0   256.1 0 -9999.9 1   -77.7 0 -9999.9 1 -9999.9 1 -9999.9 1 -9999.9 1   199.1 0 -9999.9 1
 1999 181  6 30 19 39 19.650  27.07   587.4 0 -9999.9 1 -9999.9 1   528.7 0   361.3 0   313.8 0   312.3 0   441.1 0   296.0 0   296.1 0   124.0 0   265.3 0 -9999.9 1   -79.9 0 -9999.9 1 -9999.9 1 -9999.9 1 -9999.9 1   195.9 0 -9999.9 1
 1999 181  6 30 19 42 19.700  27.56   507.1 0 -9999.9 1 -9999.9 1   481.4 0   365.2 0   313.6 0   311.7 0   435.1 0   295.8 0   295.9 0   107.0 0   227.8 0 -9999.9 1   -69.9 0 -9999.9 1 -9999.9 1 -9999.9 1 -9999.9 1   186.5 0 -9999.9 1
 1999 181  6 30 19 48 19.800  28.57   998.7 0 -9999.9 1 -9999.9 1   586.3 0   356.9 0   313.7 0   312.9 0   455.5 0   295.9 0   296.4 0   170.5 0   446.3 0 -9999.9 1   -98.6 0 -9999.9 1 -9999.9 1 -9999.9 1 -9999.9 1   193.7 0 -9999.9 1
 1999 181  6 30 19 51 19.850  29.07   638.6 0 -9999.9 1 -9999.9 1   547.5 0   357.4 0   313.9 0   312.5 0   446.5 0   296.2 0   296.5 0   129.8 0   286.9 0 -9999.9 1   -89.2 0 -9999.9 1 -9999.9 1 -9999.9 1 -9999.9 1   178.8 0 -9999.9 1
 1999 181  6 30 19 54 19.900  29.59   441.2 0 -9999.9 1 -9999.9 1   434.1 0   370.9 0   313.9 0   311.7 0   435.4 0   296.3 0   296.4 0    94.4 0   193.6 0 -9999.9 1   -64.5 0 -9999.9 1 -9999.9 1 -9999.9 1 -9999.9 1   170.8 0 -9999.9 1
 1999 181  6 30 19 57 19.950  30.11   441.6 0 -9999.9 1 -9999.9 1   432.1 0   378.4 0   313.7 0   311.7 0   435.5 0   296.2 0   296.3 0    87.6 0   193.8 0 -9999.9 1   -57.2 0 -9999.9 1 -9999.9 1 -9999.9 1 -9999.9 1   167.5 0 -9999.9 1
 1999 181  6 30 20  3 20.050  31.15   576.6 0 -9999.9 1 -9999.9 1   496.5 0   364.5 0   313.5 0   311.8 0   440.2 0   296.2 0   296.3 0   114.4 0   260.8 0 -9999.9 1   -75.6 0 -9999.9 1 -9999.9 1 -9999.9 1 -9999.9 1   206.3 0 -9999.9 1
 1999 181  6 30 20  6 20.100  31.68   658.8 0 -9999.9 1 -9999.9 1   495.8 0   364.5 0   313.5 0   311.9 0   444.6 0   296.2 0   296.4 0   124.4 0   298.9 0 -9999.9 1   -80.1 0 -9999.9 1 -9999.9 1 -9999.9 1 -9999.9 1   199.5 0 -9999.9 1
 1999 181  6 30 20  9 20.150  32.21   520.9 0 -9999.9 1 -9999.9 1   457.7 0   362.0 0   313.2 0   311.5 0   438.6 0   296.0 0   296.1 0   105.5 0   234.5 0 -9999.9 1   -76.7 0 -9999.9 1 -9999.9 1 -9999.9 1 -9999.9 1   195.2 0 -9999.9 1
 1999 181  6 30 20 12 20.200  32.75   439.8 0 -9999.9 1 -9999.9 1   434.1 0   366.0 0   313.1 0   311.2 0   432.8 0   295.9 0   296.0 0    91.6 0   196.7 0 -9999.9 1   -66.8 0 -9999.9 1 -9999.9 1 -9999.9 1 -9999.9 1   192.4 0 -9999.9 1
 1999 181  6 30 20 18 20.300  33.82   706.3 0 -9999.9 1 -9999.9 1   532.5 0   359.6 0   312.9 0   311.6 0   444.1 0   295.8 0   296.0 0   123.3 2   318.7 0 -9999.9 1   -84.5 0 -9999.9 1 -9999.9 1 -9999.9 1 -9999.9 1   174.4 0 -9999.9 1
 1999 181  6 30 20 21 20.350  34.37   430.3 0 -9999.9 1 -9999.9 1   419.0 0   366.3 0   312.7 0   310.2 0   431.5 0   295.7 0   295.8 0    90.9 2   194.2 0 -9999.9 1   -65.2 0 -9999.9 1 -9999.9 1 -9999.9 1 -9999.9 1   173.2 0 -9999.9 1
 1999 181  6 30 20 24 20.400  34.91   482.9 0 -9999.9 1 -9999.9 1   457.4 0   373.1 0   312.6 0   310.4 0   433.6 0   295.7 0   295.9 0    93.0 0   218.1 0 -9999.9 1   -60.5 0 -9999.9 1 -9999.9 1 -9999.9 1 -9999.9 1   179.5 0 -9999.9 1
 1999 181  6 30 20 27 20.450  35.46   544.3 0 -9999.9 1 -9999.9 1   485.6 0   370.9 0   312.5 0   310.6 0   436.6 0   295.7 0   295.8 0    98.6 0   246.1 0 -9999.9 1   -65.7 0 -9999.9 1 -9999.9 1 -9999.9 1 -9999.9 1   169.7 0 -9999.9 1
 1999 181  6 30 20 33 20.550  36.56   632.2 0 -9999.9 1 -9999.9 1   464.4 0   356.4 0   312.3 0   310.7 0   441.4 0   295.8 0   296.0 0   114.1 0   287.9 0 -9999.9 1   -85.0 0 -9999.9 1 -9999.9 1 -9999.9 1 -9999.9 1   178.1 0 -9999.9 1
 1999 181  6 30 20 36 20.600  37.11   767.6 0 -9999.9 1 -9999.9 1   435.9 0   344.6 0   312.4 0   311.3 0   447.3 0   296.0 0   296.3 0   133.9 0   352.4 0 -9999.9 1  -102.7 0 -9999.9 1 -9999.9 1 -9999.9 1 -9999.9 1   191.5 0 -9999.9 1
 1999 181  6 30 20 39 20.650  37.67   489.8 0 -9999.9 1 -9999.9 1   371.7 0   350.7 0   312.4 0   310.4 0   435.7 0   296.1 0   296.2 0   101.8 0   230.1 0 -9999.9 1   -85.0 0 -9999.9 1 -9999.9 1 -9999.9 1 -9999.9 1   167.7 0 -9999.9 1
 1999 181  6 30 20 42 20.700  38.23   581.9 0 -9999.9 1 -9999.9 1   368.0 0   352.4 0   312.3 0   310.4 0   438.8 0   296.0 0   296.2 0   102.3 0   263.4 0 -9999.9 1   -86.5 0 -9999.9 1 -9999.9 1 -9999.9 1 -9999.9 1   164.4 0 -9999.9 1
 1999 181  6 30 20 48 20.800  39.34   388.6 0 -9999.9 1 -9999.9 1   356.8 0   347.5 0   312.2 0   310.2 0   432.7 0   296.1 0   296.1 0    87.9 0   184.9 0 -9999.9 1   -85.2 0 -9999.9 1 -9999.9 1 -9999.9 1 -9999.9 1   175.8 0 -9999.9 1
 1999 181  6 30 20 51 20.850  39.90   544.0 0 -9999.9 1 -9999.9 1   321.3 0   351.5 0   312.1 0   310.3 0   438.9 0   296.0 0   296.2 0    97.8 0   249.6 0 -9999.9 1   -87.4 0 -9999.9 1 -9999.9 1 -9999.9 1 -9999.9 1   173.4 0 -9999.9 1
 1999 181  6 30 20 54 20.900  40.47   376.5 0 -9999.9 1 -9999.9 1   308.5 0   352.9 0   312.0 0   309.9 0   430.7 0   296.0 0   296.0 0    79.1 0   175.6 0 -9999.9 1   -77.8 0 -9999.9 1 -9999.9 1 -9999.9 1 -9999.9 1   172.6 0 -9999.9 1
 1999 181  6 30 20 57 20.950  41.03   439.8 0 -9999.9 1 -9999.9 1   341.7 0   352.6 0   311.9 0   310.0 0   434.7 0   295.9 0   296.1 0    84.6 0   202.6 0 -9999.9 1   -82.1 0 -9999.9 1 -9999.9 1 -9999.9 1 -9999.9 1   178.8 0 -9999.9 1
 1999 181  6 30 21  3 21.050  42.16   874.3 0 -9999.9 1 -9999.9 1   391.2 0   355.4 0   311.9 0   311.0 0   450.6 0   295.9 0   296.4 0   116.4 0   390.5 0 -9999.9 1   -95.3 0 -9999.9 1 -9999.9 1 -9999.9 1 -9999.9 1   190.1 0 -9999.9 1
 1999 181  6 30 21  6 21.100  42.73   727.4 0 -9999.9 1 -9999.9 1   394.6 0   359.7 0   312.1 0   310.9 0   449.1 0   296.2 0   296.5 0   103.5 0   326.9 0 -9999.9 1   -89.5 0 -9999.9 1 -9999.9 1 -9999.9 1 -9999.9 1   181.9 0 -9999.9 1
 1999 181  6 30 21  9 21.150  43.30   650.8 0 -9999.9 1 -9999.9 1   420.0 0   360.0 0   312.1 0   310.9 0   445.6 0   296.2 0   296.5 0    91.5 0   289.6 0 -9999.9 1   -85.6 0 -9999.9 1 -9999.9 1 -9999.9 1 -9999.9 1   204.9 0 -9999.9 1
 1999 181  6 30 21 12 21.200  43.86   741.0 0 -9999.9 1 -9999.9 1   427.6 0   359.4 0   312.2 0   310.9 0   445.2 0   296.3 0   296.6 0    94.4 2   323.8 0 -9999.9 1   -85.7 0 -9999.9 1 -9999.9 1 -9999.9 1 -9999.9 1   200.9 0 -9999.9 1
 1999 181  6 30 21 18 21.300  45.00   372.2 0 -9999.9 1 -9999.9 1   332.2 0   347.6 0   312.2 0   310.1 0   428.8 0   296.2 0   296.2 0    70.4 2   177.4 0 -9999.9 1   -81.2 0 -9999.9 1 -9999.9 1 -9999.9 1 -9999.9 1   184.8 0 -9999.9 1
 1999 181  6 30 21 21 21.350  45.57   664.9 0 -9999.9 1 -9999.9 1   411.2 0   350.0 0   312.2 0   310.5 0   439.2 0   296.1 0   296.3 0    90.0 0   300.2 0 -9999.9 1   -89.2 0 -9999.9 1 -9999.9 1 -9999.9 1 -9999.9 1   179.0 0 -9999.9 1
 1999 181  6 30 21 24 21.400  46.14   472.5 0 -9999.9 1 -9999.9 1   400.5 0   352.4 0   312.3 0   310.2 0   435.4 0   296.2 0   296.3 0    79.2 0   222.3 0 -9999.9 1   -83.0 0 -9999.9 1 -9999.9 1 -9999.9 1 -9999.9 1   182.9 0 -9999.9 1
 1999 181  6 30 21 27 21.450  46.72   547.9 0 -9999.9 1 -9999.9 1   383.1 0   348.9 0   312.1 0   310.4 0   437.5 0   296.1 0   296.3 0    82.1 0   255.8 0 -9999.9 1   -88.7 0 -9999.9 1 -9999.9 1 -9999.9 1 -9999.9 1   182.1 0 -9999.9 1
 1999 181  6 30 21 33 21.550  47.86   571.5 0 -9999.9 1 -9999.9 1   389.6 0   348.1 0   312.3 0   310.8 0   441.7 0   296.3 0   296.5 0    79.7 0   262.1 0 -9999.9 1   -93.6 0 -9999.9 1 -9999.9 1 -9999.9 1 -9999.9 1   190.3 0 -9999.9 1
 1999 181  6 30 21 36 21.600  48.43   471.9 0 -9999.9 1 -9999.9 1   400.9 0   354.2 0   312.4 0   310.7 0   435.7 0   296.3 0   296.5 0    69.6 0   219.4 0 -9999.9 1   -81.5 0 -9999.9 1 -9999.9 1 -9999.9 1 -9999.9 1   186.6 0 -9999.9 1
 1999 181  6 30 21 39 21.650  49.00   503.4 0 -9999.9 1 -9999.9 1   430.0 0   364.3 0   312.4 0   310.8 0   439.1 0   296.3 0   296.5 0    68.5 0   233.8 0 -9999.9 1   -74.7 0 -9999.9 1 -9999.9 1 -9999.9 1 -9999.9 1   173.3 0 -9999.9 1
 1999 181  6 30 21 42 21.700  49.58   471.6 0 -9999.9 1 -9999.9 1   428.3 0   371.2 0   312.4 0   310.7 0   440.2 0   296.4 0   296.6 0    64.4 0   214.7 0 -9999.9 1   -69.0 0 -9999.9 1 -9999.9 1 -9999.9 1 -9999.9 1   163.6 0 -9999.9 1
 1999 181  6 30 21 48 21.800  50.72   353.8 0 -9999.9 1 -9999.9 1   349.2 0   382.3 0   312.1 0   310.0 0   431.7 0   296.1 0   296.2 0    48.8 0   159.9 0 -9999.9 1   -49.4 0 -9999.9 1 -9999.9 1 -9999.9 1 -9999.9 1   166.2 0 -9999.9 1
 1999 181  6 30 21 51 21.850  51.30   359.4 0 -9999.9 1 -9999.9 1   353.6 0   383.1 0   312.0 0   310.1 0   432.0 0   296.0 0   296.1 0    47.2 0   162.1 0 -9999.9 1   -48.9 0 -9999.9 1 -9999.9 1 -9999.9 1 -9999.9 1   162.8 0 -9999.9 1
 1999 181  6 30 21 54 21.900  51.87   424.6 0 -9999.9 1 -9999.9 1   399.8 0   380.4 0   311.9 0   309.9 0   434.3 0   296.0 0   296.1 0    51.9 0   193.6 0 -9999.9 1   -53.8 0 -9999.9 1 -9999.9 1 -9999.9 1 -9999.9 1   160.2 0 -9999.9 1
 1999 181  6 30 21 57 21.950  52.45   624.6 0 -9999.9 1 -9999.9 1   405.0 0   366.1 0   311.9 0   310.3 0   441.8 0   296.0 0   296.3 0    65.4 0   282.9 0 -9999.9 1   -75.7 0 -9999.9 1 -9999.9 1 -9999.9 1 -9999.9 1   170.6 0 -9999.9 1
 1999 181  6 30 22  3 22.050  53.59   591.2 0 -9999.9 1 -9999.9 1   208.2 0   336.8 0   312.2 0   310.7 0   443.6 0   296.3 0   296.6 0    64.3 0   272.6 0 -9999.9 1  -106.8 0 -9999.9 1 -9999.9 1 -9999.9 1 -9999.9 1   168.8 0 -9999.9 1
 1999 181  6 30 22  6 22.100  54.17   491.2 0 -9999.9 1 -9999.9 1   214.2 0   335.0 0   312.4 0   310.6 0   439.5 0   296.4 0   296.6 0    58.3 0   231.5 0 -9999.9 1  -104.5 0 -9999.9 1 -9999.9 1 -9999.9 1 -9999.9 1   163.8 0 -9999.9 1
 1999 181  6 30 22  9 22.150  54.74   389.9 0 -9999.9 1 -9999.9 1   259.3 0   342.6 0   312.3 0   309.9 0   433.1 0   296.4 0   296.5 0    52.3 0   184.6 0 -9999.9 1   -90.5 0 -9999.9 1 -9999.9 1 -9999.9 1 -9999.9 1   161.0 0 -9999.9 1
 1999 181  6 30 22 12 22.200  55.31   394.5 0 -9999.9 1 -9999.9 1   331.3 0   356.1 0   312.0 0   309.7 0   430.4 0   296.1 0   296.2 0    50.3 0   185.7 0 -9999.9 1   -74.4 0 -9999.9 1 -9999.9 1 -9999.9 1 -9999.9 1   159.7 0 -9999.9 1
 1999 181  6 30 22 18 22.300  56.46   603.6 0 -9999.9 1 -9999.9 1   305.3 0   354.8 0   311.9 0   310.2 0   439.2 0   296.0 0   296.2 0    56.6 0   275.2 0 -9999.9 1   -84.3 0 -9999.9 1 -9999.9 1 -9999.9 1 -9999.9 1   166.9 0 -9999.9 1
 1999 181  6 30 22 21 22.350  57.03   594.3 0 -9999.9 1 -9999.9 1   216.4 0   345.6 0   312.0 0   310.3 0   441.3 0   296.2 0   296.5 0    55.4 0   270.8 0 -9999.9 1   -95.7 0 -9999.9 1 -9999.9 1 -9999.9 1 -9999.9 1   153.3 0 -9999.9 1
 1999 181  6 30 22 24 22.400  57.60   531.4 0 -9999.9 1 -9999.9 1   163.8 0   336.0 0   312.2 0   310.4 0   438.9 0   296.4 0   296.6 0    51.3 0   246.1 0 -9999.9 1  -102.9 0 -9999.9 1 -9999.9 1 -9999.9 1 -9999.9 1   159.6 0 -9999.9 1
 1999 181  6 30 22 27 22.450  58.17   530.0 0 -9999.9 1 -9999.9 1   150.1 0   332.3 0   312.3 0   310.4 0   438.0 0   296.4 0   296.7 0    49.8 0   246.7 0 -9999.9 1  -105.7 0 -9999.9 1 -9999.9 1 -9999.9 1 -9999.9 1   171.8 0 -9999.9 1
 1999 181  6 30 22 33 22.550  59.32   503.3 0 -9999.9 1 -9999.9 1   147.8 0   327.1 0   312.2 0   310.5 0   436.4 0   296.2 0   296.4 0    45.1 0   235.5 0 -9999.9 1  -109.3 0 -9999.9 1 -9999.9 1 -9999.9 1 -9999.9 1   160.4 0 -9999.9 1
 1999 181  6 30 22 36 22.600  59.89   442.7 0 -9999.9 1 -9999.9 1   143.6 0   329.7 0   312.3 0   310.4 0   435.6 0   296.3 0   296.5 0    41.4 0   207.2 0 -9999.9 1  -105.9 0 -9999.9 1 -9999.9 1 -9999.9 1 -9999.9 1   170.5 0 -9999.9 1
 1999 181  6 30 22 39 22.650  60.46   202.1 0 -9999.9 1 -9999.9 1   118.8 0   330.6 0   312.3 0   310.1 0   426.1 0   296.3 0   296.2 0    30.9 0    98.1 0 -9999.9 1   -95.5 0 -9999.9 1 -9999.9 1 -9999.9 1 -9999.9 1   162.5 0 -9999.9 1
 1999 181  6 30 22 42 22.700  61.03   130.1 0 -9999.9 1 -9999.9 1   108.0 0   329.8 0   312.0 0   309.8 0   419.1 0   296.0 0   295.9 0    24.7 0    64.1 0 -9999.9 1   -89.3 0 -9999.9 1 -9999.9 1 -9999.9 1 -9999.9 1   154.4 0 -9999.9 1
 1999 181  6 30 22 48 22.800  62.16   134.2 0 -9999.9 1 -9999.9 1   131.1 0   335.3 0   311.3 0   308.8 0   416.5 0   295.4 0   295.3 0    21.9 0    63.8 0 -9999.9 1   -81.2 0 -9999.9 1 -9999.9 1 -9999.9 1 -9999.9 1   152.0 0 -9999.9 1
 1999 181  6 30 22 51 22.850  62.73   161.7 0 -9999.9 1 -9999.9 1   151.3 0   340.5 0   311.0 0   308.5 0   418.9 0   295.2 0   295.2 0    21.6 0    76.2 0 -9999.9 1   -78.4 0 -9999.9 1 -9999.9 1 -9999.9 1 -9999.9 1   157.6 0 -9999.9 1
 1999 181  6 30 22 54 22.900  63.30   186.1 0 -9999.9 1 -9999.9 1   177.8 0   342.0 0   310.8 0   308.8 0   421.9 0   295.1 0   295.1 0    22.1 0    86.8 0 -9999.9 1   -79.9 0 -9999.9 1 -9999.9 1 -9999.9 1 -9999.9 1   158.1 0 -9999.9 1
 1999 181  6 30 22 57 22.950  63.86   221.0 0 -9999.9 1 -9999.9 1   205.3 0   343.9 0   310.6 0   308.6 0   424.2 0   294.9 0   295.0 0    22.7 0   101.9 0 -9999.9 1   -80.3 0 -9999.9 1 -9999.9 1 -9999.9 1 -9999.9 1   157.5 0 -9999.9 1
 1999 181  6 30 23  3 23.050  65.00   281.8 0 -9999.9 1 -9999.9 1   235.0 0   345.0 0   310.2 0   308.2 0   427.0 0   294.8 0   294.9 0    23.4 0   129.4 0 -9999.9 1   -82.0 0 -9999.9 1 -9999.9 1 -9999.9 1 -9999.9 1   159.4 0 -9999.9 1
 1999 181  6 30 23  6 23.100  65.56   274.0 0 -9999.9 1 -9999.9 1   237.2 0   345.2 0   310.1 0   308.1 0   426.8 0   294.8 0   294.9 0    23.1 0   126.5 0 -9999.9 1   -81.7 0 -9999.9 1 -9999.9 1 -9999.9 1 -9999.9 1   165.9 0 -9999.9 1
 1999 181  6 30 23  9 23.150  66.12   265.3 0 -9999.9 1 -9999.9 1   239.5 0   346.5 0   310.0 0   307.7 0   425.8 0   294.7 0   294.8 0    22.8 0   124.7 0 -9999.9 1   -79.3 0 -9999.9 1 -9999.9 1 -9999.9 1 -9999.9 1   161.9 0 -9999.9 1
 1999 181  6 30 23 12 23.200  66.68   237.5 0 -9999.9 1 -9999.9 1   229.4 0   345.4 0   309.8 0   307.4 0   423.7 0   294.7 0   294.8 0    22.3 0   113.7 0 -9999.9 1   -78.3 0 -9999.9 1 -9999.9 1 -9999.9 1 -9999.9 1   165.9 0 -9999.9 1
 1999 181  6 30 23 18 23.300  67.81   225.7 0 -9999.9 1 -9999.9 1   225.6 0   338.3 0   309.4 0   307.3 0   422.6 0   294.5 0   294.5 0    21.8 2   109.3 0 -9999.9 1   -84.3 0 -9999.9 1 -9999.9 1 -9999.9 1 -9999.9 1   169.3 0 -9999.9 1
 1999 181  6 30 23 21 23.350  68.37   197.3 0 -9999.9 1 -9999.9 1   198.7 0   339.5 0   309.2 0   307.0 0   420.7 0   294.4 0   294.4 0    19.9 2    95.9 0 -9999.9 1   -81.1 0 -9999.9 1 -9999.9 1 -9999.9 1 -9999.9 1   167.9 0 -9999.9 1
 1999 181  6 30 23 24 23.400  68.92   168.2 0 -9999.9 1 -9999.9 1   164.3 0   345.1 0   308.9 0   307.0 0   419.5 0   294.3 0   294.3 0    17.1 2    82.5 0 -9999.9 1   -74.4 0 -9999.9 1 -9999.9 1 -9999.9 1 -9999.9 1   167.6 0 -9999.9 1
 1999 181  6 30 23 27 23.450  69.48   170.4 0 -9999.9 1 -9999.9 1   171.5 0   358.0 0   308.9 0   307.2 0   420.8 0   294.3 0   294.3 0    15.0 2    81.3 0 -9999.9 1   -62.8 0 -9999.9 1 -9999.9 1 -9999.9 1 -9999.9 1   167.6 0 -9999.9 1
 1999 181  6 30 23 33 23.550  70.59   310.3 0 -9999.9 1 -9999.9 1   184.9 0   374.3 0   308.9 0   307.4 0   429.7 0   294.4 0   294.5 0    12.8 2   134.8 0 -9999.9 1   -55.3 0 -9999.9 1 -9999.9 1 -9999.9 1 -9999.9 1   161.6 0 -9999.9 1
 1999 181  6 30 23 36 23.600  71.15   211.1 0 -9999.9 1 -9999.9 1   148.5 0   376.1 0   309.1 0   307.4 0   426.8 0   294.5 0   294.7 0    11.3 0    94.2 0 -9999.9 1   -50.7 0 -9999.9 1 -9999.9 1 -9999.9 1 -9999.9 1   162.4 0 -9999.9 1
 1999 181  6 30 23 39 23.650  71.70   112.5 0 -9999.9 1 -9999.9 1   115.3 0   374.4 0   309.1 0   307.3 0   422.1 0   294.5 0   294.5 0     9.6 2    53.9 0 -9999.9 1   -47.6 0 -9999.9 1 -9999.9 1 -9999.9 1 -9999.9 1   167.9 0 -9999.9 1
 1999 181  6 30 23 42 23.700  72.25   108.6 0 -9999.9 1 -9999.9 1   111.7 0   378.3 0   309.1 0   307.3 0   420.8 0   294.6 0   294.6 0     8.6 0    50.9 0 -9999.9 1   -42.6 0 -9999.9 1 -9999.9 1 -9999.9 1 -9999.9 1   176.3 0 -9999.9 1
 1999 181  6 30 23 48 23.800  73.35   111.3 0 -9999.9 1 -9999.9 1   114.8 0   377.5 0   309.2 0   307.4 0   422.4 0   294.7 0   294.7 0     8.4 0    51.8 0 -9999.9 1   -44.9 0 -9999.9 1 -9999.9 1 -9999.9 1 -9999.9 1   179.7 0 -9999.9 1
 1999 181  6 30 23 51 23.850  73.90    98.9 0 -9999.9 1 -9999.9 1   102.4 0   376.2 0   309.1 0   307.3 0   421.2 0   294.6 0   294.6 0     8.1 0    47.0 0 -9999.9 1   -45.0 0 -9999.9 1 -9999.9 1 -9999.9 1 -9999.9 1   179.3 0 -9999.9 1
 1999 181  6 30 23 54 23.900  74.45    85.8 0 -9999.9 1 -9999.9 1    90.0 0   376.7 0   309.0 0   306.9 0   419.5 0   294.5 0   294.4 0     7.6 0    41.3 0 -9999.9 1   -42.8 0 -9999.9 1 -9999.9 1 -9999.9 1 -9999.9 1   182.4 0 -9999.9 1
 1999 181  6 30 23 57 23.950  74.99    68.5 0 -9999.9 1 -9999.9 1    71.8 0   375.6 0   308.8 0   306.8 0   417.6 0   294.3 0   294.2 0     6.6 0    33.5 0 -9999.9 1   -42.0 0 -9999.9 1 -9999.9 1 -9999.9 1 -9999.9 1   181.4 0 -9999.9 1
