 Bondville
   40.05  -88.37  213 m version 1
 1999 178  6 27  0  3  0.050  76.10    48.4 0 -9999.9 1 -9999.9 1    51.8 0   391.3 0   302.6 0   301.4 0   423.9 0   293.2 0   293.2 0     3.9 0    24.1 0 -9999.9 1   -32.6 0 -9999.9 1 -9999.9 1 -9999.9 1 -9999.9 1   347.2 0 -9999.9 1
 1999 178  6 27  0  6  0.100  76.64    46.6 0 -9999.9 1 -9999.9 1    49.7 0   389.6 0   302.6 0   301.4 0   422.7 0   293.1 0   293.1 0     3.8 0    23.3 0 -9999.9 1   -33.0 0 -9999.9 1 -9999.9 1 -9999.9 1 -9999.9 1     1.6 0 -9999.9 1
 1999 178  6 27  0  9  0.150  77.18    41.2 0 -9999.9 1 -9999.9 1    44.3 0   391.4 0   302.7 0   301.6 0   423.4 0   293.2 0   293.2 0     3.4 0    20.6 0 -9999.9 1   -32.0 0 -9999.9 1 -9999.9 1 -9999.9 1 -9999.9 1   359.0 0 -9999.9 1
 1999 178  6 27  0 12  0.200  77.72    36.4 0 -9999.9 1 -9999.9 1    39.8 0   390.9 0   302.7 0   301.6 0   422.8 0   293.1 0   293.1 0     3.0 0    18.2 0 -9999.9 1   -31.9 0 -9999.9 1 -9999.9 1 -9999.9 1 -9999.9 1   351.5 0 -9999.9 1
 1999 178  6 27  0 18  0.300  78.78    30.9 0 -9999.9 1 -9999.9 1    33.9 0   388.2 0   302.6 0   301.6 0   420.9 0   292.9 0   292.8 0     2.3 0    15.3 0 -9999.9 1   -32.7 0 -9999.9 1 -9999.9 1 -9999.9 1 -9999.9 1     3.3 0 -9999.9 1
 1999 178  6 27  0 21  0.350  79.31    28.3 0 -9999.9 1 -9999.9 1    30.8 0   390.9 0   302.8 0   301.7 0   421.5 0   293.0 0   293.0 0     2.0 0    14.0 0 -9999.9 1   -30.6 0 -9999.9 1 -9999.9 1 -9999.9 1 -9999.9 1     7.6 0 -9999.9 1
 1999 178  6 27  0 24  0.400  79.84    25.7 0 -9999.9 1 -9999.9 1    28.2 0   392.1 0   302.9 0   301.7 0   421.5 0   293.1 0   293.0 0     1.7 0    12.7 0 -9999.9 1   -29.5 0 -9999.9 1 -9999.9 1 -9999.9 1 -9999.9 1    32.0 0 -9999.9 1
 1999 178  6 27  0 27  0.450  80.37    24.4 0 -9999.9 1 -9999.9 1    27.0 0   391.9 0   302.9 0   301.6 0   421.0 0   293.0 0   293.0 0     1.6 0    12.0 0 -9999.9 1   -29.2 0 -9999.9 1 -9999.9 1 -9999.9 1 -9999.9 1    44.1 0 -9999.9 1
 1999 178  6 27  0 33  0.550  81.41    24.5 0 -9999.9 1 -9999.9 1    26.9 0   389.2 0   302.9 0   301.8 0   419.6 0   292.8 0   292.7 0     1.3 2    11.9 0 -9999.9 1   -30.4 0 -9999.9 1 -9999.9 1 -9999.9 1 -9999.9 1    63.9 0 -9999.9 1
 1999 178  6 27  0 36  0.600  81.93    26.1 0 -9999.9 1 -9999.9 1    27.7 0   388.1 0   302.9 0   301.9 0   419.4 0   292.7 0   292.7 0     1.2 2    12.2 0 -9999.9 1   -31.4 0 -9999.9 1 -9999.9 1 -9999.9 1 -9999.9 1    62.3 0 -9999.9 1
 1999 178  6 27  0 39  0.650  82.45    30.1 0 -9999.9 1 -9999.9 1    31.2 0   390.2 0   303.1 0   302.0 0   420.5 0   292.9 0   292.8 0     1.1 0    13.8 0 -9999.9 1   -30.3 0 -9999.9 1 -9999.9 1 -9999.9 1 -9999.9 1    43.7 0 -9999.9 1
 1999 178  6 27  0 42  0.700  82.96    36.4 0 -9999.9 1 -9999.9 1    37.4 0   390.5 0   303.3 0   302.2 0   421.6 0   293.0 0   292.9 0     1.1 0    16.2 0 -9999.9 1   -31.1 0 -9999.9 1 -9999.9 1 -9999.9 1 -9999.9 1    49.7 0 -9999.9 1
 1999 178  6 27  0 48  0.800  83.98    52.8 0 -9999.9 1 -9999.9 1    54.4 0   388.7 0   303.4 0   302.0 0   422.0 0   293.0 0   292.9 0     1.2 0    22.9 0 -9999.9 1   -33.3 0 -9999.9 1 -9999.9 1 -9999.9 1 -9999.9 1    82.6 0 -9999.9 1
 1999 178  6 27  0 51  0.850  84.49    60.9 0 -9999.9 1 -9999.9 1    55.3 0   387.4 0   303.5 0   302.2 0   422.5 0   293.0 0   293.0 0     1.1 0    24.1 0 -9999.9 1   -35.2 0 -9999.9 1 -9999.9 1 -9999.9 1 -9999.9 1    95.6 0 -9999.9 1
 1999 178  6 27  0 54  0.900  84.99    59.6 0 -9999.9 1 -9999.9 1    53.3 0   389.7 0   303.6 0   302.4 0   423.7 0   293.2 0   293.2 0     0.9 0    22.7 0 -9999.9 1   -34.0 0 -9999.9 1 -9999.9 1 -9999.9 1 -9999.9 1   107.9 0 -9999.9 1
 1999 178  6 27  0 57  0.950  85.49    46.6 0 -9999.9 1 -9999.9 1    45.7 0   390.6 0   303.7 0   302.4 0   423.4 0   293.2 0   293.2 0     0.7 0    17.9 0 -9999.9 1   -32.8 0 -9999.9 1 -9999.9 1 -9999.9 1 -9999.9 1   110.9 0 -9999.9 1
 1999 178  6 27  1  3  1.050  86.47    44.9 0 -9999.9 1 -9999.9 1    42.4 0   390.8 0   303.8 0   302.6 0   422.5 0   293.2 0   293.2 0     0.5 0    16.0 0 -9999.9 1   -31.8 0 -9999.9 1 -9999.9 1 -9999.9 1 -9999.9 1   104.6 0 -9999.9 1
 1999 178  6 27  1  6  1.100  86.95    36.1 0 -9999.9 1 -9999.9 1    36.4 0   390.6 0   303.8 0   302.5 0   421.8 0   293.1 0   293.1 0     0.4 0    13.2 0 -9999.9 1   -31.2 0 -9999.9 1 -9999.9 1 -9999.9 1 -9999.9 1   114.1 0 -9999.9 1
 1999 178  6 27  1  9  1.150  87.42    28.8 0 -9999.9 1 -9999.9 1    30.9 0   389.3 0   303.8 0   302.5 0   421.0 0   293.1 0   293.1 0     0.4 0    11.0 0 -9999.9 1   -31.6 0 -9999.9 1 -9999.9 1 -9999.9 1 -9999.9 1   126.8 0 -9999.9 1
 1999 178  6 27  1 12  1.200  87.88    22.9 0 -9999.9 1 -9999.9 1    25.1 0   387.5 0   303.8 0   302.6 0   420.6 0   293.1 0   293.1 0     0.4 0     8.8 0 -9999.9 1   -33.0 0 -9999.9 1 -9999.9 1 -9999.9 1 -9999.9 1   132.1 0 -9999.9 1
 1999 178  6 27  1 18  1.300  88.77    14.2 0 -9999.9 1 -9999.9 1    16.6 0   387.2 0   303.8 0   302.5 0   419.5 0   293.1 0   293.1 0     0.3 0     5.4 0 -9999.9 1   -32.3 0 -9999.9 1 -9999.9 1 -9999.9 1 -9999.9 1   129.1 0 -9999.9 1
 1999 178  6 27  1 21  1.350  89.19    11.2 0 -9999.9 1 -9999.9 1    13.8 0   387.7 0   303.7 0   302.4 0   418.8 0   293.1 0   293.0 0     0.3 0     4.2 0 -9999.9 1   -31.1 0 -9999.9 1 -9999.9 1 -9999.9 1 -9999.9 1   124.3 0 -9999.9 1
 1999 178  6 27  1 24  1.400  89.58     9.9 0 -9999.9 1 -9999.9 1    12.6 0   387.8 0   303.7 0   302.5 0   418.3 0   293.0 0   293.0 0     0.2 0     3.5 0 -9999.9 1   -30.5 0 -9999.9 1 -9999.9 1 -9999.9 1 -9999.9 1   115.9 0 -9999.9 1
 1999 178  6 27  1 27  1.450  89.93     5.9 0 -9999.9 1 -9999.9 1     8.3 0   385.4 0   303.7 0   302.4 0   418.2 0   293.0 0   293.0 0     0.1 0     2.5 0 -9999.9 1   -32.8 0 -9999.9 1 -9999.9 1 -9999.9 1 -9999.9 1   116.6 0 -9999.9 1
 1999 178  6 27  1 33  1.550  91.64     0.4 0 -9999.9 1 -9999.9 1     3.1 0   376.4 0   303.5 0   301.9 0   417.0 0   292.9 0   292.8 0     0.0 0     1.1 0 -9999.9 1   -40.6 0 -9999.9 1 -9999.9 1 -9999.9 1 -9999.9 1   118.5 0 -9999.9 1
 1999 178  6 27  1 36  1.600  92.12    -1.0 0 -9999.9 1 -9999.9 1     2.2 0   369.9 0   303.5 0   302.0 0   416.7 0   293.0 0   292.9 0     0.0 0     0.7 0 -9999.9 1   -46.7 0 -9999.9 1 -9999.9 1 -9999.9 1 -9999.9 1   119.7 0 -9999.9 1
 1999 178  6 27  1 39  1.650  92.60    -1.6 0 -9999.9 1 -9999.9 1     1.5 0   370.4 0   303.4 0   302.0 0   415.4 0   292.8 0   292.7 0     0.0 0     0.4 0 -9999.9 1   -45.0 0 -9999.9 1 -9999.9 1 -9999.9 1 -9999.9 1   121.6 0 -9999.9 1
 1999 178  6 27  1 42  1.700  93.07    -2.0 0 -9999.9 1 -9999.9 1     0.9 0   377.2 0   303.3 0   301.9 0   415.3 0   292.8 0   292.7 0     0.0 0     0.2 0 -9999.9 1   -38.1 0 -9999.9 1 -9999.9 1 -9999.9 1 -9999.9 1   119.3 0 -9999.9 1
 1999 178  6 27  1 48  1.800  94.01    -2.4 0 -9999.9 1 -9999.9 1     0.6 0   373.4 0   303.3 0   302.0 0   415.0 0   292.7 0   292.7 0     0.0 0     0.0 0 -9999.9 1   -41.7 0 -9999.9 1 -9999.9 1 -9999.9 1 -9999.9 1   118.2 0 -9999.9 1
 1999 178  6 27  1 51  1.850  94.48    -2.4 0 -9999.9 1 -9999.9 1     0.5 0   375.1 0   303.3 0   302.0 0   414.7 0   292.7 0   292.7 0     0.0 0     0.0 0 -9999.9 1   -39.6 0 -9999.9 1 -9999.9 1 -9999.9 1 -9999.9 1   122.2 0 -9999.9 1
 1999 178  6 27  1 54  1.900  94.95    -2.6 0 -9999.9 1 -9999.9 1     0.5 0   378.9 0   303.3 0   302.0 0   415.1 0   292.8 0   292.7 0     0.0 0     0.0 0 -9999.9 1   -36.2 0 -9999.9 1 -9999.9 1 -9999.9 1 -9999.9 1   125.9 0 -9999.9 1
 1999 178  6 27  1 57  1.950  95.41    -2.6 0 -9999.9 1 -9999.9 1     0.5 0   381.7 0   303.3 0   302.0 0   415.1 0   292.7 0   292.7 0     0.0 0     0.0 0 -9999.9 1   -33.4 0 -9999.9 1 -9999.9 1 -9999.9 1 -9999.9 1   127.9 0 -9999.9 1
 1999 178  6 27  2  3  2.050  96.32    -2.8 0 -9999.9 1 -9999.9 1     0.5 0   388.3 0   303.3 0   302.0 0   415.2 0   292.6 0   292.6 0     0.0 0    -0.1 0 -9999.9 1   -26.9 0 -9999.9 1 -9999.9 1 -9999.9 1 -9999.9 1   126.1 0 -9999.9 1
 1999 178  6 27  2  6  2.100  96.77    -2.6 0 -9999.9 1 -9999.9 1     0.4 0   387.6 0   303.3 0   302.2 0   415.2 0   292.6 0   292.5 0     0.0 0    -0.1 0 -9999.9 1   -27.6 0 -9999.9 1 -9999.9 1 -9999.9 1 -9999.9 1   130.0 0 -9999.9 1
 1999 178  6 27  2  9  2.150  97.22    -2.6 0 -9999.9 1 -9999.9 1     0.6 0   388.2 0   303.2 0   302.1 0   414.8 0   292.5 0   292.4 0     0.0 0    -0.1 0 -9999.9 1   -26.5 0 -9999.9 1 -9999.9 1 -9999.9 1 -9999.9 1   138.5 0 -9999.9 1
 1999 178  6 27  2 12  2.200  97.66    -2.6 0 -9999.9 1 -9999.9 1     0.6 0   387.8 0   303.2 0   302.2 0   414.2 0   292.3 0   292.3 0     0.0 0    -0.2 0 -9999.9 1   -26.4 0 -9999.9 1 -9999.9 1 -9999.9 1 -9999.9 1   137.6 0 -9999.9 1
 1999 178  6 27  2 18  2.300  98.54    -2.5 0 -9999.9 1 -9999.9 1     0.7 0   392.4 0   303.4 0   302.4 0   415.1 0   292.4 0   292.4 0     0.0 0    -0.2 0 -9999.9 1   -22.7 0 -9999.9 1 -9999.9 1 -9999.9 1 -9999.9 1   145.6 0 -9999.9 1
 1999 178  6 27  2 21  2.350  98.98    -2.4 0 -9999.9 1 -9999.9 1     0.4 0   394.2 0   303.5 0   302.6 0   415.5 0   292.5 0   292.4 0     0.0 0    -0.2 0 -9999.9 1   -21.3 0 -9999.9 1 -9999.9 1 -9999.9 1 -9999.9 1   145.1 0 -9999.9 1
 1999 178  6 27  2 24  2.400  99.41    -2.5 0 -9999.9 1 -9999.9 1     0.7 0   396.2 0   303.7 0   302.6 0   416.1 0   292.5 0   292.4 0     0.0 0    -0.2 0 -9999.9 1   -19.9 0 -9999.9 1 -9999.9 1 -9999.9 1 -9999.9 1   147.8 0 -9999.9 1
 1999 178  6 27  2 27  2.450  99.84    -2.6 0 -9999.9 1 -9999.9 1     0.8 0   398.0 0   303.8 0   302.7 0   417.0 0   292.6 0   292.5 0     0.0 0    -0.1 0 -9999.9 1   -19.0 0 -9999.9 1 -9999.9 1 -9999.9 1 -9999.9 1   149.0 0 -9999.9 1
 1999 178  6 27  2 33  2.550 100.68    -2.8 0 -9999.9 1 -9999.9 1     0.6 0   395.4 0   304.1 0   303.2 0   417.6 0   292.6 0   292.6 0     0.0 0    -0.1 0 -9999.9 1   -22.2 0 -9999.9 1 -9999.9 1 -9999.9 1 -9999.9 1   171.3 0 -9999.9 1
 1999 178  6 27  2 36  2.600 101.10    -2.6 0 -9999.9 1 -9999.9 1     0.6 0   390.6 0   303.9 0   303.1 0   415.8 0   292.4 0   292.3 0     0.0 0    -0.2 0 -9999.9 1   -25.2 0 -9999.9 1 -9999.9 1 -9999.9 1 -9999.9 1   173.8 0 -9999.9 1
 1999 178  6 27  2 39  2.650 101.51    -2.6 0 -9999.9 1 -9999.9 1     0.5 0   391.3 0   304.1 0   303.2 0   416.2 0   292.5 0   292.4 0     0.0 0    -0.1 0 -9999.9 1   -25.0 0 -9999.9 1 -9999.9 1 -9999.9 1 -9999.9 1   161.5 0 -9999.9 1
 1999 178  6 27  2 42  2.700 101.92    -2.6 0 -9999.9 1 -9999.9 1     0.7 0   391.5 0   304.3 0   303.1 0   416.3 0   292.5 0   292.5 0     0.0 0    -0.1 0 -9999.9 1   -24.8 0 -9999.9 1 -9999.9 1 -9999.9 1 -9999.9 1   158.3 0 -9999.9 1
 1999 178  6 27  2 48  2.800 102.72    -2.9 0 -9999.9 1 -9999.9 1     0.9 0   384.2 0   304.3 0   302.9 0   415.0 0   292.3 0   292.3 0     0.0 0    -0.1 0 -9999.9 1   -30.8 0 -9999.9 1 -9999.9 1 -9999.9 1 -9999.9 1   155.2 0 -9999.9 1
 1999 178  6 27  2 51  2.850 103.12    -3.0 0 -9999.9 1 -9999.9 1     0.8 0   379.3 0   304.1 0   302.7 0   413.7 0   292.1 0   292.1 0     0.0 2    -0.1 0 -9999.9 1   -34.4 0 -9999.9 1 -9999.9 1 -9999.9 1 -9999.9 1   151.3 0 -9999.9 1
 1999 178  6 27  2 54  2.900 103.51    -3.1 0 -9999.9 1 -9999.9 1     0.8 0   381.6 0   304.2 0   302.7 0   414.0 0   292.2 0   292.2 0     0.0 0    -0.2 0 -9999.9 1   -32.4 0 -9999.9 1 -9999.9 1 -9999.9 1 -9999.9 1   146.8 0 -9999.9 1
 1999 178  6 27  2 57  2.950 103.90    -3.1 0 -9999.9 1 -9999.9 1     0.8 0   379.8 0   304.2 0   302.7 0   413.6 0   292.2 0   292.1 0     0.0 0    -0.1 0 -9999.9 1   -33.8 0 -9999.9 1 -9999.9 1 -9999.9 1 -9999.9 1   148.3 0 -9999.9 1
 1999 178  6 27  3  3  3.050 104.66    -3.0 0 -9999.9 1 -9999.9 1     0.8 0   378.8 0   304.1 0   302.7 0   413.2 0   292.1 0   292.1 0     0.0 0    -0.2 0 -9999.9 1   -34.3 0 -9999.9 1 -9999.9 1 -9999.9 1 -9999.9 1   146.8 0 -9999.9 1
 1999 178  6 27  3  6  3.100 105.03    -3.0 0 -9999.9 1 -9999.9 1     0.9 0   377.7 0   304.2 0   302.8 0   413.6 0   292.3 0   292.2 0     0.0 0    -0.1 0 -9999.9 1   -35.8 0 -9999.9 1 -9999.9 1 -9999.9 1 -9999.9 1   143.8 0 -9999.9 1
 1999 178  6 27  3  9  3.150 105.40    -2.8 0 -9999.9 1 -9999.9 1     0.9 0   378.5 0   304.3 0   303.0 0   413.8 0   292.4 0   292.3 0     0.0 0    -0.1 0 -9999.9 1   -35.4 0 -9999.9 1 -9999.9 1 -9999.9 1 -9999.9 1   148.9 0 -9999.9 1
 1999 178  6 27  3 12  3.200 105.77    -2.8 0 -9999.9 1 -9999.9 1     0.9 0   380.4 0   304.3 0   303.2 0   414.0 0   292.4 0   292.4 0     0.0 0    -0.2 0 -9999.9 1   -33.6 0 -9999.9 1 -9999.9 1 -9999.9 1 -9999.9 1   156.7 0 -9999.9 1
 1999 178  6 27  3 18  3.300 106.48    -3.1 0 -9999.9 1 -9999.9 1     0.8 0   377.4 0   304.4 0   303.4 0   413.7 0   292.5 0   292.4 0     0.0 0    -0.2 0 -9999.9 1   -36.3 0 -9999.9 1 -9999.9 1 -9999.9 1 -9999.9 1   162.3 0 -9999.9 1
 1999 178  6 27  3 21  3.350 106.83    -2.8 0 -9999.9 1 -9999.9 1     0.6 0   375.2 0   304.4 0   303.4 0   412.9 0   292.4 0   292.3 0     0.0 0    -0.1 0 -9999.9 1   -37.7 0 -9999.9 1 -9999.9 1 -9999.9 1 -9999.9 1   157.5 0 -9999.9 1
 1999 178  6 27  3 24  3.400 107.18    -2.7 0 -9999.9 1 -9999.9 1     0.3 0   374.2 0   304.5 0   303.5 0   412.3 0   292.4 0   292.3 0     0.0 0    -0.1 0 -9999.9 1   -38.1 0 -9999.9 1 -9999.9 1 -9999.9 1 -9999.9 1   150.3 0 -9999.9 1
 1999 178  6 27  3 27  3.450 107.52    -2.8 0 -9999.9 1 -9999.9 1     0.3 0   375.7 0   304.6 0   303.6 0   412.3 0   292.4 0   292.3 0     0.0 0    -0.1 0 -9999.9 1   -36.6 0 -9999.9 1 -9999.9 1 -9999.9 1 -9999.9 1   141.2 0 -9999.9 1
 1999 178  6 27  3 33  3.550 108.19    -2.7 0 -9999.9 1 -9999.9 1     0.2 0   370.2 0   304.7 0   303.9 0   411.3 0   292.4 0   292.3 0     0.0 0    -0.2 0 -9999.9 1   -41.0 0 -9999.9 1 -9999.9 1 -9999.9 1 -9999.9 1   135.8 0 -9999.9 1
 1999 178  6 27  3 36  3.600 108.51    -2.7 0 -9999.9 1 -9999.9 1     0.2 0   366.4 0   304.8 0   304.0 0   410.2 0   292.3 0   292.2 0     0.0 0    -0.1 0 -9999.9 1   -43.8 0 -9999.9 1 -9999.9 1 -9999.9 1 -9999.9 1   142.0 0 -9999.9 1
 1999 178  6 27  3 39  3.650 108.83    -2.8 0 -9999.9 1 -9999.9 1     0.2 0   364.4 0   304.8 0   303.8 0   409.4 0   292.2 0   292.2 0     0.0 0    -0.1 0 -9999.9 1   -45.1 0 -9999.9 1 -9999.9 1 -9999.9 1 -9999.9 1   137.8 0 -9999.9 1
 1999 178  6 27  3 42  3.700 109.15    -2.8 0 -9999.9 1 -9999.9 1     0.1 0   363.2 0   304.9 0   303.6 0   409.1 0   292.2 0   292.2 0     0.0 0    -0.1 0 -9999.9 1   -45.9 0 -9999.9 1 -9999.9 1 -9999.9 1 -9999.9 1   130.9 0 -9999.9 1
 1999 178  6 27  3 48  3.800 109.76    -2.8 0 -9999.9 1 -9999.9 1     0.1 0   357.9 0   304.8 0   303.6 0   407.2 0   292.0 0   292.0 0     0.0 0    -0.1 0 -9999.9 1   -49.4 0 -9999.9 1 -9999.9 1 -9999.9 1 -9999.9 1   139.3 0 -9999.9 1
 1999 178  6 27  3 51  3.850 110.06    -2.9 0 -9999.9 1 -9999.9 1     0.1 0   355.9 0   304.8 0   303.8 0   406.2 0   292.0 0   291.9 0     0.0 0    -0.1 0 -9999.9 1   -50.3 0 -9999.9 1 -9999.9 1 -9999.9 1 -9999.9 1   139.1 0 -9999.9 1
 1999 178  6 27  3 54  3.900 110.35    -2.9 0 -9999.9 1 -9999.9 1     0.0 0   356.2 0   304.9 0   304.0 0   405.8 0   292.0 0   291.9 0     0.0 0    -0.1 0 -9999.9 1   -49.6 0 -9999.9 1 -9999.9 1 -9999.9 1 -9999.9 1   139.0 0 -9999.9 1
 1999 178  6 27  3 57  3.950 110.64    -2.9 0 -9999.9 1 -9999.9 1    -0.2 0   368.1 0   304.9 0   304.1 0   405.8 0   291.9 0   291.8 0     0.0 0    -0.1 0 -9999.9 1   -37.8 0 -9999.9 1 -9999.9 1 -9999.9 1 -9999.9 1   138.8 0 -9999.9 1
 1999 178  6 27  4  3  4.050 111.19    -2.6 0 -9999.9 1 -9999.9 1     0.0 0   385.3 0   305.2 0   304.3 0   409.1 0   291.9 0   291.9 0     0.0 0    -0.2 0 -9999.9 1   -23.8 0 -9999.9 1 -9999.9 1 -9999.9 1 -9999.9 1   137.9 0 -9999.9 1
 1999 178  6 27  4  6  4.100 111.46    -2.5 0 -9999.9 1 -9999.9 1     0.2 0   392.7 0   305.4 0   304.4 0   411.3 0   292.1 0   292.0 0     0.0 0    -0.1 0 -9999.9 1   -18.5 0 -9999.9 1 -9999.9 1 -9999.9 1 -9999.9 1   137.7 0 -9999.9 1
 1999 178  6 27  4  9  4.150 111.72    -2.5 0 -9999.9 1 -9999.9 1     0.2 0   397.3 0   305.6 0   304.5 0   412.7 0   292.2 0   292.1 0     0.0 0    -0.2 0 -9999.9 1   -15.4 0 -9999.9 1 -9999.9 1 -9999.9 1 -9999.9 1   137.5 0 -9999.9 1
 1999 178  6 27  4 12  4.200 111.98    -2.5 0 -9999.9 1 -9999.9 1     0.2 0   394.3 0   305.7 0   304.6 0   413.5 0   292.2 0   292.1 0     0.0 0    -0.1 0 -9999.9 1   -19.2 0 -9999.9 1 -9999.9 1 -9999.9 1 -9999.9 1   137.4 0 -9999.9 1
 1999 178  6 27  4 18  4.300 112.47    -2.9 0 -9999.9 1 -9999.9 1     0.3 0   389.9 0   305.9 0   304.6 0   414.4 0   292.3 0   292.3 0     0.0 0    -0.1 0 -9999.9 1   -24.5 0 -9999.9 1 -9999.9 1 -9999.9 1 -9999.9 1   109.5 0 -9999.9 1
 1999 178  6 27  4 21  4.350 112.71    -3.1 0 -9999.9 1 -9999.9 1     0.3 0   390.1 0   306.0 0   304.6 0   414.3 0   292.3 0   292.2 0     0.0 0    -0.1 0 -9999.9 1   -24.2 0 -9999.9 1 -9999.9 1 -9999.9 1 -9999.9 1   100.5 0 -9999.9 1
 1999 178  6 27  4 24  4.400 112.94    -3.1 0 -9999.9 1 -9999.9 1     0.3 0   392.6 0   306.0 0   304.7 0   414.3 0   292.2 0   292.2 0     0.0 0    -0.1 0 -9999.9 1   -21.7 0 -9999.9 1 -9999.9 1 -9999.9 1 -9999.9 1    90.9 0 -9999.9 1
 1999 178  6 27  4 27  4.450 113.17    -3.1 0 -9999.9 1 -9999.9 1     0.4 0   393.0 0   306.1 0   304.7 0   414.4 0   292.2 0   292.2 0     0.0 0    -0.1 0 -9999.9 1   -21.4 0 -9999.9 1 -9999.9 1 -9999.9 1 -9999.9 1    81.6 0 -9999.9 1
 1999 178  6 27  4 33  4.550 113.60    -3.5 0 -9999.9 1 -9999.9 1     0.3 0   385.5 0   306.1 0   304.8 0   413.6 0   292.1 0   292.1 0     0.0 0    -0.2 0 -9999.9 1   -28.1 0 -9999.9 1 -9999.9 1 -9999.9 1 -9999.9 1   100.6 0 -9999.9 1
 1999 178  6 27  4 36  4.600 113.80    -3.1 0 -9999.9 1 -9999.9 1     0.3 0   382.5 0   306.1 0   304.7 0   413.1 0   292.1 0   292.1 0     0.0 0    -0.1 0 -9999.9 1   -30.6 0 -9999.9 1 -9999.9 1 -9999.9 1 -9999.9 1   103.1 0 -9999.9 1
 1999 178  6 27  4 39  4.650 114.00    -3.3 0 -9999.9 1 -9999.9 1     0.4 0   378.6 0   306.2 0   304.7 0   413.4 0   292.2 0   292.2 0     0.0 0    -0.1 0 -9999.9 1   -34.8 0 -9999.9 1 -9999.9 1 -9999.9 1 -9999.9 1   114.5 0 -9999.9 1
 1999 178  6 27  4 42  4.700 114.19    -3.1 0 -9999.9 1 -9999.9 1     0.3 0   373.5 0   306.2 0   304.6 0   413.3 0   292.2 0   292.2 0     0.0 0    -0.1 0 -9999.9 1   -39.7 0 -9999.9 1 -9999.9 1 -9999.9 1 -9999.9 1   114.7 0 -9999.9 1
 1999 178  6 27  4 48  4.800 114.55    -3.6 0 -9999.9 1 -9999.9 1     0.2 0   369.4 0   306.2 0   304.7 0   412.3 0   292.2 0   292.2 0     0.0 0    -0.2 0 -9999.9 1   -42.9 0 -9999.9 1 -9999.9 1 -9999.9 1 -9999.9 1   110.3 0 -9999.9 1
 1999 178  6 27  4 51  4.850 114.72    -3.4 0 -9999.9 1 -9999.9 1     0.2 0   368.7 0   306.1 0   304.9 0   411.1 0   292.1 0   292.1 0     0.0 0    -0.1 0 -9999.9 1   -42.5 0 -9999.9 1 -9999.9 1 -9999.9 1 -9999.9 1   112.0 0 -9999.9 1
 1999 178  6 27  4 54  4.900 114.89    -3.1 0 -9999.9 1 -9999.9 1     0.2 0   373.4 0   306.3 0   305.3 0   411.2 0   292.2 0   292.2 0     0.0 0    -0.1 0 -9999.9 1   -37.8 0 -9999.9 1 -9999.9 1 -9999.9 1 -9999.9 1   121.3 0 -9999.9 1
 1999 178  6 27  4 57  4.950 115.04    -2.6 0 -9999.9 1 -9999.9 1     0.2 0   375.2 0   306.3 0   305.4 0   411.2 0   292.2 0   292.2 0     0.0 0    -0.1 0 -9999.9 1   -36.0 0 -9999.9 1 -9999.9 1 -9999.9 1 -9999.9 1   131.2 0 -9999.9 1
 1999 178  6 27  5  3  5.050 115.33    -3.0 0 -9999.9 1 -9999.9 1     0.2 0   372.3 0   306.1 0   305.4 0   409.3 0   291.9 0   291.8 0     0.0 2    -0.2 0 -9999.9 1   -37.1 0 -9999.9 1 -9999.9 1 -9999.9 1 -9999.9 1   130.6 0 -9999.9 1
 1999 178  6 27  5  6  5.100 115.47    -3.0 0 -9999.9 1 -9999.9 1     0.2 0   372.1 0   306.1 0   305.3 0   408.5 0   291.8 0   291.7 0     0.0 2    -0.2 0 -9999.9 1   -36.4 0 -9999.9 1 -9999.9 1 -9999.9 1 -9999.9 1   135.2 0 -9999.9 1
 1999 178  6 27  5  9  5.150 115.60    -2.9 0 -9999.9 1 -9999.9 1     0.2 0   380.6 0   306.3 0   305.5 0   409.8 0   291.9 0   291.8 0     0.0 2    -0.2 0 -9999.9 1   -29.1 0 -9999.9 1 -9999.9 1 -9999.9 1 -9999.9 1   143.7 0 -9999.9 1
 1999 178  6 27  5 12  5.200 115.72    -2.8 0 -9999.9 1 -9999.9 1     0.1 0   379.6 0   306.5 0   305.6 0   410.6 0   291.9 0   291.9 0     0.0 2    -0.1 0 -9999.9 1   -30.9 0 -9999.9 1 -9999.9 1 -9999.9 1 -9999.9 1   151.6 0 -9999.9 1
 1999 178  6 27  5 18  5.300 115.93    -2.8 0 -9999.9 1 -9999.9 1     0.1 0   380.6 0   306.7 0   306.1 0   410.5 0   291.9 0   291.8 0     0.0 2    -0.2 0 -9999.9 1   -29.9 0 -9999.9 1 -9999.9 1 -9999.9 1 -9999.9 1   147.9 0 -9999.9 1
 1999 178  6 27  5 21  5.350 116.03    -2.8 0 -9999.9 1 -9999.9 1     0.1 0   380.2 0   306.9 0   306.3 0   410.8 0   291.9 0   291.9 0     0.0 2    -0.1 0 -9999.9 1   -30.6 0 -9999.9 1 -9999.9 1 -9999.9 1 -9999.9 1   147.1 0 -9999.9 1
 1999 178  6 27  5 24  5.400 116.12    -2.8 0 -9999.9 1 -9999.9 1     0.2 0   374.0 0   307.2 0   306.4 0   411.4 0   292.0 0   292.0 0     0.0 0    -0.1 0 -9999.9 1   -37.3 0 -9999.9 1 -9999.9 1 -9999.9 1 -9999.9 1   154.4 0 -9999.9 1
 1999 178  6 27  5 27  5.450 116.20    -2.8 0 -9999.9 1 -9999.9 1     0.1 0   374.4 0   307.3 0   306.4 0   411.1 0   292.0 0   292.0 0     0.0 0    -0.2 0 -9999.9 1   -36.7 0 -9999.9 1 -9999.9 1 -9999.9 1 -9999.9 1   163.0 0 -9999.9 1
 1999 178  6 27  5 33  5.550 116.35    -3.2 0 -9999.9 1 -9999.9 1     0.0 0   383.0 0   307.6 0   306.9 0   412.0 0   292.1 0   292.0 0     0.0 0    -0.1 0 -9999.9 1   -29.0 0 -9999.9 1 -9999.9 1 -9999.9 1 -9999.9 1   152.6 0 -9999.9 1
 1999 178  6 27  5 36  5.600 116.41    -2.7 0 -9999.9 1 -9999.9 1     0.1 0   386.6 0   307.7 0   306.7 0   412.2 0   292.0 0   292.0 0     0.0 0    -0.1 0 -9999.9 1   -25.7 0 -9999.9 1 -9999.9 1 -9999.9 1 -9999.9 1   112.8 0 -9999.9 1
 1999 178  6 27  5 39  5.650 116.46    -2.9 0 -9999.9 1 -9999.9 1     0.2 0   390.9 0   307.9 0   306.4 0   412.4 0   292.0 0   292.0 0     0.0 2    -0.1 0 -9999.9 1   -21.4 0 -9999.9 1 -9999.9 1 -9999.9 1 -9999.9 1    77.0 0 -9999.9 1
 1999 178  6 27  5 42  5.700 116.50    -2.7 0 -9999.9 1 -9999.9 1     0.2 0   392.2 0   308.0 0   306.5 0   413.3 0   292.1 0   292.1 0     0.0 0    -0.1 0 -9999.9 1   -21.1 0 -9999.9 1 -9999.9 1 -9999.9 1 -9999.9 1    77.7 0 -9999.9 1
 1999 178  6 27  5 48  5.800 116.57    -2.9 0 -9999.9 1 -9999.9 1     0.2 0   397.2 0   308.2 0   306.7 0   414.4 0   292.2 0   292.1 0     0.0 0    -0.2 0 -9999.9 1   -17.2 0 -9999.9 1 -9999.9 1 -9999.9 1 -9999.9 1   100.9 0 -9999.9 1
 1999 178  6 27  5 51  5.850 116.59    -3.0 0 -9999.9 1 -9999.9 1     0.2 0   395.8 0   308.3 0   306.8 0   415.0 0   292.2 0   292.2 0     0.0 0    -0.1 0 -9999.9 1   -19.3 0 -9999.9 1 -9999.9 1 -9999.9 1 -9999.9 1   106.6 0 -9999.9 1
 1999 178  6 27  5 54  5.900 116.61    -3.2 0 -9999.9 1 -9999.9 1     0.2 0   392.2 0   308.3 0   307.0 0   415.2 0   292.3 0   292.2 0     0.0 0    -0.1 0 -9999.9 1   -23.0 0 -9999.9 1 -9999.9 1 -9999.9 1 -9999.9 1   112.7 0 -9999.9 1
 1999 178  6 27  5 57  5.950 116.61    -3.0 0 -9999.9 1 -9999.9 1     0.2 0   390.9 0   308.4 0   307.1 0   415.3 0   292.3 0   292.2 0     0.0 0    -0.1 0 -9999.9 1   -24.5 0 -9999.9 1 -9999.9 1 -9999.9 1 -9999.9 1   104.7 0 -9999.9 1
 1999 178  6 27  6  3  6.050 116.60    -3.1 0 -9999.9 1 -9999.9 1     0.2 0   390.6 0   308.4 0   307.2 0   414.7 0   292.3 0   292.2 0     0.0 0    -0.1 0 -9999.9 1   -24.2 0 -9999.9 1 -9999.9 1 -9999.9 1 -9999.9 1    85.4 0 -9999.9 1
 1999 178  6 27  6  6  6.100 116.58    -2.9 0 -9999.9 1 -9999.9 1     0.2 0   394.5 0   308.5 0   307.1 0   415.1 0   292.3 0   292.3 0     0.0 0    -0.1 0 -9999.9 1   -20.6 0 -9999.9 1 -9999.9 1 -9999.9 1 -9999.9 1    87.1 0 -9999.9 1
 1999 178  6 27  6  9  6.150 116.56    -3.0 0 -9999.9 1 -9999.9 1     0.2 0   399.2 0   308.6 0   307.3 0   416.0 0   292.4 0   292.4 0     0.0 0    -0.1 0 -9999.9 1   -16.8 0 -9999.9 1 -9999.9 1 -9999.9 1 -9999.9 1    77.4 0 -9999.9 1
 1999 178  6 27  6 12  6.200 116.53    -2.8 0 -9999.9 1 -9999.9 1     0.2 0   402.0 0   308.8 0   307.5 0   416.9 0   292.5 0   292.5 0     0.0 0    -0.1 0 -9999.9 1   -15.0 0 -9999.9 1 -9999.9 1 -9999.9 1 -9999.9 1    75.2 0 -9999.9 1
 1999 178  6 27  6 18  6.300 116.44    -3.1 0 -9999.9 1 -9999.9 1     0.3 0   404.0 0   308.9 0   307.6 0   417.6 0   292.6 0   292.6 0     0.0 0    -0.1 0 -9999.9 1   -13.5 0 -9999.9 1 -9999.9 1 -9999.9 1 -9999.9 1    75.7 0 -9999.9 1
 1999 178  6 27  6 21  6.350 116.38    -2.7 0 -9999.9 1 -9999.9 1     0.4 0   404.9 0   309.0 0   307.6 0   418.0 0   292.6 0   292.6 0     0.0 0    -0.1 0 -9999.9 1   -13.1 0 -9999.9 1 -9999.9 1 -9999.9 1 -9999.9 1    57.1 0 -9999.9 1
 1999 178  6 27  6 24  6.400 116.32    -2.8 0 -9999.9 1 -9999.9 1     0.4 0   405.4 0   309.1 0   307.8 0   418.4 0   292.7 0   292.7 0     0.0 0    -0.1 0 -9999.9 1   -13.0 0 -9999.9 1 -9999.9 1 -9999.9 1 -9999.9 1    31.2 0 -9999.9 1
 1999 178  6 27  6 27  6.450 116.25    -2.9 0 -9999.9 1 -9999.9 1     0.4 0   404.3 0   309.2 0   307.9 0   418.6 0   292.7 0   292.7 0     0.0 0    -0.1 0 -9999.9 1   -14.3 0 -9999.9 1 -9999.9 1 -9999.9 1 -9999.9 1    22.3 0 -9999.9 1
 1999 178  6 27  6 33  6.550 116.09    -2.8 0 -9999.9 1 -9999.9 1     0.3 0   397.2 0   309.2 0   308.3 0   417.8 0   292.6 0   292.6 0     0.0 0    -0.1 0 -9999.9 1   -20.6 0 -9999.9 1 -9999.9 1 -9999.9 1 -9999.9 1    21.9 0 -9999.9 1
 1999 178  6 27  6 36  6.600 115.99    -2.8 0 -9999.9 1 -9999.9 1     0.2 0   396.4 0   309.3 0   308.4 0   417.6 0   292.6 0   292.6 0     0.0 0    -0.1 0 -9999.9 1   -21.2 0 -9999.9 1 -9999.9 1 -9999.9 1 -9999.9 1    22.1 0 -9999.9 1
 1999 178  6 27  6 39  6.650 115.89    -2.7 0 -9999.9 1 -9999.9 1     0.2 0   394.9 0   309.4 0   308.6 0   417.9 0   292.7 0   292.7 0     0.0 0    -0.1 0 -9999.9 1   -23.0 0 -9999.9 1 -9999.9 1 -9999.9 1 -9999.9 1    22.5 0 -9999.9 1
 1999 178  6 27  6 42  6.700 115.78    -2.7 0 -9999.9 1 -9999.9 1     0.2 0   395.1 0   309.5 0   308.6 0   417.8 0   292.7 0   292.7 0     0.0 0    -0.2 0 -9999.9 1   -22.7 0 -9999.9 1 -9999.9 1 -9999.9 1 -9999.9 1    22.6 0 -9999.9 1
 1999 178  6 27  6 48  6.800 115.55    -2.7 0 -9999.9 1 -9999.9 1     0.1 0   393.9 0   309.8 0   308.9 0   418.0 0   292.8 0   292.8 0     0.0 0    -0.2 0 -9999.9 1   -24.1 0 -9999.9 1 -9999.9 1 -9999.9 1 -9999.9 1    22.8 0 -9999.9 1
 1999 178  6 27  6 51  6.850 115.42    -2.7 0 -9999.9 1 -9999.9 1     0.2 0   390.4 0   309.6 0   308.4 0   416.4 0   292.6 0   292.5 0     0.0 0    -0.1 0 -9999.9 1   -26.0 0 -9999.9 1 -9999.9 1 -9999.9 1 -9999.9 1    53.8 0 -9999.9 1
 1999 178  6 27  6 54  6.900 115.28    -2.7 0 -9999.9 1 -9999.9 1     0.1 0   387.6 0   309.5 0   308.1 0   415.2 0   292.4 0   292.4 0     0.0 0    -0.1 0 -9999.9 1   -27.6 0 -9999.9 1 -9999.9 1 -9999.9 1 -9999.9 1   127.5 0 -9999.9 1
 1999 178  6 27  6 57  6.950 115.13    -2.6 0 -9999.9 1 -9999.9 1     0.0 0   385.8 0   309.4 0   308.1 0   414.1 0   292.2 0   292.2 0     0.0 0    -0.1 0 -9999.9 1   -28.3 0 -9999.9 1 -9999.9 1 -9999.9 1 -9999.9 1   128.5 0 -9999.9 1
 1999 178  6 27  7  3  7.050 114.82    -2.7 0 -9999.9 1 -9999.9 1    -0.1 0   390.6 0   309.8 0   309.0 0   415.1 0   292.4 0   292.4 0     0.0 0    -0.1 0 -9999.9 1   -24.5 0 -9999.9 1 -9999.9 1 -9999.9 1 -9999.9 1   128.2 0 -9999.9 1
 1999 178  6 27  7  6  7.100 114.66    -2.5 0 -9999.9 1 -9999.9 1     0.0 0   389.3 0   309.7 0   309.0 0   414.2 0   292.2 0   292.2 0     0.0 0    -0.1 0 -9999.9 1   -25.0 0 -9999.9 1 -9999.9 1 -9999.9 1 -9999.9 1   129.4 0 -9999.9 1
 1999 178  6 27  7  9  7.150 114.48    -2.9 0 -9999.9 1 -9999.9 1     0.1 0   389.0 0   309.8 0   309.1 0   414.7 0   292.3 0   292.3 0     0.0 0    -0.1 0 -9999.9 1   -25.7 0 -9999.9 1 -9999.9 1 -9999.9 1 -9999.9 1   128.7 0 -9999.9 1
 1999 178  6 27  7 12  7.200 114.30    -2.8 0 -9999.9 1 -9999.9 1     0.0 0   386.7 0   309.8 0   309.1 0   414.1 0   292.2 0   292.2 0     0.0 0    -0.1 0 -9999.9 1   -27.4 0 -9999.9 1 -9999.9 1 -9999.9 1 -9999.9 1   129.2 0 -9999.9 1
 1999 178  6 27  7 18  7.300 113.92    -2.8 0 -9999.9 1 -9999.9 1    -0.3 0   386.9 0   309.9 0   308.8 0   413.4 0   292.0 0   292.0 0     0.0 2    -0.2 0 -9999.9 1   -26.5 0 -9999.9 1 -9999.9 1 -9999.9 1 -9999.9 1   128.6 0 -9999.9 1
 1999 178  6 27  7 21  7.350 113.72    -2.9 0 -9999.9 1 -9999.9 1    -0.5 0   381.0 0   309.9 0   308.8 0   412.9 0   292.0 0   292.0 0     0.0 2    -0.1 0 -9999.9 1   -31.9 0 -9999.9 1 -9999.9 1 -9999.9 1 -9999.9 1   126.9 0 -9999.9 1
 1999 178  6 27  7 24  7.400 113.51    -3.1 0 -9999.9 1 -9999.9 1    -0.7 0   378.3 0   310.0 0   309.1 0   412.6 0   292.0 0   292.0 0     0.0 2    -0.1 0 -9999.9 1   -34.3 0 -9999.9 1 -9999.9 1 -9999.9 1 -9999.9 1   126.4 0 -9999.9 1
 1999 178  6 27  7 27  7.450 113.30    -2.9 0 -9999.9 1 -9999.9 1    -0.9 0   376.9 0   310.2 0   309.4 0   412.7 0   292.1 0   292.1 0     0.0 0    -0.1 0 -9999.9 1   -35.8 0 -9999.9 1 -9999.9 1 -9999.9 1 -9999.9 1   125.7 0 -9999.9 1
 1999 178  6 27  7 33  7.550 112.85    -3.0 0 -9999.9 1 -9999.9 1    -0.8 0   363.1 0   310.3 0   309.1 0   411.0 0   292.2 0   292.1 0     0.0 0    -0.1 0 -9999.9 1   -47.9 0 -9999.9 1 -9999.9 1 -9999.9 1 -9999.9 1   126.4 0 -9999.9 1
 1999 178  6 27  7 36  7.600 112.62    -2.7 0 -9999.9 1 -9999.9 1    -0.9 0   366.6 0   310.4 0   309.1 0   411.0 0   292.2 0   292.2 0     0.0 0    -0.1 0 -9999.9 1   -44.4 0 -9999.9 1 -9999.9 1 -9999.9 1 -9999.9 1   125.3 0 -9999.9 1
 1999 178  6 27  7 39  7.650 112.38    -2.8 0 -9999.9 1 -9999.9 1    -1.1 0   359.9 0   310.4 0   309.3 0   409.9 0   292.2 0   292.1 0     0.0 0    -0.1 0 -9999.9 1   -50.0 0 -9999.9 1 -9999.9 1 -9999.9 1 -9999.9 1   124.7 0 -9999.9 1
 1999 178  6 27  7 42  7.700 112.13    -2.9 0 -9999.9 1 -9999.9 1    -1.1 0   354.6 0   310.4 0   309.4 0   408.7 0   292.1 0   292.1 0     0.0 0    -0.1 0 -9999.9 1   -54.1 0 -9999.9 1 -9999.9 1 -9999.9 1 -9999.9 1   126.4 0 -9999.9 1
 1999 178  6 27  7 48  7.800 111.62    -2.7 0 -9999.9 1 -9999.9 1    -1.2 0   360.5 0   310.3 0   309.1 0   408.0 0   292.1 0   292.0 0     0.0 0    -0.1 0 -9999.9 1   -47.5 0 -9999.9 1 -9999.9 1 -9999.9 1 -9999.9 1   132.0 0 -9999.9 1
 1999 178  6 27  7 51  7.850 111.35    -2.8 0 -9999.9 1 -9999.9 1    -1.1 0   356.3 0   310.3 0   309.2 0   407.5 0   292.0 0   292.0 0     0.0 0    -0.1 0 -9999.9 1   -51.2 0 -9999.9 1 -9999.9 1 -9999.9 1 -9999.9 1   220.4 0 -9999.9 1
 1999 178  6 27  7 54  7.900 111.08    -2.8 0 -9999.9 1 -9999.9 1    -1.2 0   352.4 0   310.2 0   309.1 0   406.6 0   291.9 0   291.9 0     0.0 2    -0.1 0 -9999.9 1   -54.3 0 -9999.9 1 -9999.9 1 -9999.9 1 -9999.9 1   226.6 0 -9999.9 1
 1999 178  6 27  7 57  7.950 110.80    -2.7 0 -9999.9 1 -9999.9 1    -1.2 0   347.8 0   310.2 0   309.2 0   405.8 0   291.9 0   291.8 0     0.0 0     0.0 0 -9999.9 1   -58.0 0 -9999.9 1 -9999.9 1 -9999.9 1 -9999.9 1   213.7 0 -9999.9 1
 1999 178  6 27  8  3  8.050 110.23    -2.7 0 -9999.9 1 -9999.9 1    -1.2 0   345.1 0   310.0 0   309.0 0   403.8 0   291.8 0   291.7 0     0.0 2    -0.1 0 -9999.9 1   -58.7 0 -9999.9 1 -9999.9 1 -9999.9 1 -9999.9 1   207.1 0 -9999.9 1
 1999 178  6 27  8  6  8.100 109.94    -2.7 0 -9999.9 1 -9999.9 1    -1.5 0   348.7 0   310.0 0   309.2 0   403.2 0   291.7 0   291.6 0     0.0 2     0.0 0 -9999.9 1   -54.5 0 -9999.9 1 -9999.9 1 -9999.9 1 -9999.9 1   216.2 0 -9999.9 1
 1999 178  6 27  8  9  8.150 109.64    -2.8 0 -9999.9 1 -9999.9 1    -1.5 0   354.5 0   310.1 0   309.0 0   403.7 0   291.8 0   291.7 0     0.0 2    -0.1 0 -9999.9 1   -49.2 0 -9999.9 1 -9999.9 1 -9999.9 1 -9999.9 1   234.3 0 -9999.9 1
 1999 178  6 27  8 12  8.200 109.33    -3.0 0 -9999.9 1 -9999.9 1    -1.3 0   363.3 0   310.1 0   308.8 0   404.7 0   291.8 0   291.8 0     0.0 2    -0.1 0 -9999.9 1   -41.3 0 -9999.9 1 -9999.9 1 -9999.9 1 -9999.9 1   227.4 0 -9999.9 1
 1999 178  6 27  8 18  8.300 108.71    -2.8 0 -9999.9 1 -9999.9 1    -0.7 0   370.5 0   310.1 0   308.6 0   406.0 0   291.8 0   291.7 0     0.0 2    -0.1 0 -9999.9 1   -35.4 0 -9999.9 1 -9999.9 1 -9999.9 1 -9999.9 1   220.7 0 -9999.9 1
 1999 178  6 27  8 21  8.350 108.38    -2.8 0 -9999.9 1 -9999.9 1    -0.9 0   374.0 0   310.1 0   308.7 0   407.7 0   291.8 0   291.7 0     0.0 2    -0.1 0 -9999.9 1   -33.6 0 -9999.9 1 -9999.9 1 -9999.9 1 -9999.9 1   224.0 0 -9999.9 1
 1999 178  6 27  8 24  8.400 108.06    -2.9 0 -9999.9 1 -9999.9 1    -0.7 0   375.1 0   310.0 0   308.7 0   409.0 0   291.8 0   291.8 0     0.0 2    -0.1 0 -9999.9 1   -33.9 0 -9999.9 1 -9999.9 1 -9999.9 1 -9999.9 1   222.5 0 -9999.9 1
 1999 178  6 27  8 27  8.450 107.72    -2.8 0 -9999.9 1 -9999.9 1    -0.2 0   374.9 0   310.0 0   308.7 0   409.1 0   291.8 0   291.7 0     0.0 2    -0.2 0 -9999.9 1   -34.2 0 -9999.9 1 -9999.9 1 -9999.9 1 -9999.9 1   209.4 0 -9999.9 1
 1999 178  6 27  8 33  8.550 107.04    -3.0 0 -9999.9 1 -9999.9 1    -0.3 0   378.4 0   309.9 0   308.9 0   409.5 0   291.8 0   291.8 0     0.0 2    -0.1 0 -9999.9 1   -31.1 0 -9999.9 1 -9999.9 1 -9999.9 1 -9999.9 1   209.7 0 -9999.9 1
 1999 178  6 27  8 36  8.600 106.70    -3.0 0 -9999.9 1 -9999.9 1    -0.4 0   380.0 0   310.0 0   309.0 0   410.0 0   291.8 0   291.8 0     0.0 0    -0.1 0 -9999.9 1   -30.1 0 -9999.9 1 -9999.9 1 -9999.9 1 -9999.9 1   210.9 0 -9999.9 1
 1999 178  6 27  8 39  8.650 106.34    -2.8 0 -9999.9 1 -9999.9 1    -0.1 0   381.0 0   310.0 0   309.0 0   411.0 0   291.9 0   291.8 0     0.0 0    -0.1 0 -9999.9 1   -30.0 0 -9999.9 1 -9999.9 1 -9999.9 1 -9999.9 1   204.8 0 -9999.9 1
 1999 178  6 27  8 42  8.700 105.99    -2.9 0 -9999.9 1 -9999.9 1     0.1 0   371.4 0   310.0 0   308.7 0   410.9 0   291.8 0   291.8 0     0.0 0    -0.1 0 -9999.9 1   -39.6 0 -9999.9 1 -9999.9 1 -9999.9 1 -9999.9 1   199.8 0 -9999.9 1
 1999 178  6 27  8 48  8.800 105.26    -3.2 0 -9999.9 1 -9999.9 1    -0.1 0   365.5 0   310.0 0   308.9 0   410.2 0   291.8 0   291.8 0     0.0 0    -0.1 0 -9999.9 1   -44.8 0 -9999.9 1 -9999.9 1 -9999.9 1 -9999.9 1   201.9 0 -9999.9 1
 1999 178  6 27  8 51  8.850 104.88    -3.1 0 -9999.9 1 -9999.9 1    -0.3 0   365.9 0   310.0 0   309.0 0   409.7 0   291.8 0   291.8 0     0.0 0    -0.1 0 -9999.9 1   -43.8 0 -9999.9 1 -9999.9 1 -9999.9 1 -9999.9 1   205.8 0 -9999.9 1
 1999 178  6 27  8 54  8.900 104.51    -3.4 0 -9999.9 1 -9999.9 1    -0.5 0   368.3 0   310.0 0   309.1 0   409.4 0   291.8 0   291.8 0     0.0 0    -0.1 0 -9999.9 1   -41.0 0 -9999.9 1 -9999.9 1 -9999.9 1 -9999.9 1   207.7 0 -9999.9 1
 1999 178  6 27  8 57  8.950 104.13    -3.2 0 -9999.9 1 -9999.9 1    -0.6 0   370.2 0   310.0 0   309.2 0   409.2 0   291.8 0   291.8 0     0.0 0    -0.1 0 -9999.9 1   -39.1 0 -9999.9 1 -9999.9 1 -9999.9 1 -9999.9 1   214.9 0 -9999.9 1
 1999 178  6 27  9  3  9.050 103.35    -3.1 0 -9999.9 1 -9999.9 1    -0.6 0   384.5 0   310.1 0   308.9 0   410.5 0   291.9 0   291.8 0     0.0 0    -0.1 0 -9999.9 1   -26.0 0 -9999.9 1 -9999.9 1 -9999.9 1 -9999.9 1   247.9 0 -9999.9 1
 1999 178  6 27  9  6  9.100 102.96    -3.1 0 -9999.9 1 -9999.9 1    -0.5 0   389.9 0   310.2 0   308.6 0   412.2 0   291.9 0   291.9 0     0.0 0    -0.1 0 -9999.9 1   -22.3 0 -9999.9 1 -9999.9 1 -9999.9 1 -9999.9 1   246.7 0 -9999.9 1
 1999 178  6 27  9  9  9.150 102.56    -3.2 0 -9999.9 1 -9999.9 1    -0.1 0   390.3 0   310.2 0   308.6 0   413.2 0   292.0 0   292.0 0     0.0 0    -0.1 0 -9999.9 1   -22.9 0 -9999.9 1 -9999.9 1 -9999.9 1 -9999.9 1   243.5 0 -9999.9 1
 1999 178  6 27  9 12  9.200 102.16    -3.3 0 -9999.9 1 -9999.9 1    -0.1 0   388.7 0   310.2 0   308.6 0   413.7 0   292.0 0   292.0 0     0.0 0    -0.1 0 -9999.9 1   -25.0 0 -9999.9 1 -9999.9 1 -9999.9 1 -9999.9 1   239.6 0 -9999.9 1
 1999 178  6 27  9 18  9.300 101.35    -3.4 0 -9999.9 1 -9999.9 1     0.1 0   379.1 0   309.8 0   308.0 0   412.1 0   291.8 0   291.7 0     0.0 0    -0.1 0 -9999.9 1   -33.0 0 -9999.9 1 -9999.9 1 -9999.9 1 -9999.9 1   252.6 0 -9999.9 1
 1999 178  6 27  9 21  9.350 100.93    -3.5 0 -9999.9 1 -9999.9 1     0.1 0   367.7 0   309.5 0   307.7 0   410.8 0   291.6 0   291.6 0     0.0 2    -0.1 0 -9999.9 1   -43.1 0 -9999.9 1 -9999.9 1 -9999.9 1 -9999.9 1   245.6 0 -9999.9 1
 1999 178  6 27  9 24  9.400 100.51    -3.8 0 -9999.9 1 -9999.9 1     0.1 0   361.0 0   309.5 0   307.6 0   410.7 0   291.7 0   291.7 0     0.0 0    -0.1 0 -9999.9 1   -49.7 0 -9999.9 1 -9999.9 1 -9999.9 1 -9999.9 1   249.1 0 -9999.9 1
 1999 178  6 27  9 27  9.450 100.09    -3.6 0 -9999.9 1 -9999.9 1     0.1 0   355.4 0   309.2 0   307.3 0   409.2 0   291.5 0   291.5 0     0.0 2    -0.1 0 -9999.9 1   -53.8 0 -9999.9 1 -9999.9 1 -9999.9 1 -9999.9 1   249.2 0 -9999.9 1
 1999 178  6 27  9 33  9.550  99.24    -3.6 0 -9999.9 1 -9999.9 1     0.0 0   354.0 0   308.8 0   307.3 0   407.5 0   291.3 0   291.3 0     0.0 2    -0.1 0 -9999.9 1   -53.5 0 -9999.9 1 -9999.9 1 -9999.9 1 -9999.9 1   240.0 0 -9999.9 1
 1999 178  6 27  9 36  9.600  98.81    -3.5 0 -9999.9 1 -9999.9 1    -0.1 0   365.3 0   308.7 0   307.1 0   407.9 0   291.3 0   291.3 0     0.0 2    -0.2 0 -9999.9 1   -42.6 0 -9999.9 1 -9999.9 1 -9999.9 1 -9999.9 1   247.7 0 -9999.9 1
 1999 178  6 27  9 39  9.650  98.37    -3.5 0 -9999.9 1 -9999.9 1     0.0 0   369.5 0   308.5 0   306.9 0   407.9 0   291.2 0   291.2 0     0.0 2    -0.1 0 -9999.9 1   -38.4 0 -9999.9 1 -9999.9 1 -9999.9 1 -9999.9 1   248.6 0 -9999.9 1
 1999 178  6 27  9 42  9.700  97.93    -3.5 0 -9999.9 1 -9999.9 1     0.0 0   370.1 0   308.4 0   306.9 0   408.1 0   291.2 0   291.1 0     0.0 2    -0.1 0 -9999.9 1   -38.0 0 -9999.9 1 -9999.9 1 -9999.9 1 -9999.9 1   234.6 0 -9999.9 1
 1999 178  6 27  9 48  9.800  97.04    -3.4 0 -9999.9 1 -9999.9 1     0.1 0   365.1 0   308.3 0   306.9 0   408.8 0   291.3 0   291.3 0     0.0 2    -0.1 0 -9999.9 1   -43.6 0 -9999.9 1 -9999.9 1 -9999.9 1 -9999.9 1   240.3 0 -9999.9 1
 1999 178  6 27  9 51  9.850  96.59    -3.2 0 -9999.9 1 -9999.9 1     0.1 0   360.4 0   308.3 0   307.0 0   408.9 0   291.4 0   291.4 0     0.0 2    -0.1 0 -9999.9 1   -48.5 0 -9999.9 1 -9999.9 1 -9999.9 1 -9999.9 1   237.3 0 -9999.9 1
 1999 178  6 27  9 54  9.900  96.14    -3.4 0 -9999.9 1 -9999.9 1     0.1 0   362.4 0   308.3 0   306.7 0   408.8 0   291.4 0   291.4 0     0.0 2    -0.1 0 -9999.9 1   -46.4 0 -9999.9 1 -9999.9 1 -9999.9 1 -9999.9 1   240.1 0 -9999.9 1
 1999 178  6 27  9 57  9.950  95.68    -3.4 0 -9999.9 1 -9999.9 1     0.2 0   368.2 0   308.3 0   306.6 0   409.4 0   291.5 0   291.5 0     0.0 2    -0.1 0 -9999.9 1   -41.2 0 -9999.9 1 -9999.9 1 -9999.9 1 -9999.9 1   250.0 0 -9999.9 1
 1999 178  6 27 10  3 10.050  94.76    -3.1 0 -9999.9 1 -9999.9 1     0.2 0   376.1 0   308.2 0   306.7 0   410.1 0   291.6 0   291.6 0     0.0 0    -0.1 0 -9999.9 1   -34.0 0 -9999.9 1 -9999.9 1 -9999.9 1 -9999.9 1   250.2 0 -9999.9 1
 1999 178  6 27 10  6 10.100  94.30    -3.1 0 -9999.9 1 -9999.9 1     0.1 0   374.0 0   308.1 0   306.7 0   409.5 0   291.5 0   291.5 0     0.0 0     0.0 0 -9999.9 1   -35.6 0 -9999.9 1 -9999.9 1 -9999.9 1 -9999.9 1   255.7 0 -9999.9 1
 1999 178  6 27 10  9 10.150  93.83    -2.9 0 -9999.9 1 -9999.9 1     0.3 0   372.9 0   308.0 0   306.5 0   409.2 0   291.5 0   291.4 0     0.0 2    -0.1 0 -9999.9 1   -36.3 0 -9999.9 1 -9999.9 1 -9999.9 1 -9999.9 1   267.6 0 -9999.9 1
 1999 178  6 27 10 12 10.200  93.36    -2.7 0 -9999.9 1 -9999.9 1     0.1 0   378.4 0   307.9 0   306.4 0   409.3 0   291.4 0   291.4 0     0.0 2     0.0 0 -9999.9 1   -30.9 0 -9999.9 1 -9999.9 1 -9999.9 1 -9999.9 1   279.6 0 -9999.9 1
 1999 178  6 27 10 18 10.300  92.41    -2.5 0 -9999.9 1 -9999.9 1     0.2 0   391.6 0   308.0 0   306.6 0   410.7 0   291.5 0   291.5 0     0.0 0     0.2 0 -9999.9 1   -19.2 0 -9999.9 1 -9999.9 1 -9999.9 1 -9999.9 1   298.2 0 -9999.9 1
 1999 178  6 27 10 21 10.350  91.93    -2.1 0 -9999.9 1 -9999.9 1     0.7 0   392.4 0   308.0 0   306.6 0   411.3 0   291.5 0   291.5 0     0.0 0     0.4 0 -9999.9 1   -18.9 0 -9999.9 1 -9999.9 1 -9999.9 1 -9999.9 1   288.7 0 -9999.9 1
 1999 178  6 27 10 24 10.400  91.44    -1.3 0 -9999.9 1 -9999.9 1     1.0 0   388.8 0   308.1 0   307.0 0   411.7 0   291.6 0   291.5 0     0.0 0     0.7 0 -9999.9 1   -22.9 0 -9999.9 1 -9999.9 1 -9999.9 1 -9999.9 1   293.5 0 -9999.9 1
 1999 178  6 27 10 27 10.450  90.96    -1.1 0 -9999.9 1 -9999.9 1     1.5 0   386.9 0   308.0 0   307.1 0   411.3 0   291.5 0   291.5 0     0.0 0     1.0 0 -9999.9 1   -24.4 0 -9999.9 1 -9999.9 1 -9999.9 1 -9999.9 1   282.0 0 -9999.9 1
 1999 178  6 27 10 33 10.550  89.42     0.3 0 -9999.9 1 -9999.9 1     2.7 0   389.1 0   308.0 0   306.8 0   411.7 0   291.5 0   291.5 0     0.2 0     1.8 0 -9999.9 1   -22.6 0 -9999.9 1 -9999.9 1 -9999.9 1 -9999.9 1   271.7 0 -9999.9 1
 1999 178  6 27 10 36 10.600  89.02     1.5 0 -9999.9 1 -9999.9 1     3.9 0   381.0 0   308.1 0   306.6 0   411.6 0   291.5 0   291.5 0     0.3 0     2.6 0 -9999.9 1   -30.7 0 -9999.9 1 -9999.9 1 -9999.9 1 -9999.9 1   278.4 0 -9999.9 1
 1999 178  6 27 10 39 10.650  88.60     3.2 0 -9999.9 1 -9999.9 1     5.6 0   378.2 0   308.0 0   306.8 0   411.1 0   291.5 0   291.4 0     0.3 0     3.4 0 -9999.9 1   -32.9 0 -9999.9 1 -9999.9 1 -9999.9 1 -9999.9 1   274.7 0 -9999.9 1
 1999 178  6 27 10 42 10.700  88.16     5.1 0 -9999.9 1 -9999.9 1     7.2 0   379.7 0   308.1 0   307.1 0   411.3 0   291.5 0   291.5 0     0.4 0     4.2 0 -9999.9 1   -31.7 0 -9999.9 1 -9999.9 1 -9999.9 1 -9999.9 1   265.6 0 -9999.9 1
 1999 178  6 27 10 48 10.800  87.23    10.9 0 -9999.9 1 -9999.9 1    13.1 0   376.6 0   308.2 0   307.4 0   411.5 0   291.5 0   291.5 0     0.6 0     6.5 0 -9999.9 1   -34.8 0 -9999.9 1 -9999.9 1 -9999.9 1 -9999.9 1   247.5 0 -9999.9 1
 1999 178  6 27 10 51 10.850  86.76    13.5 0 -9999.9 1 -9999.9 1    15.1 0   369.1 0   308.3 0   307.2 0   411.3 0   291.5 0   291.5 0     0.8 0     7.8 0 -9999.9 1   -42.2 0 -9999.9 1 -9999.9 1 -9999.9 1 -9999.9 1   260.1 0 -9999.9 1
 1999 178  6 27 10 54 10.900  86.27    15.2 0 -9999.9 1 -9999.9 1    16.8 0   364.8 0   308.3 0   307.1 0   410.9 0   291.5 0   291.5 0     0.9 0     8.9 0 -9999.9 1   -46.2 0 -9999.9 1 -9999.9 1 -9999.9 1 -9999.9 1   251.2 0 -9999.9 1
 1999 178  6 27 10 57 10.950  85.78    18.3 0 -9999.9 1 -9999.9 1    19.9 0   362.5 0   308.4 0   307.3 0   410.8 0   291.5 0   291.5 0     1.1 0    10.6 0 -9999.9 1   -48.4 0 -9999.9 1 -9999.9 1 -9999.9 1 -9999.9 1   240.8 0 -9999.9 1
 1999 178  6 27 11  3 11.050  84.79    27.4 0 -9999.9 1 -9999.9 1    29.2 0   371.6 0   308.5 0   307.0 0   412.0 0   291.6 0   291.5 0     1.4 0    14.6 0 -9999.9 1   -40.4 0 -9999.9 1 -9999.9 1 -9999.9 1 -9999.9 1   237.4 0 -9999.9 1
 1999 178  6 27 11  6 11.100  84.29    27.1 0 -9999.9 1 -9999.9 1    29.2 0   373.2 0   308.5 0   307.0 0   412.5 0   291.6 0   291.6 0     1.6 0    14.9 0 -9999.9 1   -39.3 0 -9999.9 1 -9999.9 1 -9999.9 1 -9999.9 1   240.6 0 -9999.9 1
 1999 178  6 27 11  9 11.150  83.78    26.3 0 -9999.9 1 -9999.9 1    28.9 0   376.8 0   308.6 0   306.8 0   413.2 0   291.7 0   291.6 0     1.8 0    15.0 0 -9999.9 1   -36.3 0 -9999.9 1 -9999.9 1 -9999.9 1 -9999.9 1   249.3 0 -9999.9 1
 1999 178  6 27 11 12 11.200  83.27    28.7 0 -9999.9 1 -9999.9 1    31.4 0   368.9 0   308.4 0   306.6 0   412.7 0   291.6 0   291.6 0     2.2 0    17.3 0 -9999.9 1   -43.8 0 -9999.9 1 -9999.9 1 -9999.9 1 -9999.9 1   252.1 0 -9999.9 1
 1999 178  6 27 11 18 11.300  82.24    43.1 0 -9999.9 1 -9999.9 1    45.5 0   362.4 0   308.4 0   306.5 0   413.3 0   291.7 0   291.7 0     3.1 0    24.2 0 -9999.9 1   -50.9 0 -9999.9 1 -9999.9 1 -9999.9 1 -9999.9 1   233.0 0 -9999.9 1
 1999 178  6 27 11 21 11.350  81.73    57.1 0 -9999.9 1 -9999.9 1    59.5 0   360.3 0   308.4 0   306.5 0   413.9 0   291.8 0   291.8 0     3.5 0    29.9 0 -9999.9 1   -53.6 0 -9999.9 1 -9999.9 1 -9999.9 1 -9999.9 1   237.7 0 -9999.9 1
 1999 178  6 27 11 24 11.400  81.21    74.7 0 -9999.9 1 -9999.9 1    77.3 0   366.9 0   308.3 0   306.3 0   414.8 0   291.8 0   291.8 0     3.7 0    35.0 0 -9999.9 1   -47.9 0 -9999.9 1 -9999.9 1 -9999.9 1 -9999.9 1   248.1 0 -9999.9 1
 1999 178  6 27 11 27 11.450  80.68    75.2 0 -9999.9 1 -9999.9 1    78.1 0   372.8 0   308.3 0   306.5 0   416.1 0   291.9 0   291.9 0     3.9 0    34.7 0 -9999.9 1   -43.2 0 -9999.9 1 -9999.9 1 -9999.9 1 -9999.9 1   249.0 0 -9999.9 1
 1999 178  6 27 11 33 11.550  79.63    78.7 0 -9999.9 1 -9999.9 1    81.2 0   355.1 0   307.9 0   306.0 0   415.0 0   291.8 0   291.8 0     5.3 0    40.1 0 -9999.9 1   -59.9 0 -9999.9 1 -9999.9 1 -9999.9 1 -9999.9 1   253.1 0 -9999.9 1
 1999 178  6 27 11 36 11.600  79.10    95.5 0 -9999.9 1 -9999.9 1    94.8 0   347.4 0   307.6 0   305.7 0   414.4 0   291.6 0   291.7 0     5.9 0    47.0 0 -9999.9 1   -66.9 0 -9999.9 1 -9999.9 1 -9999.9 1 -9999.9 1   251.3 0 -9999.9 1
 1999 178  6 27 11 39 11.650  78.57   107.6 0 -9999.9 1 -9999.9 1    99.3 0   345.5 0   307.6 0   305.7 0   415.5 0   291.8 0   291.9 0     6.7 0    52.3 0 -9999.9 1   -70.0 0 -9999.9 1 -9999.9 1 -9999.9 1 -9999.9 1   252.7 0 -9999.9 1
 1999 178  6 27 11 42 11.700  78.04   109.7 0 -9999.9 1 -9999.9 1   100.5 0   345.8 0   307.7 0   305.9 0   416.3 0   292.0 0   292.0 0     7.3 0    55.0 0 -9999.9 1   -70.5 0 -9999.9 1 -9999.9 1 -9999.9 1 -9999.9 1   250.3 0 -9999.9 1
 1999 178  6 27 11 48 11.800  76.97   158.3 0 -9999.9 1 -9999.9 1   115.0 0   345.7 0   307.4 0   305.5 0   417.0 0   291.8 0   291.9 0     8.7 0    73.3 0 -9999.9 1   -71.2 0 -9999.9 1 -9999.9 1 -9999.9 1 -9999.9 1   253.9 0 -9999.9 1
 1999 178  6 27 11 51 11.850  76.43   177.0 0 -9999.9 1 -9999.9 1   129.2 0   351.6 0   307.4 0   305.6 0   417.6 0   291.8 0   291.9 0     9.0 0    80.6 0 -9999.9 1   -66.0 0 -9999.9 1 -9999.9 1 -9999.9 1 -9999.9 1   256.7 0 -9999.9 1
 1999 178  6 27 11 54 11.900  75.89   186.1 0 -9999.9 1 -9999.9 1   153.5 0   369.6 0   307.5 0   305.9 0   420.1 0   292.0 0   292.1 0     8.7 0    82.5 0 -9999.9 1   -50.6 0 -9999.9 1 -9999.9 1 -9999.9 1 -9999.9 1   263.7 0 -9999.9 1
 1999 178  6 27 11 57 11.950  75.35   135.2 0 -9999.9 1 -9999.9 1   133.3 0   378.8 0   307.4 0   305.6 0   419.2 0   291.9 0   292.0 0     8.5 2    64.6 0 -9999.9 1   -40.4 0 -9999.9 1 -9999.9 1 -9999.9 1 -9999.9 1   262.2 0 -9999.9 1
 1999 178  6 27 12  3 12.050  74.26   124.8 0 -9999.9 1 -9999.9 1   125.6 0   387.0 0   307.3 0   305.8 0   418.8 0   292.0 0   292.0 0     9.0 0    59.3 0 -9999.9 1   -31.8 0 -9999.9 1 -9999.9 1 -9999.9 1 -9999.9 1   261.9 0 -9999.9 1
 1999 178  6 27 12  6 12.100  73.71   122.8 0 -9999.9 1 -9999.9 1   123.0 0   386.4 0   307.4 0   305.8 0   420.2 0   292.1 0   292.2 0     9.6 0    58.8 0 -9999.9 1   -33.8 0 -9999.9 1 -9999.9 1 -9999.9 1 -9999.9 1   252.3 0 -9999.9 1
 1999 178  6 27 12  9 12.150  73.16   140.2 0 -9999.9 1 -9999.9 1   139.9 0   383.2 0   307.4 0   305.8 0   420.5 0   292.2 0   292.2 0    10.8 0    67.0 0 -9999.9 1   -37.4 0 -9999.9 1 -9999.9 1 -9999.9 1 -9999.9 1   245.6 0 -9999.9 1
 1999 178  6 27 12 12 12.200  72.62   137.9 0 -9999.9 1 -9999.9 1   136.4 0   382.4 0   307.5 0   305.9 0   421.0 0   292.3 0   292.3 0    11.3 0    66.2 0 -9999.9 1   -38.5 0 -9999.9 1 -9999.9 1 -9999.9 1 -9999.9 1   258.1 0 -9999.9 1
 1999 178  6 27 12 18 12.300  71.51   195.0 0 -9999.9 1 -9999.9 1   172.4 0   375.3 0   307.4 0   306.0 0   423.1 0   292.3 0   292.3 0    14.2 0    92.1 0 -9999.9 1   -47.8 0 -9999.9 1 -9999.9 1 -9999.9 1 -9999.9 1   248.0 0 -9999.9 1
 1999 178  6 27 12 21 12.350  70.96   158.4 0 -9999.9 1 -9999.9 1   151.6 0   359.5 0   307.5 0   306.0 0   422.8 0   292.4 0   292.5 0    15.7 0    80.1 0 -9999.9 1   -63.3 0 -9999.9 1 -9999.9 1 -9999.9 1 -9999.9 1   234.6 0 -9999.9 1
 1999 178  6 27 12 24 12.400  70.41   193.9 0 -9999.9 1 -9999.9 1   153.9 0   351.0 0   307.7 0   306.2 0   423.6 0   292.5 0   292.6 0    17.4 0    96.0 0 -9999.9 1   -72.7 0 -9999.9 1 -9999.9 1 -9999.9 1 -9999.9 1   230.9 0 -9999.9 1
 1999 178  6 27 12 27 12.450  69.85   205.8 0 -9999.9 1 -9999.9 1   165.1 0   348.2 0   307.8 0   306.4 0   423.5 0   292.6 0   292.7 0    18.7 0   104.8 0 -9999.9 1   -75.3 0 -9999.9 1 -9999.9 1 -9999.9 1 -9999.9 1   226.0 0 -9999.9 1
 1999 178  6 27 12 33 12.550  68.74   287.3 0 -9999.9 1 -9999.9 1   181.1 0   351.5 0   308.4 0   307.0 0   427.5 0   292.9 0   293.0 0    21.5 0   138.8 0 -9999.9 1   -76.0 0 -9999.9 1 -9999.9 1 -9999.9 1 -9999.9 1   228.2 0 -9999.9 1
 1999 178  6 27 12 36 12.600  68.18   283.8 0 -9999.9 1 -9999.9 1   217.0 0   357.7 0   308.6 0   307.2 0   426.9 0   292.9 0   293.1 0    21.9 0   137.1 0 -9999.9 1   -69.2 0 -9999.9 1 -9999.9 1 -9999.9 1 -9999.9 1   234.3 0 -9999.9 1
 1999 178  6 27 12 39 12.650  67.62   315.3 0 -9999.9 1 -9999.9 1   205.1 0   356.5 0   308.8 0   307.4 0   427.2 0   293.0 0   293.1 0    23.4 0   150.0 0 -9999.9 1   -70.7 0 -9999.9 1 -9999.9 1 -9999.9 1 -9999.9 1   230.9 0 -9999.9 1
 1999 178  6 27 12 42 12.700  67.06   253.7 0 -9999.9 1 -9999.9 1   221.2 0   371.6 0   309.1 0   307.6 0   427.5 0   293.1 0   293.2 0    22.7 0   122.3 0 -9999.9 1   -55.9 0 -9999.9 1 -9999.9 1 -9999.9 1 -9999.9 1   225.9 0 -9999.9 1
 1999 178  6 27 12 48 12.800  65.94   314.9 0 -9999.9 1 -9999.9 1   229.5 0   359.0 0   309.4 0   308.1 0   428.0 0   293.2 0   293.3 0    26.0 0   148.9 0 -9999.9 1   -69.0 0 -9999.9 1 -9999.9 1 -9999.9 1 -9999.9 1   230.7 0 -9999.9 1
 1999 178  6 27 12 51 12.850  65.38   279.2 0 -9999.9 1 -9999.9 1   238.0 0   362.5 0   309.6 0   308.3 0   429.7 0   293.3 0   293.4 0    26.7 0   136.4 0 -9999.9 1   -67.2 0 -9999.9 1 -9999.9 1 -9999.9 1 -9999.9 1   237.3 0 -9999.9 1
 1999 178  6 27 12 54 12.900  64.81   258.3 0 -9999.9 1 -9999.9 1   226.0 0   364.7 0   309.8 0   308.3 0   428.7 0   293.5 0   293.6 0    26.9 0   124.3 0 -9999.9 1   -64.0 0 -9999.9 1 -9999.9 1 -9999.9 1 -9999.9 1   242.4 0 -9999.9 1
 1999 178  6 27 12 57 12.950  64.25   227.9 0 -9999.9 1 -9999.9 1   219.7 0   365.7 0   309.8 0   308.2 0   427.3 0   293.5 0   293.6 0    27.9 0   112.1 0 -9999.9 1   -61.6 0 -9999.9 1 -9999.9 1 -9999.9 1 -9999.9 1   228.5 0 -9999.9 1
 1999 178  6 27 13  3 13.050  63.12   246.9 0 -9999.9 1 -9999.9 1   215.4 0   346.8 0   310.1 0   308.7 0   428.6 0   293.6 0   293.7 0    32.5 0   126.4 0 -9999.9 1   -81.8 0 -9999.9 1 -9999.9 1 -9999.9 1 -9999.9 1   231.0 0 -9999.9 1
 1999 178  6 27 13  6 13.100  62.55   296.7 0 -9999.9 1 -9999.9 1   169.3 0   341.6 0   310.2 0   308.8 0   427.3 0   293.7 0   293.8 0    36.2 0   151.0 0 -9999.9 1   -85.6 0 -9999.9 1 -9999.9 1 -9999.9 1 -9999.9 1   229.1 0 -9999.9 1
 1999 178  6 27 13  9 13.150  61.98   419.7 0 -9999.9 1 -9999.9 1   162.7 0   340.8 0   310.5 0   309.5 0   432.9 0   293.8 0   294.0 0    40.8 0   203.1 0 -9999.9 1   -92.1 0 -9999.9 1 -9999.9 1 -9999.9 1 -9999.9 1   220.8 0 -9999.9 1
 1999 178  6 27 13 12 13.200  61.41   469.8 0 -9999.9 1 -9999.9 1   173.6 0   343.8 0   310.9 0   310.0 0   435.9 0   294.0 0   294.2 0    43.5 0   224.3 0 -9999.9 1   -92.2 0 -9999.9 1 -9999.9 1 -9999.9 1 -9999.9 1   224.0 0 -9999.9 1
 1999 178  6 27 13 18 13.300  60.28   533.5 0 -9999.9 1 -9999.9 1   247.6 0   355.6 0   311.6 0   310.8 0   439.1 0   294.4 0   294.7 0    46.6 0   247.0 0 -9999.9 1   -83.5 0 -9999.9 1 -9999.9 1 -9999.9 1 -9999.9 1   247.5 0 -9999.9 1
 1999 178  6 27 13 21 13.350  59.71   299.0 0 -9999.9 1 -9999.9 1   249.7 0   360.9 0   311.9 0   310.7 0   434.6 0   294.6 0   294.7 0    39.0 0   143.6 0 -9999.9 1   -73.6 0 -9999.9 1 -9999.9 1 -9999.9 1 -9999.9 1   239.5 0 -9999.9 1
 1999 178  6 27 13 24 13.400  59.14   191.5 0 -9999.9 1 -9999.9 1   184.3 0   357.4 0   312.0 0   310.5 0   427.7 0   294.6 0   294.6 0    37.6 0    96.6 0 -9999.9 1   -70.3 0 -9999.9 1 -9999.9 1 -9999.9 1 -9999.9 1   247.7 0 -9999.9 1
 1999 178  6 27 13 27 13.450  58.57   310.4 0 -9999.9 1 -9999.9 1   258.2 0   359.9 0   312.1 0   311.0 0   431.7 0   294.5 0   294.6 0    41.9 0   149.7 0 -9999.9 1   -71.8 0 -9999.9 1 -9999.9 1 -9999.9 1 -9999.9 1   217.1 0 -9999.9 1
 1999 178  6 27 13 33 13.550  57.42   232.8 0 -9999.9 1 -9999.9 1   224.3 0   362.7 0   312.4 0   310.8 0   430.6 0   294.6 0   294.7 0    41.7 0   113.0 0 -9999.9 1   -67.8 0 -9999.9 1 -9999.9 1 -9999.9 1 -9999.9 1   231.6 0 -9999.9 1
 1999 178  6 27 13 36 13.600  56.85   354.0 0 -9999.9 1 -9999.9 1   254.6 0   359.0 0   312.2 0   310.8 0   429.0 0   294.4 0   294.5 0    49.9 0   168.8 0 -9999.9 1   -70.1 0 -9999.9 1 -9999.9 1 -9999.9 1 -9999.9 1   242.2 0 -9999.9 1
 1999 178  6 27 13 39 13.650  56.28   539.6 0 -9999.9 1 -9999.9 1   331.5 0   361.5 0   312.4 0   311.8 0   440.1 0   294.5 0   294.7 0    57.3 0   245.5 0 -9999.9 1   -78.6 0 -9999.9 1 -9999.9 1 -9999.9 1 -9999.9 1   243.2 0 -9999.9 1
 1999 178  6 27 13 42 13.700  55.71   263.2 0 -9999.9 1 -9999.9 1   242.1 0   350.1 0   312.7 0   311.2 0   431.9 0   294.7 0   294.8 0    51.7 0   134.2 0 -9999.9 1   -81.7 0 -9999.9 1 -9999.9 1 -9999.9 1 -9999.9 1   262.1 0 -9999.9 1
 1999 178  6 27 13 48 13.800  54.56   722.4 0 -9999.9 1 -9999.9 1   367.2 0   368.2 0   313.3 0   313.3 0   446.1 0   295.1 0   295.4 0    71.1 0   324.2 0 -9999.9 1   -77.9 0 -9999.9 1 -9999.9 1 -9999.9 1 -9999.9 1   231.7 0 -9999.9 1
 1999 178  6 27 13 51 13.850  53.99   655.7 0 -9999.9 1 -9999.9 1   379.2 0   365.6 0   313.8 0   313.7 0   447.6 0   295.4 0   295.7 0    70.7 0   300.0 0 -9999.9 1   -82.0 0 -9999.9 1 -9999.9 1 -9999.9 1 -9999.9 1   216.4 0 -9999.9 1
 1999 178  6 27 13 54 13.900  53.41   405.0 0 -9999.9 1 -9999.9 1   326.8 0   363.5 0   314.2 0   312.9 0   440.6 0   295.6 0   295.7 0    60.5 0   192.3 0 -9999.9 1   -77.0 0 -9999.9 1 -9999.9 1 -9999.9 1 -9999.9 1   233.6 0 -9999.9 1
 1999 178  6 27 13 57 13.950  52.84   290.6 0 -9999.9 1 -9999.9 1   268.4 0   358.3 0   314.1 0   312.7 0   433.0 0   295.4 0   295.5 0    56.1 0   143.2 0 -9999.9 1   -74.7 0 -9999.9 1 -9999.9 1 -9999.9 1 -9999.9 1   271.4 0 -9999.9 1
 1999 178  6 27 14  3 14.050  51.69   550.4 0 -9999.9 1 -9999.9 1   330.9 0   359.0 0   314.2 0   313.2 0   437.8 0   295.3 0   295.5 0    72.1 0   257.5 0 -9999.9 1   -78.8 0 -9999.9 1 -9999.9 1 -9999.9 1 -9999.9 1   253.2 0 -9999.9 1
 1999 178  6 27 14  6 14.100  51.12   661.2 0 -9999.9 1 -9999.9 1   354.6 0   362.8 0   314.5 0   313.8 0   446.2 0   295.5 0   295.8 0    78.9 0   301.1 0 -9999.9 1   -83.5 0 -9999.9 1 -9999.9 1 -9999.9 1 -9999.9 1   266.2 0 -9999.9 1
 1999 178  6 27 14  9 14.150  50.55   601.7 0 -9999.9 1 -9999.9 1   378.9 0   369.5 0   314.9 0   313.7 0   445.3 0   295.7 0   296.0 0    79.0 0   281.8 0 -9999.9 1   -75.8 0 -9999.9 1 -9999.9 1 -9999.9 1 -9999.9 1   306.2 0 -9999.9 1
 1999 178  6 27 14 12 14.200  49.97   440.1 0 -9999.9 1 -9999.9 1   355.5 0   374.5 0   315.2 0   314.0 0   441.5 0   295.9 0   296.2 0    69.2 0   206.9 0 -9999.9 1   -67.1 0 -9999.9 1 -9999.9 1 -9999.9 1 -9999.9 1   306.4 0 -9999.9 1
 1999 178  6 27 14 18 14.300  48.83   576.1 0 -9999.9 1 -9999.9 1   264.0 0   358.4 0   315.3 0   314.2 0   442.1 0   295.9 0   296.1 0    85.3 0   272.9 0 -9999.9 1   -83.7 0 -9999.9 1 -9999.9 1 -9999.9 1 -9999.9 1   256.0 0 -9999.9 1
 1999 178  6 27 14 21 14.350  48.25   823.4 0 -9999.9 1 -9999.9 1   287.6 0   360.2 0   315.5 0   314.8 0   451.4 0   296.0 0   296.4 0   104.1 0   377.2 0 -9999.9 1   -91.3 0 -9999.9 1 -9999.9 1 -9999.9 1 -9999.9 1   233.7 0 -9999.9 1
 1999 178  6 27 14 24 14.400  47.68   855.8 0 -9999.9 1 -9999.9 1   325.0 0   391.9 0   315.8 0   313.2 0   454.9 0   296.2 0   296.6 0   109.2 0   389.6 0 -9999.9 1   -63.0 0 -9999.9 1 -9999.9 1 -9999.9 1 -9999.9 1   243.4 0 -9999.9 1
 1999 178  6 27 14 27 14.450  47.11   810.7 0 -9999.9 1 -9999.9 1   326.8 0   388.5 0   315.0 0   311.5 0   452.8 0   296.5 0   296.8 0   108.6 0   366.9 0 -9999.9 1   -64.3 0 -9999.9 1 -9999.9 1 -9999.9 1 -9999.9 1   253.8 0 -9999.9 1
 1999 178  6 27 14 33 14.550  45.97   681.4 0 -9999.9 1 -9999.9 1   409.0 0   385.8 0   314.3 0   312.5 0   445.9 0   296.5 0   296.7 0    96.8 0   313.3 0 -9999.9 1   -60.1 0 -9999.9 1 -9999.9 1 -9999.9 1 -9999.9 1   251.7 0 -9999.9 1
 1999 178  6 27 14 36 14.600  45.40   558.4 0 -9999.9 1 -9999.9 1   352.6 0   380.8 0   314.2 0   312.2 0   446.6 0   296.6 0   296.8 0    88.5 0   255.5 0 -9999.9 1   -65.8 0 -9999.9 1 -9999.9 1 -9999.9 1 -9999.9 1   265.4 0 -9999.9 1
 1999 178  6 27 14 39 14.650  44.83   809.6 0 -9999.9 1 -9999.9 1   269.7 0   369.6 0   314.0 0   312.3 0   450.0 0   296.6 0   296.9 0   112.6 0   370.6 0 -9999.9 1   -80.5 0 -9999.9 1 -9999.9 1 -9999.9 1 -9999.9 1   278.4 0 -9999.9 1
 1999 178  6 27 14 42 14.700  44.26   824.3 0 -9999.9 1 -9999.9 1   284.6 0   366.4 0   314.1 0   313.0 0   455.5 0   296.8 0   297.2 0   121.0 0   376.6 0 -9999.9 1   -89.1 0 -9999.9 1 -9999.9 1 -9999.9 1 -9999.9 1   278.4 0 -9999.9 1
 1999 178  6 27 14 48 14.800  43.12   773.9 0 -9999.9 1 -9999.9 1   252.9 0   361.0 0   314.2 0   312.8 0   454.8 0   297.0 0   297.4 0   123.3 0   361.3 0 -9999.9 1   -93.8 0 -9999.9 1 -9999.9 1 -9999.9 1 -9999.9 1   299.0 0 -9999.9 1
 1999 178  6 27 14 51 14.850  42.55   842.6 0 -9999.9 1 -9999.9 1   242.3 0   362.5 0   314.3 0   313.1 0   457.1 0   297.1 0   297.4 0   132.0 0   387.8 0 -9999.9 1   -94.6 0 -9999.9 1 -9999.9 1 -9999.9 1 -9999.9 1   298.3 0 -9999.9 1
 1999 178  6 27 14 54 14.900  41.98   896.6 0 -9999.9 1 -9999.9 1   362.9 0   367.4 0   314.7 0   314.3 0   458.5 0   297.2 0   297.6 0   136.2 0   408.1 0 -9999.9 1   -91.1 0 -9999.9 1 -9999.9 1 -9999.9 1 -9999.9 1   279.4 0 -9999.9 1
 1999 178  6 27 14 57 14.950  41.42   404.1 0 -9999.9 1 -9999.9 1   316.7 0   365.9 0   314.9 0   313.1 0   445.6 0   297.3 0   297.4 0    94.6 0   192.8 0 -9999.9 1   -79.7 0 -9999.9 1 -9999.9 1 -9999.9 1 -9999.9 1   285.5 0 -9999.9 1
 1999 178  6 27 15  3 15.050  40.29   829.6 0 -9999.9 1 -9999.9 1   234.2 0   357.6 0   315.1 0   314.0 0   457.2 0   297.3 0   297.6 0   140.6 0   381.6 0 -9999.9 1   -99.6 0 -9999.9 1 -9999.9 1 -9999.9 1 -9999.9 1   292.5 0 -9999.9 1
 1999 178  6 27 15  6 15.100  39.73   807.3 0 -9999.9 1 -9999.9 1   250.2 0   357.6 0   315.2 0   314.1 0   458.4 0   297.4 0   297.7 0   139.7 0   373.6 0 -9999.9 1  -100.8 0 -9999.9 1 -9999.9 1 -9999.9 1 -9999.9 1   273.6 0 -9999.9 1
 1999 178  6 27 15  9 15.150  39.17   836.0 0 -9999.9 1 -9999.9 1   284.0 0   363.5 0   315.4 0   314.7 0   459.1 0   297.4 0   297.8 0   141.2 0   383.5 0 -9999.9 1   -95.5 0 -9999.9 1 -9999.9 1 -9999.9 1 -9999.9 1   292.3 0 -9999.9 1
 1999 178  6 27 15 12 15.200  38.61   520.3 0 -9999.9 1 -9999.9 1   274.6 0   366.9 0   315.6 0   313.8 0   450.1 0   297.5 0   297.6 0   115.6 0   249.3 0 -9999.9 1   -83.1 0 -9999.9 1 -9999.9 1 -9999.9 1 -9999.9 1   284.2 0 -9999.9 1
 1999 178  6 27 15 18 15.300  37.49   849.4 0 -9999.9 1 -9999.9 1   257.4 0   360.5 0   315.6 0   314.5 0   460.4 0   297.5 0   297.8 0   151.6 0   391.3 0 -9999.9 1  -100.0 0 -9999.9 1 -9999.9 1 -9999.9 1 -9999.9 1   274.3 0 -9999.9 1
 1999 178  6 27 15 21 15.350  36.94   805.1 0 -9999.9 1 -9999.9 1   310.2 0   364.8 0   315.7 0   314.4 0   460.5 0   297.7 0   298.0 0   149.5 0   371.1 0 -9999.9 1   -95.7 0 -9999.9 1 -9999.9 1 -9999.9 1 -9999.9 1   284.2 0 -9999.9 1
 1999 178  6 27 15 24 15.400  36.38   793.2 0 -9999.9 1 -9999.9 1   308.0 0   367.1 0   315.7 0   314.4 0   460.9 0   297.8 0   298.1 0   151.8 0   365.8 0 -9999.9 1   -93.8 0 -9999.9 1 -9999.9 1 -9999.9 1 -9999.9 1   295.0 0 -9999.9 1
 1999 178  6 27 15 27 15.450  35.83   904.0 0 -9999.9 1 -9999.9 1   295.4 0   368.2 0   315.8 0   314.5 0   462.5 0   297.9 0   298.2 0   163.4 0   411.4 0 -9999.9 1   -94.3 0 -9999.9 1 -9999.9 1 -9999.9 1 -9999.9 1   301.4 0 -9999.9 1
 1999 178  6 27 15 33 15.550  34.73   862.0 0 -9999.9 1 -9999.9 1   313.9 0   364.9 0   316.1 0   315.4 0   465.6 0   298.2 0   298.5 0   164.8 0   393.4 0 -9999.9 1  -100.6 0 -9999.9 1 -9999.9 1 -9999.9 1 -9999.9 1   278.1 0 -9999.9 1
 1999 178  6 27 15 36 15.600  34.19   910.9 0 -9999.9 1 -9999.9 1   258.4 0   360.8 0   316.1 0   315.1 0   462.6 0   298.2 0   298.5 0   173.9 0   416.4 0 -9999.9 1  -101.8 0 -9999.9 1 -9999.9 1 -9999.9 1 -9999.9 1   300.5 0 -9999.9 1
 1999 178  6 27 15 39 15.650  33.64   945.0 0 -9999.9 1 -9999.9 1   287.9 0   368.0 0   316.3 0   315.6 0   466.5 0   298.3 0   298.7 0   178.5 0   431.3 0 -9999.9 1   -98.5 0 -9999.9 1 -9999.9 1 -9999.9 1 -9999.9 1   322.1 0 -9999.9 1
 1999 178  6 27 15 42 15.700  33.10   546.9 0 -9999.9 1 -9999.9 1   326.7 0   375.6 0   316.5 0   315.5 0   457.5 0   298.4 0   298.6 0   129.0 0   251.1 0 -9999.9 1   -81.9 0 -9999.9 1 -9999.9 1 -9999.9 1 -9999.9 1   325.2 0 -9999.9 1
 1999 178  6 27 15 48 15.800  32.03  1011.0 0 -9999.9 1 -9999.9 1   341.4 0   371.7 0   316.7 0   315.9 0   469.9 0   298.5 0   298.9 0   186.5 0   454.0 0 -9999.9 1   -98.2 0 -9999.9 1 -9999.9 1 -9999.9 1 -9999.9 1   282.3 0 -9999.9 1
 1999 178  6 27 15 51 15.850  31.50   700.3 0 -9999.9 1 -9999.9 1   377.0 0   382.6 0   316.9 0   315.6 0   462.0 0   298.7 0   299.0 0   148.1 0   315.8 0 -9999.9 1   -79.4 0 -9999.9 1 -9999.9 1 -9999.9 1 -9999.9 1   290.2 0 -9999.9 1
 1999 178  6 27 15 54 15.900  30.97   699.6 0 -9999.9 1 -9999.9 1   373.1 0   380.8 0   316.8 0   315.3 0   454.9 0   298.6 0   298.7 0   148.6 0   318.4 0 -9999.9 1   -74.2 0 -9999.9 1 -9999.9 1 -9999.9 1 -9999.9 1   299.4 0 -9999.9 1
 1999 178  6 27 15 57 15.950  30.45   713.3 0 -9999.9 1 -9999.9 1   412.3 0   376.5 0   316.8 0   315.5 0   458.8 0   298.6 0   298.8 0   161.5 0   333.8 0 -9999.9 1   -82.3 0 -9999.9 1 -9999.9 1 -9999.9 1 -9999.9 1   305.9 0 -9999.9 1
 1999 178  6 27 16  3 16.050  29.41   958.6 0 -9999.9 1 -9999.9 1   458.2 0   387.1 0   316.6 0   315.7 0   467.7 0   298.5 0   298.9 0   178.1 0   426.8 0 -9999.9 1   -80.6 0 -9999.9 1 -9999.9 1 -9999.9 1 -9999.9 1   321.6 0 -9999.9 1
 1999 178  6 27 16  6 16.100  28.89   474.6 0 -9999.9 1 -9999.9 1   377.3 0   385.9 0   316.7 0   315.7 0   457.1 0   298.7 0   298.9 0   117.5 0   211.6 0 -9999.9 1   -71.2 0 -9999.9 1 -9999.9 1 -9999.9 1 -9999.9 1   304.2 0 -9999.9 1
 1999 178  6 27 16  9 16.150  28.38   369.7 0 -9999.9 1 -9999.9 1   354.0 0   376.9 0   316.5 0   315.3 0   448.2 0   298.5 0   298.5 0   107.0 2   171.4 0 -9999.9 1   -71.3 0 -9999.9 1 -9999.9 1 -9999.9 1 -9999.9 1   294.3 0 -9999.9 1
 1999 178  6 27 16 12 16.200  27.88   411.2 0 -9999.9 1 -9999.9 1   357.9 0   370.2 0   316.4 0   314.9 0   446.2 0   298.4 0   298.4 0   118.6 2   195.7 0 -9999.9 1   -76.0 0 -9999.9 1 -9999.9 1 -9999.9 1 -9999.9 1   280.2 0 -9999.9 1
 1999 178  6 27 16 18 16.300  26.88  1077.2 0 -9999.9 1 -9999.9 1   368.1 0   367.4 0   316.8 0   317.1 0   473.1 0   298.8 0   299.2 0   211.0 0   482.5 0 -9999.9 1  -105.7 0 -9999.9 1 -9999.9 1 -9999.9 1 -9999.9 1   235.7 0 -9999.9 1
 1999 178  6 27 16 21 16.350  26.39  1092.0 0 -9999.9 1 -9999.9 1   389.1 0   370.3 0   317.1 0   317.2 0   474.3 0   298.9 0   299.3 0   215.0 2   486.1 0 -9999.9 1  -104.0 0 -9999.9 1 -9999.9 1 -9999.9 1 -9999.9 1   282.9 0 -9999.9 1
 1999 178  6 27 16 24 16.400  25.91   696.4 0 -9999.9 1 -9999.9 1   364.1 0   372.8 0   317.4 0   316.6 0   465.3 0   299.2 0   299.4 0   158.4 2   310.3 0 -9999.9 1   -92.5 0 -9999.9 1 -9999.9 1 -9999.9 1 -9999.9 1   304.5 0 -9999.9 1
 1999 178  6 27 16 27 16.450  25.43   270.7 0 -9999.9 1 -9999.9 1   258.7 0   370.0 0   317.3 0   315.4 0   443.7 0   299.1 0   299.1 0   104.7 2   130.1 0 -9999.9 1   -73.7 0 -9999.9 1 -9999.9 1 -9999.9 1 -9999.9 1   290.3 0 -9999.9 1
 1999 178  6 27 16 33 16.550  24.50  1115.1 0 -9999.9 1 -9999.9 1   346.2 0   358.1 0   317.5 0   317.8 0   474.4 0   299.2 0   299.6 0   228.9 2   500.6 0 -9999.9 1  -116.3 0 -9999.9 1 -9999.9 1 -9999.9 1 -9999.9 1   215.2 0 -9999.9 1
 1999 178  6 27 16 36 16.600  24.04  1108.0 0 -9999.9 1 -9999.9 1   353.7 0   358.3 0   318.0 0   318.4 0   476.2 0   299.6 0   299.9 0   232.6 2   498.1 0 -9999.9 1  -117.9 0 -9999.9 1 -9999.9 1 -9999.9 1 -9999.9 1   229.3 0 -9999.9 1
 1999 178  6 27 16 39 16.650  23.59   981.5 0 -9999.9 1 -9999.9 1   370.9 0   362.0 0   318.4 0   318.1 0   472.8 0   299.9 0   300.2 0   220.6 2   447.8 0 -9999.9 1  -110.8 0 -9999.9 1 -9999.9 1 -9999.9 1 -9999.9 1   262.8 0 -9999.9 1
 1999 178  6 27 16 42 16.700  23.15  1152.4 0 -9999.9 1 -9999.9 1   399.7 0   372.0 0   318.7 0   318.4 0   477.7 0   300.2 0   300.5 0   237.0 2   515.3 0 -9999.9 1  -105.6 0 -9999.9 1 -9999.9 1 -9999.9 1 -9999.9 1   291.7 0 -9999.9 1
 1999 178  6 27 16 48 16.800  22.30   948.2 0 -9999.9 1 -9999.9 1   448.9 0   383.8 0   319.1 0   318.2 0   465.4 0   300.4 0   300.6 0   193.0 2   422.1 0 -9999.9 1   -81.6 0 -9999.9 1 -9999.9 1 -9999.9 1 -9999.9 1   277.0 0 -9999.9 1
 1999 178  6 27 16 51 16.850  21.89   497.4 0 -9999.9 1 -9999.9 1   399.8 0   388.5 0   319.2 0   317.9 0   457.5 0   300.5 0   300.6 0   129.4 2   221.5 0 -9999.9 1   -69.0 0 -9999.9 1 -9999.9 1 -9999.9 1 -9999.9 1   318.1 0 -9999.9 1
 1999 178  6 27 16 54 16.900  21.49   388.2 0 -9999.9 1 -9999.9 1   370.2 0   389.1 0   319.3 0   317.5 0   450.1 0   300.4 0   300.5 0   116.2 0   178.2 0 -9999.9 1   -61.0 0 -9999.9 1 -9999.9 1 -9999.9 1 -9999.9 1   316.4 0 -9999.9 1
 1999 178  6 27 16 57 16.950  21.10   353.1 0 -9999.9 1 -9999.9 1   339.3 0   385.7 0   319.3 0   317.7 0   449.8 0   300.4 0   300.4 0   114.5 0   162.7 0 -9999.9 1   -64.0 0 -9999.9 1 -9999.9 1 -9999.9 1 -9999.9 1   308.5 0 -9999.9 1
 1999 178  6 27 17  3 17.050  20.35   329.2 0 -9999.9 1 -9999.9 1   308.2 0   378.4 0   319.1 0   317.5 0   448.9 0   300.2 0   300.1 0   114.7 0   152.4 0 -9999.9 1   -70.6 0 -9999.9 1 -9999.9 1 -9999.9 1 -9999.9 1   290.1 0 -9999.9 1
 1999 178  6 27 17  6 17.100  20.00   424.9 0 -9999.9 1 -9999.9 1   364.1 0   376.4 0   318.9 0   317.7 0   451.3 0   300.0 0   300.1 0   133.3 0   197.5 0 -9999.9 1   -74.9 0 -9999.9 1 -9999.9 1 -9999.9 1 -9999.9 1   313.8 0 -9999.9 1
 1999 178  6 27 17  9 17.150  19.66   481.4 0 -9999.9 1 -9999.9 1   376.5 0   371.8 0   319.0 0   317.9 0   452.7 0   300.0 0   300.1 0   146.3 0   223.9 0 -9999.9 1   -80.9 0 -9999.9 1 -9999.9 1 -9999.9 1 -9999.9 1   278.0 0 -9999.9 1
 1999 178  6 27 17 12 17.200  19.33   804.1 0 -9999.9 1 -9999.9 1   417.7 0   373.4 0   319.1 0   318.2 0   463.6 0   300.0 0   300.3 0   198.8 0   368.6 0 -9999.9 1   -90.2 0 -9999.9 1 -9999.9 1 -9999.9 1 -9999.9 1   269.8 0 -9999.9 1
 1999 178  6 27 17 18 17.300  18.73  1065.8 0 -9999.9 1 -9999.9 1   440.1 0   377.7 0   319.7 0   319.7 0   477.7 0   300.6 0   301.0 0   236.0 0   476.4 0 -9999.9 1  -100.0 0 -9999.9 1 -9999.9 1 -9999.9 1 -9999.9 1   311.5 0 -9999.9 1
 1999 178  6 27 17 21 17.350  18.46   951.8 0 -9999.9 1 -9999.9 1   466.1 0   372.1 0   320.2 0   320.3 0   476.5 0   301.0 0   301.3 0   220.5 0   426.9 0 -9999.9 1  -104.4 0 -9999.9 1 -9999.9 1 -9999.9 1 -9999.9 1   304.5 0 -9999.9 1
 1999 178  6 27 17 24 17.400  18.20   911.8 0 -9999.9 1 -9999.9 1   468.2 0   378.9 0   320.4 0   319.4 0   469.8 0   301.1 0   301.3 0   209.6 0   408.8 0 -9999.9 1   -90.9 0 -9999.9 1 -9999.9 1 -9999.9 1 -9999.9 1   296.5 0 -9999.9 1
 1999 178  6 27 17 27 17.450  17.96   731.1 0 -9999.9 1 -9999.9 1   442.3 0   389.1 0   320.6 0   319.0 0   467.8 0   301.2 0   301.4 0   176.8 0   327.8 0 -9999.9 1   -78.7 0 -9999.9 1 -9999.9 1 -9999.9 1 -9999.9 1   301.1 0 -9999.9 1
 1999 178  6 27 17 33 17.550  17.54   650.7 0 -9999.9 1 -9999.9 1   502.6 0   393.0 0   320.6 0   319.4 0   461.5 0   301.1 0   301.2 0   158.5 0   296.5 0 -9999.9 1   -68.5 0 -9999.9 1 -9999.9 1 -9999.9 1 -9999.9 1   309.7 0 -9999.9 1
 1999 178  6 27 17 36 17.600  17.36   919.8 0 -9999.9 1 -9999.9 1   532.7 0   397.3 0   320.7 0   319.5 0   468.5 0   301.1 0   301.3 0   195.7 0   405.1 0 -9999.9 1   -71.2 0 -9999.9 1 -9999.9 1 -9999.9 1 -9999.9 1   306.7 0 -9999.9 1
 1999 178  6 27 17 39 17.650  17.20   756.0 0 -9999.9 1 -9999.9 1   512.7 0   383.8 0   320.9 0   319.9 0   471.0 0   301.1 0   301.3 0   182.2 0   343.7 0 -9999.9 1   -87.2 0 -9999.9 1 -9999.9 1 -9999.9 1 -9999.9 1   252.9 0 -9999.9 1
 1999 178  6 27 17 42 17.700  17.06   870.9 0 -9999.9 1 -9999.9 1   519.3 0   380.2 0   320.9 0   319.7 0   475.4 0   301.2 0   301.5 0   205.0 0   393.0 0 -9999.9 1   -95.1 0 -9999.9 1 -9999.9 1 -9999.9 1 -9999.9 1   267.4 0 -9999.9 1
 1999 178  6 27 17 48 17.800  16.86   858.0 0 -9999.9 1 -9999.9 1   542.2 0   381.3 0   320.9 0   319.7 0   475.3 0   301.3 0   301.6 0   200.7 0   381.1 0 -9999.9 1   -93.9 0 -9999.9 1 -9999.9 1 -9999.9 1 -9999.9 1   264.9 0 -9999.9 1
 1999 178  6 27 17 51 17.850  16.79   835.8 0 -9999.9 1 -9999.9 1   528.1 0   385.8 0   320.9 0   319.4 0   470.3 0   301.3 0   301.5 0   196.3 0   377.4 0 -9999.9 1   -84.5 0 -9999.9 1 -9999.9 1 -9999.9 1 -9999.9 1   256.0 0 -9999.9 1
 1999 178  6 27 17 54 17.900  16.75   775.9 0 -9999.9 1 -9999.9 1   505.7 0   382.5 0   320.9 0   319.4 0   469.5 0   301.3 0   301.4 0   190.1 0   350.3 0 -9999.9 1   -87.1 0 -9999.9 1 -9999.9 1 -9999.9 1 -9999.9 1   244.8 0 -9999.9 1
 1999 178  6 27 17 57 17.950  16.73   913.6 0 -9999.9 1 -9999.9 1   524.3 0   381.8 0   320.7 0   319.7 0   475.1 0   301.1 0   301.3 0   208.1 0   406.8 0 -9999.9 1   -93.3 0 -9999.9 1 -9999.9 1 -9999.9 1 -9999.9 1   255.0 0 -9999.9 1
 1999 178  6 27 18  3 18.050  16.76   793.3 0 -9999.9 1 -9999.9 1   544.2 0   371.4 0   320.4 0   319.1 0   467.6 0   300.8 0   301.0 0   193.5 0   364.2 0 -9999.9 1   -96.2 0 -9999.9 1 -9999.9 1 -9999.9 1 -9999.9 1   256.5 0 -9999.9 1
 1999 178  6 27 18  6 18.100  16.81   779.0 0 -9999.9 1 -9999.9 1   584.7 0   372.9 0   320.2 0   319.2 0   467.5 0   300.5 0   300.7 0   187.2 2   358.9 0 -9999.9 1   -94.7 0 -9999.9 1 -9999.9 1 -9999.9 1 -9999.9 1   248.6 0 -9999.9 1
 1999 178  6 27 18  9 18.150  16.89   885.9 0 -9999.9 1 -9999.9 1   586.2 0   379.1 0   320.4 0   319.2 0   474.7 0   300.8 0   301.1 0   199.6 2   399.7 0 -9999.9 1   -95.6 0 -9999.9 1 -9999.9 1 -9999.9 1 -9999.9 1   276.1 0 -9999.9 1
 1999 178  6 27 18 12 18.200  16.99   860.2 0 -9999.9 1 -9999.9 1   577.8 0   383.6 0   320.4 0   319.3 0   472.1 0   300.9 0   301.2 0   197.3 0   388.2 0 -9999.9 1   -88.4 0 -9999.9 1 -9999.9 1 -9999.9 1 -9999.9 1   302.4 0 -9999.9 1
 1999 178  6 27 18 18 18.300  17.25   514.0 0 -9999.9 1 -9999.9 1   487.5 0   381.6 0   320.1 0   318.3 0   458.2 0   300.6 0   300.7 0   142.1 2   238.8 0 -9999.9 1   -76.6 0 -9999.9 1 -9999.9 1 -9999.9 1 -9999.9 1   260.9 0 -9999.9 1
 1999 178  6 27 18 21 18.350  17.42   503.2 0 -9999.9 1 -9999.9 1   480.3 0   378.6 0   320.1 0   318.3 0   458.1 0   300.6 0   300.6 0   144.3 0   237.8 0 -9999.9 1   -79.5 0 -9999.9 1 -9999.9 1 -9999.9 1 -9999.9 1   270.1 0 -9999.9 1
 1999 178  6 27 18 24 18.400  17.61   808.6 0 -9999.9 1 -9999.9 1   552.9 0   375.2 0   319.9 0   318.9 0   467.7 0   300.4 0   300.7 0   189.2 2   369.8 0 -9999.9 1   -92.5 0 -9999.9 1 -9999.9 1 -9999.9 1 -9999.9 1   285.1 0 -9999.9 1
 1999 178  6 27 18 27 18.450  17.81   812.2 0 -9999.9 1 -9999.9 1   563.7 0   371.1 0   320.1 0   319.4 0   470.9 0   300.6 0   300.9 0   195.4 0   371.3 0 -9999.9 1   -99.8 0 -9999.9 1 -9999.9 1 -9999.9 1 -9999.9 1   259.9 0 -9999.9 1
 1999 178  6 27 18 33 18.550  18.29   913.1 0 -9999.9 1 -9999.9 1   552.2 0   371.3 0   320.4 0   319.2 0   474.6 0   300.8 0   301.1 0   204.9 0   407.8 0 -9999.9 1  -103.3 0 -9999.9 1 -9999.9 1 -9999.9 1 -9999.9 1   264.0 0 -9999.9 1
 1999 178  6 27 18 36 18.600  18.55   855.8 0 -9999.9 1 -9999.9 1   539.3 0   368.3 0   320.4 0   319.3 0   472.8 0   300.9 0   301.1 0   195.9 0   384.1 0 -9999.9 1  -104.5 0 -9999.9 1 -9999.9 1 -9999.9 1 -9999.9 1   285.0 0 -9999.9 1
 1999 178  6 27 18 39 18.650  18.83   865.8 0 -9999.9 1 -9999.9 1   533.2 0   368.3 0   320.4 0   319.4 0   472.0 0   300.9 0   301.1 0   196.4 2   388.7 0 -9999.9 1  -103.7 0 -9999.9 1 -9999.9 1 -9999.9 1 -9999.9 1   303.7 0 -9999.9 1
 1999 178  6 27 18 42 18.700  19.13   810.8 0 -9999.9 1 -9999.9 1   493.6 0   369.0 0   320.4 0   318.8 0   468.7 0   300.9 0   301.1 0   187.2 2   365.9 0 -9999.9 1   -99.7 0 -9999.9 1 -9999.9 1 -9999.9 1 -9999.9 1   264.5 0 -9999.9 1
 1999 178  6 27 18 48 18.800  19.78   713.0 0 -9999.9 1 -9999.9 1   453.5 0   363.6 0   320.5 0   319.3 0   468.5 0   300.9 0   301.1 0   163.8 0   321.3 0 -9999.9 1  -104.9 0 -9999.9 1 -9999.9 1 -9999.9 1 -9999.9 1   233.1 0 -9999.9 1
 1999 178  6 27 18 51 18.850  20.12   625.2 0 -9999.9 1 -9999.9 1   430.6 0   372.1 0   320.6 0   319.1 0   464.8 0   301.0 0   301.2 0   145.9 0   279.2 0 -9999.9 1   -92.7 0 -9999.9 1 -9999.9 1 -9999.9 1 -9999.9 1   249.7 0 -9999.9 1
 1999 178  6 27 18 54 18.900  20.48   665.2 0 -9999.9 1 -9999.9 1   453.0 0   372.3 0   320.6 0   319.6 0   466.0 0   301.1 0   301.3 0   146.5 0   294.9 0 -9999.9 1   -93.8 0 -9999.9 1 -9999.9 1 -9999.9 1 -9999.9 1   243.0 0 -9999.9 1
 1999 178  6 27 18 57 18.950  20.85   648.9 0 -9999.9 1 -9999.9 1   451.9 0   379.2 0   320.7 0   320.5 0   469.9 0   301.3 0   301.5 0   138.9 0   283.4 0 -9999.9 1   -90.7 0 -9999.9 1 -9999.9 1 -9999.9 1 -9999.9 1   217.7 0 -9999.9 1
 1999 178  6 27 19  3 19.050  21.63   544.4 0 -9999.9 1 -9999.9 1   457.9 0   390.1 0   321.0 0   319.7 0   464.5 0   301.6 0   301.7 0   122.0 0   242.7 0 -9999.9 1   -74.3 0 -9999.9 1 -9999.9 1 -9999.9 1 -9999.9 1   170.6 0 -9999.9 1
 1999 178  6 27 19  6 19.100  22.03   476.7 0 -9999.9 1 -9999.9 1   452.9 0   391.1 0   321.0 0   319.6 0   463.0 0   301.6 0   301.6 0   119.8 0   220.4 0 -9999.9 1   -71.9 0 -9999.9 1 -9999.9 1 -9999.9 1 -9999.9 1   199.3 0 -9999.9 1
 1999 178  6 27 19  9 19.150  22.45   923.6 0 -9999.9 1 -9999.9 1   528.4 0   388.1 0   321.1 0   320.5 0   475.5 0   301.6 0   301.8 0   175.5 0   398.1 0 -9999.9 1   -87.4 0 -9999.9 1 -9999.9 1 -9999.9 1 -9999.9 1   225.1 0 -9999.9 1
 1999 178  6 27 19 12 19.200  22.87  1057.5 0 -9999.9 1 -9999.9 1   529.7 0   379.1 0   321.3 0   320.5 0   483.8 0   301.7 0   302.1 0   207.5 0   463.4 0 -9999.9 1  -104.7 0 -9999.9 1 -9999.9 1 -9999.9 1 -9999.9 1   241.9 0 -9999.9 1
 1999 178  6 27 19 18 19.300  23.75   486.1 0 -9999.9 1 -9999.9 1   349.9 0   366.4 0   321.6 0   320.2 0   466.9 0   301.8 0   301.9 0   137.3 0   223.1 0 -9999.9 1  -100.5 0 -9999.9 1 -9999.9 1 -9999.9 1 -9999.9 1   205.1 0 -9999.9 1
 1999 178  6 27 19 21 19.350  24.20   350.9 0 -9999.9 1 -9999.9 1   327.4 0   371.9 0   321.6 0   320.2 0   456.5 0   301.8 0   301.8 0   114.7 0   167.7 0 -9999.9 1   -84.7 0 -9999.9 1 -9999.9 1 -9999.9 1 -9999.9 1   212.8 0 -9999.9 1
 1999 178  6 27 19 24 19.400  24.66   376.7 0 -9999.9 1 -9999.9 1   355.7 0   378.3 0   321.5 0   319.5 0   454.9 0   301.7 0   301.6 0   116.5 0   178.7 0 -9999.9 1   -76.6 0 -9999.9 1 -9999.9 1 -9999.9 1 -9999.9 1   232.2 0 -9999.9 1
 1999 178  6 27 19 27 19.450  25.13   434.1 0 -9999.9 1 -9999.9 1   369.4 0   377.9 0   321.4 0   319.8 0   457.1 0   301.5 0   301.5 0   124.2 0   209.0 0 -9999.9 1   -79.2 0 -9999.9 1 -9999.9 1 -9999.9 1 -9999.9 1   221.4 0 -9999.9 1
 1999 178  6 27 19 33 19.550  26.08  1095.6 0 -9999.9 1 -9999.9 1   395.5 0   368.3 0   321.7 0   320.6 0   483.8 0   301.6 0   301.9 0   220.4 0   492.5 0 -9999.9 1  -115.5 0 -9999.9 1 -9999.9 1 -9999.9 1 -9999.9 1   227.2 0 -9999.9 1
 1999 178  6 27 19 36 19.600  26.57  1065.0 0 -9999.9 1 -9999.9 1   366.4 0   365.8 0   321.9 0   321.2 0   487.3 0   301.7 0   302.1 0   216.8 0   480.5 0 -9999.9 1  -121.5 0 -9999.9 1 -9999.9 1 -9999.9 1 -9999.9 1   233.8 0 -9999.9 1
 1999 178  6 27 19 39 19.650  27.06  1061.5 0 -9999.9 1 -9999.9 1   368.5 0   368.5 0   322.1 0   321.2 0   486.5 0   302.0 0   302.3 0   212.8 0   476.8 0 -9999.9 1  -118.1 0 -9999.9 1 -9999.9 1 -9999.9 1 -9999.9 1   233.4 0 -9999.9 1
 1999 178  6 27 19 42 19.700  27.56  1044.1 0 -9999.9 1 -9999.9 1   386.5 0   370.4 0   322.2 0   321.3 0   485.4 0   302.1 0   302.4 0   203.6 0   464.3 0 -9999.9 1  -115.0 0 -9999.9 1 -9999.9 1 -9999.9 1 -9999.9 1   207.4 0 -9999.9 1
 1999 178  6 27 19 48 19.800  28.56   920.7 0 -9999.9 1 -9999.9 1   395.0 0   382.0 0   322.4 0   321.1 0   477.8 0   302.1 0   302.3 0   172.9 0   403.3 0 -9999.9 1   -95.8 0 -9999.9 1 -9999.9 1 -9999.9 1 -9999.9 1   197.0 0 -9999.9 1
 1999 178  6 27 19 51 19.850  29.08   555.1 0 -9999.9 1 -9999.9 1   389.2 0   388.3 0   322.4 0   320.7 0   467.7 0   302.0 0   302.1 0   128.8 0   255.5 0 -9999.9 1   -79.4 0 -9999.9 1 -9999.9 1 -9999.9 1 -9999.9 1   222.4 0 -9999.9 1
 1999 178  6 27 19 54 19.900  29.59   449.3 0 -9999.9 1 -9999.9 1   402.9 0   394.5 0   322.2 0   319.9 0   463.4 0   301.9 0   301.9 0   114.8 0   209.8 0 -9999.9 1   -68.9 0 -9999.9 1 -9999.9 1 -9999.9 1 -9999.9 1   216.6 0 -9999.9 1
 1999 178  6 27 19 57 19.950  30.11   713.5 0 -9999.9 1 -9999.9 1   419.5 0   393.1 0   322.0 0   320.7 0   473.6 0   301.7 0   301.9 0   136.9 0   314.2 0 -9999.9 1   -80.5 0 -9999.9 1 -9999.9 1 -9999.9 1 -9999.9 1   211.4 0 -9999.9 1
 1999 178  6 27 20  3 20.050  31.16   621.8 0 -9999.9 1 -9999.9 1   383.2 0   405.5 0   321.7 0   319.5 0   462.8 0   301.4 0   301.4 0   121.0 0   278.5 0 -9999.9 1   -57.3 0 -9999.9 1 -9999.9 1 -9999.9 1 -9999.9 1   234.1 0 -9999.9 1
 1999 178  6 27 20  6 20.100  31.69   791.6 0 -9999.9 1 -9999.9 1   447.1 0   394.0 0   321.6 0   320.1 0   473.2 0   301.4 0   301.6 0   147.7 0   348.1 0 -9999.9 1   -79.2 0 -9999.9 1 -9999.9 1 -9999.9 1 -9999.9 1   230.1 0 -9999.9 1
 1999 178  6 27 20  9 20.150  32.22   516.4 0 -9999.9 1 -9999.9 1   410.8 0   389.3 0   321.6 0   319.7 0   468.6 0   301.4 0   301.5 0   126.9 0   240.0 0 -9999.9 1   -79.3 0 -9999.9 1 -9999.9 1 -9999.9 1 -9999.9 1   224.3 0 -9999.9 1
 1999 178  6 27 20 12 20.200  32.76   955.3 0 -9999.9 1 -9999.9 1   386.9 0   383.7 0   321.5 0   320.4 0   478.4 0   301.4 0   301.7 0   173.6 0   429.9 0 -9999.9 1   -94.7 0 -9999.9 1 -9999.9 1 -9999.9 1 -9999.9 1   219.2 0 -9999.9 1
 1999 178  6 27 20 18 20.300  33.84   968.0 0 -9999.9 1 -9999.9 1   339.0 0   384.1 0   321.7 0   319.9 0   479.7 0   301.6 0   301.9 0   175.6 0   429.7 0 -9999.9 1   -95.6 0 -9999.9 1 -9999.9 1 -9999.9 1 -9999.9 1   230.1 0 -9999.9 1
 1999 178  6 27 20 21 20.350  34.38   473.6 0 -9999.9 1 -9999.9 1   310.6 0   383.7 0   321.6 0   319.7 0   468.0 0   301.6 0   301.8 0   118.2 0   216.4 0 -9999.9 1   -84.3 0 -9999.9 1 -9999.9 1 -9999.9 1 -9999.9 1   206.1 0 -9999.9 1
 1999 178  6 27 20 24 20.400  34.93   523.1 0 -9999.9 1 -9999.9 1   361.0 0   385.5 0   321.3 0   319.4 0   462.5 0   301.4 0   301.4 0   121.0 0   245.7 0 -9999.9 1   -77.0 0 -9999.9 1 -9999.9 1 -9999.9 1 -9999.9 1   214.1 0 -9999.9 1
 1999 178  6 27 20 27 20.450  35.48   962.2 0 -9999.9 1 -9999.9 1   357.0 0   374.3 0   321.2 0   320.1 0   480.3 0   301.3 0   301.6 0   167.0 0   426.6 0 -9999.9 1  -106.0 0 -9999.9 1 -9999.9 1 -9999.9 1 -9999.9 1   215.3 0 -9999.9 1
 1999 178  6 27 20 33 20.550  36.58   959.2 0 -9999.9 1 -9999.9 1   332.8 0   379.3 0   320.9 0   319.8 0   481.7 0   301.3 0   301.6 0   157.6 0   423.0 0 -9999.9 1  -102.3 0 -9999.9 1 -9999.9 1 -9999.9 1 -9999.9 1   239.2 0 -9999.9 1
 1999 178  6 27 20 36 20.600  37.13   490.9 0 -9999.9 1 -9999.9 1   307.9 0   376.8 0   320.8 0   318.7 0   463.5 0   301.2 0   301.4 0   114.5 0   228.2 0 -9999.9 1   -86.6 0 -9999.9 1 -9999.9 1 -9999.9 1 -9999.9 1   223.7 0 -9999.9 1
 1999 178  6 27 20 39 20.650  37.69   566.8 0 -9999.9 1 -9999.9 1   303.2 0   378.9 0   320.6 0   318.3 0   460.5 0   301.1 0   301.1 0   119.0 0   264.5 0 -9999.9 1   -81.6 0 -9999.9 1 -9999.9 1 -9999.9 1 -9999.9 1   226.6 0 -9999.9 1
 1999 178  6 27 20 42 20.700  38.25   414.7 0 -9999.9 1 -9999.9 1   290.4 0   372.9 0   320.3 0   317.9 0   458.5 0   300.9 0   300.9 0   107.7 0   200.7 0 -9999.9 1   -85.6 0 -9999.9 1 -9999.9 1 -9999.9 1 -9999.9 1   233.3 0 -9999.9 1
 1999 178  6 27 20 48 20.800  39.37   741.7 0 -9999.9 1 -9999.9 1   273.3 0   370.2 0   320.1 0   318.9 0   472.8 0   300.9 0   301.1 0   124.0 0   329.1 0 -9999.9 1  -102.6 0 -9999.9 1 -9999.9 1 -9999.9 1 -9999.9 1   202.8 0 -9999.9 1
 1999 178  6 27 20 51 20.850  39.93   739.9 0 -9999.9 1 -9999.9 1   346.5 0   378.9 0   320.0 0   318.6 0   470.6 0   300.9 0   301.1 0   123.4 0   333.3 0 -9999.9 1   -91.7 0 -9999.9 1 -9999.9 1 -9999.9 1 -9999.9 1   206.0 0 -9999.9 1
 1999 178  6 27 20 54 20.900  40.49   891.8 0 -9999.9 1 -9999.9 1   336.5 0   373.8 0   320.0 0   319.2 0   479.0 0   300.9 0   301.2 0   136.0 0   396.0 0 -9999.9 1  -105.2 0 -9999.9 1 -9999.9 1 -9999.9 1 -9999.9 1   207.3 0 -9999.9 1
 1999 178  6 27 20 57 20.950  41.06   520.2 0 -9999.9 1 -9999.9 1   293.5 0   371.0 0   320.2 0   318.5 0   465.5 0   301.0 0   301.2 0   105.7 0   243.4 0 -9999.9 1   -94.5 0 -9999.9 1 -9999.9 1 -9999.9 1 -9999.9 1   229.2 0 -9999.9 1
 1999 178  6 27 21  3 21.050  42.19   810.6 0 -9999.9 1 -9999.9 1   264.4 0   365.9 0   320.1 0   318.7 0   474.4 0   301.1 0   301.4 0   127.0 0   369.7 0 -9999.9 1  -108.4 0 -9999.9 1 -9999.9 1 -9999.9 1 -9999.9 1   227.2 0 -9999.9 1
 1999 178  6 27 21  6 21.100  42.75   749.8 0 -9999.9 1 -9999.9 1   313.5 0   372.9 0   320.2 0   318.7 0   474.4 0   301.2 0   301.5 0   115.6 0   334.3 0 -9999.9 1  -101.5 0 -9999.9 1 -9999.9 1 -9999.9 1 -9999.9 1   208.7 0 -9999.9 1
 1999 178  6 27 21  9 21.150  43.32   684.2 0 -9999.9 1 -9999.9 1   292.4 0   378.6 0   320.2 0   318.5 0   467.7 0   301.2 0   301.4 0   105.8 0   310.6 0 -9999.9 1   -89.1 0 -9999.9 1 -9999.9 1 -9999.9 1 -9999.9 1   202.9 0 -9999.9 1
 1999 178  6 27 21 12 21.200  43.89   712.7 0 -9999.9 1 -9999.9 1   282.7 0   374.4 0   320.3 0   318.8 0   472.2 0   301.3 0   301.5 0   106.0 0   320.4 0 -9999.9 1   -97.8 0 -9999.9 1 -9999.9 1 -9999.9 1 -9999.9 1   206.0 0 -9999.9 1
 1999 178  6 27 21 18 21.300  45.03   735.6 0 -9999.9 1 -9999.9 1   283.8 0   369.7 0   320.3 0   318.8 0   472.1 0   301.3 0   301.5 0   109.4 0   333.3 0 -9999.9 1  -102.4 0 -9999.9 1 -9999.9 1 -9999.9 1 -9999.9 1   197.2 0 -9999.9 1
 1999 178  6 27 21 21 21.350  45.60   701.1 0 -9999.9 1 -9999.9 1   236.6 0   364.8 0   320.3 0   318.8 0   471.1 0   301.4 0   301.6 0   106.3 0   320.9 0 -9999.9 1  -106.2 0 -9999.9 1 -9999.9 1 -9999.9 1 -9999.9 1   205.7 0 -9999.9 1
 1999 178  6 27 21 24 21.400  46.17   706.8 0 -9999.9 1 -9999.9 1   250.2 0   368.9 0   320.4 0   318.9 0   473.3 0   301.4 0   301.6 0   103.4 0   321.6 0 -9999.9 1  -104.4 0 -9999.9 1 -9999.9 1 -9999.9 1 -9999.9 1   212.2 0 -9999.9 1
 1999 178  6 27 21 27 21.450  46.74   715.1 0 -9999.9 1 -9999.9 1   250.3 0   372.7 0   320.4 0   318.5 0   470.0 0   301.4 0   301.7 0   102.3 0   325.0 0 -9999.9 1   -97.3 0 -9999.9 1 -9999.9 1 -9999.9 1 -9999.9 1   218.9 0 -9999.9 1
 1999 178  6 27 21 33 21.550  47.89   705.8 0 -9999.9 1 -9999.9 1   260.6 0   378.1 0   320.3 0   318.3 0   471.0 0   301.5 0   301.7 0    96.0 0   319.6 0 -9999.9 1   -92.9 0 -9999.9 1 -9999.9 1 -9999.9 1 -9999.9 1   234.1 0 -9999.9 1
 1999 178  6 27 21 36 21.600  48.46   704.0 0 -9999.9 1 -9999.9 1   259.1 0   375.9 0   320.2 0   318.4 0   472.3 0   301.5 0   301.7 0    94.1 0   319.9 0 -9999.9 1   -96.4 0 -9999.9 1 -9999.9 1 -9999.9 1 -9999.9 1   225.2 0 -9999.9 1
 1999 178  6 27 21 39 21.650  49.03   682.2 0 -9999.9 1 -9999.9 1   253.3 0   370.0 0   320.1 0   318.6 0   473.5 0   301.4 0   301.7 0    90.7 0   310.5 0 -9999.9 1  -103.5 0 -9999.9 1 -9999.9 1 -9999.9 1 -9999.9 1   212.0 0 -9999.9 1
 1999 178  6 27 21 42 21.700  49.61   477.0 0 -9999.9 1 -9999.9 1   237.0 0   370.8 0   320.1 0   318.0 0   462.9 0   301.4 0   301.5 0    76.1 0   222.3 0 -9999.9 1   -92.2 0 -9999.9 1 -9999.9 1 -9999.9 1 -9999.9 1   213.4 0 -9999.9 1
 1999 178  6 27 21 48 21.800  50.75   519.7 0 -9999.9 1 -9999.9 1   280.2 0   365.7 0   319.8 0   318.3 0   465.7 0   301.1 0   301.3 0    75.8 0   243.0 0 -9999.9 1   -99.9 0 -9999.9 1 -9999.9 1 -9999.9 1 -9999.9 1   209.8 0 -9999.9 1
 1999 178  6 27 21 51 21.850  51.33   582.5 0 -9999.9 1 -9999.9 1   263.1 0   366.9 0   319.7 0   317.9 0   464.6 0   301.0 0   301.2 0    77.5 0   266.9 0 -9999.9 1   -97.7 0 -9999.9 1 -9999.9 1 -9999.9 1 -9999.9 1   211.0 0 -9999.9 1
 1999 178  6 27 21 54 21.900  51.90   592.7 0 -9999.9 1 -9999.9 1   275.1 0   370.9 0   319.6 0   317.7 0   465.5 0   300.9 0   301.1 0    75.2 0   272.9 0 -9999.9 1   -94.6 0 -9999.9 1 -9999.9 1 -9999.9 1 -9999.9 1   220.4 0 -9999.9 1
 1999 178  6 27 21 57 21.950  52.48   660.7 0 -9999.9 1 -9999.9 1   287.6 0   376.7 0   319.6 0   318.3 0   472.7 0   301.0 0   301.3 0    73.7 0   294.6 0 -9999.9 1   -96.1 0 -9999.9 1 -9999.9 1 -9999.9 1 -9999.9 1   219.6 0 -9999.9 1
 1999 178  6 27 22  3 22.050  53.62   298.9 0 -9999.9 1 -9999.9 1   244.4 0   372.9 0   319.6 0   317.5 0   456.2 0   301.1 0   301.0 0    56.3 0   148.8 0 -9999.9 1   -83.2 0 -9999.9 1 -9999.9 1 -9999.9 1 -9999.9 1   209.1 0 -9999.9 1
 1999 178  6 27 22  6 22.100  54.20   569.2 0 -9999.9 1 -9999.9 1   229.6 0   366.3 0   319.5 0   318.0 0   464.0 0   300.9 0   301.1 0    66.2 0   260.4 0 -9999.9 1   -97.8 0 -9999.9 1 -9999.9 1 -9999.9 1 -9999.9 1   206.0 0 -9999.9 1
 1999 178  6 27 22  9 22.150  54.77   509.5 0 -9999.9 1 -9999.9 1   195.7 0   363.6 0   319.6 0   318.2 0   466.0 0   301.0 0   301.2 0    63.2 0   233.4 0 -9999.9 1  -102.4 0 -9999.9 1 -9999.9 1 -9999.9 1 -9999.9 1   211.8 0 -9999.9 1
 1999 178  6 27 22 12 22.200  55.34   355.6 0 -9999.9 1 -9999.9 1   176.9 0   364.1 0   319.5 0   317.9 0   457.7 0   300.9 0   300.9 0    55.0 0   172.7 0 -9999.9 1   -93.7 0 -9999.9 1 -9999.9 1 -9999.9 1 -9999.9 1   207.9 0 -9999.9 1
 1999 178  6 27 22 18 22.300  56.49   235.3 0 -9999.9 1 -9999.9 1   148.9 0   368.7 0   319.4 0   317.3 0   453.6 0   300.8 0   300.8 0    41.5 0   112.4 0 -9999.9 1   -85.0 0 -9999.9 1 -9999.9 1 -9999.9 1 -9999.9 1   209.1 0 -9999.9 1
 1999 178  6 27 22 21 22.350  57.06   190.3 0 -9999.9 1 -9999.9 1   151.2 0   369.4 0   319.2 0   317.1 0   450.2 0   300.7 0   300.7 0    37.0 0    93.4 0 -9999.9 1   -80.8 0 -9999.9 1 -9999.9 1 -9999.9 1 -9999.9 1   212.2 0 -9999.9 1
 1999 178  6 27 22 24 22.400  57.63   273.2 0 -9999.9 1 -9999.9 1   186.3 0   367.9 0   319.1 0   317.3 0   453.9 0   300.6 0   300.6 0    39.0 0   130.2 0 -9999.9 1   -86.1 0 -9999.9 1 -9999.9 1 -9999.9 1 -9999.9 1   209.3 0 -9999.9 1
 1999 178  6 27 22 27 22.450  58.20   249.2 0 -9999.9 1 -9999.9 1   179.9 0   372.0 0   319.0 0   317.5 0   455.9 0   300.6 0   300.6 0    36.2 0   117.2 0 -9999.9 1   -83.9 0 -9999.9 1 -9999.9 1 -9999.9 1 -9999.9 1   194.9 0 -9999.9 1
 1999 178  6 27 22 33 22.550  59.34   332.0 0 -9999.9 1 -9999.9 1   216.0 0   374.1 0   318.9 0   317.5 0   458.9 0   300.4 0   300.5 0    37.2 0   150.4 0 -9999.9 1   -84.8 0 -9999.9 1 -9999.9 1 -9999.9 1 -9999.9 1   210.8 0 -9999.9 1
 1999 178  6 27 22 36 22.600  59.92   350.0 0 -9999.9 1 -9999.9 1   231.8 0   377.8 0   318.7 0   317.2 0   459.3 0   300.3 0   300.5 0    36.4 0   157.7 0 -9999.9 1   -81.5 0 -9999.9 1 -9999.9 1 -9999.9 1 -9999.9 1   223.1 0 -9999.9 1
 1999 178  6 27 22 39 22.650  60.48   357.0 0 -9999.9 1 -9999.9 1   243.3 0   385.0 0   318.7 0   317.0 0   460.1 0   300.3 0   300.5 0    35.0 0   159.0 0 -9999.9 1   -75.1 0 -9999.9 1 -9999.9 1 -9999.9 1 -9999.9 1   222.7 0 -9999.9 1
 1999 178  6 27 22 42 22.700  61.05   327.3 0 -9999.9 1 -9999.9 1   234.4 0   376.5 0   318.4 0   316.6 0   456.6 0   300.0 0   300.1 0    33.6 0   147.2 0 -9999.9 1   -80.1 0 -9999.9 1 -9999.9 1 -9999.9 1 -9999.9 1   238.8 0 -9999.9 1
 1999 178  6 27 22 48 22.800  62.19   378.2 0 -9999.9 1 -9999.9 1   244.5 0   365.1 0   318.2 0   316.4 0   457.3 0   299.9 0   300.1 0    34.6 2   171.5 0 -9999.9 1   -92.2 0 -9999.9 1 -9999.9 1 -9999.9 1 -9999.9 1   229.9 0 -9999.9 1
 1999 178  6 27 22 51 22.850  62.76   416.8 0 -9999.9 1 -9999.9 1   244.2 0   365.0 0   318.2 0   316.4 0   457.2 0   300.0 0   300.2 0    35.8 2   189.3 0 -9999.9 1   -92.2 0 -9999.9 1 -9999.9 1 -9999.9 1 -9999.9 1   236.1 0 -9999.9 1
 1999 178  6 27 22 54 22.900  63.32   435.6 0 -9999.9 1 -9999.9 1   244.1 0   361.5 0   318.4 0   316.8 0   459.3 0   300.2 0   300.4 0    36.3 2   199.4 0 -9999.9 1   -97.8 0 -9999.9 1 -9999.9 1 -9999.9 1 -9999.9 1   224.3 0 -9999.9 1
 1999 178  6 27 22 57 22.950  63.89   449.3 0 -9999.9 1 -9999.9 1   243.9 0   359.1 0   318.5 0   317.1 0   461.3 0   300.3 0   300.5 0    36.1 2   205.0 0 -9999.9 1  -102.3 0 -9999.9 1 -9999.9 1 -9999.9 1 -9999.9 1   219.1 0 -9999.9 1
 1999 178  6 27 23  3 23.050  65.02   378.1 0 -9999.9 1 -9999.9 1   214.4 0   367.9 0   318.8 0   316.9 0   457.5 0   300.6 0   300.7 0    32.2 0   172.7 0 -9999.9 1   -89.7 0 -9999.9 1 -9999.9 1 -9999.9 1 -9999.9 1   242.8 0 -9999.9 1
 1999 178  6 27 23  6 23.100  65.58   329.1 0 -9999.9 1 -9999.9 1   200.7 0   364.4 0   318.8 0   317.0 0   456.1 0   300.6 0   300.7 0    30.2 0   152.3 0 -9999.9 1   -91.7 0 -9999.9 1 -9999.9 1 -9999.9 1 -9999.9 1   232.0 0 -9999.9 1
 1999 178  6 27 23  9 23.150  66.15   359.6 0 -9999.9 1 -9999.9 1   197.3 0   365.8 0   318.9 0   317.1 0   457.6 0   300.7 0   300.8 0    29.2 0   165.0 0 -9999.9 1   -91.8 0 -9999.9 1 -9999.9 1 -9999.9 1 -9999.9 1   232.5 0 -9999.9 1
 1999 178  6 27 23 12 23.200  66.71   363.8 0 -9999.9 1 -9999.9 1   189.6 0   366.5 0   318.9 0   317.1 0   457.6 0   300.7 0   300.9 0    28.7 0   167.0 0 -9999.9 1   -91.1 0 -9999.9 1 -9999.9 1 -9999.9 1 -9999.9 1   238.5 0 -9999.9 1
 1999 178  6 27 23 18 23.300  67.83   257.2 0 -9999.9 1 -9999.9 1   146.4 0   367.2 0   318.9 0   316.8 0   453.2 0   300.8 0   300.8 0    23.9 0   120.6 0 -9999.9 1   -86.0 0 -9999.9 1 -9999.9 1 -9999.9 1 -9999.9 1   238.8 0 -9999.9 1
 1999 178  6 27 23 21 23.350  68.39   204.6 0 -9999.9 1 -9999.9 1   127.0 0   367.4 0   318.8 0   316.6 0   449.6 0   300.7 0   300.7 0    21.2 0    97.6 0 -9999.9 1   -82.2 0 -9999.9 1 -9999.9 1 -9999.9 1 -9999.9 1   237.4 0 -9999.9 1
 1999 178  6 27 23 24 23.400  68.94   153.6 0 -9999.9 1 -9999.9 1   108.8 0   366.4 0   318.6 0   316.5 0   447.2 0   300.6 0   300.5 0    18.6 0    74.5 0 -9999.9 1   -80.8 0 -9999.9 1 -9999.9 1 -9999.9 1 -9999.9 1   234.0 0 -9999.9 1
 1999 178  6 27 23 27 23.450  69.50   131.8 0 -9999.9 1 -9999.9 1    99.2 0   366.5 0   318.4 0   316.3 0   446.0 0   300.5 0   300.4 0    16.6 0    64.3 0 -9999.9 1   -79.5 0 -9999.9 1 -9999.9 1 -9999.9 1 -9999.9 1   231.4 0 -9999.9 1
 1999 178  6 27 23 33 23.550  70.61   154.3 0 -9999.9 1 -9999.9 1   102.1 0   362.6 0   318.0 0   316.5 0   447.6 0   300.2 0   300.2 0    14.3 0    73.2 0 -9999.9 1   -85.0 0 -9999.9 1 -9999.9 1 -9999.9 1 -9999.9 1   217.7 0 -9999.9 1
 1999 178  6 27 23 36 23.600  71.17   132.5 0 -9999.9 1 -9999.9 1    99.7 0   360.7 0   317.9 0   316.5 0   447.6 0   300.1 0   300.1 0    13.4 0    63.8 0 -9999.9 1   -86.9 0 -9999.9 1 -9999.9 1 -9999.9 1 -9999.9 1   206.4 0 -9999.9 1
 1999 178  6 27 23 39 23.650  71.72   117.1 0 -9999.9 1 -9999.9 1    96.2 0   360.0 0   317.7 0   316.2 0   445.6 0   299.9 0   299.8 0    12.4 0    56.9 0 -9999.9 1   -85.6 0 -9999.9 1 -9999.9 1 -9999.9 1 -9999.9 1   211.2 0 -9999.9 1
 1999 178  6 27 23 42 23.700  72.27   121.4 0 -9999.9 1 -9999.9 1    97.3 0   358.1 0   317.5 0   316.0 0   444.6 0   299.7 0   299.6 0    11.7 0    58.4 0 -9999.9 1   -86.5 0 -9999.9 1 -9999.9 1 -9999.9 1 -9999.9 1   198.4 0 -9999.9 1
 1999 178  6 27 23 48 23.800  73.37   148.8 0 -9999.9 1 -9999.9 1   110.0 0   359.6 0   317.4 0   316.0 0   445.9 0   299.5 0   299.5 0    10.8 0    70.3 0 -9999.9 1   -86.3 0 -9999.9 1 -9999.9 1 -9999.9 1 -9999.9 1   205.1 0 -9999.9 1
 1999 178  6 27 23 51 23.850  73.91   157.6 0 -9999.9 1 -9999.9 1   115.8 0   359.7 0   317.4 0   315.9 0   446.6 0   299.4 0   299.4 0    10.4 0    73.8 0 -9999.9 1   -86.9 0 -9999.9 1 -9999.9 1 -9999.9 1 -9999.9 1   209.6 0 -9999.9 1
 1999 178  6 27 23 54 23.900  74.46   135.7 0 -9999.9 1 -9999.9 1   113.6 0   362.2 0   317.4 0   315.8 0   445.8 0   299.4 0   299.4 0    10.0 0    64.9 0 -9999.9 1   -83.6 0 -9999.9 1 -9999.9 1 -9999.9 1 -9999.9 1   201.1 0 -9999.9 1
 1999 178  6 27 23 57 23.950  75.00   118.4 0 -9999.9 1 -9999.9 1   109.0 0   362.4 0   317.4 0   315.8 0   444.1 0   299.3 0   299.3 0     9.4 0    57.2 0 -9999.9 1   -81.7 0 -9999.9 1 -9999.9 1 -9999.9 1 -9999.9 1   201.3 0 -9999.9 1
