 Bondville
   40.05  -88.37  213 m version 1
 1999 187  7  6  0  3  0.050  76.15   178.8 0 -9999.9 1 -9999.9 1    50.2 0   363.4 0   317.5 0   315.4 0   449.3 0   301.4 0   301.5 0    10.3 2    87.5 0 -9999.9 1   -85.9 0 -9999.9 1 -9999.9 1 -9999.9 1 -9999.9 1   248.6 0 -9999.9 1
 1999 187  7  6  0  6  0.100  76.69   168.7 0 -9999.9 1 -9999.9 1    49.0 0   362.6 0   317.4 0   315.4 0   449.1 0   301.4 0   301.4 0     9.8 2    82.7 0 -9999.9 1   -86.5 0 -9999.9 1 -9999.9 1 -9999.9 1 -9999.9 1   253.6 0 -9999.9 1
 1999 187  7  6  0  9  0.150  77.23   159.4 0 -9999.9 1 -9999.9 1    48.2 0   362.3 0   317.3 0   315.2 0   447.9 0   301.2 0   301.2 0     9.1 2    77.8 0 -9999.9 1   -85.6 0 -9999.9 1 -9999.9 1 -9999.9 1 -9999.9 1   260.2 0 -9999.9 1
 1999 187  7  6  0 12  0.200  77.77   150.9 0 -9999.9 1 -9999.9 1    47.3 0   361.9 0   317.2 0   315.2 0   446.9 0   301.1 0   301.1 0     8.4 2    73.8 0 -9999.9 1   -85.0 0 -9999.9 1 -9999.9 1 -9999.9 1 -9999.9 1   263.0 0 -9999.9 1
 1999 187  7  6  0 18  0.300  78.85   132.8 0 -9999.9 1 -9999.9 1    44.5 0   364.1 0   317.1 0   315.1 0   446.4 0   301.0 0   301.1 0     7.0 2    64.8 0 -9999.9 1   -82.3 0 -9999.9 1 -9999.9 1 -9999.9 1 -9999.9 1   256.1 0 -9999.9 1
 1999 187  7  6  0 21  0.350  79.38   124.1 0 -9999.9 1 -9999.9 1    43.4 0   363.7 0   317.1 0   315.1 0   446.1 0   301.0 0   301.0 0     6.4 2    60.9 0 -9999.9 1   -82.4 0 -9999.9 1 -9999.9 1 -9999.9 1 -9999.9 1   255.0 0 -9999.9 1
 1999 187  7  6  0 24  0.400  79.91   116.4 0 -9999.9 1 -9999.9 1    42.0 0   363.4 0   317.0 0   315.0 0   445.5 0   300.9 0   300.8 0     5.9 2    57.2 0 -9999.9 1   -82.2 0 -9999.9 1 -9999.9 1 -9999.9 1 -9999.9 1   252.6 0 -9999.9 1
 1999 187  7  6  0 27  0.450  80.44   108.1 0 -9999.9 1 -9999.9 1    40.8 0   363.0 0   316.9 0   314.9 0   444.7 0   300.8 0   300.8 0     5.3 2    53.1 0 -9999.9 1   -81.6 0 -9999.9 1 -9999.9 1 -9999.9 1 -9999.9 1   247.6 0 -9999.9 1
 1999 187  7  6  0 33  0.550  81.49    92.2 0 -9999.9 1 -9999.9 1    36.9 0   361.6 0   316.9 0   315.0 0   443.2 0   300.7 0   300.6 0     4.3 2    46.0 0 -9999.9 1   -81.6 0 -9999.9 1 -9999.9 1 -9999.9 1 -9999.9 1   244.3 0 -9999.9 1
 1999 187  7  6  0 36  0.600  82.01    85.0 0 -9999.9 1 -9999.9 1    34.7 0   361.4 0   316.8 0   314.9 0   442.5 0   300.5 0   300.5 0     3.9 2    42.7 0 -9999.9 1   -81.1 0 -9999.9 1 -9999.9 1 -9999.9 1 -9999.9 1   245.7 0 -9999.9 1
 1999 187  7  6  0 39  0.650  82.53    77.4 0 -9999.9 1 -9999.9 1    32.8 0   361.1 0   316.8 0   314.8 0   441.8 0   300.4 0   300.4 0     3.5 2    39.2 0 -9999.9 1   -80.7 0 -9999.9 1 -9999.9 1 -9999.9 1 -9999.9 1   243.5 0 -9999.9 1
 1999 187  7  6  0 42  0.700  83.05    69.3 0 -9999.9 1 -9999.9 1    30.9 0   359.5 0   316.7 0   314.9 0   441.2 0   300.3 0   300.3 0     3.1 2    34.9 0 -9999.9 1   -81.7 0 -9999.9 1 -9999.9 1 -9999.9 1 -9999.9 1   240.4 0 -9999.9 1
 1999 187  7  6  0 48  0.800  84.08    53.6 0 -9999.9 1 -9999.9 1    27.1 0   358.9 0   316.6 0   314.7 0   439.2 0   300.1 0   300.0 0     2.4 2    27.0 0 -9999.9 1   -80.3 0 -9999.9 1 -9999.9 1 -9999.9 1 -9999.9 1   237.2 0 -9999.9 1
 1999 187  7  6  0 51  0.850  84.58    47.2 0 -9999.9 1 -9999.9 1    24.7 0   358.7 0   316.5 0   314.6 0   438.3 0   299.9 0   299.9 0     2.1 2    23.8 0 -9999.9 1   -79.6 0 -9999.9 1 -9999.9 1 -9999.9 1 -9999.9 1   239.8 0 -9999.9 1
 1999 187  7  6  0 54  0.900  85.09    40.9 0 -9999.9 1 -9999.9 1    22.2 0   358.9 0   316.3 0   314.3 0   437.2 0   299.8 0   299.7 0     1.8 2    20.8 0 -9999.9 1   -78.3 0 -9999.9 1 -9999.9 1 -9999.9 1 -9999.9 1   242.3 0 -9999.9 1
 1999 187  7  6  0 57  0.950  85.59    35.1 0 -9999.9 1 -9999.9 1    19.9 0   357.5 0   316.2 0   314.3 0   436.5 0   299.7 0   299.6 0     1.6 2    18.1 0 -9999.9 1   -79.0 0 -9999.9 1 -9999.9 1 -9999.9 1 -9999.9 1   242.4 0 -9999.9 1
 1999 187  7  6  1  3  1.050  86.57    23.1 0 -9999.9 1 -9999.9 1    16.1 0   354.9 0   316.0 0   314.4 0   434.9 0   299.5 0   299.4 0     1.2 2    13.5 0 -9999.9 1   -80.0 0 -9999.9 1 -9999.9 1 -9999.9 1 -9999.9 1   230.8 0 -9999.9 1
 1999 187  7  6  1  6  1.100  87.05    17.7 0 -9999.9 1 -9999.9 1    13.6 0   354.4 0   315.9 0   314.2 0   433.7 0   299.3 0   299.2 0     1.0 2    11.6 0 -9999.9 1   -79.3 0 -9999.9 1 -9999.9 1 -9999.9 1 -9999.9 1   235.6 0 -9999.9 1
 1999 187  7  6  1  9  1.150  87.53    14.2 0 -9999.9 1 -9999.9 1    11.0 0   354.3 0   315.7 0   314.1 0   432.1 0   299.1 0   299.1 0     0.8 2     9.8 0 -9999.9 1   -77.8 0 -9999.9 1 -9999.9 1 -9999.9 1 -9999.9 1   242.1 0 -9999.9 1
 1999 187  7  6  1 12  1.200  87.99    11.9 0 -9999.9 1 -9999.9 1     8.7 0   352.0 0   315.5 0   314.0 0   431.1 0   298.9 0   298.8 0     0.8 2     8.3 0 -9999.9 1   -79.1 0 -9999.9 1 -9999.9 1 -9999.9 1 -9999.9 1   240.8 0 -9999.9 1
 1999 187  7  6  1 18  1.300  88.88     7.4 0 -9999.9 1 -9999.9 1     5.5 0   352.1 0   315.4 0   313.9 0   430.2 0   298.8 0   298.7 0     0.5 0     5.5 0 -9999.9 1   -78.1 0 -9999.9 1 -9999.9 1 -9999.9 1 -9999.9 1   232.3 0 -9999.9 1
 1999 187  7  6  1 21  1.350  89.29     5.4 0 -9999.9 1 -9999.9 1     3.9 0   352.2 0   315.4 0   313.9 0   429.2 0   298.7 0   298.6 0     0.4 0     4.3 0 -9999.9 1   -77.0 0 -9999.9 1 -9999.9 1 -9999.9 1 -9999.9 1   235.8 0 -9999.9 1
 1999 187  7  6  1 24  1.400  89.68     3.9 0 -9999.9 1 -9999.9 1     1.9 0   350.9 0   315.2 0   313.7 0   428.3 0   298.5 0   298.4 0     0.3 0     3.4 0 -9999.9 1   -77.4 0 -9999.9 1 -9999.9 1 -9999.9 1 -9999.9 1   235.1 0 -9999.9 1
 1999 187  7  6  1 27  1.450  90.80     2.6 0 -9999.9 1 -9999.9 1     0.9 0   351.3 0   315.0 0   313.5 0   427.5 0   298.3 0   298.2 0     0.0 0     2.6 0 -9999.9 1   -76.2 0 -9999.9 1 -9999.9 1 -9999.9 1 -9999.9 1   233.4 0 -9999.9 1
 1999 187  7  6  1 33  1.550  91.78    -0.1 0 -9999.9 1 -9999.9 1    -1.4 0   352.3 0   314.7 0   313.2 0   426.2 0   297.9 0   297.8 0     0.0 2     1.2 0 -9999.9 1   -74.0 0 -9999.9 1 -9999.9 1 -9999.9 1 -9999.9 1   230.8 0 -9999.9 1
 1999 187  7  6  1 36  1.600  92.27    -1.1 0 -9999.9 1 -9999.9 1    -1.8 0   348.9 0   314.5 0   312.9 0   425.5 0   297.7 0   297.5 0     0.0 2     0.7 0 -9999.9 1   -76.6 0 -9999.9 1 -9999.9 1 -9999.9 1 -9999.9 1   228.7 0 -9999.9 1
 1999 187  7  6  1 39  1.650  92.75    -1.8 0 -9999.9 1 -9999.9 1    -2.2 0   351.6 0   314.5 0   312.9 0   426.3 0   297.7 0   297.6 0     0.0 0     0.3 0 -9999.9 1   -74.7 0 -9999.9 1 -9999.9 1 -9999.9 1 -9999.9 1   228.6 0 -9999.9 1
 1999 187  7  6  1 42  1.700  93.23    -2.3 0 -9999.9 1 -9999.9 1    -2.4 0   354.3 0   314.5 0   312.8 0   426.6 0   297.7 0   297.5 0     0.0 0     0.1 0 -9999.9 1   -72.3 0 -9999.9 1 -9999.9 1 -9999.9 1 -9999.9 1   228.6 0 -9999.9 1
 1999 187  7  6  1 48  1.800  94.18    -2.7 0 -9999.9 1 -9999.9 1    -2.9 0   353.9 0   314.3 0   312.8 0   425.2 0   297.4 0   297.3 0     0.0 0    -0.1 0 -9999.9 1   -71.3 0 -9999.9 1 -9999.9 1 -9999.9 1 -9999.9 1   223.6 0 -9999.9 1
 1999 187  7  6  1 51  1.850  94.65    -2.8 0 -9999.9 1 -9999.9 1    -3.1 0   354.5 0   314.2 0   312.8 0   425.1 0   297.2 0   297.2 0     0.0 0    -0.1 0 -9999.9 1   -70.5 0 -9999.9 1 -9999.9 1 -9999.9 1 -9999.9 1   225.0 0 -9999.9 1
 1999 187  7  6  1 54  1.900  95.12    -2.7 0 -9999.9 1 -9999.9 1    -3.1 0   353.1 0   314.0 0   312.4 0   424.1 0   297.0 0   296.9 0     0.0 0    -0.1 0 -9999.9 1   -71.0 0 -9999.9 1 -9999.9 1 -9999.9 1 -9999.9 1   228.3 0 -9999.9 1
 1999 187  7  6  1 57  1.950  95.58    -2.8 0 -9999.9 1 -9999.9 1    -3.0 0   351.3 0   313.7 0   312.2 0   422.7 0   296.7 0   296.7 0     0.0 2    -0.2 0 -9999.9 1   -71.4 0 -9999.9 1 -9999.9 1 -9999.9 1 -9999.9 1   227.9 0 -9999.9 1
 1999 187  7  6  2  3  2.050  96.51    -3.0 0 -9999.9 1 -9999.9 1    -2.5 0   351.4 0   313.5 0   312.0 0   421.7 0   296.5 0   296.4 0     0.0 2    -0.2 0 -9999.9 1   -70.3 0 -9999.9 1 -9999.9 1 -9999.9 1 -9999.9 1   224.5 0 -9999.9 1
 1999 187  7  6  2  6  2.100  96.96    -3.2 0 -9999.9 1 -9999.9 1    -2.5 0   352.4 0   313.5 0   311.9 0   422.3 0   296.4 0   296.4 0     0.0 2    -0.1 0 -9999.9 1   -69.9 0 -9999.9 1 -9999.9 1 -9999.9 1 -9999.9 1   227.5 0 -9999.9 1
 1999 187  7  6  2  9  2.150  97.41    -3.2 0 -9999.9 1 -9999.9 1    -2.2 0   351.2 0   313.3 0   311.8 0   422.3 0   296.3 0   296.2 0     0.0 2    -0.1 0 -9999.9 1   -71.1 0 -9999.9 1 -9999.9 1 -9999.9 1 -9999.9 1   229.0 0 -9999.9 1
 1999 187  7  6  2 12  2.200  97.86    -3.2 0 -9999.9 1 -9999.9 1    -1.8 0   351.2 0   313.1 0   311.5 0   421.9 0   296.1 0   296.1 0     0.0 2    -0.1 0 -9999.9 1   -70.7 0 -9999.9 1 -9999.9 1 -9999.9 1 -9999.9 1   224.4 0 -9999.9 1
 1999 187  7  6  2 18  2.300  98.75    -3.5 0 -9999.9 1 -9999.9 1    -1.5 0   349.8 0   312.8 0   311.1 0   420.9 0   295.8 0   295.8 0     0.0 2    -0.1 0 -9999.9 1   -71.1 0 -9999.9 1 -9999.9 1 -9999.9 1 -9999.9 1   219.6 0 -9999.9 1
 1999 187  7  6  2 21  2.350  99.19    -3.5 0 -9999.9 1 -9999.9 1    -1.5 0   348.3 0   312.8 0   311.1 0   420.7 0   295.7 0   295.7 0     0.0 2    -0.1 0 -9999.9 1   -72.4 0 -9999.9 1 -9999.9 1 -9999.9 1 -9999.9 1   220.4 0 -9999.9 1
 1999 187  7  6  2 24  2.400  99.63    -3.6 0 -9999.9 1 -9999.9 1    -1.6 0   348.3 0   312.6 0   311.0 0   420.2 0   295.6 0   295.5 0     0.0 2    -0.1 0 -9999.9 1   -71.9 0 -9999.9 1 -9999.9 1 -9999.9 1 -9999.9 1   220.7 0 -9999.9 1
 1999 187  7  6  2 27  2.450 100.06    -3.6 0 -9999.9 1 -9999.9 1    -1.7 0   347.7 0   312.5 0   311.0 0   419.1 0   295.5 0   295.4 0     0.0 2    -0.1 0 -9999.9 1   -71.4 0 -9999.9 1 -9999.9 1 -9999.9 1 -9999.9 1   221.6 0 -9999.9 1
 1999 187  7  6  2 33  2.550 100.91    -3.5 0 -9999.9 1 -9999.9 1    -2.0 0   344.3 0   312.1 0   310.9 0   416.4 0   295.1 0   295.0 0     0.0 2    -0.1 0 -9999.9 1   -72.1 0 -9999.9 1 -9999.9 1 -9999.9 1 -9999.9 1   218.8 0 -9999.9 1
 1999 187  7  6  2 36  2.600 101.33    -3.5 0 -9999.9 1 -9999.9 1    -1.8 0   344.4 0   312.0 0   310.7 0   416.2 0   294.9 0   294.8 0     0.0 2    -0.1 0 -9999.9 1   -71.8 0 -9999.9 1 -9999.9 1 -9999.9 1 -9999.9 1   222.7 0 -9999.9 1
 1999 187  7  6  2 39  2.650 101.75    -3.5 0 -9999.9 1 -9999.9 1    -1.6 0   345.1 0   312.0 0   310.5 0   416.8 0   294.9 0   294.8 0     0.0 2    -0.1 0 -9999.9 1   -71.7 0 -9999.9 1 -9999.9 1 -9999.9 1 -9999.9 1   224.3 0 -9999.9 1
 1999 187  7  6  2 42  2.700 102.17    -3.6 0 -9999.9 1 -9999.9 1    -1.5 0   345.8 0   312.0 0   310.5 0   417.8 0   294.9 0   294.8 0     0.0 2    -0.1 0 -9999.9 1   -72.0 0 -9999.9 1 -9999.9 1 -9999.9 1 -9999.9 1   224.0 0 -9999.9 1
 1999 187  7  6  2 48  2.800 102.98    -3.7 0 -9999.9 1 -9999.9 1    -1.4 0   348.0 0   312.0 0   310.4 0   419.2 0   294.9 0   294.8 0     0.0 2    -0.1 0 -9999.9 1   -71.2 0 -9999.9 1 -9999.9 1 -9999.9 1 -9999.9 1   225.1 0 -9999.9 1
 1999 187  7  6  2 51  2.850 103.38    -3.7 0 -9999.9 1 -9999.9 1    -1.5 0   347.5 0   312.0 0   310.4 0   419.4 0   294.9 0   294.8 0     0.0 2    -0.1 0 -9999.9 1   -72.0 0 -9999.9 1 -9999.9 1 -9999.9 1 -9999.9 1   222.4 0 -9999.9 1
 1999 187  7  6  2 54  2.900 103.78    -3.7 0 -9999.9 1 -9999.9 1    -1.6 0   346.0 0   311.9 0   310.4 0   418.9 0   294.8 0   294.7 0     0.0 2    -0.1 0 -9999.9 1   -73.0 0 -9999.9 1 -9999.9 1 -9999.9 1 -9999.9 1   221.9 0 -9999.9 1
 1999 187  7  6  2 57  2.950 104.17    -3.8 0 -9999.9 1 -9999.9 1    -1.4 0   346.3 0   311.7 0   310.1 0   419.0 0   294.7 0   294.6 0     0.0 2    -0.2 0 -9999.9 1   -72.7 0 -9999.9 1 -9999.9 1 -9999.9 1 -9999.9 1   219.6 0 -9999.9 1
 1999 187  7  6  3  3  3.050 104.94    -3.8 0 -9999.9 1 -9999.9 1    -1.0 0   346.2 0   311.7 0   310.1 0   419.3 0   294.7 0   294.6 0     0.0 2    -0.1 0 -9999.9 1   -73.1 0 -9999.9 1 -9999.9 1 -9999.9 1 -9999.9 1   215.4 0 -9999.9 1
 1999 187  7  6  3  6  3.100 105.32    -3.8 0 -9999.9 1 -9999.9 1    -1.3 0   348.3 0   311.8 0   310.3 0   419.8 0   294.8 0   294.7 0     0.0 2    -0.2 0 -9999.9 1   -71.4 0 -9999.9 1 -9999.9 1 -9999.9 1 -9999.9 1   220.5 0 -9999.9 1
 1999 187  7  6  3  9  3.150 105.70    -3.8 0 -9999.9 1 -9999.9 1    -1.6 0   348.1 0   311.7 0   310.4 0   419.4 0   294.8 0   294.7 0     0.0 2    -0.2 0 -9999.9 1   -71.3 0 -9999.9 1 -9999.9 1 -9999.9 1 -9999.9 1   223.2 0 -9999.9 1
 1999 187  7  6  3 12  3.200 106.07    -3.6 0 -9999.9 1 -9999.9 1    -1.4 0   347.2 0   311.7 0   310.4 0   419.0 0   294.8 0   294.7 0     0.0 2    -0.2 0 -9999.9 1   -71.8 0 -9999.9 1 -9999.9 1 -9999.9 1 -9999.9 1   219.7 0 -9999.9 1
 1999 187  7  6  3 18  3.300 106.79    -3.6 0 -9999.9 1 -9999.9 1    -0.8 0   348.0 0   311.7 0   310.3 0   420.0 0   294.8 0   294.8 0     0.0 0    -0.2 0 -9999.9 1   -72.0 0 -9999.9 1 -9999.9 1 -9999.9 1 -9999.9 1   213.4 0 -9999.9 1
 1999 187  7  6  3 21  3.350 107.15    -3.7 0 -9999.9 1 -9999.9 1    -0.4 0   348.6 0   311.6 0   310.1 0   420.8 0   294.7 0   294.7 0     0.0 2    -0.2 0 -9999.9 1   -72.2 0 -9999.9 1 -9999.9 1 -9999.9 1 -9999.9 1   210.9 0 -9999.9 1
 1999 187  7  6  3 24  3.400 107.50    -3.9 0 -9999.9 1 -9999.9 1     0.1 0   349.7 0   311.6 0   309.9 0   422.1 0   294.7 0   294.7 0     0.0 2    -0.1 0 -9999.9 1   -72.4 0 -9999.9 1 -9999.9 1 -9999.9 1 -9999.9 1   211.9 0 -9999.9 1
 1999 187  7  6  3 27  3.450 107.85    -4.1 0 -9999.9 1 -9999.9 1     0.7 0   351.7 0   311.7 0   309.9 0   423.4 0   294.8 0   294.8 0     0.0 0    -0.2 0 -9999.9 1   -71.6 0 -9999.9 1 -9999.9 1 -9999.9 1 -9999.9 1   211.6 0 -9999.9 1
 1999 187  7  6  3 33  3.550 108.53    -4.2 0 -9999.9 1 -9999.9 1     1.1 0   353.5 0   311.6 0   309.8 0   424.7 0   294.9 0   294.9 0     0.0 0    -0.2 0 -9999.9 1   -71.1 0 -9999.9 1 -9999.9 1 -9999.9 1 -9999.9 1   216.2 0 -9999.9 1
 1999 187  7  6  3 36  3.600 108.86    -4.3 0 -9999.9 1 -9999.9 1     1.3 0   353.5 0   311.4 0   309.6 0   424.2 0   294.9 0   294.8 0     0.0 0    -0.2 0 -9999.9 1   -70.7 0 -9999.9 1 -9999.9 1 -9999.9 1 -9999.9 1   219.2 0 -9999.9 1
 1999 187  7  6  3 39  3.650 109.18    -4.3 0 -9999.9 1 -9999.9 1     0.7 0   354.0 0   311.4 0   309.7 0   424.1 0   294.9 0   294.9 0     0.0 0    -0.2 0 -9999.9 1   -70.1 0 -9999.9 1 -9999.9 1 -9999.9 1 -9999.9 1   220.2 0 -9999.9 1
 1999 187  7  6  3 42  3.700 109.50    -4.3 0 -9999.9 1 -9999.9 1     0.4 0   354.7 0   311.4 0   309.8 0   424.0 0   295.0 0   295.0 0     0.0 0    -0.2 0 -9999.9 1   -69.3 0 -9999.9 1 -9999.9 1 -9999.9 1 -9999.9 1   221.4 0 -9999.9 1
 1999 187  7  6  3 48  3.800 110.13    -4.2 0 -9999.9 1 -9999.9 1     0.9 0   356.0 0   311.3 0   309.6 0   424.2 0   295.1 0   295.0 0     0.0 0    -0.2 0 -9999.9 1   -68.2 0 -9999.9 1 -9999.9 1 -9999.9 1 -9999.9 1   218.2 0 -9999.9 1
 1999 187  7  6  3 51  3.850 110.43    -4.2 0 -9999.9 1 -9999.9 1     1.4 0   356.6 0   311.2 0   309.5 0   424.2 0   295.1 0   295.0 0     0.0 0    -0.2 0 -9999.9 1   -67.6 0 -9999.9 1 -9999.9 1 -9999.9 1 -9999.9 1   215.3 0 -9999.9 1
 1999 187  7  6  3 54  3.900 110.73    -4.2 0 -9999.9 1 -9999.9 1     1.2 0   355.0 0   311.0 0   309.4 0   423.5 0   295.0 0   294.9 0     0.0 0    -0.2 0 -9999.9 1   -68.4 0 -9999.9 1 -9999.9 1 -9999.9 1 -9999.9 1   213.6 0 -9999.9 1
 1999 187  7  6  3 57  3.950 111.02    -4.2 0 -9999.9 1 -9999.9 1     0.8 0   354.0 0   310.9 0   309.3 0   423.0 0   294.9 0   294.8 0     0.0 0    -0.2 0 -9999.9 1   -68.9 0 -9999.9 1 -9999.9 1 -9999.9 1 -9999.9 1   214.9 0 -9999.9 1
 1999 187  7  6  4  3  4.050 111.59    -4.1 0 -9999.9 1 -9999.9 1     0.3 0   351.4 0   310.6 0   309.1 0   421.3 0   294.7 0   294.6 0     0.0 0    -0.2 0 -9999.9 1   -70.0 0 -9999.9 1 -9999.9 1 -9999.9 1 -9999.9 1   223.6 0 -9999.9 1
 1999 187  7  6  4  6  4.100 111.86    -4.1 0 -9999.9 1 -9999.9 1     0.6 0   351.0 0   310.5 0   308.9 0   421.1 0   294.6 0   294.6 0     0.0 2    -0.1 0 -9999.9 1   -70.1 0 -9999.9 1 -9999.9 1 -9999.9 1 -9999.9 1   225.0 0 -9999.9 1
 1999 187  7  6  4  9  4.150 112.13    -4.1 0 -9999.9 1 -9999.9 1     0.9 0   350.4 0   310.4 0   308.7 0   421.1 0   294.5 0   294.5 0     0.0 2    -0.2 0 -9999.9 1   -70.7 0 -9999.9 1 -9999.9 1 -9999.9 1 -9999.9 1   224.5 0 -9999.9 1
 1999 187  7  6  4 12  4.200 112.39    -4.2 0 -9999.9 1 -9999.9 1     0.9 0   348.7 0   310.3 0   308.6 0   420.8 0   294.4 0   294.3 0     0.0 2    -0.1 0 -9999.9 1   -72.1 0 -9999.9 1 -9999.9 1 -9999.9 1 -9999.9 1   227.1 0 -9999.9 1
 1999 187  7  6  4 18  4.300 112.90    -4.2 0 -9999.9 1 -9999.9 1     1.1 0   347.7 0   310.1 0   308.4 0   420.2 0   294.3 0   294.2 0     0.0 2    -0.1 0 -9999.9 1   -72.5 0 -9999.9 1 -9999.9 1 -9999.9 1 -9999.9 1   223.8 0 -9999.9 1
 1999 187  7  6  4 21  4.350 113.14    -4.3 0 -9999.9 1 -9999.9 1     0.9 0   346.4 0   310.0 0   308.2 0   419.5 0   294.2 0   294.1 0     0.0 2    -0.1 0 -9999.9 1   -73.1 0 -9999.9 1 -9999.9 1 -9999.9 1 -9999.9 1   224.6 0 -9999.9 1
 1999 187  7  6  4 24  4.400 113.38    -4.2 0 -9999.9 1 -9999.9 1     0.2 0   346.0 0   309.8 0   308.2 0   418.7 0   294.1 0   294.0 0     0.0 2    -0.1 0 -9999.9 1   -72.7 0 -9999.9 1 -9999.9 1 -9999.9 1 -9999.9 1   227.1 0 -9999.9 1
 1999 187  7  6  4 27  4.450 113.61    -4.1 0 -9999.9 1 -9999.9 1    -0.2 0   345.3 0   309.8 0   308.1 0   418.4 0   294.1 0   294.0 0     0.0 2    -0.1 0 -9999.9 1   -73.0 0 -9999.9 1 -9999.9 1 -9999.9 1 -9999.9 1   230.8 0 -9999.9 1
 1999 187  7  6  4 33  4.550 114.05    -4.1 0 -9999.9 1 -9999.9 1    -0.7 0   345.9 0   309.5 0   307.8 0   418.7 0   294.0 0   293.9 0     0.0 2    -0.2 0 -9999.9 1   -72.8 0 -9999.9 1 -9999.9 1 -9999.9 1 -9999.9 1   231.6 0 -9999.9 1
 1999 187  7  6  4 36  4.600 114.26    -4.3 0 -9999.9 1 -9999.9 1    -0.1 0   346.2 0   309.5 0   307.7 0   419.5 0   294.0 0   293.9 0     0.0 2    -0.2 0 -9999.9 1   -73.2 0 -9999.9 1 -9999.9 1 -9999.9 1 -9999.9 1   231.4 0 -9999.9 1
 1999 187  7  6  4 39  4.650 114.47    -4.3 0 -9999.9 1 -9999.9 1     0.2 0   347.9 0   309.5 0   307.7 0   419.9 0   294.1 0   294.0 0     0.0 2    -0.2 0 -9999.9 1   -71.9 0 -9999.9 1 -9999.9 1 -9999.9 1 -9999.9 1   228.6 0 -9999.9 1
 1999 187  7  6  4 42  4.700 114.66    -4.2 0 -9999.9 1 -9999.9 1     0.1 0   348.3 0   309.5 0   307.8 0   420.0 0   294.1 0   294.1 0     0.0 2    -0.1 0 -9999.9 1   -71.7 0 -9999.9 1 -9999.9 1 -9999.9 1 -9999.9 1   227.7 0 -9999.9 1
 1999 187  7  6  4 48  4.800 115.04    -4.2 0 -9999.9 1 -9999.9 1    -0.1 0   349.7 0   309.4 0   307.7 0   420.5 0   294.2 0   294.2 0     0.0 2    -0.1 0 -9999.9 1   -70.8 0 -9999.9 1 -9999.9 1 -9999.9 1 -9999.9 1   230.0 0 -9999.9 1
 1999 187  7  6  4 51  4.850 115.21    -4.2 0 -9999.9 1 -9999.9 1     0.2 0   349.7 0   309.4 0   307.7 0   420.9 0   294.3 0   294.2 0     0.0 2    -0.1 0 -9999.9 1   -71.3 0 -9999.9 1 -9999.9 1 -9999.9 1 -9999.9 1   230.2 0 -9999.9 1
 1999 187  7  6  4 54  4.900 115.38    -4.2 0 -9999.9 1 -9999.9 1     0.4 0   350.0 0   309.4 0   307.7 0   421.1 0   294.3 0   294.2 0     0.0 2    -0.1 0 -9999.9 1   -71.0 0 -9999.9 1 -9999.9 1 -9999.9 1 -9999.9 1   231.1 0 -9999.9 1
 1999 187  7  6  4 57  4.950 115.54    -4.3 0 -9999.9 1 -9999.9 1     0.1 0   349.4 0   309.3 0   307.7 0   420.8 0   294.3 0   294.3 0     0.0 2    -0.1 0 -9999.9 1   -71.4 0 -9999.9 1 -9999.9 1 -9999.9 1 -9999.9 1   234.4 0 -9999.9 1
 1999 187  7  6  5  3  5.050 115.85    -4.1 0 -9999.9 1 -9999.9 1    -0.1 0   349.8 0   309.3 0   307.7 0   420.4 0   294.4 0   294.3 0     0.0 2    -0.2 0 -9999.9 1   -70.6 0 -9999.9 1 -9999.9 1 -9999.9 1 -9999.9 1   232.8 0 -9999.9 1
 1999 187  7  6  5  6  5.100 115.99    -4.2 0 -9999.9 1 -9999.9 1     0.1 0   349.5 0   309.2 0   307.6 0   420.3 0   294.4 0   294.3 0     0.0 2    -0.1 0 -9999.9 1   -70.7 0 -9999.9 1 -9999.9 1 -9999.9 1 -9999.9 1   230.8 0 -9999.9 1
 1999 187  7  6  5  9  5.150 116.12    -4.2 0 -9999.9 1 -9999.9 1     0.4 0   349.0 0   309.2 0   307.6 0   420.6 0   294.4 0   294.3 0     0.0 2    -0.1 0 -9999.9 1   -71.7 0 -9999.9 1 -9999.9 1 -9999.9 1 -9999.9 1   227.2 0 -9999.9 1
 1999 187  7  6  5 12  5.200 116.24    -4.3 0 -9999.9 1 -9999.9 1     0.8 0   350.9 0   309.3 0   307.6 0   421.9 0   294.5 0   294.4 0     0.0 0     0.0 0 -9999.9 1   -70.9 0 -9999.9 1 -9999.9 1 -9999.9 1 -9999.9 1   226.2 0 -9999.9 1
 1999 187  7  6  5 18  5.300 116.47    -4.3 0 -9999.9 1 -9999.9 1     1.1 0   354.1 0   309.4 0   307.6 0   423.3 0   294.7 0   294.6 0     0.0 0    -0.1 0 -9999.9 1   -69.2 0 -9999.9 1 -9999.9 1 -9999.9 1 -9999.9 1   226.6 0 -9999.9 1
 1999 187  7  6  5 21  5.350 116.58    -4.4 0 -9999.9 1 -9999.9 1     0.6 0   354.1 0   309.4 0   307.6 0   423.3 0   294.7 0   294.6 0     0.0 0    -0.1 0 -9999.9 1   -69.2 0 -9999.9 1 -9999.9 1 -9999.9 1 -9999.9 1   232.1 0 -9999.9 1
 1999 187  7  6  5 24  5.400 116.67    -4.5 0 -9999.9 1 -9999.9 1     0.6 0   354.1 0   309.3 0   307.5 0   423.0 0   294.6 0   294.6 0     0.0 0    -0.1 0 -9999.9 1   -68.9 0 -9999.9 1 -9999.9 1 -9999.9 1 -9999.9 1   235.1 0 -9999.9 1
 1999 187  7  6  5 27  5.450 116.76    -4.4 0 -9999.9 1 -9999.9 1     0.6 0   353.6 0   309.1 0   307.4 0   423.4 0   294.6 0   294.6 0     0.0 0    -0.2 0 -9999.9 1   -69.8 0 -9999.9 1 -9999.9 1 -9999.9 1 -9999.9 1   238.1 0 -9999.9 1
 1999 187  7  6  5 33  5.550 116.91    -4.7 0 -9999.9 1 -9999.9 1     0.4 0   353.5 0   308.9 0   307.1 0   423.1 0   294.6 0   294.5 0     0.0 0    -0.1 0 -9999.9 1   -69.6 0 -9999.9 1 -9999.9 1 -9999.9 1 -9999.9 1   240.1 0 -9999.9 1
 1999 187  7  6  5 36  5.600 116.98    -4.6 0 -9999.9 1 -9999.9 1     0.8 0   354.4 0   308.7 0   306.9 0   422.8 0   294.6 0   294.5 0     0.0 0    -0.1 0 -9999.9 1   -68.4 0 -9999.9 1 -9999.9 1 -9999.9 1 -9999.9 1   246.7 0 -9999.9 1
 1999 187  7  6  5 39  5.650 117.04    -4.6 0 -9999.9 1 -9999.9 1     1.2 0   354.8 0   308.7 0   306.9 0   423.2 0   294.7 0   294.6 0     0.0 0    -0.2 0 -9999.9 1   -68.4 0 -9999.9 1 -9999.9 1 -9999.9 1 -9999.9 1   246.1 0 -9999.9 1
 1999 187  7  6  5 42  5.700 117.09    -4.6 0 -9999.9 1 -9999.9 1     0.6 0   356.0 0   308.6 0   306.8 0   423.1 0   294.7 0   294.6 0     0.0 0    -0.1 0 -9999.9 1   -67.2 0 -9999.9 1 -9999.9 1 -9999.9 1 -9999.9 1   247.3 0 -9999.9 1
 1999 187  7  6  5 48  5.800 117.16    -4.6 0 -9999.9 1 -9999.9 1     0.5 0   355.9 0   308.5 0   306.6 0   423.6 0   294.7 0   294.7 0     0.0 0    -0.1 0 -9999.9 1   -67.7 0 -9999.9 1 -9999.9 1 -9999.9 1 -9999.9 1   253.1 0 -9999.9 1
 1999 187  7  6  5 51  5.850 117.19    -4.6 0 -9999.9 1 -9999.9 1     0.2 0   353.4 0   308.2 0   306.4 0   422.0 0   294.5 0   294.5 0     0.0 0    -0.1 0 -9999.9 1   -68.6 0 -9999.9 1 -9999.9 1 -9999.9 1 -9999.9 1   256.3 0 -9999.9 1
 1999 187  7  6  5 54  5.900 117.21    -4.5 0 -9999.9 1 -9999.9 1    -0.2 0   352.7 0   308.1 0   306.4 0   421.9 0   294.5 0   294.5 0     0.0 0    -0.1 0 -9999.9 1   -69.2 0 -9999.9 1 -9999.9 1 -9999.9 1 -9999.9 1   259.0 0 -9999.9 1
 1999 187  7  6  5 57  5.950 117.22    -4.5 0 -9999.9 1 -9999.9 1    -0.2 0   351.6 0   307.9 0   306.2 0   421.0 0   294.4 0   294.3 0     0.0 2    -0.2 0 -9999.9 1   -69.4 0 -9999.9 1 -9999.9 1 -9999.9 1 -9999.9 1   260.9 0 -9999.9 1
 1999 187  7  6  6  3  6.050 117.22    -4.5 0 -9999.9 1 -9999.9 1    -0.2 0   352.2 0   307.8 0   306.1 0   421.0 0   294.5 0   294.4 0     0.0 0     0.0 0 -9999.9 1   -68.8 0 -9999.9 1 -9999.9 1 -9999.9 1 -9999.9 1   259.3 0 -9999.9 1
 1999 187  7  6  6  6  6.100 117.20    -4.4 0 -9999.9 1 -9999.9 1    -0.3 0   352.5 0   307.8 0   306.2 0   421.3 0   294.5 0   294.5 0     0.0 0    -0.1 0 -9999.9 1   -68.8 0 -9999.9 1 -9999.9 1 -9999.9 1 -9999.9 1   256.2 0 -9999.9 1
 1999 187  7  6  6  9  6.150 117.18    -4.2 0 -9999.9 1 -9999.9 1    -0.7 0   352.7 0   307.8 0   306.3 0   421.6 0   294.6 0   294.5 0     0.0 0    -0.1 0 -9999.9 1   -68.9 0 -9999.9 1 -9999.9 1 -9999.9 1 -9999.9 1   252.9 0 -9999.9 1
 1999 187  7  6  6 12  6.200 117.16    -4.2 0 -9999.9 1 -9999.9 1    -0.5 0   353.1 0   307.8 0   306.3 0   421.6 0   294.6 0   294.5 0     0.0 0    -0.1 0 -9999.9 1   -68.5 0 -9999.9 1 -9999.9 1 -9999.9 1 -9999.9 1   256.7 0 -9999.9 1
 1999 187  7  6  6 18  6.300 117.08    -4.2 0 -9999.9 1 -9999.9 1    -0.9 0   351.5 0   307.6 0   306.0 0   420.4 0   294.4 0   294.4 0     0.0 0    -0.2 0 -9999.9 1   -68.9 0 -9999.9 1 -9999.9 1 -9999.9 1 -9999.9 1   247.6 0 -9999.9 1
 1999 187  7  6  6 21  6.350 117.02    -4.2 0 -9999.9 1 -9999.9 1    -0.7 0   351.0 0   307.6 0   306.0 0   419.9 0   294.3 0   294.2 0     0.0 0    -0.1 0 -9999.9 1   -68.9 0 -9999.9 1 -9999.9 1 -9999.9 1 -9999.9 1   242.6 0 -9999.9 1
 1999 187  7  6  6 24  6.400 116.97    -4.1 0 -9999.9 1 -9999.9 1    -0.6 0   351.6 0   307.5 0   306.0 0   419.9 0   294.2 0   294.2 0     0.0 0    -0.2 0 -9999.9 1   -68.3 0 -9999.9 1 -9999.9 1 -9999.9 1 -9999.9 1   243.9 0 -9999.9 1
 1999 187  7  6  6 27  6.450 116.90    -4.1 0 -9999.9 1 -9999.9 1    -0.9 0   351.2 0   307.5 0   305.9 0   419.4 0   294.1 0   294.1 0     0.0 0    -0.1 0 -9999.9 1   -68.2 0 -9999.9 1 -9999.9 1 -9999.9 1 -9999.9 1   245.1 0 -9999.9 1
 1999 187  7  6  6 33  6.550 116.74    -4.1 0 -9999.9 1 -9999.9 1    -0.5 0   349.1 0   307.4 0   305.8 0   419.1 0   294.0 0   293.9 0     0.0 0    -0.2 0 -9999.9 1   -70.0 0 -9999.9 1 -9999.9 1 -9999.9 1 -9999.9 1   237.5 0 -9999.9 1
 1999 187  7  6  6 36  6.600 116.65    -4.3 0 -9999.9 1 -9999.9 1    -0.1 0   349.4 0   307.4 0   305.7 0   419.8 0   293.9 0   293.9 0     0.0 2    -0.1 0 -9999.9 1   -70.4 0 -9999.9 1 -9999.9 1 -9999.9 1 -9999.9 1   233.6 0 -9999.9 1
 1999 187  7  6  6 39  6.650 116.56    -4.4 0 -9999.9 1 -9999.9 1    -0.2 0   351.3 0   307.4 0   305.7 0   420.2 0   293.9 0   293.9 0     0.0 2    -0.2 0 -9999.9 1   -68.9 0 -9999.9 1 -9999.9 1 -9999.9 1 -9999.9 1   235.1 0 -9999.9 1
 1999 187  7  6  6 42  6.700 116.45    -4.3 0 -9999.9 1 -9999.9 1    -0.2 0   349.8 0   307.4 0   305.8 0   419.3 0   293.9 0   293.8 0     0.0 2    -0.1 0 -9999.9 1   -69.5 0 -9999.9 1 -9999.9 1 -9999.9 1 -9999.9 1   235.1 0 -9999.9 1
 1999 187  7  6  6 48  6.800 116.22    -4.2 0 -9999.9 1 -9999.9 1     0.1 0   348.9 0   307.5 0   305.9 0   419.1 0   293.9 0   293.8 0     0.0 0    -0.2 0 -9999.9 1   -70.2 0 -9999.9 1 -9999.9 1 -9999.9 1 -9999.9 1   230.1 0 -9999.9 1
 1999 187  7  6  6 51  6.850 116.09    -4.2 0 -9999.9 1 -9999.9 1     0.0 0   347.8 0   307.5 0   305.9 0   418.4 0   293.9 0   293.8 0     0.0 2    -0.1 0 -9999.9 1   -70.6 0 -9999.9 1 -9999.9 1 -9999.9 1 -9999.9 1   230.2 0 -9999.9 1
 1999 187  7  6  6 54  6.900 115.96    -4.2 0 -9999.9 1 -9999.9 1     0.4 0   348.2 0   307.5 0   305.9 0   418.2 0   293.9 0   293.8 0     0.0 0    -0.1 0 -9999.9 1   -70.0 0 -9999.9 1 -9999.9 1 -9999.9 1 -9999.9 1   227.9 0 -9999.9 1
 1999 187  7  6  6 57  6.950 115.81    -4.1 0 -9999.9 1 -9999.9 1     0.2 0   349.7 0   307.7 0   306.1 0   418.8 0   293.9 0   293.8 0     0.0 0    -0.1 0 -9999.9 1   -69.1 0 -9999.9 1 -9999.9 1 -9999.9 1 -9999.9 1   229.0 0 -9999.9 1
 1999 187  7  6  7  3  7.050 115.51    -4.0 0 -9999.9 1 -9999.9 1     0.0 0   351.0 0   307.8 0   306.2 0   419.0 0   293.9 0   293.9 0     0.0 0    -0.1 0 -9999.9 1   -68.0 0 -9999.9 1 -9999.9 1 -9999.9 1 -9999.9 1   233.3 0 -9999.9 1
 1999 187  7  6  7  6  7.100 115.35    -4.1 0 -9999.9 1 -9999.9 1    -0.1 0   351.3 0   307.8 0   306.2 0   419.2 0   293.9 0   293.8 0     0.0 0    -0.1 0 -9999.9 1   -67.9 0 -9999.9 1 -9999.9 1 -9999.9 1 -9999.9 1   234.1 0 -9999.9 1
 1999 187  7  6  7  9  7.150 115.17    -4.1 0 -9999.9 1 -9999.9 1    -0.3 0   351.5 0   307.8 0   306.3 0   419.3 0   293.9 0   293.8 0     0.0 0    -0.1 0 -9999.9 1   -67.9 0 -9999.9 1 -9999.9 1 -9999.9 1 -9999.9 1   237.9 0 -9999.9 1
 1999 187  7  6  7 12  7.200 115.00    -4.0 0 -9999.9 1 -9999.9 1    -0.2 0   351.4 0   307.8 0   306.2 0   419.4 0   293.8 0   293.7 0     0.0 0    -0.2 0 -9999.9 1   -68.1 0 -9999.9 1 -9999.9 1 -9999.9 1 -9999.9 1   235.2 0 -9999.9 1
 1999 187  7  6  7 18  7.300 114.62    -4.1 0 -9999.9 1 -9999.9 1     0.3 0   351.0 0   307.7 0   306.1 0   419.2 0   293.7 0   293.7 0     0.0 0    -0.1 0 -9999.9 1   -68.2 0 -9999.9 1 -9999.9 1 -9999.9 1 -9999.9 1   231.2 0 -9999.9 1
 1999 187  7  6  7 21  7.350 114.42    -4.2 0 -9999.9 1 -9999.9 1     0.1 0   352.0 0   307.8 0   306.1 0   419.6 0   293.8 0   293.7 0     0.0 0    -0.1 0 -9999.9 1   -67.6 0 -9999.9 1 -9999.9 1 -9999.9 1 -9999.9 1   231.0 0 -9999.9 1
 1999 187  7  6  7 24  7.400 114.22    -4.3 0 -9999.9 1 -9999.9 1     0.3 0   352.9 0   307.9 0   306.2 0   419.9 0   293.8 0   293.8 0     0.0 0    -0.2 0 -9999.9 1   -67.0 0 -9999.9 1 -9999.9 1 -9999.9 1 -9999.9 1   229.1 0 -9999.9 1
 1999 187  7  6  7 27  7.450 114.00    -4.3 0 -9999.9 1 -9999.9 1     0.4 0   352.2 0   307.8 0   306.1 0   419.6 0   293.7 0   293.7 0     0.0 0    -0.2 0 -9999.9 1   -67.4 0 -9999.9 1 -9999.9 1 -9999.9 1 -9999.9 1   228.9 0 -9999.9 1
 1999 187  7  6  7 33  7.550 113.56    -4.5 0 -9999.9 1 -9999.9 1     0.5 0   351.5 0   307.7 0   305.9 0   420.0 0   293.7 0   293.6 0     0.0 0    -0.2 0 -9999.9 1   -68.5 0 -9999.9 1 -9999.9 1 -9999.9 1 -9999.9 1   229.1 0 -9999.9 1
 1999 187  7  6  7 36  7.600 113.33    -4.5 0 -9999.9 1 -9999.9 1     0.6 0   351.3 0   307.7 0   305.9 0   420.3 0   293.7 0   293.7 0     0.0 0    -0.1 0 -9999.9 1   -68.9 0 -9999.9 1 -9999.9 1 -9999.9 1 -9999.9 1   226.1 0 -9999.9 1
 1999 187  7  6  7 39  7.650 113.09    -4.6 0 -9999.9 1 -9999.9 1     0.9 0   352.2 0   307.7 0   305.8 0   420.4 0   293.7 0   293.7 0     0.0 0    -0.2 0 -9999.9 1   -68.2 0 -9999.9 1 -9999.9 1 -9999.9 1 -9999.9 1   228.8 0 -9999.9 1
 1999 187  7  6  7 42  7.700 112.85    -4.7 0 -9999.9 1 -9999.9 1     1.3 0   351.6 0   307.6 0   305.8 0   419.9 0   293.6 0   293.6 0     0.0 2    -0.2 0 -9999.9 1   -68.3 0 -9999.9 1 -9999.9 1 -9999.9 1 -9999.9 1   230.2 0 -9999.9 1
 1999 187  7  6  7 48  7.800 112.34    -4.7 0 -9999.9 1 -9999.9 1     0.7 0   353.4 0   307.5 0   305.7 0   420.7 0   293.7 0   293.7 0     0.0 2    -0.2 0 -9999.9 1   -67.3 0 -9999.9 1 -9999.9 1 -9999.9 1 -9999.9 1   234.4 0 -9999.9 1
 1999 187  7  6  7 51  7.850 112.07    -4.7 0 -9999.9 1 -9999.9 1     0.7 0   354.2 0   307.5 0   305.7 0   421.2 0   293.9 0   293.8 0     0.0 0    -0.2 0 -9999.9 1   -67.0 0 -9999.9 1 -9999.9 1 -9999.9 1 -9999.9 1   232.4 0 -9999.9 1
 1999 187  7  6  7 54  7.900 111.80    -4.7 0 -9999.9 1 -9999.9 1     1.1 0   355.9 0   307.5 0   305.7 0   422.0 0   294.0 0   294.0 0     0.0 0    -0.2 0 -9999.9 1   -66.2 0 -9999.9 1 -9999.9 1 -9999.9 1 -9999.9 1   230.9 0 -9999.9 1
 1999 187  7  6  7 57  7.950 111.53    -4.8 0 -9999.9 1 -9999.9 1     1.4 0   356.4 0   307.5 0   305.7 0   422.1 0   294.1 0   294.0 0     0.0 0    -0.2 0 -9999.9 1   -65.8 0 -9999.9 1 -9999.9 1 -9999.9 1 -9999.9 1   235.2 0 -9999.9 1
 1999 187  7  6  8  3  8.050 110.96    -4.6 0 -9999.9 1 -9999.9 1     0.8 0   358.5 0   307.4 0   305.7 0   421.6 0   294.1 0   294.1 0     0.0 0    -0.1 0 -9999.9 1   -63.1 0 -9999.9 1 -9999.9 1 -9999.9 1 -9999.9 1   246.0 0 -9999.9 1
 1999 187  7  6  8  6  8.100 110.66    -4.5 0 -9999.9 1 -9999.9 1     0.5 0   358.8 0   307.3 0   305.7 0   421.4 0   294.1 0   294.1 0     0.0 0    -0.1 0 -9999.9 1   -62.6 0 -9999.9 1 -9999.9 1 -9999.9 1 -9999.9 1   250.9 0 -9999.9 1
 1999 187  7  6  8  9  8.150 110.37    -4.4 0 -9999.9 1 -9999.9 1     0.9 0   359.3 0   307.3 0   305.6 0   421.4 0   294.1 0   294.1 0     0.0 0    -0.2 0 -9999.9 1   -62.1 0 -9999.9 1 -9999.9 1 -9999.9 1 -9999.9 1   248.7 0 -9999.9 1
 1999 187  7  6  8 12  8.200 110.06    -4.4 0 -9999.9 1 -9999.9 1     0.6 0   357.6 0   307.1 0   305.5 0   420.7 0   294.0 0   294.0 0     0.0 0    -0.1 0 -9999.9 1   -63.2 0 -9999.9 1 -9999.9 1 -9999.9 1 -9999.9 1   247.4 0 -9999.9 1
 1999 187  7  6  8 18  8.300 109.43    -4.4 0 -9999.9 1 -9999.9 1     0.8 0   357.6 0   307.2 0   305.5 0   421.2 0   294.1 0   294.0 0     0.0 0    -0.2 0 -9999.9 1   -63.6 0 -9999.9 1 -9999.9 1 -9999.9 1 -9999.9 1   241.2 0 -9999.9 1
 1999 187  7  6  8 21  8.350 109.11    -4.5 0 -9999.9 1 -9999.9 1     0.7 0   357.3 0   307.1 0   305.5 0   420.6 0   294.0 0   293.9 0     0.0 0    -0.1 0 -9999.9 1   -63.3 0 -9999.9 1 -9999.9 1 -9999.9 1 -9999.9 1   249.1 0 -9999.9 1
 1999 187  7  6  8 24  8.400 108.79    -4.4 0 -9999.9 1 -9999.9 1     0.4 0   357.8 0   307.0 0   305.4 0   420.2 0   293.9 0   293.9 0     0.0 0    -0.2 0 -9999.9 1   -62.4 0 -9999.9 1 -9999.9 1 -9999.9 1 -9999.9 1   250.4 0 -9999.9 1
 1999 187  7  6  8 27  8.450 108.45    -4.3 0 -9999.9 1 -9999.9 1    -0.1 0   357.8 0   306.9 0   305.3 0   420.0 0   293.9 0   293.8 0     0.0 0    -0.2 0 -9999.9 1   -62.2 0 -9999.9 1 -9999.9 1 -9999.9 1 -9999.9 1   249.5 0 -9999.9 1
 1999 187  7  6  8 33  8.550 107.77    -4.1 0 -9999.9 1 -9999.9 1    -0.2 0   356.6 0   306.8 0   305.3 0   418.6 0   293.7 0   293.7 0     0.0 0    -0.2 0 -9999.9 1   -62.0 0 -9999.9 1 -9999.9 1 -9999.9 1 -9999.9 1   248.4 0 -9999.9 1
 1999 187  7  6  8 36  8.600 107.43    -4.0 0 -9999.9 1 -9999.9 1    -0.3 0   357.3 0   306.8 0   305.3 0   418.7 0   293.7 0   293.7 0     0.0 0    -0.2 0 -9999.9 1   -61.4 0 -9999.9 1 -9999.9 1 -9999.9 1 -9999.9 1   247.9 0 -9999.9 1
 1999 187  7  6  8 39  8.650 107.08    -4.1 0 -9999.9 1 -9999.9 1    -0.2 0   356.9 0   306.7 0   305.2 0   418.3 0   293.7 0   293.6 0     0.0 0    -0.2 0 -9999.9 1   -61.3 0 -9999.9 1 -9999.9 1 -9999.9 1 -9999.9 1   248.4 0 -9999.9 1
 1999 187  7  6  8 42  8.700 106.72    -4.1 0 -9999.9 1 -9999.9 1    -0.3 0   356.4 0   306.7 0   305.2 0   418.2 0   293.6 0   293.6 0     0.0 0    -0.2 0 -9999.9 1   -61.8 0 -9999.9 1 -9999.9 1 -9999.9 1 -9999.9 1   244.7 0 -9999.9 1
 1999 187  7  6  8 48  8.800 105.99    -4.0 0 -9999.9 1 -9999.9 1    -0.5 0   355.7 0   306.7 0   305.2 0   417.7 0   293.5 0   293.5 0     0.0 0    -0.2 0 -9999.9 1   -62.0 0 -9999.9 1 -9999.9 1 -9999.9 1 -9999.9 1   248.1 0 -9999.9 1
 1999 187  7  6  8 51  8.850 105.62    -3.9 0 -9999.9 1 -9999.9 1    -0.4 0   356.2 0   306.7 0   305.1 0   417.6 0   293.5 0   293.4 0     0.0 0    -0.1 0 -9999.9 1   -61.4 0 -9999.9 1 -9999.9 1 -9999.9 1 -9999.9 1   247.4 0 -9999.9 1
 1999 187  7  6  8 54  8.900 105.24    -4.0 0 -9999.9 1 -9999.9 1    -0.5 0   355.6 0   306.6 0   305.1 0   417.1 0   293.4 0   293.3 0     0.0 2    -0.2 0 -9999.9 1   -61.5 0 -9999.9 1 -9999.9 1 -9999.9 1 -9999.9 1   247.3 0 -9999.9 1
 1999 187  7  6  8 57  8.950 104.86    -4.0 0 -9999.9 1 -9999.9 1    -0.5 0   354.4 0   306.6 0   305.1 0   416.6 0   293.3 0   293.3 0     0.0 2    -0.2 0 -9999.9 1   -62.2 0 -9999.9 1 -9999.9 1 -9999.9 1 -9999.9 1   246.4 0 -9999.9 1
 1999 187  7  6  9  3  9.050 104.09    -4.1 0 -9999.9 1 -9999.9 1    -0.4 0   353.4 0   306.6 0   305.1 0   416.8 0   293.2 0   293.2 0     0.0 2    -0.2 0 -9999.9 1   -63.4 0 -9999.9 1 -9999.9 1 -9999.9 1 -9999.9 1   244.9 0 -9999.9 1
 1999 187  7  6  9  6  9.100 103.69    -4.1 0 -9999.9 1 -9999.9 1    -0.5 0   353.4 0   306.7 0   305.1 0   417.0 0   293.2 0   293.1 0     0.0 2    -0.1 0 -9999.9 1   -63.6 0 -9999.9 1 -9999.9 1 -9999.9 1 -9999.9 1   242.3 0 -9999.9 1
 1999 187  7  6  9  9  9.150 103.30    -4.3 0 -9999.9 1 -9999.9 1    -0.5 0   353.3 0   306.6 0   305.0 0   416.7 0   293.1 0   293.1 0     0.0 2    -0.2 0 -9999.9 1   -63.4 0 -9999.9 1 -9999.9 1 -9999.9 1 -9999.9 1   244.4 0 -9999.9 1
 1999 187  7  6  9 12  9.200 102.89    -4.2 0 -9999.9 1 -9999.9 1    -1.0 0   352.9 0   306.7 0   305.2 0   416.6 0   293.1 0   293.0 0     0.0 2    -0.2 0 -9999.9 1   -63.7 0 -9999.9 1 -9999.9 1 -9999.9 1 -9999.9 1   245.6 0 -9999.9 1
 1999 187  7  6  9 18  9.300 102.08    -4.3 0 -9999.9 1 -9999.9 1    -0.6 0   355.3 0   306.7 0   304.9 0   417.3 0   293.1 0   293.1 0     0.0 2    -0.3 0 -9999.9 1   -62.0 0 -9999.9 1 -9999.9 1 -9999.9 1 -9999.9 1   248.0 0 -9999.9 1
 1999 187  7  6  9 21  9.350 101.66    -4.3 0 -9999.9 1 -9999.9 1    -0.2 0   355.4 0   306.6 0   305.0 0   417.1 0   293.1 0   293.1 0     0.0 2    -0.2 0 -9999.9 1   -61.8 0 -9999.9 1 -9999.9 1 -9999.9 1 -9999.9 1   255.2 0 -9999.9 1
 1999 187  7  6  9 24  9.400 101.24    -4.1 0 -9999.9 1 -9999.9 1    -0.6 0   355.7 0   306.6 0   305.0 0   417.0 0   293.1 0   293.1 0     0.0 2    -0.2 0 -9999.9 1   -61.2 0 -9999.9 1 -9999.9 1 -9999.9 1 -9999.9 1   253.9 0 -9999.9 1
 1999 187  7  6  9 27  9.450 100.82    -4.2 0 -9999.9 1 -9999.9 1    -0.3 0   356.4 0   306.6 0   305.0 0   417.0 0   293.1 0   293.1 0     0.0 2    -0.1 0 -9999.9 1   -60.6 0 -9999.9 1 -9999.9 1 -9999.9 1 -9999.9 1   251.5 0 -9999.9 1
 1999 187  7  6  9 33  9.550  99.97    -4.2 0 -9999.9 1 -9999.9 1     0.1 0   359.6 0   306.8 0   305.2 0   418.2 0   293.3 0   293.2 0     0.0 0    -0.2 0 -9999.9 1   -58.7 0 -9999.9 1 -9999.9 1 -9999.9 1 -9999.9 1   237.2 0 -9999.9 1
 1999 187  7  6  9 36  9.600  99.54    -4.3 0 -9999.9 1 -9999.9 1     0.3 0   360.6 0   306.9 0   305.3 0   419.2 0   293.4 0   293.4 0     0.0 0    -0.3 0 -9999.9 1   -58.6 0 -9999.9 1 -9999.9 1 -9999.9 1 -9999.9 1   233.1 0 -9999.9 1
 1999 187  7  6  9 39  9.650  99.10    -4.3 0 -9999.9 1 -9999.9 1     0.5 0   361.2 0   307.0 0   305.4 0   419.5 0   293.5 0   293.4 0     0.0 0    -0.2 0 -9999.9 1   -58.3 0 -9999.9 1 -9999.9 1 -9999.9 1 -9999.9 1   229.3 0 -9999.9 1
 1999 187  7  6  9 42  9.700  98.66    -4.2 0 -9999.9 1 -9999.9 1     0.5 0   360.4 0   307.0 0   305.5 0   419.0 0   293.5 0   293.4 0     0.0 0    -0.1 0 -9999.9 1   -58.6 0 -9999.9 1 -9999.9 1 -9999.9 1 -9999.9 1   228.2 0 -9999.9 1
 1999 187  7  6  9 48  9.800  97.77    -4.1 0 -9999.9 1 -9999.9 1     0.4 0   358.5 0   307.0 0   305.5 0   418.2 0   293.3 0   293.3 0     0.0 0    -0.1 0 -9999.9 1   -59.7 0 -9999.9 1 -9999.9 1 -9999.9 1 -9999.9 1   228.1 0 -9999.9 1
 1999 187  7  6  9 51  9.850  97.32    -4.2 0 -9999.9 1 -9999.9 1     0.5 0   358.3 0   307.0 0   305.4 0   417.9 0   293.3 0   293.2 0     0.0 0    -0.1 0 -9999.9 1   -59.7 0 -9999.9 1 -9999.9 1 -9999.9 1 -9999.9 1   228.4 0 -9999.9 1
 1999 187  7  6  9 54  9.900  96.86    -4.1 0 -9999.9 1 -9999.9 1     0.7 0   358.1 0   307.0 0   305.4 0   417.6 0   293.2 0   293.2 0     0.0 0    -0.1 0 -9999.9 1   -59.5 0 -9999.9 1 -9999.9 1 -9999.9 1 -9999.9 1   228.1 0 -9999.9 1
 1999 187  7  6  9 57  9.950  96.41    -4.2 0 -9999.9 1 -9999.9 1     0.3 0   358.8 0   307.0 0   305.4 0   417.5 0   293.2 0   293.1 0     0.0 0    -0.1 0 -9999.9 1   -58.7 0 -9999.9 1 -9999.9 1 -9999.9 1 -9999.9 1   231.3 0 -9999.9 1
 1999 187  7  6 10  3 10.050  95.49    -4.2 0 -9999.9 1 -9999.9 1     0.7 0   361.1 0   307.0 0   305.3 0   418.0 0   293.2 0   293.1 0     0.0 0    -0.1 0 -9999.9 1   -56.9 0 -9999.9 1 -9999.9 1 -9999.9 1 -9999.9 1   231.7 0 -9999.9 1
 1999 187  7  6 10  6 10.100  95.02    -4.2 0 -9999.9 1 -9999.9 1     0.7 0   361.4 0   307.1 0   305.5 0   418.9 0   293.3 0   293.2 0     0.0 0    -0.1 0 -9999.9 1   -57.5 0 -9999.9 1 -9999.9 1 -9999.9 1 -9999.9 1   233.1 0 -9999.9 1
 1999 187  7  6 10  9 10.150  94.55    -4.2 0 -9999.9 1 -9999.9 1     0.8 0   362.2 0   307.2 0   305.5 0   419.7 0   293.4 0   293.4 0     0.0 0    -0.1 0 -9999.9 1   -57.5 0 -9999.9 1 -9999.9 1 -9999.9 1 -9999.9 1   233.5 0 -9999.9 1
 1999 187  7  6 10 12 10.200  94.08    -4.1 0 -9999.9 1 -9999.9 1     1.0 0   362.1 0   307.2 0   305.6 0   419.9 0   293.4 0   293.4 0     0.0 0    -0.1 0 -9999.9 1   -57.8 0 -9999.9 1 -9999.9 1 -9999.9 1 -9999.9 1   235.0 0 -9999.9 1
 1999 187  7  6 10 18 10.300  93.13    -3.9 0 -9999.9 1 -9999.9 1     1.5 0   361.2 0   307.0 0   305.2 0   419.4 0   293.3 0   293.3 0     0.0 0     0.1 0 -9999.9 1   -58.2 0 -9999.9 1 -9999.9 1 -9999.9 1 -9999.9 1   231.8 0 -9999.9 1
 1999 187  7  6 10 21 10.350  92.65    -3.8 0 -9999.9 1 -9999.9 1     1.8 0   362.3 0   307.1 0   305.2 0   419.8 0   293.4 0   293.4 0     0.0 0     0.3 0 -9999.9 1   -57.4 0 -9999.9 1 -9999.9 1 -9999.9 1 -9999.9 1   235.6 0 -9999.9 1
 1999 187  7  6 10 24 10.400  92.16    -3.3 0 -9999.9 1 -9999.9 1     2.5 0   360.0 0   306.9 0   305.1 0   418.6 0   293.2 0   293.2 0     0.0 2     0.6 0 -9999.9 1   -58.6 0 -9999.9 1 -9999.9 1 -9999.9 1 -9999.9 1   232.2 0 -9999.9 1
 1999 187  7  6 10 27 10.450  91.68    -2.4 0 -9999.9 1 -9999.9 1     3.2 0   357.5 0   306.8 0   305.0 0   418.0 0   293.1 0   293.1 0     0.0 2     1.0 0 -9999.9 1   -60.5 0 -9999.9 1 -9999.9 1 -9999.9 1 -9999.9 1   233.8 0 -9999.9 1
 1999 187  7  6 10 33 10.550  89.95    -0.3 0 -9999.9 1 -9999.9 1     5.2 0   357.8 0   306.8 0   305.0 0   418.4 0   293.2 0   293.2 0     0.2 2     2.4 0 -9999.9 1   -60.5 0 -9999.9 1 -9999.9 1 -9999.9 1 -9999.9 1   228.2 0 -9999.9 1
 1999 187  7  6 10 36 10.600  89.60     1.3 0 -9999.9 1 -9999.9 1     7.2 0   360.1 0   306.9 0   305.1 0   419.5 0   293.4 0   293.4 0     0.3 0     3.2 0 -9999.9 1   -59.4 0 -9999.9 1 -9999.9 1 -9999.9 1 -9999.9 1   225.2 0 -9999.9 1
 1999 187  7  6 10 39 10.650  89.21     2.9 0 -9999.9 1 -9999.9 1     9.1 0   358.8 0   307.0 0   305.1 0   419.8 0   293.5 0   293.4 0     0.3 0     4.1 0 -9999.9 1   -61.1 0 -9999.9 1 -9999.9 1 -9999.9 1 -9999.9 1   221.5 0 -9999.9 1
 1999 187  7  6 10 42 10.700  88.79     4.6 0 -9999.9 1 -9999.9 1    11.3 0   357.1 0   306.9 0   305.0 0   419.4 0   293.4 0   293.4 0     0.4 0     5.2 0 -9999.9 1   -62.3 0 -9999.9 1 -9999.9 1 -9999.9 1 -9999.9 1   224.2 0 -9999.9 1
 1999 187  7  6 10 48 10.800  87.89     9.5 0 -9999.9 1 -9999.9 1    15.8 0   357.1 0   306.8 0   304.9 0   419.5 0   293.4 0   293.4 0     0.7 2     8.0 0 -9999.9 1   -62.4 0 -9999.9 1 -9999.9 1 -9999.9 1 -9999.9 1   227.5 0 -9999.9 1
 1999 187  7  6 10 51 10.850  87.43    12.4 0 -9999.9 1 -9999.9 1    18.1 0   357.7 0   306.8 0   305.0 0   419.7 0   293.5 0   293.5 0     0.8 0     9.6 0 -9999.9 1   -62.0 0 -9999.9 1 -9999.9 1 -9999.9 1 -9999.9 1   227.6 0 -9999.9 1
 1999 187  7  6 10 54 10.900  86.95    15.4 0 -9999.9 1 -9999.9 1    20.7 0   358.4 0   306.9 0   305.0 0   420.3 0   293.5 0   293.5 0     0.9 0    11.3 0 -9999.9 1   -61.9 0 -9999.9 1 -9999.9 1 -9999.9 1 -9999.9 1   228.2 0 -9999.9 1
 1999 187  7  6 10 57 10.950  86.47    19.8 0 -9999.9 1 -9999.9 1    22.9 0   356.4 0   306.9 0   305.2 0   420.9 0   293.6 0   293.6 0     1.0 0    13.2 0 -9999.9 1   -64.5 0 -9999.9 1 -9999.9 1 -9999.9 1 -9999.9 1   227.4 0 -9999.9 1
 1999 187  7  6 11  3 11.050  85.48    31.7 0 -9999.9 1 -9999.9 1    28.3 0   356.8 0   306.9 0   305.3 0   421.1 0   293.7 0   293.7 0     1.4 0    18.3 0 -9999.9 1   -64.3 0 -9999.9 1 -9999.9 1 -9999.9 1 -9999.9 1   229.9 0 -9999.9 1
 1999 187  7  6 11  6 11.100  84.98    37.4 0 -9999.9 1 -9999.9 1    31.4 0   358.2 0   307.0 0   305.4 0   421.7 0   293.7 0   293.8 0     1.6 0    21.1 0 -9999.9 1   -63.4 0 -9999.9 1 -9999.9 1 -9999.9 1 -9999.9 1   227.9 0 -9999.9 1
 1999 187  7  6 11  9 11.150  84.48    42.9 0 -9999.9 1 -9999.9 1    34.6 0   360.1 0   307.1 0   305.4 0   422.1 0   293.8 0   293.8 0     1.9 0    23.8 0 -9999.9 1   -62.0 0 -9999.9 1 -9999.9 1 -9999.9 1 -9999.9 1   234.5 0 -9999.9 1
 1999 187  7  6 11 12 11.200  83.97    48.6 0 -9999.9 1 -9999.9 1    37.0 0   358.5 0   307.1 0   305.5 0   422.2 0   293.8 0   293.8 0     2.2 0    26.7 0 -9999.9 1   -63.6 0 -9999.9 1 -9999.9 1 -9999.9 1 -9999.9 1   228.9 0 -9999.9 1
 1999 187  7  6 11 18 11.300  82.94    61.6 0 -9999.9 1 -9999.9 1    41.9 0   360.4 0   307.5 0   305.7 0   423.4 0   294.0 0   294.1 0     2.8 0    33.2 0 -9999.9 1   -63.0 0 -9999.9 1 -9999.9 1 -9999.9 1 -9999.9 1   229.8 0 -9999.9 1
 1999 187  7  6 11 21 11.350  82.42    67.8 0 -9999.9 1 -9999.9 1    43.8 0   359.3 0   307.5 0   305.9 0   423.7 0   294.1 0   294.1 0     3.2 0    36.3 0 -9999.9 1   -64.4 0 -9999.9 1 -9999.9 1 -9999.9 1 -9999.9 1   229.8 0 -9999.9 1
 1999 187  7  6 11 24 11.400  81.90    75.5 0 -9999.9 1 -9999.9 1    45.6 0   359.3 0   307.7 0   306.0 0   424.2 0   294.2 0   294.2 0     3.6 0    40.1 0 -9999.9 1   -65.0 0 -9999.9 1 -9999.9 1 -9999.9 1 -9999.9 1   223.2 0 -9999.9 1
 1999 187  7  6 11 27 11.450  81.38    82.0 0 -9999.9 1 -9999.9 1    47.7 0   359.1 0   307.9 0   306.2 0   424.9 0   294.3 0   294.3 0     4.0 0    43.1 0 -9999.9 1   -65.8 0 -9999.9 1 -9999.9 1 -9999.9 1 -9999.9 1   221.7 0 -9999.9 1
 1999 187  7  6 11 33 11.550  80.33    96.2 0 -9999.9 1 -9999.9 1    56.2 0   361.0 0   308.1 0   306.5 0   425.5 0   294.3 0   294.4 0     4.8 0    49.6 0 -9999.9 1   -64.5 0 -9999.9 1 -9999.9 1 -9999.9 1 -9999.9 1   232.9 0 -9999.9 1
 1999 187  7  6 11 36 11.600  79.80    98.3 0 -9999.9 1 -9999.9 1    58.2 0   359.1 0   308.1 0   306.6 0   425.5 0   294.4 0   294.4 0     5.2 0    50.0 0 -9999.9 1   -66.4 0 -9999.9 1 -9999.9 1 -9999.9 1 -9999.9 1   232.7 0 -9999.9 1
 1999 187  7  6 11 39 11.650  79.27   107.1 0 -9999.9 1 -9999.9 1    59.1 0   359.6 0   308.3 0   306.7 0   426.2 0   294.5 0   294.5 0     5.7 0    54.3 0 -9999.9 1   -66.6 0 -9999.9 1 -9999.9 1 -9999.9 1 -9999.9 1   230.9 0 -9999.9 1
 1999 187  7  6 11 42 11.700  78.73   119.0 0 -9999.9 1 -9999.9 1    60.3 0   359.5 0   308.5 0   306.8 0   426.9 0   294.6 0   294.6 0     6.3 0    60.4 0 -9999.9 1   -67.4 0 -9999.9 1 -9999.9 1 -9999.9 1 -9999.9 1   231.9 0 -9999.9 1
 1999 187  7  6 11 48 11.800  77.66   136.9 0 -9999.9 1 -9999.9 1    65.1 0   359.6 0   308.8 0   307.2 0   428.3 0   294.8 0   294.8 0     7.5 0    69.1 0 -9999.9 1   -68.7 0 -9999.9 1 -9999.9 1 -9999.9 1 -9999.9 1   230.2 0 -9999.9 1
 1999 187  7  6 11 51 11.850  77.12   145.2 0 -9999.9 1 -9999.9 1    67.1 0   360.1 0   308.9 0   307.3 0   428.7 0   294.8 0   294.9 0     8.1 0    73.1 0 -9999.9 1   -68.6 0 -9999.9 1 -9999.9 1 -9999.9 1 -9999.9 1   237.8 0 -9999.9 1
 1999 187  7  6 11 54 11.900  76.58   155.1 0 -9999.9 1 -9999.9 1    69.7 0   361.4 0   309.1 0   307.5 0   429.9 0   295.0 0   295.1 0     8.7 0    78.1 0 -9999.9 1   -68.5 0 -9999.9 1 -9999.9 1 -9999.9 1 -9999.9 1   238.7 0 -9999.9 1
 1999 187  7  6 11 57 11.950  76.04   164.6 0 -9999.9 1 -9999.9 1    72.2 0   363.4 0   309.3 0   307.5 0   430.6 0   295.1 0   295.2 0     9.4 0    82.7 0 -9999.9 1   -67.3 0 -9999.9 1 -9999.9 1 -9999.9 1 -9999.9 1   236.7 0 -9999.9 1
 1999 187  7  6 12  3 12.050  74.95   181.1 0 -9999.9 1 -9999.9 1    78.5 0   366.4 0   309.6 0   307.9 0   431.4 0   295.2 0   295.3 0    10.8 0    90.4 0 -9999.9 1   -65.0 0 -9999.9 1 -9999.9 1 -9999.9 1 -9999.9 1   240.9 0 -9999.9 1
 1999 187  7  6 12  6 12.100  74.40   187.4 0 -9999.9 1 -9999.9 1    83.4 0   366.1 0   309.7 0   308.1 0   432.0 0   295.3 0   295.4 0    11.5 0    92.7 0 -9999.9 1   -65.9 0 -9999.9 1 -9999.9 1 -9999.9 1 -9999.9 1   246.7 0 -9999.9 1
 1999 187  7  6 12  9 12.150  73.85   195.1 0 -9999.9 1 -9999.9 1    87.2 0   367.7 0   309.9 0   308.3 0   433.5 0   295.5 0   295.6 0    12.3 0    95.9 0 -9999.9 1   -65.8 0 -9999.9 1 -9999.9 1 -9999.9 1 -9999.9 1   252.1 0 -9999.9 1
 1999 187  7  6 12 12 12.200  73.30   202.9 0 -9999.9 1 -9999.9 1    90.7 0   367.5 0   310.0 0   308.5 0   434.9 0   295.7 0   295.8 0    13.3 0    99.2 0 -9999.9 1   -67.4 0 -9999.9 1 -9999.9 1 -9999.9 1 -9999.9 1   257.3 0 -9999.9 1
 1999 187  7  6 12 18 12.300  72.20   223.1 0 -9999.9 1 -9999.9 1    96.6 0   368.6 0   310.3 0   308.8 0   436.4 0   296.0 0   296.1 0    15.3 0   109.0 0 -9999.9 1   -67.9 0 -9999.9 1 -9999.9 1 -9999.9 1 -9999.9 1   265.8 0 -9999.9 1
 1999 187  7  6 12 21 12.350  71.65   236.1 0 -9999.9 1 -9999.9 1    97.4 0   367.3 0   310.4 0   308.9 0   437.9 0   296.2 0   296.3 0    16.4 0   115.3 0 -9999.9 1   -70.6 0 -9999.9 1 -9999.9 1 -9999.9 1 -9999.9 1   261.6 0 -9999.9 1
 1999 187  7  6 12 24 12.400  71.09   249.5 0 -9999.9 1 -9999.9 1    98.7 0   368.8 0   310.6 0   309.1 0   438.2 0   296.3 0   296.5 0    17.4 0   121.9 0 -9999.9 1   -69.4 0 -9999.9 1 -9999.9 1 -9999.9 1 -9999.9 1   256.8 0 -9999.9 1
 1999 187  7  6 12 27 12.450  70.54   257.7 0 -9999.9 1 -9999.9 1   102.5 0   367.9 0   310.8 0   309.3 0   438.8 0   296.5 0   296.6 0    18.3 0   125.4 0 -9999.9 1   -70.9 0 -9999.9 1 -9999.9 1 -9999.9 1 -9999.9 1   255.4 0 -9999.9 1
 1999 187  7  6 12 33 12.550  69.43   280.7 0 -9999.9 1 -9999.9 1   106.6 0   369.4 0   311.1 0   309.5 0   439.6 0   296.7 0   296.8 0    20.7 0   136.2 0 -9999.9 1   -70.1 0 -9999.9 1 -9999.9 1 -9999.9 1 -9999.9 1   249.9 0 -9999.9 1
 1999 187  7  6 12 36 12.600  68.87   297.3 0 -9999.9 1 -9999.9 1   109.3 0   365.5 0   311.1 0   309.7 0   438.6 0   296.5 0   296.7 0    22.4 0   144.3 0 -9999.9 1   -73.2 0 -9999.9 1 -9999.9 1 -9999.9 1 -9999.9 1   257.1 0 -9999.9 1
 1999 187  7  6 12 39 12.650  68.31   306.4 0 -9999.9 1 -9999.9 1   113.8 0   368.5 0   311.4 0   309.8 0   439.7 0   296.7 0   296.9 0    23.5 0   148.1 0 -9999.9 1   -71.2 0 -9999.9 1 -9999.9 1 -9999.9 1 -9999.9 1   256.1 0 -9999.9 1
 1999 187  7  6 12 42 12.700  67.75   318.8 0 -9999.9 1 -9999.9 1   116.0 0   368.7 0   311.6 0   310.1 0   441.5 0   296.9 0   297.0 0    24.7 0   153.9 0 -9999.9 1   -72.8 0 -9999.9 1 -9999.9 1 -9999.9 1 -9999.9 1   253.4 0 -9999.9 1
 1999 187  7  6 12 48 12.800  66.62   348.4 0 -9999.9 1 -9999.9 1   125.6 0   366.9 0   311.7 0   310.0 0   442.1 0   296.9 0   297.0 0    27.7 0   167.6 0 -9999.9 1   -75.3 0 -9999.9 1 -9999.9 1 -9999.9 1 -9999.9 1   256.6 0 -9999.9 1
 1999 187  7  6 12 51 12.850  66.06   365.1 0 -9999.9 1 -9999.9 1   132.2 0   366.6 0   311.8 0   310.2 0   442.3 0   296.9 0   297.1 0    29.4 0   175.3 0 -9999.9 1   -75.7 0 -9999.9 1 -9999.9 1 -9999.9 1 -9999.9 1   256.4 0 -9999.9 1
 1999 187  7  6 12 54 12.900  65.49   381.9 0 -9999.9 1 -9999.9 1   137.5 0   366.2 0   311.9 0   310.4 0   443.1 0   297.0 0   297.2 0    31.2 0   182.8 0 -9999.9 1   -76.9 0 -9999.9 1 -9999.9 1 -9999.9 1 -9999.9 1   260.1 0 -9999.9 1
 1999 187  7  6 12 57 12.950  64.93   396.3 0 -9999.9 1 -9999.9 1   144.1 0   364.8 0   312.1 0   310.6 0   442.6 0   297.1 0   297.3 0    32.8 2   188.9 0 -9999.9 1   -77.8 0 -9999.9 1 -9999.9 1 -9999.9 1 -9999.9 1   263.0 0 -9999.9 1
 1999 187  7  6 13  3 13.050  63.80   424.2 0 -9999.9 1 -9999.9 1   154.8 0   367.6 0   312.3 0   310.6 0   443.9 0   297.2 0   297.5 0    36.2 2   201.5 0 -9999.9 1   -76.3 0 -9999.9 1 -9999.9 1 -9999.9 1 -9999.9 1   264.9 0 -9999.9 1
 1999 187  7  6 13  6 13.100  63.23   377.9 0 -9999.9 1 -9999.9 1   153.8 0   368.3 0   312.4 0   310.7 0   443.1 0   297.4 0   297.6 0    36.5 2   181.4 0 -9999.9 1   -74.8 0 -9999.9 1 -9999.9 1 -9999.9 1 -9999.9 1   263.9 0 -9999.9 1
 1999 187  7  6 13  9 13.150  62.66   416.9 0 -9999.9 1 -9999.9 1   162.7 0   369.2 0   312.5 0   310.9 0   444.8 0   297.4 0   297.6 0    39.3 2   198.7 0 -9999.9 1   -75.6 0 -9999.9 1 -9999.9 1 -9999.9 1 -9999.9 1   273.9 0 -9999.9 1
 1999 187  7  6 13 12 13.200  62.09   434.9 0 -9999.9 1 -9999.9 1   169.0 0   368.9 0   312.6 0   311.3 0   446.4 0   297.6 0   297.8 0    41.7 2   206.9 0 -9999.9 1   -77.5 0 -9999.9 1 -9999.9 1 -9999.9 1 -9999.9 1   281.8 0 -9999.9 1
 1999 187  7  6 13 18 13.300  60.96   465.9 0 -9999.9 1 -9999.9 1   190.2 0   373.0 0   312.9 0   311.4 0   448.6 0   297.8 0   298.1 0    45.2 2   220.3 0 -9999.9 1   -75.6 0 -9999.9 1 -9999.9 1 -9999.9 1 -9999.9 1   284.3 0 -9999.9 1
 1999 187  7  6 13 21 13.350  60.39   486.4 0 -9999.9 1 -9999.9 1   193.4 0   372.2 0   313.0 0   311.5 0   450.9 0   298.0 0   298.3 0    47.4 2   230.2 0 -9999.9 1   -78.7 0 -9999.9 1 -9999.9 1 -9999.9 1 -9999.9 1   276.8 0 -9999.9 1
 1999 187  7  6 13 24 13.400  59.82   501.2 0 -9999.9 1 -9999.9 1   201.1 0   374.3 0   313.1 0   311.5 0   452.0 0   298.1 0   298.4 0    49.6 2   236.8 0 -9999.9 1   -77.7 0 -9999.9 1 -9999.9 1 -9999.9 1 -9999.9 1   284.3 0 -9999.9 1
 1999 187  7  6 13 27 13.450  59.24   514.1 0 -9999.9 1 -9999.9 1   211.5 0   373.9 0   313.2 0   311.7 0   453.2 0   298.3 0   298.6 0    51.7 2   242.7 0 -9999.9 1   -79.3 0 -9999.9 1 -9999.9 1 -9999.9 1 -9999.9 1   282.4 0 -9999.9 1
 1999 187  7  6 13 33 13.550  58.10   521.3 0 -9999.9 1 -9999.9 1   233.7 0   377.0 0   313.5 0   311.9 0   451.4 0   298.6 0   298.8 0    56.2 2   244.6 0 -9999.9 1   -74.5 0 -9999.9 1 -9999.9 1 -9999.9 1 -9999.9 1   305.5 0 -9999.9 1
 1999 187  7  6 13 36 13.600  57.53   546.2 0 -9999.9 1 -9999.9 1   236.0 0   377.6 0   313.6 0   312.0 0   451.7 0   298.7 0   299.0 0    58.8 2   257.5 0 -9999.9 1   -74.1 0 -9999.9 1 -9999.9 1 -9999.9 1 -9999.9 1   299.1 0 -9999.9 1
 1999 187  7  6 13 39 13.650  56.96   549.9 0 -9999.9 1 -9999.9 1   238.8 0   378.5 0   313.8 0   312.2 0   452.8 0   298.9 0   299.1 0    60.5 2   258.2 0 -9999.9 1   -74.3 0 -9999.9 1 -9999.9 1 -9999.9 1 -9999.9 1   297.6 0 -9999.9 1
 1999 187  7  6 13 42 13.700  56.38   543.1 0 -9999.9 1 -9999.9 1   264.5 0   380.6 0   314.0 0   312.2 0   452.1 0   299.0 0   299.2 0    61.9 2   253.2 0 -9999.9 1   -71.5 0 -9999.9 1 -9999.9 1 -9999.9 1 -9999.9 1   298.7 0 -9999.9 1
 1999 187  7  6 13 48 13.800  55.24   538.4 0 -9999.9 1 -9999.9 1   328.5 0   386.3 0   314.0 0   312.3 0   453.7 0   299.0 0   299.2 0    63.3 2   247.8 0 -9999.9 1   -67.3 0 -9999.9 1 -9999.9 1 -9999.9 1 -9999.9 1   301.4 0 -9999.9 1
 1999 187  7  6 13 51 13.850  54.66   407.4 0 -9999.9 1 -9999.9 1   356.0 0   410.2 0   313.9 0   311.5 0   449.6 0   298.9 0   299.1 0    52.5 2   184.0 0 -9999.9 1   -39.4 0 -9999.9 1 -9999.9 1 -9999.9 1 -9999.9 1   302.2 0 -9999.9 1
 1999 187  7  6 13 54 13.900  54.09   373.4 0 -9999.9 1 -9999.9 1   344.1 0   418.2 0   313.8 0   311.7 0   448.8 0   299.0 0   299.1 0    49.4 2   167.1 0 -9999.9 1   -30.6 0 -9999.9 1 -9999.9 1 -9999.9 1 -9999.9 1   308.3 0 -9999.9 1
 1999 187  7  6 13 57 13.950  53.52   349.5 0 -9999.9 1 -9999.9 1   325.2 0   422.6 0   313.7 0   311.4 0   447.4 0   298.8 0   298.9 0    46.7 2   154.7 0 -9999.9 1   -24.8 0 -9999.9 1 -9999.9 1 -9999.9 1 -9999.9 1   311.5 0 -9999.9 1
 1999 187  7  6 14  3 14.050  52.37   342.8 0 -9999.9 1 -9999.9 1   332.1 0   408.6 0   313.4 0   311.3 0   449.1 0   298.9 0   298.9 0    56.1 0   159.7 0 -9999.9 1   -40.4 0 -9999.9 1 -9999.9 1 -9999.9 1 -9999.9 1   307.4 0 -9999.9 1
 1999 187  7  6 14  6 14.100  51.80   493.9 0 -9999.9 1 -9999.9 1   385.0 0   402.0 0   313.2 0   311.2 0   452.4 0   298.8 0   298.9 0    67.3 0   226.0 0 -9999.9 1   -50.5 0 -9999.9 1 -9999.9 1 -9999.9 1 -9999.9 1   307.7 0 -9999.9 1
 1999 187  7  6 14  9 14.150  51.22   396.9 0 -9999.9 1 -9999.9 1   351.8 0   393.7 0   313.2 0   311.3 0   450.1 0   298.8 0   298.9 0    65.8 0   188.2 0 -9999.9 1   -56.4 0 -9999.9 1 -9999.9 1 -9999.9 1 -9999.9 1   304.9 0 -9999.9 1
 1999 187  7  6 14 12 14.200  50.65   404.2 0 -9999.9 1 -9999.9 1   317.3 0   392.5 0   313.0 0   311.1 0   449.6 0   298.7 0   298.8 0    67.3 0   190.5 0 -9999.9 1   -57.1 0 -9999.9 1 -9999.9 1 -9999.9 1 -9999.9 1   308.4 0 -9999.9 1
 1999 187  7  6 14 18 14.300  49.51   606.8 0 -9999.9 1 -9999.9 1   266.5 0   379.7 0   313.0 0   311.5 0   455.5 0   298.8 0   299.1 0    87.5 0   285.1 0 -9999.9 1   -75.8 0 -9999.9 1 -9999.9 1 -9999.9 1 -9999.9 1   308.1 0 -9999.9 1
 1999 187  7  6 14 21 14.350  48.93   660.5 0 -9999.9 1 -9999.9 1   235.8 0   380.1 0   313.1 0   311.4 0   456.9 0   298.9 0   299.2 0    93.3 0   309.4 0 -9999.9 1   -76.8 0 -9999.9 1 -9999.9 1 -9999.9 1 -9999.9 1   301.1 0 -9999.9 1
 1999 187  7  6 14 24 14.400  48.36   608.3 0 -9999.9 1 -9999.9 1   258.8 0   380.0 0   313.1 0   311.4 0   455.9 0   298.9 0   299.1 0    92.4 2   287.5 0 -9999.9 1   -75.9 0 -9999.9 1 -9999.9 1 -9999.9 1 -9999.9 1   303.1 0 -9999.9 1
 1999 187  7  6 14 27 14.450  47.79   620.6 0 -9999.9 1 -9999.9 1   329.5 0   387.7 0   313.3 0   311.7 0   459.5 0   299.1 0   299.4 0    91.3 0   289.4 0 -9999.9 1   -71.8 0 -9999.9 1 -9999.9 1 -9999.9 1 -9999.9 1   304.0 0 -9999.9 1
 1999 187  7  6 14 33 14.550  46.65   598.6 0 -9999.9 1 -9999.9 1   309.5 0   387.4 0   313.6 0   312.3 0   461.5 0   299.5 0   299.8 0    95.9 0   282.6 0 -9999.9 1   -74.1 0 -9999.9 1 -9999.9 1 -9999.9 1 -9999.9 1   303.6 0 -9999.9 1
 1999 187  7  6 14 36 14.600  46.08   609.4 0 -9999.9 1 -9999.9 1   283.8 0   390.3 0   313.7 0   312.1 0   460.8 0   299.6 0   299.9 0    96.5 0   285.9 0 -9999.9 1   -70.5 0 -9999.9 1 -9999.9 1 -9999.9 1 -9999.9 1   304.7 0 -9999.9 1
 1999 187  7  6 14 39 14.650  45.51   679.0 0 -9999.9 1 -9999.9 1   311.0 0   391.5 0   313.9 0   312.8 0   465.9 0   299.8 0   300.1 0   102.6 0   310.7 0 -9999.9 1   -74.4 0 -9999.9 1 -9999.9 1 -9999.9 1 -9999.9 1   296.5 0 -9999.9 1
 1999 187  7  6 14 42 14.700  44.94   451.4 0 -9999.9 1 -9999.9 1   258.1 0   385.1 0   313.6 0   311.6 0   453.8 0   299.5 0   299.6 0    91.4 0   223.6 0 -9999.9 1   -68.7 0 -9999.9 1 -9999.9 1 -9999.9 1 -9999.9 1   299.7 0 -9999.9 1
 1999 187  7  6 14 48 14.800  43.80   724.2 0 -9999.9 1 -9999.9 1   194.3 0   375.3 0   313.4 0   312.1 0   459.9 0   299.2 0   299.5 0   116.5 2   338.6 0 -9999.9 1   -84.6 0 -9999.9 1 -9999.9 1 -9999.9 1 -9999.9 1   292.7 0 -9999.9 1
 1999 187  7  6 14 51 14.850  43.23   710.7 0 -9999.9 1 -9999.9 1   191.5 0   378.7 0   313.6 0   312.3 0   461.9 0   299.5 0   299.8 0   118.5 2   333.8 0 -9999.9 1   -83.1 0 -9999.9 1 -9999.9 1 -9999.9 1 -9999.9 1   300.4 0 -9999.9 1
 1999 187  7  6 14 54 14.900  42.67   742.6 0 -9999.9 1 -9999.9 1   205.9 0   378.6 0   313.9 0   312.8 0   466.0 0   299.7 0   300.0 0   122.7 0   346.2 0 -9999.9 1   -87.4 0 -9999.9 1 -9999.9 1 -9999.9 1 -9999.9 1   282.7 0 -9999.9 1
 1999 187  7  6 14 57 14.950  42.10   768.9 0 -9999.9 1 -9999.9 1   192.2 0   378.4 0   313.9 0   312.9 0   466.8 0   299.8 0   300.1 0   128.0 2   360.2 0 -9999.9 1   -88.3 0 -9999.9 1 -9999.9 1 -9999.9 1 -9999.9 1   299.7 0 -9999.9 1
 1999 187  7  6 15  3 15.050  40.98   795.5 0 -9999.9 1 -9999.9 1   175.6 0   377.4 0   314.3 0   313.0 0   467.2 0   300.0 0   300.3 0   136.9 2   371.8 0 -9999.9 1   -89.8 0 -9999.9 1 -9999.9 1 -9999.9 1 -9999.9 1   290.9 0 -9999.9 1
 1999 187  7  6 15  6 15.100  40.41   797.3 0 -9999.9 1 -9999.9 1   182.7 0   378.9 0   314.4 0   313.3 0   467.2 0   300.1 0   300.4 0   141.4 2   371.9 0 -9999.9 1   -88.3 0 -9999.9 1 -9999.9 1 -9999.9 1 -9999.9 1   293.9 0 -9999.9 1
 1999 187  7  6 15  9 15.150  39.85   813.2 0 -9999.9 1 -9999.9 1   202.2 0   377.6 0   314.6 0   313.7 0   469.9 0   300.3 0   300.5 0   144.5 2   377.9 0 -9999.9 1   -92.4 0 -9999.9 1 -9999.9 1 -9999.9 1 -9999.9 1   297.5 0 -9999.9 1
 1999 187  7  6 15 12 15.200  39.30   842.7 0 -9999.9 1 -9999.9 1   202.3 0   378.0 0   314.9 0   313.9 0   468.9 0   300.4 0   300.7 0   152.3 2   391.1 0 -9999.9 1   -91.0 0 -9999.9 1 -9999.9 1 -9999.9 1 -9999.9 1   289.6 0 -9999.9 1
 1999 187  7  6 15 18 15.300  38.18   873.7 0 -9999.9 1 -9999.9 1   212.8 0   379.6 0   315.2 0   314.2 0   471.9 0   300.6 0   300.9 0   161.5 2   406.5 0 -9999.9 1   -92.3 0 -9999.9 1 -9999.9 1 -9999.9 1 -9999.9 1   301.8 0 -9999.9 1
 1999 187  7  6 15 21 15.350  37.63   639.7 0 -9999.9 1 -9999.9 1   277.2 0   380.2 0   315.4 0   314.0 0   468.2 0   300.7 0   300.9 0   137.7 2   301.2 0 -9999.9 1   -88.0 0 -9999.9 1 -9999.9 1 -9999.9 1 -9999.9 1   290.7 0 -9999.9 1
 1999 187  7  6 15 24 15.400  37.08   900.6 0 -9999.9 1 -9999.9 1   221.2 0   382.7 0   315.5 0   314.4 0   472.2 0   300.8 0   301.0 0   165.6 2   416.3 0 -9999.9 1   -89.4 0 -9999.9 1 -9999.9 1 -9999.9 1 -9999.9 1   311.1 0 -9999.9 1
 1999 187  7  6 15 27 15.450  36.53   622.5 0 -9999.9 1 -9999.9 1   276.5 0   381.9 0   315.7 0   314.5 0   470.4 0   300.9 0   301.2 0   139.7 0   296.0 0 -9999.9 1   -88.5 0 -9999.9 1 -9999.9 1 -9999.9 1 -9999.9 1   301.1 0 -9999.9 1
 1999 187  7  6 15 33 15.550  35.43   870.3 0 -9999.9 1 -9999.9 1   254.5 0   378.4 0   316.0 0   315.2 0   476.3 0   301.1 0   301.4 0   170.5 2   402.0 0 -9999.9 1   -97.9 0 -9999.9 1 -9999.9 1 -9999.9 1 -9999.9 1   276.6 0 -9999.9 1
 1999 187  7  6 15 36 15.600  34.89   912.7 0 -9999.9 1 -9999.9 1   207.5 0   380.3 0   316.1 0   315.0 0   475.9 0   301.2 0   301.5 0   177.9 2   422.7 0 -9999.9 1   -95.6 0 -9999.9 1 -9999.9 1 -9999.9 1 -9999.9 1   300.6 0 -9999.9 1
 1999 187  7  6 15 39 15.650  34.35   829.5 0 -9999.9 1 -9999.9 1   200.5 0   379.0 0   316.2 0   315.0 0   474.8 0   301.3 0   301.6 0   168.4 2   382.4 0 -9999.9 1   -95.8 0 -9999.9 1 -9999.9 1 -9999.9 1 -9999.9 1   288.7 0 -9999.9 1
 1999 187  7  6 15 42 15.700  33.81   727.1 0 -9999.9 1 -9999.9 1   176.9 0   374.6 0   316.2 0   315.5 0   473.0 0   301.3 0   301.5 0   158.9 2   340.2 0 -9999.9 1   -98.4 0 -9999.9 1 -9999.9 1 -9999.9 1 -9999.9 1   261.9 0 -9999.9 1
 1999 187  7  6 15 48 15.800  32.74   822.9 0 -9999.9 1 -9999.9 1   195.9 0   379.2 0   316.7 0   315.6 0   476.9 0   301.6 0   301.8 0   174.2 2   382.3 0 -9999.9 1   -97.7 0 -9999.9 1 -9999.9 1 -9999.9 1 -9999.9 1   281.9 0 -9999.9 1
 1999 187  7  6 15 51 15.850  32.21   906.9 0 -9999.9 1 -9999.9 1   257.6 0   388.4 0   316.8 0   315.9 0   480.6 0   301.8 0   302.1 0   183.0 0   410.7 0 -9999.9 1   -92.1 0 -9999.9 1 -9999.9 1 -9999.9 1 -9999.9 1   299.5 0 -9999.9 1
 1999 187  7  6 15 54 15.900  31.68   855.7 0 -9999.9 1 -9999.9 1   307.6 0   392.9 0   317.0 0   315.8 0   473.9 0   301.8 0   302.0 0   177.1 0   394.7 0 -9999.9 1   -81.0 0 -9999.9 1 -9999.9 1 -9999.9 1 -9999.9 1   297.8 0 -9999.9 1
 1999 187  7  6 15 57 15.950  31.16  1020.7 0 -9999.9 1 -9999.9 1   312.0 0   428.4 0   316.7 0   313.0 0   481.6 0   301.9 0   302.2 0   199.9 0   463.0 0 -9999.9 1   -53.2 0 -9999.9 1 -9999.9 1 -9999.9 1 -9999.9 1   297.3 0 -9999.9 1
 1999 187  7  6 16  3 16.050  30.12  1097.5 0 -9999.9 1 -9999.9 1   348.3 0   420.2 0   315.5 0   313.5 0   484.2 0   302.2 0   302.5 0   203.0 0   492.5 0 -9999.9 1   -64.1 0 -9999.9 1 -9999.9 1 -9999.9 1 -9999.9 1   310.6 0 -9999.9 1
 1999 187  7  6 16  6 16.100  29.61   562.6 0 -9999.9 1 -9999.9 1   300.9 0   409.5 0   315.3 0   313.0 0   470.9 0   302.3 0   302.4 0   144.5 0   255.2 0 -9999.9 1   -61.4 0 -9999.9 1 -9999.9 1 -9999.9 1 -9999.9 1   312.4 0 -9999.9 1
 1999 187  7  6 16  9 16.150  29.10  1018.9 0 -9999.9 1 -9999.9 1   274.4 0   403.6 0   315.0 0   313.2 0   477.2 0   302.0 0   302.3 0   208.6 0   470.6 0 -9999.9 1   -73.6 0 -9999.9 1 -9999.9 1 -9999.9 1 -9999.9 1   301.3 0 -9999.9 1
 1999 187  7  6 16 12 16.200  28.60   950.6 0 -9999.9 1 -9999.9 1   276.0 0   397.6 0   315.1 0   313.6 0   480.0 0   302.1 0   302.4 0   205.6 0   437.0 0 -9999.9 1   -82.4 0 -9999.9 1 -9999.9 1 -9999.9 1 -9999.9 1   301.2 0 -9999.9 1
 1999 187  7  6 16 18 16.300  27.61   720.0 0 -9999.9 1 -9999.9 1   305.1 0   399.8 0   315.5 0   314.0 0   476.8 0   302.2 0   302.4 0   172.9 0   323.4 0 -9999.9 1   -76.9 0 -9999.9 1 -9999.9 1 -9999.9 1 -9999.9 1   321.4 0 -9999.9 1
 1999 187  7  6 16 21 16.350  27.12   936.4 0 -9999.9 1 -9999.9 1   236.4 0   397.1 0   315.6 0   314.2 0   474.6 0   302.0 0   302.2 0   209.4 0   432.3 0 -9999.9 1   -77.5 0 -9999.9 1 -9999.9 1 -9999.9 1 -9999.9 1   318.6 0 -9999.9 1
 1999 187  7  6 16 24 16.400  26.64  1041.2 0 -9999.9 1 -9999.9 1   267.7 0   397.9 0   315.9 0   315.2 0   483.2 0   302.1 0   302.5 0   226.0 0   470.2 0 -9999.9 1   -85.3 0 -9999.9 1 -9999.9 1 -9999.9 1 -9999.9 1   316.0 0 -9999.9 1
 1999 187  7  6 16 27 16.450  26.17   543.3 0 -9999.9 1 -9999.9 1   234.4 0   394.2 0   316.1 0   314.5 0   466.6 0   302.1 0   302.2 0   157.9 0   253.0 0 -9999.9 1   -72.3 0 -9999.9 1 -9999.9 1 -9999.9 1 -9999.9 1   307.8 0 -9999.9 1
 1999 187  7  6 16 33 16.550  25.23  1076.8 0 -9999.9 1 -9999.9 1   246.9 0   396.6 0   316.2 0   315.5 0   480.4 0   301.9 0   302.3 0   236.2 0   487.8 0 -9999.9 1   -83.8 0 -9999.9 1 -9999.9 1 -9999.9 1 -9999.9 1   309.3 0 -9999.9 1
 1999 187  7  6 16 36 16.600  24.78   577.9 0 -9999.9 1 -9999.9 1   282.9 0   399.9 0   316.3 0   314.8 0   470.8 0   301.8 0   302.0 0   157.3 2   263.0 0 -9999.9 1   -70.9 0 -9999.9 1 -9999.9 1 -9999.9 1 -9999.9 1   314.8 0 -9999.9 1
 1999 187  7  6 16 39 16.650  24.33  1049.1 0 -9999.9 1 -9999.9 1   309.9 0   399.9 0   316.4 0   315.4 0   479.6 0   301.9 0   302.2 0   231.1 0   476.3 0 -9999.9 1   -79.7 0 -9999.9 1 -9999.9 1 -9999.9 1 -9999.9 1   305.8 0 -9999.9 1
 1999 187  7  6 16 42 16.700  23.89  1178.6 0 -9999.9 1 -9999.9 1   380.4 0   405.2 0   316.7 0   316.0 0   488.6 0   302.1 0   302.6 0   246.4 0   526.9 0 -9999.9 1   -83.4 0 -9999.9 1 -9999.9 1 -9999.9 1 -9999.9 1   301.0 0 -9999.9 1
 1999 187  7  6 16 48 16.800  23.04   755.8 0 -9999.9 1 -9999.9 1   381.8 0   410.6 0   317.3 0   316.5 0   483.9 0   302.6 0   302.9 0   181.4 0   335.4 0 -9999.9 1   -73.3 0 -9999.9 1 -9999.9 1 -9999.9 1 -9999.9 1   325.3 0 -9999.9 1
 1999 187  7  6 16 51 16.850  22.63   632.5 0 -9999.9 1 -9999.9 1   280.8 0   402.1 0   317.2 0   315.8 0   469.6 0   302.5 0   302.6 0   170.4 0   292.6 0 -9999.9 1   -67.5 0 -9999.9 1 -9999.9 1 -9999.9 1 -9999.9 1   320.6 0 -9999.9 1
 1999 187  7  6 16 54 16.900  22.23  1096.4 0 -9999.9 1 -9999.9 1   274.2 0   398.1 0   317.2 0   316.2 0   484.1 0   302.3 0   302.6 0   247.7 0   496.1 0 -9999.9 1   -86.0 0 -9999.9 1 -9999.9 1 -9999.9 1 -9999.9 1   319.9 0 -9999.9 1
 1999 187  7  6 16 57 16.950  21.84  1030.6 0 -9999.9 1 -9999.9 1   261.0 0   395.3 0   317.3 0   316.3 0   482.8 0   302.3 0   302.7 0   239.8 0   467.8 0 -9999.9 1   -87.4 0 -9999.9 1 -9999.9 1 -9999.9 1 -9999.9 1   327.7 0 -9999.9 1
 1999 187  7  6 17  3 17.050  21.10  1081.0 0 -9999.9 1 -9999.9 1   233.4 0   390.5 0   317.3 0   316.3 0   482.4 0   302.2 0   302.5 0   251.8 2   492.3 0 -9999.9 1   -91.9 0 -9999.9 1 -9999.9 1 -9999.9 1 -9999.9 1   322.5 0 -9999.9 1
 1999 187  7  6 17  6 17.100  20.75  1054.7 0 -9999.9 1 -9999.9 1   268.1 0   388.1 0   317.3 0   316.3 0   481.4 0   302.1 0   302.4 0   243.1 2   479.4 0 -9999.9 1   -93.3 0 -9999.9 1 -9999.9 1 -9999.9 1 -9999.9 1   320.9 0 -9999.9 1
 1999 187  7  6 17  9 17.150  20.41  1109.0 0 -9999.9 1 -9999.9 1   256.2 0   386.0 0   317.4 0   316.7 0   485.9 0   302.2 0   302.5 0   255.0 2   502.5 0 -9999.9 1   -99.9 0 -9999.9 1 -9999.9 1 -9999.9 1 -9999.9 1   323.3 0 -9999.9 1
 1999 187  7  6 17 12 17.200  20.08   897.4 0 -9999.9 1 -9999.9 1   287.7 0   392.4 0   317.7 0   316.4 0   478.4 0   302.4 0   302.6 0   224.1 2   410.3 0 -9999.9 1   -86.0 0 -9999.9 1 -9999.9 1 -9999.9 1 -9999.9 1   322.0 0 -9999.9 1
 1999 187  7  6 17 18 17.300  19.47   394.1 0 -9999.9 1 -9999.9 1   331.9 0   401.3 0   317.6 0   316.0 0   464.3 0   302.4 0   302.5 0   133.2 2   181.7 0 -9999.9 1   -63.0 0 -9999.9 1 -9999.9 1 -9999.9 1 -9999.9 1   309.8 0 -9999.9 1
 1999 187  7  6 17 21 17.350  19.20  1116.5 0 -9999.9 1 -9999.9 1   329.5 0   399.8 0   317.6 0   316.8 0   483.3 0   302.4 0   302.7 0   253.0 2   507.2 0 -9999.9 1   -83.5 0 -9999.9 1 -9999.9 1 -9999.9 1 -9999.9 1   331.7 0 -9999.9 1
 1999 187  7  6 17 24 17.400  18.93   822.6 0 -9999.9 1 -9999.9 1   424.5 0   405.9 0   317.9 0   317.0 0   485.9 0   302.5 0   302.9 0   199.7 2   362.8 0 -9999.9 1   -80.0 0 -9999.9 1 -9999.9 1 -9999.9 1 -9999.9 1   341.4 0 -9999.9 1
 1999 187  7  6 17 27 17.450  18.69   471.0 0 -9999.9 1 -9999.9 1   382.8 0   414.7 0   317.9 0   316.1 0   466.3 0   302.5 0   302.5 0   130.9 2   207.7 0 -9999.9 1   -51.5 0 -9999.9 1 -9999.9 1 -9999.9 1 -9999.9 1   320.7 0 -9999.9 1
 1999 187  7  6 17 33 17.550  18.26   517.3 0 -9999.9 1 -9999.9 1   414.8 0   411.5 0   317.8 0   315.9 0   468.2 0   302.2 0   302.3 0   156.2 2   232.4 0 -9999.9 1   -56.7 0 -9999.9 1 -9999.9 1 -9999.9 1 -9999.9 1   323.9 0 -9999.9 1
 1999 187  7  6 17 36 17.600  18.07  1151.8 0 -9999.9 1 -9999.9 1   401.8 0   407.5 0   317.8 0   316.6 0   483.2 0   302.1 0   302.5 0   262.0 2   519.2 0 -9999.9 1   -75.6 0 -9999.9 1 -9999.9 1 -9999.9 1 -9999.9 1   318.0 0 -9999.9 1
 1999 187  7  6 17 39 17.650  17.91  1033.3 0 -9999.9 1 -9999.9 1   350.7 0   399.5 0   318.0 0   317.3 0   487.9 0   302.3 0   302.7 0   257.7 0   466.0 0 -9999.9 1   -88.4 0 -9999.9 1 -9999.9 1 -9999.9 1 -9999.9 1   331.7 0 -9999.9 1
 1999 187  7  6 17 42 17.700  17.76   860.8 0 -9999.9 1 -9999.9 1   369.2 0   405.8 0   318.1 0   316.9 0   483.1 0   302.5 0   302.9 0   222.3 0   384.1 0 -9999.9 1   -77.3 0 -9999.9 1 -9999.9 1 -9999.9 1 -9999.9 1   323.4 0 -9999.9 1
 1999 187  7  6 17 48 17.800  17.54   927.9 0 -9999.9 1 -9999.9 1   399.6 0   403.2 0   318.0 0   316.8 0   480.9 0   302.4 0   302.7 0   233.1 0   419.2 0 -9999.9 1   -77.7 0 -9999.9 1 -9999.9 1 -9999.9 1 -9999.9 1   322.5 0 -9999.9 1
 1999 187  7  6 17 51 17.850  17.46   668.9 0 -9999.9 1 -9999.9 1   446.5 0   412.9 0   318.0 0   316.6 0   477.3 0   302.5 0   302.7 0   180.1 0   300.6 0 -9999.9 1   -64.4 0 -9999.9 1 -9999.9 1 -9999.9 1 -9999.9 1   325.3 0 -9999.9 1
 1999 187  7  6 17 54 17.900  17.41   519.8 0 -9999.9 1 -9999.9 1   434.6 0   411.2 0   317.8 0   315.8 0   468.4 0   302.3 0   302.4 0   160.8 0   243.3 0 -9999.9 1   -57.2 0 -9999.9 1 -9999.9 1 -9999.9 1 -9999.9 1   323.5 0 -9999.9 1
 1999 187  7  6 17 57 17.950  17.38   947.2 0 -9999.9 1 -9999.9 1   402.2 0   403.2 0   317.6 0   316.1 0   477.5 0   302.1 0   302.3 0   241.4 2   436.8 0 -9999.9 1   -74.4 0 -9999.9 1 -9999.9 1 -9999.9 1 -9999.9 1   331.1 0 -9999.9 1
 1999 187  7  6 18  3 18.050  17.38  1168.3 0 -9999.9 1 -9999.9 1   378.3 0   406.8 0   317.8 0   316.8 0   485.8 0   302.2 0   302.7 0   277.9 2   525.6 0 -9999.9 1   -79.0 0 -9999.9 1 -9999.9 1 -9999.9 1 -9999.9 1   344.0 0 -9999.9 1
 1999 187  7  6 18  6 18.100  17.42   749.4 0 -9999.9 1 -9999.9 1   404.9 0   419.9 0   318.0 0   316.7 0   479.7 0   302.4 0   302.7 0   183.6 0   325.9 0 -9999.9 1   -59.8 0 -9999.9 1 -9999.9 1 -9999.9 1 -9999.9 1   338.0 0 -9999.9 1
 1999 187  7  6 18  9 18.150  17.48   672.4 0 -9999.9 1 -9999.9 1   475.3 0   424.9 0   317.9 0   315.9 0   470.4 0   302.3 0   302.4 0   171.3 0   305.2 0 -9999.9 1   -45.5 0 -9999.9 1 -9999.9 1 -9999.9 1 -9999.9 1   345.8 0 -9999.9 1
 1999 187  7  6 18 12 18.200  17.56  1155.3 0 -9999.9 1 -9999.9 1   535.6 0   421.5 0   317.8 0   316.6 0   486.5 0   302.3 0   302.6 0   256.0 2   512.2 0 -9999.9 1   -64.9 0 -9999.9 1 -9999.9 1 -9999.9 1 -9999.9 1   352.2 0 -9999.9 1
 1999 187  7  6 18 18 18.300  17.79   462.3 0 -9999.9 1 -9999.9 1   373.5 0   432.8 0   317.6 0   315.4 0   464.1 0   302.2 0   302.1 0   116.7 0   203.2 0 -9999.9 1   -31.3 0 -9999.9 1 -9999.9 1 -9999.9 1 -9999.9 1   349.3 0 -9999.9 1
 1999 187  7  6 18 21 18.350  17.94   458.4 0 -9999.9 1 -9999.9 1   365.6 0   425.7 0   317.4 0   315.1 0   464.2 0   301.9 0   301.9 0   133.8 0   210.7 0 -9999.9 1   -38.6 0 -9999.9 1 -9999.9 1 -9999.9 1 -9999.9 1   359.0 0 -9999.9 1
 1999 187  7  6 18 24 18.400  18.11  1201.6 0 -9999.9 1 -9999.9 1   515.7 0   418.5 0   317.3 0   316.4 0   486.2 0   301.8 0   302.2 0   260.9 0   532.5 0 -9999.9 1   -67.7 0 -9999.9 1 -9999.9 1 -9999.9 1 -9999.9 1     3.7 0 -9999.9 1
 1999 187  7  6 18 27 18.450  18.30   869.3 0 -9999.9 1 -9999.9 1   570.0 0   423.9 0   317.4 0   316.5 0   480.9 0   302.0 0   302.3 0   198.8 0   382.1 0 -9999.9 1   -56.9 0 -9999.9 1 -9999.9 1 -9999.9 1 -9999.9 1     3.9 0 -9999.9 1
 1999 187  7  6 18 33 18.550  18.74   440.0 0 -9999.9 1 -9999.9 1   422.6 0   434.8 0   317.2 0   314.9 0   463.4 0   301.8 0   301.8 0   110.2 0   194.8 0 -9999.9 1   -28.6 0 -9999.9 1 -9999.9 1 -9999.9 1 -9999.9 1   352.0 0 -9999.9 1
 1999 187  7  6 18 36 18.600  18.99   386.2 0 -9999.9 1 -9999.9 1   371.1 0   430.4 0   316.9 0   314.8 0   461.9 0   301.5 0   301.5 0   102.8 0   171.3 0 -9999.9 1   -31.5 0 -9999.9 1 -9999.9 1 -9999.9 1 -9999.9 1   349.1 0 -9999.9 1
 1999 187  7  6 18 39 18.650  19.26   600.9 0 -9999.9 1 -9999.9 1   466.9 0   422.5 0   316.7 0   314.7 0   466.3 0   301.4 0   301.5 0   158.6 0   277.7 0 -9999.9 1   -43.9 0 -9999.9 1 -9999.9 1 -9999.9 1 -9999.9 1   360.0 0 -9999.9 1
 1999 187  7  6 18 42 18.700  19.54   933.1 0 -9999.9 1 -9999.9 1   438.6 0   404.9 0   316.5 0   315.0 0   476.2 0   301.2 0   301.5 0   233.7 0   431.3 0 -9999.9 1   -71.3 0 -9999.9 1 -9999.9 1 -9999.9 1 -9999.9 1   358.7 0 -9999.9 1
 1999 187  7  6 18 48 18.800  20.15  1091.4 0 -9999.9 1 -9999.9 1   377.8 0   400.6 0   316.5 0   315.3 0   483.5 0   301.5 0   301.9 0   255.6 0   495.7 0 -9999.9 1   -83.0 0 -9999.9 1 -9999.9 1 -9999.9 1 -9999.9 1   335.9 0 -9999.9 1
 1999 187  7  6 18 51 18.850  20.48  1111.0 0 -9999.9 1 -9999.9 1   414.7 0   406.1 0   316.6 0   315.2 0   481.8 0   301.8 0   302.1 0   255.6 0   501.9 0 -9999.9 1   -75.7 0 -9999.9 1 -9999.9 1 -9999.9 1 -9999.9 1   345.6 0 -9999.9 1
 1999 187  7  6 18 54 18.900  20.82   889.5 0 -9999.9 1 -9999.9 1   515.8 0   407.3 0   316.6 0   315.4 0   480.3 0   301.9 0   302.2 0   220.0 0   403.3 0 -9999.9 1   -73.0 0 -9999.9 1 -9999.9 1 -9999.9 1 -9999.9 1   355.1 0 -9999.9 1
 1999 187  7  6 18 57 18.950  21.18   896.4 0 -9999.9 1 -9999.9 1   472.8 0   404.8 0   316.6 0   315.4 0   477.9 0   302.0 0   302.2 0   220.9 0   405.4 0 -9999.9 1   -73.0 0 -9999.9 1 -9999.9 1 -9999.9 1 -9999.9 1   356.7 0 -9999.9 1
 1999 187  7  6 19  3 19.050  21.93   975.7 0 -9999.9 1 -9999.9 1   424.9 0   403.0 0   316.6 0   315.3 0   482.7 0   302.0 0   302.3 0   227.7 0   442.7 0 -9999.9 1   -79.7 0 -9999.9 1 -9999.9 1 -9999.9 1 -9999.9 1   351.5 0 -9999.9 1
 1999 187  7  6 19  6 19.100  22.32  1114.2 0 -9999.9 1 -9999.9 1   363.6 0   400.3 0   316.6 0   315.6 0   484.0 0   302.0 0   302.4 0   249.4 0   500.6 0 -9999.9 1   -83.7 0 -9999.9 1 -9999.9 1 -9999.9 1 -9999.9 1   359.1 0 -9999.9 1
 1999 187  7  6 19  9 19.150  22.73   760.5 0 -9999.9 1 -9999.9 1   450.0 0   400.6 0   316.7 0   315.3 0   477.7 0   302.2 0   302.4 0   202.5 0   356.1 0 -9999.9 1   -77.0 0 -9999.9 1 -9999.9 1 -9999.9 1 -9999.9 1   353.4 0 -9999.9 1
 1999 187  7  6 19 12 19.200  23.14   978.9 0 -9999.9 1 -9999.9 1   488.0 0   405.2 0   316.6 0   315.4 0   482.0 0   302.2 0   302.5 0   224.0 0   448.4 0 -9999.9 1   -76.7 0 -9999.9 1 -9999.9 1 -9999.9 1 -9999.9 1   342.5 0 -9999.9 1
 1999 187  7  6 19 18 19.300  23.99   955.6 0 -9999.9 1 -9999.9 1   351.0 0   395.2 0   316.1 0   314.6 0   475.5 0   301.7 0   302.0 0   219.4 2   436.8 0 -9999.9 1   -80.4 0 -9999.9 1 -9999.9 1 -9999.9 1 -9999.9 1   335.0 0 -9999.9 1
 1999 187  7  6 19 21 19.350  24.44   837.7 0 -9999.9 1 -9999.9 1   339.2 0   390.9 0   315.9 0   314.5 0   473.8 0   301.6 0   301.9 0   202.5 2   385.3 0 -9999.9 1   -82.9 0 -9999.9 1 -9999.9 1 -9999.9 1 -9999.9 1   334.0 0 -9999.9 1
 1999 187  7  6 19 24 19.400  24.88   869.4 0 -9999.9 1 -9999.9 1   344.0 0   394.8 0   316.0 0   314.6 0   473.1 0   301.8 0   302.0 0   200.6 2   399.2 0 -9999.9 1   -78.3 0 -9999.9 1 -9999.9 1 -9999.9 1 -9999.9 1   344.2 0 -9999.9 1
 1999 187  7  6 19 27 19.450  25.34   744.2 0 -9999.9 1 -9999.9 1   311.9 0   391.9 0   316.0 0   314.5 0   471.7 0   301.8 0   302.0 0   187.6 2   346.9 0 -9999.9 1   -79.9 0 -9999.9 1 -9999.9 1 -9999.9 1 -9999.9 1   340.0 0 -9999.9 1
 1999 187  7  6 19 33 19.550  26.27  1008.0 0 -9999.9 1 -9999.9 1   404.6 0   405.1 0   316.0 0   315.0 0   480.7 0   301.9 0   302.2 0   210.2 2   451.5 0 -9999.9 1   -75.7 0 -9999.9 1 -9999.9 1 -9999.9 1 -9999.9 1   356.9 0 -9999.9 1
 1999 187  7  6 19 36 19.600  26.75   908.2 0 -9999.9 1 -9999.9 1   409.6 0   402.4 0   316.1 0   314.9 0   480.2 0   301.9 0   302.2 0   198.9 2   410.4 0 -9999.9 1   -77.8 0 -9999.9 1 -9999.9 1 -9999.9 1 -9999.9 1    12.7 0 -9999.9 1
 1999 187  7  6 19 39 19.650  27.23   862.3 0 -9999.9 1 -9999.9 1   417.9 0   401.8 0   316.1 0   315.0 0   478.7 0   302.0 0   302.3 0   187.4 2   387.2 0 -9999.9 1   -76.9 0 -9999.9 1 -9999.9 1 -9999.9 1 -9999.9 1     4.0 0 -9999.9 1
 1999 187  7  6 19 42 19.700  27.72   535.7 0 -9999.9 1 -9999.9 1   409.5 0   407.0 0   316.1 0   314.2 0   466.8 0   302.0 0   302.0 0   139.8 2   250.8 0 -9999.9 1   -59.8 0 -9999.9 1 -9999.9 1 -9999.9 1 -9999.9 1     2.8 0 -9999.9 1
 1999 187  7  6 19 48 19.800  28.72   744.1 0 -9999.9 1 -9999.9 1   378.6 0   394.1 0   316.1 0   315.0 0   474.6 0   301.9 0   302.2 0   172.6 2   341.6 0 -9999.9 1   -80.6 0 -9999.9 1 -9999.9 1 -9999.9 1 -9999.9 1   354.8 0 -9999.9 1
 1999 187  7  6 19 51 19.850  29.22   796.1 0 -9999.9 1 -9999.9 1   358.9 0   396.1 0   316.2 0   314.8 0   474.3 0   301.9 0   302.2 0   177.9 2   370.8 0 -9999.9 1   -78.2 0 -9999.9 1 -9999.9 1 -9999.9 1 -9999.9 1   350.6 0 -9999.9 1
 1999 187  7  6 19 54 19.900  29.73   795.4 0 -9999.9 1 -9999.9 1   388.2 0   400.1 0   316.2 0   315.1 0   476.3 0   302.0 0   302.3 0   163.7 2   362.7 0 -9999.9 1   -76.2 0 -9999.9 1 -9999.9 1 -9999.9 1 -9999.9 1   356.8 0 -9999.9 1
 1999 187  7  6 19 57 19.950  30.24   828.6 0 -9999.9 1 -9999.9 1   464.6 0   406.6 0   316.4 0   315.1 0   478.5 0   302.1 0   302.4 0   165.3 2   373.4 0 -9999.9 1   -71.9 0 -9999.9 1 -9999.9 1 -9999.9 1 -9999.9 1   351.6 0 -9999.9 1
 1999 187  7  6 20  3 20.050  31.28   898.1 0 -9999.9 1 -9999.9 1   494.3 0   410.2 0   316.6 0   315.6 0   482.1 0   302.3 0   302.6 0   170.2 0   402.0 0 -9999.9 1   -71.9 0 -9999.9 1 -9999.9 1 -9999.9 1 -9999.9 1   359.8 0 -9999.9 1
 1999 187  7  6 20  6 20.100  31.80   944.9 0 -9999.9 1 -9999.9 1   449.9 0   408.0 0   316.8 0   315.6 0   481.7 0   302.4 0   302.7 0   175.6 0   424.3 0 -9999.9 1   -73.7 0 -9999.9 1 -9999.9 1 -9999.9 1 -9999.9 1   354.5 0 -9999.9 1
 1999 187  7  6 20  9 20.150  32.33   851.1 0 -9999.9 1 -9999.9 1   384.0 0   401.1 0   316.9 0   315.5 0   476.5 0   302.4 0   302.6 0   169.6 0   388.8 0 -9999.9 1   -75.4 0 -9999.9 1 -9999.9 1 -9999.9 1 -9999.9 1     0.7 0 -9999.9 1
 1999 187  7  6 20 12 20.200  32.86   898.7 0 -9999.9 1 -9999.9 1   391.1 0   400.5 0   316.9 0   315.6 0   477.4 0   302.3 0   302.6 0   172.8 0   405.8 0 -9999.9 1   -76.9 0 -9999.9 1 -9999.9 1 -9999.9 1 -9999.9 1   354.9 0 -9999.9 1
 1999 187  7  6 20 18 20.300  33.93   776.1 0 -9999.9 1 -9999.9 1   428.5 0   399.2 0   317.0 0   315.7 0   477.5 0   302.1 0   302.4 0   156.3 2   354.2 0 -9999.9 1   -78.4 0 -9999.9 1 -9999.9 1 -9999.9 1 -9999.9 1   348.8 0 -9999.9 1
 1999 187  7  6 20 21 20.350  34.47   432.3 0 -9999.9 1 -9999.9 1   380.6 0   404.6 0   316.9 0   314.8 0   462.6 0   302.0 0   302.0 0   113.9 2   203.9 0 -9999.9 1   -58.0 0 -9999.9 1 -9999.9 1 -9999.9 1 -9999.9 1   354.8 0 -9999.9 1
 1999 187  7  6 20 24 20.400  35.01   457.8 0 -9999.9 1 -9999.9 1   407.8 0   412.0 0   316.8 0   314.6 0   461.5 0   301.8 0   301.9 0   110.1 2   214.0 0 -9999.9 1   -49.5 0 -9999.9 1 -9999.9 1 -9999.9 1 -9999.9 1   353.8 0 -9999.9 1
 1999 187  7  6 20 27 20.450  35.56   503.6 0 -9999.9 1 -9999.9 1   405.7 0   424.8 0   316.7 0   314.8 0   464.0 0   301.7 0   301.8 0    99.1 0   224.8 0 -9999.9 1   -39.2 0 -9999.9 1 -9999.9 1 -9999.9 1 -9999.9 1   360.0 0 -9999.9 1
 1999 187  7  6 20 33 20.550  36.65   439.3 0 -9999.9 1 -9999.9 1   407.2 0   421.9 0   316.4 0   314.4 0   462.0 0   301.4 0   301.4 0    96.3 0   204.0 0 -9999.9 1   -40.1 0 -9999.9 1 -9999.9 1 -9999.9 1 -9999.9 1     0.7 0 -9999.9 1
 1999 187  7  6 20 36 20.600  37.21   580.5 0 -9999.9 1 -9999.9 1   449.7 0   414.9 0   316.3 0   314.7 0   467.6 0   301.3 0   301.4 0   116.3 0   266.6 0 -9999.9 1   -52.7 0 -9999.9 1 -9999.9 1 -9999.9 1 -9999.9 1   357.4 0 -9999.9 1
 1999 187  7  6 20 39 20.650  37.76   384.3 0 -9999.9 1 -9999.9 1   360.5 0   418.5 0   316.2 0   314.3 0   462.2 0   301.2 0   301.3 0    89.2 2   176.8 0 -9999.9 1   -43.7 0 -9999.9 1 -9999.9 1 -9999.9 1 -9999.9 1   358.8 0 -9999.9 1
 1999 187  7  6 20 42 20.700  38.31   323.4 0 -9999.9 1 -9999.9 1   298.6 0   425.5 0   316.0 0   314.0 0   459.7 0   301.1 0   301.2 0    71.8 2   146.2 0 -9999.9 1   -34.2 0 -9999.9 1 -9999.9 1 -9999.9 1 -9999.9 1   355.1 0 -9999.9 1
 1999 187  7  6 20 48 20.800  39.43   312.2 0 -9999.9 1 -9999.9 1   300.7 0   430.1 0   315.5 0   313.2 0   455.7 0   300.8 0   300.8 0    68.2 2   141.1 0 -9999.9 1   -25.6 0 -9999.9 1 -9999.9 1 -9999.9 1 -9999.9 1   354.1 0 -9999.9 1
 1999 187  7  6 20 51 20.850  39.99   332.6 0 -9999.9 1 -9999.9 1   321.1 0   430.2 0   315.3 0   313.0 0   457.1 0   300.7 0   300.7 0    69.5 0   150.0 0 -9999.9 1   -26.9 0 -9999.9 1 -9999.9 1 -9999.9 1 -9999.9 1   353.2 0 -9999.9 1
 1999 187  7  6 20 54 20.900  40.55   360.3 0 -9999.9 1 -9999.9 1   345.5 0   426.3 0   315.0 0   312.9 0   457.3 0   300.5 0   300.6 0    74.3 2   163.0 0 -9999.9 1   -31.0 0 -9999.9 1 -9999.9 1 -9999.9 1 -9999.9 1   358.2 0 -9999.9 1
 1999 187  7  6 20 57 20.950  41.11   452.0 0 -9999.9 1 -9999.9 1   415.4 0   429.0 0   315.0 0   313.2 0   462.4 0   300.6 0   300.7 0    79.5 0   202.4 0 -9999.9 1   -33.3 0 -9999.9 1 -9999.9 1 -9999.9 1 -9999.9 1   359.6 0 -9999.9 1
 1999 187  7  6 21  3 21.050  42.24   843.6 0 -9999.9 1 -9999.9 1   370.5 0   405.4 0   315.1 0   313.8 0   471.1 0   300.8 0   301.2 0   135.7 0   384.7 0 -9999.9 1   -65.8 0 -9999.9 1 -9999.9 1 -9999.9 1 -9999.9 1    11.2 0 -9999.9 1
 1999 187  7  6 21  6 21.100  42.80   691.2 0 -9999.9 1 -9999.9 1   340.4 0   401.4 0   315.2 0   313.3 0   466.9 0   301.0 0   301.2 0   123.9 0   322.3 0 -9999.9 1   -65.5 0 -9999.9 1 -9999.9 1 -9999.9 1 -9999.9 1     8.9 0 -9999.9 1
 1999 187  7  6 21  9 21.150  43.37   692.9 0 -9999.9 1 -9999.9 1   349.7 0   401.6 0   315.3 0   313.6 0   470.4 0   301.1 0   301.4 0   120.7 0   319.4 0 -9999.9 1   -68.8 0 -9999.9 1 -9999.9 1 -9999.9 1 -9999.9 1     7.5 0 -9999.9 1
 1999 187  7  6 21 12 21.200  43.94   652.3 0 -9999.9 1 -9999.9 1   391.6 0   401.6 0   315.1 0   313.5 0   466.2 0   300.9 0   301.2 0   112.7 0   302.7 0 -9999.9 1   -64.5 0 -9999.9 1 -9999.9 1 -9999.9 1 -9999.9 1    10.6 0 -9999.9 1
 1999 187  7  6 21 18 21.300  45.07   397.7 0 -9999.9 1 -9999.9 1   340.6 0   411.2 0   315.1 0   312.7 0   457.7 0   300.9 0   301.0 0    83.1 0   185.1 0 -9999.9 1   -46.4 0 -9999.9 1 -9999.9 1 -9999.9 1 -9999.9 1     7.8 0 -9999.9 1
 1999 187  7  6 21 21 21.350  45.64   334.8 0 -9999.9 1 -9999.9 1   323.7 0   418.6 0   314.8 0   312.4 0   454.2 0   300.7 0   300.7 0    70.8 0   154.3 0 -9999.9 1   -35.6 0 -9999.9 1 -9999.9 1 -9999.9 1 -9999.9 1     5.4 0 -9999.9 1
 1999 187  7  6 21 24 21.400  46.21   451.5 0 -9999.9 1 -9999.9 1   376.8 0   421.3 0   314.3 0   312.1 0   456.1 0   300.3 0   300.4 0    72.2 2   202.3 0 -9999.9 1   -34.8 0 -9999.9 1 -9999.9 1 -9999.9 1 -9999.9 1     3.6 0 -9999.9 1
 1999 187  7  6 21 27 21.450  46.78   436.3 0 -9999.9 1 -9999.9 1   398.9 0   417.9 0   314.2 0   312.2 0   459.0 0   300.3 0   300.5 0    73.2 0   196.6 0 -9999.9 1   -41.0 0 -9999.9 1 -9999.9 1 -9999.9 1 -9999.9 1   359.2 0 -9999.9 1
 1999 187  7  6 21 33 21.550  47.93   278.0 0 -9999.9 1 -9999.9 1   267.1 0   423.7 0   313.8 0   311.9 0   453.3 0   300.1 0   300.1 0    48.6 2   123.9 0 -9999.9 1   -29.6 0 -9999.9 1 -9999.9 1 -9999.9 1 -9999.9 1     3.1 0 -9999.9 1
 1999 187  7  6 21 36 21.600  48.50   311.5 0 -9999.9 1 -9999.9 1   300.7 0   426.0 0   313.5 0   311.4 0   452.0 0   299.9 0   299.9 0    50.8 2   139.1 0 -9999.9 1   -26.0 0 -9999.9 1 -9999.9 1 -9999.9 1 -9999.9 1     5.9 0 -9999.9 1
 1999 187  7  6 21 39 21.650  49.07   382.8 0 -9999.9 1 -9999.9 1   365.3 0   424.6 0   313.4 0   311.5 0   455.3 0   299.9 0   300.0 0    57.8 0   173.5 0 -9999.9 1   -30.6 0 -9999.9 1 -9999.9 1 -9999.9 1 -9999.9 1     6.5 0 -9999.9 1
 1999 187  7  6 21 42 21.700  49.64   495.6 0 -9999.9 1 -9999.9 1   404.9 0   419.6 0   313.5 0   312.0 0   461.5 0   300.0 0   300.2 0    67.3 0   220.2 0 -9999.9 1   -41.9 0 -9999.9 1 -9999.9 1 -9999.9 1 -9999.9 1     6.5 0 -9999.9 1
 1999 187  7  6 21 48 21.800  50.79   495.6 0 -9999.9 1 -9999.9 1   400.1 0   418.4 0   313.4 0   311.6 0   459.0 0   300.0 0   300.2 0    67.2 0   219.4 0 -9999.9 1   -40.7 0 -9999.9 1 -9999.9 1 -9999.9 1 -9999.9 1    10.8 0 -9999.9 1
 1999 187  7  6 21 51 21.850  51.36   373.5 0 -9999.9 1 -9999.9 1   352.0 0   419.0 0   313.4 0   311.5 0   456.0 0   300.0 0   300.1 0    56.0 0   167.7 0 -9999.9 1   -37.0 0 -9999.9 1 -9999.9 1 -9999.9 1 -9999.9 1     8.0 0 -9999.9 1
 1999 187  7  6 21 54 21.900  51.94   321.7 0 -9999.9 1 -9999.9 1   306.9 0   424.6 0   313.4 0   311.4 0   455.4 0   300.0 0   300.1 0    48.1 0   144.8 0 -9999.9 1   -30.8 0 -9999.9 1 -9999.9 1 -9999.9 1 -9999.9 1     7.9 0 -9999.9 1
 1999 187  7  6 21 57 21.950  52.51   289.8 0 -9999.9 1 -9999.9 1   281.6 0   426.1 0   313.3 0   311.3 0   455.0 0   299.9 0   300.0 0    43.0 0   129.8 0 -9999.9 1   -28.9 0 -9999.9 1 -9999.9 1 -9999.9 1 -9999.9 1     4.9 0 -9999.9 1
 1999 187  7  6 22  3 22.050  53.66   192.6 0 -9999.9 1 -9999.9 1   187.0 0   427.5 0   312.9 0   310.9 0   450.9 0   299.7 0   299.7 0    29.7 0    85.0 0 -9999.9 1   -23.5 0 -9999.9 1 -9999.9 1 -9999.9 1 -9999.9 1     1.1 0 -9999.9 1
 1999 187  7  6 22  6 22.100  54.23   139.3 0 -9999.9 1 -9999.9 1   135.1 0   430.5 0   312.7 0   310.4 0   447.1 0   299.6 0   299.5 0    21.6 0    60.1 0 -9999.9 1   -16.5 0 -9999.9 1 -9999.9 1 -9999.9 1 -9999.9 1     3.3 0 -9999.9 1
 1999 187  7  6 22  9 22.150  54.81   140.8 0 -9999.9 1 -9999.9 1   136.3 0   430.2 0   312.4 0   310.1 0   445.4 0   299.4 0   299.3 0    20.2 0    61.3 0 -9999.9 1   -15.1 0 -9999.9 1 -9999.9 1 -9999.9 1 -9999.9 1     4.3 0 -9999.9 1
 1999 187  7  6 22 12 22.200  55.38   179.8 0 -9999.9 1 -9999.9 1   173.7 0   426.2 0   312.2 0   310.2 0   447.4 0   299.2 0   299.2 0    25.7 0    80.6 0 -9999.9 1   -21.2 0 -9999.9 1 -9999.9 1 -9999.9 1 -9999.9 1     3.7 0 -9999.9 1
 1999 187  7  6 22 18 22.300  56.53   153.7 0 -9999.9 1 -9999.9 1   149.0 0   426.9 0   311.9 0   310.0 0   447.8 0   299.0 0   299.0 0    21.0 0    67.9 0 -9999.9 1   -21.0 0 -9999.9 1 -9999.9 1 -9999.9 1 -9999.9 1     5.3 0 -9999.9 1
 1999 187  7  6 22 21 22.350  57.10   184.8 0 -9999.9 1 -9999.9 1   179.2 0   424.6 0   311.8 0   310.2 0   449.6 0   299.0 0   299.0 0    24.5 0    83.2 0 -9999.9 1   -25.0 0 -9999.9 1 -9999.9 1 -9999.9 1 -9999.9 1     6.7 0 -9999.9 1
 1999 187  7  6 22 24 22.400  57.67   215.4 0 -9999.9 1 -9999.9 1   210.0 0   424.5 0   311.8 0   310.1 0   451.4 0   299.1 0   299.1 0    27.7 0    97.5 0 -9999.9 1   -26.9 0 -9999.9 1 -9999.9 1 -9999.9 1 -9999.9 1     3.6 0 -9999.9 1
 1999 187  7  6 22 27 22.450  58.24   186.0 0 -9999.9 1 -9999.9 1   182.4 0   425.0 0   311.8 0   309.9 0   449.6 0   299.1 0   299.1 0    25.8 0    83.9 0 -9999.9 1   -24.6 0 -9999.9 1 -9999.9 1 -9999.9 1 -9999.9 1     3.6 0 -9999.9 1
 1999 187  7  6 22 33 22.550  59.39   111.0 0 -9999.9 1 -9999.9 1   108.1 0   424.6 0   311.6 0   309.8 0   445.4 0   298.9 0   298.9 0    15.0 0    49.6 0 -9999.9 1   -20.8 0 -9999.9 1 -9999.9 1 -9999.9 1 -9999.9 1   353.0 0 -9999.9 1
 1999 187  7  6 22 36 22.600  59.96    95.2 0 -9999.9 1 -9999.9 1    92.5 0   423.8 0   311.4 0   309.6 0   444.7 0   298.8 0   298.8 0    12.6 0    42.1 0 -9999.9 1   -20.9 0 -9999.9 1 -9999.9 1 -9999.9 1 -9999.9 1   357.1 0 -9999.9 1
 1999 187  7  6 22 39 22.650  60.53    91.4 0 -9999.9 1 -9999.9 1    88.3 0   422.0 0   311.4 0   309.7 0   444.6 0   298.7 0   298.7 0    11.4 2    40.4 0 -9999.9 1   -22.6 0 -9999.9 1 -9999.9 1 -9999.9 1 -9999.9 1     1.4 0 -9999.9 1
 1999 187  7  6 22 42 22.700  61.10    97.1 0 -9999.9 1 -9999.9 1    94.1 0   422.0 0   311.3 0   309.6 0   444.5 0   298.6 0   298.6 0    11.9 2    42.7 0 -9999.9 1   -22.5 0 -9999.9 1 -9999.9 1 -9999.9 1 -9999.9 1     4.5 0 -9999.9 1
 1999 187  7  6 22 48 22.800  62.24   170.0 0 -9999.9 1 -9999.9 1   165.9 0   420.7 0   311.3 0   309.6 0   448.2 0   298.6 0   298.6 0    19.8 2    76.8 0 -9999.9 1   -27.5 0 -9999.9 1 -9999.9 1 -9999.9 1 -9999.9 1     3.6 0 -9999.9 1
 1999 187  7  6 22 51 22.850  62.81   182.7 0 -9999.9 1 -9999.9 1   178.9 0   417.5 0   311.5 0   310.0 0   450.2 0   298.7 0   298.8 0    22.4 0    83.1 0 -9999.9 1   -32.7 0 -9999.9 1 -9999.9 1 -9999.9 1 -9999.9 1   359.9 0 -9999.9 1
 1999 187  7  6 22 54 22.900  63.37   174.1 0 -9999.9 1 -9999.9 1   170.7 0   419.0 0   311.6 0   310.1 0   451.1 0   298.8 0   298.9 0    21.4 0    78.2 0 -9999.9 1   -32.1 0 -9999.9 1 -9999.9 1 -9999.9 1 -9999.9 1     4.4 0 -9999.9 1
 1999 187  7  6 22 57 22.950  63.94   155.7 0 -9999.9 1 -9999.9 1   152.6 0   422.0 0   311.6 0   310.0 0   449.2 0   298.8 0   298.9 0    17.8 0    68.8 0 -9999.9 1   -27.2 0 -9999.9 1 -9999.9 1 -9999.9 1 -9999.9 1     6.0 0 -9999.9 1
 1999 187  7  6 23  3 23.050  65.07   192.5 0 -9999.9 1 -9999.9 1   184.0 0   418.0 0   311.7 0   310.2 0   449.8 0   298.8 0   298.9 0    18.6 0    86.9 0 -9999.9 1   -31.7 0 -9999.9 1 -9999.9 1 -9999.9 1 -9999.9 1     7.7 0 -9999.9 1
 1999 187  7  6 23  6 23.100  65.64   316.1 0 -9999.9 1 -9999.9 1   207.6 0   411.2 0   311.8 0   310.4 0   453.7 0   298.8 0   299.0 0    22.7 0   139.6 0 -9999.9 1   -42.5 0 -9999.9 1 -9999.9 1 -9999.9 1 -9999.9 1     5.7 0 -9999.9 1
 1999 187  7  6 23  9 23.150  66.20   344.8 0 -9999.9 1 -9999.9 1   221.5 0   406.1 0   312.2 0   310.8 0   456.1 0   299.1 0   299.3 0    24.9 0   152.5 0 -9999.9 1   -49.9 0 -9999.9 1 -9999.9 1 -9999.9 1 -9999.9 1     9.1 0 -9999.9 1
 1999 187  7  6 23 12 23.200  66.77   290.3 0 -9999.9 1 -9999.9 1   217.9 0   396.8 0   312.3 0   310.8 0   452.1 0   299.1 0   299.3 0    25.4 0   136.3 0 -9999.9 1   -55.3 0 -9999.9 1 -9999.9 1 -9999.9 1 -9999.9 1     7.6 0 -9999.9 1
 1999 187  7  6 23 18 23.300  67.89   369.6 0 -9999.9 1 -9999.9 1   150.8 0   380.5 0   313.0 0   311.7 0   455.5 0   299.4 0   299.7 0    26.1 0   171.8 0 -9999.9 1   -75.0 0 -9999.9 1 -9999.9 1 -9999.9 1 -9999.9 1     5.5 0 -9999.9 1
 1999 187  7  6 23 21 23.350  68.45   351.7 0 -9999.9 1 -9999.9 1   136.0 0   378.8 0   313.4 0   312.1 0   455.7 0   299.6 0   299.9 0    24.7 0   164.9 0 -9999.9 1   -76.9 0 -9999.9 1 -9999.9 1 -9999.9 1 -9999.9 1     6.0 0 -9999.9 1
 1999 187  7  6 23 24 23.400  69.01   339.7 0 -9999.9 1 -9999.9 1   134.7 0   379.0 0   313.8 0   312.4 0   455.3 0   299.8 0   300.1 0    23.3 0   158.7 0 -9999.9 1   -76.3 0 -9999.9 1 -9999.9 1 -9999.9 1 -9999.9 1     5.6 0 -9999.9 1
 1999 187  7  6 23 27 23.450  69.57   329.2 0 -9999.9 1 -9999.9 1   137.3 0   379.2 0   314.0 0   312.6 0   453.4 0   299.7 0   300.0 0    21.7 0   152.8 0 -9999.9 1   -74.2 0 -9999.9 1 -9999.9 1 -9999.9 1 -9999.9 1     1.3 0 -9999.9 1
 1999 187  7  6 23 33 23.550  70.68   285.6 0 -9999.9 1 -9999.9 1    98.2 0   372.7 0   314.4 0   312.6 0   449.2 0   299.7 0   299.8 0    19.7 2   135.6 0 -9999.9 1   -76.6 0 -9999.9 1 -9999.9 1 -9999.9 1 -9999.9 1    11.9 0 -9999.9 1
 1999 187  7  6 23 36 23.600  71.24   270.8 0 -9999.9 1 -9999.9 1    87.2 0   367.9 0   314.5 0   312.5 0   445.3 0   299.5 0   299.6 0    18.6 2   129.7 0 -9999.9 1   -77.3 0 -9999.9 1 -9999.9 1 -9999.9 1 -9999.9 1     7.5 0 -9999.9 1
 1999 187  7  6 23 39 23.650  71.79   256.4 0 -9999.9 1 -9999.9 1    81.5 0   366.8 0   314.6 0   312.5 0   443.1 0   299.4 0   299.5 0    17.7 2   122.7 0 -9999.9 1   -76.3 0 -9999.9 1 -9999.9 1 -9999.9 1 -9999.9 1     9.2 0 -9999.9 1
 1999 187  7  6 23 42 23.700  72.35   242.2 0 -9999.9 1 -9999.9 1    77.5 0   363.2 0   314.7 0   312.6 0   442.7 0   299.3 0   299.4 0    16.4 2   115.0 0 -9999.9 1   -79.5 0 -9999.9 1 -9999.9 1 -9999.9 1 -9999.9 1    10.7 0 -9999.9 1
 1999 187  7  6 23 48 23.800  73.45   220.0 0 -9999.9 1 -9999.9 1    71.8 0   361.3 0   314.9 0   312.7 0   440.6 0   299.1 0   299.2 0    14.2 2   104.2 0 -9999.9 1   -79.4 0 -9999.9 1 -9999.9 1 -9999.9 1 -9999.9 1     9.1 0 -9999.9 1
 1999 187  7  6 23 51 23.850  74.00   213.5 0 -9999.9 1 -9999.9 1    67.9 0   361.1 0   315.1 0   313.0 0   440.8 0   299.2 0   299.3 0    13.2 2   101.3 0 -9999.9 1   -79.7 0 -9999.9 1 -9999.9 1 -9999.9 1 -9999.9 1     6.8 0 -9999.9 1
 1999 187  7  6 23 54 23.900  74.55   206.9 0 -9999.9 1 -9999.9 1    64.2 0   361.7 0   315.4 0   313.4 0   442.0 0   299.3 0   299.4 0    12.3 2    98.6 0 -9999.9 1   -80.3 0 -9999.9 1 -9999.9 1 -9999.9 1 -9999.9 1     7.3 0 -9999.9 1
 1999 187  7  6 23 57 23.950  75.09   201.2 0 -9999.9 1 -9999.9 1    61.7 0   360.6 0   315.5 0   313.5 0   442.3 0   299.3 0   299.4 0    11.5 2    96.3 0 -9999.9 1   -81.8 0 -9999.9 1 -9999.9 1 -9999.9 1 -9999.9 1     7.0 0 -9999.9 1
