 Bondville
   40.05  -88.37  213 m version 1
 1999 158  6  7 16 51 16.850  21.80 -9999.9 1 -9999.9 1 -9999.9 1   106.1 0 -9999.9 1   314.1 0   313.2 0 -9999.9 1   301.8 0   302.2 0 -9999.9 2 -9999.9 1 -9999.9 1 -9999.9 1 -9999.9 1 -9999.9 1    -0.2 1     6.0 0   285.5 0  1042.5 0
 1999 158  6  7 16 54 16.900  21.42 -9999.9 1 -9999.9 1 -9999.9 1   106.0 0 -9999.9 1   314.2 0   313.0 0 -9999.9 1   301.9 0   302.2 0 -9999.9 2 -9999.9 1 -9999.9 1 -9999.9 1 -9999.9 1 -9999.9 1    -0.2 1     6.5 0   283.9 0  1038.6 0
 1999 158  6  7 16 57 16.950  21.05 -9999.9 1 -9999.9 1 -9999.9 1   106.5 0 -9999.9 1   314.0 0   312.9 0 -9999.9 1   301.8 0   302.1 0 -9999.9 2 -9999.9 1 -9999.9 1 -9999.9 1 -9999.9 1 -9999.9 1    -0.2 1     6.6 0   277.4 0  1037.3 0
 1999 158  6  7 17  0 17.000  20.69 -9999.9 1 -9999.9 1 -9999.9 1   107.7 0 -9999.9 1   314.0 0   312.8 0 -9999.9 1   301.7 0   302.0 0 -9999.9 2 -9999.9 1 -9999.9 1 -9999.9 1 -9999.9 1 -9999.9 1    -0.2 1     6.6 0   281.4 0  1039.5 0
 1999 158  6  7 17  3 17.050  20.35 -9999.9 1 -9999.9 1 -9999.9 1   111.1 0 -9999.9 1   314.0 0   312.9 0 -9999.9 1   301.6 0   302.0 0 -9999.9 2 -9999.9 1 -9999.9 1 -9999.9 1 -9999.9 1 -9999.9 1    -0.2 1     6.3 0   259.3 0  1041.1 0
 1999 158  6  7 17  6 17.100  20.02 -9999.9 1 -9999.9 1 -9999.9 1   111.2 0 -9999.9 1   314.1 0   313.0 0 -9999.9 1   301.7 0   302.0 0 -9999.9 2 -9999.9 1 -9999.9 1 -9999.9 1 -9999.9 1 -9999.9 1    -0.2 1     7.3 0   256.4 0  1036.8 0
 1999 158  6  7 17  9 17.150  19.71 -9999.9 1 -9999.9 1 -9999.9 1   110.4 0 -9999.9 1   314.1 0   312.8 0 -9999.9 1   301.6 0   301.9 0 -9999.9 2 -9999.9 1 -9999.9 1 -9999.9 1 -9999.9 1 -9999.9 1    -0.2 1     7.0 0   272.3 0  1036.4 0
 1999 158  6  7 17 12 17.200  19.42 -9999.9 1 -9999.9 1 -9999.9 1   112.9 0 -9999.9 1   314.0 0   313.0 0 -9999.9 1   301.6 0   302.0 0 -9999.9 2 -9999.9 1 -9999.9 1 -9999.9 1 -9999.9 1 -9999.9 1    -0.2 1     5.5 0   278.2 0  1038.7 0
 1999 158  6  7 17 15 17.250  19.13 -9999.9 1 -9999.9 1 -9999.9 1   113.8 0 -9999.9 1   314.0 0   313.1 0 -9999.9 1   301.7 0   302.1 0 -9999.9 2 -9999.9 1 -9999.9 1 -9999.9 1 -9999.9 1 -9999.9 1    -0.2 1     5.5 0   276.2 0  1040.5 0
 1999 158  6  7 17 18 17.300  18.87 -9999.9 1 -9999.9 1 -9999.9 1   108.9 0 -9999.9 1   314.1 0   312.9 0 -9999.9 1   301.8 0   302.1 0 -9999.9 2 -9999.9 1 -9999.9 1 -9999.9 1 -9999.9 1 -9999.9 1    -0.2 1     7.1 0   270.9 0  1041.9 0
 1999 158  6  7 17 21 17.350  18.63 -9999.9 1 -9999.9 1 -9999.9 1   106.7 0 -9999.9 1   314.0 0   312.8 0 -9999.9 1   301.8 0   302.1 0 -9999.9 2 -9999.9 1 -9999.9 1 -9999.9 1 -9999.9 1 -9999.9 1    -0.2 1     7.1 0   282.4 0  1043.3 0
 1999 158  6  7 17 24 17.400  18.40 -9999.9 1 -9999.9 1 -9999.9 1   110.9 0 -9999.9 1   314.0 0   313.1 0 -9999.9 1   301.7 0   302.1 0 -9999.9 2 -9999.9 1 -9999.9 1 -9999.9 1 -9999.9 1 -9999.9 1    -0.2 1     6.7 0   281.7 0  1044.4 0
 1999 158  6  7 17 27 17.450  18.19 -9999.9 1 -9999.9 1 -9999.9 1   112.0 0 -9999.9 1   314.0 0   313.0 0 -9999.9 1   301.7 0   302.1 0 -9999.9 2 -9999.9 1 -9999.9 1 -9999.9 1 -9999.9 1 -9999.9 1    -0.2 1     6.6 0   277.3 0  1045.1 0
 1999 158  6  7 17 30 17.500  18.00 -9999.9 1 -9999.9 1 -9999.9 1   117.7 0 -9999.9 1   314.1 0   313.1 0 -9999.9 1   301.7 0   302.1 0 -9999.9 2 -9999.9 1 -9999.9 1 -9999.9 1 -9999.9 1 -9999.9 1    -0.2 1     5.9 0   280.3 0  1045.6 0
 1999 158  6  7 17 33 17.550  17.84 -9999.9 1 -9999.9 1 -9999.9 1   121.4 0 -9999.9 1   314.1 0   313.4 0 -9999.9 1   301.8 0   302.3 0 -9999.9 2 -9999.9 1 -9999.9 1 -9999.9 1 -9999.9 1 -9999.9 1    -0.2 1     4.4 0   284.0 0  1045.9 0
 1999 158  6  7 17 36 17.600  17.69 -9999.9 1 -9999.9 1 -9999.9 1   110.1 0 -9999.9 1   314.2 0   313.3 0 -9999.9 1   302.0 0   302.4 0 -9999.9 2 -9999.9 1 -9999.9 1 -9999.9 1 -9999.9 1 -9999.9 1    -0.2 1     6.3 0   282.8 0  1046.3 0
 1999 158  6  7 17 39 17.650  17.57 -9999.9 1 -9999.9 1 -9999.9 1   110.5 0 -9999.9 1   314.3 0   313.3 0 -9999.9 1   302.1 0   302.5 0 -9999.9 2 -9999.9 1 -9999.9 1 -9999.9 1 -9999.9 1 -9999.9 1    -0.2 1     6.2 0   280.9 0  1046.5 0
 1999 158  6  7 17 42 17.700  17.47 -9999.9 1 -9999.9 1 -9999.9 1   114.9 0 -9999.9 1   314.4 0   313.3 0 -9999.9 1   302.2 0   302.6 0 -9999.9 2 -9999.9 1 -9999.9 1 -9999.9 1 -9999.9 1 -9999.9 1    -0.2 1     5.5 0   295.6 0  1046.6 0
 1999 158  6  7 17 45 17.750  17.39 -9999.9 1 -9999.9 1 -9999.9 1   109.3 0 -9999.9 1   314.4 0   313.7 0 -9999.9 1   302.3 0   302.7 0 -9999.9 2 -9999.9 1 -9999.9 1 -9999.9 1 -9999.9 1 -9999.9 1    -0.2 1     5.3 0   284.9 0  1038.9 0
 1999 158  6  7 17 48 17.800  17.33 -9999.9 1 -9999.9 1 -9999.9 1   107.6 0 -9999.9 1   314.5 0   313.7 0 -9999.9 1   302.3 0   302.7 0 -9999.9 2 -9999.9 1 -9999.9 1 -9999.9 1 -9999.9 1 -9999.9 1    -0.2 1     5.8 0   290.3 0  1040.7 0
 1999 158  6  7 17 51 17.850  17.30 -9999.9 1 -9999.9 1 -9999.9 1   107.2 0 -9999.9 1   314.7 0   313.9 0 -9999.9 1   302.4 0   302.8 0 -9999.9 2 -9999.9 1 -9999.9 1 -9999.9 1 -9999.9 1 -9999.9 1    -0.2 1     5.4 0   283.1 0  1042.0 0
 1999 158  6  7 17 54 17.900  17.29 -9999.9 1 -9999.9 1 -9999.9 1   108.3 0 -9999.9 1   314.8 0   313.9 0 -9999.9 1   302.5 0   302.8 0 -9999.9 2 -9999.9 1 -9999.9 1 -9999.9 1 -9999.9 1 -9999.9 1    -0.2 1     5.7 0   257.1 0  1034.8 0
 1999 158  6  7 17 57 17.950  17.30 -9999.9 1 -9999.9 1 -9999.9 1   107.1 0 -9999.9 1   315.0 0   314.2 0 -9999.9 1   302.5 0   302.9 0 -9999.9 2 -9999.9 1 -9999.9 1 -9999.9 1 -9999.9 1 -9999.9 1    -0.2 1     5.1 0   253.9 0  1037.3 0
 1999 158  6  7 18  0 18.000  17.34 -9999.9 1 -9999.9 1 -9999.9 1   104.4 0 -9999.9 1   315.0 0   313.8 0 -9999.9 1   302.5 0   302.9 0 -9999.9 2 -9999.9 1 -9999.9 1 -9999.9 1 -9999.9 1 -9999.9 1    -0.2 1     7.5 0   281.8 0  1039.3 0
 1999 158  6  7 18  3 18.050  17.40 -9999.9 1 -9999.9 1 -9999.9 1   102.5 0 -9999.9 1   315.0 0   314.1 0 -9999.9 1   302.5 0   302.9 0 -9999.9 2 -9999.9 1 -9999.9 1 -9999.9 1 -9999.9 1 -9999.9 1    -0.2 1     5.4 0   297.9 0  1040.9 0
 1999 158  6  7 18  6 18.100  17.48 -9999.9 1 -9999.9 1 -9999.9 1   100.4 0 -9999.9 1   315.1 0   314.4 0 -9999.9 1   302.5 0   303.0 0 -9999.9 2 -9999.9 1 -9999.9 1 -9999.9 1 -9999.9 1 -9999.9 1    -0.2 1     5.1 0   300.4 0  1042.1 0
 1999 158  6  7 18  9 18.150  17.58 -9999.9 1 -9999.9 1 -9999.9 1    98.1 0 -9999.9 1   315.1 0   314.1 0 -9999.9 1   302.6 0   303.0 0 -9999.9 2 -9999.9 1 -9999.9 1 -9999.9 1 -9999.9 1 -9999.9 1    -0.2 1     7.2 0   282.2 0  1043.2 0
 1999 158  6  7 18 12 18.200  17.71 -9999.9 1 -9999.9 1 -9999.9 1   101.0 0 -9999.9 1   315.2 0   314.1 0 -9999.9 1   302.7 0   303.0 0 -9999.9 2 -9999.9 1 -9999.9 1 -9999.9 1 -9999.9 1 -9999.9 1    -0.2 1     6.3 0   266.1 0  1042.3 0
 1999 158  6  7 18 15 18.250  17.86 -9999.9 1 -9999.9 1 -9999.9 1   100.9 0 -9999.9 1   315.3 0   314.2 0 -9999.9 1   302.7 0   303.1 0 -9999.9 2 -9999.9 1 -9999.9 1 -9999.9 1 -9999.9 1 -9999.9 1    -0.2 1     6.3 0   264.5 0  1036.6 0
 1999 158  6  7 18 18 18.300  18.03 -9999.9 1 -9999.9 1 -9999.9 1   101.5 0 -9999.9 1   315.4 0   314.2 0 -9999.9 1   302.7 0   303.1 0 -9999.9 2 -9999.9 1 -9999.9 1 -9999.9 1 -9999.9 1 -9999.9 1    -0.2 1     7.7 0   260.6 0  1038.7 0
 1999 158  6  7 18 21 18.350  18.22 -9999.9 1 -9999.9 1 -9999.9 1    99.7 0 -9999.9 1   315.4 0   314.4 0 -9999.9 1   302.7 0   303.1 0 -9999.9 2 -9999.9 1 -9999.9 1 -9999.9 1 -9999.9 1 -9999.9 1    -0.2 1     6.3 0   266.2 0  1040.3 0
 1999 158  6  7 18 24 18.400  18.43 -9999.9 1 -9999.9 1 -9999.9 1    99.2 0 -9999.9 1   315.4 0   314.2 0 -9999.9 1   302.8 0   303.2 0 -9999.9 2 -9999.9 1 -9999.9 1 -9999.9 1 -9999.9 1 -9999.9 1    -0.2 1     6.5 0   274.3 0  1041.7 0
 1999 158  6  7 18 27 18.450  18.66 -9999.9 1 -9999.9 1 -9999.9 1    98.3 0 -9999.9 1   315.4 0   314.5 0 -9999.9 1   302.8 0   303.2 0 -9999.9 2 -9999.9 1 -9999.9 1 -9999.9 1 -9999.9 1 -9999.9 1    -0.2 1     5.9 0   292.7 0  1042.8 0
 1999 158  6  7 18 30 18.500  18.91 -9999.9 1 -9999.9 1 -9999.9 1   100.0 0 -9999.9 1   315.4 0   314.4 0 -9999.9 1   302.9 0   303.3 0 -9999.9 2 -9999.9 1 -9999.9 1 -9999.9 1 -9999.9 1 -9999.9 1    -0.2 1     6.3 0   290.8 0  1043.7 0
 1999 158  6  7 18 33 18.550  19.17 -9999.9 1 -9999.9 1 -9999.9 1   100.5 0 -9999.9 1   315.4 0   314.3 0 -9999.9 1   303.0 0   303.4 0 -9999.9 2 -9999.9 1 -9999.9 1 -9999.9 1 -9999.9 1 -9999.9 1    -0.2 1     6.3 0   300.8 0  1044.3 0
 1999 158  6  7 18 36 18.600  19.45 -9999.9 1 -9999.9 1 -9999.9 1    99.8 0 -9999.9 1   315.4 0   314.3 0 -9999.9 1   303.1 0   303.4 0 -9999.9 2 -9999.9 1 -9999.9 1 -9999.9 1 -9999.9 1 -9999.9 1    -0.2 1     6.4 0   276.2 0  1044.8 0
 1999 158  6  7 18 39 18.650  19.75 -9999.9 1 -9999.9 1 -9999.9 1    98.5 0 -9999.9 1   315.5 0   314.4 0 -9999.9 1   303.1 0   303.5 0 -9999.9 2 -9999.9 1 -9999.9 1 -9999.9 1 -9999.9 1 -9999.9 1    -0.2 1     6.0 0   281.2 0  1045.2 0
 1999 158  6  7 18 42 18.700  20.07 -9999.9 1 -9999.9 1 -9999.9 1    98.1 0 -9999.9 1   315.5 0   314.1 0 -9999.9 1   303.2 0   303.5 0 -9999.9 2 -9999.9 1 -9999.9 1 -9999.9 1 -9999.9 1 -9999.9 1    -0.2 1     7.1 0   289.0 0  1045.5 0
 1999 158  6  7 18 45 18.750  20.40 -9999.9 1 -9999.9 1 -9999.9 1    99.7 0 -9999.9 1   315.4 0   314.1 0 -9999.9 1   303.1 0   303.5 0 -9999.9 2 -9999.9 1 -9999.9 1 -9999.9 1 -9999.9 1 -9999.9 1    -0.2 1     6.9 0   285.4 0  1045.8 0
 1999 158  6  7 18 48 18.800  20.74 -9999.9 1 -9999.9 1 -9999.9 1   105.1 0 -9999.9 1   315.4 0   314.4 0 -9999.9 1   303.1 0   303.5 0 -9999.9 2 -9999.9 1 -9999.9 1 -9999.9 1 -9999.9 1 -9999.9 1    -0.2 1     5.4 0   277.7 0  1046.0 0
 1999 158  6  7 18 51 18.850  21.10 -9999.9 1 -9999.9 1 -9999.9 1   107.6 0 -9999.9 1   315.4 0   314.2 0 -9999.9 1   303.2 0   303.5 0 -9999.9 2 -9999.9 1 -9999.9 1 -9999.9 1 -9999.9 1 -9999.9 1    -0.2 1     6.6 0   277.5 0  1046.2 0
 1999 158  6  7 18 54 18.900  21.46 -9999.9 1 -9999.9 1 -9999.9 1   109.2 0 -9999.9 1   315.4 0   314.3 0 -9999.9 1   303.1 0   303.5 0 -9999.9 2 -9999.9 1 -9999.9 1 -9999.9 1 -9999.9 1 -9999.9 1    -0.2 1     6.4 0   267.8 0  1046.3 0
 1999 158  6  7 18 57 18.950  21.85 -9999.9 1 -9999.9 1 -9999.9 1   105.0 0 -9999.9 1   315.5 0   314.5 0 -9999.9 1   303.2 0   303.5 0 -9999.9 2 -9999.9 1 -9999.9 1 -9999.9 1 -9999.9 1 -9999.9 1    -0.2 1     6.7 0   271.3 0  1046.4 0
 1999 158  6  7 19  0 19.000  22.24 -9999.9 1 -9999.9 1 -9999.9 1   102.7 0 -9999.9 1   315.5 0   314.4 0 -9999.9 1   303.2 0   303.6 0 -9999.9 2 -9999.9 1 -9999.9 1 -9999.9 1 -9999.9 1 -9999.9 1    -0.2 1     5.7 0   284.9 0  1046.5 0
 1999 158  6  7 19  3 19.050  22.64 -9999.9 1 -9999.9 1 -9999.9 1   104.0 0 -9999.9 1   315.6 0   314.7 0 -9999.9 1   303.2 0   303.6 0 -9999.9 2 -9999.9 1 -9999.9 1 -9999.9 1 -9999.9 1 -9999.9 1    -0.2 1     6.4 0   262.7 0  1046.5 0
 1999 158  6  7 19  6 19.100  23.06 -9999.9 1 -9999.9 1 -9999.9 1   107.2 0 -9999.9 1   315.7 0   314.7 0 -9999.9 1   303.3 0   303.6 0 -9999.9 2 -9999.9 1 -9999.9 1 -9999.9 1 -9999.9 1 -9999.9 1    -0.2 1     6.1 0   282.9 0  1046.6 0
 1999 158  6  7 19  9 19.150  23.48 -9999.9 1 -9999.9 1 -9999.9 1   108.1 0 -9999.9 1   315.7 0   314.6 0 -9999.9 1   303.3 0   303.6 0 -9999.9 2 -9999.9 1 -9999.9 1 -9999.9 1 -9999.9 1 -9999.9 1    -0.2 1     6.5 0   286.7 0  1046.6 0
 1999 158  6  7 19 12 19.200  23.91 -9999.9 1 -9999.9 1 -9999.9 1   106.1 0 -9999.9 1   315.7 0   314.3 0 -9999.9 1   303.2 0   303.6 0 -9999.9 2 -9999.9 1 -9999.9 1 -9999.9 1 -9999.9 1 -9999.9 1    -0.2 1     6.9 0   279.2 0  1046.6 0
 1999 158  6  7 19 15 19.250  24.35 -9999.9 1 -9999.9 1 -9999.9 1   106.6 0 -9999.9 1   315.6 0   314.7 0 -9999.9 1   303.2 0   303.7 0 -9999.9 2 -9999.9 1 -9999.9 1 -9999.9 1 -9999.9 1 -9999.9 1    -0.2 1     5.1 0   284.0 0  1046.6 0
 1999 158  6  7 19 18 19.300  24.80 -9999.9 1 -9999.9 1 -9999.9 1   112.1 0 -9999.9 1   315.8 0   314.8 0 -9999.9 1   303.4 0   303.7 0 -9999.9 2 -9999.9 1 -9999.9 1 -9999.9 1 -9999.9 1 -9999.9 1    -0.2 1     5.5 0   277.3 0  1046.7 0
 1999 158  6  7 19 21 19.350  25.26 -9999.9 1 -9999.9 1 -9999.9 1   111.3 0 -9999.9 1   315.8 0   314.5 0 -9999.9 1   303.4 0   303.8 0 -9999.9 2 -9999.9 1 -9999.9 1 -9999.9 1 -9999.9 1 -9999.9 1    -0.2 1     7.4 0   276.4 0  1046.7 0
 1999 158  6  7 19 24 19.400  25.72 -9999.9 1 -9999.9 1 -9999.9 1   101.9 0 -9999.9 1   315.8 0   314.5 0 -9999.9 1   303.4 0   303.7 0 -9999.9 2 -9999.9 1 -9999.9 1 -9999.9 1 -9999.9 1 -9999.9 1    -0.2 1     6.3 0   276.9 0  1046.7 0
 1999 158  6  7 19 27 19.450  26.19 -9999.9 1 -9999.9 1 -9999.9 1    97.5 0 -9999.9 1   315.8 0   314.7 0 -9999.9 1   303.4 0   303.8 0 -9999.9 2 -9999.9 1 -9999.9 1 -9999.9 1 -9999.9 1 -9999.9 1    -0.2 1     5.9 0   282.5 0  1046.6 0
 1999 158  6  7 19 30 19.500  26.67 -9999.9 1 -9999.9 1 -9999.9 1   101.7 0 -9999.9 1   315.8 0   314.6 0 -9999.9 1   303.5 0   303.8 0 -9999.9 2 -9999.9 1 -9999.9 1 -9999.9 1 -9999.9 1 -9999.9 1    -0.2 1     5.8 0   266.9 0  1046.6 0
 1999 158  6  7 19 33 19.550  27.15 -9999.9 1 -9999.9 1 -9999.9 1   102.3 0 -9999.9 1   315.8 0   314.3 0 -9999.9 1   303.5 0   303.9 0 -9999.9 2 -9999.9 1 -9999.9 1 -9999.9 1 -9999.9 1 -9999.9 1    -0.2 1     7.6 0   283.7 0  1046.6 0
 1999 158  6  7 19 36 19.600  27.64 -9999.9 1 -9999.9 1 -9999.9 1   100.3 0 -9999.9 1   315.7 0   314.3 0 -9999.9 1   303.5 0   303.9 0 -9999.9 2 -9999.9 1 -9999.9 1 -9999.9 1 -9999.9 1 -9999.9 1    -0.2 1     6.6 0   277.0 0  1046.5 0
 1999 158  6  7 19 39 19.650  28.14 -9999.9 1 -9999.9 1 -9999.9 1   103.2 0 -9999.9 1   315.7 0   314.4 0 -9999.9 1   303.5 0   303.9 0 -9999.9 2 -9999.9 1 -9999.9 1 -9999.9 1 -9999.9 1 -9999.9 1    -0.2 1     6.2 0   284.4 0  1046.4 0
 1999 158  6  7 19 42 19.700  28.63 -9999.9 1 -9999.9 1 -9999.9 1   104.3 0 -9999.9 1   315.7 0   314.5 0 -9999.9 1   303.6 0   304.0 0 -9999.9 2 -9999.9 1 -9999.9 1 -9999.9 1 -9999.9 1 -9999.9 1    -0.2 1     6.6 0   283.9 0  1046.4 0
 1999 158  6  7 19 45 19.750  29.14 -9999.9 1 -9999.9 1 -9999.9 1   105.5 0 -9999.9 1   315.7 0   314.7 0 -9999.9 1   303.6 0   304.0 0 -9999.9 2 -9999.9 1 -9999.9 1 -9999.9 1 -9999.9 1 -9999.9 1    -0.2 1     5.2 0   279.7 0  1046.4 0
 1999 158  6  7 19 48 19.800  29.65 -9999.9 1 -9999.9 1 -9999.9 1   106.5 0 -9999.9 1   315.9 0   315.1 0 -9999.9 1   303.7 0   304.1 0 -9999.9 2 -9999.9 1 -9999.9 1 -9999.9 1 -9999.9 1 -9999.9 1    -0.2 1     6.1 0   284.9 0  1046.3 0
 1999 158  6  7 19 51 19.850  30.16 -9999.9 1 -9999.9 1 -9999.9 1   111.4 0 -9999.9 1   316.0 0   314.8 0 -9999.9 1   303.7 0   304.0 0 -9999.9 2 -9999.9 1 -9999.9 1 -9999.9 1 -9999.9 1 -9999.9 1    -0.2 1     5.9 0   293.0 0  1046.3 0
 1999 158  6  7 19 54 19.900  30.68 -9999.9 1 -9999.9 1 -9999.9 1   112.4 0 -9999.9 1   316.1 0   314.7 0 -9999.9 1   303.7 0   304.1 0 -9999.9 2 -9999.9 1 -9999.9 1 -9999.9 1 -9999.9 1 -9999.9 1    -0.2 1     6.8 0   280.3 0  1046.3 0
 1999 158  6  7 19 57 19.950  31.20 -9999.9 1 -9999.9 1 -9999.9 1   109.9 0 -9999.9 1   316.0 0   314.4 0 -9999.9 1   303.7 0   304.0 0 -9999.9 2 -9999.9 1 -9999.9 1 -9999.9 1 -9999.9 1 -9999.9 1    -0.2 1     6.5 0   277.3 0  1046.3 0
 1999 158  6  7 20  0 20.000  31.72 -9999.9 1 -9999.9 1 -9999.9 1   106.7 0 -9999.9 1   316.0 0   314.5 0 -9999.9 1   303.7 0   304.0 0 -9999.9 2 -9999.9 1 -9999.9 1 -9999.9 1 -9999.9 1 -9999.9 1    -0.2 1     7.0 0   288.3 0  1046.3 0
 1999 158  6  7 20  3 20.050  32.25 -9999.9 1 -9999.9 1 -9999.9 1   104.7 0 -9999.9 1   316.0 0   314.5 0 -9999.9 1   303.7 0   304.1 0 -9999.9 2 -9999.9 1 -9999.9 1 -9999.9 1 -9999.9 1 -9999.9 1    -0.2 1     6.3 0   292.3 0  1046.3 0
 1999 158  6  7 20  6 20.100  32.78 -9999.9 1 -9999.9 1 -9999.9 1   100.6 0 -9999.9 1   315.9 0   314.5 0 -9999.9 1   303.8 0   304.1 0 -9999.9 2 -9999.9 1 -9999.9 1 -9999.9 1 -9999.9 1 -9999.9 1    -0.2 1     6.9 0   303.3 0  1046.2 0
 1999 158  6  7 20  9 20.150  33.32 -9999.9 1 -9999.9 1 -9999.9 1    96.5 0 -9999.9 1   315.9 0   314.4 0 -9999.9 1   303.8 0   304.1 0 -9999.9 2 -9999.9 1 -9999.9 1 -9999.9 1 -9999.9 1 -9999.9 1    -0.2 1     7.5 0   289.6 0  1046.2 0
 1999 158  6  7 20 12 20.200  33.85 -9999.9 1 -9999.9 1 -9999.9 1    97.3 0 -9999.9 1   315.9 0   314.5 0 -9999.9 1   303.8 0   304.1 0 -9999.9 2 -9999.9 1 -9999.9 1 -9999.9 1 -9999.9 1 -9999.9 1    -0.2 1     6.0 0   298.7 0  1046.2 0
 1999 158  6  7 20 15 20.250  34.39 -9999.9 1 -9999.9 1 -9999.9 1    95.5 0 -9999.9 1   316.0 0   314.7 0 -9999.9 1   303.8 0   304.1 0 -9999.9 2 -9999.9 1 -9999.9 1 -9999.9 1 -9999.9 1 -9999.9 1    -0.2 1     6.0 0   282.8 0  1046.2 0
 1999 158  6  7 20 18 20.300  34.94 -9999.9 1 -9999.9 1 -9999.9 1    92.6 0 -9999.9 1   316.0 0   314.8 0 -9999.9 1   303.8 0   304.2 0 -9999.9 2 -9999.9 1 -9999.9 1 -9999.9 1 -9999.9 1 -9999.9 1    -0.2 1     6.8 0   274.9 0  1046.0 0
 1999 158  6  7 20 21 20.350  35.48 -9999.9 1 -9999.9 1 -9999.9 1    94.3 0 -9999.9 1   316.1 0   314.9 0 -9999.9 1   303.9 0   304.3 0 -9999.9 2 -9999.9 1 -9999.9 1 -9999.9 1 -9999.9 1 -9999.9 1    -0.2 1     6.2 0   294.3 0  1046.0 0
 1999 158  6  7 20 24 20.400  36.03 -9999.9 1 -9999.9 1 -9999.9 1    97.4 0 -9999.9 1   316.1 0   315.0 0 -9999.9 1   304.0 0   304.4 0 -9999.9 2 -9999.9 1 -9999.9 1 -9999.9 1 -9999.9 1 -9999.9 1    -0.2 1     5.3 0   306.8 0  1046.0 0
 1999 158  6  7 20 27 20.450  36.58 -9999.9 1 -9999.9 1 -9999.9 1    98.3 0 -9999.9 1   316.2 0   314.9 0 -9999.9 1   304.1 0   304.4 0 -9999.9 2 -9999.9 1 -9999.9 1 -9999.9 1 -9999.9 1 -9999.9 1    -0.2 1     6.8 0   298.5 0  1046.0 0
 1999 158  6  7 20 30 20.500  37.13 -9999.9 1 -9999.9 1 -9999.9 1    98.3 0 -9999.9 1   316.3 0   314.9 0 -9999.9 1   304.1 0   304.4 0 -9999.9 2 -9999.9 1 -9999.9 1 -9999.9 1 -9999.9 1 -9999.9 1    -0.2 1     6.2 0   297.3 0  1046.0 0
 1999 158  6  7 20 33 20.550  37.68 -9999.9 1 -9999.9 1 -9999.9 1    96.1 0 -9999.9 1   316.3 0   314.9 0 -9999.9 1   304.1 0   304.4 0 -9999.9 2 -9999.9 1 -9999.9 1 -9999.9 1 -9999.9 1 -9999.9 1    -0.2 1     6.3 0   305.6 0  1046.0 0
 1999 158  6  7 20 36 20.600  38.23 -9999.9 1 -9999.9 1 -9999.9 1    96.1 0 -9999.9 1   316.4 0   315.1 0 -9999.9 1   304.1 0   304.5 0 -9999.9 2 -9999.9 1 -9999.9 1 -9999.9 1 -9999.9 1 -9999.9 1    -0.2 1     5.2 0   312.1 0  1046.0 0
 1999 158  6  7 20 39 20.650  38.79 -9999.9 1 -9999.9 1 -9999.9 1    97.4 0 -9999.9 1   316.5 0   315.2 0 -9999.9 1   304.2 0   304.6 0 -9999.9 2 -9999.9 1 -9999.9 1 -9999.9 1 -9999.9 1 -9999.9 1    -0.2 1     5.5 0   284.6 0  1046.0 0
 1999 158  6  7 20 42 20.700  39.35 -9999.9 1 -9999.9 1 -9999.9 1    97.5 0 -9999.9 1   316.5 0   314.9 0 -9999.9 1   304.2 0   304.6 0 -9999.9 2 -9999.9 1 -9999.9 1 -9999.9 1 -9999.9 1 -9999.9 1    -0.2 1     6.6 0   271.0 0  1046.0 0
 1999 158  6  7 20 45 20.750  39.91 -9999.9 1 -9999.9 1 -9999.9 1   101.6 0 -9999.9 1   316.5 0   315.0 0 -9999.9 1   304.2 0   304.5 0 -9999.9 2 -9999.9 1 -9999.9 1 -9999.9 1 -9999.9 1 -9999.9 1    -0.2 1     5.8 0   282.3 0  1046.0 0
 1999 158  6  7 20 48 20.800  40.47 -9999.9 1 -9999.9 1 -9999.9 1   114.5 0 -9999.9 1   316.5 0   315.2 0 -9999.9 1   304.2 0   304.6 0 -9999.9 2 -9999.9 1 -9999.9 1 -9999.9 1 -9999.9 1 -9999.9 1    -0.2 1     5.4 0   300.5 0  1046.0 0
 1999 158  6  7 20 51 20.850  41.03 -9999.9 1 -9999.9 1 -9999.9 1   116.2 0 -9999.9 1   316.6 0   315.5 0 -9999.9 1   304.2 0   304.6 0 -9999.9 2 -9999.9 1 -9999.9 1 -9999.9 1 -9999.9 1 -9999.9 1    -0.2 1     5.5 0   294.3 0  1046.0 0
 1999 158  6  7 20 54 20.900  41.59 -9999.9 1 -9999.9 1 -9999.9 1   113.0 0 -9999.9 1   316.7 0   315.0 0 -9999.9 1   304.2 0   304.6 0 -9999.9 2 -9999.9 1 -9999.9 1 -9999.9 1 -9999.9 1 -9999.9 1    -0.2 1     6.7 0   290.5 0  1046.0 0
 1999 158  6  7 20 57 20.950  42.16 -9999.9 1 -9999.9 1 -9999.9 1   112.5 0 -9999.9 1   316.7 0   315.3 0 -9999.9 1   304.2 0   304.6 0 -9999.9 2 -9999.9 1 -9999.9 1 -9999.9 1 -9999.9 1 -9999.9 1    -0.2 1     5.6 0   289.6 0  1046.0 0
 1999 158  6  7 21  0 21.000  42.72 -9999.9 1 -9999.9 1 -9999.9 1   110.1 0 -9999.9 1   316.7 0   315.4 0 -9999.9 1   304.2 0   304.6 0 -9999.9 2 -9999.9 1 -9999.9 1 -9999.9 1 -9999.9 1 -9999.9 1    -0.2 1     5.2 0   275.7 0  1045.9 0
 1999 158  6  7 21  3 21.050  43.29 -9999.9 1 -9999.9 1 -9999.9 1   108.1 0 -9999.9 1   316.8 0   315.2 0 -9999.9 1   304.2 0   304.5 0 -9999.9 2 -9999.9 1 -9999.9 1 -9999.9 1 -9999.9 1 -9999.9 1    -0.2 1     7.0 0   281.6 0  1045.9 0
 1999 158  6  7 21  6 21.100  43.86 -9999.9 1 -9999.9 1 -9999.9 1   113.0 0 -9999.9 1   316.8 0   315.2 0 -9999.9 1   304.2 0   304.5 0 -9999.9 2 -9999.9 1 -9999.9 1 -9999.9 1 -9999.9 1 -9999.9 1    -0.2 1     5.7 0   294.9 0  1045.9 0
 1999 158  6  7 21  9 21.150  44.42 -9999.9 1 -9999.9 1 -9999.9 1   114.9 0 -9999.9 1   316.8 0   315.5 0 -9999.9 1   304.2 0   304.6 0 -9999.9 2 -9999.9 1 -9999.9 1 -9999.9 1 -9999.9 1 -9999.9 1    -0.2 1     5.1 0   285.4 0  1045.9 0
 1999 158  6  7 21 12 21.200  44.99 -9999.9 1 -9999.9 1 -9999.9 1   120.1 0 -9999.9 1   316.9 0   315.3 0 -9999.9 1   304.2 0   304.6 0 -9999.9 2 -9999.9 1 -9999.9 1 -9999.9 1 -9999.9 1 -9999.9 1    -0.2 1     5.8 0   279.3 0  1045.9 0
 1999 158  6  7 21 15 21.250  45.56 -9999.9 1 -9999.9 1 -9999.9 1   133.9 0 -9999.9 1   316.9 0   315.5 0 -9999.9 1   304.2 0   304.6 0 -9999.9 2 -9999.9 1 -9999.9 1 -9999.9 1 -9999.9 1 -9999.9 1    -0.2 1     5.9 0   295.3 0  1045.8 0
 1999 158  6  7 21 18 21.300  46.13 -9999.9 1 -9999.9 1 -9999.9 1   133.2 0 -9999.9 1   317.0 0   315.4 0 -9999.9 1   304.2 0   304.6 0 -9999.9 2 -9999.9 1 -9999.9 1 -9999.9 1 -9999.9 1 -9999.9 1    -0.2 1     6.3 0   279.2 0  1045.8 0
 1999 158  6  7 21 21 21.350  46.70 -9999.9 1 -9999.9 1 -9999.9 1   119.1 0 -9999.9 1   317.0 0   315.2 0 -9999.9 1   304.2 0   304.5 0 -9999.9 2 -9999.9 1 -9999.9 1 -9999.9 1 -9999.9 1 -9999.9 1    -0.2 1     6.8 0   266.0 0  1045.8 0
 1999 158  6  7 21 24 21.400  47.27 -9999.9 1 -9999.9 1 -9999.9 1   115.5 0 -9999.9 1   317.0 0   315.1 0 -9999.9 1   304.2 0   304.4 0 -9999.9 2 -9999.9 1 -9999.9 1 -9999.9 1 -9999.9 1 -9999.9 1    -0.2 1     7.2 0   273.2 0  1045.8 0
 1999 158  6  7 21 27 21.450  47.85 -9999.9 1 -9999.9 1 -9999.9 1   115.6 0 -9999.9 1   317.0 0   315.1 0 -9999.9 1   304.1 0   304.4 0 -9999.9 2 -9999.9 1 -9999.9 1 -9999.9 1 -9999.9 1 -9999.9 1    -0.2 1     7.1 0   274.5 0  1045.8 0
 1999 158  6  7 21 30 21.500  48.42 -9999.9 1 -9999.9 1 -9999.9 1   115.3 0 -9999.9 1   317.0 0   315.4 0 -9999.9 1   304.1 0   304.4 0 -9999.9 2 -9999.9 1 -9999.9 1 -9999.9 1 -9999.9 1 -9999.9 1    -0.2 1     6.3 0   268.8 0  1045.8 0
 1999 158  6  7 21 33 21.550  48.99 -9999.9 1 -9999.9 1 -9999.9 1   125.4 0 -9999.9 1   317.0 0   315.4 0 -9999.9 1   304.0 0   304.4 0 -9999.9 2 -9999.9 1 -9999.9 1 -9999.9 1 -9999.9 1 -9999.9 1    -0.2 1     5.7 0   281.3 0  1045.7 0
 1999 158  6  7 21 36 21.600  49.56 -9999.9 1 -9999.9 1 -9999.9 1   130.5 0 -9999.9 1   317.0 0   315.2 0 -9999.9 1   304.0 0   304.2 0 -9999.9 2 -9999.9 1 -9999.9 1 -9999.9 1 -9999.9 1 -9999.9 1    -0.2 1     6.0 0   282.1 0  1045.6 0
 1999 158  6  7 21 39 21.650  50.14 -9999.9 1 -9999.9 1 -9999.9 1   132.3 0 -9999.9 1   316.9 0   315.1 0 -9999.9 1   304.0 0   304.2 0 -9999.9 2 -9999.9 1 -9999.9 1 -9999.9 1 -9999.9 1 -9999.9 1    -0.2 1     6.7 0   269.3 0  1045.6 0
 1999 158  6  7 21 42 21.700  50.71 -9999.9 1 -9999.9 1 -9999.9 1   127.4 0 -9999.9 1   317.0 0   315.4 0 -9999.9 1   304.0 0   304.3 0 -9999.9 2 -9999.9 1 -9999.9 1 -9999.9 1 -9999.9 1 -9999.9 1    -0.2 1     5.4 0   271.6 0  1045.6 0
 1999 158  6  7 21 45 21.750  51.28 -9999.9 1 -9999.9 1 -9999.9 1   117.2 0 -9999.9 1   317.0 0   315.5 0 -9999.9 1   304.0 0   304.4 0 -9999.9 2 -9999.9 1 -9999.9 1 -9999.9 1 -9999.9 1 -9999.9 1    -0.2 1     5.1 0   287.0 0  1045.6 0
 1999 158  6  7 21 48 21.800  51.86 -9999.9 1 -9999.9 1 -9999.9 1   114.5 0 -9999.9 1   317.0 0   315.2 0 -9999.9 1   304.1 0   304.3 0 -9999.9 2 -9999.9 1 -9999.9 1 -9999.9 1 -9999.9 1 -9999.9 1    -0.2 1     6.0 0   294.7 0  1045.6 0
 1999 158  6  7 21 51 21.850  52.43 -9999.9 1 -9999.9 1 -9999.9 1   123.2 0 -9999.9 1   317.1 0   315.6 0 -9999.9 1   304.0 0   304.4 0 -9999.9 2 -9999.9 1 -9999.9 1 -9999.9 1 -9999.9 1 -9999.9 1    -0.2 1     5.0 0   298.0 0  1045.5 0
 1999 158  6  7 21 54 21.900  53.00 -9999.9 1 -9999.9 1 -9999.9 1   129.0 0 -9999.9 1   317.2 0   315.5 0 -9999.9 1   304.1 0   304.4 0 -9999.9 2 -9999.9 1 -9999.9 1 -9999.9 1 -9999.9 1 -9999.9 1    -0.2 1     5.6 0   285.2 0  1045.5 0
 1999 158  6  7 21 57 21.950  53.58 -9999.9 1 -9999.9 1 -9999.9 1   127.8 0 -9999.9 1   317.1 0   315.1 0 -9999.9 1   304.0 0   304.3 0 -9999.9 2 -9999.9 1 -9999.9 1 -9999.9 1 -9999.9 1 -9999.9 1    -0.2 1     7.2 0   271.3 0  1045.5 0
 1999 158  6  7 22  0 22.000  54.15 -9999.9 1 -9999.9 1 -9999.9 1   127.5 0 -9999.9 1   317.1 0   315.4 0 -9999.9 1   304.0 0   304.3 0 -9999.9 2 -9999.9 1 -9999.9 1 -9999.9 1 -9999.9 1 -9999.9 1    -0.2 1     6.3 0   265.5 0  1045.5 0
 1999 158  6  7 22  3 22.050  54.72 -9999.9 1 -9999.9 1 -9999.9 1   128.0 0 -9999.9 1   317.2 0   315.4 0 -9999.9 1   304.0 0   304.3 0 -9999.9 2 -9999.9 1 -9999.9 1 -9999.9 1 -9999.9 1 -9999.9 1    -0.2 1     6.8 0   273.3 0  1045.5 0
 1999 158  6  7 22  6 22.100  55.30 -9999.9 1 -9999.9 1 -9999.9 1   128.7 0 -9999.9 1   317.2 0   315.3 0 -9999.9 1   304.0 0   304.2 0 -9999.9 2 -9999.9 1 -9999.9 1 -9999.9 1 -9999.9 1 -9999.9 1    -0.2 1     6.1 0   275.3 0  1045.5 0
 1999 158  6  7 22  9 22.150  55.87 -9999.9 1 -9999.9 1 -9999.9 1   125.3 0 -9999.9 1   317.2 0   315.5 0 -9999.9 1   304.0 0   304.2 0 -9999.9 2 -9999.9 1 -9999.9 1 -9999.9 1 -9999.9 1 -9999.9 1    -0.2 1     5.7 0   271.3 0  1045.5 0
 1999 158  6  7 22 12 22.200  56.44 -9999.9 1 -9999.9 1 -9999.9 1   119.2 0 -9999.9 1   317.3 0   315.2 0 -9999.9 1   303.9 0   304.2 0 -9999.9 2 -9999.9 1 -9999.9 1 -9999.9 1 -9999.9 1 -9999.9 1    -0.2 1     6.8 0   273.4 0  1045.5 0
 1999 158  6  7 22 15 22.250  57.01 -9999.9 1 -9999.9 1 -9999.9 1   112.4 0 -9999.9 1   317.3 0   315.5 0 -9999.9 1   303.9 0   304.2 0 -9999.9 2 -9999.9 1 -9999.9 1 -9999.9 1 -9999.9 1 -9999.9 1    -0.2 1     5.2 0   267.1 0  1045.5 0
 1999 158  6  7 22 18 22.300  57.59 -9999.9 1 -9999.9 1 -9999.9 1   107.8 0 -9999.9 1   317.4 0   315.5 0 -9999.9 1   303.9 0   304.2 0 -9999.9 2 -9999.9 1 -9999.9 1 -9999.9 1 -9999.9 1 -9999.9 1    -0.2 1     5.7 0   275.8 0  1045.5 0
 1999 158  6  7 22 21 22.350  58.16 -9999.9 1 -9999.9 1 -9999.9 1   106.9 0 -9999.9 1   317.3 0   315.2 0 -9999.9 1   303.9 0   304.1 0 -9999.9 2 -9999.9 1 -9999.9 1 -9999.9 1 -9999.9 1 -9999.9 1    -0.2 1     7.0 0   282.6 0  1045.5 0
 1999 158  6  7 22 24 22.400  58.73 -9999.9 1 -9999.9 1 -9999.9 1   106.6 0 -9999.9 1   317.3 0   315.3 0 -9999.9 1   303.8 0   304.0 0 -9999.9 2 -9999.9 1 -9999.9 1 -9999.9 1 -9999.9 1 -9999.9 1    -0.2 1     5.8 0   267.6 0  1045.4 0
 1999 158  6  7 22 27 22.450  59.30 -9999.9 1 -9999.9 1 -9999.9 1   107.7 0 -9999.9 1   317.3 0   315.2 0 -9999.9 1   303.8 0   304.0 0 -9999.9 2 -9999.9 1 -9999.9 1 -9999.9 1 -9999.9 1 -9999.9 1    -0.2 1     5.9 0   281.8 0  1045.4 0
 1999 158  6  7 22 30 22.500  59.87 -9999.9 1 -9999.9 1 -9999.9 1   113.3 0 -9999.9 1   317.3 0   315.5 0 -9999.9 1   303.8 0   304.0 0 -9999.9 2 -9999.9 1 -9999.9 1 -9999.9 1 -9999.9 1 -9999.9 1    -0.2 1     4.2 0   289.1 0  1045.4 0
 1999 158  6  7 22 33 22.550  60.44 -9999.9 1 -9999.9 1 -9999.9 1   118.2 0 -9999.9 1   317.3 0   315.4 0 -9999.9 1   303.8 0   304.0 0 -9999.9 2 -9999.9 1 -9999.9 1 -9999.9 1 -9999.9 1 -9999.9 1    -0.2 1     5.3 0   277.9 0  1045.4 0
 1999 158  6  7 22 36 22.600  61.01 -9999.9 1 -9999.9 1 -9999.9 1   115.8 0 -9999.9 1   317.3 0   315.4 0 -9999.9 1   303.8 0   304.0 0 -9999.9 2 -9999.9 1 -9999.9 1 -9999.9 1 -9999.9 1 -9999.9 1    -0.2 1     5.9 0   271.5 0  1045.4 0
 1999 158  6  7 22 39 22.650  61.58 -9999.9 1 -9999.9 1 -9999.9 1   110.8 0 -9999.9 1   317.3 0   315.2 0 -9999.9 1   303.7 0   304.0 0 -9999.9 2 -9999.9 1 -9999.9 1 -9999.9 1 -9999.9 1 -9999.9 1    -0.2 1     6.1 0   281.6 0  1045.3 0
 1999 158  6  7 22 42 22.700  62.15 -9999.9 1 -9999.9 1 -9999.9 1   109.3 0 -9999.9 1   317.3 0   315.0 0 -9999.9 1   303.7 0   303.9 0 -9999.9 2 -9999.9 1 -9999.9 1 -9999.9 1 -9999.9 1 -9999.9 1    -0.2 1     6.7 0   281.9 0  1045.3 0
 1999 158  6  7 22 45 22.750  62.72 -9999.9 1 -9999.9 1 -9999.9 1   106.0 0 -9999.9 1   317.2 0   314.9 0 -9999.9 1   303.6 0   303.7 0 -9999.9 2 -9999.9 1 -9999.9 1 -9999.9 1 -9999.9 1 -9999.9 1    -0.2 1     6.0 0   277.5 0  1045.3 0
 1999 158  6  7 22 48 22.800  63.29 -9999.9 1 -9999.9 1 -9999.9 1   102.5 0 -9999.9 1   317.0 0   314.9 0 -9999.9 1   303.5 0   303.5 0 -9999.9 2 -9999.9 1 -9999.9 1 -9999.9 1 -9999.9 1 -9999.9 1    -0.2 1     4.9 0   281.4 0  1045.3 0
 1999 158  6  7 22 51 22.850  63.85 -9999.9 1 -9999.9 1 -9999.9 1   107.6 0 -9999.9 1   317.0 0   315.1 0 -9999.9 1   303.3 0   303.4 0 -9999.9 2 -9999.9 1 -9999.9 1 -9999.9 1 -9999.9 1 -9999.9 1    -0.2 1     4.3 0   284.9 0  1045.2 0
 1999 158  6  7 22 54 22.900  64.42 -9999.9 1 -9999.9 1 -9999.9 1   117.1 0 -9999.9 1   316.9 0   314.9 0 -9999.9 1   303.3 0   303.5 0 -9999.9 2 -9999.9 1 -9999.9 1 -9999.9 1 -9999.9 1 -9999.9 1    -0.2 1     6.2 0   273.6 0  1045.2 0
 1999 158  6  7 22 57 22.950  64.98 -9999.9 1 -9999.9 1 -9999.9 1   122.4 0 -9999.9 1   316.9 0   314.7 0 -9999.9 1   303.3 0   303.5 0 -9999.9 2 -9999.9 1 -9999.9 1 -9999.9 1 -9999.9 1 -9999.9 1    -0.2 1     6.1 0   268.4 0  1045.3 0
 1999 158  6  7 23  0 23.000  65.55 -9999.9 1 -9999.9 1 -9999.9 1   114.9 0 -9999.9 1   316.9 0   314.8 0 -9999.9 1   303.3 0   303.5 0 -9999.9 2 -9999.9 1 -9999.9 1 -9999.9 1 -9999.9 1 -9999.9 1    -0.2 1     6.1 0   274.4 0  1045.3 0
 1999 158  6  7 23  3 23.050  66.11 -9999.9 1 -9999.9 1 -9999.9 1   110.1 0 -9999.9 1   316.9 0   315.0 0 -9999.9 1   303.3 0   303.5 0 -9999.9 2 -9999.9 1 -9999.9 1 -9999.9 1 -9999.9 1 -9999.9 1    -0.2 1     4.9 0   278.8 0  1045.3 0
 1999 158  6  7 23  6 23.100  66.68 -9999.9 1 -9999.9 1 -9999.9 1   100.9 0 -9999.9 1   317.0 0   315.0 0 -9999.9 1   303.3 0   303.5 0 -9999.9 2 -9999.9 1 -9999.9 1 -9999.9 1 -9999.9 1 -9999.9 1    -0.2 1     5.1 0   283.3 0  1045.3 0
 1999 158  6  7 23  9 23.150  67.24 -9999.9 1 -9999.9 1 -9999.9 1    96.1 0 -9999.9 1   317.0 0   314.8 0 -9999.9 1   303.3 0   303.4 0 -9999.9 2 -9999.9 1 -9999.9 1 -9999.9 1 -9999.9 1 -9999.9 1    -0.2 1     5.2 0   287.2 0  1045.2 0
 1999 158  6  7 23 12 23.200  67.80 -9999.9 1 -9999.9 1 -9999.9 1    89.9 0 -9999.9 1   316.9 0   314.7 0 -9999.9 1   303.2 0   303.3 0 -9999.9 2 -9999.9 1 -9999.9 1 -9999.9 1 -9999.9 1 -9999.9 1    -0.2 1     5.4 0   282.7 0  1045.2 0
 1999 158  6  7 23 15 23.250  68.36 -9999.9 1 -9999.9 1 -9999.9 1    89.7 0 -9999.9 1   316.7 0   314.4 0 -9999.9 1   303.1 0   303.2 0 -9999.9 2 -9999.9 1 -9999.9 1 -9999.9 1 -9999.9 1 -9999.9 1    -0.2 1     5.3 0   275.1 0  1045.2 0
 1999 158  6  7 23 18 23.300  68.92 -9999.9 1 -9999.9 1 -9999.9 1    90.0 0 -9999.9 1   316.6 0   314.4 0 -9999.9 1   303.0 0   303.1 0 -9999.9 2 -9999.9 1 -9999.9 1 -9999.9 1 -9999.9 1 -9999.9 1    -0.2 1     6.5 0   271.7 0  1045.2 0
 1999 158  6  7 23 21 23.350  69.48 -9999.9 1 -9999.9 1 -9999.9 1    81.4 0 -9999.9 1   316.5 0   313.8 0 -9999.9 1   302.9 0   302.8 0 -9999.9 2 -9999.9 1 -9999.9 1 -9999.9 1 -9999.9 1 -9999.9 1    -0.2 1     5.5 0   274.8 0  1045.2 0
 1999 158  6  7 23 24 23.400  70.04 -9999.9 1 -9999.9 1 -9999.9 1    67.5 0 -9999.9 1   316.1 0   313.8 0 -9999.9 1   302.6 0   302.5 0 -9999.9 2 -9999.9 1 -9999.9 1 -9999.9 1 -9999.9 1 -9999.9 1    -0.2 1     4.3 0   276.1 0  1045.3 0
 1999 158  6  7 23 27 23.450  70.59 -9999.9 1 -9999.9 1 -9999.9 1    60.9 0 -9999.9 1   315.9 0   313.7 0 -9999.9 1   302.4 0   302.2 0 -9999.9 2 -9999.9 1 -9999.9 1 -9999.9 1 -9999.9 1 -9999.9 1    -0.2 1     3.9 0   278.2 0  1045.3 0
 1999 158  6  7 23 30 23.500  71.15 -9999.9 1 -9999.9 1 -9999.9 1    60.3 0 -9999.9 1   315.6 0   313.5 0 -9999.9 1   302.1 0   302.0 0 -9999.9 2 -9999.9 1 -9999.9 1 -9999.9 1 -9999.9 1 -9999.9 1    -0.2 1     4.1 0   278.1 0  1045.3 0
 1999 158  6  7 23 33 23.550  71.70 -9999.9 1 -9999.9 1 -9999.9 1    62.2 0 -9999.9 1   315.3 0   313.2 0 -9999.9 1   301.9 0   301.8 0 -9999.9 2 -9999.9 1 -9999.9 1 -9999.9 1 -9999.9 1 -9999.9 1    -0.2 1     4.0 0   278.1 0  1045.3 0
 1999 158  6  7 23 36 23.600  72.25 -9999.9 1 -9999.9 1 -9999.9 1    70.5 0 -9999.9 1   315.1 0   313.1 0 -9999.9 1   301.7 0   301.7 0 -9999.9 2 -9999.9 1 -9999.9 1 -9999.9 1 -9999.9 1 -9999.9 1    -0.2 1     3.7 0   278.5 0  1045.2 0
 1999 158  6  7 23 39 23.650  72.80 -9999.9 1 -9999.9 1 -9999.9 1    89.9 0 -9999.9 1   315.0 0   313.4 0 -9999.9 1   301.6 0   301.7 0 -9999.9 2 -9999.9 1 -9999.9 1 -9999.9 1 -9999.9 1 -9999.9 1    -0.2 1     3.9 0   275.6 0  1045.2 0
 1999 158  6  7 23 42 23.700  73.35 -9999.9 1 -9999.9 1 -9999.9 1   111.8 0 -9999.9 1   315.0 0   313.0 0 -9999.9 1   301.7 0   301.7 0 -9999.9 2 -9999.9 1 -9999.9 1 -9999.9 1 -9999.9 1 -9999.9 1    -0.2 1     4.0 0   275.9 0  1045.3 0
 1999 158  6  7 23 45 23.750  73.90 -9999.9 1 -9999.9 1 -9999.9 1   119.6 0 -9999.9 1   314.9 0   313.1 0 -9999.9 1   301.7 0   301.8 0 -9999.9 2 -9999.9 1 -9999.9 1 -9999.9 1 -9999.9 1 -9999.9 1    -0.2 1     4.1 0   273.4 0  1045.3 0
 1999 158  6  7 23 48 23.800  74.45 -9999.9 1 -9999.9 1 -9999.9 1   107.3 0 -9999.9 1   315.0 0   313.3 0 -9999.9 1   301.8 0   301.9 0 -9999.9 2 -9999.9 1 -9999.9 1 -9999.9 1 -9999.9 1 -9999.9 1    -0.2 1     4.4 0   274.6 0  1045.4 0
 1999 158  6  7 23 51 23.850  75.00 -9999.9 1 -9999.9 1 -9999.9 1    90.6 0 -9999.9 1   315.1 0   313.2 0 -9999.9 1   301.9 0   302.0 0 -9999.9 2 -9999.9 1 -9999.9 1 -9999.9 1 -9999.9 1 -9999.9 1    -0.2 1     4.3 0   279.2 0  1045.4 0
 1999 158  6  7 23 54 23.900  75.54 -9999.9 1 -9999.9 1 -9999.9 1    80.5 0 -9999.9 1   315.1 0   313.1 0 -9999.9 1   302.0 0   302.1 0 -9999.9 2 -9999.9 1 -9999.9 1 -9999.9 1 -9999.9 1 -9999.9 1    -0.2 1     5.0 0   274.2 0  1039.0 0
 1999 158  6  7 23 57 23.950  76.09 -9999.9 1 -9999.9 1 -9999.9 1    72.4 0 -9999.9 1   315.2 0   313.1 0 -9999.9 1   302.0 0   302.1 0 -9999.9 2 -9999.9 1 -9999.9 1 -9999.9 1 -9999.9 1 -9999.9 1    -0.2 1     4.6 0   274.3 0  1038.4 0
