 Bondville
   40.05  -88.37  213 m version 1
 1999 183  7  2  0  3  0.050  76.08    88.6 0 -9999.9 1 -9999.9 1    80.9 0   365.0 0   313.7 0   312.6 0   428.3 0   295.7 0   295.7 0     6.3 2    41.5 0 -9999.9 1   -63.2 0 -9999.9 1 -9999.9 1 -9999.9 1 -9999.9 1   179.4 0 -9999.9 1
 1999 183  7  2  0  6  0.100  76.62    88.3 0 -9999.9 1 -9999.9 1    85.3 0   363.5 0   313.9 0   313.0 0   428.6 0   295.8 0   295.8 0     6.1 2    41.5 0 -9999.9 1   -65.1 0 -9999.9 1 -9999.9 1 -9999.9 1 -9999.9 1   199.6 0 -9999.9 1
 1999 183  7  2  0  9  0.150  77.16    85.7 0 -9999.9 1 -9999.9 1    83.7 0   363.7 0   314.1 0   313.2 0   429.3 0   295.9 0   295.9 0     5.9 0    40.0 0 -9999.9 1   -65.6 0 -9999.9 1 -9999.9 1 -9999.9 1 -9999.9 1   205.8 0 -9999.9 1
 1999 183  7  2  0 12  0.200  77.70    88.9 0 -9999.9 1 -9999.9 1    85.9 0   364.8 0   314.2 0   313.3 0   428.9 0   295.9 0   295.8 0     5.4 2    41.4 0 -9999.9 1   -64.1 0 -9999.9 1 -9999.9 1 -9999.9 1 -9999.9 1   212.2 0 -9999.9 1
 1999 183  7  2  0 18  0.300  78.77    92.3 0 -9999.9 1 -9999.9 1    88.4 0   362.1 0   314.4 0   313.6 0   429.7 0   295.9 0   295.9 0     4.9 2    42.8 0 -9999.9 1   -67.6 0 -9999.9 1 -9999.9 1 -9999.9 1 -9999.9 1   219.5 0 -9999.9 1
 1999 183  7  2  0 21  0.350  79.30    83.9 0 -9999.9 1 -9999.9 1    81.6 0   357.1 0   314.6 0   313.9 0   429.5 0   296.0 0   296.0 0     4.7 0    39.2 0 -9999.9 1   -72.3 0 -9999.9 1 -9999.9 1 -9999.9 1 -9999.9 1   218.0 0 -9999.9 1
 1999 183  7  2  0 24  0.400  79.83    84.8 0 -9999.9 1 -9999.9 1    79.7 0   359.4 0   314.8 0   313.8 0   429.6 0   296.1 0   296.1 0     4.3 0    39.3 0 -9999.9 1   -70.2 0 -9999.9 1 -9999.9 1 -9999.9 1 -9999.9 1   232.1 0 -9999.9 1
 1999 183  7  2  0 27  0.450  80.36    85.8 0 -9999.9 1 -9999.9 1    83.3 0   365.7 0   315.0 0   313.8 0   430.8 0   296.2 0   296.2 0     4.0 0    40.0 0 -9999.9 1   -65.1 0 -9999.9 1 -9999.9 1 -9999.9 1 -9999.9 1   244.1 0 -9999.9 1
 1999 183  7  2  0 33  0.550  81.41    88.6 0 -9999.9 1 -9999.9 1    86.3 0   364.1 0   315.1 0   313.8 0   430.7 0   296.2 0   296.2 0     3.4 0    40.6 0 -9999.9 1   -66.6 0 -9999.9 1 -9999.9 1 -9999.9 1 -9999.9 1   243.1 0 -9999.9 1
 1999 183  7  2  0 36  0.600  81.93    91.4 0 -9999.9 1 -9999.9 1    88.8 0   362.5 0   315.0 0   313.8 0   429.9 0   296.1 0   296.1 0     3.1 0    41.2 0 -9999.9 1   -67.4 0 -9999.9 1 -9999.9 1 -9999.9 1 -9999.9 1   242.6 0 -9999.9 1
 1999 183  7  2  0 39  0.650  82.45    82.5 0 -9999.9 1 -9999.9 1    80.1 0   357.5 0   315.0 0   313.8 0   428.7 0   296.0 0   296.0 0     2.9 0    37.6 0 -9999.9 1   -71.2 0 -9999.9 1 -9999.9 1 -9999.9 1 -9999.9 1   247.4 0 -9999.9 1
 1999 183  7  2  0 42  0.700  82.96    74.1 0 -9999.9 1 -9999.9 1    71.8 0   358.7 0   315.1 0   313.7 0   428.4 0   296.0 0   296.0 0     2.6 0    33.6 0 -9999.9 1   -69.7 0 -9999.9 1 -9999.9 1 -9999.9 1 -9999.9 1   296.7 0 -9999.9 1
 1999 183  7  2  0 48  0.800  83.98    54.3 0 -9999.9 1 -9999.9 1    51.9 0   369.9 0   314.9 0   313.5 0   427.0 0   295.8 0   295.7 0     1.7 2    24.7 0 -9999.9 1   -57.1 0 -9999.9 1 -9999.9 1 -9999.9 1 -9999.9 1   284.2 0 -9999.9 1
 1999 183  7  2  0 51  0.850  84.49    49.1 0 -9999.9 1 -9999.9 1    46.8 0   367.5 0   314.8 0   313.4 0   426.3 0   295.6 0   295.6 0     1.5 2    22.3 0 -9999.9 1   -58.8 0 -9999.9 1 -9999.9 1 -9999.9 1 -9999.9 1   283.8 0 -9999.9 1
 1999 183  7  2  0 54  0.900  84.99    45.5 0 -9999.9 1 -9999.9 1    43.3 0   370.2 0   314.9 0   313.5 0   426.4 0   295.7 0   295.7 0     1.3 0    20.2 0 -9999.9 1   -56.3 0 -9999.9 1 -9999.9 1 -9999.9 1 -9999.9 1   285.0 0 -9999.9 1
 1999 183  7  2  0 57  0.950  85.49    35.1 0 -9999.9 1 -9999.9 1    33.1 0   370.5 0   314.8 0   313.4 0   425.7 0   295.7 0   295.7 0     1.1 0    15.9 0 -9999.9 1   -55.2 0 -9999.9 1 -9999.9 1 -9999.9 1 -9999.9 1   285.3 0 -9999.9 1
 1999 183  7  2  1  3  1.050  86.47    24.1 0 -9999.9 1 -9999.9 1    22.3 0   369.0 0   314.8 0   313.4 0   424.5 0   295.7 0   295.6 0     0.8 0    11.1 0 -9999.9 1   -55.6 0 -9999.9 1 -9999.9 1 -9999.9 1 -9999.9 1   313.3 0 -9999.9 1
 1999 183  7  2  1  6  1.100  86.96    21.5 0 -9999.9 1 -9999.9 1    19.5 0   368.8 0   314.6 0   313.3 0   423.0 0   295.5 0   295.4 0     0.7 0     9.5 0 -9999.9 1   -54.2 0 -9999.9 1 -9999.9 1 -9999.9 1 -9999.9 1   316.5 0 -9999.9 1
 1999 183  7  2  1  9  1.150  87.43    23.0 0 -9999.9 1 -9999.9 1    21.0 0   367.6 0   314.5 0   313.3 0   421.7 0   295.4 0   295.3 0     0.6 0     9.3 0 -9999.9 1   -54.1 0 -9999.9 1 -9999.9 1 -9999.9 1 -9999.9 1   323.9 0 -9999.9 1
 1999 183  7  2  1 12  1.200  87.89    22.9 0 -9999.9 1 -9999.9 1    21.3 0   366.3 0   314.4 0   313.5 0   420.9 0   295.2 0   295.2 0     0.5 2     8.9 0 -9999.9 1   -54.5 0 -9999.9 1 -9999.9 1 -9999.9 1 -9999.9 1   322.5 0 -9999.9 1
 1999 183  7  2  1 18  1.300  88.78    12.6 0 -9999.9 1 -9999.9 1    13.5 0   364.4 0   314.5 0   313.6 0   419.4 0   295.2 0   295.1 0     0.4 0     5.3 0 -9999.9 1   -55.0 0 -9999.9 1 -9999.9 1 -9999.9 1 -9999.9 1   328.6 0 -9999.9 1
 1999 183  7  2  1 21  1.350  89.20     7.5 0 -9999.9 1 -9999.9 1     8.3 0   366.6 0   314.4 0   313.3 0   418.6 0   295.0 0   295.0 0     0.3 0     3.7 0 -9999.9 1   -52.1 0 -9999.9 1 -9999.9 1 -9999.9 1 -9999.9 1   329.1 0 -9999.9 1
 1999 183  7  2  1 24  1.400  89.59     4.6 0 -9999.9 1 -9999.9 1     5.0 0   366.6 0   314.2 0   312.9 0   417.4 0   294.9 0   294.8 0     0.2 2     2.7 0 -9999.9 1   -50.8 0 -9999.9 1 -9999.9 1 -9999.9 1 -9999.9 1   326.9 0 -9999.9 1
 1999 183  7  2  1 27  1.450  89.95     4.4 0 -9999.9 1 -9999.9 1     4.5 0   366.1 0   314.1 0   312.8 0   416.5 0   294.7 0   294.7 0     0.2 2     2.5 0 -9999.9 1   -50.4 0 -9999.9 1 -9999.9 1 -9999.9 1 -9999.9 1   308.2 0 -9999.9 1
 1999 183  7  2  1 33  1.550  91.66     4.8 0 -9999.9 1 -9999.9 1     4.6 0   359.1 0   313.8 0   312.6 0   414.5 0   294.4 0   294.3 0     0.0 2     1.8 0 -9999.9 1   -55.4 0 -9999.9 1 -9999.9 1 -9999.9 1 -9999.9 1   298.5 0 -9999.9 1
 1999 183  7  2  1 36  1.600  92.15     4.3 0 -9999.9 1 -9999.9 1     4.3 0   356.9 0   313.7 0   312.8 0   413.5 0   294.3 0   294.2 0     0.0 2     1.3 0 -9999.9 1   -56.5 0 -9999.9 1 -9999.9 1 -9999.9 1 -9999.9 1   298.3 0 -9999.9 1
 1999 183  7  2  1 39  1.650  92.63     3.3 0 -9999.9 1 -9999.9 1     3.7 0   357.6 0   313.8 0   312.7 0   413.2 0   294.3 0   294.2 0     0.0 2     0.9 0 -9999.9 1   -55.6 0 -9999.9 1 -9999.9 1 -9999.9 1 -9999.9 1   298.1 0 -9999.9 1
 1999 183  7  2  1 42  1.700  93.10     1.6 0 -9999.9 1 -9999.9 1     1.9 0   360.3 0   313.8 0   312.6 0   413.6 0   294.3 0   294.3 0     0.0 2     0.5 0 -9999.9 1   -53.3 0 -9999.9 1 -9999.9 1 -9999.9 1 -9999.9 1   293.8 0 -9999.9 1
 1999 183  7  2  1 48  1.800  94.05    -1.6 0 -9999.9 1 -9999.9 1    -1.5 0   357.4 0   313.7 0   312.1 0   413.4 0   294.3 0   294.2 0     0.0 0     0.0 0 -9999.9 1   -56.0 0 -9999.9 1 -9999.9 1 -9999.9 1 -9999.9 1   216.5 0 -9999.9 1
 1999 183  7  2  1 51  1.850  94.52    -2.1 0 -9999.9 1 -9999.9 1    -2.5 0   353.3 0   313.6 0   312.5 0   412.4 0   294.2 0   294.1 0     0.0 0     0.0 0 -9999.9 1   -59.1 0 -9999.9 1 -9999.9 1 -9999.9 1 -9999.9 1   237.5 0 -9999.9 1
 1999 183  7  2  1 54  1.900  94.99    -2.4 0 -9999.9 1 -9999.9 1    -2.3 0   352.3 0   313.4 0   312.5 0   411.4 0   294.0 0   294.0 0     0.0 2    -0.1 0 -9999.9 1   -59.1 0 -9999.9 1 -9999.9 1 -9999.9 1 -9999.9 1   258.5 0 -9999.9 1
 1999 183  7  2  1 57  1.950  95.45    -2.6 0 -9999.9 1 -9999.9 1    -1.8 0   360.7 0   313.3 0   312.4 0   411.3 0   293.9 0   293.8 0     0.0 2    -0.2 0 -9999.9 1   -50.5 0 -9999.9 1 -9999.9 1 -9999.9 1 -9999.9 1   252.0 0 -9999.9 1
 1999 183  7  2  2  3  2.050  96.37    -2.5 0 -9999.9 1 -9999.9 1    -1.7 0   362.4 0   313.1 0   312.1 0   411.4 0   293.6 0   293.6 0     0.0 2    -0.1 0 -9999.9 1   -49.1 0 -9999.9 1 -9999.9 1 -9999.9 1 -9999.9 1   243.6 0 -9999.9 1
 1999 183  7  2  2  6  2.100  96.82    -2.6 0 -9999.9 1 -9999.9 1    -1.8 0   362.0 0   313.0 0   312.1 0   411.8 0   293.6 0   293.5 0     0.0 2    -0.2 0 -9999.9 1   -49.7 0 -9999.9 1 -9999.9 1 -9999.9 1 -9999.9 1   242.8 0 -9999.9 1
 1999 183  7  2  2  9  2.150  97.27    -2.8 0 -9999.9 1 -9999.9 1    -1.9 0   362.5 0   312.9 0   311.8 0   411.3 0   293.5 0   293.4 0     0.0 2    -0.2 0 -9999.9 1   -48.8 0 -9999.9 1 -9999.9 1 -9999.9 1 -9999.9 1   248.1 0 -9999.9 1
 1999 183  7  2  2 12  2.200  97.72    -2.7 0 -9999.9 1 -9999.9 1    -1.9 0   364.4 0   312.8 0   311.8 0   411.5 0   293.4 0   293.3 0     0.0 2    -0.2 0 -9999.9 1   -47.1 0 -9999.9 1 -9999.9 1 -9999.9 1 -9999.9 1   272.2 0 -9999.9 1
 1999 183  7  2  2 18  2.300  98.60    -3.0 0 -9999.9 1 -9999.9 1    -1.5 0   362.4 0   312.8 0   311.5 0   412.0 0   293.3 0   293.3 0     0.0 2    -0.1 0 -9999.9 1   -49.6 0 -9999.9 1 -9999.9 1 -9999.9 1 -9999.9 1   276.9 0 -9999.9 1
 1999 183  7  2  2 21  2.350  99.04    -2.9 0 -9999.9 1 -9999.9 1    -1.3 0   367.8 0   312.8 0   311.2 0   413.5 0   293.5 0   293.4 0     0.0 2    -0.2 0 -9999.9 1   -45.7 0 -9999.9 1 -9999.9 1 -9999.9 1 -9999.9 1   277.6 0 -9999.9 1
 1999 183  7  2  2 24  2.400  99.47    -3.1 0 -9999.9 1 -9999.9 1    -1.3 0   364.1 0   312.6 0   310.9 0   413.3 0   293.4 0   293.3 0     0.0 2    -0.2 0 -9999.9 1   -49.2 0 -9999.9 1 -9999.9 1 -9999.9 1 -9999.9 1   285.8 0 -9999.9 1
 1999 183  7  2  2 27  2.450  99.90    -3.0 0 -9999.9 1 -9999.9 1    -1.6 0   360.0 0   312.5 0   310.9 0   412.7 0   293.4 0   293.3 0     0.0 2    -0.3 0 -9999.9 1   -52.7 0 -9999.9 1 -9999.9 1 -9999.9 1 -9999.9 1   294.7 0 -9999.9 1
 1999 183  7  2  2 33  2.550 100.75    -3.0 0 -9999.9 1 -9999.9 1    -1.6 0   366.8 0   312.5 0   311.4 0   412.9 0   293.5 0   293.5 0     0.0 2    -0.2 0 -9999.9 1   -46.2 0 -9999.9 1 -9999.9 1 -9999.9 1 -9999.9 1   292.7 0 -9999.9 1
 1999 183  7  2  2 36  2.600 101.17    -2.9 0 -9999.9 1 -9999.9 1    -0.9 0   365.7 0   312.4 0   311.4 0   412.5 0   293.5 0   293.4 0     0.0 2    -0.2 0 -9999.9 1   -46.8 0 -9999.9 1 -9999.9 1 -9999.9 1 -9999.9 1   284.9 0 -9999.9 1
 1999 183  7  2  2 39  2.650 101.58    -2.6 0 -9999.9 1 -9999.9 1    -0.4 0   365.4 0   312.3 0   310.9 0   411.9 0   293.5 0   293.4 0     0.0 2    -0.3 0 -9999.9 1   -46.5 0 -9999.9 1 -9999.9 1 -9999.9 1 -9999.9 1   276.7 0 -9999.9 1
 1999 183  7  2  2 42  2.700 102.00    -2.7 0 -9999.9 1 -9999.9 1    -0.9 0   364.4 0   312.2 0   311.1 0   411.4 0   293.4 0   293.4 0     0.0 2    -0.2 0 -9999.9 1   -47.0 0 -9999.9 1 -9999.9 1 -9999.9 1 -9999.9 1   264.5 0 -9999.9 1
 1999 183  7  2  2 48  2.800 102.81    -2.9 0 -9999.9 1 -9999.9 1    -0.8 0   367.0 0   312.3 0   311.2 0   412.6 0   293.5 0   293.4 0     0.0 0    -0.2 0 -9999.9 1   -45.6 0 -9999.9 1 -9999.9 1 -9999.9 1 -9999.9 1   251.2 0 -9999.9 1
 1999 183  7  2  2 51  2.850 103.20    -3.0 0 -9999.9 1 -9999.9 1    -1.0 0   361.6 0   312.2 0   311.0 0   412.2 0   293.4 0   293.3 0     0.0 0    -0.1 0 -9999.9 1   -50.6 0 -9999.9 1 -9999.9 1 -9999.9 1 -9999.9 1   255.0 0 -9999.9 1
 1999 183  7  2  2 54  2.900 103.60    -3.1 0 -9999.9 1 -9999.9 1    -0.9 0   361.4 0   312.2 0   311.1 0   412.1 0   293.5 0   293.4 0     0.0 0    -0.2 0 -9999.9 1   -50.6 0 -9999.9 1 -9999.9 1 -9999.9 1 -9999.9 1   258.5 0 -9999.9 1
 1999 183  7  2  2 57  2.950 103.99    -3.1 0 -9999.9 1 -9999.9 1    -0.8 0   359.2 0   312.1 0   310.9 0   410.5 0   293.4 0   293.3 0     0.0 0    -0.2 0 -9999.9 1   -51.3 0 -9999.9 1 -9999.9 1 -9999.9 1 -9999.9 1   220.6 0 -9999.9 1
 1999 183  7  2  3  3  3.050 104.76    -3.0 0 -9999.9 1 -9999.9 1    -1.0 0   370.7 0   312.0 0   310.8 0   413.0 0   293.3 0   293.2 0     0.0 0    -0.2 0 -9999.9 1   -42.2 0 -9999.9 1 -9999.9 1 -9999.9 1 -9999.9 1   241.0 0 -9999.9 1
 1999 183  7  2  3  6  3.100 105.13    -3.1 0 -9999.9 1 -9999.9 1    -0.7 0   372.2 0   311.9 0   310.5 0   413.2 0   293.2 0   293.1 0     0.0 0    -0.2 0 -9999.9 1   -40.9 0 -9999.9 1 -9999.9 1 -9999.9 1 -9999.9 1   258.5 0 -9999.9 1
 1999 183  7  2  3  9  3.150 105.51    -3.1 0 -9999.9 1 -9999.9 1    -0.1 0   383.3 0   311.9 0   310.1 0   415.0 0   293.2 0   293.2 0     0.0 0    -0.2 0 -9999.9 1   -31.6 0 -9999.9 1 -9999.9 1 -9999.9 1 -9999.9 1   280.3 0 -9999.9 1
 1999 183  7  2  3 12  3.200 105.87    -2.9 0 -9999.9 1 -9999.9 1     0.0 0   389.9 0   311.8 0   310.1 0   416.9 0   293.3 0   293.2 0     0.0 0    -0.2 0 -9999.9 1   -27.0 0 -9999.9 1 -9999.9 1 -9999.9 1 -9999.9 1   291.6 0 -9999.9 1
 1999 183  7  2  3 18  3.300 106.59    -3.0 0 -9999.9 1 -9999.9 1     0.6 0   393.4 0   311.5 0   309.9 0   417.9 0   293.2 0   293.1 0     0.0 0    -0.1 0 -9999.9 1   -24.5 0 -9999.9 1 -9999.9 1 -9999.9 1 -9999.9 1   299.5 0 -9999.9 1
 1999 183  7  2  3 21  3.350 106.95    -3.1 0 -9999.9 1 -9999.9 1     0.4 0   392.6 0   311.4 0   309.8 0   417.6 0   293.2 0   293.1 0     0.0 0    -0.1 0 -9999.9 1   -25.0 0 -9999.9 1 -9999.9 1 -9999.9 1 -9999.9 1   302.4 0 -9999.9 1
 1999 183  7  2  3 24  3.400 107.30    -3.1 0 -9999.9 1 -9999.9 1     0.3 0   393.8 0   311.3 0   309.6 0   417.5 0   293.2 0   293.1 0     0.0 2    -0.1 0 -9999.9 1   -23.7 0 -9999.9 1 -9999.9 1 -9999.9 1 -9999.9 1   302.8 0 -9999.9 1
 1999 183  7  2  3 27  3.450 107.64    -3.1 0 -9999.9 1 -9999.9 1     0.3 0   391.7 0   311.2 0   309.6 0   417.6 0   293.2 0   293.1 0     0.0 2    -0.1 0 -9999.9 1   -25.9 0 -9999.9 1 -9999.9 1 -9999.9 1 -9999.9 1   301.8 0 -9999.9 1
 1999 183  7  2  3 33  3.550 108.31    -2.9 0 -9999.9 1 -9999.9 1     0.4 0   386.7 0   311.0 0   309.4 0   417.1 0   293.2 0   293.1 0     0.0 0    -0.1 0 -9999.9 1   -30.4 0 -9999.9 1 -9999.9 1 -9999.9 1 -9999.9 1   303.5 0 -9999.9 1
 1999 183  7  2  3 36  3.600 108.64    -3.0 0 -9999.9 1 -9999.9 1     0.3 0   388.2 0   310.9 0   309.2 0   416.7 0   293.1 0   293.1 0     0.0 2    -0.1 0 -9999.9 1   -28.6 0 -9999.9 1 -9999.9 1 -9999.9 1 -9999.9 1   303.7 0 -9999.9 1
 1999 183  7  2  3 39  3.650 108.96    -3.2 0 -9999.9 1 -9999.9 1     0.5 0   385.5 0   310.7 0   309.0 0   416.5 0   293.1 0   293.0 0     0.0 2    -0.1 0 -9999.9 1   -31.0 0 -9999.9 1 -9999.9 1 -9999.9 1 -9999.9 1   301.3 0 -9999.9 1
 1999 183  7  2  3 42  3.700 109.28    -3.1 0 -9999.9 1 -9999.9 1     0.5 0   379.9 0   310.7 0   309.1 0   416.2 0   293.2 0   293.1 0     0.0 2    -0.1 0 -9999.9 1   -36.3 0 -9999.9 1 -9999.9 1 -9999.9 1 -9999.9 1   300.0 0 -9999.9 1
 1999 183  7  2  3 48  3.800 109.90    -3.1 0 -9999.9 1 -9999.9 1     0.2 0   371.7 0   310.5 0   309.1 0   414.3 0   293.1 0   293.0 0     0.0 0    -0.2 0 -9999.9 1   -42.6 0 -9999.9 1 -9999.9 1 -9999.9 1 -9999.9 1   306.2 0 -9999.9 1
 1999 183  7  2  3 51  3.850 110.20    -3.1 0 -9999.9 1 -9999.9 1     0.2 0   372.0 0   310.4 0   309.0 0   413.9 0   293.0 0   292.9 0     0.0 2    -0.2 0 -9999.9 1   -41.9 0 -9999.9 1 -9999.9 1 -9999.9 1 -9999.9 1   304.8 0 -9999.9 1
 1999 183  7  2  3 54  3.900 110.49    -3.0 0 -9999.9 1 -9999.9 1     0.1 0   375.3 0   310.3 0   309.0 0   414.1 0   293.0 0   292.9 0     0.0 2    -0.1 0 -9999.9 1   -38.7 0 -9999.9 1 -9999.9 1 -9999.9 1 -9999.9 1   304.2 0 -9999.9 1
 1999 183  7  2  3 57  3.950 110.78    -3.0 0 -9999.9 1 -9999.9 1     0.2 0   377.0 0   310.3 0   309.0 0   414.4 0   293.0 0   293.0 0     0.0 0    -0.2 0 -9999.9 1   -37.4 0 -9999.9 1 -9999.9 1 -9999.9 1 -9999.9 1   301.6 0 -9999.9 1
 1999 183  7  2  4  3  4.050 111.35    -3.1 0 -9999.9 1 -9999.9 1     0.1 0   365.3 0   310.2 0   309.0 0   412.7 0   293.0 0   292.9 0     0.0 0    -0.1 0 -9999.9 1   -47.5 0 -9999.9 1 -9999.9 1 -9999.9 1 -9999.9 1   291.5 0 -9999.9 1
 1999 183  7  2  4  6  4.100 111.62    -3.2 0 -9999.9 1 -9999.9 1     0.0 0   365.3 0   310.2 0   308.9 0   412.3 0   293.0 0   292.9 0     0.0 0     0.0 0 -9999.9 1   -47.0 0 -9999.9 1 -9999.9 1 -9999.9 1 -9999.9 1   287.0 0 -9999.9 1
 1999 183  7  2  4  9  4.150 111.88    -3.1 0 -9999.9 1 -9999.9 1     0.0 0   359.8 0   310.0 0   308.7 0   410.6 0   292.8 0   292.7 0     0.0 2    -0.2 0 -9999.9 1   -50.8 0 -9999.9 1 -9999.9 1 -9999.9 1 -9999.9 1   289.7 0 -9999.9 1
 1999 183  7  2  4 12  4.200 112.14    -3.1 0 -9999.9 1 -9999.9 1     0.0 0   354.5 0   309.9 0   308.4 0   409.8 0   292.7 0   292.6 0     0.0 2    -0.2 0 -9999.9 1   -55.3 0 -9999.9 1 -9999.9 1 -9999.9 1 -9999.9 1   291.9 0 -9999.9 1
 1999 183  7  2  4 18  4.300 112.64    -3.1 0 -9999.9 1 -9999.9 1    -0.2 0   355.4 0   309.8 0   308.3 0   408.2 0   292.6 0   292.5 0     0.0 2    -0.1 0 -9999.9 1   -52.7 0 -9999.9 1 -9999.9 1 -9999.9 1 -9999.9 1   293.8 0 -9999.9 1
 1999 183  7  2  4 21  4.350 112.88    -3.0 0 -9999.9 1 -9999.9 1    -0.2 0   353.7 0   309.8 0   308.2 0   408.5 0   292.7 0   292.6 0     0.0 2    -0.1 0 -9999.9 1   -54.8 0 -9999.9 1 -9999.9 1 -9999.9 1 -9999.9 1   292.7 0 -9999.9 1
 1999 183  7  2  4 24  4.400 113.12    -3.1 0 -9999.9 1 -9999.9 1    -0.1 0   346.4 0   309.8 0   308.1 0   408.5 0   292.7 0   292.6 0     0.0 2    -0.1 0 -9999.9 1   -62.1 0 -9999.9 1 -9999.9 1 -9999.9 1 -9999.9 1   294.8 0 -9999.9 1
 1999 183  7  2  4 27  4.450 113.35    -3.1 0 -9999.9 1 -9999.9 1    -0.3 0   342.8 0   309.8 0   308.1 0   407.8 0   292.7 0   292.6 0     0.0 0    -0.1 0 -9999.9 1   -65.0 0 -9999.9 1 -9999.9 1 -9999.9 1 -9999.9 1   299.4 0 -9999.9 1
 1999 183  7  2  4 33  4.550 113.78    -3.2 0 -9999.9 1 -9999.9 1    -1.0 0   332.4 0   309.6 0   308.4 0   404.2 0   292.5 0   292.4 0     0.0 0    -0.1 0 -9999.9 1   -71.8 0 -9999.9 1 -9999.9 1 -9999.9 1 -9999.9 1   288.7 0 -9999.9 1
 1999 183  7  2  4 36  4.600 113.99    -3.2 0 -9999.9 1 -9999.9 1    -0.9 0   329.9 0   309.5 0   308.2 0   402.9 0   292.4 0   292.3 0     0.0 2    -0.1 0 -9999.9 1   -73.0 0 -9999.9 1 -9999.9 1 -9999.9 1 -9999.9 1   274.5 0 -9999.9 1
 1999 183  7  2  4 39  4.650 114.19    -3.3 0 -9999.9 1 -9999.9 1    -0.4 0   329.6 0   309.5 0   308.1 0   402.5 0   292.4 0   292.3 0     0.0 2    -0.1 0 -9999.9 1   -72.9 0 -9999.9 1 -9999.9 1 -9999.9 1 -9999.9 1   266.1 0 -9999.9 1
 1999 183  7  2  4 42  4.700 114.39    -3.1 0 -9999.9 1 -9999.9 1    -0.4 0   328.6 0   309.4 0   307.9 0   401.1 0   292.3 0   292.2 0     0.0 2    -0.1 0 -9999.9 1   -72.6 0 -9999.9 1 -9999.9 1 -9999.9 1 -9999.9 1   265.5 0 -9999.9 1
 1999 183  7  2  4 48  4.800 114.75    -3.2 0 -9999.9 1 -9999.9 1    -1.0 0   326.3 0   309.2 0   308.0 0   399.9 0   292.2 0   292.1 0     0.0 2    -0.2 0 -9999.9 1   -73.7 0 -9999.9 1 -9999.9 1 -9999.9 1 -9999.9 1   268.3 0 -9999.9 1
 1999 183  7  2  4 51  4.850 114.93    -3.3 0 -9999.9 1 -9999.9 1    -0.6 0   327.6 0   309.3 0   307.9 0   400.2 0   292.3 0   292.2 0     0.0 0    -0.1 0 -9999.9 1   -72.6 0 -9999.9 1 -9999.9 1 -9999.9 1 -9999.9 1   256.8 0 -9999.9 1
 1999 183  7  2  4 54  4.900 115.09    -3.2 0 -9999.9 1 -9999.9 1    -0.1 0   330.0 0   309.3 0   307.8 0   401.0 0   292.4 0   292.3 0     0.0 0    -0.2 0 -9999.9 1   -71.1 0 -9999.9 1 -9999.9 1 -9999.9 1 -9999.9 1   256.9 0 -9999.9 1
 1999 183  7  2  4 57  4.950 115.25    -3.3 0 -9999.9 1 -9999.9 1    -0.2 0   332.5 0   309.3 0   307.7 0   402.7 0   292.4 0   292.3 0     0.0 0    -0.1 0 -9999.9 1   -70.2 0 -9999.9 1 -9999.9 1 -9999.9 1 -9999.9 1   259.4 0 -9999.9 1
 1999 183  7  2  5  3  5.050 115.55    -3.4 0 -9999.9 1 -9999.9 1    -0.2 0   331.1 0   309.1 0   307.6 0   402.3 0   292.3 0   292.3 0     0.0 0    -0.2 0 -9999.9 1   -71.3 0 -9999.9 1 -9999.9 1 -9999.9 1 -9999.9 1   268.9 0 -9999.9 1
 1999 183  7  2  5  6  5.100 115.69    -3.4 0 -9999.9 1 -9999.9 1    -0.1 0   329.4 0   309.0 0   307.5 0   401.0 0   292.3 0   292.2 0     0.0 0    -0.2 0 -9999.9 1   -71.6 0 -9999.9 1 -9999.9 1 -9999.9 1 -9999.9 1   266.3 0 -9999.9 1
 1999 183  7  2  5  9  5.150 115.82    -3.5 0 -9999.9 1 -9999.9 1     0.1 0   327.8 0   308.9 0   307.6 0   399.4 0   292.2 0   292.1 0     0.0 2    -0.2 0 -9999.9 1   -71.6 0 -9999.9 1 -9999.9 1 -9999.9 1 -9999.9 1   264.8 0 -9999.9 1
 1999 183  7  2  5 12  5.200 115.94    -3.2 0 -9999.9 1 -9999.9 1     0.1 0   326.9 0   308.8 0   307.6 0   398.5 0   292.1 0   292.0 0     0.0 2    -0.2 0 -9999.9 1   -71.6 0 -9999.9 1 -9999.9 1 -9999.9 1 -9999.9 1   264.4 0 -9999.9 1
 1999 183  7  2  5 18  5.300 116.17    -3.2 0 -9999.9 1 -9999.9 1     0.1 0   326.8 0   308.7 0   307.6 0   397.4 0   292.1 0   292.0 0     0.0 2    -0.2 0 -9999.9 1   -70.5 0 -9999.9 1 -9999.9 1 -9999.9 1 -9999.9 1   266.9 0 -9999.9 1
 1999 183  7  2  5 21  5.350 116.27    -3.5 0 -9999.9 1 -9999.9 1     0.0 0   328.0 0   308.7 0   307.4 0   396.7 0   292.0 0   292.0 0     0.0 2    -0.2 0 -9999.9 1   -68.7 0 -9999.9 1 -9999.9 1 -9999.9 1 -9999.9 1   272.3 0 -9999.9 1
 1999 183  7  2  5 24  5.400 116.36    -3.4 0 -9999.9 1 -9999.9 1    -0.1 0   329.2 0   308.7 0   307.2 0   396.6 0   292.1 0   292.0 0     0.0 0    -0.2 0 -9999.9 1   -67.4 0 -9999.9 1 -9999.9 1 -9999.9 1 -9999.9 1   278.7 0 -9999.9 1
 1999 183  7  2  5 27  5.450 116.45    -3.5 0 -9999.9 1 -9999.9 1     0.0 0   329.6 0   308.6 0   307.1 0   396.7 0   292.0 0   291.9 0     0.0 0    -0.1 0 -9999.9 1   -67.1 0 -9999.9 1 -9999.9 1 -9999.9 1 -9999.9 1   286.6 0 -9999.9 1
 1999 183  7  2  5 33  5.550 116.59    -3.2 0 -9999.9 1 -9999.9 1    -0.1 0   327.9 0   308.5 0   307.1 0   395.9 0   291.8 0   291.7 0     0.0 0    -0.2 0 -9999.9 1   -68.0 0 -9999.9 1 -9999.9 1 -9999.9 1 -9999.9 1   284.7 0 -9999.9 1
 1999 183  7  2  5 36  5.600 116.66    -3.3 0 -9999.9 1 -9999.9 1    -0.1 0   325.9 0   308.3 0   306.9 0   395.6 0   291.6 0   291.5 0     0.0 2    -0.2 0 -9999.9 1   -69.7 0 -9999.9 1 -9999.9 1 -9999.9 1 -9999.9 1   278.7 0 -9999.9 1
 1999 183  7  2  5 39  5.650 116.71    -3.5 0 -9999.9 1 -9999.9 1    -0.2 0   324.9 0   308.2 0   306.9 0   394.5 0   291.5 0   291.4 0     0.0 2    -0.2 0 -9999.9 1   -69.7 0 -9999.9 1 -9999.9 1 -9999.9 1 -9999.9 1   281.1 0 -9999.9 1
 1999 183  7  2  5 42  5.700 116.76    -3.3 0 -9999.9 1 -9999.9 1    -0.4 0   324.0 0   308.1 0   306.8 0   393.6 0   291.4 0   291.3 0     0.0 2    -0.2 0 -9999.9 1   -69.6 0 -9999.9 1 -9999.9 1 -9999.9 1 -9999.9 1   284.3 0 -9999.9 1
 1999 183  7  2  5 48  5.800 116.83    -3.4 0 -9999.9 1 -9999.9 1    -0.4 0   320.2 0   307.9 0   306.7 0   391.8 0   291.0 0   290.9 0     0.0 2    -0.2 0 -9999.9 1   -71.6 0 -9999.9 1 -9999.9 1 -9999.9 1 -9999.9 1   293.1 0 -9999.9 1
 1999 183  7  2  5 51  5.850 116.86    -3.4 0 -9999.9 1 -9999.9 1    -0.4 0   319.2 0   307.8 0   306.6 0   391.0 0   290.9 0   290.8 0     0.0 2    -0.1 0 -9999.9 1   -71.8 0 -9999.9 1 -9999.9 1 -9999.9 1 -9999.9 1   290.7 0 -9999.9 1
 1999 183  7  2  5 54  5.900 116.87    -3.2 0 -9999.9 1 -9999.9 1    -0.4 0   317.5 0   307.8 0   306.8 0   390.3 0   290.9 0   290.8 0     0.0 2    -0.2 0 -9999.9 1   -72.7 0 -9999.9 1 -9999.9 1 -9999.9 1 -9999.9 1   287.6 0 -9999.9 1
 1999 183  7  2  5 57  5.950 116.88    -3.2 0 -9999.9 1 -9999.9 1    -0.7 0   317.1 0   307.8 0   306.8 0   389.1 0   290.8 0   290.7 0     0.0 2    -0.2 0 -9999.9 1   -72.0 0 -9999.9 1 -9999.9 1 -9999.9 1 -9999.9 1   284.7 0 -9999.9 1
 1999 183  7  2  6  3  6.050 116.88    -3.4 0 -9999.9 1 -9999.9 1    -1.0 0   317.1 0   307.8 0   306.6 0   388.4 0   290.6 0   290.5 0     0.0 2    -0.2 0 -9999.9 1   -71.3 0 -9999.9 1 -9999.9 1 -9999.9 1 -9999.9 1   286.0 0 -9999.9 1
 1999 183  7  2  6  6  6.100 116.86    -3.3 0 -9999.9 1 -9999.9 1    -0.7 0   315.9 0   307.7 0   306.7 0   388.2 0   290.5 0   290.4 0     0.0 2    -0.2 0 -9999.9 1   -72.3 0 -9999.9 1 -9999.9 1 -9999.9 1 -9999.9 1   282.1 0 -9999.9 1
 1999 183  7  2  6  9  6.150 116.84    -3.0 0 -9999.9 1 -9999.9 1    -0.4 0   315.8 0   307.7 0   306.6 0   388.0 0   290.4 0   290.3 0     0.0 2    -0.1 0 -9999.9 1   -72.2 0 -9999.9 1 -9999.9 1 -9999.9 1 -9999.9 1   280.1 0 -9999.9 1
 1999 183  7  2  6 12  6.200 116.81    -3.2 0 -9999.9 1 -9999.9 1    -0.5 0   315.6 0   307.7 0   306.7 0   387.7 0   290.3 0   290.2 0     0.0 2    -0.1 0 -9999.9 1   -72.0 0 -9999.9 1 -9999.9 1 -9999.9 1 -9999.9 1   282.9 0 -9999.9 1
 1999 183  7  2  6 18  6.300 116.73    -3.4 0 -9999.9 1 -9999.9 1    -0.6 0   316.0 0   307.7 0   306.6 0   387.2 0   290.2 0   290.1 0     0.0 2    -0.2 0 -9999.9 1   -71.2 0 -9999.9 1 -9999.9 1 -9999.9 1 -9999.9 1   295.1 0 -9999.9 1
 1999 183  7  2  6 21  6.350 116.67    -3.2 0 -9999.9 1 -9999.9 1    -0.5 0   314.8 0   307.7 0   306.6 0   387.2 0   290.2 0   290.1 0     0.0 2    -0.2 0 -9999.9 1   -72.4 0 -9999.9 1 -9999.9 1 -9999.9 1 -9999.9 1   298.8 0 -9999.9 1
 1999 183  7  2  6 24  6.400 116.61    -3.4 0 -9999.9 1 -9999.9 1    -0.5 0   315.4 0   307.7 0   306.5 0   387.7 0   290.2 0   290.1 0     0.0 2    -0.2 0 -9999.9 1   -72.3 0 -9999.9 1 -9999.9 1 -9999.9 1 -9999.9 1   299.4 0 -9999.9 1
 1999 183  7  2  6 27  6.450 116.55    -3.4 0 -9999.9 1 -9999.9 1    -0.4 0   314.4 0   307.7 0   306.5 0   387.1 0   290.1 0   290.0 0     0.0 2    -0.1 0 -9999.9 1   -72.7 0 -9999.9 1 -9999.9 1 -9999.9 1 -9999.9 1   292.2 0 -9999.9 1
 1999 183  7  2  6 33  6.550 116.39    -3.0 0 -9999.9 1 -9999.9 1    -0.4 0   313.9 0   307.7 0   306.4 0   386.2 0   290.0 0   289.9 0     0.0 2    -0.2 0 -9999.9 1   -72.3 0 -9999.9 1 -9999.9 1 -9999.9 1 -9999.9 1   266.1 0 -9999.9 1
 1999 183  7  2  6 36  6.600 116.29    -2.9 0 -9999.9 1 -9999.9 1    -0.9 0   313.0 0   307.7 0   306.6 0   385.7 0   289.9 0   289.8 0     0.0 2    -0.2 0 -9999.9 1   -72.7 0 -9999.9 1 -9999.9 1 -9999.9 1 -9999.9 1   265.4 0 -9999.9 1
 1999 183  7  2  6 39  6.650 116.20    -3.1 0 -9999.9 1 -9999.9 1    -1.0 0   313.3 0   307.7 0   306.7 0   386.3 0   289.9 0   289.8 0     0.0 2    -0.1 0 -9999.9 1   -73.0 0 -9999.9 1 -9999.9 1 -9999.9 1 -9999.9 1   280.8 0 -9999.9 1
 1999 183  7  2  6 42  6.700 116.09    -3.5 0 -9999.9 1 -9999.9 1    -0.6 0   313.3 0   307.6 0   306.5 0   386.4 0   289.9 0   289.8 0     0.0 2    -0.2 0 -9999.9 1   -73.2 0 -9999.9 1 -9999.9 1 -9999.9 1 -9999.9 1   281.5 0 -9999.9 1
 1999 183  7  2  6 48  6.800 115.86    -3.7 0 -9999.9 1 -9999.9 1    -0.2 0   315.8 0   307.6 0   306.2 0   387.1 0   290.0 0   289.9 0     0.0 2    -0.1 0 -9999.9 1   -71.4 0 -9999.9 1 -9999.9 1 -9999.9 1 -9999.9 1   291.3 0 -9999.9 1
 1999 183  7  2  6 51  6.850 115.73    -3.7 0 -9999.9 1 -9999.9 1    -0.2 0   316.8 0   307.6 0   306.3 0   387.5 0   290.0 0   289.9 0     0.0 2    -0.1 0 -9999.9 1   -70.7 0 -9999.9 1 -9999.9 1 -9999.9 1 -9999.9 1   290.4 0 -9999.9 1
 1999 183  7  2  6 54  6.900 115.59    -3.7 0 -9999.9 1 -9999.9 1    -0.1 0   318.2 0   307.8 0   306.4 0   389.1 0   290.3 0   290.2 0     0.0 2    -0.2 0 -9999.9 1   -70.9 0 -9999.9 1 -9999.9 1 -9999.9 1 -9999.9 1   284.5 0 -9999.9 1
 1999 183  7  2  6 57  6.950 115.45    -3.7 0 -9999.9 1 -9999.9 1     0.4 0   316.8 0   307.6 0   306.2 0   389.0 0   290.1 0   290.0 0     0.0 2    -0.2 0 -9999.9 1   -72.2 0 -9999.9 1 -9999.9 1 -9999.9 1 -9999.9 1   277.4 0 -9999.9 1
 1999 183  7  2  7  3  7.050 115.14    -3.5 0 -9999.9 1 -9999.9 1     0.7 0   314.4 0   307.6 0   306.1 0   388.3 0   290.1 0   290.0 0     0.0 2    -0.1 0 -9999.9 1   -74.0 0 -9999.9 1 -9999.9 1 -9999.9 1 -9999.9 1   245.6 0 -9999.9 1
 1999 183  7  2  7  6  7.100 114.98    -3.3 0 -9999.9 1 -9999.9 1     0.0 0   312.9 0   307.6 0   306.3 0   387.7 0   290.0 0   289.9 0     0.0 2    -0.2 0 -9999.9 1   -74.7 0 -9999.9 1 -9999.9 1 -9999.9 1 -9999.9 1   241.1 0 -9999.9 1
 1999 183  7  2  7  9  7.150 114.80    -3.4 0 -9999.9 1 -9999.9 1    -0.1 0   314.6 0   307.7 0   306.5 0   388.1 0   290.0 0   289.9 0     0.0 2    -0.2 0 -9999.9 1   -73.5 0 -9999.9 1 -9999.9 1 -9999.9 1 -9999.9 1   233.9 0 -9999.9 1
 1999 183  7  2  7 12  7.200 114.63    -3.4 0 -9999.9 1 -9999.9 1     0.0 0   314.6 0   307.6 0   306.4 0   388.3 0   289.9 0   289.8 0     0.0 2    -0.1 0 -9999.9 1   -73.8 0 -9999.9 1 -9999.9 1 -9999.9 1 -9999.9 1   236.6 0 -9999.9 1
 1999 183  7  2  7 18  7.300 114.25    -3.5 0 -9999.9 1 -9999.9 1     0.5 0   319.0 0   307.7 0   306.4 0   390.5 0   290.2 0   290.1 0     0.0 0    -0.2 0 -9999.9 1   -71.5 0 -9999.9 1 -9999.9 1 -9999.9 1 -9999.9 1   247.1 0 -9999.9 1
 1999 183  7  2  7 21  7.350 114.05    -3.5 0 -9999.9 1 -9999.9 1     1.0 0   318.8 0   307.8 0   306.3 0   390.3 0   290.2 0   290.1 0     0.0 0    -0.2 0 -9999.9 1   -71.5 0 -9999.9 1 -9999.9 1 -9999.9 1 -9999.9 1   235.9 0 -9999.9 1
 1999 183  7  2  7 24  7.400 113.84    -3.5 0 -9999.9 1 -9999.9 1     0.7 0   315.4 0   307.6 0   306.4 0   388.3 0   289.9 0   289.8 0     0.0 0    -0.2 0 -9999.9 1   -72.9 0 -9999.9 1 -9999.9 1 -9999.9 1 -9999.9 1   230.4 0 -9999.9 1
 1999 183  7  2  7 27  7.450 113.63    -3.5 0 -9999.9 1 -9999.9 1     0.5 0   313.7 0   307.4 0   306.2 0   387.7 0   289.7 0   289.6 0     0.0 2    -0.1 0 -9999.9 1   -74.0 0 -9999.9 1 -9999.9 1 -9999.9 1 -9999.9 1   247.3 0 -9999.9 1
 1999 183  7  2  7 33  7.550 113.18    -3.3 0 -9999.9 1 -9999.9 1     1.0 0   311.3 0   307.2 0   305.9 0   386.4 0   289.5 0   289.4 0     0.0 2    -0.2 0 -9999.9 1   -75.1 0 -9999.9 1 -9999.9 1 -9999.9 1 -9999.9 1   217.2 0 -9999.9 1
 1999 183  7  2  7 36  7.600 112.95    -3.5 0 -9999.9 1 -9999.9 1     0.8 0   312.3 0   307.3 0   306.0 0   387.0 0   289.5 0   289.4 0     0.0 2    -0.3 0 -9999.9 1   -74.7 0 -9999.9 1 -9999.9 1 -9999.9 1 -9999.9 1   237.5 0 -9999.9 1
 1999 183  7  2  7 39  7.650 112.71    -3.4 0 -9999.9 1 -9999.9 1     0.7 0   314.4 0   307.3 0   306.1 0   388.3 0   289.6 0   289.6 0     0.0 2    -0.2 0 -9999.9 1   -73.9 0 -9999.9 1 -9999.9 1 -9999.9 1 -9999.9 1   242.4 0 -9999.9 1
 1999 183  7  2  7 42  7.700 112.47    -3.3 0 -9999.9 1 -9999.9 1     0.7 0   313.0 0   307.3 0   306.1 0   387.4 0   289.6 0   289.6 0     0.0 2    -0.2 0 -9999.9 1   -74.4 0 -9999.9 1 -9999.9 1 -9999.9 1 -9999.9 1   243.0 0 -9999.9 1
 1999 183  7  2  7 48  7.800 111.96    -3.4 0 -9999.9 1 -9999.9 1     0.6 0   311.2 0   307.1 0   306.1 0   385.6 0   289.5 0   289.4 0     0.0 2    -0.2 0 -9999.9 1   -74.4 0 -9999.9 1 -9999.9 1 -9999.9 1 -9999.9 1   253.8 0 -9999.9 1
 1999 183  7  2  7 51  7.850 111.69    -3.3 0 -9999.9 1 -9999.9 1     0.6 0   311.9 0   307.0 0   306.0 0   385.4 0   289.4 0   289.4 0     0.0 2    -0.2 0 -9999.9 1   -73.5 0 -9999.9 1 -9999.9 1 -9999.9 1 -9999.9 1   247.9 0 -9999.9 1
 1999 183  7  2  7 54  7.900 111.42    -3.1 0 -9999.9 1 -9999.9 1     0.2 0   312.3 0   307.1 0   306.1 0   385.4 0   289.5 0   289.4 0     0.0 2    -0.2 0 -9999.9 1   -73.1 0 -9999.9 1 -9999.9 1 -9999.9 1 -9999.9 1   251.1 0 -9999.9 1
 1999 183  7  2  7 57  7.950 111.15    -3.2 0 -9999.9 1 -9999.9 1     0.0 0   310.9 0   307.0 0   306.0 0   384.3 0   289.4 0   289.3 0     0.0 2    -0.2 0 -9999.9 1   -73.4 0 -9999.9 1 -9999.9 1 -9999.9 1 -9999.9 1   252.2 0 -9999.9 1
 1999 183  7  2  8  3  8.050 110.58    -3.2 0 -9999.9 1 -9999.9 1     0.3 0   310.2 0   306.9 0   305.7 0   383.6 0   289.2 0   289.1 0     0.0 2    -0.2 0 -9999.9 1   -73.4 0 -9999.9 1 -9999.9 1 -9999.9 1 -9999.9 1   247.8 0 -9999.9 1
 1999 183  7  2  8  6  8.100 110.29    -3.3 0 -9999.9 1 -9999.9 1     0.3 0   311.9 0   306.9 0   305.8 0   384.2 0   289.2 0   289.2 0     0.0 2    -0.2 0 -9999.9 1   -72.2 0 -9999.9 1 -9999.9 1 -9999.9 1 -9999.9 1   256.7 0 -9999.9 1
 1999 183  7  2  8  9  8.150 109.99    -3.1 0 -9999.9 1 -9999.9 1     0.2 0   312.4 0   307.0 0   306.1 0   384.3 0   289.3 0   289.2 0     0.0 2    -0.2 0 -9999.9 1   -71.8 0 -9999.9 1 -9999.9 1 -9999.9 1 -9999.9 1   263.6 0 -9999.9 1
 1999 183  7  2  8 12  8.200 109.68    -3.1 0 -9999.9 1 -9999.9 1     0.5 0   311.8 0   307.0 0   306.2 0   384.2 0   289.3 0   289.2 0     0.0 2    -0.2 0 -9999.9 1   -72.3 0 -9999.9 1 -9999.9 1 -9999.9 1 -9999.9 1   269.2 0 -9999.9 1
 1999 183  7  2  8 18  8.300 109.06    -3.2 0 -9999.9 1 -9999.9 1     0.3 0   312.2 0   306.9 0   305.9 0   382.3 0   289.1 0   289.0 0     0.0 2    -0.1 0 -9999.9 1   -70.2 0 -9999.9 1 -9999.9 1 -9999.9 1 -9999.9 1   275.0 0 -9999.9 1
 1999 183  7  2  8 21  8.350 108.73    -3.0 0 -9999.9 1 -9999.9 1     0.1 0   310.7 0   306.9 0   306.1 0   382.1 0   289.1 0   289.0 0     0.0 2    -0.3 0 -9999.9 1   -71.4 0 -9999.9 1 -9999.9 1 -9999.9 1 -9999.9 1   273.4 0 -9999.9 1
 1999 183  7  2  8 24  8.400 108.41    -2.7 0 -9999.9 1 -9999.9 1     0.5 0   312.5 0   307.1 0   306.3 0   382.7 0   289.2 0   289.1 0     0.0 2    -0.2 0 -9999.9 1   -70.3 0 -9999.9 1 -9999.9 1 -9999.9 1 -9999.9 1   264.7 0 -9999.9 1
 1999 183  7  2  8 27  8.450 108.08    -2.8 0 -9999.9 1 -9999.9 1    -0.1 0   312.8 0   307.1 0   306.3 0   382.4 0   289.1 0   289.0 0     0.0 2    -0.2 0 -9999.9 1   -69.6 0 -9999.9 1 -9999.9 1 -9999.9 1 -9999.9 1   251.4 0 -9999.9 1
 1999 183  7  2  8 33  8.550 107.40    -2.8 0 -9999.9 1 -9999.9 1     0.1 0   313.7 0   307.2 0   306.4 0   383.1 0   289.1 0   289.0 0     0.0 2    -0.2 0 -9999.9 1   -69.4 0 -9999.9 1 -9999.9 1 -9999.9 1 -9999.9 1   251.3 0 -9999.9 1
 1999 183  7  2  8 36  8.600 107.05    -2.9 0 -9999.9 1 -9999.9 1     0.6 0   312.8 0   307.2 0   306.2 0   383.2 0   289.0 0   288.9 0     0.0 2    -0.2 0 -9999.9 1   -70.5 0 -9999.9 1 -9999.9 1 -9999.9 1 -9999.9 1   245.2 0 -9999.9 1
 1999 183  7  2  8 39  8.650 106.70    -3.0 0 -9999.9 1 -9999.9 1     0.1 0   310.6 0   307.1 0   306.1 0   382.9 0   288.9 0   288.9 0     0.0 2    -0.3 0 -9999.9 1   -72.3 0 -9999.9 1 -9999.9 1 -9999.9 1 -9999.9 1   241.9 0 -9999.9 1
 1999 183  7  2  8 42  8.700 106.34    -3.1 0 -9999.9 1 -9999.9 1     0.5 0   310.1 0   307.1 0   305.5 0   382.0 0   288.9 0   288.8 0     0.0 2    -0.2 0 -9999.9 1   -71.9 0 -9999.9 1 -9999.9 1 -9999.9 1 -9999.9 1   214.2 0 -9999.9 1
 1999 183  7  2  8 48  8.800 105.61    -3.5 0 -9999.9 1 -9999.9 1     0.3 0   312.9 0   307.1 0   305.8 0   384.0 0   288.9 0   288.8 0     0.0 2    -0.2 0 -9999.9 1   -71.1 0 -9999.9 1 -9999.9 1 -9999.9 1 -9999.9 1   217.4 0 -9999.9 1
 1999 183  7  2  8 51  8.850 105.24    -3.5 0 -9999.9 1 -9999.9 1     0.8 0   316.5 0   307.1 0   305.7 0   385.1 0   288.9 0   288.8 0     0.0 2    -0.3 0 -9999.9 1   -68.6 0 -9999.9 1 -9999.9 1 -9999.9 1 -9999.9 1   213.5 0 -9999.9 1
 1999 183  7  2  8 54  8.900 104.87    -3.7 0 -9999.9 1 -9999.9 1     0.5 0   314.4 0   307.0 0   305.6 0   386.1 0   288.7 0   288.6 0     0.0 2    -0.2 0 -9999.9 1   -71.7 0 -9999.9 1 -9999.9 1 -9999.9 1 -9999.9 1   225.1 0 -9999.9 1
 1999 183  7  2  8 57  8.950 104.49    -3.9 0 -9999.9 1 -9999.9 1     0.6 0   314.0 0   306.9 0   305.4 0   386.3 0   288.6 0   288.6 0     0.0 2    -0.2 0 -9999.9 1   -72.2 0 -9999.9 1 -9999.9 1 -9999.9 1 -9999.9 1   227.2 0 -9999.9 1
 1999 183  7  2  9  3  9.050 103.71    -4.1 0 -9999.9 1 -9999.9 1     0.8 0   313.6 0   306.8 0   305.2 0   387.1 0   288.5 0   288.4 0     0.0 2    -0.2 0 -9999.9 1   -73.4 0 -9999.9 1 -9999.9 1 -9999.9 1 -9999.9 1   225.2 0 -9999.9 1
 1999 183  7  2  9  6  9.100 103.32    -4.0 0 -9999.9 1 -9999.9 1     0.8 0   311.9 0   306.6 0   305.2 0   386.3 0   288.4 0   288.3 0     0.0 2    -0.2 0 -9999.9 1   -74.5 0 -9999.9 1 -9999.9 1 -9999.9 1 -9999.9 1   225.8 0 -9999.9 1
 1999 183  7  2  9  9  9.150 102.92    -3.9 0 -9999.9 1 -9999.9 1     0.9 0   313.5 0   306.7 0   305.4 0   386.8 0   288.5 0   288.4 0     0.0 2    -0.2 0 -9999.9 1   -73.3 0 -9999.9 1 -9999.9 1 -9999.9 1 -9999.9 1   223.0 0 -9999.9 1
 1999 183  7  2  9 12  9.200 102.52    -3.8 0 -9999.9 1 -9999.9 1     0.7 0   312.6 0   306.6 0   305.5 0   386.0 0   288.4 0   288.4 0     0.0 2    -0.2 0 -9999.9 1   -73.4 0 -9999.9 1 -9999.9 1 -9999.9 1 -9999.9 1   232.9 0 -9999.9 1
 1999 183  7  2  9 18  9.300 101.70    -3.8 0 -9999.9 1 -9999.9 1     0.8 0   316.6 0   306.7 0   305.5 0   387.6 0   288.8 0   288.7 0     0.0 0    -0.2 0 -9999.9 1   -70.9 0 -9999.9 1 -9999.9 1 -9999.9 1 -9999.9 1   249.9 0 -9999.9 1
 1999 183  7  2  9 21  9.350 101.29    -3.8 0 -9999.9 1 -9999.9 1     1.2 0   316.1 0   306.5 0   305.2 0   386.6 0   288.7 0   288.6 0     0.0 2    -0.2 0 -9999.9 1   -70.5 0 -9999.9 1 -9999.9 1 -9999.9 1 -9999.9 1   238.4 0 -9999.9 1
 1999 183  7  2  9 24  9.400 100.87    -3.6 0 -9999.9 1 -9999.9 1     1.3 0   320.1 0   306.7 0   305.3 0   387.5 0   288.9 0   288.8 0     0.0 0    -0.2 0 -9999.9 1   -67.4 0 -9999.9 1 -9999.9 1 -9999.9 1 -9999.9 1   239.7 0 -9999.9 1
 1999 183  7  2  9 27  9.450 100.45    -3.6 0 -9999.9 1 -9999.9 1     0.9 0   321.3 0   306.8 0   305.6 0   388.4 0   289.1 0   289.0 0     0.0 0    -0.2 0 -9999.9 1   -67.1 0 -9999.9 1 -9999.9 1 -9999.9 1 -9999.9 1   243.3 0 -9999.9 1
 1999 183  7  2  9 33  9.550  99.60    -3.3 0 -9999.9 1 -9999.9 1     1.1 0   329.0 0   306.8 0   305.4 0   388.6 0   289.1 0   289.0 0     0.0 0    -0.2 0 -9999.9 1   -59.6 0 -9999.9 1 -9999.9 1 -9999.9 1 -9999.9 1   231.0 0 -9999.9 1
 1999 183  7  2  9 36  9.600  99.16    -3.4 0 -9999.9 1 -9999.9 1     0.9 0   334.1 0   306.6 0   305.5 0   388.2 0   288.9 0   288.8 0     0.0 0    -0.1 0 -9999.9 1   -54.1 0 -9999.9 1 -9999.9 1 -9999.9 1 -9999.9 1   234.2 0 -9999.9 1
 1999 183  7  2  9 39  9.650  98.73    -3.3 0 -9999.9 1 -9999.9 1     1.3 0   342.3 0   306.5 0   305.3 0   389.2 0   288.8 0   288.7 0     0.0 2    -0.2 0 -9999.9 1   -46.9 0 -9999.9 1 -9999.9 1 -9999.9 1 -9999.9 1   226.2 0 -9999.9 1
 1999 183  7  2  9 42  9.700  98.29    -3.2 0 -9999.9 1 -9999.9 1     1.4 0   349.4 0   306.5 0   305.2 0   390.8 0   288.8 0   288.7 0     0.0 0    -0.2 0 -9999.9 1   -41.3 0 -9999.9 1 -9999.9 1 -9999.9 1 -9999.9 1   228.7 0 -9999.9 1
 1999 183  7  2  9 48  9.800  97.40    -3.6 0 -9999.9 1 -9999.9 1     1.4 0   365.0 0   306.6 0   305.1 0   394.1 0   288.8 0   288.8 0     0.0 0    -0.2 0 -9999.9 1   -29.1 0 -9999.9 1 -9999.9 1 -9999.9 1 -9999.9 1   237.2 0 -9999.9 1
 1999 183  7  2  9 51  9.850  96.95    -3.8 0 -9999.9 1 -9999.9 1     1.8 0   371.7 0   306.6 0   305.0 0   396.0 0   288.9 0   288.8 0     0.0 0    -0.2 0 -9999.9 1   -24.4 0 -9999.9 1 -9999.9 1 -9999.9 1 -9999.9 1   236.7 0 -9999.9 1
 1999 183  7  2  9 54  9.900  96.50    -3.9 0 -9999.9 1 -9999.9 1     2.5 0   367.5 0   306.5 0   305.0 0   396.6 0   288.8 0   288.8 0     0.0 0    -0.2 0 -9999.9 1   -29.1 0 -9999.9 1 -9999.9 1 -9999.9 1 -9999.9 1   231.5 0 -9999.9 1
 1999 183  7  2  9 57  9.950  96.04    -4.1 0 -9999.9 1 -9999.9 1     2.5 0   373.6 0   306.6 0   305.1 0   397.5 0   288.9 0   288.9 0     0.0 0    -0.2 0 -9999.9 1   -23.9 0 -9999.9 1 -9999.9 1 -9999.9 1 -9999.9 1   233.6 0 -9999.9 1
 1999 183  7  2 10  3 10.050  95.12    -3.9 0 -9999.9 1 -9999.9 1     3.0 0   383.3 0   306.5 0   305.1 0   397.9 0   288.9 0   288.8 0     0.0 0    -0.1 0 -9999.9 1   -14.6 0 -9999.9 1 -9999.9 1 -9999.9 1 -9999.9 1   229.1 0 -9999.9 1
 1999 183  7  2 10  6 10.100  94.65    -3.8 0 -9999.9 1 -9999.9 1     2.6 0   383.1 0   306.5 0   305.3 0   397.9 0   288.8 0   288.8 0     0.0 0    -0.1 0 -9999.9 1   -14.7 0 -9999.9 1 -9999.9 1 -9999.9 1 -9999.9 1   235.7 0 -9999.9 1
 1999 183  7  2 10  9 10.150  94.19    -3.6 0 -9999.9 1 -9999.9 1     2.7 0   384.3 0   306.4 0   305.1 0   397.8 0   288.7 0   288.7 0     0.0 2    -0.1 0 -9999.9 1   -13.5 0 -9999.9 1 -9999.9 1 -9999.9 1 -9999.9 1   242.9 0 -9999.9 1
 1999 183  7  2 10 12 10.200  93.72    -3.5 0 -9999.9 1 -9999.9 1     3.1 0   383.7 0   306.3 0   304.9 0   398.0 0   288.7 0   288.6 0     0.0 2     0.0 0 -9999.9 1   -14.3 0 -9999.9 1 -9999.9 1 -9999.9 1 -9999.9 1   242.7 0 -9999.9 1
 1999 183  7  2 10 18 10.300  92.76    -3.1 0 -9999.9 1 -9999.9 1     3.5 0   382.5 0   306.2 0   304.9 0   398.3 0   288.7 0   288.6 0     0.0 2     0.4 0 -9999.9 1   -15.8 0 -9999.9 1 -9999.9 1 -9999.9 1 -9999.9 1   236.1 0 -9999.9 1
 1999 183  7  2 10 21 10.350  92.28    -2.7 0 -9999.9 1 -9999.9 1     4.0 0   382.8 0   306.2 0   304.9 0   398.4 0   288.7 0   288.6 0     0.0 2     0.5 0 -9999.9 1   -15.6 0 -9999.9 1 -9999.9 1 -9999.9 1 -9999.9 1   230.4 0 -9999.9 1
 1999 183  7  2 10 24 10.400  91.80    -2.1 0 -9999.9 1 -9999.9 1     4.1 0   382.6 0   306.2 0   305.0 0   398.6 0   288.7 0   288.7 0     0.0 2     0.7 0 -9999.9 1   -15.9 0 -9999.9 1 -9999.9 1 -9999.9 1 -9999.9 1   228.3 0 -9999.9 1
 1999 183  7  2 10 27 10.450  91.32    -1.7 0 -9999.9 1 -9999.9 1     4.7 0   382.6 0   306.2 0   304.9 0   398.8 0   288.7 0   288.7 0     0.0 2     1.0 0 -9999.9 1   -16.2 0 -9999.9 1 -9999.9 1 -9999.9 1 -9999.9 1   225.3 0 -9999.9 1
 1999 183  7  2 10 33 10.550  89.70     0.0 0 -9999.9 1 -9999.9 1     6.6 0   380.4 0   306.3 0   304.9 0   399.4 0   288.9 0   288.9 0     0.1 2     2.0 0 -9999.9 1   -19.0 0 -9999.9 1 -9999.9 1 -9999.9 1 -9999.9 1   228.1 0 -9999.9 1
 1999 183  7  2 10 36 10.600  89.32     1.2 0 -9999.9 1 -9999.9 1     7.4 0   379.9 0   306.4 0   304.9 0   400.0 0   289.1 0   289.1 0     0.2 2     2.6 0 -9999.9 1   -20.1 0 -9999.9 1 -9999.9 1 -9999.9 1 -9999.9 1   236.9 0 -9999.9 1
 1999 183  7  2 10 39 10.650  88.91     2.5 0 -9999.9 1 -9999.9 1     8.9 0   380.4 0   306.4 0   304.9 0   400.6 0   289.2 0   289.2 0     0.3 2     3.4 0 -9999.9 1   -20.2 0 -9999.9 1 -9999.9 1 -9999.9 1 -9999.9 1   235.6 0 -9999.9 1
 1999 183  7  2 10 42 10.700  88.48     3.7 0 -9999.9 1 -9999.9 1    10.2 0   381.6 0   306.4 0   304.8 0   400.8 0   289.2 0   289.2 0     0.4 2     4.0 0 -9999.9 1   -19.2 0 -9999.9 1 -9999.9 1 -9999.9 1 -9999.9 1   230.4 0 -9999.9 1
 1999 183  7  2 10 48 10.800  87.57     7.0 0 -9999.9 1 -9999.9 1    13.7 0   383.9 0   306.5 0   304.9 0   401.9 0   289.4 0   289.4 0     0.6 2     5.6 0 -9999.9 1   -18.0 0 -9999.9 1 -9999.9 1 -9999.9 1 -9999.9 1   229.1 0 -9999.9 1
 1999 183  7  2 10 51 10.850  87.09     9.7 0 -9999.9 1 -9999.9 1    16.6 0   385.6 0   306.6 0   305.0 0   403.1 0   289.6 0   289.6 0     0.7 2     6.8 0 -9999.9 1   -17.5 0 -9999.9 1 -9999.9 1 -9999.9 1 -9999.9 1   235.5 0 -9999.9 1
 1999 183  7  2 10 54 10.900  86.61    11.5 0 -9999.9 1 -9999.9 1    18.2 0   387.0 0   306.6 0   305.0 0   403.4 0   289.7 0   289.7 0     0.8 2     7.8 0 -9999.9 1   -16.4 0 -9999.9 1 -9999.9 1 -9999.9 1 -9999.9 1   236.7 0 -9999.9 1
 1999 183  7  2 10 57 10.950  86.13    13.0 0 -9999.9 1 -9999.9 1    19.8 0   387.4 0   306.6 0   304.9 0   403.9 0   289.8 0   289.8 0     0.9 2     8.8 0 -9999.9 1   -16.5 0 -9999.9 1 -9999.9 1 -9999.9 1 -9999.9 1   229.8 0 -9999.9 1
 1999 183  7  2 11  3 11.050  85.14    21.2 0 -9999.9 1 -9999.9 1    27.7 0   389.3 0   306.7 0   304.9 0   405.2 0   290.0 0   290.0 0     1.2 2    12.0 0 -9999.9 1   -15.9 0 -9999.9 1 -9999.9 1 -9999.9 1 -9999.9 1   222.9 0 -9999.9 1
 1999 183  7  2 11  6 11.100  84.64    23.5 0 -9999.9 1 -9999.9 1    30.1 0   389.9 0   306.7 0   304.8 0   405.4 0   290.1 0   290.1 0     1.3 2    13.1 0 -9999.9 1   -15.5 0 -9999.9 1 -9999.9 1 -9999.9 1 -9999.9 1   222.3 0 -9999.9 1
 1999 183  7  2 11  9 11.150  84.13    32.2 0 -9999.9 1 -9999.9 1    38.6 0   389.1 0   306.7 0   304.7 0   405.6 0   290.1 0   290.1 0     1.6 2    16.3 0 -9999.9 1   -16.5 0 -9999.9 1 -9999.9 1 -9999.9 1 -9999.9 1   223.6 0 -9999.9 1
 1999 183  7  2 11 12 11.200  83.62    30.8 0 -9999.9 1 -9999.9 1    37.4 0   391.0 0   306.7 0   304.8 0   406.1 0   290.2 0   290.2 0     1.7 0    16.1 0 -9999.9 1   -15.1 0 -9999.9 1 -9999.9 1 -9999.9 1 -9999.9 1   227.7 0 -9999.9 1
 1999 183  7  2 11 18 11.300  82.60    36.2 0 -9999.9 1 -9999.9 1    42.3 0   393.2 0   306.7 0   304.9 0   407.4 0   290.3 0   290.4 0     2.1 2    18.4 0 -9999.9 1   -14.2 0 -9999.9 1 -9999.9 1 -9999.9 1 -9999.9 1   218.7 0 -9999.9 1
 1999 183  7  2 11 21 11.350  82.08    39.6 0 -9999.9 1 -9999.9 1    45.9 0   395.4 0   306.7 0   304.8 0   408.3 0   290.5 0   290.5 0     2.2 0    19.7 0 -9999.9 1   -12.9 0 -9999.9 1 -9999.9 1 -9999.9 1 -9999.9 1   216.4 0 -9999.9 1
 1999 183  7  2 11 24 11.400  81.56    36.7 0 -9999.9 1 -9999.9 1    43.0 0   395.9 0   306.6 0   304.8 0   408.6 0   290.5 0   290.6 0     2.4 0    19.1 0 -9999.9 1   -12.7 0 -9999.9 1 -9999.9 1 -9999.9 1 -9999.9 1   223.8 0 -9999.9 1
 1999 183  7  2 11 27 11.450  81.04    44.3 0 -9999.9 1 -9999.9 1    50.6 0   398.5 0   306.7 0   304.8 0   409.8 0   290.8 0   290.8 0     2.6 0    22.1 0 -9999.9 1   -11.3 0 -9999.9 1 -9999.9 1 -9999.9 1 -9999.9 1   228.4 0 -9999.9 1
 1999 183  7  2 11 33 11.550  79.98    45.2 0 -9999.9 1 -9999.9 1    51.7 0   401.0 0   306.7 0   304.8 0   411.4 0   291.1 0   291.1 0     3.2 0    22.9 0 -9999.9 1   -10.4 0 -9999.9 1 -9999.9 1 -9999.9 1 -9999.9 1   231.5 0 -9999.9 1
 1999 183  7  2 11 36 11.600  79.45    51.8 0 -9999.9 1 -9999.9 1    58.3 0   401.8 0   306.6 0   304.7 0   411.6 0   291.2 0   291.2 0     3.5 0    25.6 0 -9999.9 1    -9.9 0 -9999.9 1 -9999.9 1 -9999.9 1 -9999.9 1   233.1 0 -9999.9 1
 1999 183  7  2 11 39 11.650  78.92    57.8 0 -9999.9 1 -9999.9 1    64.2 0   400.8 0   306.4 0   304.7 0   411.6 0   291.1 0   291.1 0     3.7 0    28.1 0 -9999.9 1   -10.8 0 -9999.9 1 -9999.9 1 -9999.9 1 -9999.9 1   230.2 0 -9999.9 1
 1999 183  7  2 11 42 11.700  78.39    58.2 0 -9999.9 1 -9999.9 1    64.1 0   402.0 0   306.5 0   304.7 0   412.7 0   291.3 0   291.3 0     4.0 0    28.4 0 -9999.9 1   -10.7 0 -9999.9 1 -9999.9 1 -9999.9 1 -9999.9 1   222.7 0 -9999.9 1
 1999 183  7  2 11 48 11.800  77.32    71.2 0 -9999.9 1 -9999.9 1    76.3 0   402.4 0   306.5 0   304.8 0   414.1 0   291.5 0   291.5 0     5.1 0    34.2 0 -9999.9 1   -11.7 0 -9999.9 1 -9999.9 1 -9999.9 1 -9999.9 1   225.3 0 -9999.9 1
 1999 183  7  2 11 51 11.850  76.78    79.6 0 -9999.9 1 -9999.9 1    84.2 0   399.6 0   306.3 0   304.6 0   413.4 0   291.4 0   291.4 0     5.7 0    38.0 0 -9999.9 1   -13.8 0 -9999.9 1 -9999.9 1 -9999.9 1 -9999.9 1   217.7 0 -9999.9 1
 1999 183  7  2 11 54 11.900  76.24    88.2 0 -9999.9 1 -9999.9 1    92.5 0   399.3 0   306.3 0   304.7 0   413.9 0   291.4 0   291.4 0     6.2 0    42.0 0 -9999.9 1   -14.6 0 -9999.9 1 -9999.9 1 -9999.9 1 -9999.9 1   227.6 0 -9999.9 1
 1999 183  7  2 11 57 11.950  75.70    93.0 0 -9999.9 1 -9999.9 1    97.3 0   397.4 0   306.2 0   304.7 0   414.3 0   291.4 0   291.4 0     7.0 0    44.3 0 -9999.9 1   -16.9 0 -9999.9 1 -9999.9 1 -9999.9 1 -9999.9 1   227.2 0 -9999.9 1
 1999 183  7  2 12  3 12.050  74.61    95.8 0 -9999.9 1 -9999.9 1    99.6 0   400.6 0   306.4 0   304.7 0   415.7 0   291.7 0   291.7 0     7.7 0    45.6 0 -9999.9 1   -15.1 0 -9999.9 1 -9999.9 1 -9999.9 1 -9999.9 1   218.6 0 -9999.9 1
 1999 183  7  2 12  6 12.100  74.06   112.4 0 -9999.9 1 -9999.9 1   115.8 0   399.2 0   306.4 0   304.9 0   416.1 0   291.6 0   291.7 0     8.4 0    52.6 0 -9999.9 1   -16.9 0 -9999.9 1 -9999.9 1 -9999.9 1 -9999.9 1   227.1 0 -9999.9 1
 1999 183  7  2 12  9 12.150  73.51   116.0 0 -9999.9 1 -9999.9 1   119.3 0   399.2 0   306.4 0   305.0 0   416.3 0   291.7 0   291.7 0     8.7 0    54.2 0 -9999.9 1   -17.1 0 -9999.9 1 -9999.9 1 -9999.9 1 -9999.9 1   229.7 0 -9999.9 1
 1999 183  7  2 12 12 12.200  72.97   124.5 0 -9999.9 1 -9999.9 1   126.9 0   398.6 0   306.5 0   305.1 0   417.2 0   291.8 0   291.8 0     9.7 0    57.6 0 -9999.9 1   -18.6 0 -9999.9 1 -9999.9 1 -9999.9 1 -9999.9 1   234.6 0 -9999.9 1
 1999 183  7  2 12 18 12.300  71.86    88.1 0 -9999.9 1 -9999.9 1    91.6 0   398.9 0   306.5 0   304.9 0   416.1 0   291.8 0   291.8 0    10.3 0    42.4 0 -9999.9 1   -17.2 0 -9999.9 1 -9999.9 1 -9999.9 1 -9999.9 1   255.1 0 -9999.9 1
 1999 183  7  2 12 21 12.350  71.31    92.6 0 -9999.9 1 -9999.9 1    96.5 0   400.1 0   306.5 0   305.0 0   417.1 0   291.8 0   291.8 0    10.7 0    43.8 0 -9999.9 1   -16.9 0 -9999.9 1 -9999.9 1 -9999.9 1 -9999.9 1   263.5 0 -9999.9 1
 1999 183  7  2 12 24 12.400  70.76   112.8 0 -9999.9 1 -9999.9 1   116.0 0   398.9 0   306.5 0   305.3 0   417.8 0   291.9 0   291.9 0    11.2 0    52.4 0 -9999.9 1   -18.9 0 -9999.9 1 -9999.9 1 -9999.9 1 -9999.9 1   256.1 0 -9999.9 1
 1999 183  7  2 12 27 12.450  70.20   147.4 0 -9999.9 1 -9999.9 1   149.0 0   400.4 0   306.5 0   305.2 0   419.3 0   291.9 0   292.0 0    11.6 0    67.0 0 -9999.9 1   -18.9 0 -9999.9 1 -9999.9 1 -9999.9 1 -9999.9 1   258.1 0 -9999.9 1
 1999 183  7  2 12 33 12.550  69.09   122.9 0 -9999.9 1 -9999.9 1   124.5 0   401.5 0   306.5 0   305.2 0   419.5 0   292.0 0   292.0 0    11.3 0    56.3 0 -9999.9 1   -18.0 0 -9999.9 1 -9999.9 1 -9999.9 1 -9999.9 1   258.0 0 -9999.9 1
 1999 183  7  2 12 36 12.600  68.53   113.0 0 -9999.9 1 -9999.9 1   114.5 0   401.2 0   306.5 0   305.1 0   418.6 0   292.0 0   292.0 0    12.6 2    52.5 0 -9999.9 1   -17.4 0 -9999.9 1 -9999.9 1 -9999.9 1 -9999.9 1   264.7 0 -9999.9 1
 1999 183  7  2 12 39 12.650  67.97   121.0 0 -9999.9 1 -9999.9 1   123.0 0   399.6 0   306.5 0   305.2 0   419.4 0   292.0 0   292.0 0    14.0 2    56.3 0 -9999.9 1   -19.8 0 -9999.9 1 -9999.9 1 -9999.9 1 -9999.9 1   291.6 0 -9999.9 1
 1999 183  7  2 12 42 12.700  67.41   158.5 0 -9999.9 1 -9999.9 1   158.3 0   401.2 0   306.6 0   305.3 0   420.2 0   292.0 0   292.1 0    15.5 2    72.1 0 -9999.9 1   -19.0 0 -9999.9 1 -9999.9 1 -9999.9 1 -9999.9 1   287.3 0 -9999.9 1
 1999 183  7  2 12 48 12.800  66.29   140.7 0 -9999.9 1 -9999.9 1   140.9 0   398.4 0   306.7 0   305.5 0   420.4 0   292.0 0   292.0 0    16.1 2    64.0 0 -9999.9 1   -22.0 0 -9999.9 1 -9999.9 1 -9999.9 1 -9999.9 1   254.6 0 -9999.9 1
 1999 183  7  2 12 51 12.850  65.72   154.8 0 -9999.9 1 -9999.9 1   155.5 0   398.9 0   306.9 0   305.7 0   421.8 0   292.1 0   292.2 0    17.5 0    70.0 0 -9999.9 1   -22.9 0 -9999.9 1 -9999.9 1 -9999.9 1 -9999.9 1   303.7 0 -9999.9 1
 1999 183  7  2 12 54 12.900  65.16   160.5 0 -9999.9 1 -9999.9 1   160.8 0   402.1 0   307.1 0   306.0 0   423.0 0   292.2 0   292.3 0    15.6 0    71.7 0 -9999.9 1   -21.0 0 -9999.9 1 -9999.9 1 -9999.9 1 -9999.9 1   292.6 0 -9999.9 1
 1999 183  7  2 12 57 12.950  64.60   147.7 0 -9999.9 1 -9999.9 1   147.4 0   400.9 0   307.3 0   306.1 0   423.5 0   292.3 0   292.4 0    17.1 0    66.7 0 -9999.9 1   -22.7 0 -9999.9 1 -9999.9 1 -9999.9 1 -9999.9 1   254.3 0 -9999.9 1
 1999 183  7  2 13  3 13.050  63.46   173.7 0 -9999.9 1 -9999.9 1   172.6 0   402.1 0   307.7 0   306.6 0   425.9 0   292.5 0   292.6 0    18.9 0    78.0 0 -9999.9 1   -23.8 0 -9999.9 1 -9999.9 1 -9999.9 1 -9999.9 1   259.7 0 -9999.9 1
 1999 183  7  2 13  6 13.100  62.90   165.8 0 -9999.9 1 -9999.9 1   163.5 0   401.9 0   307.9 0   307.0 0   425.9 0   292.7 0   292.7 0    17.6 0    73.6 0 -9999.9 1   -24.0 0 -9999.9 1 -9999.9 1 -9999.9 1 -9999.9 1   214.0 0 -9999.9 1
 1999 183  7  2 13  9 13.150  62.33   183.5 0 -9999.9 1 -9999.9 1   180.9 0   401.0 0   308.1 0   307.3 0   426.9 0   292.8 0   292.9 0    20.2 0    81.7 0 -9999.9 1   -25.8 0 -9999.9 1 -9999.9 1 -9999.9 1 -9999.9 1   212.9 0 -9999.9 1
 1999 183  7  2 13 12 13.200  61.76   178.1 0 -9999.9 1 -9999.9 1   176.1 0   400.0 0   308.3 0   307.2 0   426.3 0   292.8 0   292.9 0    22.3 0    79.5 0 -9999.9 1   -26.3 0 -9999.9 1 -9999.9 1 -9999.9 1 -9999.9 1   218.4 0 -9999.9 1
 1999 183  7  2 13 18 13.300  60.62   168.5 0 -9999.9 1 -9999.9 1   165.7 0   401.5 0   308.8 0   307.6 0   426.1 0   292.7 0   292.8 0    20.9 0    74.9 0 -9999.9 1   -24.7 0 -9999.9 1 -9999.9 1 -9999.9 1 -9999.9 1   221.0 0 -9999.9 1
 1999 183  7  2 13 21 13.350  60.05   226.2 0 -9999.9 1 -9999.9 1   221.6 0   401.9 0   308.9 0   307.5 0   426.2 0   292.7 0   292.8 0    26.6 0   102.1 0 -9999.9 1   -24.3 0 -9999.9 1 -9999.9 1 -9999.9 1 -9999.9 1   239.3 0 -9999.9 1
 1999 183  7  2 13 24 13.400  59.48   237.1 0 -9999.9 1 -9999.9 1   231.9 0   402.9 0   309.1 0   308.0 0   429.1 0   292.7 0   292.8 0    25.7 0   106.1 0 -9999.9 1   -26.2 0 -9999.9 1 -9999.9 1 -9999.9 1 -9999.9 1   267.7 0 -9999.9 1
 1999 183  7  2 13 27 13.450  58.91   207.5 0 -9999.9 1 -9999.9 1   204.2 0   402.0 0   309.2 0   308.0 0   429.3 0   292.8 0   292.9 0    23.4 0    91.7 0 -9999.9 1   -27.3 0 -9999.9 1 -9999.9 1 -9999.9 1 -9999.9 1   246.4 0 -9999.9 1
 1999 183  7  2 13 33 13.550  57.77   188.3 0 -9999.9 1 -9999.9 1   185.7 0   399.4 0   309.4 0   308.2 0   427.8 0   292.8 0   292.9 0    27.6 0    83.8 0 -9999.9 1   -28.4 0 -9999.9 1 -9999.9 1 -9999.9 1 -9999.9 1   243.9 0 -9999.9 1
 1999 183  7  2 13 36 13.600  57.20   223.6 0 -9999.9 1 -9999.9 1   219.5 0   395.3 0   309.6 0   308.4 0   428.6 0   292.8 0   292.9 0    34.0 0   101.4 0 -9999.9 1   -33.2 0 -9999.9 1 -9999.9 1 -9999.9 1 -9999.9 1   237.4 0 -9999.9 1
 1999 183  7  2 13 39 13.650  56.63   350.1 0 -9999.9 1 -9999.9 1   319.2 0   397.2 0   309.8 0   308.7 0   431.8 0   292.9 0   293.1 0    41.1 0   159.8 0 -9999.9 1   -34.6 0 -9999.9 1 -9999.9 1 -9999.9 1 -9999.9 1   232.6 0 -9999.9 1
 1999 183  7  2 13 42 13.700  56.05   389.2 0 -9999.9 1 -9999.9 1   340.1 0   396.9 0   310.1 0   309.5 0   438.0 0   293.1 0   293.4 0    39.9 0   172.6 0 -9999.9 1   -41.0 0 -9999.9 1 -9999.9 1 -9999.9 1 -9999.9 1   223.5 0 -9999.9 1
 1999 183  7  2 13 48 13.800  54.91   238.2 0 -9999.9 1 -9999.9 1   232.6 0   396.0 0   310.7 0   309.6 0   432.2 0   293.5 0   293.6 0    36.5 0   106.6 0 -9999.9 1   -36.1 0 -9999.9 1 -9999.9 1 -9999.9 1 -9999.9 1   210.8 0 -9999.9 1
 1999 183  7  2 13 51 13.850  54.33   322.2 0 -9999.9 1 -9999.9 1   308.9 0   396.2 0   311.0 0   310.1 0   434.3 0   293.6 0   293.7 0    44.1 0   146.6 0 -9999.9 1   -38.1 0 -9999.9 1 -9999.9 1 -9999.9 1 -9999.9 1   200.2 0 -9999.9 1
 1999 183  7  2 13 54 13.900  53.76   489.6 0 -9999.9 1 -9999.9 1   424.6 0   392.9 0   311.4 0   310.7 0   440.5 0   293.8 0   294.0 0    57.1 0   223.7 0 -9999.9 1   -47.6 0 -9999.9 1 -9999.9 1 -9999.9 1 -9999.9 1   192.8 0 -9999.9 1
 1999 183  7  2 13 57 13.950  53.19   427.5 0 -9999.9 1 -9999.9 1   390.9 0   386.0 0   311.7 0   310.7 0   441.0 0   293.9 0   294.2 0    56.6 0   191.4 0 -9999.9 1   -55.0 0 -9999.9 1 -9999.9 1 -9999.9 1 -9999.9 1   181.2 0 -9999.9 1
 1999 183  7  2 14  3 14.050  52.04   477.8 0 -9999.9 1 -9999.9 1   385.9 0   392.4 0   312.4 0   311.6 0   444.2 0   294.5 0   294.8 0    54.9 0   210.8 0 -9999.9 1   -51.8 0 -9999.9 1 -9999.9 1 -9999.9 1 -9999.9 1   185.1 0 -9999.9 1
 1999 183  7  2 14  6 14.100  51.47   356.4 0 -9999.9 1 -9999.9 1   342.1 0   397.0 0   312.8 0   312.1 0   440.4 0   294.8 0   295.0 0    44.0 0   158.0 0 -9999.9 1   -43.4 0 -9999.9 1 -9999.9 1 -9999.9 1 -9999.9 1   188.5 0 -9999.9 1
 1999 183  7  2 14  9 14.150  50.89   348.7 0 -9999.9 1 -9999.9 1   340.1 0   394.7 0   313.0 0   311.5 0   436.8 0   294.9 0   295.1 0    50.7 0   154.7 0 -9999.9 1   -42.1 0 -9999.9 1 -9999.9 1 -9999.9 1 -9999.9 1   190.3 0 -9999.9 1
 1999 183  7  2 14 12 14.200  50.32   363.4 0 -9999.9 1 -9999.9 1   354.0 0   386.1 0   313.2 0   311.7 0   435.6 0   295.1 0   295.2 0    58.9 0   163.1 0 -9999.9 1   -49.5 0 -9999.9 1 -9999.9 1 -9999.9 1 -9999.9 1   194.7 0 -9999.9 1
 1999 183  7  2 14 18 14.300  49.17   347.4 0 -9999.9 1 -9999.9 1   312.7 0   389.6 0   313.5 0   311.8 0   435.8 0   295.2 0   295.3 0    60.9 0   158.7 0 -9999.9 1   -46.2 0 -9999.9 1 -9999.9 1 -9999.9 1 -9999.9 1   194.7 0 -9999.9 1
 1999 183  7  2 14 21 14.350  48.60   341.5 0 -9999.9 1 -9999.9 1   324.9 0   397.4 0   313.5 0   312.0 0   434.7 0   295.1 0   295.2 0    48.7 0   150.2 0 -9999.9 1   -37.3 0 -9999.9 1 -9999.9 1 -9999.9 1 -9999.9 1   215.0 0 -9999.9 1
 1999 183  7  2 14 24 14.400  48.03   366.1 0 -9999.9 1 -9999.9 1   326.2 0   398.8 0   313.5 0   311.8 0   435.0 0   295.1 0   295.2 0    49.5 0   161.8 0 -9999.9 1   -36.2 0 -9999.9 1 -9999.9 1 -9999.9 1 -9999.9 1   188.6 0 -9999.9 1
 1999 183  7  2 14 27 14.450  47.46   402.9 0 -9999.9 1 -9999.9 1   385.8 0   392.1 0   313.5 0   311.9 0   435.3 0   295.0 0   295.2 0    61.8 2   178.8 0 -9999.9 1   -43.3 0 -9999.9 1 -9999.9 1 -9999.9 1 -9999.9 1   198.5 0 -9999.9 1
 1999 183  7  2 14 33 14.550  46.31   460.5 0 -9999.9 1 -9999.9 1   419.9 0   390.4 0   313.6 0   311.8 0   437.6 0   295.0 0   295.2 0    68.2 2   202.4 0 -9999.9 1   -47.2 0 -9999.9 1 -9999.9 1 -9999.9 1 -9999.9 1   183.0 0 -9999.9 1
 1999 183  7  2 14 36 14.600  45.74   366.7 0 -9999.9 1 -9999.9 1   357.5 0   389.1 0   313.6 0   311.6 0   433.2 0   295.1 0   295.2 0    64.6 2   162.0 0 -9999.9 1   -44.1 0 -9999.9 1 -9999.9 1 -9999.9 1 -9999.9 1   191.7 0 -9999.9 1
 1999 183  7  2 14 39 14.650  45.17   348.3 0 -9999.9 1 -9999.9 1   336.9 0   370.7 0   313.6 0   312.0 0   433.8 0   295.1 0   295.3 0    73.0 0   158.1 0 -9999.9 1   -63.0 0 -9999.9 1 -9999.9 1 -9999.9 1 -9999.9 1   189.6 0 -9999.9 1
 1999 183  7  2 14 42 14.700  44.60   696.3 0 -9999.9 1 -9999.9 1   491.7 0   387.1 0   313.7 0   312.6 0   444.7 0   295.3 0   295.6 0    94.7 0   310.0 0 -9999.9 1   -57.6 0 -9999.9 1 -9999.9 1 -9999.9 1 -9999.9 1   185.4 0 -9999.9 1
 1999 183  7  2 14 48 14.800  43.47   488.1 0 -9999.9 1 -9999.9 1   414.5 0   364.8 0   314.1 0   312.9 0   442.1 0   295.7 0   296.0 0    93.2 0   223.9 0 -9999.9 1   -77.3 0 -9999.9 1 -9999.9 1 -9999.9 1 -9999.9 1   212.6 0 -9999.9 1
 1999 183  7  2 14 51 14.850  42.90   322.5 0 -9999.9 1 -9999.9 1   310.0 0   382.0 0   314.2 0   313.0 0   437.6 0   295.8 0   296.0 0    68.2 0   142.9 0 -9999.9 1   -55.6 0 -9999.9 1 -9999.9 1 -9999.9 1 -9999.9 1   219.2 0 -9999.9 1
 1999 183  7  2 14 54 14.900  42.33   339.2 0 -9999.9 1 -9999.9 1   327.2 0   389.9 0   314.3 0   312.8 0   437.3 0   295.9 0   296.0 0    67.5 0   148.4 0 -9999.9 1   -47.4 0 -9999.9 1 -9999.9 1 -9999.9 1 -9999.9 1   224.6 0 -9999.9 1
 1999 183  7  2 14 57 14.950  41.77   365.0 0 -9999.9 1 -9999.9 1   334.5 0   387.8 0   314.3 0   312.8 0   437.7 0   295.9 0   296.0 0    71.8 0   164.7 0 -9999.9 1   -49.9 0 -9999.9 1 -9999.9 1 -9999.9 1 -9999.9 1   224.7 0 -9999.9 1
 1999 183  7  2 15  3 15.050  40.64   972.8 0 -9999.9 1 -9999.9 1   399.6 0   366.1 0   314.9 0   314.6 0   461.9 0   296.4 0   297.0 0   144.7 0   433.8 0 -9999.9 1   -95.8 0 -9999.9 1 -9999.9 1 -9999.9 1 -9999.9 1   186.2 0 -9999.9 1
 1999 183  7  2 15  6 15.100  40.08   993.0 0 -9999.9 1 -9999.9 1   451.3 0   379.6 0   315.3 0   314.8 0   462.8 0   296.8 0   297.3 0   140.9 0   431.6 0 -9999.9 1   -83.1 0 -9999.9 1 -9999.9 1 -9999.9 1 -9999.9 1   186.1 0 -9999.9 1
 1999 183  7  2 15  9 15.150  39.52   916.7 0 -9999.9 1 -9999.9 1   433.1 0   366.9 0   315.7 0   314.9 0   460.6 0   297.1 0   297.5 0   143.0 0   405.6 0 -9999.9 1   -93.7 0 -9999.9 1 -9999.9 1 -9999.9 1 -9999.9 1   177.6 0 -9999.9 1
 1999 183  7  2 15 12 15.200  38.96   755.7 0 -9999.9 1 -9999.9 1   362.6 0   360.2 0   316.0 0   314.6 0   453.1 0   297.3 0   297.6 0   134.6 0   344.0 0 -9999.9 1   -92.9 0 -9999.9 1 -9999.9 1 -9999.9 1 -9999.9 1   172.4 0 -9999.9 1
 1999 183  7  2 15 18 15.300  37.84   620.5 0 -9999.9 1 -9999.9 1   414.9 0   373.1 0   316.3 0   314.8 0   450.3 0   297.6 0   297.8 0   118.2 0   284.2 0 -9999.9 1   -77.3 0 -9999.9 1 -9999.9 1 -9999.9 1 -9999.9 1   184.1 0 -9999.9 1
 1999 183  7  2 15 21 15.350  37.29   837.7 0 -9999.9 1 -9999.9 1   398.2 0   356.2 0   316.4 0   315.2 0   458.4 0   297.6 0   298.0 0   148.7 0   375.8 0 -9999.9 1  -102.2 0 -9999.9 1 -9999.9 1 -9999.9 1 -9999.9 1   183.6 0 -9999.9 1
 1999 183  7  2 15 24 15.400  36.74   902.8 0 -9999.9 1 -9999.9 1   321.3 0   349.6 0   316.6 0   315.7 0   459.7 0   297.7 0   298.1 0   157.4 0   403.4 0 -9999.9 1  -110.1 0 -9999.9 1 -9999.9 1 -9999.9 1 -9999.9 1   181.6 0 -9999.9 1
 1999 183  7  2 15 27 15.450  36.18   950.8 0 -9999.9 1 -9999.9 1   369.4 0   365.5 0   316.9 0   315.9 0   462.8 0   298.0 0   298.3 0   154.0 0   415.5 0 -9999.9 1   -97.2 0 -9999.9 1 -9999.9 1 -9999.9 1 -9999.9 1   183.5 0 -9999.9 1
 1999 183  7  2 15 33 15.550  35.09   486.8 0 -9999.9 1 -9999.9 1   437.3 0   397.5 0   317.1 0   315.1 0   448.4 0   298.2 0   298.3 0    96.6 0   220.6 0 -9999.9 1   -51.0 0 -9999.9 1 -9999.9 1 -9999.9 1 -9999.9 1   169.0 0 -9999.9 1
 1999 183  7  2 15 36 15.600  34.54   909.2 0 -9999.9 1 -9999.9 1   479.7 0   378.5 0   317.1 0   315.9 0   459.3 0   298.2 0   298.4 0   154.8 0   401.1 0 -9999.9 1   -80.9 0 -9999.9 1 -9999.9 1 -9999.9 1 -9999.9 1   187.8 0 -9999.9 1
 1999 183  7  2 15 39 15.650  34.00  1036.1 0 -9999.9 1 -9999.9 1   343.7 0   363.3 0   317.4 0   316.6 0   467.7 0   298.4 0   298.8 0   179.8 0   459.9 0 -9999.9 1  -104.4 0 -9999.9 1 -9999.9 1 -9999.9 1 -9999.9 1   195.6 0 -9999.9 1
 1999 183  7  2 15 42 15.700  33.46  1057.4 0 -9999.9 1 -9999.9 1   352.3 0   370.2 0   317.7 0   316.8 0   469.1 0   298.6 0   299.0 0   180.2 0   468.0 0 -9999.9 1   -99.0 0 -9999.9 1 -9999.9 1 -9999.9 1 -9999.9 1   182.7 0 -9999.9 1
 1999 183  7  2 15 48 15.800  32.39   949.0 0 -9999.9 1 -9999.9 1   315.4 0   358.6 0   318.1 0   317.1 0   467.4 0   299.0 0   299.3 0   178.6 0   426.8 0 -9999.9 1  -108.9 0 -9999.9 1 -9999.9 1 -9999.9 1 -9999.9 1   189.4 0 -9999.9 1
 1999 183  7  2 15 51 15.850  31.86   971.8 0 -9999.9 1 -9999.9 1   239.7 0   345.5 0   318.0 0   316.9 0   467.0 0   298.9 0   299.2 0   185.9 0   436.5 0 -9999.9 1  -121.4 0 -9999.9 1 -9999.9 1 -9999.9 1 -9999.9 1   180.4 0 -9999.9 1
 1999 183  7  2 15 54 15.900  31.33   921.3 0 -9999.9 1 -9999.9 1   315.2 0   350.3 0   318.1 0   317.2 0   466.6 0   298.9 0   299.1 0   177.8 0   413.0 0 -9999.9 1  -116.4 0 -9999.9 1 -9999.9 1 -9999.9 1 -9999.9 1   182.7 0 -9999.9 1
 1999 183  7  2 15 57 15.950  30.80  1048.6 0 -9999.9 1 -9999.9 1   394.3 0   364.5 0   318.2 0   317.4 0   466.5 0   299.0 0   299.3 0   189.8 0   463.4 0 -9999.9 1  -102.0 0 -9999.9 1 -9999.9 1 -9999.9 1 -9999.9 1   184.7 0 -9999.9 1
 1999 183  7  2 16  3 16.050  29.77   840.9 0 -9999.9 1 -9999.9 1   414.4 0   385.9 0   318.5 0   317.0 0   464.0 0   299.3 0   299.5 0   151.8 0   363.5 0 -9999.9 1   -78.2 0 -9999.9 1 -9999.9 1 -9999.9 1 -9999.9 1   178.0 0 -9999.9 1
 1999 183  7  2 16  6 16.100  29.25   586.3 0 -9999.9 1 -9999.9 1   434.9 0   392.1 0   318.5 0   316.9 0   454.5 0   299.3 0   299.4 0   123.3 0   259.5 0 -9999.9 1   -62.4 0 -9999.9 1 -9999.9 1 -9999.9 1 -9999.9 1   177.1 0 -9999.9 1
 1999 183  7  2 16  9 16.150  28.74   715.0 0 -9999.9 1 -9999.9 1   506.0 0   388.8 0   318.5 0   317.1 0   465.3 0   299.3 0   299.5 0   149.3 0   322.0 0 -9999.9 1   -76.5 0 -9999.9 1 -9999.9 1 -9999.9 1 -9999.9 1   155.3 0 -9999.9 1
 1999 183  7  2 16 12 16.200  28.24   507.0 0 -9999.9 1 -9999.9 1   467.6 0   382.0 0   318.4 0   317.0 0   457.3 0   299.2 0   299.4 0   125.2 0   229.6 0 -9999.9 1   -75.3 0 -9999.9 1 -9999.9 1 -9999.9 1 -9999.9 1   193.7 0 -9999.9 1
 1999 183  7  2 16 18 16.300  27.25  1192.1 0 -9999.9 1 -9999.9 1   446.4 0   375.8 0   318.6 0   318.4 0   477.4 0   299.3 0   299.7 0   216.2 0   518.4 0 -9999.9 1  -101.6 0 -9999.9 1 -9999.9 1 -9999.9 1 -9999.9 1   204.4 0 -9999.9 1
 1999 183  7  2 16 21 16.350  26.76   992.1 0 -9999.9 1 -9999.9 1   376.8 0   360.7 0   319.0 0   318.3 0   470.5 0   299.7 0   300.0 0   205.3 0   441.7 0 -9999.9 1  -109.8 0 -9999.9 1 -9999.9 1 -9999.9 1 -9999.9 1   182.1 0 -9999.9 1
 1999 183  7  2 16 24 16.400  26.27  1103.9 0 -9999.9 1 -9999.9 1   321.2 0   358.4 0   319.2 0   318.8 0   476.6 0   299.8 0   300.2 0   222.0 0   491.5 0 -9999.9 1  -118.2 0 -9999.9 1 -9999.9 1 -9999.9 1 -9999.9 1   177.2 0 -9999.9 1
 1999 183  7  2 16 27 16.450  25.80  1137.7 0 -9999.9 1 -9999.9 1   339.6 0   359.0 0   319.2 0   318.7 0   476.3 0   299.8 0   300.2 0   228.4 2   506.6 0 -9999.9 1  -117.3 0 -9999.9 1 -9999.9 1 -9999.9 1 -9999.9 1   164.2 0 -9999.9 1
 1999 183  7  2 16 33 16.550  24.86  1036.5 0 -9999.9 1 -9999.9 1   342.1 0   354.9 0   319.8 0   319.1 0   471.4 0   300.2 0   300.5 0   223.6 2   459.5 0 -9999.9 1  -116.5 0 -9999.9 1 -9999.9 1 -9999.9 1 -9999.9 1   219.4 0 -9999.9 1
 1999 183  7  2 16 36 16.600  24.41   620.6 0 -9999.9 1 -9999.9 1   339.6 0   364.0 0   320.0 0   319.0 0   463.1 0   300.3 0   300.5 0   160.6 2   275.5 0 -9999.9 1   -99.1 0 -9999.9 1 -9999.9 1 -9999.9 1 -9999.9 1   221.3 0 -9999.9 1
 1999 183  7  2 16 39 16.650  23.96   335.1 0 -9999.9 1 -9999.9 1   310.7 0   373.6 0   319.9 0   318.2 0   447.1 0   300.2 0   300.1 0   112.3 2   152.0 0 -9999.9 1   -73.5 0 -9999.9 1 -9999.9 1 -9999.9 1 -9999.9 1   194.1 0 -9999.9 1
 1999 183  7  2 16 42 16.700  23.52   898.5 0 -9999.9 1 -9999.9 1   385.7 0   379.6 0   319.9 0   318.7 0   458.4 0   300.1 0   300.1 0   189.4 2   399.4 0 -9999.9 1   -78.8 0 -9999.9 1 -9999.9 1 -9999.9 1 -9999.9 1   192.9 0 -9999.9 1
 1999 183  7  2 16 48 16.800  22.67   545.8 0 -9999.9 1 -9999.9 1   433.4 0   372.5 0   320.2 0   319.2 0   459.5 0   300.0 0   300.2 0   146.2 0   243.8 0 -9999.9 1   -87.0 0 -9999.9 1 -9999.9 1 -9999.9 1 -9999.9 1   207.2 0 -9999.9 1
 1999 183  7  2 16 51 16.850  22.25   473.9 0 -9999.9 1 -9999.9 1   415.8 0   377.1 0   320.1 0   318.7 0   453.5 0   299.9 0   300.0 0   132.9 0   214.7 0 -9999.9 1   -76.5 0 -9999.9 1 -9999.9 1 -9999.9 1 -9999.9 1   170.7 0 -9999.9 1
 1999 183  7  2 16 54 16.900  21.85  1002.6 0 -9999.9 1 -9999.9 1   448.1 0   380.2 0   320.3 0   319.8 0   471.6 0   300.0 0   300.4 0   202.6 0   436.6 0 -9999.9 1   -91.4 0 -9999.9 1 -9999.9 1 -9999.9 1 -9999.9 1   174.5 0 -9999.9 1
 1999 183  7  2 16 57 16.950  21.46   471.3 0 -9999.9 1 -9999.9 1   444.0 0   379.8 0   320.4 0   318.9 0   458.6 0   300.2 0   300.3 0   134.7 0   214.7 0 -9999.9 1   -78.8 0 -9999.9 1 -9999.9 1 -9999.9 1 -9999.9 1   182.6 0 -9999.9 1
 1999 183  7  2 17  3 17.050  20.71   605.7 0 -9999.9 1 -9999.9 1   428.2 0   380.4 0   320.3 0   318.8 0   455.5 0   300.0 0   300.1 0   152.3 2   272.3 0 -9999.9 1   -75.2 0 -9999.9 1 -9999.9 1 -9999.9 1 -9999.9 1   174.9 0 -9999.9 1
 1999 183  7  2 17  6 17.100  20.36  1059.2 0 -9999.9 1 -9999.9 1   509.4 0   382.8 0   320.4 0   319.7 0   471.7 0   300.0 0   300.3 0   215.6 2   462.8 0 -9999.9 1   -88.9 0 -9999.9 1 -9999.9 1 -9999.9 1 -9999.9 1   184.1 0 -9999.9 1
 1999 183  7  2 17  9 17.150  20.02  1083.9 0 -9999.9 1 -9999.9 1   456.2 0   374.0 0   320.6 0   320.1 0   473.9 0   300.2 0   300.5 0   230.9 2   476.4 0 -9999.9 1   -99.9 0 -9999.9 1 -9999.9 1 -9999.9 1 -9999.9 1   202.4 0 -9999.9 1
 1999 183  7  2 17 12 17.200  19.69  1198.7 0 -9999.9 1 -9999.9 1   391.8 0   365.1 0   320.9 0   320.3 0   477.3 0   300.3 0   300.7 0   255.7 2   529.2 0 -9999.9 1  -112.3 0 -9999.9 1 -9999.9 1 -9999.9 1 -9999.9 1   211.4 0 -9999.9 1
 1999 183  7  2 17 18 17.300  19.09   716.0 0 -9999.9 1 -9999.9 1   470.1 0   363.5 0   321.5 0   320.3 0   465.3 0   300.9 0   301.0 0   190.1 0   334.5 0 -9999.9 1  -101.8 0 -9999.9 1 -9999.9 1 -9999.9 1 -9999.9 1   175.4 0 -9999.9 1
 1999 183  7  2 17 21 17.350  18.81  1219.1 0 -9999.9 1 -9999.9 1   437.3 0   374.0 0   321.6 0   320.9 0   478.6 0   301.0 0   301.3 0   249.9 0   532.9 0 -9999.9 1  -104.5 0 -9999.9 1 -9999.9 1 -9999.9 1 -9999.9 1   178.4 0 -9999.9 1
 1999 183  7  2 17 24 17.400  18.55   733.0 0 -9999.9 1 -9999.9 1   419.1 0   371.2 0   321.8 0   321.0 0   469.9 0   301.2 0   301.4 0   182.8 0   323.7 0 -9999.9 1   -98.6 0 -9999.9 1 -9999.9 1 -9999.9 1 -9999.9 1   187.7 0 -9999.9 1
 1999 183  7  2 17 27 17.450  18.30   825.0 0 -9999.9 1 -9999.9 1   438.1 0   371.9 0   322.0 0   321.5 0   469.5 0   301.3 0   301.5 0   194.8 0   370.3 0 -9999.9 1   -97.6 0 -9999.9 1 -9999.9 1 -9999.9 1 -9999.9 1   187.4 0 -9999.9 1
 1999 183  7  2 17 33 17.550  17.88  1180.5 0 -9999.9 1 -9999.9 1   392.3 0   365.0 0   322.2 0   321.7 0   478.5 0   301.5 0   301.8 0   248.5 0   512.6 0 -9999.9 1  -113.6 0 -9999.9 1 -9999.9 1 -9999.9 1 -9999.9 1   196.8 0 -9999.9 1
 1999 183  7  2 17 36 17.600  17.69   798.9 0 -9999.9 1 -9999.9 1   486.7 0   361.3 0   322.4 0   321.6 0   471.1 0   301.6 0   301.8 0   204.6 0   362.2 0 -9999.9 1  -109.7 0 -9999.9 1 -9999.9 1 -9999.9 1 -9999.9 1   195.7 0 -9999.9 1
 1999 183  7  2 17 39 17.650  17.53   926.9 0 -9999.9 1 -9999.9 1   452.8 0   363.4 0   322.5 0   321.5 0   471.7 0   301.6 0   301.8 0   219.3 0   418.5 0 -9999.9 1  -108.2 0 -9999.9 1 -9999.9 1 -9999.9 1 -9999.9 1   180.0 0 -9999.9 1
 1999 183  7  2 17 42 17.700  17.39   856.4 0 -9999.9 1 -9999.9 1   394.5 0   357.0 0   322.6 0   322.0 0   472.9 0   301.6 0   301.9 0   213.5 0   385.7 0 -9999.9 1  -116.0 0 -9999.9 1 -9999.9 1 -9999.9 1 -9999.9 1   183.8 0 -9999.9 1
 1999 183  7  2 17 48 17.800  17.17   353.6 0 -9999.9 1 -9999.9 1   334.3 0   378.7 0   323.0 0   321.7 0   458.3 0   302.0 0   302.0 0   114.7 0   155.0 0 -9999.9 1   -79.6 0 -9999.9 1 -9999.9 1 -9999.9 1 -9999.9 1   191.5 0 -9999.9 1
 1999 183  7  2 17 51 17.850  17.10   367.0 0 -9999.9 1 -9999.9 1   348.5 0   390.5 0   322.8 0   321.3 0   452.6 0   301.8 0   301.7 0    99.5 0   158.5 0 -9999.9 1   -62.2 0 -9999.9 1 -9999.9 1 -9999.9 1 -9999.9 1   196.8 0 -9999.9 1
 1999 183  7  2 17 54 17.900  17.05   432.0 0 -9999.9 1 -9999.9 1   397.9 0   396.0 0   322.7 0   321.1 0   453.4 0   301.6 0   301.6 0   105.5 0   188.8 0 -9999.9 1   -57.5 0 -9999.9 1 -9999.9 1 -9999.9 1 -9999.9 1   191.1 0 -9999.9 1
 1999 183  7  2 17 57 17.950  17.02   808.5 0 -9999.9 1 -9999.9 1   512.8 0   397.6 0   322.6 0   321.3 0   465.6 0   301.5 0   301.6 0   164.6 0   350.4 0 -9999.9 1   -67.9 0 -9999.9 1 -9999.9 1 -9999.9 1 -9999.9 1   181.2 0 -9999.9 1
 1999 183  7  2 18  3 18.050  17.04   469.5 0 -9999.9 1 -9999.9 1   448.7 0   389.1 0   322.8 0   320.9 0   457.7 0   301.4 0   301.4 0   132.2 0   206.9 0 -9999.9 1   -68.6 0 -9999.9 1 -9999.9 1 -9999.9 1 -9999.9 1   169.6 0 -9999.9 1
 1999 183  7  2 18  6 18.100  17.08   520.3 0 -9999.9 1 -9999.9 1   461.3 0   384.4 0   322.7 0   320.9 0   460.4 0   301.3 0   301.4 0   147.0 0   236.3 0 -9999.9 1   -75.9 0 -9999.9 1 -9999.9 1 -9999.9 1 -9999.9 1   160.8 0 -9999.9 1
 1999 183  7  2 18  9 18.150  17.15   457.2 0 -9999.9 1 -9999.9 1   427.3 0   381.7 0   322.5 0   321.0 0   458.4 0   301.3 0   301.3 0   137.1 0   208.4 0 -9999.9 1   -76.7 0 -9999.9 1 -9999.9 1 -9999.9 1 -9999.9 1   169.1 0 -9999.9 1
 1999 183  7  2 18 12 18.200  17.24   447.0 0 -9999.9 1 -9999.9 1   410.3 0   379.4 0   322.4 0   320.8 0   457.1 0   301.2 0   301.3 0   136.9 0   208.4 0 -9999.9 1   -77.7 0 -9999.9 1 -9999.9 1 -9999.9 1 -9999.9 1   171.2 0 -9999.9 1
 1999 183  7  2 18 18 18.300  17.48   970.3 0 -9999.9 1 -9999.9 1   421.1 0   371.9 0   321.8 0   320.5 0   472.6 0   300.8 0   301.1 0   222.8 0   435.2 0 -9999.9 1  -100.7 0 -9999.9 1 -9999.9 1 -9999.9 1 -9999.9 1   152.4 0 -9999.9 1
 1999 183  7  2 18 21 18.350  17.64   787.8 0 -9999.9 1 -9999.9 1   391.2 0   367.9 0   321.9 0   320.5 0   473.0 0   301.0 0   301.3 0   204.2 0   358.1 0 -9999.9 1  -105.0 0 -9999.9 1 -9999.9 1 -9999.9 1 -9999.9 1   139.1 0 -9999.9 1
 1999 183  7  2 18 24 18.400  17.82   927.7 0 -9999.9 1 -9999.9 1   402.4 0   368.1 0   321.9 0   321.0 0   474.1 0   301.2 0   301.5 0   220.6 0   418.1 0 -9999.9 1  -106.0 0 -9999.9 1 -9999.9 1 -9999.9 1 -9999.9 1   120.2 0 -9999.9 1
 1999 183  7  2 18 27 18.450  18.02   910.5 0 -9999.9 1 -9999.9 1   410.8 0   364.8 0   321.8 0   320.5 0   473.7 0   301.2 0   301.5 0   219.1 0   411.8 0 -9999.9 1  -108.9 0 -9999.9 1 -9999.9 1 -9999.9 1 -9999.9 1   156.8 0 -9999.9 1
 1999 183  7  2 18 33 18.550  18.47   444.0 0 -9999.9 1 -9999.9 1   386.8 0   365.1 0   321.5 0   319.3 0   457.7 0   301.1 0   301.2 0   150.3 2   210.7 0 -9999.9 1   -92.7 0 -9999.9 1 -9999.9 1 -9999.9 1 -9999.9 1   173.9 0 -9999.9 1
 1999 183  7  2 18 36 18.600  18.73   846.1 0 -9999.9 1 -9999.9 1   447.1 0   368.7 0   321.4 0   320.4 0   468.6 0   301.0 0   301.3 0   201.3 0   383.7 0 -9999.9 1   -99.9 0 -9999.9 1 -9999.9 1 -9999.9 1 -9999.9 1   179.0 0 -9999.9 1
 1999 183  7  2 18 39 18.650  19.00  1021.0 0 -9999.9 1 -9999.9 1   465.2 0   374.6 0   321.6 0   320.8 0   478.3 0   301.3 0   301.6 0   222.6 0   452.9 0 -9999.9 1  -103.7 0 -9999.9 1 -9999.9 1 -9999.9 1 -9999.9 1   169.1 0 -9999.9 1
 1999 183  7  2 18 42 18.700  19.29  1045.7 0 -9999.9 1 -9999.9 1   424.4 0   373.2 0   321.7 0   321.2 0   480.4 0   301.4 0   301.8 0   226.5 0   461.6 0 -9999.9 1  -107.2 0 -9999.9 1 -9999.9 1 -9999.9 1 -9999.9 1   187.7 0 -9999.9 1
 1999 183  7  2 18 48 18.800  19.92  1097.5 0 -9999.9 1 -9999.9 1   506.0 0   383.9 0   321.8 0   321.0 0   476.7 0   301.5 0   301.8 0   223.0 2   483.9 0 -9999.9 1   -92.8 0 -9999.9 1 -9999.9 1 -9999.9 1 -9999.9 1   198.3 0 -9999.9 1
 1999 183  7  2 18 51 18.850  20.26  1095.4 0 -9999.9 1 -9999.9 1   539.2 0   386.6 0   322.1 0   321.4 0   482.3 0   301.7 0   302.0 0   222.8 0   482.2 0 -9999.9 1   -95.7 0 -9999.9 1 -9999.9 1 -9999.9 1 -9999.9 1   183.1 0 -9999.9 1
 1999 183  7  2 18 54 18.900  20.61   730.4 0 -9999.9 1 -9999.9 1   424.2 0   383.0 0   322.2 0   321.3 0   475.6 0   301.8 0   302.0 0   164.6 2   317.3 0 -9999.9 1   -92.6 0 -9999.9 1 -9999.9 1 -9999.9 1 -9999.9 1   189.9 0 -9999.9 1
 1999 183  7  2 18 57 18.950  20.97   380.8 0 -9999.9 1 -9999.9 1   363.8 0   385.3 0   322.0 0   320.3 0   457.1 0   301.7 0   301.6 0   113.1 2   168.9 0 -9999.9 1   -71.9 0 -9999.9 1 -9999.9 1 -9999.9 1 -9999.9 1   177.9 0 -9999.9 1
 1999 183  7  2 19  3 19.050  21.73   436.1 0 -9999.9 1 -9999.9 1   408.8 0   379.9 0   321.7 0   319.7 0   456.7 0   301.3 0   301.3 0   133.4 2   198.5 0 -9999.9 1   -76.8 0 -9999.9 1 -9999.9 1 -9999.9 1 -9999.9 1   162.1 0 -9999.9 1
 1999 183  7  2 19  6 19.100  22.13   541.5 0 -9999.9 1 -9999.9 1   463.4 0   379.8 0   321.4 0   319.5 0   457.2 0   301.1 0   301.1 0   152.7 2   251.8 0 -9999.9 1   -77.3 0 -9999.9 1 -9999.9 1 -9999.9 1 -9999.9 1   143.3 0 -9999.9 1
 1999 183  7  2 19  9 19.150  22.54  1087.1 0 -9999.9 1 -9999.9 1   502.2 0   380.6 0   321.4 0   320.7 0   480.3 0   301.1 0   301.5 0   223.9 2   478.6 0 -9999.9 1   -99.8 0 -9999.9 1 -9999.9 1 -9999.9 1 -9999.9 1   178.3 0 -9999.9 1
 1999 183  7  2 19 12 19.200  22.96  1063.3 0 -9999.9 1 -9999.9 1   476.0 0   384.9 0   321.6 0   320.3 0   478.3 0   301.4 0   301.7 0   219.8 2   469.4 0 -9999.9 1   -93.5 0 -9999.9 1 -9999.9 1 -9999.9 1 -9999.9 1   181.8 0 -9999.9 1
 1999 183  7  2 19 18 19.300  23.83   932.3 0 -9999.9 1 -9999.9 1   461.4 0   376.5 0   321.8 0   320.6 0   475.8 0   301.6 0   301.9 0   203.4 2   418.9 0 -9999.9 1   -99.2 0 -9999.9 1 -9999.9 1 -9999.9 1 -9999.9 1   183.7 0 -9999.9 1
 1999 183  7  2 19 21 19.350  24.27  1107.9 0 -9999.9 1 -9999.9 1   468.9 0   379.4 0   321.8 0   320.4 0   479.2 0   301.6 0   301.9 0   227.4 2   496.6 0 -9999.9 1   -99.8 0 -9999.9 1 -9999.9 1 -9999.9 1 -9999.9 1   176.3 0 -9999.9 1
 1999 183  7  2 19 24 19.400  24.73  1059.7 0 -9999.9 1 -9999.9 1   472.7 0   376.2 0   321.8 0   320.6 0   480.5 0   301.7 0   302.1 0   223.1 2   474.1 0 -9999.9 1  -104.3 0 -9999.9 1 -9999.9 1 -9999.9 1 -9999.9 1   182.3 0 -9999.9 1
 1999 183  7  2 19 27 19.450  25.19   748.4 0 -9999.9 1 -9999.9 1   467.1 0   382.7 0   321.9 0   320.1 0   468.8 0   301.8 0   301.9 0   176.6 0   342.4 0 -9999.9 1   -86.1 0 -9999.9 1 -9999.9 1 -9999.9 1 -9999.9 1   184.9 0 -9999.9 1
 1999 183  7  2 19 33 19.550  26.13  1051.0 0 -9999.9 1 -9999.9 1   370.0 0   377.2 0   321.9 0   320.6 0   479.1 0   301.7 0   302.0 0   220.5 0   472.6 0 -9999.9 1  -101.9 0 -9999.9 1 -9999.9 1 -9999.9 1 -9999.9 1   193.2 0 -9999.9 1
 1999 183  7  2 19 36 19.600  26.61   940.8 0 -9999.9 1 -9999.9 1   325.0 0   374.7 0   321.9 0   320.4 0   475.3 0   301.7 0   301.9 0   205.5 0   424.7 0 -9999.9 1  -100.6 0 -9999.9 1 -9999.9 1 -9999.9 1 -9999.9 1   186.3 0 -9999.9 1
 1999 183  7  2 19 39 19.650  27.10   727.1 0 -9999.9 1 -9999.9 1   333.9 0   373.3 0   321.6 0   319.6 0   470.0 0   301.6 0   301.8 0   178.6 0   338.8 0 -9999.9 1   -96.7 0 -9999.9 1 -9999.9 1 -9999.9 1 -9999.9 1   177.6 0 -9999.9 1
 1999 183  7  2 19 42 19.700  27.59  1067.4 0 -9999.9 1 -9999.9 1   368.1 0   376.2 0   321.5 0   320.4 0   479.9 0   301.5 0   301.9 0   216.6 0   482.8 0 -9999.9 1  -103.7 0 -9999.9 1 -9999.9 1 -9999.9 1 -9999.9 1   198.4 0 -9999.9 1
 1999 183  7  2 19 48 19.800  28.59   383.0 0 -9999.9 1 -9999.9 1   370.9 0   399.3 0   321.4 0   319.0 0   461.0 0   301.6 0   301.6 0   106.0 0   173.2 0 -9999.9 1   -61.8 0 -9999.9 1 -9999.9 1 -9999.9 1 -9999.9 1   173.1 0 -9999.9 1
 1999 183  7  2 19 51 19.850  29.10   415.4 0 -9999.9 1 -9999.9 1   384.5 0   404.6 0   321.1 0   318.6 0   458.1 0   301.4 0   301.4 0   106.8 0   188.6 0 -9999.9 1   -53.5 0 -9999.9 1 -9999.9 1 -9999.9 1 -9999.9 1   162.8 0 -9999.9 1
 1999 183  7  2 19 54 19.900  29.61   396.5 0 -9999.9 1 -9999.9 1   365.1 0   401.7 0   320.7 0   318.5 0   457.0 0   301.3 0   301.2 0   104.7 0   180.6 0 -9999.9 1   -55.3 0 -9999.9 1 -9999.9 1 -9999.9 1 -9999.9 1   177.1 0 -9999.9 1
 1999 183  7  2 19 57 19.950  30.13   431.3 0 -9999.9 1 -9999.9 1   417.0 0   397.1 0   320.3 0   317.9 0   456.1 0   300.9 0   300.9 0   112.4 0   198.9 0 -9999.9 1   -59.0 0 -9999.9 1 -9999.9 1 -9999.9 1 -9999.9 1   170.4 0 -9999.9 1
 1999 183  7  2 20  3 20.050  31.17   998.3 0 -9999.9 1 -9999.9 1   395.5 0   380.4 0   319.9 0   318.5 0   473.8 0   300.7 0   301.0 0   186.0 0   450.1 0 -9999.9 1   -93.4 0 -9999.9 1 -9999.9 1 -9999.9 1 -9999.9 1   187.5 0 -9999.9 1
 1999 183  7  2 20  6 20.100  31.70   956.7 0 -9999.9 1 -9999.9 1   337.8 0   375.0 0   320.0 0   318.5 0   474.8 0   300.8 0   301.2 0   184.2 0   433.3 0 -9999.9 1   -99.8 0 -9999.9 1 -9999.9 1 -9999.9 1 -9999.9 1   177.9 0 -9999.9 1
 1999 183  7  2 20  9 20.150  32.23   909.0 0 -9999.9 1 -9999.9 1   305.3 0   373.8 0   319.9 0   318.3 0   473.6 0   300.9 0   301.2 0   177.5 0   415.4 0 -9999.9 1   -99.8 0 -9999.9 1 -9999.9 1 -9999.9 1 -9999.9 1   177.6 0 -9999.9 1
 1999 183  7  2 20 12 20.200  32.76   921.8 0 -9999.9 1 -9999.9 1   298.7 0   370.3 0   319.8 0   318.2 0   475.6 0   300.9 0   301.3 0   179.1 0   422.8 0 -9999.9 1  -105.3 0 -9999.9 1 -9999.9 1 -9999.9 1 -9999.9 1   169.0 0 -9999.9 1
 1999 183  7  2 20 18 20.300  33.84   900.1 0 -9999.9 1 -9999.9 1   370.1 0   372.6 0   319.8 0   318.5 0   475.5 0   301.3 0   301.6 0   170.3 0   408.8 0 -9999.9 1  -102.9 0 -9999.9 1 -9999.9 1 -9999.9 1 -9999.9 1   196.1 0 -9999.9 1
 1999 183  7  2 20 21 20.350  34.38   896.9 0 -9999.9 1 -9999.9 1   337.5 0   368.8 0   319.9 0   318.9 0   476.4 0   301.4 0   301.7 0   168.0 0   406.8 0 -9999.9 1  -107.6 0 -9999.9 1 -9999.9 1 -9999.9 1 -9999.9 1   194.1 0 -9999.9 1
 1999 183  7  2 20 24 20.400  34.93   850.1 0 -9999.9 1 -9999.9 1   289.6 0   368.3 0   320.1 0   319.0 0   476.6 0   301.6 0   301.9 0   162.6 0   390.6 0 -9999.9 1  -108.3 0 -9999.9 1 -9999.9 1 -9999.9 1 -9999.9 1   196.5 0 -9999.9 1
 1999 183  7  2 20 27 20.450  35.47   867.9 0 -9999.9 1 -9999.9 1   287.3 0   367.4 0   320.2 0   319.2 0   476.5 0   301.7 0   302.0 0   161.5 0   399.7 0 -9999.9 1  -109.1 0 -9999.9 1 -9999.9 1 -9999.9 1 -9999.9 1   189.6 0 -9999.9 1
 1999 183  7  2 20 33 20.550  36.57   669.3 0 -9999.9 1 -9999.9 1   283.9 0   369.3 0   320.2 0   318.7 0   470.2 0   301.8 0   302.0 0   132.2 0   310.7 0 -9999.9 1  -100.9 0 -9999.9 1 -9999.9 1 -9999.9 1 -9999.9 1   176.4 0 -9999.9 1
 1999 183  7  2 20 36 20.600  37.12   820.4 0 -9999.9 1 -9999.9 1   304.8 0   369.6 0   320.1 0   318.8 0   474.8 0   301.8 0   302.0 0   147.1 0   378.2 0 -9999.9 1  -105.2 0 -9999.9 1 -9999.9 1 -9999.9 1 -9999.9 1   168.8 0 -9999.9 1
 1999 183  7  2 20 39 20.650  37.68   829.3 0 -9999.9 1 -9999.9 1   316.2 0   372.2 0   320.2 0   318.8 0   475.3 0   301.9 0   302.1 0   146.7 0   382.7 0 -9999.9 1  -103.1 0 -9999.9 1 -9999.9 1 -9999.9 1 -9999.9 1   153.6 0 -9999.9 1
 1999 183  7  2 20 42 20.700  38.23   782.9 0 -9999.9 1 -9999.9 1   324.7 0   374.1 0   320.0 0   318.3 0   472.5 0   301.7 0   302.0 0   137.3 0   362.2 0 -9999.9 1   -98.4 0 -9999.9 1 -9999.9 1 -9999.9 1 -9999.9 1   151.2 0 -9999.9 1
 1999 183  7  2 20 48 20.800  39.35   823.4 0 -9999.9 1 -9999.9 1   346.4 0   370.2 0   319.8 0   318.4 0   472.2 0   301.6 0   301.8 0   140.8 2   379.4 0 -9999.9 1  -101.9 0 -9999.9 1 -9999.9 1 -9999.9 1 -9999.9 1   180.4 0 -9999.9 1
 1999 183  7  2 20 51 20.850  39.91   762.2 0 -9999.9 1 -9999.9 1   315.6 0   366.6 0   319.9 0   318.8 0   471.9 0   301.7 0   302.0 0   132.4 2   353.5 0 -9999.9 1  -105.3 0 -9999.9 1 -9999.9 1 -9999.9 1 -9999.9 1   196.8 0 -9999.9 1
 1999 183  7  2 20 54 20.900  40.47   729.9 0 -9999.9 1 -9999.9 1   309.2 0   366.5 0   320.0 0   318.8 0   469.4 0   301.7 0   301.9 0   126.2 2   337.6 0 -9999.9 1  -102.8 0 -9999.9 1 -9999.9 1 -9999.9 1 -9999.9 1   209.1 0 -9999.9 1
 1999 183  7  2 20 57 20.950  41.04   588.7 0 -9999.9 1 -9999.9 1   291.0 0   367.5 0   320.1 0   318.7 0   465.5 0   301.7 0   301.8 0   108.6 2   273.6 0 -9999.9 1   -98.1 0 -9999.9 1 -9999.9 1 -9999.9 1 -9999.9 1   185.2 0 -9999.9 1
 1999 183  7  2 21  3 21.050  42.17   459.2 0 -9999.9 1 -9999.9 1   280.5 0   371.3 0   320.2 0   318.4 0   461.9 0   301.6 0   301.7 0    95.0 0   215.5 0 -9999.9 1   -90.6 0 -9999.9 1 -9999.9 1 -9999.9 1 -9999.9 1   185.8 0 -9999.9 1
 1999 183  7  2 21  6 21.100  42.73   562.4 0 -9999.9 1 -9999.9 1   298.2 0   371.3 0   320.1 0   318.4 0   461.8 0   301.5 0   301.6 0   101.6 0   264.3 0 -9999.9 1   -90.5 0 -9999.9 1 -9999.9 1 -9999.9 1 -9999.9 1   183.4 0 -9999.9 1
 1999 183  7  2 21  9 21.150  43.30   395.2 0 -9999.9 1 -9999.9 1   283.9 0   372.6 0   320.0 0   318.1 0   459.3 0   301.4 0   301.4 0    85.3 0   188.2 0 -9999.9 1   -86.7 0 -9999.9 1 -9999.9 1 -9999.9 1 -9999.9 1   167.1 0 -9999.9 1
 1999 183  7  2 21 12 21.200  43.87   433.7 0 -9999.9 1 -9999.9 1   300.4 0   373.3 0   319.9 0   318.1 0   459.8 0   301.3 0   301.4 0    87.7 0   208.1 0 -9999.9 1   -86.5 0 -9999.9 1 -9999.9 1 -9999.9 1 -9999.9 1   170.4 0 -9999.9 1
 1999 183  7  2 21 18 21.300  45.01   596.2 0 -9999.9 1 -9999.9 1   339.5 0   375.6 0   319.8 0   318.3 0   464.8 0   301.3 0   301.4 0   100.7 0   279.3 0 -9999.9 1   -89.1 0 -9999.9 1 -9999.9 1 -9999.9 1 -9999.9 1   190.9 0 -9999.9 1
 1999 183  7  2 21 21 21.350  45.58   659.2 0 -9999.9 1 -9999.9 1   331.6 0   373.9 0   319.8 0   318.3 0   469.6 0   301.2 0   301.4 0   102.9 0   305.3 0 -9999.9 1   -95.6 0 -9999.9 1 -9999.9 1 -9999.9 1 -9999.9 1   175.3 0 -9999.9 1
 1999 183  7  2 21 24 21.400  46.15   554.5 0 -9999.9 1 -9999.9 1   311.3 0   375.4 0   319.7 0   317.7 0   464.1 0   301.2 0   301.3 0    92.3 0   258.3 0 -9999.9 1   -88.7 0 -9999.9 1 -9999.9 1 -9999.9 1 -9999.9 1   172.8 0 -9999.9 1
 1999 183  7  2 21 27 21.450  46.72   513.7 0 -9999.9 1 -9999.9 1   295.5 0   373.3 0   319.6 0   317.7 0   461.9 0   301.0 0   301.1 0    85.8 0   240.3 0 -9999.9 1   -88.7 0 -9999.9 1 -9999.9 1 -9999.9 1 -9999.9 1   173.5 0 -9999.9 1
 1999 183  7  2 21 33 21.550  47.86   456.5 0 -9999.9 1 -9999.9 1   295.8 0   380.1 0   319.2 0   317.1 0   459.0 0   300.8 0   300.9 0    73.3 2   212.5 0 -9999.9 1   -78.9 0 -9999.9 1 -9999.9 1 -9999.9 1 -9999.9 1   152.8 0 -9999.9 1
 1999 183  7  2 21 36 21.600  48.43   401.5 0 -9999.9 1 -9999.9 1   294.5 0   374.9 0   318.9 0   316.7 0   455.8 0   300.6 0   300.6 0    69.4 2   189.8 0 -9999.9 1   -80.9 0 -9999.9 1 -9999.9 1 -9999.9 1 -9999.9 1   157.2 0 -9999.9 1
 1999 183  7  2 21 39 21.650  49.01   447.6 0 -9999.9 1 -9999.9 1   292.5 0   377.5 0   318.8 0   316.4 0   455.9 0   300.5 0   300.5 0    71.1 2   210.8 0 -9999.9 1   -78.4 0 -9999.9 1 -9999.9 1 -9999.9 1 -9999.9 1   157.9 0 -9999.9 1
 1999 183  7  2 21 42 21.700  49.58   468.7 0 -9999.9 1 -9999.9 1   299.6 0   376.2 0   318.6 0   316.3 0   457.3 0   300.4 0   300.5 0    71.5 2   220.5 0 -9999.9 1   -81.1 0 -9999.9 1 -9999.9 1 -9999.9 1 -9999.9 1   169.1 0 -9999.9 1
 1999 183  7  2 21 48 21.800  50.73   547.6 0 -9999.9 1 -9999.9 1   328.3 0   375.9 0   318.2 0   316.3 0   460.6 0   300.1 0   300.3 0    75.0 2   254.3 0 -9999.9 1   -84.7 0 -9999.9 1 -9999.9 1 -9999.9 1 -9999.9 1   166.8 0 -9999.9 1
 1999 183  7  2 21 51 21.850  51.30   511.2 0 -9999.9 1 -9999.9 1   314.7 0   378.2 0   318.1 0   315.8 0   458.0 0   300.1 0   300.2 0    71.2 2   238.4 0 -9999.9 1   -79.7 0 -9999.9 1 -9999.9 1 -9999.9 1 -9999.9 1   172.4 0 -9999.9 1
 1999 183  7  2 21 54 21.900  51.87   388.6 0 -9999.9 1 -9999.9 1   286.8 0   378.2 0   317.9 0   315.6 0   453.9 0   300.0 0   300.1 0    61.5 2   183.9 0 -9999.9 1   -75.7 0 -9999.9 1 -9999.9 1 -9999.9 1 -9999.9 1   172.2 0 -9999.9 1
 1999 183  7  2 21 57 21.950  52.45   391.2 0 -9999.9 1 -9999.9 1   284.3 0   377.1 0   317.6 0   315.2 0   452.9 0   299.9 0   299.9 0    58.4 2   184.8 0 -9999.9 1   -75.8 0 -9999.9 1 -9999.9 1 -9999.9 1 -9999.9 1   169.0 0 -9999.9 1
 1999 183  7  2 22  3 22.050  53.60   409.0 0 -9999.9 1 -9999.9 1   291.5 0   378.3 0   317.2 0   314.9 0   454.6 0   299.8 0   299.9 0    55.5 2   192.3 0 -9999.9 1   -76.3 0 -9999.9 1 -9999.9 1 -9999.9 1 -9999.9 1   162.0 0 -9999.9 1
 1999 183  7  2 22  6 22.100  54.17   350.0 0 -9999.9 1 -9999.9 1   290.7 0   378.8 0   317.0 0   314.6 0   453.4 0   299.8 0   299.8 0    51.9 2   167.9 0 -9999.9 1   -74.5 0 -9999.9 1 -9999.9 1 -9999.9 1 -9999.9 1   163.7 0 -9999.9 1
 1999 183  7  2 22  9 22.150  54.74   337.5 0 -9999.9 1 -9999.9 1   286.5 0   382.4 0   316.8 0   314.3 0   452.4 0   299.7 0   299.8 0    50.0 0   162.4 0 -9999.9 1   -70.0 0 -9999.9 1 -9999.9 1 -9999.9 1 -9999.9 1   156.4 0 -9999.9 1
 1999 183  7  2 22 12 22.200  55.32   413.0 0 -9999.9 1 -9999.9 1   297.3 0   379.7 0   316.6 0   314.4 0   454.8 0   299.7 0   299.8 0    52.4 0   193.3 0 -9999.9 1   -75.1 0 -9999.9 1 -9999.9 1 -9999.9 1 -9999.9 1   168.9 0 -9999.9 1
 1999 183  7  2 22 18 22.300  56.46   381.0 0 -9999.9 1 -9999.9 1   284.6 0   374.5 0   316.0 0   313.9 0   453.4 0   299.4 0   299.5 0    48.5 2   179.3 0 -9999.9 1   -78.9 0 -9999.9 1 -9999.9 1 -9999.9 1 -9999.9 1   166.3 0 -9999.9 1
 1999 183  7  2 22 21 22.350  57.03   334.8 0 -9999.9 1 -9999.9 1   266.5 0   374.7 0   315.9 0   313.8 0   451.8 0   299.5 0   299.6 0    44.9 2   158.9 0 -9999.9 1   -77.1 0 -9999.9 1 -9999.9 1 -9999.9 1 -9999.9 1   170.5 0 -9999.9 1
 1999 183  7  2 22 24 22.400  57.61   402.5 0 -9999.9 1 -9999.9 1   281.0 0   374.5 0   315.8 0   313.8 0   454.1 0   299.4 0   299.6 0    46.1 2   187.9 0 -9999.9 1   -79.5 0 -9999.9 1 -9999.9 1 -9999.9 1 -9999.9 1   171.7 0 -9999.9 1
 1999 183  7  2 22 27 22.450  58.18   378.6 0 -9999.9 1 -9999.9 1   275.7 0   378.1 0   315.8 0   313.8 0   454.9 0   299.6 0   299.7 0    45.1 0   178.2 0 -9999.9 1   -76.8 0 -9999.9 1 -9999.9 1 -9999.9 1 -9999.9 1   161.1 0 -9999.9 1
 1999 183  7  2 22 33 22.550  59.32   393.9 0 -9999.9 1 -9999.9 1   275.5 0   383.6 0   315.7 0   313.7 0   457.0 0   299.7 0   299.9 0    43.6 0   184.8 0 -9999.9 1   -73.4 0 -9999.9 1 -9999.9 1 -9999.9 1 -9999.9 1   157.5 0 -9999.9 1
 1999 183  7  2 22 36 22.600  59.89   339.7 0 -9999.9 1 -9999.9 1   262.3 0   384.9 0   315.5 0   313.6 0   454.9 0   299.7 0   299.8 0    39.9 0   160.2 0 -9999.9 1   -70.1 0 -9999.9 1 -9999.9 1 -9999.9 1 -9999.9 1   161.1 0 -9999.9 1
 1999 183  7  2 22 39 22.650  60.46   303.8 0 -9999.9 1 -9999.9 1   252.2 0   389.4 0   315.4 0   313.5 0   454.9 0   299.7 0   299.8 0    35.8 0   142.1 0 -9999.9 1   -65.5 0 -9999.9 1 -9999.9 1 -9999.9 1 -9999.9 1   161.0 0 -9999.9 1
 1999 183  7  2 22 42 22.700  61.03   255.6 0 -9999.9 1 -9999.9 1   236.2 0   394.2 0   315.3 0   313.1 0   451.8 0   299.7 0   299.7 0    32.1 0   121.6 0 -9999.9 1   -57.6 0 -9999.9 1 -9999.9 1 -9999.9 1 -9999.9 1   161.0 0 -9999.9 1
 1999 183  7  2 22 48 22.800  62.17   382.3 0 -9999.9 1 -9999.9 1   285.1 0   388.7 0   315.0 0   313.1 0   455.0 0   299.5 0   299.6 0    35.9 0   176.6 0 -9999.9 1   -66.3 0 -9999.9 1 -9999.9 1 -9999.9 1 -9999.9 1   151.3 0 -9999.9 1
 1999 183  7  2 22 51 22.850  62.74   367.2 0 -9999.9 1 -9999.9 1   267.3 0   383.1 0   314.8 0   313.1 0   455.3 0   299.3 0   299.5 0    34.5 2   170.0 0 -9999.9 1   -72.2 0 -9999.9 1 -9999.9 1 -9999.9 1 -9999.9 1   157.2 0 -9999.9 1
 1999 183  7  2 22 54 22.900  63.30   340.4 0 -9999.9 1 -9999.9 1   250.3 0   384.9 0   314.9 0   313.0 0   453.9 0   299.5 0   299.6 0    32.4 0   158.7 0 -9999.9 1   -69.0 0 -9999.9 1 -9999.9 1 -9999.9 1 -9999.9 1   151.8 0 -9999.9 1
 1999 183  7  2 22 57 22.950  63.87   344.9 0 -9999.9 1 -9999.9 1   252.3 0   387.0 0   315.0 0   313.1 0   454.2 0   299.6 0   299.8 0    31.9 0   160.8 0 -9999.9 1   -67.2 0 -9999.9 1 -9999.9 1 -9999.9 1 -9999.9 1   158.4 0 -9999.9 1
 1999 183  7  2 23  3 23.050  65.00   200.2 0 -9999.9 1 -9999.9 1   196.5 0   389.0 0   314.9 0   313.0 0   450.9 0   299.7 0   299.7 0    26.2 0    96.5 0 -9999.9 1   -62.0 0 -9999.9 1 -9999.9 1 -9999.9 1 -9999.9 1   173.0 0 -9999.9 1
 1999 183  7  2 23  6 23.100  65.57   204.3 0 -9999.9 1 -9999.9 1   201.1 0   390.5 0   314.7 0   312.7 0   449.7 0   299.5 0   299.5 0    24.6 0    96.9 0 -9999.9 1   -59.2 0 -9999.9 1 -9999.9 1 -9999.9 1 -9999.9 1   162.4 0 -9999.9 1
 1999 183  7  2 23  9 23.150  66.13   229.0 0 -9999.9 1 -9999.9 1   215.1 0   392.7 0   314.5 0   312.5 0   448.8 0   299.3 0   299.3 0    23.8 2   107.5 0 -9999.9 1   -56.1 0 -9999.9 1 -9999.9 1 -9999.9 1 -9999.9 1   168.0 0 -9999.9 1
 1999 183  7  2 23 12 23.200  66.69   270.5 0 -9999.9 1 -9999.9 1   222.4 0   391.9 0   314.3 0   312.6 0   450.4 0   299.2 0   299.2 0    23.5 2   124.2 0 -9999.9 1   -58.6 0 -9999.9 1 -9999.9 1 -9999.9 1 -9999.9 1   170.8 0 -9999.9 1
 1999 183  7  2 23 18 23.300  67.81   168.0 0 -9999.9 1 -9999.9 1   158.2 0   385.7 0   314.2 0   312.2 0   446.1 0   299.0 0   299.0 0    19.2 2    79.6 0 -9999.9 1   -60.4 0 -9999.9 1 -9999.9 1 -9999.9 1 -9999.9 1   183.4 0 -9999.9 1
 1999 183  7  2 23 21 23.350  68.37   134.0 0 -9999.9 1 -9999.9 1   134.9 0   385.7 0   314.0 0   311.8 0   443.9 0   298.9 0   298.8 0    16.8 2    64.6 0 -9999.9 1   -58.3 0 -9999.9 1 -9999.9 1 -9999.9 1 -9999.9 1   181.4 0 -9999.9 1
 1999 183  7  2 23 24 23.400  68.93   187.5 0 -9999.9 1 -9999.9 1   146.5 0   388.8 0   313.8 0   311.8 0   445.4 0   298.7 0   298.8 0    15.7 2    86.6 0 -9999.9 1   -56.7 0 -9999.9 1 -9999.9 1 -9999.9 1 -9999.9 1   183.1 0 -9999.9 1
 1999 183  7  2 23 27 23.450  69.49   220.6 0 -9999.9 1 -9999.9 1   159.3 0   392.2 0   313.8 0   312.2 0   447.7 0   298.7 0   298.7 0    14.9 2    99.6 0 -9999.9 1   -55.5 0 -9999.9 1 -9999.9 1 -9999.9 1 -9999.9 1   184.2 0 -9999.9 1
 1999 183  7  2 23 33 23.550  70.60   217.5 0 -9999.9 1 -9999.9 1   187.1 0   397.0 0   314.0 0   312.2 0   449.3 0   298.9 0   299.0 0    14.7 2   100.4 0 -9999.9 1   -52.3 0 -9999.9 1 -9999.9 1 -9999.9 1 -9999.9 1   187.6 0 -9999.9 1
 1999 183  7  2 23 36 23.600  71.16   257.9 0 -9999.9 1 -9999.9 1   210.3 0   395.9 0   314.2 0   312.5 0   452.5 0   299.0 0   299.2 0    15.4 2   117.5 0 -9999.9 1   -56.5 0 -9999.9 1 -9999.9 1 -9999.9 1 -9999.9 1   178.9 0 -9999.9 1
 1999 183  7  2 23 39 23.650  71.71   317.9 0 -9999.9 1 -9999.9 1   222.8 0   394.0 0   314.2 0   312.7 0   454.1 0   299.1 0   299.3 0    15.6 2   140.4 0 -9999.9 1   -60.1 0 -9999.9 1 -9999.9 1 -9999.9 1 -9999.9 1   175.9 0 -9999.9 1
 1999 183  7  2 23 42 23.700  72.26   313.5 0 -9999.9 1 -9999.9 1   221.8 0   388.7 0   314.3 0   312.7 0   455.1 0   299.1 0   299.3 0    15.6 2   141.5 0 -9999.9 1   -66.4 0 -9999.9 1 -9999.9 1 -9999.9 1 -9999.9 1   173.9 0 -9999.9 1
 1999 183  7  2 23 48 23.800  73.36   261.2 0 -9999.9 1 -9999.9 1   184.4 0   381.0 0   314.4 0   312.5 0   450.7 0   299.2 0   299.3 0    13.4 2   117.6 0 -9999.9 1   -69.7 0 -9999.9 1 -9999.9 1 -9999.9 1 -9999.9 1   174.8 0 -9999.9 1
 1999 183  7  2 23 51 23.850  73.91   201.1 0 -9999.9 1 -9999.9 1   161.0 0   377.0 0   314.4 0   312.6 0   449.2 0   299.2 0   299.2 0    12.4 2    94.5 0 -9999.9 1   -72.2 0 -9999.9 1 -9999.9 1 -9999.9 1 -9999.9 1   173.1 0 -9999.9 1
 1999 183  7  2 23 54 23.900  74.46   124.3 0 -9999.9 1 -9999.9 1   122.4 0   377.9 0   314.4 0   312.3 0   445.3 0   299.2 0   299.1 0    11.4 2    64.6 0 -9999.9 1   -67.4 0 -9999.9 1 -9999.9 1 -9999.9 1 -9999.9 1   170.9 0 -9999.9 1
 1999 183  7  2 23 57 23.950  75.01   165.8 0 -9999.9 1 -9999.9 1   124.3 0   375.7 0   314.3 0   312.5 0   446.3 0   299.1 0   299.1 0    10.7 2    76.4 0 -9999.9 1   -70.5 0 -9999.9 1 -9999.9 1 -9999.9 1 -9999.9 1   169.0 0 -9999.9 1
