 Bondville
   40.05  -88.37  213 m version 1
 1999 172  6 21  0  3  0.050  76.28   134.4 0 -9999.9 1 -9999.9 1   113.6 0   343.5 0   309.2 0   307.4 0   423.7 0   295.5 0   295.5 0     7.0 0    58.4 0 -9999.9 1   -80.2 0 -9999.9 1 -9999.9 1 -9999.9 1 -9999.9 1   135.0 0 -9999.9 1
 1999 172  6 21  0  6  0.100  76.82   129.4 0 -9999.9 1 -9999.9 1   108.8 0   345.0 0   309.2 0   307.3 0   423.6 0   295.5 0   295.5 0     6.6 0    55.9 0 -9999.9 1   -78.6 0 -9999.9 1 -9999.9 1 -9999.9 1 -9999.9 1   133.0 0 -9999.9 1
 1999 172  6 21  0  9  0.150  77.35   124.9 0 -9999.9 1 -9999.9 1   105.9 0   346.5 0   309.2 0   307.2 0   422.9 0   295.5 0   295.5 0     6.1 0    54.0 0 -9999.9 1   -76.4 0 -9999.9 1 -9999.9 1 -9999.9 1 -9999.9 1   133.1 0 -9999.9 1
 1999 172  6 21  0 12  0.200  77.89   116.3 0 -9999.9 1 -9999.9 1    99.7 0   345.4 0   309.1 0   307.2 0   422.5 0   295.5 0   295.5 0     5.7 0    50.6 0 -9999.9 1   -77.1 0 -9999.9 1 -9999.9 1 -9999.9 1 -9999.9 1   138.1 0 -9999.9 1
 1999 172  6 21  0 18  0.300  78.95    95.9 0 -9999.9 1 -9999.9 1    87.5 0   346.9 0   309.0 0   307.0 0   421.1 0   295.5 0   295.4 0     4.7 0    43.0 0 -9999.9 1   -74.1 0 -9999.9 1 -9999.9 1 -9999.9 1 -9999.9 1   135.9 0 -9999.9 1
 1999 172  6 21  0 21  0.350  79.48    87.9 0 -9999.9 1 -9999.9 1    82.7 0   348.5 0   309.0 0   307.0 0   420.7 0   295.4 0   295.4 0     4.3 0    39.5 0 -9999.9 1   -72.2 0 -9999.9 1 -9999.9 1 -9999.9 1 -9999.9 1   137.0 0 -9999.9 1
 1999 172  6 21  0 24  0.400  80.01    82.3 0 -9999.9 1 -9999.9 1    75.5 0   348.0 0   308.8 0   307.1 0   419.2 0   295.3 0   295.3 0     3.8 0    35.7 0 -9999.9 1   -71.2 0 -9999.9 1 -9999.9 1 -9999.9 1 -9999.9 1   132.1 0 -9999.9 1
 1999 172  6 21  0 27  0.450  80.54    80.6 0 -9999.9 1 -9999.9 1    74.1 0   347.4 0   308.7 0   307.0 0   418.2 0   295.1 0   295.1 0     3.4 0    34.5 0 -9999.9 1   -70.8 0 -9999.9 1 -9999.9 1 -9999.9 1 -9999.9 1   137.7 0 -9999.9 1
 1999 172  6 21  0 33  0.550  81.58    75.5 0 -9999.9 1 -9999.9 1    70.2 0   346.5 0   308.5 0   306.9 0   417.5 0   294.9 0   294.9 0     2.8 0    32.5 0 -9999.9 1   -71.0 0 -9999.9 1 -9999.9 1 -9999.9 1 -9999.9 1   136.7 0 -9999.9 1
 1999 172  6 21  0 36  0.600  82.10    67.6 0 -9999.9 1 -9999.9 1    63.9 0   345.2 0   308.5 0   306.8 0   416.4 0   294.9 0   294.9 0     2.5 0    29.7 0 -9999.9 1   -71.3 0 -9999.9 1 -9999.9 1 -9999.9 1 -9999.9 1   134.5 0 -9999.9 1
 1999 172  6 21  0 39  0.650  82.61    59.8 0 -9999.9 1 -9999.9 1    58.2 0   344.8 0   308.5 0   306.8 0   415.8 0   294.9 0   294.9 0     2.3 0    26.8 0 -9999.9 1   -71.0 0 -9999.9 1 -9999.9 1 -9999.9 1 -9999.9 1   135.8 0 -9999.9 1
 1999 172  6 21  0 42  0.700  83.13    52.6 0 -9999.9 1 -9999.9 1    53.1 0   342.9 0   308.4 0   306.7 0   414.2 0   294.8 0   294.7 0     2.1 0    24.3 0 -9999.9 1   -71.3 0 -9999.9 1 -9999.9 1 -9999.9 1 -9999.9 1   141.1 0 -9999.9 1
 1999 172  6 21  0 48  0.800  84.14    42.6 0 -9999.9 1 -9999.9 1    45.6 0   341.4 0   308.3 0   306.7 0   412.6 0   294.7 0   294.6 0     1.6 0    20.2 0 -9999.9 1   -71.3 0 -9999.9 1 -9999.9 1 -9999.9 1 -9999.9 1   149.7 0 -9999.9 1
 1999 172  6 21  0 51  0.850  84.65    36.6 0 -9999.9 1 -9999.9 1    40.1 0   340.1 0   308.3 0   306.6 0   411.9 0   294.7 0   294.6 0     1.4 0    17.1 0 -9999.9 1   -71.8 0 -9999.9 1 -9999.9 1 -9999.9 1 -9999.9 1   151.4 0 -9999.9 1
 1999 172  6 21  0 54  0.900  85.15    31.9 0 -9999.9 1 -9999.9 1    34.6 0   339.1 0   308.3 0   306.6 0   410.5 0   294.6 0   294.5 0     1.2 0    15.6 0 -9999.9 1   -71.4 0 -9999.9 1 -9999.9 1 -9999.9 1 -9999.9 1   147.8 0 -9999.9 1
 1999 172  6 21  0 57  0.950  85.64    28.2 0 -9999.9 1 -9999.9 1    30.9 0   338.2 0   308.2 0   306.5 0   409.4 0   294.6 0   294.5 0     1.1 0    13.8 0 -9999.9 1   -71.2 0 -9999.9 1 -9999.9 1 -9999.9 1 -9999.9 1   144.9 0 -9999.9 1
 1999 172  6 21  1  3  1.050  86.61    20.1 0 -9999.9 1 -9999.9 1    23.7 0   340.4 0   308.1 0   306.4 0   406.9 0   294.4 0   294.3 0     0.8 0     9.9 0 -9999.9 1   -66.5 0 -9999.9 1 -9999.9 1 -9999.9 1 -9999.9 1   146.2 0 -9999.9 1
 1999 172  6 21  1  6  1.100  87.09    16.3 0 -9999.9 1 -9999.9 1    20.4 0   340.5 0   308.0 0   306.3 0   405.4 0   294.3 0   294.2 0     0.7 0     8.4 0 -9999.9 1   -64.9 0 -9999.9 1 -9999.9 1 -9999.9 1 -9999.9 1   148.4 0 -9999.9 1
 1999 172  6 21  1  9  1.150  87.56    12.9 0 -9999.9 1 -9999.9 1    17.5 0   339.4 0   307.9 0   306.2 0   403.2 0   294.2 0   294.1 0     0.6 0     6.9 0 -9999.9 1   -63.8 0 -9999.9 1 -9999.9 1 -9999.9 1 -9999.9 1   150.6 0 -9999.9 1
 1999 172  6 21  1 12  1.200  88.02     9.6 0 -9999.9 1 -9999.9 1    13.9 0   338.6 0   307.6 0   306.0 0   400.9 0   293.9 0   293.8 0     0.5 0     5.6 0 -9999.9 1   -62.3 0 -9999.9 1 -9999.9 1 -9999.9 1 -9999.9 1   152.1 0 -9999.9 1
 1999 172  6 21  1 18  1.300  88.90     4.2 0 -9999.9 1 -9999.9 1     7.7 0   343.6 0   307.5 0   306.0 0   399.3 0   293.8 0   293.7 0     0.3 0     3.2 0 -9999.9 1   -55.7 0 -9999.9 1 -9999.9 1 -9999.9 1 -9999.9 1   158.0 0 -9999.9 1
 1999 172  6 21  1 21  1.350  89.31     2.3 0 -9999.9 1 -9999.9 1     6.1 0   351.7 0   307.5 0   305.9 0   399.7 0   293.8 0   293.7 0     0.2 0     2.4 0 -9999.9 1   -48.0 0 -9999.9 1 -9999.9 1 -9999.9 1 -9999.9 1   162.5 0 -9999.9 1
 1999 172  6 21  1 24  1.400  89.69     1.0 0 -9999.9 1 -9999.9 1     4.6 0   354.4 0   307.4 0   305.9 0   399.2 0   293.7 0   293.6 0     0.2 0     1.8 0 -9999.9 1   -44.7 0 -9999.9 1 -9999.9 1 -9999.9 1 -9999.9 1   161.4 0 -9999.9 1
 1999 172  6 21  1 27  1.450  90.81     0.2 0 -9999.9 1 -9999.9 1     3.4 0   354.0 0   307.3 0   306.0 0   397.8 0   293.4 0   293.3 0     0.0 0     1.3 0 -9999.9 1   -43.9 0 -9999.9 1 -9999.9 1 -9999.9 1 -9999.9 1   158.0 0 -9999.9 1
 1999 172  6 21  1 33  1.550  91.78    -1.2 0 -9999.9 1 -9999.9 1     1.5 0   357.1 0   307.2 0   305.7 0   397.4 0   293.0 0   292.9 0     0.0 0     0.5 0 -9999.9 1   -40.3 0 -9999.9 1 -9999.9 1 -9999.9 1 -9999.9 1   137.4 0 -9999.9 1
 1999 172  6 21  1 36  1.600  92.26    -1.8 0 -9999.9 1 -9999.9 1     0.9 0   362.3 0   307.1 0   305.5 0   398.2 0   292.8 0   292.8 0     0.0 0     0.3 0 -9999.9 1   -35.9 0 -9999.9 1 -9999.9 1 -9999.9 1 -9999.9 1   140.7 0 -9999.9 1
 1999 172  6 21  1 39  1.650  92.73    -2.1 0 -9999.9 1 -9999.9 1     0.7 0   365.1 0   306.9 0   305.3 0   398.6 0   292.7 0   292.6 0     0.0 2     0.2 0 -9999.9 1   -33.5 0 -9999.9 1 -9999.9 1 -9999.9 1 -9999.9 1   146.7 0 -9999.9 1
 1999 172  6 21  1 42  1.700  93.21    -2.3 0 -9999.9 1 -9999.9 1     0.9 0   362.2 0   306.9 0   305.2 0   399.0 0   292.6 0   292.6 0     0.0 2     0.0 0 -9999.9 1   -36.8 0 -9999.9 1 -9999.9 1 -9999.9 1 -9999.9 1   148.5 0 -9999.9 1
 1999 172  6 21  1 48  1.800  94.15    -2.8 0 -9999.9 1 -9999.9 1     0.9 0   348.9 0   306.9 0   305.2 0   398.0 0   292.8 0   292.8 0     0.0 0    -0.1 0 -9999.9 1   -49.1 0 -9999.9 1 -9999.9 1 -9999.9 1 -9999.9 1   150.9 0 -9999.9 1
 1999 172  6 21  1 51  1.850  94.61    -3.1 0 -9999.9 1 -9999.9 1     1.2 0   344.0 0   306.9 0   305.2 0   396.6 0   292.8 0   292.7 0     0.0 0    -0.1 0 -9999.9 1   -52.6 0 -9999.9 1 -9999.9 1 -9999.9 1 -9999.9 1   153.5 0 -9999.9 1
 1999 172  6 21  1 54  1.900  95.07    -3.2 0 -9999.9 1 -9999.9 1     1.4 0   335.9 0   306.8 0   305.1 0   395.3 0   292.8 0   292.7 0     0.0 0    -0.2 0 -9999.9 1   -59.4 0 -9999.9 1 -9999.9 1 -9999.9 1 -9999.9 1   156.0 0 -9999.9 1
 1999 172  6 21  1 57  1.950  95.53    -3.6 0 -9999.9 1 -9999.9 1     1.3 0   331.6 0   306.8 0   305.0 0   393.7 0   292.8 0   292.7 0     0.0 0    -0.2 0 -9999.9 1   -62.1 0 -9999.9 1 -9999.9 1 -9999.9 1 -9999.9 1   158.1 0 -9999.9 1
 1999 172  6 21  2  3  2.050  96.44    -3.5 0 -9999.9 1 -9999.9 1     0.9 0   335.3 0   306.5 0   304.8 0   391.9 0   292.6 0   292.5 0     0.0 0    -0.2 0 -9999.9 1   -56.6 0 -9999.9 1 -9999.9 1 -9999.9 1 -9999.9 1   152.7 0 -9999.9 1
 1999 172  6 21  2  6  2.100  96.89    -3.4 0 -9999.9 1 -9999.9 1     1.0 0   334.4 0   306.4 0   304.7 0   391.4 0   292.6 0   292.5 0     0.0 0    -0.2 0 -9999.9 1   -57.0 0 -9999.9 1 -9999.9 1 -9999.9 1 -9999.9 1   155.9 0 -9999.9 1
 1999 172  6 21  2  9  2.150  97.34    -3.4 0 -9999.9 1 -9999.9 1     1.1 0   329.1 0   306.2 0   304.6 0   390.4 0   292.4 0   292.3 0     0.0 0    -0.2 0 -9999.9 1   -61.3 0 -9999.9 1 -9999.9 1 -9999.9 1 -9999.9 1   156.1 0 -9999.9 1
 1999 172  6 21  2 12  2.200  97.78    -3.4 0 -9999.9 1 -9999.9 1     1.0 0   324.9 0   306.1 0   304.5 0   388.7 0   292.3 0   292.2 0     0.0 2    -0.2 0 -9999.9 1   -63.8 0 -9999.9 1 -9999.9 1 -9999.9 1 -9999.9 1   155.9 0 -9999.9 1
 1999 172  6 21  2 18  2.300  98.66    -3.1 0 -9999.9 1 -9999.9 1     0.7 0   324.7 0   306.0 0   304.5 0   386.6 0   292.2 0   292.1 0     0.0 0    -0.2 0 -9999.9 1   -61.9 0 -9999.9 1 -9999.9 1 -9999.9 1 -9999.9 1   152.5 0 -9999.9 1
 1999 172  6 21  2 21  2.350  99.09    -2.9 0 -9999.9 1 -9999.9 1     0.4 0   325.3 0   306.0 0   304.5 0   385.9 0   292.2 0   292.1 0     0.0 0    -0.2 0 -9999.9 1   -60.6 0 -9999.9 1 -9999.9 1 -9999.9 1 -9999.9 1   148.5 0 -9999.9 1
 1999 172  6 21  2 24  2.400  99.52    -3.0 0 -9999.9 1 -9999.9 1    -0.7 0   322.8 0   306.0 0   304.8 0   385.1 0   292.0 0   291.9 0     0.0 0    -0.2 0 -9999.9 1   -62.3 0 -9999.9 1 -9999.9 1 -9999.9 1 -9999.9 1   133.1 0 -9999.9 1
 1999 172  6 21  2 27  2.450  99.95    -3.1 0 -9999.9 1 -9999.9 1    -1.4 0   325.5 0   305.9 0   304.2 0   385.4 0   291.9 0   291.8 0     0.0 0    -0.2 0 -9999.9 1   -59.9 0 -9999.9 1 -9999.9 1 -9999.9 1 -9999.9 1   119.7 0 -9999.9 1
 1999 172  6 21  2 33  2.550 100.78    -2.8 0 -9999.9 1 -9999.9 1    -1.3 0   327.6 0   305.9 0   304.2 0   386.9 0   291.8 0   291.7 0     0.0 0    -0.2 0 -9999.9 1   -59.2 0 -9999.9 1 -9999.9 1 -9999.9 1 -9999.9 1   134.5 0 -9999.9 1
 1999 172  6 21  2 36  2.600 101.20    -3.0 0 -9999.9 1 -9999.9 1    -1.2 0   328.0 0   305.8 0   304.0 0   386.2 0   291.7 0   291.6 0     0.0 0    -0.2 0 -9999.9 1   -58.2 0 -9999.9 1 -9999.9 1 -9999.9 1 -9999.9 1   134.4 0 -9999.9 1
 1999 172  6 21  2 39  2.650 101.61    -3.1 0 -9999.9 1 -9999.9 1    -1.4 0   326.9 0   305.6 0   303.7 0   385.2 0   291.6 0   291.4 0     0.0 0    -0.2 0 -9999.9 1   -58.3 0 -9999.9 1 -9999.9 1 -9999.9 1 -9999.9 1   123.0 0 -9999.9 1
 1999 172  6 21  2 42  2.700 102.02    -3.2 0 -9999.9 1 -9999.9 1    -1.1 0   326.3 0   305.5 0   303.4 0   385.3 0   291.4 0   291.3 0     0.0 2    -0.2 0 -9999.9 1   -59.0 0 -9999.9 1 -9999.9 1 -9999.9 1 -9999.9 1   110.5 0 -9999.9 1
 1999 172  6 21  2 48  2.800 102.82    -3.3 0 -9999.9 1 -9999.9 1    -1.5 0   325.9 0   305.3 0   303.4 0   386.1 0   291.3 0   291.2 0     0.0 2    -0.2 0 -9999.9 1   -60.2 0 -9999.9 1 -9999.9 1 -9999.9 1 -9999.9 1   119.6 0 -9999.9 1
 1999 172  6 21  2 51  2.850 103.21    -3.5 0 -9999.9 1 -9999.9 1    -1.4 0   325.6 0   305.2 0   303.2 0   385.3 0   291.2 0   291.1 0     0.0 2    -0.2 0 -9999.9 1   -59.8 0 -9999.9 1 -9999.9 1 -9999.9 1 -9999.9 1   120.3 0 -9999.9 1
 1999 172  6 21  2 54  2.900 103.60    -3.6 0 -9999.9 1 -9999.9 1    -1.2 0   324.6 0   305.0 0   303.1 0   385.0 0   291.1 0   291.0 0     0.0 2    -0.1 0 -9999.9 1   -60.4 0 -9999.9 1 -9999.9 1 -9999.9 1 -9999.9 1   118.3 0 -9999.9 1
 1999 172  6 21  2 57  2.950 103.98    -3.5 0 -9999.9 1 -9999.9 1    -1.3 0   325.3 0   305.0 0   303.1 0   385.5 0   291.2 0   291.1 0     0.0 2    -0.2 0 -9999.9 1   -60.2 0 -9999.9 1 -9999.9 1 -9999.9 1 -9999.9 1   120.3 0 -9999.9 1
 1999 172  6 21  3  3  3.050 104.74    -3.4 0 -9999.9 1 -9999.9 1    -1.1 0   323.4 0   304.8 0   303.0 0   383.7 0   291.0 0   290.9 0     0.0 2    -0.1 0 -9999.9 1   -60.3 0 -9999.9 1 -9999.9 1 -9999.9 1 -9999.9 1   121.8 0 -9999.9 1
 1999 172  6 21  3  6  3.100 105.11    -3.5 0 -9999.9 1 -9999.9 1    -1.1 0   325.5 0   304.8 0   303.0 0   383.7 0   291.1 0   291.0 0     0.0 0    -0.2 0 -9999.9 1   -58.3 0 -9999.9 1 -9999.9 1 -9999.9 1 -9999.9 1   115.3 0 -9999.9 1
 1999 172  6 21  3  9  3.150 105.48    -3.5 0 -9999.9 1 -9999.9 1    -0.7 0   326.2 0   304.8 0   302.9 0   383.8 0   291.1 0   290.9 0     0.0 0    -0.2 0 -9999.9 1   -57.6 0 -9999.9 1 -9999.9 1 -9999.9 1 -9999.9 1   101.8 0 -9999.9 1
 1999 172  6 21  3 12  3.200 105.84    -3.6 0 -9999.9 1 -9999.9 1    -0.7 0   324.4 0   304.7 0   302.9 0   384.4 0   290.9 0   290.8 0     0.0 2    -0.2 0 -9999.9 1   -60.0 0 -9999.9 1 -9999.9 1 -9999.9 1 -9999.9 1   101.1 0 -9999.9 1
 1999 172  6 21  3 18  3.300 106.55    -3.5 0 -9999.9 1 -9999.9 1    -0.9 0   323.4 0   304.6 0   302.9 0   383.5 0   290.8 0   290.7 0     0.0 0    -0.1 0 -9999.9 1   -60.1 0 -9999.9 1 -9999.9 1 -9999.9 1 -9999.9 1   115.4 0 -9999.9 1
 1999 172  6 21  3 21  3.350 106.90    -3.5 0 -9999.9 1 -9999.9 1    -1.0 0   324.5 0   304.6 0   302.8 0   383.9 0   290.8 0   290.7 0     0.0 2    -0.1 0 -9999.9 1   -59.4 0 -9999.9 1 -9999.9 1 -9999.9 1 -9999.9 1   115.6 0 -9999.9 1
 1999 172  6 21  3 24  3.400 107.24    -3.4 0 -9999.9 1 -9999.9 1    -1.0 0   324.4 0   304.5 0   302.7 0   383.5 0   290.7 0   290.6 0     0.0 0    -0.1 0 -9999.9 1   -59.0 0 -9999.9 1 -9999.9 1 -9999.9 1 -9999.9 1   112.3 0 -9999.9 1
 1999 172  6 21  3 27  3.450 107.58    -3.3 0 -9999.9 1 -9999.9 1    -0.9 0   324.7 0   304.4 0   302.7 0   383.1 0   290.7 0   290.6 0     0.0 2    -0.1 0 -9999.9 1   -58.4 0 -9999.9 1 -9999.9 1 -9999.9 1 -9999.9 1   110.1 0 -9999.9 1
 1999 172  6 21  3 33  3.550 108.24    -3.5 0 -9999.9 1 -9999.9 1    -0.7 0   327.9 0   304.5 0   302.5 0   384.0 0   290.8 0   290.7 0     0.0 0    -0.2 0 -9999.9 1   -56.1 0 -9999.9 1 -9999.9 1 -9999.9 1 -9999.9 1    97.5 0 -9999.9 1
 1999 172  6 21  3 36  3.600 108.57    -3.5 0 -9999.9 1 -9999.9 1    -0.9 0   327.0 0   304.5 0   302.6 0   384.3 0   290.8 0   290.7 0     0.0 0    -0.2 0 -9999.9 1   -57.3 0 -9999.9 1 -9999.9 1 -9999.9 1 -9999.9 1    95.8 0 -9999.9 1
 1999 172  6 21  3 39  3.650 108.88    -3.5 0 -9999.9 1 -9999.9 1    -1.0 0   325.5 0   304.4 0   302.7 0   383.8 0   290.7 0   290.6 0     0.0 0    -0.2 0 -9999.9 1   -58.3 0 -9999.9 1 -9999.9 1 -9999.9 1 -9999.9 1   103.4 0 -9999.9 1
 1999 172  6 21  3 42  3.700 109.19    -3.4 0 -9999.9 1 -9999.9 1    -0.7 0   325.6 0   304.4 0   302.5 0   383.0 0   290.6 0   290.5 0     0.0 0    -0.2 0 -9999.9 1   -57.5 0 -9999.9 1 -9999.9 1 -9999.9 1 -9999.9 1   102.0 0 -9999.9 1
 1999 172  6 21  3 48  3.800 109.80    -3.5 0 -9999.9 1 -9999.9 1    -1.0 0   324.7 0   304.3 0   302.5 0   384.5 0   290.6 0   290.5 0     0.0 0    -0.2 0 -9999.9 1   -59.8 0 -9999.9 1 -9999.9 1 -9999.9 1 -9999.9 1   103.5 0 -9999.9 1
 1999 172  6 21  3 51  3.850 110.10    -3.5 0 -9999.9 1 -9999.9 1    -0.7 0   323.0 0   304.1 0   302.4 0   382.9 0   290.4 0   290.3 0     0.0 0    -0.2 0 -9999.9 1   -59.8 0 -9999.9 1 -9999.9 1 -9999.9 1 -9999.9 1   108.3 0 -9999.9 1
 1999 172  6 21  3 54  3.900 110.39    -3.7 0 -9999.9 1 -9999.9 1    -0.7 0   322.0 0   304.0 0   302.2 0   382.0 0   290.3 0   290.2 0     0.0 2    -0.2 0 -9999.9 1   -60.0 0 -9999.9 1 -9999.9 1 -9999.9 1 -9999.9 1   111.9 0 -9999.9 1
 1999 172  6 21  3 57  3.950 110.67    -3.6 0 -9999.9 1 -9999.9 1    -0.7 0   321.6 0   303.8 0   302.0 0   382.0 0   290.2 0   290.1 0     0.0 2    -0.2 0 -9999.9 1   -60.3 0 -9999.9 1 -9999.9 1 -9999.9 1 -9999.9 1   109.1 0 -9999.9 1
 1999 172  6 21  4  3  4.050 111.22    -3.5 0 -9999.9 1 -9999.9 1    -0.7 0   318.7 0   303.6 0   301.9 0   380.4 0   289.9 0   289.8 0     0.0 2    -0.2 0 -9999.9 1   -61.7 0 -9999.9 1 -9999.9 1 -9999.9 1 -9999.9 1   109.8 0 -9999.9 1
 1999 172  6 21  4  6  4.100 111.48    -3.7 0 -9999.9 1 -9999.9 1    -0.8 0   319.1 0   303.5 0   301.8 0   379.3 0   289.8 0   289.7 0     0.0 2    -0.1 0 -9999.9 1   -60.2 0 -9999.9 1 -9999.9 1 -9999.9 1 -9999.9 1   110.4 0 -9999.9 1
 1999 172  6 21  4  9  4.150 111.74    -3.5 0 -9999.9 1 -9999.9 1    -0.8 0   320.7 0   303.6 0   301.9 0   379.5 0   289.9 0   289.8 0     0.0 2    -0.3 0 -9999.9 1   -58.8 0 -9999.9 1 -9999.9 1 -9999.9 1 -9999.9 1   108.4 0 -9999.9 1
 1999 172  6 21  4 12  4.200 112.00    -3.5 0 -9999.9 1 -9999.9 1    -0.6 0   320.2 0   303.6 0   302.0 0   379.0 0   289.8 0   289.7 0     0.0 0    -0.1 0 -9999.9 1   -58.9 0 -9999.9 1 -9999.9 1 -9999.9 1 -9999.9 1   109.4 0 -9999.9 1
 1999 172  6 21  4 18  4.300 112.48    -3.4 0 -9999.9 1 -9999.9 1     0.0 0   321.7 0   303.8 0   302.2 0   379.3 0   289.9 0   289.8 0     0.0 0    -0.1 0 -9999.9 1   -57.6 0 -9999.9 1 -9999.9 1 -9999.9 1 -9999.9 1   109.7 0 -9999.9 1
 1999 172  6 21  4 21  4.350 112.72    -3.5 0 -9999.9 1 -9999.9 1     0.1 0   322.2 0   303.8 0   302.1 0   379.7 0   289.8 0   289.7 0     0.0 0    -0.1 0 -9999.9 1   -57.5 0 -9999.9 1 -9999.9 1 -9999.9 1 -9999.9 1   106.5 0 -9999.9 1
 1999 172  6 21  4 24  4.400 112.95    -3.7 0 -9999.9 1 -9999.9 1     0.0 0   321.7 0   303.7 0   302.0 0   379.3 0   289.6 0   289.5 0     0.0 0    -0.1 0 -9999.9 1   -57.5 0 -9999.9 1 -9999.9 1 -9999.9 1 -9999.9 1   104.7 0 -9999.9 1
 1999 172  6 21  4 27  4.450 113.17    -3.7 0 -9999.9 1 -9999.9 1    -0.4 0   321.8 0   303.7 0   301.9 0   379.3 0   289.5 0   289.5 0     0.0 2    -0.2 0 -9999.9 1   -57.5 0 -9999.9 1 -9999.9 1 -9999.9 1 -9999.9 1   105.0 0 -9999.9 1
 1999 172  6 21  4 33  4.550 113.59    -3.6 0 -9999.9 1 -9999.9 1    -0.8 0   320.5 0   303.5 0   301.8 0   379.1 0   289.4 0   289.3 0     0.0 2    -0.2 0 -9999.9 1   -58.6 0 -9999.9 1 -9999.9 1 -9999.9 1 -9999.9 1   111.1 0 -9999.9 1
 1999 172  6 21  4 36  4.600 113.79    -3.6 0 -9999.9 1 -9999.9 1    -0.8 0   319.6 0   303.5 0   301.9 0   378.6 0   289.3 0   289.2 0     0.0 2    -0.2 0 -9999.9 1   -58.9 0 -9999.9 1 -9999.9 1 -9999.9 1 -9999.9 1   112.7 0 -9999.9 1
 1999 172  6 21  4 39  4.650 113.99    -3.7 0 -9999.9 1 -9999.9 1    -0.7 0   320.1 0   303.5 0   301.7 0   379.7 0   289.3 0   289.2 0     0.0 2    -0.2 0 -9999.9 1   -59.6 0 -9999.9 1 -9999.9 1 -9999.9 1 -9999.9 1   115.4 0 -9999.9 1
 1999 172  6 21  4 42  4.700 114.18    -3.6 0 -9999.9 1 -9999.9 1    -0.7 0   320.6 0   303.5 0   301.7 0   381.0 0   289.3 0   289.3 0     0.0 2    -0.2 0 -9999.9 1   -60.3 0 -9999.9 1 -9999.9 1 -9999.9 1 -9999.9 1   113.7 0 -9999.9 1
 1999 172  6 21  4 48  4.800 114.53    -3.6 0 -9999.9 1 -9999.9 1    -0.8 0   321.2 0   303.4 0   301.6 0   381.3 0   289.3 0   289.2 0     0.0 2    -0.2 0 -9999.9 1   -60.0 0 -9999.9 1 -9999.9 1 -9999.9 1 -9999.9 1   111.6 0 -9999.9 1
 1999 172  6 21  4 51  4.850 114.70    -3.7 0 -9999.9 1 -9999.9 1    -0.8 0   321.0 0   303.3 0   301.5 0   381.4 0   289.2 0   289.1 0     0.0 2    -0.2 0 -9999.9 1   -60.4 0 -9999.9 1 -9999.9 1 -9999.9 1 -9999.9 1   110.4 0 -9999.9 1
 1999 172  6 21  4 54  4.900 114.86    -3.6 0 -9999.9 1 -9999.9 1    -0.8 0   320.1 0   303.2 0   301.5 0   381.2 0   289.1 0   289.1 0     0.0 2    -0.2 0 -9999.9 1   -61.1 0 -9999.9 1 -9999.9 1 -9999.9 1 -9999.9 1   110.3 0 -9999.9 1
 1999 172  6 21  4 57  4.950 115.01    -3.7 0 -9999.9 1 -9999.9 1    -0.7 0   319.3 0   303.2 0   301.5 0   379.5 0   289.1 0   289.0 0     0.0 2    -0.2 0 -9999.9 1   -60.2 0 -9999.9 1 -9999.9 1 -9999.9 1 -9999.9 1   109.6 0 -9999.9 1
 1999 172  6 21  5  3  5.050 115.30    -3.6 0 -9999.9 1 -9999.9 1    -0.2 0   321.1 0   303.2 0   301.5 0   378.3 0   289.0 0   289.0 0     0.0 2    -0.2 0 -9999.9 1   -57.1 0 -9999.9 1 -9999.9 1 -9999.9 1 -9999.9 1   109.2 0 -9999.9 1
 1999 172  6 21  5  6  5.100 115.43    -3.6 0 -9999.9 1 -9999.9 1    -0.3 0   325.0 0   303.2 0   301.5 0   378.9 0   289.0 0   289.0 0     0.0 2    -0.2 0 -9999.9 1   -53.9 0 -9999.9 1 -9999.9 1 -9999.9 1 -9999.9 1   109.1 0 -9999.9 1
 1999 172  6 21  5  9  5.150 115.55    -3.5 0 -9999.9 1 -9999.9 1    -0.2 0   329.5 0   303.4 0   301.8 0   379.6 0   289.1 0   289.0 0     0.0 2    -0.2 0 -9999.9 1   -50.1 0 -9999.9 1 -9999.9 1 -9999.9 1 -9999.9 1   110.0 0 -9999.9 1
 1999 172  6 21  5 12  5.200 115.67    -3.4 0 -9999.9 1 -9999.9 1     0.1 0   334.8 0   303.4 0   301.9 0   379.9 0   289.1 0   289.0 0     0.0 2    -0.3 0 -9999.9 1   -45.1 0 -9999.9 1 -9999.9 1 -9999.9 1 -9999.9 1   111.5 0 -9999.9 1
 1999 172  6 21  5 18  5.300 115.88    -3.5 0 -9999.9 1 -9999.9 1     0.4 0   344.7 0   303.5 0   302.3 0   382.4 0   289.0 0   289.0 0     0.0 2    -0.1 0 -9999.9 1   -37.7 0 -9999.9 1 -9999.9 1 -9999.9 1 -9999.9 1   118.7 0 -9999.9 1
 1999 172  6 21  5 21  5.350 115.97    -3.3 0 -9999.9 1 -9999.9 1     0.9 0   347.4 0   303.5 0   302.0 0   383.3 0   289.0 0   288.9 0     0.0 2    -0.3 0 -9999.9 1   -35.9 0 -9999.9 1 -9999.9 1 -9999.9 1 -9999.9 1   120.2 0 -9999.9 1
 1999 172  6 21  5 24  5.400 116.06    -3.2 0 -9999.9 1 -9999.9 1     1.0 0   353.0 0   303.6 0   302.0 0   384.9 0   289.1 0   289.0 0     0.0 0    -0.1 0 -9999.9 1   -31.9 0 -9999.9 1 -9999.9 1 -9999.9 1 -9999.9 1   124.2 0 -9999.9 1
 1999 172  6 21  5 27  5.450 116.14    -3.3 0 -9999.9 1 -9999.9 1     0.8 0   359.4 0   303.6 0   302.1 0   386.0 0   289.0 0   289.0 0     0.0 0    -0.2 0 -9999.9 1   -26.6 0 -9999.9 1 -9999.9 1 -9999.9 1 -9999.9 1   130.4 0 -9999.9 1
 1999 172  6 21  5 33  5.550 116.27    -3.0 0 -9999.9 1 -9999.9 1     0.7 0   364.8 0   303.7 0   302.2 0   388.6 0   289.1 0   289.0 0     0.0 0    -0.2 0 -9999.9 1   -23.8 0 -9999.9 1 -9999.9 1 -9999.9 1 -9999.9 1   129.6 0 -9999.9 1
 1999 172  6 21  5 36  5.600 116.33    -3.2 0 -9999.9 1 -9999.9 1     0.5 0   366.5 0   303.6 0   302.1 0   389.3 0   289.0 0   289.0 0     0.0 0    -0.2 0 -9999.9 1   -22.9 0 -9999.9 1 -9999.9 1 -9999.9 1 -9999.9 1   130.7 0 -9999.9 1
 1999 172  6 21  5 39  5.650 116.38    -3.2 0 -9999.9 1 -9999.9 1     0.5 0   369.0 0   303.7 0   302.1 0   390.6 0   289.1 0   289.1 0     0.0 0    -0.2 0 -9999.9 1   -21.6 0 -9999.9 1 -9999.9 1 -9999.9 1 -9999.9 1   128.9 0 -9999.9 1
 1999 172  6 21  5 42  5.700 116.42    -3.2 0 -9999.9 1 -9999.9 1     0.5 0   369.5 0   303.9 0   302.2 0   391.5 0   289.2 0   289.2 0     0.0 0    -0.2 0 -9999.9 1   -22.0 0 -9999.9 1 -9999.9 1 -9999.9 1 -9999.9 1   125.8 0 -9999.9 1
 1999 172  6 21  5 48  5.800 116.48    -3.5 0 -9999.9 1 -9999.9 1     1.0 0   367.1 0   303.7 0   302.1 0   390.9 0   289.0 0   289.0 0     0.0 2    -0.3 0 -9999.9 1   -23.8 0 -9999.9 1 -9999.9 1 -9999.9 1 -9999.9 1   133.1 0 -9999.9 1
 1999 172  6 21  5 51  5.850 116.50    -3.4 0 -9999.9 1 -9999.9 1     1.1 0   369.6 0   303.8 0   302.3 0   391.7 0   289.1 0   289.1 0     0.0 0    -0.2 0 -9999.9 1   -22.1 0 -9999.9 1 -9999.9 1 -9999.9 1 -9999.9 1   137.4 0 -9999.9 1
 1999 172  6 21  5 54  5.900 116.51    -3.5 0 -9999.9 1 -9999.9 1     1.2 0   369.4 0   303.8 0   302.3 0   391.2 0   289.0 0   288.9 0     0.0 2    -0.1 0 -9999.9 1   -21.8 0 -9999.9 1 -9999.9 1 -9999.9 1 -9999.9 1   141.3 0 -9999.9 1
 1999 172  6 21  5 57  5.950 116.51    -3.3 0 -9999.9 1 -9999.9 1     1.1 0   369.5 0   303.7 0   302.2 0   391.0 0   288.9 0   288.9 0     0.0 2    -0.2 0 -9999.9 1   -21.6 0 -9999.9 1 -9999.9 1 -9999.9 1 -9999.9 1   139.6 0 -9999.9 1
 1999 172  6 21  6  3  6.050 116.49    -3.3 0 -9999.9 1 -9999.9 1     0.7 0   369.5 0   303.8 0   302.2 0   391.5 0   288.9 0   288.9 0     0.0 2    -0.1 0 -9999.9 1   -22.0 0 -9999.9 1 -9999.9 1 -9999.9 1 -9999.9 1   127.6 0 -9999.9 1
 1999 172  6 21  6  6  6.100 116.47    -3.2 0 -9999.9 1 -9999.9 1     0.6 0   369.8 0   303.8 0   302.3 0   392.3 0   289.0 0   288.9 0     0.0 2    -0.2 0 -9999.9 1   -22.5 0 -9999.9 1 -9999.9 1 -9999.9 1 -9999.9 1   121.2 0 -9999.9 1
 1999 172  6 21  6  9  6.150 116.45    -3.4 0 -9999.9 1 -9999.9 1     0.5 0   369.4 0   303.8 0   302.2 0   392.0 0   288.9 0   288.8 0     0.0 2    -0.1 0 -9999.9 1   -22.6 0 -9999.9 1 -9999.9 1 -9999.9 1 -9999.9 1   118.3 0 -9999.9 1
 1999 172  6 21  6 12  6.200 116.41    -3.2 0 -9999.9 1 -9999.9 1     0.6 0   368.6 0   303.8 0   302.2 0   391.5 0   288.8 0   288.8 0     0.0 2    -0.1 0 -9999.9 1   -22.9 0 -9999.9 1 -9999.9 1 -9999.9 1 -9999.9 1   110.8 0 -9999.9 1
 1999 172  6 21  6 18  6.300 116.32    -3.3 0 -9999.9 1 -9999.9 1     1.0 0   368.0 0   303.9 0   302.5 0   391.2 0   288.8 0   288.7 0     0.0 2    -0.2 0 -9999.9 1   -23.2 0 -9999.9 1 -9999.9 1 -9999.9 1 -9999.9 1   109.7 0 -9999.9 1
 1999 172  6 21  6 21  6.350 116.26    -3.2 0 -9999.9 1 -9999.9 1     0.9 0   367.7 0   303.9 0   302.5 0   391.1 0   288.7 0   288.7 0     0.0 2    -0.2 0 -9999.9 1   -23.4 0 -9999.9 1 -9999.9 1 -9999.9 1 -9999.9 1   111.7 0 -9999.9 1
 1999 172  6 21  6 24  6.400 116.19    -3.2 0 -9999.9 1 -9999.9 1     0.8 0   369.0 0   304.0 0   302.6 0   392.0 0   288.8 0   288.8 0     0.0 2    -0.2 0 -9999.9 1   -23.0 0 -9999.9 1 -9999.9 1 -9999.9 1 -9999.9 1   117.5 0 -9999.9 1
 1999 172  6 21  6 27  6.450 116.12    -3.1 0 -9999.9 1 -9999.9 1     0.6 0   368.9 0   304.0 0   302.6 0   392.3 0   288.8 0   288.7 0     0.0 2    -0.2 0 -9999.9 1   -23.3 0 -9999.9 1 -9999.9 1 -9999.9 1 -9999.9 1   121.7 0 -9999.9 1
 1999 172  6 21  6 33  6.550 115.95    -3.2 0 -9999.9 1 -9999.9 1     0.8 0   369.3 0   304.2 0   302.6 0   392.7 0   288.9 0   288.8 0     0.0 2    -0.2 0 -9999.9 1   -23.4 0 -9999.9 1 -9999.9 1 -9999.9 1 -9999.9 1   127.6 0 -9999.9 1
 1999 172  6 21  6 36  6.600 115.85    -3.1 0 -9999.9 1 -9999.9 1     0.7 0   369.9 0   304.2 0   302.6 0   393.0 0   288.9 0   288.9 0     0.0 2    -0.2 0 -9999.9 1   -23.2 0 -9999.9 1 -9999.9 1 -9999.9 1 -9999.9 1   130.6 0 -9999.9 1
 1999 172  6 21  6 39  6.650 115.75    -3.3 0 -9999.9 1 -9999.9 1     0.5 0   369.7 0   304.2 0   302.6 0   392.8 0   288.9 0   288.8 0     0.0 2    -0.1 0 -9999.9 1   -23.1 0 -9999.9 1 -9999.9 1 -9999.9 1 -9999.9 1   128.6 0 -9999.9 1
 1999 172  6 21  6 42  6.700 115.64    -3.3 0 -9999.9 1 -9999.9 1     0.3 0   369.8 0   304.2 0   302.6 0   392.8 0   288.9 0   288.8 0     0.0 2    -0.1 0 -9999.9 1   -23.0 0 -9999.9 1 -9999.9 1 -9999.9 1 -9999.9 1   123.1 0 -9999.9 1
 1999 172  6 21  6 48  6.800 115.39    -3.5 0 -9999.9 1 -9999.9 1     0.2 0   369.4 0   304.4 0   302.7 0   394.0 0   289.1 0   289.1 0     0.0 2    -0.4 0 -9999.9 1   -24.6 0 -9999.9 1 -9999.9 1 -9999.9 1 -9999.9 1   123.0 0 -9999.9 1
 1999 172  6 21  6 51  6.850 115.26    -3.2 0 -9999.9 1 -9999.9 1     0.2 0   366.9 0   304.5 0   302.8 0   394.0 0   289.2 0   289.2 0     0.0 0    -0.1 0 -9999.9 1   -27.1 0 -9999.9 1 -9999.9 1 -9999.9 1 -9999.9 1   126.8 0 -9999.9 1
 1999 172  6 21  6 54  6.900 115.12    -3.4 0 -9999.9 1 -9999.9 1     0.4 0   364.1 0   304.5 0   302.9 0   393.8 0   289.3 0   289.3 0     0.0 0    -0.1 0 -9999.9 1   -29.7 0 -9999.9 1 -9999.9 1 -9999.9 1 -9999.9 1   133.4 0 -9999.9 1
 1999 172  6 21  6 57  6.950 114.97    -3.3 0 -9999.9 1 -9999.9 1     0.9 0   363.6 0   304.6 0   303.0 0   393.6 0   289.4 0   289.3 0     0.0 0    -0.2 0 -9999.9 1   -30.0 0 -9999.9 1 -9999.9 1 -9999.9 1 -9999.9 1   137.6 0 -9999.9 1
 1999 172  6 21  7  3  7.050 114.65    -3.4 0 -9999.9 1 -9999.9 1     0.2 0   365.0 0   304.5 0   302.8 0   393.2 0   289.4 0   289.3 0     0.0 0    -0.2 0 -9999.9 1   -28.2 0 -9999.9 1 -9999.9 1 -9999.9 1 -9999.9 1   131.3 0 -9999.9 1
 1999 172  6 21  7  6  7.100 114.48    -3.3 0 -9999.9 1 -9999.9 1     0.4 0   361.5 0   304.3 0   302.7 0   392.3 0   289.3 0   289.2 0     0.0 0    -0.2 0 -9999.9 1   -30.9 0 -9999.9 1 -9999.9 1 -9999.9 1 -9999.9 1   137.0 0 -9999.9 1
 1999 172  6 21  7  9  7.150 114.31    -3.4 0 -9999.9 1 -9999.9 1     0.7 0   357.8 0   304.3 0   302.7 0   392.1 0   289.3 0   289.3 0     0.0 0    -0.3 0 -9999.9 1   -34.3 0 -9999.9 1 -9999.9 1 -9999.9 1 -9999.9 1   138.6 0 -9999.9 1
 1999 172  6 21  7 12  7.200 114.12    -3.2 0 -9999.9 1 -9999.9 1     0.5 0   351.4 0   304.3 0   302.5 0   391.1 0   289.3 0   289.2 0     0.0 0    -0.1 0 -9999.9 1   -39.7 0 -9999.9 1 -9999.9 1 -9999.9 1 -9999.9 1   135.0 0 -9999.9 1
 1999 172  6 21  7 18  7.300 113.74    -3.4 0 -9999.9 1 -9999.9 1    -0.3 0   342.5 0   304.3 0   302.5 0   389.8 0   289.3 0   289.3 0     0.0 0    -0.2 0 -9999.9 1   -47.3 0 -9999.9 1 -9999.9 1 -9999.9 1 -9999.9 1   127.4 0 -9999.9 1
 1999 172  6 21  7 21  7.350 113.53    -3.4 0 -9999.9 1 -9999.9 1    -0.6 0   337.8 0   304.1 0   302.4 0   388.5 0   289.2 0   289.2 0     0.0 0    -0.1 0 -9999.9 1   -50.7 0 -9999.9 1 -9999.9 1 -9999.9 1 -9999.9 1   126.9 0 -9999.9 1
 1999 172  6 21  7 24  7.400 113.32    -3.5 0 -9999.9 1 -9999.9 1    -0.6 0   336.8 0   304.1 0   302.4 0   387.6 0   289.3 0   289.2 0     0.0 0    -0.2 0 -9999.9 1   -50.8 0 -9999.9 1 -9999.9 1 -9999.9 1 -9999.9 1   122.6 0 -9999.9 1
 1999 172  6 21  7 27  7.450 113.11    -3.2 0 -9999.9 1 -9999.9 1    -0.6 0   339.0 0   304.2 0   302.4 0   387.3 0   289.4 0   289.3 0     0.0 0    -0.2 0 -9999.9 1   -48.3 0 -9999.9 1 -9999.9 1 -9999.9 1 -9999.9 1   114.4 0 -9999.9 1
 1999 172  6 21  7 33  7.550 112.65    -3.2 0 -9999.9 1 -9999.9 1    -0.6 0   340.6 0   304.1 0   302.6 0   386.5 0   289.3 0   289.3 0     0.0 0    -0.2 0 -9999.9 1   -45.9 0 -9999.9 1 -9999.9 1 -9999.9 1 -9999.9 1   123.4 0 -9999.9 1
 1999 172  6 21  7 36  7.600 112.42    -3.1 0 -9999.9 1 -9999.9 1    -0.5 0   338.7 0   304.0 0   302.6 0   385.5 0   289.2 0   289.2 0     0.0 0    -0.2 0 -9999.9 1   -46.8 0 -9999.9 1 -9999.9 1 -9999.9 1 -9999.9 1   124.6 0 -9999.9 1
 1999 172  6 21  7 39  7.650 112.18    -2.9 0 -9999.9 1 -9999.9 1    -0.5 0   338.1 0   304.1 0   302.6 0   385.3 0   289.3 0   289.2 0     0.0 0    -0.2 0 -9999.9 1   -47.2 0 -9999.9 1 -9999.9 1 -9999.9 1 -9999.9 1   122.6 0 -9999.9 1
 1999 172  6 21  7 42  7.700 111.93    -2.8 0 -9999.9 1 -9999.9 1    -0.5 0   339.3 0   304.0 0   302.6 0   384.4 0   289.1 0   289.1 0     0.0 0    -0.1 0 -9999.9 1   -45.1 0 -9999.9 1 -9999.9 1 -9999.9 1 -9999.9 1   127.6 0 -9999.9 1
 1999 172  6 21  7 48  7.800 111.41    -2.6 0 -9999.9 1 -9999.9 1     0.6 0   354.4 0   304.2 0   303.3 0   386.2 0   289.1 0   289.1 0     0.0 0    -0.2 0 -9999.9 1   -31.8 0 -9999.9 1 -9999.9 1 -9999.9 1 -9999.9 1   132.8 0 -9999.9 1
 1999 172  6 21  7 51  7.850 111.14    -2.7 0 -9999.9 1 -9999.9 1     1.2 0   359.5 0   304.2 0   303.2 0   387.7 0   289.1 0   289.1 0     0.0 0    -0.2 0 -9999.9 1   -28.2 0 -9999.9 1 -9999.9 1 -9999.9 1 -9999.9 1   125.0 0 -9999.9 1
 1999 172  6 21  7 54  7.900 110.87    -2.7 0 -9999.9 1 -9999.9 1     1.1 0   359.8 0   304.2 0   303.2 0   387.6 0   289.0 0   288.9 0     0.0 0    -0.2 0 -9999.9 1   -27.8 0 -9999.9 1 -9999.9 1 -9999.9 1 -9999.9 1   120.1 0 -9999.9 1
 1999 172  6 21  7 57  7.950 110.59    -2.7 0 -9999.9 1 -9999.9 1     1.0 0   357.7 0   304.3 0   303.4 0   388.0 0   288.9 0   288.9 0     0.0 0    -0.2 0 -9999.9 1   -30.3 0 -9999.9 1 -9999.9 1 -9999.9 1 -9999.9 1   124.2 0 -9999.9 1
 1999 172  6 21  8  3  8.050 110.01    -2.9 0 -9999.9 1 -9999.9 1     1.0 0   365.0 0   304.5 0   303.2 0   389.0 0   289.0 0   288.9 0     0.0 0    -0.2 0 -9999.9 1   -23.9 0 -9999.9 1 -9999.9 1 -9999.9 1 -9999.9 1   119.5 0 -9999.9 1
 1999 172  6 21  8  6  8.100 109.72    -3.0 0 -9999.9 1 -9999.9 1     1.0 0   368.6 0   304.8 0   303.3 0   390.7 0   289.1 0   289.1 0     0.0 0    -0.2 0 -9999.9 1   -22.1 0 -9999.9 1 -9999.9 1 -9999.9 1 -9999.9 1   114.9 0 -9999.9 1
 1999 172  6 21  8  9  8.150 109.42    -3.0 0 -9999.9 1 -9999.9 1     1.1 0   367.8 0   304.7 0   303.1 0   390.6 0   289.0 0   288.9 0     0.0 0    -0.1 0 -9999.9 1   -22.7 0 -9999.9 1 -9999.9 1 -9999.9 1 -9999.9 1   107.5 0 -9999.9 1
 1999 172  6 21  8 12  8.200 109.11    -3.4 0 -9999.9 1 -9999.9 1     1.0 0   367.7 0   304.7 0   303.0 0   390.4 0   288.9 0   288.8 0     0.0 2    -0.2 0 -9999.9 1   -22.7 0 -9999.9 1 -9999.9 1 -9999.9 1 -9999.9 1    99.1 0 -9999.9 1
 1999 172  6 21  8 18  8.300 108.48    -3.3 0 -9999.9 1 -9999.9 1     0.8 0   367.0 0   304.9 0   303.4 0   391.1 0   289.0 0   288.9 0     0.0 0    -0.2 0 -9999.9 1   -24.1 0 -9999.9 1 -9999.9 1 -9999.9 1 -9999.9 1    95.9 0 -9999.9 1
 1999 172  6 21  8 21  8.350 108.15    -3.0 0 -9999.9 1 -9999.9 1     0.7 0   363.3 0   304.9 0   303.6 0   390.5 0   288.9 0   288.9 0     0.0 0    -0.1 0 -9999.9 1   -27.2 0 -9999.9 1 -9999.9 1 -9999.9 1 -9999.9 1   102.6 0 -9999.9 1
 1999 172  6 21  8 24  8.400 107.82    -3.1 0 -9999.9 1 -9999.9 1     0.5 0   362.5 0   304.8 0   303.4 0   389.9 0   288.8 0   288.7 0     0.0 2    -0.2 0 -9999.9 1   -27.4 0 -9999.9 1 -9999.9 1 -9999.9 1 -9999.9 1   106.7 0 -9999.9 1
 1999 172  6 21  8 27  8.450 107.49    -3.1 0 -9999.9 1 -9999.9 1     0.4 0   364.0 0   305.0 0   303.5 0   390.5 0   288.9 0   288.9 0     0.0 0    -0.2 0 -9999.9 1   -26.5 0 -9999.9 1 -9999.9 1 -9999.9 1 -9999.9 1   114.5 0 -9999.9 1
 1999 172  6 21  8 33  8.550 106.80    -3.2 0 -9999.9 1 -9999.9 1     0.2 0   369.6 0   305.2 0   303.5 0   392.4 0   289.1 0   289.1 0     0.0 0    -0.2 0 -9999.9 1   -22.8 0 -9999.9 1 -9999.9 1 -9999.9 1 -9999.9 1   111.7 0 -9999.9 1
 1999 172  6 21  8 36  8.600 106.46    -3.4 0 -9999.9 1 -9999.9 1     0.1 0   370.2 0   305.1 0   303.4 0   391.7 0   289.0 0   288.9 0     0.0 0    -0.2 0 -9999.9 1   -21.5 0 -9999.9 1 -9999.9 1 -9999.9 1 -9999.9 1   111.8 0 -9999.9 1
 1999 172  6 21  8 39  8.650 106.10    -3.2 0 -9999.9 1 -9999.9 1     0.2 0   371.2 0   305.1 0   303.4 0   392.2 0   289.0 0   288.9 0     0.0 0    -0.1 0 -9999.9 1   -21.0 0 -9999.9 1 -9999.9 1 -9999.9 1 -9999.9 1   111.2 0 -9999.9 1
 1999 172  6 21  8 42  8.700 105.74    -3.4 0 -9999.9 1 -9999.9 1     0.4 0   370.5 0   305.1 0   303.4 0   392.1 0   289.0 0   289.0 0     0.0 0    -0.1 0 -9999.9 1   -21.6 0 -9999.9 1 -9999.9 1 -9999.9 1 -9999.9 1   105.5 0 -9999.9 1
 1999 172  6 21  8 48  8.800 105.01    -3.3 0 -9999.9 1 -9999.9 1     0.1 0   365.1 0   305.0 0   303.1 0   390.4 0   288.8 0   288.7 0     0.0 2    -0.2 0 -9999.9 1   -25.2 0 -9999.9 1 -9999.9 1 -9999.9 1 -9999.9 1   101.3 0 -9999.9 1
 1999 172  6 21  8 51  8.850 104.64    -3.4 0 -9999.9 1 -9999.9 1     0.2 0   362.8 0   304.9 0   303.1 0   390.1 0   288.8 0   288.7 0     0.0 2    -0.1 0 -9999.9 1   -27.3 0 -9999.9 1 -9999.9 1 -9999.9 1 -9999.9 1    99.0 0 -9999.9 1
 1999 172  6 21  8 54  8.900 104.26    -3.4 0 -9999.9 1 -9999.9 1     0.3 0   359.3 0   305.0 0   303.1 0   390.4 0   288.9 0   288.8 0     0.0 0    -0.1 0 -9999.9 1   -31.1 0 -9999.9 1 -9999.9 1 -9999.9 1 -9999.9 1    94.8 0 -9999.9 1
 1999 172  6 21  8 57  8.950 103.88    -3.4 0 -9999.9 1 -9999.9 1     0.4 0   356.8 0   305.0 0   303.2 0   390.1 0   288.9 0   288.9 0     0.0 0    -0.1 0 -9999.9 1   -33.4 0 -9999.9 1 -9999.9 1 -9999.9 1 -9999.9 1    93.9 0 -9999.9 1
 1999 172  6 21  9  3  9.050 103.10    -3.0 0 -9999.9 1 -9999.9 1     0.8 0   363.9 0   304.9 0   303.3 0   390.6 0   288.9 0   288.9 0     0.0 0    -0.1 0 -9999.9 1   -26.6 0 -9999.9 1 -9999.9 1 -9999.9 1 -9999.9 1    89.8 0 -9999.9 1
 1999 172  6 21  9  6  9.100 102.70    -3.4 0 -9999.9 1 -9999.9 1     0.7 0   362.2 0   304.8 0   303.2 0   390.6 0   288.9 0   288.8 0     0.0 0    -0.2 0 -9999.9 1   -28.4 0 -9999.9 1 -9999.9 1 -9999.9 1 -9999.9 1    92.3 0 -9999.9 1
 1999 172  6 21  9  9  9.150 102.31    -3.4 0 -9999.9 1 -9999.9 1     0.5 0   358.0 0   304.7 0   303.0 0   389.7 0   288.8 0   288.7 0     0.0 2    -0.2 0 -9999.9 1   -31.6 0 -9999.9 1 -9999.9 1 -9999.9 1 -9999.9 1    95.8 0 -9999.9 1
 1999 172  6 21  9 12  9.200 101.90    -3.1 0 -9999.9 1 -9999.9 1     0.3 0   357.8 0   304.6 0   303.0 0   389.0 0   288.7 0   288.7 0     0.0 2     0.0 0 -9999.9 1   -31.1 0 -9999.9 1 -9999.9 1 -9999.9 1 -9999.9 1   100.1 0 -9999.9 1
 1999 172  6 21  9 18  9.300 101.08    -2.9 0 -9999.9 1 -9999.9 1     0.6 0   362.3 0   304.6 0   303.3 0   389.1 0   288.8 0   288.7 0     0.0 2    -0.1 0 -9999.9 1   -26.8 0 -9999.9 1 -9999.9 1 -9999.9 1 -9999.9 1    96.6 0 -9999.9 1
 1999 172  6 21  9 21  9.350 100.67    -2.8 0 -9999.9 1 -9999.9 1     1.0 0   366.4 0   304.7 0   303.3 0   390.1 0   288.8 0   288.8 0     0.0 2    -0.1 0 -9999.9 1   -23.8 0 -9999.9 1 -9999.9 1 -9999.9 1 -9999.9 1    90.7 0 -9999.9 1
 1999 172  6 21  9 24  9.400 100.25    -2.6 0 -9999.9 1 -9999.9 1     1.0 0   368.8 0   304.8 0   303.4 0   391.3 0   289.0 0   288.9 0     0.0 0     0.0 0 -9999.9 1   -22.5 0 -9999.9 1 -9999.9 1 -9999.9 1 -9999.9 1    90.4 0 -9999.9 1
 1999 172  6 21  9 27  9.450  99.83    -2.9 0 -9999.9 1 -9999.9 1     0.7 0   369.3 0   304.8 0   303.4 0   391.5 0   288.9 0   288.9 0     0.0 0    -0.2 0 -9999.9 1   -22.2 0 -9999.9 1 -9999.9 1 -9999.9 1 -9999.9 1    92.7 0 -9999.9 1
 1999 172  6 21  9 33  9.550  98.97    -3.2 0 -9999.9 1 -9999.9 1     0.5 0   373.2 0   305.0 0   303.4 0   393.2 0   289.1 0   289.1 0     0.0 0    -0.3 0 -9999.9 1   -20.1 0 -9999.9 1 -9999.9 1 -9999.9 1 -9999.9 1    95.6 0 -9999.9 1
 1999 172  6 21  9 36  9.600  98.54    -3.2 0 -9999.9 1 -9999.9 1     0.3 0   374.0 0   305.1 0   303.3 0   393.6 0   289.2 0   289.1 0     0.0 0    -0.2 0 -9999.9 1   -19.6 0 -9999.9 1 -9999.9 1 -9999.9 1 -9999.9 1   104.0 0 -9999.9 1
 1999 172  6 21  9 39  9.650  98.10    -3.4 0 -9999.9 1 -9999.9 1     0.3 0   371.7 0   305.0 0   303.3 0   392.9 0   289.1 0   289.0 0     0.0 0    -0.4 0 -9999.9 1   -21.2 0 -9999.9 1 -9999.9 1 -9999.9 1 -9999.9 1   115.4 0 -9999.9 1
 1999 172  6 21  9 42  9.700  97.66    -3.0 0 -9999.9 1 -9999.9 1     0.2 0   372.9 0   305.1 0   303.4 0   393.1 0   289.1 0   289.1 0     0.0 0    -0.2 0 -9999.9 1   -20.2 0 -9999.9 1 -9999.9 1 -9999.9 1 -9999.9 1   111.6 0 -9999.9 1
 1999 172  6 21  9 48  9.800  96.77    -3.1 0 -9999.9 1 -9999.9 1     0.2 0   370.7 0   304.9 0   303.3 0   392.5 0   289.0 0   288.9 0     0.0 0    -0.2 0 -9999.9 1   -21.8 0 -9999.9 1 -9999.9 1 -9999.9 1 -9999.9 1   117.5 0 -9999.9 1
 1999 172  6 21  9 51  9.850  96.32    -3.0 0 -9999.9 1 -9999.9 1     0.3 0   370.1 0   304.9 0   303.3 0   392.5 0   289.0 0   288.9 0     0.0 0    -0.2 0 -9999.9 1   -22.4 0 -9999.9 1 -9999.9 1 -9999.9 1 -9999.9 1   120.7 0 -9999.9 1
 1999 172  6 21  9 54  9.900  95.86    -3.0 0 -9999.9 1 -9999.9 1     0.2 0   370.9 0   304.9 0   303.2 0   392.9 0   289.0 0   289.0 0     0.0 0    -0.2 0 -9999.9 1   -22.0 0 -9999.9 1 -9999.9 1 -9999.9 1 -9999.9 1   120.5 0 -9999.9 1
 1999 172  6 21  9 57  9.950  95.41    -3.2 0 -9999.9 1 -9999.9 1     0.3 0   370.2 0   305.0 0   303.2 0   393.1 0   289.1 0   289.0 0     0.0 0    -0.3 0 -9999.9 1   -22.9 0 -9999.9 1 -9999.9 1 -9999.9 1 -9999.9 1   127.0 0 -9999.9 1
 1999 172  6 21 10  3 10.050  94.48    -3.1 0 -9999.9 1 -9999.9 1     0.0 0   369.4 0   304.9 0   303.2 0   392.9 0   289.0 0   289.0 0     0.0 0    -0.1 0 -9999.9 1   -23.5 0 -9999.9 1 -9999.9 1 -9999.9 1 -9999.9 1   118.1 0 -9999.9 1
 1999 172  6 21 10  6 10.100  94.02    -2.9 0 -9999.9 1 -9999.9 1     0.2 0   367.7 0   304.9 0   303.2 0   392.8 0   289.0 0   288.9 0     0.0 0    -0.2 0 -9999.9 1   -25.1 0 -9999.9 1 -9999.9 1 -9999.9 1 -9999.9 1   121.7 0 -9999.9 1
 1999 172  6 21 10  9 10.150  93.55    -2.8 0 -9999.9 1 -9999.9 1     0.4 0   367.1 0   304.8 0   303.1 0   392.5 0   288.9 0   288.9 0     0.0 0    -0.1 0 -9999.9 1   -25.3 0 -9999.9 1 -9999.9 1 -9999.9 1 -9999.9 1   117.9 0 -9999.9 1
 1999 172  6 21 10 12 10.200  93.08    -2.4 0 -9999.9 1 -9999.9 1     0.6 0   364.3 0   304.7 0   303.1 0   392.2 0   288.9 0   288.8 0     0.0 0     0.0 0 -9999.9 1   -27.9 0 -9999.9 1 -9999.9 1 -9999.9 1 -9999.9 1   118.5 0 -9999.9 1
 1999 172  6 21 10 18 10.300  92.12    -2.0 0 -9999.9 1 -9999.9 1     1.1 0   361.6 0   304.6 0   302.9 0   391.4 0   288.8 0   288.8 0     0.0 0     0.3 0 -9999.9 1   -29.9 0 -9999.9 1 -9999.9 1 -9999.9 1 -9999.9 1   120.5 0 -9999.9 1
 1999 172  6 21 10 21 10.350  91.64    -1.7 0 -9999.9 1 -9999.9 1     1.3 0   362.2 0   304.5 0   302.8 0   390.8 0   288.7 0   288.7 0     0.0 0     0.6 0 -9999.9 1   -28.6 0 -9999.9 1 -9999.9 1 -9999.9 1 -9999.9 1   118.3 0 -9999.9 1
 1999 172  6 21 10 24 10.400  91.16    -1.5 0 -9999.9 1 -9999.9 1     1.5 0   364.2 0   304.5 0   302.7 0   391.1 0   288.7 0   288.7 0     0.0 0     0.6 0 -9999.9 1   -26.9 0 -9999.9 1 -9999.9 1 -9999.9 1 -9999.9 1   115.7 0 -9999.9 1
 1999 172  6 21 10 27 10.450  89.94    -1.0 0 -9999.9 1 -9999.9 1     2.1 0   364.8 0   304.5 0   302.8 0   391.5 0   288.8 0   288.8 0     0.0 0     1.0 0 -9999.9 1   -26.8 0 -9999.9 1 -9999.9 1 -9999.9 1 -9999.9 1   107.5 0 -9999.9 1
 1999 172  6 21 10 33 10.550  89.19     0.6 0 -9999.9 1 -9999.9 1     5.6 0   363.6 0   304.5 0   302.4 0   391.7 0   288.8 0   288.7 0     0.2 0     1.7 0 -9999.9 1   -28.1 0 -9999.9 1 -9999.9 1 -9999.9 1 -9999.9 1    86.9 0 -9999.9 1
 1999 172  6 21 10 36 10.600  88.78     1.4 0 -9999.9 1 -9999.9 1     7.0 0   356.9 0   304.4 0   302.4 0   390.7 0   288.7 0   288.6 0     0.2 0     2.3 0 -9999.9 1   -33.8 0 -9999.9 1 -9999.9 1 -9999.9 1 -9999.9 1    89.2 0 -9999.9 1
 1999 172  6 21 10 39 10.650  88.34     3.5 0 -9999.9 1 -9999.9 1     8.3 0   352.5 0   304.4 0   302.6 0   390.7 0   288.8 0   288.7 0     0.3 0     3.2 0 -9999.9 1   -38.2 0 -9999.9 1 -9999.9 1 -9999.9 1 -9999.9 1    90.4 0 -9999.9 1
 1999 172  6 21 10 42 10.700  87.89     5.9 0 -9999.9 1 -9999.9 1    10.6 0   350.2 0   304.3 0   302.7 0   390.1 0   288.7 0   288.7 0     0.4 0     4.2 0 -9999.9 1   -39.9 0 -9999.9 1 -9999.9 1 -9999.9 1 -9999.9 1    93.5 0 -9999.9 1
 1999 172  6 21 10 48 10.800  86.96     9.0 0 -9999.9 1 -9999.9 1    13.6 0   351.4 0   304.2 0   302.8 0   390.1 0   288.7 0   288.7 0     0.6 0     5.8 0 -9999.9 1   -38.7 0 -9999.9 1 -9999.9 1 -9999.9 1 -9999.9 1    85.2 0 -9999.9 1
 1999 172  6 21 10 51 10.850  86.48    12.5 0 -9999.9 1 -9999.9 1    17.3 0   348.3 0   304.3 0   302.6 0   390.4 0   288.7 0   288.7 0     0.7 0     7.2 0 -9999.9 1   -42.2 0 -9999.9 1 -9999.9 1 -9999.9 1 -9999.9 1    83.1 0 -9999.9 1
 1999 172  6 21 10 54 10.900  85.99    19.3 0 -9999.9 1 -9999.9 1    23.7 0   346.7 0   304.3 0   302.8 0   390.9 0   288.8 0   288.7 0     0.8 0     9.8 0 -9999.9 1   -44.1 0 -9999.9 1 -9999.9 1 -9999.9 1 -9999.9 1    91.7 0 -9999.9 1
 1999 172  6 21 10 57 10.950  85.50    23.4 0 -9999.9 1 -9999.9 1    27.3 0   347.3 0   304.3 0   302.8 0   391.3 0   288.8 0   288.8 0     0.9 0    11.7 0 -9999.9 1   -44.1 0 -9999.9 1 -9999.9 1 -9999.9 1 -9999.9 1    99.3 0 -9999.9 1
 1999 172  6 21 11  3 11.050  84.51    32.7 0 -9999.9 1 -9999.9 1    35.7 0   337.5 0   304.2 0   302.8 0   390.7 0   288.7 0   288.7 0     1.3 0    16.0 0 -9999.9 1   -53.2 0 -9999.9 1 -9999.9 1 -9999.9 1 -9999.9 1   101.6 0 -9999.9 1
 1999 172  6 21 11  6 11.100  84.00    37.6 0 -9999.9 1 -9999.9 1    40.0 0   332.8 0   304.3 0   302.8 0   390.7 0   288.7 0   288.7 0     1.6 0    18.2 0 -9999.9 1   -57.8 0 -9999.9 1 -9999.9 1 -9999.9 1 -9999.9 1   109.9 0 -9999.9 1
 1999 172  6 21 11  9 11.150  83.49    40.9 0 -9999.9 1 -9999.9 1    44.3 0   331.0 0   304.3 0   302.7 0   390.5 0   288.7 0   288.7 0     1.8 0    20.4 0 -9999.9 1   -59.6 0 -9999.9 1 -9999.9 1 -9999.9 1 -9999.9 1    95.8 0 -9999.9 1
 1999 172  6 21 11 12 11.200  82.98    41.9 0 -9999.9 1 -9999.9 1    45.6 0   327.9 0   304.3 0   302.8 0   390.3 0   288.7 0   288.6 0     2.1 0    21.5 0 -9999.9 1   -62.4 0 -9999.9 1 -9999.9 1 -9999.9 1 -9999.9 1    94.7 0 -9999.9 1
 1999 172  6 21 11 18 11.300  81.95    48.4 0 -9999.9 1 -9999.9 1    52.0 0   327.5 0   304.4 0   302.8 0   390.5 0   288.7 0   288.7 0     2.6 0    25.0 0 -9999.9 1   -63.0 0 -9999.9 1 -9999.9 1 -9999.9 1 -9999.9 1    91.4 0 -9999.9 1
 1999 172  6 21 11 21 11.350  81.43    57.7 0 -9999.9 1 -9999.9 1    61.2 0   329.7 0   304.6 0   303.1 0   392.3 0   288.8 0   288.8 0     2.9 0    29.1 0 -9999.9 1   -62.6 0 -9999.9 1 -9999.9 1 -9999.9 1 -9999.9 1    90.9 0 -9999.9 1
 1999 172  6 21 11 24 11.400  80.91    67.1 0 -9999.9 1 -9999.9 1    69.9 0   330.4 0   304.7 0   303.1 0   393.7 0   288.9 0   288.9 0     3.2 0    33.1 0 -9999.9 1   -63.3 0 -9999.9 1 -9999.9 1 -9999.9 1 -9999.9 1   108.1 0 -9999.9 1
 1999 172  6 21 11 27 11.450  80.39    80.8 0 -9999.9 1 -9999.9 1    83.6 0   334.8 0   304.7 0   303.2 0   394.9 0   288.8 0   288.8 0     3.5 0    38.7 0 -9999.9 1   -60.1 0 -9999.9 1 -9999.9 1 -9999.9 1 -9999.9 1    95.4 0 -9999.9 1
 1999 172  6 21 11 33 11.550  79.34   114.3 0 -9999.9 1 -9999.9 1   112.4 0   352.0 0   304.9 0   303.6 0   401.0 0   289.0 0   289.0 0     3.9 0    49.8 0 -9999.9 1   -49.0 0 -9999.9 1 -9999.9 1 -9999.9 1 -9999.9 1    98.7 0 -9999.9 1
 1999 172  6 21 11 36 11.600  78.81   102.0 0 -9999.9 1 -9999.9 1   103.0 0   354.7 0   305.1 0   303.8 0   402.1 0   289.1 0   289.2 0     4.1 0    45.5 0 -9999.9 1   -47.5 0 -9999.9 1 -9999.9 1 -9999.9 1 -9999.9 1    90.1 0 -9999.9 1
 1999 172  6 21 11 39 11.650  78.27    88.1 0 -9999.9 1 -9999.9 1    92.1 0   356.5 0   305.3 0   303.7 0   401.9 0   289.3 0   289.3 0     4.4 0    40.7 0 -9999.9 1   -45.4 0 -9999.9 1 -9999.9 1 -9999.9 1 -9999.9 1    75.7 0 -9999.9 1
 1999 172  6 21 11 42 11.700  77.74    86.7 0 -9999.9 1 -9999.9 1    91.0 0   357.8 0   305.4 0   303.8 0   402.0 0   289.4 0   289.4 0     4.7 0    40.7 0 -9999.9 1   -44.2 0 -9999.9 1 -9999.9 1 -9999.9 1 -9999.9 1    60.1 0 -9999.9 1
 1999 172  6 21 11 48 11.800  76.67    94.2 0 -9999.9 1 -9999.9 1    98.5 0   357.2 0   305.5 0   303.8 0   402.2 0   289.5 0   289.5 0     5.5 0    44.2 0 -9999.9 1   -45.0 0 -9999.9 1 -9999.9 1 -9999.9 1 -9999.9 1    70.3 0 -9999.9 1
 1999 172  6 21 11 51 11.850  76.13   103.9 0 -9999.9 1 -9999.9 1   108.8 0   358.3 0   305.4 0   303.7 0   402.0 0   289.4 0   289.4 0     5.8 0    48.4 0 -9999.9 1   -43.8 0 -9999.9 1 -9999.9 1 -9999.9 1 -9999.9 1    82.3 0 -9999.9 1
 1999 172  6 21 11 54 11.900  75.59   109.3 0 -9999.9 1 -9999.9 1   115.4 0   362.7 0   305.5 0   303.7 0   402.8 0   289.5 0   289.6 0     6.2 0    51.1 0 -9999.9 1   -40.1 0 -9999.9 1 -9999.9 1 -9999.9 1 -9999.9 1    80.2 0 -9999.9 1
 1999 172  6 21 11 57 11.950  75.05   111.0 0 -9999.9 1 -9999.9 1   117.1 0   365.0 0   305.6 0   303.8 0   404.2 0   289.7 0   289.7 0     6.5 0    52.3 0 -9999.9 1   -39.2 0 -9999.9 1 -9999.9 1 -9999.9 1 -9999.9 1    80.8 0 -9999.9 1
 1999 172  6 21 12  3 12.050  73.96   113.5 0 -9999.9 1 -9999.9 1   117.4 0   363.6 0   305.8 0   304.0 0   406.1 0   290.0 0   290.1 0     7.7 0    53.8 0 -9999.9 1   -42.5 0 -9999.9 1 -9999.9 1 -9999.9 1 -9999.9 1    85.3 0 -9999.9 1
 1999 172  6 21 12  6 12.100  73.41   109.2 0 -9999.9 1 -9999.9 1   114.0 0   359.3 0   305.8 0   304.1 0   406.3 0   290.1 0   290.2 0     8.3 0    52.9 0 -9999.9 1   -47.0 0 -9999.9 1 -9999.9 1 -9999.9 1 -9999.9 1    88.3 0 -9999.9 1
 1999 172  6 21 12  9 12.150  72.86   107.2 0 -9999.9 1 -9999.9 1   112.4 0   354.7 0   305.8 0   304.0 0   406.4 0   290.3 0   290.3 0     9.0 0    52.4 0 -9999.9 1   -51.7 0 -9999.9 1 -9999.9 1 -9999.9 1 -9999.9 1    95.3 0 -9999.9 1
 1999 172  6 21 12 12 12.200  72.31   102.6 0 -9999.9 1 -9999.9 1   107.6 0   345.0 0   305.6 0   303.9 0   404.8 0   290.2 0   290.2 0     9.8 0    51.0 0 -9999.9 1   -59.8 0 -9999.9 1 -9999.9 1 -9999.9 1 -9999.9 1   103.4 0 -9999.9 1
 1999 172  6 21 12 18 12.300  71.21   124.5 0 -9999.9 1 -9999.9 1   113.0 0   331.1 0   305.5 0   303.9 0   403.8 0   290.3 0   290.3 0    11.6 0    59.6 0 -9999.9 1   -72.8 0 -9999.9 1 -9999.9 1 -9999.9 1 -9999.9 1   121.7 0 -9999.9 1
 1999 172  6 21 12 21 12.350  70.66   126.5 0 -9999.9 1 -9999.9 1   125.6 0   330.0 0   305.6 0   303.9 0   405.3 0   290.4 0   290.4 0    12.5 0    65.5 0 -9999.9 1   -75.3 0 -9999.9 1 -9999.9 1 -9999.9 1 -9999.9 1   120.3 0 -9999.9 1
 1999 172  6 21 12 24 12.400  70.10   137.9 0 -9999.9 1 -9999.9 1   135.1 0   331.1 0   305.6 0   303.9 0   405.6 0   290.5 0   290.5 0    13.1 0    72.0 0 -9999.9 1   -74.5 0 -9999.9 1 -9999.9 1 -9999.9 1 -9999.9 1   114.8 0 -9999.9 1
 1999 172  6 21 12 27 12.450  69.55   168.8 0 -9999.9 1 -9999.9 1   140.0 0   329.1 0   305.5 0   303.9 0   406.7 0   290.4 0   290.5 0    14.2 0    79.5 0 -9999.9 1   -77.6 0 -9999.9 1 -9999.9 1 -9999.9 1 -9999.9 1   114.5 0 -9999.9 1
 1999 172  6 21 12 33 12.550  68.44   203.3 0 -9999.9 1 -9999.9 1   153.6 0   327.3 0   305.5 0   303.9 0   408.9 0   290.4 0   290.6 0    16.5 0    92.4 0 -9999.9 1   -81.6 0 -9999.9 1 -9999.9 1 -9999.9 1 -9999.9 1   128.8 0 -9999.9 1
 1999 172  6 21 12 36 12.600  67.88   222.4 0 -9999.9 1 -9999.9 1   165.4 0   326.5 0   305.5 0   304.0 0   410.3 0   290.5 0   290.6 0    17.5 0   101.9 0 -9999.9 1   -83.8 0 -9999.9 1 -9999.9 1 -9999.9 1 -9999.9 1   134.4 0 -9999.9 1
 1999 172  6 21 12 39 12.650  67.32   236.0 0 -9999.9 1 -9999.9 1   173.0 0   326.1 0   305.7 0   304.2 0   412.4 0   290.7 0   290.8 0    18.8 0   107.8 0 -9999.9 1   -86.3 0 -9999.9 1 -9999.9 1 -9999.9 1 -9999.9 1   132.7 0 -9999.9 1
 1999 172  6 21 12 42 12.700  66.76   244.4 0 -9999.9 1 -9999.9 1   180.2 0   324.4 0   305.6 0   304.1 0   411.3 0   290.6 0   290.7 0    20.0 0   112.2 0 -9999.9 1   -86.8 0 -9999.9 1 -9999.9 1 -9999.9 1 -9999.9 1   131.2 0 -9999.9 1
 1999 172  6 21 12 48 12.800  65.63   283.8 0 -9999.9 1 -9999.9 1   198.9 0   323.3 0   305.7 0   304.2 0   412.3 0   290.7 0   290.9 0    21.9 2   128.0 0 -9999.9 1   -89.0 0 -9999.9 1 -9999.9 1 -9999.9 1 -9999.9 1   130.5 0 -9999.9 1
 1999 172  6 21 12 51 12.850  65.07   293.5 0 -9999.9 1 -9999.9 1   203.0 0   323.2 0   305.8 0   304.2 0   413.0 0   290.8 0   291.0 0    22.8 2   132.6 0 -9999.9 1   -89.8 0 -9999.9 1 -9999.9 1 -9999.9 1 -9999.9 1   121.9 0 -9999.9 1
 1999 172  6 21 12 54 12.900  64.51   294.5 0 -9999.9 1 -9999.9 1   199.7 0   325.6 0   306.1 0   304.5 0   414.9 0   291.1 0   291.3 0    23.9 2   133.4 0 -9999.9 1   -89.2 0 -9999.9 1 -9999.9 1 -9999.9 1 -9999.9 1   113.9 0 -9999.9 1
 1999 172  6 21 12 57 12.950  63.94   299.7 0 -9999.9 1 -9999.9 1   202.1 0   326.8 0   306.4 0   305.0 0   415.8 0   291.4 0   291.5 0    25.1 0   136.0 0 -9999.9 1   -89.1 0 -9999.9 1 -9999.9 1 -9999.9 1 -9999.9 1   114.0 0 -9999.9 1
 1999 172  6 21 13  3 13.050  62.81   337.5 0 -9999.9 1 -9999.9 1   221.9 0   328.7 0   306.9 0   305.4 0   419.5 0   291.8 0   292.0 0    27.7 0   153.4 0 -9999.9 1   -90.7 0 -9999.9 1 -9999.9 1 -9999.9 1 -9999.9 1   122.0 0 -9999.9 1
 1999 172  6 21 13  6 13.100  62.24   352.9 0 -9999.9 1 -9999.9 1   224.5 0   329.6 0   307.1 0   305.7 0   421.7 0   292.0 0   292.2 0    28.6 0   159.3 0 -9999.9 1   -92.1 0 -9999.9 1 -9999.9 1 -9999.9 1 -9999.9 1   133.6 0 -9999.9 1
 1999 172  6 21 13  9 13.150  61.68   352.9 0 -9999.9 1 -9999.9 1   225.0 0   328.9 0   307.3 0   306.0 0   422.5 0   292.1 0   292.3 0    30.1 0   160.5 0 -9999.9 1   -93.6 0 -9999.9 1 -9999.9 1 -9999.9 1 -9999.9 1   131.2 0 -9999.9 1
 1999 172  6 21 13 12 13.200  61.11   377.4 0 -9999.9 1 -9999.9 1   229.3 0   329.7 0   307.5 0   306.1 0   424.9 0   292.3 0   292.5 0    31.9 0   170.1 0 -9999.9 1   -95.2 0 -9999.9 1 -9999.9 1 -9999.9 1 -9999.9 1   121.1 0 -9999.9 1
 1999 172  6 21 13 18 13.300  59.97   409.5 0 -9999.9 1 -9999.9 1   236.0 0   332.5 0   308.1 0   306.9 0   428.9 0   292.8 0   293.1 0    35.4 0   184.8 0 -9999.9 1   -96.4 0 -9999.9 1 -9999.9 1 -9999.9 1 -9999.9 1   125.8 0 -9999.9 1
 1999 172  6 21 13 21 13.350  59.40   422.6 0 -9999.9 1 -9999.9 1   238.8 0   333.9 0   308.4 0   307.1 0   429.5 0   293.1 0   293.3 0    37.0 0   191.4 0 -9999.9 1   -95.6 0 -9999.9 1 -9999.9 1 -9999.9 1 -9999.9 1   117.2 0 -9999.9 1
 1999 172  6 21 13 24 13.400  58.83   445.0 0 -9999.9 1 -9999.9 1   244.1 0   335.2 0   308.7 0   307.4 0   432.2 0   293.3 0   293.5 0    38.9 0   201.9 0 -9999.9 1   -97.1 0 -9999.9 1 -9999.9 1 -9999.9 1 -9999.9 1   124.7 0 -9999.9 1
 1999 172  6 21 13 27 13.450  58.26   450.1 0 -9999.9 1 -9999.9 1   244.7 0   334.2 0   309.0 0   307.8 0   434.6 0   293.5 0   293.7 0    40.3 0   204.3 0 -9999.9 1  -100.4 0 -9999.9 1 -9999.9 1 -9999.9 1 -9999.9 1   129.1 0 -9999.9 1
 1999 172  6 21 13 33 13.550  57.12   466.7 0 -9999.9 1 -9999.9 1   248.3 0   328.9 0   309.3 0   308.2 0   435.9 0   293.7 0   293.9 0    43.5 0   211.9 0 -9999.9 1  -107.1 0 -9999.9 1 -9999.9 1 -9999.9 1 -9999.9 1   137.4 0 -9999.9 1
 1999 172  6 21 13 36 13.600  56.54   479.8 0 -9999.9 1 -9999.9 1   251.9 0   327.4 0   309.5 0   308.3 0   436.0 0   293.8 0   294.0 0    45.6 0   217.8 0 -9999.9 1  -108.6 0 -9999.9 1 -9999.9 1 -9999.9 1 -9999.9 1   138.9 0 -9999.9 1
 1999 172  6 21 13 39 13.650  55.97   491.9 0 -9999.9 1 -9999.9 1   253.6 0   326.5 0   309.7 0   308.7 0   437.1 0   294.0 0   294.2 0    47.8 0   223.5 0 -9999.9 1  -110.6 0 -9999.9 1 -9999.9 1 -9999.9 1 -9999.9 1   130.2 0 -9999.9 1
 1999 172  6 21 13 42 13.700  55.40   503.4 0 -9999.9 1 -9999.9 1   256.4 0   328.1 0   310.0 0   308.7 0   438.3 0   294.2 0   294.4 0    50.1 0   228.8 0 -9999.9 1  -110.2 0 -9999.9 1 -9999.9 1 -9999.9 1 -9999.9 1   129.2 0 -9999.9 1
 1999 172  6 21 13 48 13.800  54.25   527.2 0 -9999.9 1 -9999.9 1   261.7 0   331.0 0   310.6 0   309.2 0   440.4 0   294.6 0   294.8 0    54.1 0   240.4 0 -9999.9 1  -109.4 0 -9999.9 1 -9999.9 1 -9999.9 1 -9999.9 1   138.9 0 -9999.9 1
 1999 172  6 21 13 51 13.850  53.68   536.7 0 -9999.9 1 -9999.9 1   262.5 0   332.4 0   310.8 0   309.5 0   441.7 0   294.8 0   295.0 0    55.9 0   244.6 0 -9999.9 1  -109.4 0 -9999.9 1 -9999.9 1 -9999.9 1 -9999.9 1   151.1 0 -9999.9 1
 1999 172  6 21 13 54 13.900  53.11   545.5 0 -9999.9 1 -9999.9 1   265.7 0   331.7 0   311.1 0   309.8 0   441.9 0   295.0 0   295.3 0    57.6 0   248.7 0 -9999.9 1  -110.1 0 -9999.9 1 -9999.9 1 -9999.9 1 -9999.9 1   157.8 0 -9999.9 1
 1999 172  6 21 13 57 13.950  52.53   552.3 0 -9999.9 1 -9999.9 1   269.1 0   332.9 0   311.3 0   309.8 0   442.2 0   295.1 0   295.4 0    59.7 0   251.5 0 -9999.9 1  -109.3 0 -9999.9 1 -9999.9 1 -9999.9 1 -9999.9 1   158.2 0 -9999.9 1
 1999 172  6 21 14  3 14.050  51.39   571.9 0 -9999.9 1 -9999.9 1   276.4 0   334.8 0   311.7 0   310.3 0   444.5 0   295.4 0   295.7 0    63.6 0   259.6 0 -9999.9 1  -109.7 0 -9999.9 1 -9999.9 1 -9999.9 1 -9999.9 1   156.0 0 -9999.9 1
 1999 172  6 21 14  6 14.100  50.81   578.6 0 -9999.9 1 -9999.9 1   280.9 0   335.0 0   311.9 0   310.5 0   447.3 0   295.5 0   295.8 0    65.4 0   262.8 0 -9999.9 1  -112.3 0 -9999.9 1 -9999.9 1 -9999.9 1 -9999.9 1   153.7 0 -9999.9 1
 1999 172  6 21 14  9 14.150  50.24   593.0 0 -9999.9 1 -9999.9 1   281.5 0   334.4 0   312.1 0   311.0 0   448.8 0   295.7 0   296.0 0    67.9 0   269.7 0 -9999.9 1  -114.4 0 -9999.9 1 -9999.9 1 -9999.9 1 -9999.9 1   164.8 0 -9999.9 1
 1999 172  6 21 14 12 14.200  49.67   602.6 0 -9999.9 1 -9999.9 1   284.8 0   334.6 0   312.3 0   311.1 0   449.1 0   295.9 0   296.1 0    70.4 0   274.1 0 -9999.9 1  -114.5 0 -9999.9 1 -9999.9 1 -9999.9 1 -9999.9 1   157.2 0 -9999.9 1
 1999 172  6 21 14 18 14.300  48.52   620.3 0 -9999.9 1 -9999.9 1   291.7 0   336.1 0   312.8 0   311.5 0   449.8 0   296.2 0   296.5 0    75.0 0   282.9 0 -9999.9 1  -113.7 0 -9999.9 1 -9999.9 1 -9999.9 1 -9999.9 1   165.8 0 -9999.9 1
 1999 172  6 21 14 21 14.350  47.95   628.7 0 -9999.9 1 -9999.9 1   295.2 0   334.6 0   313.1 0   311.9 0   451.5 0   296.3 0   296.6 0    77.0 0   286.7 0 -9999.9 1  -116.9 0 -9999.9 1 -9999.9 1 -9999.9 1 -9999.9 1   181.1 0 -9999.9 1
 1999 172  6 21 14 24 14.400  47.37   641.8 0 -9999.9 1 -9999.9 1   300.6 0   334.2 0   313.2 0   312.1 0   451.3 0   296.3 0   296.6 0    79.2 0   292.7 0 -9999.9 1  -117.1 0 -9999.9 1 -9999.9 1 -9999.9 1 -9999.9 1   183.4 0 -9999.9 1
 1999 172  6 21 14 27 14.450  46.80   646.7 0 -9999.9 1 -9999.9 1   304.4 0   333.8 0   313.5 0   312.5 0   451.6 0   296.4 0   296.7 0    81.2 0   294.8 0 -9999.9 1  -117.8 0 -9999.9 1 -9999.9 1 -9999.9 1 -9999.9 1   201.5 0 -9999.9 1
 1999 172  6 21 14 33 14.550  45.66   651.3 0 -9999.9 1 -9999.9 1   299.0 0   335.7 0   314.1 0   313.0 0   452.5 0   296.7 0   296.9 0    85.2 0   295.8 0 -9999.9 1  -116.8 0 -9999.9 1 -9999.9 1 -9999.9 1 -9999.9 1   193.5 0 -9999.9 1
 1999 172  6 21 14 36 14.600  45.09   657.6 0 -9999.9 1 -9999.9 1   299.1 0   334.9 0   314.4 0   313.2 0   451.8 0   296.8 0   297.0 0    87.5 0   299.2 0 -9999.9 1  -116.9 0 -9999.9 1 -9999.9 1 -9999.9 1 -9999.9 1   193.3 0 -9999.9 1
 1999 172  6 21 14 39 14.650  44.52   672.6 0 -9999.9 1 -9999.9 1   304.9 0   336.3 0   314.7 0   313.5 0   453.2 0   296.9 0   297.2 0    90.3 0   306.3 0 -9999.9 1  -116.9 0 -9999.9 1 -9999.9 1 -9999.9 1 -9999.9 1   197.4 0 -9999.9 1
 1999 172  6 21 14 42 14.700  43.95   688.5 0 -9999.9 1 -9999.9 1   312.9 0   334.8 0   314.8 0   313.5 0   453.7 0   296.9 0   297.1 0    92.5 0   312.1 0 -9999.9 1  -119.0 0 -9999.9 1 -9999.9 1 -9999.9 1 -9999.9 1   201.6 0 -9999.9 1
 1999 172  6 21 14 48 14.800  42.81   711.2 0 -9999.9 1 -9999.9 1   319.1 0   336.4 0   315.2 0   314.0 0   457.5 0   297.1 0   297.4 0    98.3 0   322.3 0 -9999.9 1  -121.1 0 -9999.9 1 -9999.9 1 -9999.9 1 -9999.9 1   192.7 0 -9999.9 1
 1999 172  6 21 14 51 14.850  42.24   712.7 0 -9999.9 1 -9999.9 1   320.3 0   335.7 0   315.4 0   314.5 0   459.4 0   297.3 0   297.5 0   100.4 0   322.4 0 -9999.9 1  -123.8 0 -9999.9 1 -9999.9 1 -9999.9 1 -9999.9 1   199.6 0 -9999.9 1
 1999 172  6 21 14 54 14.900  41.68   718.3 0 -9999.9 1 -9999.9 1   324.4 0   335.7 0   315.6 0   314.5 0   457.6 0   297.3 0   297.6 0   102.4 0   324.9 0 -9999.9 1  -121.9 0 -9999.9 1 -9999.9 1 -9999.9 1 -9999.9 1   190.8 0 -9999.9 1
 1999 172  6 21 14 57 14.950  41.11   730.4 0 -9999.9 1 -9999.9 1   333.0 0   333.6 0   315.6 0   314.5 0   458.1 0   297.2 0   297.5 0   104.7 0   330.4 0 -9999.9 1  -124.5 0 -9999.9 1 -9999.9 1 -9999.9 1 -9999.9 1   191.3 0 -9999.9 1
 1999 172  6 21 15  3 15.050  39.98   748.6 0 -9999.9 1 -9999.9 1   347.7 0   333.3 0   315.8 0   314.5 0   458.8 0   297.3 0   297.5 0   111.7 0   338.8 0 -9999.9 1  -125.6 0 -9999.9 1 -9999.9 1 -9999.9 1 -9999.9 1   194.1 0 -9999.9 1
 1999 172  6 21 15  6 15.100  39.42   753.6 0 -9999.9 1 -9999.9 1   365.0 0   334.0 0   316.0 0   314.9 0   461.9 0   297.4 0   297.7 0   112.8 0   341.2 0 -9999.9 1  -127.9 0 -9999.9 1 -9999.9 1 -9999.9 1 -9999.9 1   188.7 0 -9999.9 1
 1999 172  6 21 15  9 15.150  38.86   751.5 0 -9999.9 1 -9999.9 1   386.6 0   338.7 0   316.2 0   314.9 0   461.2 0   297.6 0   297.8 0   113.5 0   337.0 0 -9999.9 1  -122.5 0 -9999.9 1 -9999.9 1 -9999.9 1 -9999.9 1   196.4 0 -9999.9 1
 1999 172  6 21 15 12 15.200  38.30   720.3 0 -9999.9 1 -9999.9 1   393.0 0   339.6 0   316.3 0   315.1 0   459.7 0   297.6 0   297.8 0   112.8 0   327.9 0 -9999.9 1  -120.2 0 -9999.9 1 -9999.9 1 -9999.9 1 -9999.9 1   192.3 0 -9999.9 1
 1999 172  6 21 15 18 15.300  37.18   793.9 0 -9999.9 1 -9999.9 1   432.0 0   349.9 0   316.7 0   315.6 0   463.5 0   297.8 0   298.1 0   118.0 0   349.0 0 -9999.9 1  -113.6 0 -9999.9 1 -9999.9 1 -9999.9 1 -9999.9 1   190.0 0 -9999.9 1
 1999 172  6 21 15 21 15.350  36.63   522.9 0 -9999.9 1 -9999.9 1   413.7 0   357.9 0   317.0 0   315.7 0   457.6 0   298.0 0   298.2 0    96.4 0   244.9 0 -9999.9 1   -99.7 0 -9999.9 1 -9999.9 1 -9999.9 1 -9999.9 1   193.9 0 -9999.9 1
 1999 172  6 21 15 24 15.400  36.08   402.3 0 -9999.9 1 -9999.9 1   390.9 0   368.5 0   317.1 0   315.5 0   447.7 0   298.0 0   298.0 0    83.5 0   198.2 0 -9999.9 1   -79.2 0 -9999.9 1 -9999.9 1 -9999.9 1 -9999.9 1   202.9 0 -9999.9 1
 1999 172  6 21 15 27 15.450  35.52   404.4 0 -9999.9 1 -9999.9 1   393.9 0   373.9 0   317.1 0   315.1 0   445.1 0   297.9 0   297.9 0    84.1 0   199.4 0 -9999.9 1   -71.2 0 -9999.9 1 -9999.9 1 -9999.9 1 -9999.9 1   198.7 0 -9999.9 1
 1999 172  6 21 15 33 15.550  34.43   390.6 0 -9999.9 1 -9999.9 1   372.6 0   374.5 0   317.0 0   315.3 0   445.8 0   297.6 0   297.7 0    82.6 0   190.9 0 -9999.9 1   -71.3 0 -9999.9 1 -9999.9 1 -9999.9 1 -9999.9 1   203.0 0 -9999.9 1
 1999 172  6 21 15 36 15.600  33.88   472.6 0 -9999.9 1 -9999.9 1   410.8 0   372.9 0   316.9 0   315.4 0   450.1 0   297.6 0   297.7 0    91.4 0   224.6 0 -9999.9 1   -77.2 0 -9999.9 1 -9999.9 1 -9999.9 1 -9999.9 1   196.4 0 -9999.9 1
 1999 172  6 21 15 39 15.650  33.34   593.0 0 -9999.9 1 -9999.9 1   451.5 0   367.4 0   316.9 0   315.5 0   453.1 0   297.5 0   297.7 0   106.7 0   273.4 0 -9999.9 1   -85.7 0 -9999.9 1 -9999.9 1 -9999.9 1 -9999.9 1   188.5 0 -9999.9 1
 1999 172  6 21 15 42 15.700  32.80   593.0 0 -9999.9 1 -9999.9 1   464.6 0   360.2 0   316.9 0   315.7 0   456.9 0   297.6 0   297.8 0   114.7 0   277.6 0 -9999.9 1   -96.7 0 -9999.9 1 -9999.9 1 -9999.9 1 -9999.9 1   197.1 0 -9999.9 1
 1999 172  6 21 15 48 15.800  31.73   852.7 0 -9999.9 1 -9999.9 1   456.0 0   354.0 0   317.2 0   316.3 0   470.3 0   297.8 0   298.2 0   138.5 0   373.5 0 -9999.9 1  -116.4 0 -9999.9 1 -9999.9 1 -9999.9 1 -9999.9 1   193.4 0 -9999.9 1
 1999 172  6 21 15 51 15.850  31.20   641.3 0 -9999.9 1 -9999.9 1   465.0 0   358.0 0   317.2 0   315.9 0   458.8 0   297.9 0   298.1 0   123.2 0   299.5 0 -9999.9 1  -100.8 0 -9999.9 1 -9999.9 1 -9999.9 1 -9999.9 1   172.8 0 -9999.9 1
 1999 172  6 21 15 54 15.900  30.67   747.0 0 -9999.9 1 -9999.9 1   454.3 0   355.0 0   317.4 0   316.6 0   469.9 0   298.1 0   298.4 0   131.3 0   330.7 0 -9999.9 1  -114.9 0 -9999.9 1 -9999.9 1 -9999.9 1 -9999.9 1   171.5 0 -9999.9 1
 1999 172  6 21 15 57 15.950  30.15   356.5 0 -9999.9 1 -9999.9 1   346.9 0   352.7 0   317.5 0   315.8 0   448.4 0   298.3 0   298.3 0    98.5 0   181.3 0 -9999.9 1   -95.7 0 -9999.9 1 -9999.9 1 -9999.9 1 -9999.9 1   182.0 0 -9999.9 1
 1999 172  6 21 16  3 16.050  29.11   563.4 0 -9999.9 1 -9999.9 1   428.1 0   351.8 0   317.4 0   316.0 0   453.3 0   298.1 0   298.2 0   120.9 0   267.2 0 -9999.9 1  -101.5 0 -9999.9 1 -9999.9 1 -9999.9 1 -9999.9 1   169.6 0 -9999.9 1
 1999 172  6 21 16  6 16.100  28.59   846.4 0 -9999.9 1 -9999.9 1   464.2 0   352.9 0   317.6 0   317.0 0   470.8 0   298.3 0   298.6 0   143.4 0   373.9 0 -9999.9 1  -117.9 0 -9999.9 1 -9999.9 1 -9999.9 1 -9999.9 1   159.7 0 -9999.9 1
 1999 172  6 21 16  9 16.150  28.09   920.9 0 -9999.9 1 -9999.9 1   493.4 0   361.2 0   317.8 0   316.7 0   476.0 0   298.6 0   299.0 0   153.2 0   407.6 0 -9999.9 1  -114.8 0 -9999.9 1 -9999.9 1 -9999.9 1 -9999.9 1   179.7 0 -9999.9 1
 1999 172  6 21 16 12 16.200  27.58   949.3 0 -9999.9 1 -9999.9 1   518.9 0   365.2 0   318.0 0   317.0 0   478.6 0   298.8 0   299.3 0   156.9 0   418.9 0 -9999.9 1  -113.3 0 -9999.9 1 -9999.9 1 -9999.9 1 -9999.9 1   154.8 0 -9999.9 1
 1999 172  6 21 16 18 16.300  26.59   976.0 0 -9999.9 1 -9999.9 1   552.7 0   370.7 0   318.4 0   317.4 0   481.7 0   299.3 0   299.7 0   160.5 0   428.2 0 -9999.9 1  -111.0 0 -9999.9 1 -9999.9 1 -9999.9 1 -9999.9 1   153.0 0 -9999.9 1
 1999 172  6 21 16 21 16.350  26.10  1029.7 0 -9999.9 1 -9999.9 1   566.3 0   370.3 0   318.6 0   317.8 0   483.7 0   299.5 0   299.9 0   168.4 0   453.8 0 -9999.9 1  -113.5 0 -9999.9 1 -9999.9 1 -9999.9 1 -9999.9 1   193.3 0 -9999.9 1
 1999 172  6 21 16 24 16.400  25.62   955.5 0 -9999.9 1 -9999.9 1   549.4 0   370.5 0   318.8 0   317.9 0   483.9 0   299.7 0   300.0 0   158.5 0   418.6 0 -9999.9 1  -113.4 0 -9999.9 1 -9999.9 1 -9999.9 1 -9999.9 1   168.3 0 -9999.9 1
 1999 172  6 21 16 27 16.450  25.14   932.8 0 -9999.9 1 -9999.9 1   544.4 0   371.2 0   318.9 0   318.6 0   482.7 0   299.8 0   300.2 0   152.2 0   402.5 0 -9999.9 1  -111.5 0 -9999.9 1 -9999.9 1 -9999.9 1 -9999.9 1   193.4 0 -9999.9 1
 1999 172  6 21 16 33 16.550  24.21   493.8 0 -9999.9 1 -9999.9 1   452.4 0   370.2 0   319.0 0   317.1 0   454.5 0   299.8 0   299.8 0   113.7 0   242.4 0 -9999.9 1   -84.4 0 -9999.9 1 -9999.9 1 -9999.9 1 -9999.9 1   205.2 0 -9999.9 1
 1999 172  6 21 16 36 16.600  23.76   715.2 0 -9999.9 1 -9999.9 1   528.6 0   365.6 0   319.0 0   318.3 0   467.6 0   299.6 0   299.8 0   139.6 0   324.2 0 -9999.9 1  -102.1 0 -9999.9 1 -9999.9 1 -9999.9 1 -9999.9 1   198.2 0 -9999.9 1
 1999 172  6 21 16 39 16.650  23.31   533.3 0 -9999.9 1 -9999.9 1   472.9 0   362.8 0   319.1 0   318.1 0   460.9 0   299.6 0   299.7 0   122.4 0   252.2 0 -9999.9 1   -98.1 0 -9999.9 1 -9999.9 1 -9999.9 1 -9999.9 1   193.5 0 -9999.9 1
 1999 172  6 21 16 42 16.700  22.88   461.0 0 -9999.9 1 -9999.9 1   448.1 0   368.4 0   319.1 0   317.2 0   455.1 0   299.6 0   299.6 0   116.0 0   231.6 0 -9999.9 1   -86.7 0 -9999.9 1 -9999.9 1 -9999.9 1 -9999.9 1   223.0 0 -9999.9 1
 1999 172  6 21 16 48 16.800  22.03  1046.0 0 -9999.9 1 -9999.9 1   546.1 0   364.8 0   319.3 0   318.8 0   484.9 0   299.7 0   300.1 0   184.1 0   458.4 0 -9999.9 1  -120.1 0 -9999.9 1 -9999.9 1 -9999.9 1 -9999.9 1   158.9 0 -9999.9 1
 1999 172  6 21 16 51 16.850  21.62  1082.1 0 -9999.9 1 -9999.9 1   545.5 0   364.4 0   319.5 0   318.4 0   484.2 0   299.9 0   300.3 0   197.0 0   478.6 0 -9999.9 1  -119.8 0 -9999.9 1 -9999.9 1 -9999.9 1 -9999.9 1   179.3 0 -9999.9 1
 1999 172  6 21 16 54 16.900  21.22   757.5 0 -9999.9 1 -9999.9 1   508.3 0   359.6 0   319.8 0   319.1 0   478.4 0   300.1 0   300.4 0   164.5 0   346.6 0 -9999.9 1  -118.9 0 -9999.9 1 -9999.9 1 -9999.9 1 -9999.9 1   206.8 0 -9999.9 1
 1999 172  6 21 16 57 16.950  20.83   559.4 0 -9999.9 1 -9999.9 1   476.8 0   363.7 0   319.9 0   318.8 0   462.6 0   300.1 0   300.2 0   145.1 0   279.3 0 -9999.9 1   -98.9 0 -9999.9 1 -9999.9 1 -9999.9 1 -9999.9 1   182.4 0 -9999.9 1
 1999 172  6 21 17  3 17.050  20.10   890.0 0 -9999.9 1 -9999.9 1   534.4 0   367.5 0   320.1 0   318.8 0   478.5 0   300.2 0   300.5 0   175.8 0   401.3 0 -9999.9 1  -111.0 0 -9999.9 1 -9999.9 1 -9999.9 1 -9999.9 1   186.9 0 -9999.9 1
 1999 172  6 21 17  6 17.100  19.75   786.8 0 -9999.9 1 -9999.9 1   495.7 0   365.1 0   320.0 0   318.3 0   471.9 0   300.0 0   300.2 0   166.1 0   354.9 0 -9999.9 1  -106.8 0 -9999.9 1 -9999.9 1 -9999.9 1 -9999.9 1   184.3 0 -9999.9 1
 1999 172  6 21 17  9 17.150  19.41   486.7 0 -9999.9 1 -9999.9 1   428.0 0   363.3 0   319.6 0   317.7 0   458.3 0   299.6 0   299.7 0   126.4 2   234.7 0 -9999.9 1   -95.0 0 -9999.9 1 -9999.9 1 -9999.9 1 -9999.9 1   186.3 0 -9999.9 1
 1999 172  6 21 17 12 17.200  19.09   363.0 0 -9999.9 1 -9999.9 1   348.5 0   373.0 0   319.2 0   317.4 0   450.5 0   299.3 0   299.3 0    92.5 2   169.9 0 -9999.9 1   -77.5 0 -9999.9 1 -9999.9 1 -9999.9 1 -9999.9 1   151.9 0 -9999.9 1
 1999 172  6 21 17 18 17.300  18.50   316.2 0 -9999.9 1 -9999.9 1   303.6 0   384.1 0   319.0 0   316.9 0   443.2 0   299.1 0   299.0 0    71.3 2   143.1 0 -9999.9 1   -59.1 0 -9999.9 1 -9999.9 1 -9999.9 1 -9999.9 1   208.3 0 -9999.9 1
 1999 172  6 21 17 21 17.350  18.23   288.1 0 -9999.9 1 -9999.9 1   278.8 0   383.4 0   318.8 0   317.0 0   442.9 0   298.9 0   298.9 0    66.1 2   130.4 0 -9999.9 1   -59.4 0 -9999.9 1 -9999.9 1 -9999.9 1 -9999.9 1   197.4 0 -9999.9 1
 1999 172  6 21 17 24 17.400  17.98   262.1 0 -9999.9 1 -9999.9 1   255.8 0   386.0 0   318.7 0   316.4 0   440.3 0   298.7 0   298.6 0    62.1 0   118.6 0 -9999.9 1   -54.2 0 -9999.9 1 -9999.9 1 -9999.9 1 -9999.9 1   190.3 0 -9999.9 1
 1999 172  6 21 17 27 17.450  17.75   283.6 0 -9999.9 1 -9999.9 1   277.5 0   386.8 0   318.5 0   316.2 0   440.2 0   298.5 0   298.5 0    67.9 0   130.4 0 -9999.9 1   -53.4 0 -9999.9 1 -9999.9 1 -9999.9 1 -9999.9 1   193.8 0 -9999.9 1
 1999 172  6 21 17 33 17.550  17.34   323.3 0 -9999.9 1 -9999.9 1   315.4 0   378.7 0   318.1 0   316.3 0   444.6 0   298.2 0   298.3 0    81.1 0   150.5 0 -9999.9 1   -65.9 0 -9999.9 1 -9999.9 1 -9999.9 1 -9999.9 1   196.2 0 -9999.9 1
 1999 172  6 21 17 36 17.600  17.17   692.6 0 -9999.9 1 -9999.9 1   440.1 0   376.1 0   318.0 0   316.9 0   460.1 0   298.2 0   298.4 0   125.2 0   293.5 0 -9999.9 1   -84.1 0 -9999.9 1 -9999.9 1 -9999.9 1 -9999.9 1   176.9 0 -9999.9 1
 1999 172  6 21 17 39 17.650  17.02  1036.1 0 -9999.9 1 -9999.9 1   574.6 0   372.9 0   318.1 0   317.2 0   482.3 0   298.4 0   298.9 0   176.4 0   433.3 0 -9999.9 1  -109.4 0 -9999.9 1 -9999.9 1 -9999.9 1 -9999.9 1   166.4 0 -9999.9 1
 1999 172  6 21 17 42 17.700  16.89   643.0 0 -9999.9 1 -9999.9 1   572.6 0   361.2 0   318.2 0   317.2 0   474.2 0   298.7 0   299.1 0   155.1 0   313.6 0 -9999.9 1  -113.0 0 -9999.9 1 -9999.9 1 -9999.9 1 -9999.9 1   166.9 0 -9999.9 1
 1999 172  6 21 17 48 17.800  16.71  1103.1 0 -9999.9 1 -9999.9 1   583.6 0   358.5 0   318.7 0   318.4 0   490.8 0   299.3 0   299.8 0   198.9 0   469.7 0 -9999.9 1  -132.2 0 -9999.9 1 -9999.9 1 -9999.9 1 -9999.9 1   175.4 0 -9999.9 1
 1999 172  6 21 17 51 17.850  16.65  1085.2 0 -9999.9 1 -9999.9 1   563.0 0   353.9 0   319.1 0   318.8 0   492.5 0   299.8 0   300.3 0   208.5 0   480.5 0 -9999.9 1  -138.6 0 -9999.9 1 -9999.9 1 -9999.9 1 -9999.9 1   177.2 0 -9999.9 1
 1999 172  6 21 17 54 17.900  16.62  1050.0 0 -9999.9 1 -9999.9 1   527.0 0   353.1 0   319.4 0   318.8 0   489.5 0   300.1 0   300.5 0   209.8 0   469.9 0 -9999.9 1  -136.4 0 -9999.9 1 -9999.9 1 -9999.9 1 -9999.9 1   191.4 0 -9999.9 1
 1999 172  6 21 17 57 17.950  16.61  1032.8 0 -9999.9 1 -9999.9 1   499.6 0   351.2 0   319.7 0   319.1 0   489.5 0   300.4 0   300.7 0   208.9 0   463.1 0 -9999.9 1  -138.3 0 -9999.9 1 -9999.9 1 -9999.9 1 -9999.9 1   191.3 0 -9999.9 1
 1999 172  6 21 18  3 18.050  16.66   833.6 0 -9999.9 1 -9999.9 1   504.3 0   353.7 0   320.1 0   319.0 0   482.7 0   300.7 0   301.0 0   185.6 0   381.8 0 -9999.9 1  -129.0 0 -9999.9 1 -9999.9 1 -9999.9 1 -9999.9 1   200.2 0 -9999.9 1
 1999 172  6 21 18  6 18.100  16.72   752.4 0 -9999.9 1 -9999.9 1   457.8 0   355.1 0   320.1 0   319.0 0   476.4 0   300.7 0   300.9 0   166.5 0   340.3 0 -9999.9 1  -121.3 0 -9999.9 1 -9999.9 1 -9999.9 1 -9999.9 1   185.4 0 -9999.9 1
 1999 172  6 21 18  9 18.150  16.81   382.5 0 -9999.9 1 -9999.9 1   353.4 0   353.2 0   320.1 0   318.7 0   459.9 0   300.7 0   300.7 0   121.3 0   196.2 0 -9999.9 1  -106.7 0 -9999.9 1 -9999.9 1 -9999.9 1 -9999.9 1   167.3 0 -9999.9 1
 1999 172  6 21 18 12 18.200  16.92   354.9 0 -9999.9 1 -9999.9 1   341.2 0   352.3 0   319.9 0   318.7 0   454.8 0   300.6 0   300.5 0   113.0 0   182.5 0 -9999.9 1  -102.6 0 -9999.9 1 -9999.9 1 -9999.9 1 -9999.9 1   194.5 0 -9999.9 1
 1999 172  6 21 18 18 18.300  17.20   505.3 0 -9999.9 1 -9999.9 1   385.6 0   366.4 0   319.9 0   318.7 0   466.0 0   300.5 0   300.6 0   118.1 0   226.2 0 -9999.9 1   -99.6 0 -9999.9 1 -9999.9 1 -9999.9 1 -9999.9 1   170.9 0 -9999.9 1
 1999 172  6 21 18 21 18.350  17.38   289.3 0 -9999.9 1 -9999.9 1   278.8 0   378.9 0   319.8 0   317.9 0   450.0 0   300.3 0   300.2 0    80.4 0   137.0 0 -9999.9 1   -71.1 0 -9999.9 1 -9999.9 1 -9999.9 1 -9999.9 1   209.3 0 -9999.9 1
 1999 172  6 21 18 24 18.400  17.58   240.8 0 -9999.9 1 -9999.9 1   232.3 0   384.7 0   319.7 0   317.7 0   445.4 0   300.1 0   300.0 0    66.1 0   112.0 0 -9999.9 1   -60.7 0 -9999.9 1 -9999.9 1 -9999.9 1 -9999.9 1   209.9 0 -9999.9 1
 1999 172  6 21 18 27 18.450  17.79   232.5 0 -9999.9 1 -9999.9 1   224.8 0   386.2 0   319.5 0   317.5 0   443.4 0   299.8 0   299.7 0    63.0 0   108.6 0 -9999.9 1   -57.2 0 -9999.9 1 -9999.9 1 -9999.9 1 -9999.9 1   203.4 0 -9999.9 1
 1999 172  6 21 18 33 18.550  18.29   234.8 0 -9999.9 1 -9999.9 1   227.5 0   386.3 0   318.9 0   316.8 0   440.6 0   299.1 0   299.0 0    60.4 0   110.3 0 -9999.9 1   -54.3 0 -9999.9 1 -9999.9 1 -9999.9 1 -9999.9 1   198.2 0 -9999.9 1
 1999 172  6 21 18 36 18.600  18.56   245.2 0 -9999.9 1 -9999.9 1   237.4 0   384.9 0   318.6 0   316.8 0   442.7 0   298.8 0   298.8 0    61.3 0   115.4 0 -9999.9 1   -57.8 0 -9999.9 1 -9999.9 1 -9999.9 1 -9999.9 1   204.3 0 -9999.9 1
 1999 172  6 21 18 39 18.650  18.85   264.0 0 -9999.9 1 -9999.9 1   256.8 0   386.9 0   318.4 0   316.3 0   443.4 0   298.6 0   298.6 0    63.3 0   123.5 0 -9999.9 1   -56.4 0 -9999.9 1 -9999.9 1 -9999.9 1 -9999.9 1   234.0 0 -9999.9 1
 1999 172  6 21 18 42 18.700  19.16   277.7 0 -9999.9 1 -9999.9 1   270.6 0   390.8 0   318.1 0   315.7 0   442.6 0   298.5 0   298.5 0    65.9 0   129.6 0 -9999.9 1   -51.8 0 -9999.9 1 -9999.9 1 -9999.9 1 -9999.9 1   241.1 0 -9999.9 1
 1999 172  6 21 18 48 18.800  19.82   313.1 0 -9999.9 1 -9999.9 1   303.6 0   386.6 0   317.5 0   315.3 0   445.3 0   298.2 0   298.3 0    72.5 0   148.0 0 -9999.9 1   -58.7 0 -9999.9 1 -9999.9 1 -9999.9 1 -9999.9 1   235.8 0 -9999.9 1
 1999 172  6 21 18 51 18.850  20.17   369.8 0 -9999.9 1 -9999.9 1   345.4 0   383.5 0   317.4 0   315.8 0   452.3 0   298.3 0   298.4 0    81.0 0   171.7 0 -9999.9 1   -68.8 0 -9999.9 1 -9999.9 1 -9999.9 1 -9999.9 1   233.2 0 -9999.9 1
 1999 172  6 21 18 54 18.900  20.53   370.6 0 -9999.9 1 -9999.9 1   360.5 0   380.0 0   317.2 0   315.9 0   453.9 0   298.3 0   298.4 0    84.4 0   175.1 0 -9999.9 1   -73.9 0 -9999.9 1 -9999.9 1 -9999.9 1 -9999.9 1   245.8 0 -9999.9 1
 1999 172  6 21 18 57 18.950  20.91   362.5 0 -9999.9 1 -9999.9 1   354.8 0   382.3 0   317.2 0   315.8 0   453.4 0   298.4 0   298.5 0    85.0 0   171.0 0 -9999.9 1   -71.1 0 -9999.9 1 -9999.9 1 -9999.9 1 -9999.9 1   256.5 0 -9999.9 1
 1999 172  6 21 19  3 19.050  21.70   402.6 0 -9999.9 1 -9999.9 1   392.4 0   384.2 0   316.9 0   315.0 0   452.6 0   298.5 0   298.6 0    94.1 0   190.5 0 -9999.9 1   -68.4 0 -9999.9 1 -9999.9 1 -9999.9 1 -9999.9 1   268.1 0 -9999.9 1
 1999 172  6 21 19  6 19.100  22.11   559.4 0 -9999.9 1 -9999.9 1   471.9 0   374.9 0   316.6 0   315.1 0   460.4 0   298.3 0   298.5 0   115.9 0   256.6 0 -9999.9 1   -85.5 0 -9999.9 1 -9999.9 1 -9999.9 1 -9999.9 1   254.9 0 -9999.9 1
 1999 172  6 21 19  9 19.150  22.53   634.1 0 -9999.9 1 -9999.9 1   511.0 0   372.1 0   316.6 0   315.3 0   467.4 0   298.4 0   298.7 0   125.8 0   281.3 0 -9999.9 1   -95.3 0 -9999.9 1 -9999.9 1 -9999.9 1 -9999.9 1   265.3 0 -9999.9 1
 1999 172  6 21 19 12 19.200  22.96   737.7 0 -9999.9 1 -9999.9 1   510.5 0   376.1 0   316.6 0   315.5 0   471.8 0   298.7 0   299.0 0   131.1 0   309.5 0 -9999.9 1   -95.8 0 -9999.9 1 -9999.9 1 -9999.9 1 -9999.9 1   278.1 0 -9999.9 1
 1999 172  6 21 19 18 19.300  23.85   432.5 0 -9999.9 1 -9999.9 1   411.8 0   369.5 0   316.6 0   315.4 0   458.3 0   298.9 0   299.1 0   100.7 0   203.0 0 -9999.9 1   -88.8 0 -9999.9 1 -9999.9 1 -9999.9 1 -9999.9 1   282.0 0 -9999.9 1
 1999 172  6 21 19 21 19.350  24.31   394.7 0 -9999.9 1 -9999.9 1   382.2 0   366.0 0   316.5 0   315.2 0   454.9 0   298.8 0   298.9 0    95.1 2   186.3 0 -9999.9 1   -88.9 0 -9999.9 1 -9999.9 1 -9999.9 1 -9999.9 1   249.8 0 -9999.9 1
 1999 172  6 21 19 24 19.400  24.77   358.2 0 -9999.9 1 -9999.9 1   349.6 0   367.9 0   316.3 0   314.6 0   449.6 0   298.6 0   298.7 0    86.2 2   168.7 0 -9999.9 1   -81.7 0 -9999.9 1 -9999.9 1 -9999.9 1 -9999.9 1   243.3 0 -9999.9 1
 1999 172  6 21 19 27 19.450  25.24   350.0 0 -9999.9 1 -9999.9 1   341.9 0   371.0 0   316.1 0   314.2 0   448.0 0   298.6 0   298.6 0    83.0 2   164.9 0 -9999.9 1   -77.0 0 -9999.9 1 -9999.9 1 -9999.9 1 -9999.9 1   253.2 0 -9999.9 1
 1999 172  6 21 19 33 19.550  26.20   334.2 0 -9999.9 1 -9999.9 1   325.6 0   375.8 0   316.0 0   314.1 0   446.7 0   298.6 0   298.7 0    78.0 0   156.9 0 -9999.9 1   -70.8 0 -9999.9 1 -9999.9 1 -9999.9 1 -9999.9 1   262.6 0 -9999.9 1
 1999 172  6 21 19 36 19.600  26.69   324.4 0 -9999.9 1 -9999.9 1   316.6 0   377.6 0   315.8 0   314.1 0   446.1 0   298.5 0   298.5 0    73.9 0   151.6 0 -9999.9 1   -68.5 0 -9999.9 1 -9999.9 1 -9999.9 1 -9999.9 1   261.1 0 -9999.9 1
 1999 172  6 21 19 39 19.650  27.19   329.2 0 -9999.9 1 -9999.9 1   320.5 0   376.7 0   315.7 0   314.1 0   447.2 0   298.4 0   298.5 0    73.3 0   154.1 0 -9999.9 1   -70.5 0 -9999.9 1 -9999.9 1 -9999.9 1 -9999.9 1   248.8 0 -9999.9 1
 1999 172  6 21 19 42 19.700  27.69   372.4 0 -9999.9 1 -9999.9 1   356.3 0   375.5 0   315.7 0   314.6 0   451.7 0   298.4 0   298.5 0    78.9 0   173.5 0 -9999.9 1   -76.2 0 -9999.9 1 -9999.9 1 -9999.9 1 -9999.9 1   247.1 0 -9999.9 1
 1999 172  6 21 19 48 19.800  28.70   422.5 0 -9999.9 1 -9999.9 1   408.2 0   373.9 0   316.0 0   315.2 0   456.5 0   298.7 0   298.8 0    86.3 0   197.9 0 -9999.9 1   -82.6 0 -9999.9 1 -9999.9 1 -9999.9 1 -9999.9 1   189.1 0 -9999.9 1
 1999 172  6 21 19 51 19.850  29.21   459.4 0 -9999.9 1 -9999.9 1   428.7 0   372.5 0   316.2 0   315.3 0   459.5 0   298.8 0   299.0 0    92.5 0   216.7 0 -9999.9 1   -86.9 0 -9999.9 1 -9999.9 1 -9999.9 1 -9999.9 1   224.9 0 -9999.9 1
 1999 172  6 21 19 54 19.900  29.73   497.9 0 -9999.9 1 -9999.9 1   446.1 0   369.3 0   316.4 0   316.0 0   463.1 0   299.1 0   299.3 0    98.4 0   234.3 0 -9999.9 1   -93.8 0 -9999.9 1 -9999.9 1 -9999.9 1 -9999.9 1   220.6 0 -9999.9 1
 1999 172  6 21 19 57 19.950  30.25   555.9 0 -9999.9 1 -9999.9 1   428.0 0   369.0 0   316.7 0   316.4 0   464.0 0   299.2 0   299.4 0    97.8 0   243.5 0 -9999.9 1   -95.1 0 -9999.9 1 -9999.9 1 -9999.9 1 -9999.9 1   201.7 0 -9999.9 1
 1999 172  6 21 20  3 20.050  31.31   468.2 0 -9999.9 1 -9999.9 1   440.0 0   366.6 0   317.1 0   315.9 0   462.3 0   299.4 0   299.6 0    95.7 0   224.4 0 -9999.9 1   -95.7 0 -9999.9 1 -9999.9 1 -9999.9 1 -9999.9 1   162.5 0 -9999.9 1
 1999 172  6 21 20  6 20.100  31.84   573.1 0 -9999.9 1 -9999.9 1   454.7 0   367.8 0   317.3 0   316.2 0   463.2 0   299.5 0   299.7 0   102.7 0   264.0 0 -9999.9 1   -95.4 0 -9999.9 1 -9999.9 1 -9999.9 1 -9999.9 1   183.3 0 -9999.9 1
 1999 172  6 21 20  9 20.150  32.37   625.9 0 -9999.9 1 -9999.9 1   467.9 0   367.5 0   317.6 0   316.7 0   468.5 0   299.7 0   299.9 0   107.0 0   279.2 0 -9999.9 1  -100.9 0 -9999.9 1 -9999.9 1 -9999.9 1 -9999.9 1   182.4 0 -9999.9 1
 1999 172  6 21 20 12 20.200  32.91   419.0 0 -9999.9 1 -9999.9 1   405.9 0   369.8 0   317.8 0   316.5 0   458.6 0   299.8 0   299.9 0    88.0 0   205.9 0 -9999.9 1   -88.8 0 -9999.9 1 -9999.9 1 -9999.9 1 -9999.9 1   176.6 0 -9999.9 1
 1999 172  6 21 20 18 20.300  33.99   508.2 0 -9999.9 1 -9999.9 1   454.6 0   369.7 0   317.8 0   316.0 0   458.9 0   299.6 0   299.7 0    96.5 0   246.0 0 -9999.9 1   -89.1 0 -9999.9 1 -9999.9 1 -9999.9 1 -9999.9 1   172.2 0 -9999.9 1
 1999 172  6 21 20 21 20.350  34.54   599.0 0 -9999.9 1 -9999.9 1   464.2 0   368.9 0   317.9 0   316.1 0   460.8 0   299.5 0   299.7 0   102.3 0   278.0 0 -9999.9 1   -91.9 0 -9999.9 1 -9999.9 1 -9999.9 1 -9999.9 1   174.6 0 -9999.9 1
 1999 172  6 21 20 24 20.400  35.09   673.4 0 -9999.9 1 -9999.9 1   475.5 0   368.6 0   318.0 0   316.6 0   466.0 0   299.5 0   299.8 0   104.7 0   299.5 0 -9999.9 1   -97.5 0 -9999.9 1 -9999.9 1 -9999.9 1 -9999.9 1   182.8 0 -9999.9 1
 1999 172  6 21 20 27 20.450  35.64   611.2 0 -9999.9 1 -9999.9 1   483.2 0   368.1 0   318.1 0   317.0 0   466.6 0   299.5 0   299.7 0   101.1 0   284.1 0 -9999.9 1   -98.5 0 -9999.9 1 -9999.9 1 -9999.9 1 -9999.9 1   178.1 0 -9999.9 1
 1999 172  6 21 20 33 20.550  36.74   505.8 0 -9999.9 1 -9999.9 1   467.3 0   372.7 0   318.2 0   316.4 0   461.0 0   299.7 0   299.8 0    92.0 0   242.4 0 -9999.9 1   -88.3 0 -9999.9 1 -9999.9 1 -9999.9 1 -9999.9 1   166.6 0 -9999.9 1
 1999 172  6 21 20 36 20.600  37.30   714.2 0 -9999.9 1 -9999.9 1   489.7 0   371.9 0   318.1 0   316.8 0   467.6 0   299.7 0   299.8 0    99.7 0   304.4 0 -9999.9 1   -95.8 0 -9999.9 1 -9999.9 1 -9999.9 1 -9999.9 1   167.1 0 -9999.9 1
 1999 172  6 21 20 39 20.650  37.85   716.5 0 -9999.9 1 -9999.9 1   454.9 0   376.5 0   318.1 0   316.0 0   461.0 0   299.6 0   299.7 0    94.1 0   299.0 0 -9999.9 1   -84.5 0 -9999.9 1 -9999.9 1 -9999.9 1 -9999.9 1   172.2 0 -9999.9 1
 1999 172  6 21 20 42 20.700  38.41   485.6 0 -9999.9 1 -9999.9 1   396.4 0   380.0 0   318.0 0   315.4 0   453.6 0   299.3 0   299.3 0    79.6 0   216.4 0 -9999.9 1   -73.6 0 -9999.9 1 -9999.9 1 -9999.9 1 -9999.9 1   168.7 0 -9999.9 1
 1999 172  6 21 20 48 20.800  39.53   404.8 0 -9999.9 1 -9999.9 1   379.2 0   368.7 0   317.3 0   314.9 0   447.7 0   298.6 0   298.6 0    79.2 0   196.8 0 -9999.9 1   -78.9 0 -9999.9 1 -9999.9 1 -9999.9 1 -9999.9 1   179.0 0 -9999.9 1
 1999 172  6 21 20 51 20.850  40.10   317.1 0 -9999.9 1 -9999.9 1   316.2 0   367.5 0   317.0 0   314.4 0   443.3 0   298.4 0   298.3 0    70.7 0   158.7 0 -9999.9 1   -75.8 0 -9999.9 1 -9999.9 1 -9999.9 1 -9999.9 1   176.3 0 -9999.9 1
 1999 172  6 21 20 54 20.900  40.66   283.6 0 -9999.9 1 -9999.9 1   284.8 0   367.4 0   316.5 0   313.7 0   437.8 0   298.0 0   297.8 0    65.0 0   142.7 0 -9999.9 1   -70.5 0 -9999.9 1 -9999.9 1 -9999.9 1 -9999.9 1   184.6 0 -9999.9 1
 1999 172  6 21 20 57 20.950  41.23   252.3 0 -9999.9 1 -9999.9 1   249.0 0   363.3 0   316.0 0   313.5 0   435.9 0   297.6 0   297.4 0    60.2 0   126.6 0 -9999.9 1   -72.6 0 -9999.9 1 -9999.9 1 -9999.9 1 -9999.9 1   180.2 0 -9999.9 1
 1999 172  6 21 21  3 21.050  42.36   233.2 0 -9999.9 1 -9999.9 1   232.3 0   364.4 0   315.3 0   313.2 0   435.8 0   297.1 0   297.0 0    54.0 0   114.6 0 -9999.9 1   -71.4 0 -9999.9 1 -9999.9 1 -9999.9 1 -9999.9 1   184.7 0 -9999.9 1
 1999 172  6 21 21  6 21.100  42.93   237.5 0 -9999.9 1 -9999.9 1   237.7 0   368.6 0   315.0 0   312.6 0   433.4 0   296.9 0   296.8 0    51.5 0   115.2 0 -9999.9 1   -64.8 0 -9999.9 1 -9999.9 1 -9999.9 1 -9999.9 1   188.3 0 -9999.9 1
 1999 172  6 21 21  9 21.150  43.49   248.9 0 -9999.9 1 -9999.9 1   249.3 0   370.2 0   314.6 0   312.2 0   432.0 0   296.6 0   296.5 0    50.3 0   119.9 0 -9999.9 1   -61.8 0 -9999.9 1 -9999.9 1 -9999.9 1 -9999.9 1   190.9 0 -9999.9 1
 1999 172  6 21 21 12 21.200  44.06   260.8 0 -9999.9 1 -9999.9 1   260.9 0   370.7 0   314.3 0   312.1 0   434.7 0   296.4 0   296.3 0    51.4 0   125.1 0 -9999.9 1   -64.0 0 -9999.9 1 -9999.9 1 -9999.9 1 -9999.9 1   193.9 0 -9999.9 1
 1999 172  6 21 21 18 21.300  45.20   259.1 0 -9999.9 1 -9999.9 1   259.5 0   374.7 0   313.7 0   311.2 0   433.9 0   296.2 0   296.1 0    48.6 0   123.7 0 -9999.9 1   -59.2 0 -9999.9 1 -9999.9 1 -9999.9 1 -9999.9 1   211.1 0 -9999.9 1
 1999 172  6 21 21 21 21.350  45.77   255.7 0 -9999.9 1 -9999.9 1   257.3 0   375.5 0   313.2 0   310.7 0   432.3 0   295.9 0   295.8 0    47.9 0   121.4 0 -9999.9 1   -56.8 0 -9999.9 1 -9999.9 1 -9999.9 1 -9999.9 1   209.9 0 -9999.9 1
 1999 172  6 21 21 24 21.400  46.35   236.6 0 -9999.9 1 -9999.9 1   237.2 0   370.0 0   312.7 0   310.6 0   431.8 0   295.6 0   295.5 0    45.6 0   113.1 0 -9999.9 1   -61.8 0 -9999.9 1 -9999.9 1 -9999.9 1 -9999.9 1   206.4 0 -9999.9 1
 1999 172  6 21 21 27 21.450  46.92   209.9 0 -9999.9 1 -9999.9 1   210.8 0   367.1 0   312.4 0   310.5 0   431.3 0   295.5 0   295.4 0    43.0 0   101.3 0 -9999.9 1   -64.1 0 -9999.9 1 -9999.9 1 -9999.9 1 -9999.9 1   199.6 0 -9999.9 1
 1999 172  6 21 21 33 21.550  48.06   200.9 0 -9999.9 1 -9999.9 1   202.3 0   375.0 0   311.9 0   309.9 0   430.2 0   295.3 0   295.3 0    37.1 0    95.8 0 -9999.9 1   -55.3 0 -9999.9 1 -9999.9 1 -9999.9 1 -9999.9 1   200.6 0 -9999.9 1
 1999 172  6 21 21 36 21.600  48.64   191.1 0 -9999.9 1 -9999.9 1   193.7 0   380.2 0   311.7 0   309.6 0   429.7 0   295.2 0   295.1 0    33.2 0    90.5 0 -9999.9 1   -49.5 0 -9999.9 1 -9999.9 1 -9999.9 1 -9999.9 1   201.9 0 -9999.9 1
 1999 172  6 21 21 39 21.650  49.21   158.3 0 -9999.9 1 -9999.9 1   161.9 0   381.4 0   311.2 0   309.0 0   427.0 0   294.9 0   294.8 0    27.3 0    75.6 0 -9999.9 1   -45.6 0 -9999.9 1 -9999.9 1 -9999.9 1 -9999.9 1   199.2 0 -9999.9 1
 1999 172  6 21 21 42 21.700  49.78   147.0 0 -9999.9 1 -9999.9 1   150.8 0   379.9 0   310.8 0   308.7 0   426.1 0   294.6 0   294.5 0    25.2 0    70.7 0 -9999.9 1   -46.2 0 -9999.9 1 -9999.9 1 -9999.9 1 -9999.9 1   202.2 0 -9999.9 1
 1999 172  6 21 21 48 21.800  50.93   135.1 0 -9999.9 1 -9999.9 1   139.8 0   382.2 0   310.3 0   308.2 0   426.1 0   294.4 0   294.4 0    21.1 0    64.6 0 -9999.9 1   -44.0 0 -9999.9 1 -9999.9 1 -9999.9 1 -9999.9 1   195.2 0 -9999.9 1
 1999 172  6 21 21 51 21.850  51.50   120.8 0 -9999.9 1 -9999.9 1   126.3 0   383.0 0   310.0 0   308.0 0   426.1 0   294.3 0   294.3 0    18.6 2    58.2 0 -9999.9 1   -43.1 0 -9999.9 1 -9999.9 1 -9999.9 1 -9999.9 1   188.7 0 -9999.9 1
 1999 172  6 21 21 54 21.900  52.08   115.1 0 -9999.9 1 -9999.9 1   121.9 0   385.7 0   309.8 0   307.6 0   426.4 0   294.3 0   294.3 0    17.3 0    55.5 0 -9999.9 1   -40.7 0 -9999.9 1 -9999.9 1 -9999.9 1 -9999.9 1   188.3 0 -9999.9 1
 1999 172  6 21 21 57 21.950  52.65   108.2 0 -9999.9 1 -9999.9 1   115.9 0   385.9 0   309.5 0   307.3 0   425.5 0   294.2 0   294.2 0    15.9 2    52.2 0 -9999.9 1   -39.6 0 -9999.9 1 -9999.9 1 -9999.9 1 -9999.9 1   188.0 0 -9999.9 1
 1999 172  6 21 22  3 22.050  53.80    95.0 0 -9999.9 1 -9999.9 1   103.5 0   384.0 0   309.0 0   307.0 0   424.6 0   294.2 0   294.2 0    13.1 2    45.8 0 -9999.9 1   -40.6 0 -9999.9 1 -9999.9 1 -9999.9 1 -9999.9 1   189.6 0 -9999.9 1
 1999 172  6 21 22  6 22.100  54.37    92.3 0 -9999.9 1 -9999.9 1   100.2 0   381.7 0   308.8 0   307.0 0   423.8 0   294.2 0   294.2 0    12.6 2    44.7 0 -9999.9 1   -42.2 0 -9999.9 1 -9999.9 1 -9999.9 1 -9999.9 1   192.6 0 -9999.9 1
 1999 172  6 21 22  9 22.150  54.94    86.9 0 -9999.9 1 -9999.9 1    94.7 0   381.7 0   308.6 0   306.8 0   423.0 0   294.2 0   294.1 0    11.8 2    42.1 0 -9999.9 1   -41.3 0 -9999.9 1 -9999.9 1 -9999.9 1 -9999.9 1   189.7 0 -9999.9 1
 1999 172  6 21 22 12 22.200  55.52    82.2 0 -9999.9 1 -9999.9 1    90.3 0   380.5 0   308.4 0   306.6 0   421.4 0   294.1 0   294.0 0    10.9 2    40.0 0 -9999.9 1   -40.9 0 -9999.9 1 -9999.9 1 -9999.9 1 -9999.9 1   192.7 0 -9999.9 1
 1999 172  6 21 22 18 22.300  56.66    82.5 0 -9999.9 1 -9999.9 1    90.1 0   380.3 0   308.2 0   306.4 0   420.8 0   293.9 0   293.8 0    10.5 2    39.9 0 -9999.9 1   -40.5 0 -9999.9 1 -9999.9 1 -9999.9 1 -9999.9 1   193.0 0 -9999.9 1
 1999 172  6 21 22 21 22.350  57.23    82.1 0 -9999.9 1 -9999.9 1    89.6 0   379.9 0   308.1 0   306.3 0   421.1 0   293.8 0   293.8 0    10.2 2    39.8 0 -9999.9 1   -41.2 0 -9999.9 1 -9999.9 1 -9999.9 1 -9999.9 1   198.2 0 -9999.9 1
 1999 172  6 21 22 24 22.400  57.80    84.0 0 -9999.9 1 -9999.9 1    91.2 0   378.7 0   307.9 0   306.0 0   420.5 0   293.7 0   293.6 0    10.3 2    40.7 0 -9999.9 1   -41.8 0 -9999.9 1 -9999.9 1 -9999.9 1 -9999.9 1   208.6 0 -9999.9 1
 1999 172  6 21 22 27 22.450  58.38    86.5 0 -9999.9 1 -9999.9 1    93.8 0   378.8 0   307.7 0   305.7 0   420.4 0   293.6 0   293.5 0    10.5 2    42.0 0 -9999.9 1   -41.6 0 -9999.9 1 -9999.9 1 -9999.9 1 -9999.9 1   212.5 0 -9999.9 1
 1999 172  6 21 22 33 22.550  59.52    95.4 0 -9999.9 1 -9999.9 1   103.2 0   380.9 0   307.6 0   305.8 0   421.8 0   293.6 0   293.6 0    11.2 2    46.1 0 -9999.9 1   -40.9 0 -9999.9 1 -9999.9 1 -9999.9 1 -9999.9 1   208.1 0 -9999.9 1
 1999 172  6 21 22 36 22.600  60.09   100.9 0 -9999.9 1 -9999.9 1   108.9 0   381.1 0   307.6 0   305.7 0   422.5 0   293.7 0   293.6 0    11.7 0    48.7 0 -9999.9 1   -41.4 0 -9999.9 1 -9999.9 1 -9999.9 1 -9999.9 1   207.3 0 -9999.9 1
 1999 172  6 21 22 39 22.650  60.66   105.3 0 -9999.9 1 -9999.9 1   112.8 0   381.4 0   307.6 0   305.8 0   423.9 0   293.7 0   293.7 0    12.1 0    50.9 0 -9999.9 1   -42.5 0 -9999.9 1 -9999.9 1 -9999.9 1 -9999.9 1   214.5 0 -9999.9 1
 1999 172  6 21 22 42 22.700  61.22   107.6 0 -9999.9 1 -9999.9 1   114.8 0   381.5 0   307.5 0   305.8 0   424.5 0   293.8 0   293.8 0    12.3 0    52.0 0 -9999.9 1   -43.0 0 -9999.9 1 -9999.9 1 -9999.9 1 -9999.9 1   211.3 0 -9999.9 1
 1999 172  6 21 22 48 22.800  62.36   105.0 0 -9999.9 1 -9999.9 1   114.0 0   388.2 0   307.4 0   305.3 0   422.3 0   293.8 0   293.8 0    11.6 0    51.1 0 -9999.9 1   -34.0 0 -9999.9 1 -9999.9 1 -9999.9 1 -9999.9 1   196.6 0 -9999.9 1
 1999 172  6 21 22 51 22.850  62.93    94.6 0 -9999.9 1 -9999.9 1   103.5 0   385.3 0   307.3 0   305.6 0   422.6 0   293.8 0   293.8 0    10.7 0    46.5 0 -9999.9 1   -37.3 0 -9999.9 1 -9999.9 1 -9999.9 1 -9999.9 1   192.7 0 -9999.9 1
 1999 172  6 21 22 54 22.900  63.49    85.9 0 -9999.9 1 -9999.9 1    94.7 0   384.7 0   307.3 0   305.6 0   422.5 0   293.8 0   293.8 0     9.7 0    42.3 0 -9999.9 1   -37.8 0 -9999.9 1 -9999.9 1 -9999.9 1 -9999.9 1   190.9 0 -9999.9 1
 1999 172  6 21 22 57 22.950  64.06    80.5 0 -9999.9 1 -9999.9 1    89.3 0   385.4 0   307.3 0   305.6 0   422.7 0   293.9 0   293.8 0     8.8 0    39.3 0 -9999.9 1   -37.2 0 -9999.9 1 -9999.9 1 -9999.9 1 -9999.9 1   190.6 0 -9999.9 1
 1999 172  6 21 23  3 23.050  65.19    72.5 0 -9999.9 1 -9999.9 1    81.0 0   383.7 0   307.2 0   305.6 0   422.8 0   293.8 0   293.8 0     7.7 0    35.1 0 -9999.9 1   -39.1 0 -9999.9 1 -9999.9 1 -9999.9 1 -9999.9 1   186.8 0 -9999.9 1
 1999 172  6 21 23  6 23.100  65.75    69.5 0 -9999.9 1 -9999.9 1    78.0 0   383.2 0   307.2 0   305.7 0   423.2 0   293.8 0   293.8 0     7.2 0    33.7 0 -9999.9 1   -40.0 0 -9999.9 1 -9999.9 1 -9999.9 1 -9999.9 1   186.7 0 -9999.9 1
 1999 172  6 21 23  9 23.150  66.31    65.1 0 -9999.9 1 -9999.9 1    73.6 0   382.0 0   307.1 0   305.6 0   422.1 0   293.7 0   293.7 0     6.7 0    31.6 0 -9999.9 1   -40.1 0 -9999.9 1 -9999.9 1 -9999.9 1 -9999.9 1   193.6 0 -9999.9 1
 1999 172  6 21 23 12 23.200  66.87    62.3 0 -9999.9 1 -9999.9 1    71.4 0   382.0 0   307.0 0   305.4 0   421.2 0   293.6 0   293.6 0     6.2 0    30.2 0 -9999.9 1   -39.2 0 -9999.9 1 -9999.9 1 -9999.9 1 -9999.9 1   189.9 0 -9999.9 1
 1999 172  6 21 23 18 23.300  67.99    58.4 0 -9999.9 1 -9999.9 1    67.8 0   383.1 0   307.0 0   305.3 0   420.8 0   293.6 0   293.6 0     5.6 0    28.5 0 -9999.9 1   -37.7 0 -9999.9 1 -9999.9 1 -9999.9 1 -9999.9 1   178.4 0 -9999.9 1
 1999 172  6 21 23 21 23.350  68.55    55.8 0 -9999.9 1 -9999.9 1    64.3 0   385.0 0   307.0 0   305.1 0   420.9 0   293.7 0   293.7 0     5.3 0    27.5 0 -9999.9 1   -35.9 0 -9999.9 1 -9999.9 1 -9999.9 1 -9999.9 1   174.3 0 -9999.9 1
 1999 172  6 21 23 24 23.400  69.11    57.0 0 -9999.9 1 -9999.9 1    65.1 0   386.1 0   307.0 0   305.2 0   421.3 0   293.8 0   293.8 0     5.3 0    27.9 0 -9999.9 1   -35.2 0 -9999.9 1 -9999.9 1 -9999.9 1 -9999.9 1   171.9 0 -9999.9 1
 1999 172  6 21 23 27 23.450  69.66    59.9 0 -9999.9 1 -9999.9 1    68.0 0   383.9 0   306.8 0   305.0 0   420.3 0   293.6 0   293.6 0     5.3 0    29.2 0 -9999.9 1   -36.4 0 -9999.9 1 -9999.9 1 -9999.9 1 -9999.9 1   167.8 0 -9999.9 1
 1999 172  6 21 23 33 23.550  70.77    58.9 0 -9999.9 1 -9999.9 1    67.1 0   384.4 0   306.9 0   305.2 0   421.2 0   293.8 0   293.8 0     4.9 0    28.7 0 -9999.9 1   -36.9 0 -9999.9 1 -9999.9 1 -9999.9 1 -9999.9 1   174.5 0 -9999.9 1
 1999 172  6 21 23 36 23.600  71.32    58.3 0 -9999.9 1 -9999.9 1    66.7 0   383.4 0   306.8 0   305.0 0   420.8 0   293.7 0   293.7 0     4.8 0    28.3 0 -9999.9 1   -37.4 0 -9999.9 1 -9999.9 1 -9999.9 1 -9999.9 1   177.8 0 -9999.9 1
 1999 172  6 21 23 39 23.650  71.88    53.6 0 -9999.9 1 -9999.9 1    62.3 0   383.5 0   306.8 0   304.9 0   420.4 0   293.7 0   293.7 0     4.4 0    26.3 0 -9999.9 1   -36.9 0 -9999.9 1 -9999.9 1 -9999.9 1 -9999.9 1   174.2 0 -9999.9 1
 1999 172  6 21 23 42 23.700  72.43    48.4 0 -9999.9 1 -9999.9 1    57.0 0   382.4 0   306.6 0   304.8 0   419.1 0   293.6 0   293.6 0     3.9 0    23.9 0 -9999.9 1   -36.8 0 -9999.9 1 -9999.9 1 -9999.9 1 -9999.9 1   176.8 0 -9999.9 1
 1999 172  6 21 23 48 23.800  73.52    42.7 0 -9999.9 1 -9999.9 1    50.5 0   380.5 0   306.5 0   304.8 0   418.0 0   293.5 0   293.5 0     3.4 2    21.0 0 -9999.9 1   -37.6 0 -9999.9 1 -9999.9 1 -9999.9 1 -9999.9 1   184.0 0 -9999.9 1
 1999 172  6 21 23 51 23.850  74.07    40.8 0 -9999.9 1 -9999.9 1    48.7 0   382.5 0   306.6 0   304.8 0   418.9 0   293.6 0   293.6 0     3.2 0    20.1 0 -9999.9 1   -36.3 0 -9999.9 1 -9999.9 1 -9999.9 1 -9999.9 1   183.2 0 -9999.9 1
 1999 172  6 21 23 54 23.900  74.61    39.9 0 -9999.9 1 -9999.9 1    47.8 0   383.0 0   306.6 0   304.9 0   418.8 0   293.7 0   293.7 0     3.1 0    19.7 0 -9999.9 1   -35.8 0 -9999.9 1 -9999.9 1 -9999.9 1 -9999.9 1   182.4 0 -9999.9 1
 1999 172  6 21 23 57 23.950  75.16    52.2 0 -9999.9 1 -9999.9 1    50.6 0   381.6 0   306.5 0   304.8 0   419.6 0   293.6 0   293.6 0     3.0 0    21.9 0 -9999.9 1   -38.1 0 -9999.9 1 -9999.9 1 -9999.9 1 -9999.9 1   185.7 0 -9999.9 1
