 Bondville
   40.05  -88.37  213 m version 1
 1999 167  6 16  0  3  0.050  76.54   135.1 0 -9999.9 1 -9999.9 1    68.0 0   270.8 0   302.3 0   299.6 0   384.6 0   288.6 0   288.5 0     7.6 2    63.4 0 -9999.9 1  -113.7 0 -9999.9 1 -9999.9 1 -9999.9 1 -9999.9 1    15.2 0 -9999.9 1
 1999 167  6 16  0  6  0.100  77.08   136.8 0 -9999.9 1 -9999.9 1    66.3 0   268.2 0   302.0 0   299.4 0   383.1 0   288.4 0   288.3 0     7.1 2    63.0 0 -9999.9 1  -114.9 0 -9999.9 1 -9999.9 1 -9999.9 1 -9999.9 1    14.7 0 -9999.9 1
 1999 167  6 16  0  9  0.150  77.62   119.5 0 -9999.9 1 -9999.9 1    63.5 0   267.5 0   301.8 0   299.3 0   382.2 0   288.2 0   288.2 0     6.5 2    55.6 0 -9999.9 1  -114.7 0 -9999.9 1 -9999.9 1 -9999.9 1 -9999.9 1    17.4 0 -9999.9 1
 1999 167  6 16  0 12  0.200  78.15   122.8 0 -9999.9 1 -9999.9 1    65.7 0   271.1 0   301.7 0   299.0 0   383.1 0   288.2 0   288.2 0     6.1 2    57.2 0 -9999.9 1  -112.0 0 -9999.9 1 -9999.9 1 -9999.9 1 -9999.9 1    20.7 0 -9999.9 1
 1999 167  6 16  0 18  0.300  79.22   101.9 0 -9999.9 1 -9999.9 1    62.0 0   278.4 0   301.5 0   298.8 0   384.6 0   288.4 0   288.4 0     5.4 0    49.5 0 -9999.9 1  -106.2 0 -9999.9 1 -9999.9 1 -9999.9 1 -9999.9 1    30.9 0 -9999.9 1
 1999 167  6 16  0 21  0.350  79.75   123.5 0 -9999.9 1 -9999.9 1    59.3 0   275.4 0   301.2 0   298.6 0   384.2 0   288.3 0   288.2 0     4.9 0    56.7 0 -9999.9 1  -108.8 0 -9999.9 1 -9999.9 1 -9999.9 1 -9999.9 1    26.3 0 -9999.9 1
 1999 167  6 16  0 24  0.400  80.27   110.8 0 -9999.9 1 -9999.9 1    58.2 0   274.2 0   300.9 0   298.4 0   383.9 0   288.2 0   288.2 0     4.6 0    52.2 0 -9999.9 1  -109.7 0 -9999.9 1 -9999.9 1 -9999.9 1 -9999.9 1    27.6 0 -9999.9 1
 1999 167  6 16  0 27  0.450  80.80    88.6 0 -9999.9 1 -9999.9 1    52.5 0   273.4 0   300.6 0   297.8 0   381.1 0   288.0 0   287.9 0     4.2 2    43.0 0 -9999.9 1  -107.6 0 -9999.9 1 -9999.9 1 -9999.9 1 -9999.9 1    31.9 0 -9999.9 1
 1999 167  6 16  0 33  0.550  81.84    93.4 0 -9999.9 1 -9999.9 1    49.5 0   269.2 0   299.9 0   297.5 0   379.4 0   287.6 0   287.6 0     3.3 2    43.4 0 -9999.9 1  -110.2 0 -9999.9 1 -9999.9 1 -9999.9 1 -9999.9 1    24.0 0 -9999.9 1
 1999 167  6 16  0 36  0.600  82.36    92.7 0 -9999.9 1 -9999.9 1    53.0 0   270.1 0   299.7 0   297.2 0   379.0 0   287.5 0   287.5 0     3.0 2    43.0 0 -9999.9 1  -108.9 0 -9999.9 1 -9999.9 1 -9999.9 1 -9999.9 1    22.6 0 -9999.9 1
 1999 167  6 16  0 39  0.650  82.87    93.0 0 -9999.9 1 -9999.9 1    55.3 0   270.0 0   299.5 0   297.0 0   378.7 0   287.4 0   287.4 0     2.7 2    42.5 0 -9999.9 1  -108.7 0 -9999.9 1 -9999.9 1 -9999.9 1 -9999.9 1    24.8 0 -9999.9 1
 1999 167  6 16  0 42  0.700  83.38    86.6 0 -9999.9 1 -9999.9 1    54.1 0   271.7 0   299.3 0   296.8 0   378.7 0   287.4 0   287.3 0     2.4 2    39.1 0 -9999.9 1  -107.0 0 -9999.9 1 -9999.9 1 -9999.9 1 -9999.9 1    28.0 0 -9999.9 1
 1999 167  6 16  0 48  0.800  84.40    71.2 0 -9999.9 1 -9999.9 1    46.2 0   273.5 0   299.2 0   296.6 0   378.2 0   287.4 0   287.4 0     1.8 2    31.4 0 -9999.9 1  -104.7 0 -9999.9 1 -9999.9 1 -9999.9 1 -9999.9 1    32.2 0 -9999.9 1
 1999 167  6 16  0 51  0.850  84.90    65.6 0 -9999.9 1 -9999.9 1    41.5 0   272.6 0   299.1 0   296.6 0   377.7 0   287.5 0   287.4 0     1.5 2    28.2 0 -9999.9 1  -105.1 0 -9999.9 1 -9999.9 1 -9999.9 1 -9999.9 1    32.8 0 -9999.9 1
 1999 167  6 16  0 54  0.900  85.40    52.6 0 -9999.9 1 -9999.9 1    37.1 0   270.8 0   298.8 0   296.5 0   376.4 0   287.4 0   287.3 0     1.3 2    23.8 0 -9999.9 1  -105.6 0 -9999.9 1 -9999.9 1 -9999.9 1 -9999.9 1    29.1 0 -9999.9 1
 1999 167  6 16  0 57  0.950  85.89    45.2 0 -9999.9 1 -9999.9 1    32.2 0   269.6 0   298.6 0   296.3 0   375.1 0   287.3 0   287.2 0     1.2 2    20.5 0 -9999.9 1  -105.5 0 -9999.9 1 -9999.9 1 -9999.9 1 -9999.9 1    36.8 0 -9999.9 1
 1999 167  6 16  1  3  1.050  86.86    28.3 0 -9999.9 1 -9999.9 1    24.4 0   272.6 0   298.5 0   296.1 0   375.1 0   287.4 0   287.3 0     0.8 0    14.6 0 -9999.9 1  -102.5 0 -9999.9 1 -9999.9 1 -9999.9 1 -9999.9 1    30.7 0 -9999.9 1
 1999 167  6 16  1  6  1.100  87.33    21.5 0 -9999.9 1 -9999.9 1    20.9 0   272.4 0   298.2 0   295.8 0   373.7 0   287.2 0   287.1 0     0.8 0    12.0 0 -9999.9 1  -101.3 0 -9999.9 1 -9999.9 1 -9999.9 1 -9999.9 1    34.8 0 -9999.9 1
 1999 167  6 16  1  9  1.150  87.80    16.5 0 -9999.9 1 -9999.9 1    15.8 0   269.9 0   297.8 0   295.5 0   372.2 0   287.0 0   286.8 0     0.6 0     9.5 0 -9999.9 1  -102.3 0 -9999.9 1 -9999.9 1 -9999.9 1 -9999.9 1    35.9 0 -9999.9 1
 1999 167  6 16  1 12  1.200  88.25    11.6 0 -9999.9 1 -9999.9 1    11.2 0   270.2 0   297.6 0   295.4 0   371.4 0   286.9 0   286.8 0     0.5 0     7.3 0 -9999.9 1  -101.2 0 -9999.9 1 -9999.9 1 -9999.9 1 -9999.9 1    34.9 0 -9999.9 1
 1999 167  6 16  1 18  1.300  89.11     4.3 0 -9999.9 1 -9999.9 1     3.8 0   269.5 0   297.3 0   295.2 0   369.7 0   286.8 0   286.7 0     0.3 0     4.0 0 -9999.9 1  -100.2 0 -9999.9 1 -9999.9 1 -9999.9 1 -9999.9 1    36.0 0 -9999.9 1
 1999 167  6 16  1 21  1.350  89.51     2.6 0 -9999.9 1 -9999.9 1     3.5 0   269.4 0   297.2 0   295.0 0   369.6 0   286.8 0   286.6 0     0.3 0     3.1 0 -9999.9 1  -100.2 0 -9999.9 1 -9999.9 1 -9999.9 1 -9999.9 1    37.6 0 -9999.9 1
 1999 167  6 16  1 24  1.400  89.87     2.1 0 -9999.9 1 -9999.9 1     4.2 0   268.6 0   297.0 0   294.9 0   369.6 0   286.7 0   286.6 0     0.2 0     2.5 0 -9999.9 1  -101.0 0 -9999.9 1 -9999.9 1 -9999.9 1 -9999.9 1    37.1 0 -9999.9 1
 1999 167  6 16  1 27  1.450  91.07     0.9 0 -9999.9 1 -9999.9 1     3.3 0   267.1 0   296.9 0   294.8 0   368.9 0   286.6 0   286.5 0     0.0 0     1.8 0 -9999.9 1  -101.8 0 -9999.9 1 -9999.9 1 -9999.9 1 -9999.9 1    39.1 0 -9999.9 1
 1999 167  6 16  1 33  1.550  92.03    -3.0 0 -9999.9 1 -9999.9 1    -0.1 0   267.3 0   296.6 0   294.5 0   367.7 0   286.4 0   286.3 0     0.0 0     0.6 0 -9999.9 1  -100.4 0 -9999.9 1 -9999.9 1 -9999.9 1 -9999.9 1    39.7 0 -9999.9 1
 1999 167  6 16  1 36  1.600  92.51    -3.6 0 -9999.9 1 -9999.9 1    -0.4 0   266.9 0   296.3 0   294.2 0   367.3 0   286.2 0   286.1 0     0.0 0     0.3 0 -9999.9 1  -100.3 0 -9999.9 1 -9999.9 1 -9999.9 1 -9999.9 1    38.9 0 -9999.9 1
 1999 167  6 16  1 39  1.650  92.99    -4.0 0 -9999.9 1 -9999.9 1    -0.8 0   266.0 0   296.1 0   294.1 0   365.4 0   286.0 0   285.9 0     0.0 0     0.1 0 -9999.9 1   -99.4 0 -9999.9 1 -9999.9 1 -9999.9 1 -9999.9 1    37.2 0 -9999.9 1
 1999 167  6 16  1 42  1.700  93.46    -4.2 0 -9999.9 1 -9999.9 1    -0.5 0   266.0 0   296.0 0   294.0 0   365.1 0   285.9 0   285.8 0     0.0 0     0.0 0 -9999.9 1   -99.1 0 -9999.9 1 -9999.9 1 -9999.9 1 -9999.9 1    38.0 0 -9999.9 1
 1999 167  6 16  1 48  1.800  94.40    -4.5 0 -9999.9 1 -9999.9 1    -0.6 0   267.3 0   295.8 0   293.7 0   365.6 0   285.8 0   285.7 0     0.0 0    -0.2 0 -9999.9 1   -98.2 0 -9999.9 1 -9999.9 1 -9999.9 1 -9999.9 1    38.9 0 -9999.9 1
 1999 167  6 16  1 51  1.850  94.86    -4.6 0 -9999.9 1 -9999.9 1    -0.7 0   267.9 0   295.7 0   293.7 0   365.1 0   285.7 0   285.6 0     0.0 0    -0.2 0 -9999.9 1   -97.2 0 -9999.9 1 -9999.9 1 -9999.9 1 -9999.9 1    40.2 0 -9999.9 1
 1999 167  6 16  1 54  1.900  95.32    -4.6 0 -9999.9 1 -9999.9 1    -0.9 0   267.9 0   295.5 0   293.6 0   364.8 0   285.6 0   285.5 0     0.0 0    -0.2 0 -9999.9 1   -96.9 0 -9999.9 1 -9999.9 1 -9999.9 1 -9999.9 1    40.1 0 -9999.9 1
 1999 167  6 16  1 57  1.950  95.78    -4.7 0 -9999.9 1 -9999.9 1    -0.6 0   268.5 0   295.5 0   293.5 0   364.7 0   285.6 0   285.4 0     0.0 0    -0.2 0 -9999.9 1   -96.2 0 -9999.9 1 -9999.9 1 -9999.9 1 -9999.9 1    38.0 0 -9999.9 1
 1999 167  6 16  2  3  2.050  96.69    -4.6 0 -9999.9 1 -9999.9 1    -0.3 0   269.4 0   295.4 0   293.5 0   363.5 0   285.5 0   285.3 0     0.0 0    -0.2 0 -9999.9 1   -94.1 0 -9999.9 1 -9999.9 1 -9999.9 1 -9999.9 1    38.8 0 -9999.9 1
 1999 167  6 16  2  6  2.100  97.14    -4.5 0 -9999.9 1 -9999.9 1    -0.4 0   270.4 0   295.4 0   293.5 0   363.4 0   285.4 0   285.3 0     0.0 0    -0.3 0 -9999.9 1   -93.1 0 -9999.9 1 -9999.9 1 -9999.9 1 -9999.9 1    34.7 0 -9999.9 1
 1999 167  6 16  2  9  2.150  97.58    -4.6 0 -9999.9 1 -9999.9 1     0.1 0   270.7 0   295.3 0   293.4 0   363.2 0   285.4 0   285.2 0     0.0 0    -0.3 0 -9999.9 1   -92.6 0 -9999.9 1 -9999.9 1 -9999.9 1 -9999.9 1    28.8 0 -9999.9 1
 1999 167  6 16  2 12  2.200  98.03    -4.5 0 -9999.9 1 -9999.9 1    -0.1 0   270.8 0   295.3 0   293.5 0   362.9 0   285.3 0   285.2 0     0.0 0    -0.2 0 -9999.9 1   -92.1 0 -9999.9 1 -9999.9 1 -9999.9 1 -9999.9 1    28.6 0 -9999.9 1
 1999 167  6 16  2 18  2.300  98.90    -4.5 0 -9999.9 1 -9999.9 1    -0.4 0   270.7 0   295.3 0   293.5 0   362.0 0   285.2 0   285.1 0     0.0 0    -0.2 0 -9999.9 1   -91.3 0 -9999.9 1 -9999.9 1 -9999.9 1 -9999.9 1    34.8 0 -9999.9 1
 1999 167  6 16  2 21  2.350  99.33    -4.5 0 -9999.9 1 -9999.9 1    -0.8 0   270.2 0   295.3 0   293.5 0   361.4 0   285.2 0   285.1 0     0.0 0    -0.2 0 -9999.9 1   -91.2 0 -9999.9 1 -9999.9 1 -9999.9 1 -9999.9 1    38.9 0 -9999.9 1
 1999 167  6 16  2 24  2.400  99.76    -4.5 0 -9999.9 1 -9999.9 1    -1.0 0   270.0 0   295.3 0   293.5 0   361.3 0   285.1 0   285.0 0     0.0 0    -0.2 0 -9999.9 1   -91.3 0 -9999.9 1 -9999.9 1 -9999.9 1 -9999.9 1    40.0 0 -9999.9 1
 1999 167  6 16  2 27  2.450 100.19    -4.6 0 -9999.9 1 -9999.9 1    -1.1 0   267.3 0   295.1 0   293.2 0   359.6 0   284.7 0   284.6 0     0.0 0    -0.2 0 -9999.9 1   -92.3 0 -9999.9 1 -9999.9 1 -9999.9 1 -9999.9 1    38.2 0 -9999.9 1
 1999 167  6 16  2 33  2.550 101.02    -4.6 0 -9999.9 1 -9999.9 1    -1.4 0   264.5 0   294.8 0   292.9 0   357.6 0   284.3 0   284.2 0     0.0 0    -0.2 0 -9999.9 1   -93.1 0 -9999.9 1 -9999.9 1 -9999.9 1 -9999.9 1    43.1 0 -9999.9 1
 1999 167  6 16  2 36  2.600 101.44    -4.6 0 -9999.9 1 -9999.9 1    -1.8 0   263.4 0   294.8 0   292.9 0   356.7 0   284.3 0   284.2 0     0.0 0    -0.2 0 -9999.9 1   -93.3 0 -9999.9 1 -9999.9 1 -9999.9 1 -9999.9 1    44.2 0 -9999.9 1
 1999 167  6 16  2 39  2.650 101.85    -4.5 0 -9999.9 1 -9999.9 1    -2.0 0   262.9 0   294.7 0   292.9 0   355.6 0   284.1 0   284.0 0     0.0 0    -0.1 0 -9999.9 1   -92.6 0 -9999.9 1 -9999.9 1 -9999.9 1 -9999.9 1    43.9 0 -9999.9 1
 1999 167  6 16  2 42  2.700 102.25    -4.4 0 -9999.9 1 -9999.9 1    -2.2 0   262.4 0   294.7 0   292.9 0   354.6 0   284.1 0   284.0 0     0.0 0    -0.2 0 -9999.9 1   -92.2 0 -9999.9 1 -9999.9 1 -9999.9 1 -9999.9 1    45.9 0 -9999.9 1
 1999 167  6 16  2 48  2.800 103.05    -4.2 0 -9999.9 1 -9999.9 1    -2.4 0   262.2 0   294.7 0   292.9 0   352.7 0   283.9 0   283.8 0     0.0 0    -0.2 0 -9999.9 1   -90.5 0 -9999.9 1 -9999.9 1 -9999.9 1 -9999.9 1    45.6 0 -9999.9 1
 1999 167  6 16  2 51  2.850 103.44    -4.1 0 -9999.9 1 -9999.9 1    -2.4 0   262.1 0   294.6 0   292.9 0   352.1 0   283.8 0   283.7 0     0.0 0    -0.2 0 -9999.9 1   -90.0 0 -9999.9 1 -9999.9 1 -9999.9 1 -9999.9 1    42.8 0 -9999.9 1
 1999 167  6 16  2 54  2.900 103.83    -4.1 0 -9999.9 1 -9999.9 1    -2.2 0   262.0 0   294.6 0   292.8 0   352.6 0   283.7 0   283.6 0     0.0 0    -0.2 0 -9999.9 1   -90.6 0 -9999.9 1 -9999.9 1 -9999.9 1 -9999.9 1    38.1 0 -9999.9 1
 1999 167  6 16  2 57  2.950 104.21    -4.1 0 -9999.9 1 -9999.9 1    -2.0 0   263.2 0   294.8 0   293.0 0   353.7 0   283.8 0   283.7 0     0.0 0    -0.2 0 -9999.9 1   -90.5 0 -9999.9 1 -9999.9 1 -9999.9 1 -9999.9 1    37.6 0 -9999.9 1
 1999 167  6 16  3  3  3.050 104.97    -4.2 0 -9999.9 1 -9999.9 1    -2.1 0   264.3 0   294.9 0   293.1 0   353.9 0   283.8 0   283.7 0     0.0 0    -0.2 0 -9999.9 1   -89.6 0 -9999.9 1 -9999.9 1 -9999.9 1 -9999.9 1    41.5 0 -9999.9 1
 1999 167  6 16  3  6  3.100 105.34    -4.2 0 -9999.9 1 -9999.9 1    -1.5 0   265.0 0   294.9 0   293.1 0   354.0 0   283.7 0   283.6 0     0.0 0    -0.2 0 -9999.9 1   -89.1 0 -9999.9 1 -9999.9 1 -9999.9 1 -9999.9 1    33.6 0 -9999.9 1
 1999 167  6 16  3  9  3.150 105.71    -4.2 0 -9999.9 1 -9999.9 1    -0.9 0   265.5 0   295.0 0   293.3 0   354.9 0   283.7 0   283.6 0     0.0 0    -0.2 0 -9999.9 1   -89.3 0 -9999.9 1 -9999.9 1 -9999.9 1 -9999.9 1    27.0 0 -9999.9 1
 1999 167  6 16  3 12  3.200 106.07    -4.1 0 -9999.9 1 -9999.9 1    -1.2 0   265.2 0   295.1 0   293.5 0   354.6 0   283.7 0   283.6 0     0.0 0    -0.2 0 -9999.9 1   -89.3 0 -9999.9 1 -9999.9 1 -9999.9 1 -9999.9 1    17.4 0 -9999.9 1
 1999 167  6 16  3 18  3.300 106.77    -4.1 0 -9999.9 1 -9999.9 1    -1.0 0   267.5 0   295.0 0   293.3 0   354.4 0   283.3 0   283.2 0     0.0 0    -0.2 0 -9999.9 1   -86.9 0 -9999.9 1 -9999.9 1 -9999.9 1 -9999.9 1    19.5 0 -9999.9 1
 1999 167  6 16  3 21  3.350 107.12    -4.2 0 -9999.9 1 -9999.9 1    -0.8 0   268.1 0   295.0 0   293.1 0   354.4 0   283.1 0   283.0 0     0.0 0    -0.2 0 -9999.9 1   -86.4 0 -9999.9 1 -9999.9 1 -9999.9 1 -9999.9 1    22.5 0 -9999.9 1
 1999 167  6 16  3 24  3.400 107.46    -4.4 0 -9999.9 1 -9999.9 1    -0.1 0   270.8 0   295.1 0   293.2 0   355.5 0   283.1 0   283.0 0     0.0 0    -0.2 0 -9999.9 1   -84.7 0 -9999.9 1 -9999.9 1 -9999.9 1 -9999.9 1    22.5 0 -9999.9 1
 1999 167  6 16  3 27  3.450 107.80    -4.5 0 -9999.9 1 -9999.9 1     0.0 0   273.0 0   295.2 0   293.2 0   356.1 0   283.1 0   283.0 0     0.0 0    -0.2 0 -9999.9 1   -83.1 0 -9999.9 1 -9999.9 1 -9999.9 1 -9999.9 1    23.7 0 -9999.9 1
 1999 167  6 16  3 33  3.550 108.46    -4.5 0 -9999.9 1 -9999.9 1     0.0 0   274.4 0   295.3 0   293.6 0   355.4 0   283.2 0   283.1 0     0.0 0    -0.2 0 -9999.9 1   -81.0 0 -9999.9 1 -9999.9 1 -9999.9 1 -9999.9 1    20.7 0 -9999.9 1
 1999 167  6 16  3 36  3.600 108.78    -4.2 0 -9999.9 1 -9999.9 1    -0.6 0   273.4 0   295.4 0   293.8 0   355.3 0   283.2 0   283.1 0     0.0 0    -0.2 0 -9999.9 1   -81.9 0 -9999.9 1 -9999.9 1 -9999.9 1 -9999.9 1    20.3 0 -9999.9 1
 1999 167  6 16  3 39  3.650 109.09    -4.1 0 -9999.9 1 -9999.9 1    -0.9 0   273.3 0   295.5 0   293.7 0   355.2 0   283.2 0   283.1 0     0.0 0    -0.2 0 -9999.9 1   -81.9 0 -9999.9 1 -9999.9 1 -9999.9 1 -9999.9 1    25.2 0 -9999.9 1
 1999 167  6 16  3 42  3.700 109.40    -4.2 0 -9999.9 1 -9999.9 1    -0.9 0   273.1 0   295.5 0   293.7 0   355.1 0   283.1 0   283.0 0     0.0 0    -0.1 0 -9999.9 1   -82.0 0 -9999.9 1 -9999.9 1 -9999.9 1 -9999.9 1    25.3 0 -9999.9 1
 1999 167  6 16  3 48  3.800 110.01    -4.3 0 -9999.9 1 -9999.9 1    -0.8 0   273.4 0   295.7 0   293.8 0   355.0 0   283.1 0   283.0 0     0.0 0    -0.2 0 -9999.9 1   -81.6 0 -9999.9 1 -9999.9 1 -9999.9 1 -9999.9 1    33.7 0 -9999.9 1
 1999 167  6 16  3 51  3.850 110.30    -4.3 0 -9999.9 1 -9999.9 1    -1.1 0   273.5 0   295.7 0   293.7 0   355.1 0   283.1 0   283.0 0     0.0 0    -0.2 0 -9999.9 1   -81.6 0 -9999.9 1 -9999.9 1 -9999.9 1 -9999.9 1    40.6 0 -9999.9 1
 1999 167  6 16  3 54  3.900 110.59    -4.4 0 -9999.9 1 -9999.9 1    -1.1 0   273.9 0   295.8 0   293.7 0   355.6 0   283.1 0   283.0 0     0.0 0    -0.1 0 -9999.9 1   -81.8 0 -9999.9 1 -9999.9 1 -9999.9 1 -9999.9 1    41.3 0 -9999.9 1
 1999 167  6 16  3 57  3.950 110.87    -4.5 0 -9999.9 1 -9999.9 1    -0.8 0   273.3 0   295.7 0   293.5 0   355.7 0   283.0 0   282.9 0     0.0 0    -0.2 0 -9999.9 1   -82.4 0 -9999.9 1 -9999.9 1 -9999.9 1 -9999.9 1    37.9 0 -9999.9 1
 1999 167  6 16  4  3  4.050 111.41    -4.6 0 -9999.9 1 -9999.9 1     0.1 0   268.1 0   295.2 0   293.1 0   354.0 0   282.6 0   282.5 0     0.0 0    -0.2 0 -9999.9 1   -85.9 0 -9999.9 1 -9999.9 1 -9999.9 1 -9999.9 1    38.1 0 -9999.9 1
 1999 167  6 16  4  6  4.100 111.68    -4.7 0 -9999.9 1 -9999.9 1     0.1 0   267.0 0   295.1 0   293.1 0   353.7 0   282.6 0   282.5 0     0.0 0    -0.2 0 -9999.9 1   -86.7 0 -9999.9 1 -9999.9 1 -9999.9 1 -9999.9 1    35.7 0 -9999.9 1
 1999 167  6 16  4  9  4.150 111.94    -4.7 0 -9999.9 1 -9999.9 1    -0.1 0   265.1 0   295.0 0   292.9 0   352.9 0   282.5 0   282.4 0     0.0 0    -0.2 0 -9999.9 1   -87.7 0 -9999.9 1 -9999.9 1 -9999.9 1 -9999.9 1    39.5 0 -9999.9 1
 1999 167  6 16  4 12  4.200 112.19    -4.7 0 -9999.9 1 -9999.9 1    -0.3 0   265.4 0   295.0 0   292.9 0   352.8 0   282.5 0   282.4 0     0.0 0    -0.2 0 -9999.9 1   -87.4 0 -9999.9 1 -9999.9 1 -9999.9 1 -9999.9 1    39.2 0 -9999.9 1
 1999 167  6 16  4 18  4.300 112.67    -4.7 0 -9999.9 1 -9999.9 1    -0.3 0   265.2 0   294.8 0   292.8 0   352.6 0   282.5 0   282.4 0     0.0 0    -0.2 0 -9999.9 1   -87.3 0 -9999.9 1 -9999.9 1 -9999.9 1 -9999.9 1    42.9 0 -9999.9 1
 1999 167  6 16  4 21  4.350 112.90    -4.7 0 -9999.9 1 -9999.9 1    -0.6 0   265.6 0   294.7 0   292.7 0   352.8 0   282.5 0   282.5 0     0.0 0    -0.2 0 -9999.9 1   -87.1 0 -9999.9 1 -9999.9 1 -9999.9 1 -9999.9 1    42.8 0 -9999.9 1
 1999 167  6 16  4 24  4.400 113.13    -4.7 0 -9999.9 1 -9999.9 1    -0.7 0   266.7 0   294.6 0   292.5 0   352.6 0   282.4 0   282.4 0     0.0 0    -0.2 0 -9999.9 1   -86.0 0 -9999.9 1 -9999.9 1 -9999.9 1 -9999.9 1    43.7 0 -9999.9 1
 1999 167  6 16  4 27  4.450 113.35    -4.7 0 -9999.9 1 -9999.9 1    -0.5 0   267.6 0   294.4 0   292.4 0   352.3 0   282.3 0   282.2 0     0.0 0    -0.2 0 -9999.9 1   -84.7 0 -9999.9 1 -9999.9 1 -9999.9 1 -9999.9 1    41.8 0 -9999.9 1
 1999 167  6 16  4 33  4.550 113.77    -4.8 0 -9999.9 1 -9999.9 1    -0.2 0   274.6 0   294.1 0   292.2 0   352.7 0   282.2 0   282.2 0     0.0 2    -0.2 0 -9999.9 1   -78.1 0 -9999.9 1 -9999.9 1 -9999.9 1 -9999.9 1    42.1 0 -9999.9 1
 1999 167  6 16  4 36  4.600 113.97    -4.7 0 -9999.9 1 -9999.9 1    -0.4 0   284.9 0   294.2 0   292.3 0   354.5 0   282.5 0   282.4 0     0.0 0    -0.2 0 -9999.9 1   -69.7 0 -9999.9 1 -9999.9 1 -9999.9 1 -9999.9 1    47.1 0 -9999.9 1
 1999 167  6 16  4 39  4.650 114.16    -4.8 0 -9999.9 1 -9999.9 1    -0.2 0   298.4 0   294.3 0   292.4 0   356.8 0   282.6 0   282.6 0     0.0 0    -0.2 0 -9999.9 1   -58.4 0 -9999.9 1 -9999.9 1 -9999.9 1 -9999.9 1    46.5 0 -9999.9 1
 1999 167  6 16  4 42  4.700 114.35    -4.9 0 -9999.9 1 -9999.9 1     0.0 0   306.4 0   294.3 0   292.3 0   358.8 0   282.8 0   282.7 0     0.0 0    -0.2 0 -9999.9 1   -52.4 0 -9999.9 1 -9999.9 1 -9999.9 1 -9999.9 1    50.5 0 -9999.9 1
 1999 167  6 16  4 48  4.800 114.70    -4.9 0 -9999.9 1 -9999.9 1     0.1 0   311.6 0   294.0 0   292.2 0   359.1 0   282.7 0   282.7 0     0.0 0    -0.2 0 -9999.9 1   -47.5 0 -9999.9 1 -9999.9 1 -9999.9 1 -9999.9 1    55.8 0 -9999.9 1
 1999 167  6 16  4 51  4.850 114.86    -4.8 0 -9999.9 1 -9999.9 1    -0.1 0   313.6 0   294.1 0   292.3 0   360.3 0   282.9 0   282.9 0     0.0 0    -0.2 0 -9999.9 1   -46.7 0 -9999.9 1 -9999.9 1 -9999.9 1 -9999.9 1    57.5 0 -9999.9 1
 1999 167  6 16  4 54  4.900 115.02    -4.8 0 -9999.9 1 -9999.9 1    -0.1 0   315.9 0   294.1 0   292.3 0   361.1 0   283.0 0   283.0 0     0.0 0    -0.2 0 -9999.9 1   -45.2 0 -9999.9 1 -9999.9 1 -9999.9 1 -9999.9 1    57.6 0 -9999.9 1
 1999 167  6 16  4 57  4.950 115.17    -4.7 0 -9999.9 1 -9999.9 1     0.0 0   318.6 0   294.3 0   292.5 0   362.3 0   283.2 0   283.2 0     0.0 0    -0.2 0 -9999.9 1   -43.7 0 -9999.9 1 -9999.9 1 -9999.9 1 -9999.9 1    59.2 0 -9999.9 1
 1999 167  6 16  5  3  5.050 115.45    -4.7 0 -9999.9 1 -9999.9 1    -0.1 0   319.6 0   294.2 0   292.4 0   362.7 0   283.2 0   283.2 0     0.0 0    -0.2 0 -9999.9 1   -43.1 0 -9999.9 1 -9999.9 1 -9999.9 1 -9999.9 1    63.8 0 -9999.9 1
 1999 167  6 16  5  6  5.100 115.58    -4.7 0 -9999.9 1 -9999.9 1     0.0 0   322.2 0   294.2 0   292.4 0   363.2 0   283.3 0   283.3 0     0.0 0    -0.2 0 -9999.9 1   -41.0 0 -9999.9 1 -9999.9 1 -9999.9 1 -9999.9 1    60.4 0 -9999.9 1
 1999 167  6 16  5  9  5.150 115.70    -4.8 0 -9999.9 1 -9999.9 1     0.1 0   320.5 0   294.1 0   292.3 0   362.7 0   283.3 0   283.2 0     0.0 0    -0.2 0 -9999.9 1   -42.2 0 -9999.9 1 -9999.9 1 -9999.9 1 -9999.9 1    60.8 0 -9999.9 1
 1999 167  6 16  5 12  5.200 115.81    -4.7 0 -9999.9 1 -9999.9 1     0.0 0   320.2 0   294.1 0   292.4 0   363.2 0   283.3 0   283.3 0     0.0 0    -0.2 0 -9999.9 1   -43.0 0 -9999.9 1 -9999.9 1 -9999.9 1 -9999.9 1    58.3 0 -9999.9 1
 1999 167  6 16  5 18  5.300 116.02    -4.7 0 -9999.9 1 -9999.9 1    -0.3 0   323.4 0   294.2 0   292.5 0   363.9 0   283.5 0   283.5 0     0.0 0    -0.2 0 -9999.9 1   -40.6 0 -9999.9 1 -9999.9 1 -9999.9 1 -9999.9 1    61.6 0 -9999.9 1
 1999 167  6 16  5 21  5.350 116.11    -4.7 0 -9999.9 1 -9999.9 1    -0.1 0   324.4 0   294.3 0   292.5 0   364.7 0   283.7 0   283.6 0     0.0 0    -0.2 0 -9999.9 1   -40.3 0 -9999.9 1 -9999.9 1 -9999.9 1 -9999.9 1    59.3 0 -9999.9 1
 1999 167  6 16  5 24  5.400 116.20    -4.6 0 -9999.9 1 -9999.9 1    -0.1 0   324.2 0   294.3 0   292.6 0   365.0 0   283.7 0   283.7 0     0.0 0    -0.2 0 -9999.9 1   -40.8 0 -9999.9 1 -9999.9 1 -9999.9 1 -9999.9 1    56.9 0 -9999.9 1
 1999 167  6 16  5 27  5.450 116.27    -4.6 0 -9999.9 1 -9999.9 1     0.1 0   325.3 0   294.3 0   292.6 0   365.1 0   283.8 0   283.7 0     0.0 0    -0.2 0 -9999.9 1   -39.8 0 -9999.9 1 -9999.9 1 -9999.9 1 -9999.9 1    52.8 0 -9999.9 1
 1999 167  6 16  5 33  5.550 116.40    -4.7 0 -9999.9 1 -9999.9 1     0.3 0   323.5 0   294.3 0   292.5 0   365.1 0   283.9 0   283.8 0     0.0 0    -0.2 0 -9999.9 1   -41.6 0 -9999.9 1 -9999.9 1 -9999.9 1 -9999.9 1    49.8 0 -9999.9 1
 1999 167  6 16  5 36  5.600 116.46    -4.6 0 -9999.9 1 -9999.9 1     0.1 0   324.1 0   294.4 0   292.5 0   365.3 0   283.9 0   283.9 0     0.0 0    -0.2 0 -9999.9 1   -41.2 0 -9999.9 1 -9999.9 1 -9999.9 1 -9999.9 1    46.9 0 -9999.9 1
 1999 167  6 16  5 39  5.650 116.50    -4.7 0 -9999.9 1 -9999.9 1     0.4 0   327.7 0   294.3 0   292.5 0   365.8 0   284.0 0   283.9 0     0.0 0    -0.2 0 -9999.9 1   -38.1 0 -9999.9 1 -9999.9 1 -9999.9 1 -9999.9 1    48.2 0 -9999.9 1
 1999 167  6 16  5 42  5.700 116.54    -4.6 0 -9999.9 1 -9999.9 1     0.1 0   327.8 0   294.3 0   292.5 0   365.8 0   283.9 0   283.9 0     0.0 0    -0.2 0 -9999.9 1   -38.0 0 -9999.9 1 -9999.9 1 -9999.9 1 -9999.9 1    51.4 0 -9999.9 1
 1999 167  6 16  5 48  5.800 116.59    -4.6 0 -9999.9 1 -9999.9 1    -0.1 0   327.1 0   294.1 0   292.4 0   365.4 0   283.9 0   283.9 0     0.0 0    -0.2 0 -9999.9 1   -38.3 0 -9999.9 1 -9999.9 1 -9999.9 1 -9999.9 1    51.0 0 -9999.9 1
 1999 167  6 16  5 51  5.850 116.61    -4.5 0 -9999.9 1 -9999.9 1    -0.2 0   328.5 0   294.2 0   292.4 0   365.6 0   284.0 0   283.9 0     0.0 0    -0.2 0 -9999.9 1   -37.0 0 -9999.9 1 -9999.9 1 -9999.9 1 -9999.9 1    50.7 0 -9999.9 1
 1999 167  6 16  5 54  5.900 116.62    -4.5 0 -9999.9 1 -9999.9 1     0.2 0   329.4 0   294.1 0   292.4 0   365.3 0   283.9 0   283.8 0     0.0 0    -0.3 0 -9999.9 1   -35.8 0 -9999.9 1 -9999.9 1 -9999.9 1 -9999.9 1    47.7 0 -9999.9 1
 1999 167  6 16  5 57  5.950 116.62    -4.5 0 -9999.9 1 -9999.9 1     0.1 0   328.0 0   293.9 0   292.1 0   364.2 0   283.7 0   283.6 0     0.0 0    -0.2 0 -9999.9 1   -36.3 0 -9999.9 1 -9999.9 1 -9999.9 1 -9999.9 1    49.4 0 -9999.9 1
 1999 167  6 16  6  3  6.050 116.59    -4.4 0 -9999.9 1 -9999.9 1     0.0 0   324.9 0   293.9 0   292.1 0   363.9 0   283.6 0   283.5 0     0.0 0    -0.2 0 -9999.9 1   -39.0 0 -9999.9 1 -9999.9 1 -9999.9 1 -9999.9 1    48.9 0 -9999.9 1
 1999 167  6 16  6  6  6.100 116.57    -4.3 0 -9999.9 1 -9999.9 1     0.3 0   324.3 0   293.9 0   292.2 0   364.1 0   283.6 0   283.6 0     0.0 0    -0.2 0 -9999.9 1   -39.8 0 -9999.9 1 -9999.9 1 -9999.9 1 -9999.9 1    46.3 0 -9999.9 1
 1999 167  6 16  6  9  6.150 116.54    -4.4 0 -9999.9 1 -9999.9 1    -0.2 0   322.8 0   293.9 0   292.2 0   364.3 0   283.6 0   283.6 0     0.0 0    -0.2 0 -9999.9 1   -41.4 0 -9999.9 1 -9999.9 1 -9999.9 1 -9999.9 1    50.3 0 -9999.9 1
 1999 167  6 16  6 12  6.200 116.50    -4.3 0 -9999.9 1 -9999.9 1     0.1 0   321.8 0   293.9 0   292.1 0   364.3 0   283.6 0   283.6 0     0.0 0    -0.2 0 -9999.9 1   -42.5 0 -9999.9 1 -9999.9 1 -9999.9 1 -9999.9 1    53.5 0 -9999.9 1
 1999 167  6 16  6 18  6.300 116.40    -4.5 0 -9999.9 1 -9999.9 1    -0.1 0   302.4 0   293.9 0   292.0 0   362.2 0   283.7 0   283.6 0     0.0 0    -0.2 0 -9999.9 1   -59.9 0 -9999.9 1 -9999.9 1 -9999.9 1 -9999.9 1    58.0 0 -9999.9 1
 1999 167  6 16  6 21  6.350 116.34    -4.6 0 -9999.9 1 -9999.9 1    -0.5 0   297.6 0   293.8 0   292.0 0   361.0 0   283.7 0   283.6 0     0.0 0    -0.2 0 -9999.9 1   -63.4 0 -9999.9 1 -9999.9 1 -9999.9 1 -9999.9 1    57.0 0 -9999.9 1
 1999 167  6 16  6 24  6.400 116.27    -4.6 0 -9999.9 1 -9999.9 1    -0.7 0   298.3 0   293.9 0   292.0 0   361.1 0   283.7 0   283.7 0     0.0 0    -0.2 0 -9999.9 1   -62.8 0 -9999.9 1 -9999.9 1 -9999.9 1 -9999.9 1    53.4 0 -9999.9 1
 1999 167  6 16  6 27  6.450 116.19    -4.5 0 -9999.9 1 -9999.9 1    -0.6 0   298.1 0   293.7 0   291.9 0   360.3 0   283.6 0   283.5 0     0.0 0    -0.2 0 -9999.9 1   -62.2 0 -9999.9 1 -9999.9 1 -9999.9 1 -9999.9 1    49.9 0 -9999.9 1
 1999 167  6 16  6 33  6.550 116.02    -4.7 0 -9999.9 1 -9999.9 1     0.2 0   295.8 0   293.6 0   291.6 0   360.3 0   283.5 0   283.4 0     0.0 0    -0.2 0 -9999.9 1   -64.5 0 -9999.9 1 -9999.9 1 -9999.9 1 -9999.9 1    47.6 0 -9999.9 1
 1999 167  6 16  6 36  6.600 115.92    -4.8 0 -9999.9 1 -9999.9 1     0.0 0   297.7 0   293.6 0   291.7 0   360.2 0   283.5 0   283.5 0     0.0 0    -0.2 0 -9999.9 1   -62.6 0 -9999.9 1 -9999.9 1 -9999.9 1 -9999.9 1    43.4 0 -9999.9 1
 1999 167  6 16  6 39  6.650 115.81    -4.7 0 -9999.9 1 -9999.9 1     0.6 0   302.1 0   293.6 0   291.7 0   360.8 0   283.6 0   283.5 0     0.0 0    -0.2 0 -9999.9 1   -58.7 0 -9999.9 1 -9999.9 1 -9999.9 1 -9999.9 1    39.3 0 -9999.9 1
 1999 167  6 16  6 42  6.700 115.70    -4.6 0 -9999.9 1 -9999.9 1     0.9 0   303.9 0   293.5 0   291.6 0   361.5 0   283.6 0   283.5 0     0.0 0    -0.2 0 -9999.9 1   -57.6 0 -9999.9 1 -9999.9 1 -9999.9 1 -9999.9 1    40.3 0 -9999.9 1
 1999 167  6 16  6 48  6.800 115.45    -4.6 0 -9999.9 1 -9999.9 1     0.9 0   299.7 0   293.5 0   291.6 0   360.9 0   283.6 0   283.5 0     0.0 0    -0.2 0 -9999.9 1   -61.2 0 -9999.9 1 -9999.9 1 -9999.9 1 -9999.9 1    36.7 0 -9999.9 1
 1999 167  6 16  6 51  6.850 115.31    -4.6 0 -9999.9 1 -9999.9 1     1.1 0   296.0 0   293.2 0   291.4 0   358.7 0   283.2 0   283.1 0     0.0 0    -0.2 0 -9999.9 1   -62.7 0 -9999.9 1 -9999.9 1 -9999.9 1 -9999.9 1    38.3 0 -9999.9 1
 1999 167  6 16  6 54  6.900 115.17    -4.5 0 -9999.9 1 -9999.9 1     0.4 0   291.1 0   292.9 0   291.2 0   356.7 0   282.9 0   282.8 0     0.0 0    -0.2 0 -9999.9 1   -65.5 0 -9999.9 1 -9999.9 1 -9999.9 1 -9999.9 1    37.3 0 -9999.9 1
 1999 167  6 16  6 57  6.950 115.02    -4.2 0 -9999.9 1 -9999.9 1     0.3 0   289.1 0   293.0 0   291.3 0   356.3 0   283.0 0   282.9 0     0.0 0    -0.1 0 -9999.9 1   -67.3 0 -9999.9 1 -9999.9 1 -9999.9 1 -9999.9 1    35.9 0 -9999.9 1
 1999 167  6 16  7  3  7.050 114.69    -4.3 0 -9999.9 1 -9999.9 1     0.2 0   285.4 0   293.0 0   291.3 0   355.4 0   282.8 0   282.7 0     0.0 0    -0.2 0 -9999.9 1   -70.1 0 -9999.9 1 -9999.9 1 -9999.9 1 -9999.9 1    32.3 0 -9999.9 1
 1999 167  6 16  7  6  7.100 114.52    -4.2 0 -9999.9 1 -9999.9 1    -0.1 0   280.0 0   292.9 0   291.1 0   354.3 0   282.6 0   282.5 0     0.0 0    -0.2 0 -9999.9 1   -74.3 0 -9999.9 1 -9999.9 1 -9999.9 1 -9999.9 1    35.9 0 -9999.9 1
 1999 167  6 16  7  9  7.150 114.34    -4.3 0 -9999.9 1 -9999.9 1    -0.1 0   277.1 0   293.0 0   291.1 0   354.5 0   282.6 0   282.5 0     0.0 0    -0.2 0 -9999.9 1   -77.4 0 -9999.9 1 -9999.9 1 -9999.9 1 -9999.9 1    40.3 0 -9999.9 1
 1999 167  6 16  7 12  7.200 114.16    -4.4 0 -9999.9 1 -9999.9 1     0.2 0   275.8 0   293.0 0   291.1 0   353.9 0   282.5 0   282.4 0     0.0 0    -0.2 0 -9999.9 1   -78.1 0 -9999.9 1 -9999.9 1 -9999.9 1 -9999.9 1    36.2 0 -9999.9 1
 1999 167  6 16  7 18  7.300 113.76    -4.2 0 -9999.9 1 -9999.9 1     0.4 0   272.6 0   293.1 0   291.2 0   353.0 0   282.4 0   282.3 0     0.0 0    -0.2 0 -9999.9 1   -80.4 0 -9999.9 1 -9999.9 1 -9999.9 1 -9999.9 1    34.3 0 -9999.9 1
 1999 167  6 16  7 21  7.350 113.56    -4.4 0 -9999.9 1 -9999.9 1    -0.2 0   270.8 0   293.0 0   291.2 0   352.7 0   282.3 0   282.2 0     0.0 0    -0.2 0 -9999.9 1   -81.8 0 -9999.9 1 -9999.9 1 -9999.9 1 -9999.9 1    32.7 0 -9999.9 1
 1999 167  6 16  7 24  7.400 113.34    -4.3 0 -9999.9 1 -9999.9 1    -0.3 0   271.1 0   293.1 0   291.3 0   353.0 0   282.4 0   282.3 0     0.0 0    -0.2 0 -9999.9 1   -81.9 0 -9999.9 1 -9999.9 1 -9999.9 1 -9999.9 1    34.0 0 -9999.9 1
 1999 167  6 16  7 27  7.450 113.13    -4.2 0 -9999.9 1 -9999.9 1    -0.2 0   272.5 0   293.2 0   291.3 0   353.0 0   282.4 0   282.3 0     0.0 0    -0.2 0 -9999.9 1   -80.5 0 -9999.9 1 -9999.9 1 -9999.9 1 -9999.9 1    34.3 0 -9999.9 1
 1999 167  6 16  7 33  7.550 112.67    -4.1 0 -9999.9 1 -9999.9 1     0.4 0   278.8 0   293.2 0   291.6 0   353.0 0   282.3 0   282.2 0     0.0 0    -0.2 0 -9999.9 1   -74.3 0 -9999.9 1 -9999.9 1 -9999.9 1 -9999.9 1    10.4 0 -9999.9 1
 1999 167  6 16  7 36  7.600 112.43    -4.1 0 -9999.9 1 -9999.9 1     0.2 0   279.3 0   293.3 0   291.6 0   352.6 0   282.2 0   282.1 0     0.0 0    -0.2 0 -9999.9 1   -73.3 0 -9999.9 1 -9999.9 1 -9999.9 1 -9999.9 1    11.3 0 -9999.9 1
 1999 167  6 16  7 39  7.650 112.18    -3.9 0 -9999.9 1 -9999.9 1     0.2 0   279.1 0   293.4 0   291.8 0   352.9 0   282.2 0   282.1 0     0.0 0    -0.2 0 -9999.9 1   -73.8 0 -9999.9 1 -9999.9 1 -9999.9 1 -9999.9 1    15.0 0 -9999.9 1
 1999 167  6 16  7 42  7.700 111.93    -4.0 0 -9999.9 1 -9999.9 1     0.2 0   274.4 0   293.6 0   291.9 0   353.1 0   282.2 0   282.1 0     0.0 0    -0.2 0 -9999.9 1   -78.7 0 -9999.9 1 -9999.9 1 -9999.9 1 -9999.9 1    17.5 0 -9999.9 1
 1999 167  6 16  7 48  7.800 111.41    -4.2 0 -9999.9 1 -9999.9 1     0.6 0   266.0 0   293.7 0   291.7 0   351.8 0   282.1 0   282.0 0     0.0 0    -0.2 0 -9999.9 1   -85.8 0 -9999.9 1 -9999.9 1 -9999.9 1 -9999.9 1    22.7 0 -9999.9 1
 1999 167  6 16  7 51  7.850 111.14    -4.2 0 -9999.9 1 -9999.9 1     0.4 0   265.0 0   293.6 0   291.7 0   351.1 0   281.9 0   281.8 0     0.0 0    -0.2 0 -9999.9 1   -86.1 0 -9999.9 1 -9999.9 1 -9999.9 1 -9999.9 1    23.5 0 -9999.9 1
 1999 167  6 16  7 54  7.900 110.86    -4.2 0 -9999.9 1 -9999.9 1     0.3 0   266.8 0   293.7 0   291.7 0   350.9 0   281.8 0   281.7 0     0.0 0    -0.2 0 -9999.9 1   -84.1 0 -9999.9 1 -9999.9 1 -9999.9 1 -9999.9 1    21.2 0 -9999.9 1
 1999 167  6 16  7 57  7.950 110.58    -4.3 0 -9999.9 1 -9999.9 1     0.6 0   269.6 0   293.7 0   291.8 0   350.9 0   281.8 0   281.7 0     0.0 0    -0.2 0 -9999.9 1   -81.4 0 -9999.9 1 -9999.9 1 -9999.9 1 -9999.9 1    24.0 0 -9999.9 1
 1999 167  6 16  8  3  8.050 110.00    -4.2 0 -9999.9 1 -9999.9 1     0.1 0   277.5 0   293.8 0   291.9 0   351.3 0   281.7 0   281.6 0     0.0 0    -0.2 0 -9999.9 1   -73.8 0 -9999.9 1 -9999.9 1 -9999.9 1 -9999.9 1    27.6 0 -9999.9 1
 1999 167  6 16  8  6  8.100 109.70    -4.1 0 -9999.9 1 -9999.9 1    -0.1 0   288.7 0   293.8 0   291.9 0   351.9 0   281.6 0   281.5 0     0.0 0    -0.2 0 -9999.9 1   -63.2 0 -9999.9 1 -9999.9 1 -9999.9 1 -9999.9 1    30.4 0 -9999.9 1
 1999 167  6 16  8  9  8.150 109.40    -4.0 0 -9999.9 1 -9999.9 1     0.2 0   302.2 0   293.7 0   291.8 0   353.0 0   281.4 0   281.3 0     0.0 0    -0.2 0 -9999.9 1   -50.8 0 -9999.9 1 -9999.9 1 -9999.9 1 -9999.9 1    28.6 0 -9999.9 1
 1999 167  6 16  8 12  8.200 109.09    -3.9 0 -9999.9 1 -9999.9 1     0.3 0   304.1 0   293.7 0   291.8 0   353.7 0   281.3 0   281.2 0     0.0 0    -0.2 0 -9999.9 1   -49.6 0 -9999.9 1 -9999.9 1 -9999.9 1 -9999.9 1    29.9 0 -9999.9 1
 1999 167  6 16  8 18  8.300 108.45    -4.0 0 -9999.9 1 -9999.9 1     0.7 0   293.0 0   293.7 0   291.9 0   353.5 0   281.3 0   281.2 0     0.0 0    -0.2 0 -9999.9 1   -60.4 0 -9999.9 1 -9999.9 1 -9999.9 1 -9999.9 1    29.6 0 -9999.9 1
 1999 167  6 16  8 21  8.350 108.12    -4.1 0 -9999.9 1 -9999.9 1     0.8 0   288.8 0   293.8 0   292.0 0   353.0 0   281.3 0   281.2 0     0.0 0    -0.2 0 -9999.9 1   -64.2 0 -9999.9 1 -9999.9 1 -9999.9 1 -9999.9 1    26.8 0 -9999.9 1
 1999 167  6 16  8 24  8.400 107.79    -4.1 0 -9999.9 1 -9999.9 1     0.5 0   286.3 0   293.8 0   292.1 0   353.0 0   281.3 0   281.2 0     0.0 0    -0.2 0 -9999.9 1   -66.8 0 -9999.9 1 -9999.9 1 -9999.9 1 -9999.9 1    26.3 0 -9999.9 1
 1999 167  6 16  8 27  8.450 107.46    -4.1 0 -9999.9 1 -9999.9 1     0.6 0   284.8 0   293.9 0   292.1 0   353.2 0   281.4 0   281.3 0     0.0 0    -0.2 0 -9999.9 1   -68.4 0 -9999.9 1 -9999.9 1 -9999.9 1 -9999.9 1    26.8 0 -9999.9 1
 1999 167  6 16  8 33  8.550 106.77    -4.3 0 -9999.9 1 -9999.9 1     0.5 0   287.9 0   293.9 0   291.8 0   353.1 0   281.3 0   281.2 0     0.0 0    -0.2 0 -9999.9 1   -65.1 0 -9999.9 1 -9999.9 1 -9999.9 1 -9999.9 1    35.1 0 -9999.9 1
 1999 167  6 16  8 36  8.600 106.42    -4.5 0 -9999.9 1 -9999.9 1     0.6 0   291.2 0   293.8 0   291.8 0   352.9 0   281.2 0   281.1 0     0.0 0    -0.2 0 -9999.9 1   -61.7 0 -9999.9 1 -9999.9 1 -9999.9 1 -9999.9 1    38.0 0 -9999.9 1
 1999 167  6 16  8 39  8.650 106.06    -4.3 0 -9999.9 1 -9999.9 1     0.8 0   299.0 0   293.8 0   291.8 0   353.8 0   281.2 0   281.2 0     0.0 0    -0.1 0 -9999.9 1   -54.8 0 -9999.9 1 -9999.9 1 -9999.9 1 -9999.9 1    36.4 0 -9999.9 1
 1999 167  6 16  8 42  8.700 105.70    -4.4 0 -9999.9 1 -9999.9 1     1.1 0   308.2 0   293.9 0   291.8 0   355.2 0   281.4 0   281.3 0     0.0 0    -0.2 0 -9999.9 1   -47.0 0 -9999.9 1 -9999.9 1 -9999.9 1 -9999.9 1    33.0 0 -9999.9 1
 1999 167  6 16  8 48  8.800 104.96    -4.3 0 -9999.9 1 -9999.9 1     1.8 0   315.9 0   293.9 0   292.0 0   357.2 0   281.6 0   281.5 0     0.0 0    -0.2 0 -9999.9 1   -41.3 0 -9999.9 1 -9999.9 1 -9999.9 1 -9999.9 1    28.3 0 -9999.9 1
 1999 167  6 16  8 51  8.850 104.59    -4.3 0 -9999.9 1 -9999.9 1     2.0 0   321.6 0   293.9 0   292.0 0   357.7 0   281.6 0   281.5 0     0.0 0    -0.2 0 -9999.9 1   -36.1 0 -9999.9 1 -9999.9 1 -9999.9 1 -9999.9 1    27.7 0 -9999.9 1
 1999 167  6 16  8 54  8.900 104.21    -4.3 0 -9999.9 1 -9999.9 1     2.1 0   327.3 0   293.8 0   291.8 0   358.2 0   281.6 0   281.5 0     0.0 0    -0.2 0 -9999.9 1   -30.9 0 -9999.9 1 -9999.9 1 -9999.9 1 -9999.9 1    31.1 0 -9999.9 1
 1999 167  6 16  8 57  8.950 103.82    -4.3 0 -9999.9 1 -9999.9 1     1.6 0   329.4 0   293.8 0   292.0 0   358.7 0   281.6 0   281.6 0     0.0 0    -0.1 0 -9999.9 1   -29.3 0 -9999.9 1 -9999.9 1 -9999.9 1 -9999.9 1    29.7 0 -9999.9 1
 1999 167  6 16  9  3  9.050 103.04    -4.2 0 -9999.9 1 -9999.9 1     1.8 0   331.1 0   293.8 0   291.8 0   359.2 0   281.7 0   281.6 0     0.0 0    -0.2 0 -9999.9 1   -28.1 0 -9999.9 1 -9999.9 1 -9999.9 1 -9999.9 1    35.7 0 -9999.9 1
 1999 167  6 16  9  6  9.100 102.64    -4.3 0 -9999.9 1 -9999.9 1     2.1 0   332.2 0   293.8 0   291.8 0   359.7 0   281.8 0   281.7 0     0.0 0    -0.2 0 -9999.9 1   -27.6 0 -9999.9 1 -9999.9 1 -9999.9 1 -9999.9 1    32.6 0 -9999.9 1
 1999 167  6 16  9  9  9.150 102.24    -4.3 0 -9999.9 1 -9999.9 1     2.3 0   331.4 0   293.7 0   291.8 0   359.8 0   281.8 0   281.7 0     0.0 0    -0.2 0 -9999.9 1   -28.5 0 -9999.9 1 -9999.9 1 -9999.9 1 -9999.9 1    28.2 0 -9999.9 1
 1999 167  6 16  9 12  9.200 101.84    -4.2 0 -9999.9 1 -9999.9 1     2.2 0   329.0 0   293.5 0   291.7 0   358.9 0   281.6 0   281.6 0     0.0 0    -0.2 0 -9999.9 1   -29.9 0 -9999.9 1 -9999.9 1 -9999.9 1 -9999.9 1    28.1 0 -9999.9 1
 1999 167  6 16  9 18  9.300 101.01    -4.1 0 -9999.9 1 -9999.9 1     1.7 0   326.5 0   293.4 0   291.6 0   358.4 0   281.5 0   281.5 0     0.0 0    -0.2 0 -9999.9 1   -31.8 0 -9999.9 1 -9999.9 1 -9999.9 1 -9999.9 1    26.9 0 -9999.9 1
 1999 167  6 16  9 21  9.350 100.60    -4.2 0 -9999.9 1 -9999.9 1     2.2 0   325.0 0   293.3 0   291.4 0   357.9 0   281.5 0   281.4 0     0.0 0    -0.2 0 -9999.9 1   -32.9 0 -9999.9 1 -9999.9 1 -9999.9 1 -9999.9 1    29.7 0 -9999.9 1
 1999 167  6 16  9 24  9.400 100.18    -4.2 0 -9999.9 1 -9999.9 1     2.0 0   322.6 0   293.3 0   291.5 0   357.8 0   281.5 0   281.5 0     0.0 0    -0.2 0 -9999.9 1   -35.3 0 -9999.9 1 -9999.9 1 -9999.9 1 -9999.9 1    35.2 0 -9999.9 1
 1999 167  6 16  9 27  9.450  99.75    -4.3 0 -9999.9 1 -9999.9 1     1.8 0   319.4 0   293.3 0   291.5 0   357.2 0   281.5 0   281.4 0     0.0 0    -0.1 0 -9999.9 1   -37.9 0 -9999.9 1 -9999.9 1 -9999.9 1 -9999.9 1    34.2 0 -9999.9 1
 1999 167  6 16  9 33  9.550  98.89    -4.2 0 -9999.9 1 -9999.9 1     1.1 0   321.6 0   293.4 0   291.6 0   358.2 0   281.7 0   281.6 0     0.0 0    -0.2 0 -9999.9 1   -36.6 0 -9999.9 1 -9999.9 1 -9999.9 1 -9999.9 1    40.5 0 -9999.9 1
 1999 167  6 16  9 36  9.600  98.46    -4.2 0 -9999.9 1 -9999.9 1     1.3 0   321.9 0   293.4 0   291.6 0   358.6 0   281.7 0   281.6 0     0.0 0    -0.2 0 -9999.9 1   -36.7 0 -9999.9 1 -9999.9 1 -9999.9 1 -9999.9 1    37.1 0 -9999.9 1
 1999 167  6 16  9 39  9.650  98.02    -4.1 0 -9999.9 1 -9999.9 1     1.4 0   319.9 0   293.3 0   291.4 0   357.9 0   281.6 0   281.5 0     0.0 0    -0.2 0 -9999.9 1   -38.0 0 -9999.9 1 -9999.9 1 -9999.9 1 -9999.9 1    33.7 0 -9999.9 1
 1999 167  6 16  9 42  9.700  97.58    -4.2 0 -9999.9 1 -9999.9 1     1.6 0   317.9 0   293.2 0   291.4 0   357.3 0   281.5 0   281.5 0     0.0 0    -0.2 0 -9999.9 1   -39.3 0 -9999.9 1 -9999.9 1 -9999.9 1 -9999.9 1    31.5 0 -9999.9 1
 1999 167  6 16  9 48  9.800  96.68    -4.2 0 -9999.9 1 -9999.9 1     2.1 0   319.9 0   293.3 0   291.4 0   357.7 0   281.6 0   281.6 0     0.0 0    -0.2 0 -9999.9 1   -37.8 0 -9999.9 1 -9999.9 1 -9999.9 1 -9999.9 1    33.2 0 -9999.9 1
 1999 167  6 16  9 51  9.850  96.23    -4.3 0 -9999.9 1 -9999.9 1     1.7 0   322.9 0   293.3 0   291.4 0   358.2 0   281.7 0   281.6 0     0.0 0    -0.2 0 -9999.9 1   -35.3 0 -9999.9 1 -9999.9 1 -9999.9 1 -9999.9 1    39.0 0 -9999.9 1
 1999 167  6 16  9 54  9.900  95.77    -4.3 0 -9999.9 1 -9999.9 1     1.0 0   324.9 0   293.2 0   291.3 0   358.0 0   281.6 0   281.6 0     0.0 0    -0.2 0 -9999.9 1   -33.1 0 -9999.9 1 -9999.9 1 -9999.9 1 -9999.9 1    46.0 0 -9999.9 1
 1999 167  6 16  9 57  9.950  95.31    -4.2 0 -9999.9 1 -9999.9 1     0.5 0   323.9 0   293.0 0   291.3 0   357.2 0   281.4 0   281.4 0     0.0 0    -0.2 0 -9999.9 1   -33.4 0 -9999.9 1 -9999.9 1 -9999.9 1 -9999.9 1    46.8 0 -9999.9 1
 1999 167  6 16 10  3 10.050  94.39    -4.1 0 -9999.9 1 -9999.9 1     0.1 0   324.6 0   293.1 0   291.3 0   358.1 0   281.6 0   281.5 0     0.0 0    -0.2 0 -9999.9 1   -33.5 0 -9999.9 1 -9999.9 1 -9999.9 1 -9999.9 1    47.8 0 -9999.9 1
 1999 167  6 16 10  6 10.100  93.92    -4.0 0 -9999.9 1 -9999.9 1     0.7 0   321.4 0   292.9 0   291.1 0   357.0 0   281.4 0   281.4 0     0.0 0    -0.1 0 -9999.9 1   -35.6 0 -9999.9 1 -9999.9 1 -9999.9 1 -9999.9 1    48.2 0 -9999.9 1
 1999 167  6 16 10  9 10.150  93.45    -4.0 0 -9999.9 1 -9999.9 1     0.7 0   319.1 0   292.8 0   290.9 0   356.1 0   281.3 0   281.2 0     0.0 2    -0.1 0 -9999.9 1   -37.0 0 -9999.9 1 -9999.9 1 -9999.9 1 -9999.9 1    49.3 0 -9999.9 1
 1999 167  6 16 10 12 10.200  92.98    -3.9 0 -9999.9 1 -9999.9 1     0.8 0   319.1 0   292.8 0   291.0 0   356.3 0   281.3 0   281.3 0     0.0 2     0.0 0 -9999.9 1   -37.3 0 -9999.9 1 -9999.9 1 -9999.9 1 -9999.9 1    48.0 0 -9999.9 1
 1999 167  6 16 10 18 10.300  92.02    -3.1 0 -9999.9 1 -9999.9 1     0.9 0   321.4 0   293.0 0   291.3 0   357.7 0   281.6 0   281.6 0     0.0 0     0.3 0 -9999.9 1   -36.3 0 -9999.9 1 -9999.9 1 -9999.9 1 -9999.9 1    51.8 0 -9999.9 1
 1999 167  6 16 10 21 10.350  91.54    -2.4 0 -9999.9 1 -9999.9 1     1.1 0   323.2 0   293.1 0   291.4 0   358.2 0   281.7 0   281.6 0     0.0 0     0.4 0 -9999.9 1   -35.0 0 -9999.9 1 -9999.9 1 -9999.9 1 -9999.9 1    58.7 0 -9999.9 1
 1999 167  6 16 10 24 10.400  91.05    -2.2 0 -9999.9 1 -9999.9 1     1.3 0   323.3 0   293.1 0   291.5 0   358.3 0   281.7 0   281.6 0     0.0 0     0.7 0 -9999.9 1   -35.0 0 -9999.9 1 -9999.9 1 -9999.9 1 -9999.9 1    64.5 0 -9999.9 1
 1999 167  6 16 10 27 10.450  89.86    -2.1 0 -9999.9 1 -9999.9 1     1.3 0   323.7 0   293.0 0   291.4 0   358.1 0   281.6 0   281.6 0     0.0 2     0.8 0 -9999.9 1   -34.4 0 -9999.9 1 -9999.9 1 -9999.9 1 -9999.9 1    67.9 0 -9999.9 1
 1999 167  6 16 10 33 10.550  89.10    -1.2 0 -9999.9 1 -9999.9 1     3.2 0   327.1 0   293.3 0   291.7 0   359.6 0   281.9 0   281.9 0     0.1 0     1.3 0 -9999.9 1   -32.4 0 -9999.9 1 -9999.9 1 -9999.9 1 -9999.9 1    59.8 0 -9999.9 1
 1999 167  6 16 10 36 10.600  88.68    -0.6 0 -9999.9 1 -9999.9 1     3.8 0   327.9 0   293.5 0   291.9 0   360.1 0   282.0 0   282.0 0     0.1 0     1.5 0 -9999.9 1   -32.2 0 -9999.9 1 -9999.9 1 -9999.9 1 -9999.9 1    55.2 0 -9999.9 1
 1999 167  6 16 10 39 10.650  88.24     0.4 0 -9999.9 1 -9999.9 1     4.1 0   328.9 0   293.5 0   291.9 0   360.6 0   282.1 0   282.0 0     0.1 0     1.8 0 -9999.9 1   -31.7 0 -9999.9 1 -9999.9 1 -9999.9 1 -9999.9 1    51.5 0 -9999.9 1
 1999 167  6 16 10 42 10.700  87.79     1.5 0 -9999.9 1 -9999.9 1     5.1 0   329.6 0   293.6 0   292.0 0   360.9 0   282.1 0   282.1 0     0.2 0     2.2 0 -9999.9 1   -31.3 0 -9999.9 1 -9999.9 1 -9999.9 1 -9999.9 1    50.3 0 -9999.9 1
 1999 167  6 16 10 48 10.800  86.85     3.7 0 -9999.9 1 -9999.9 1     7.3 0   328.9 0   293.9 0   292.4 0   361.7 0   282.3 0   282.2 0     0.3 0     3.0 0 -9999.9 1   -32.8 0 -9999.9 1 -9999.9 1 -9999.9 1 -9999.9 1    51.8 0 -9999.9 1
 1999 167  6 16 10 51 10.850  86.37     4.4 0 -9999.9 1 -9999.9 1     7.4 0   329.7 0   294.0 0   292.5 0   362.0 0   282.4 0   282.3 0     0.3 0     3.3 0 -9999.9 1   -32.3 0 -9999.9 1 -9999.9 1 -9999.9 1 -9999.9 1    43.5 0 -9999.9 1
 1999 167  6 16 10 54 10.900  85.88     4.7 0 -9999.9 1 -9999.9 1     7.5 0   331.0 0   294.1 0   292.6 0   362.5 0   282.4 0   282.4 0     0.3 0     3.5 0 -9999.9 1   -31.5 0 -9999.9 1 -9999.9 1 -9999.9 1 -9999.9 1    41.9 0 -9999.9 1
 1999 167  6 16 10 57 10.950  85.39     5.2 0 -9999.9 1 -9999.9 1     7.9 0   331.6 0   294.3 0   292.7 0   363.1 0   282.6 0   282.5 0     0.4 0     3.8 0 -9999.9 1   -31.5 0 -9999.9 1 -9999.9 1 -9999.9 1 -9999.9 1    42.6 0 -9999.9 1
 1999 167  6 16 11  3 11.050  84.39     7.2 0 -9999.9 1 -9999.9 1    10.4 0   328.9 0   294.4 0   292.9 0   362.3 0   282.5 0   282.4 0     0.6 0     4.8 0 -9999.9 1   -33.4 0 -9999.9 1 -9999.9 1 -9999.9 1 -9999.9 1    55.5 0 -9999.9 1
 1999 167  6 16 11  6 11.100  83.88     8.2 0 -9999.9 1 -9999.9 1    11.3 0   328.4 0   294.5 0   293.1 0   362.6 0   282.5 0   282.4 0     0.6 0     5.2 0 -9999.9 1   -34.2 0 -9999.9 1 -9999.9 1 -9999.9 1 -9999.9 1    59.6 0 -9999.9 1
 1999 167  6 16 11  9 11.150  83.37     9.4 0 -9999.9 1 -9999.9 1    12.5 0   329.1 0   294.6 0   293.1 0   363.0 0   282.5 0   282.5 0     0.7 0     5.8 0 -9999.9 1   -33.9 0 -9999.9 1 -9999.9 1 -9999.9 1 -9999.9 1    57.1 0 -9999.9 1
 1999 167  6 16 11 12 11.200  82.86    10.6 0 -9999.9 1 -9999.9 1    13.4 0   328.4 0   294.7 0   293.3 0   362.9 0   282.5 0   282.5 0     0.7 0     6.4 0 -9999.9 1   -34.5 0 -9999.9 1 -9999.9 1 -9999.9 1 -9999.9 1    54.3 0 -9999.9 1
 1999 167  6 16 11 18 11.300  81.83    15.0 0 -9999.9 1 -9999.9 1    17.1 0   329.8 0   295.0 0   293.5 0   364.1 0   282.7 0   282.7 0     1.0 0     8.5 0 -9999.9 1   -34.3 0 -9999.9 1 -9999.9 1 -9999.9 1 -9999.9 1    43.0 0 -9999.9 1
 1999 167  6 16 11 21 11.350  81.31    16.7 0 -9999.9 1 -9999.9 1    17.9 0   327.6 0   295.0 0   293.7 0   363.7 0   282.6 0   282.5 0     1.1 0     9.2 0 -9999.9 1   -36.1 0 -9999.9 1 -9999.9 1 -9999.9 1 -9999.9 1    30.9 0 -9999.9 1
 1999 167  6 16 11 24 11.400  80.79    17.3 0 -9999.9 1 -9999.9 1    18.2 0   325.4 0   295.0 0   293.7 0   363.1 0   282.4 0   282.3 0     1.2 0     9.4 0 -9999.9 1   -37.6 0 -9999.9 1 -9999.9 1 -9999.9 1 -9999.9 1    44.1 0 -9999.9 1
 1999 167  6 16 11 27 11.450  80.26    17.5 0 -9999.9 1 -9999.9 1    18.5 0   326.8 0   295.1 0   293.6 0   363.0 0   282.4 0   282.3 0     1.3 0     9.5 0 -9999.9 1   -36.2 0 -9999.9 1 -9999.9 1 -9999.9 1 -9999.9 1    42.2 0 -9999.9 1
 1999 167  6 16 11 33 11.550  79.21    21.4 0 -9999.9 1 -9999.9 1    22.3 0   328.3 0   295.4 0   293.8 0   363.8 0   282.5 0   282.4 0     1.7 0    11.4 0 -9999.9 1   -35.5 0 -9999.9 1 -9999.9 1 -9999.9 1 -9999.9 1    33.4 0 -9999.9 1
 1999 167  6 16 11 36 11.600  78.67    23.5 0 -9999.9 1 -9999.9 1    24.2 0   327.3 0   295.5 0   293.8 0   363.2 0   282.4 0   282.3 0     1.9 0    12.4 0 -9999.9 1   -35.9 0 -9999.9 1 -9999.9 1 -9999.9 1 -9999.9 1    37.5 0 -9999.9 1
 1999 167  6 16 11 39 11.650  78.14    26.1 0 -9999.9 1 -9999.9 1    27.1 0   327.6 0   295.5 0   293.8 0   362.9 0   282.3 0   282.3 0     2.0 0    13.7 0 -9999.9 1   -35.3 0 -9999.9 1 -9999.9 1 -9999.9 1 -9999.9 1    46.5 0 -9999.9 1
 1999 167  6 16 11 42 11.700  77.61    34.4 0 -9999.9 1 -9999.9 1    35.3 0   325.7 0   295.6 0   293.8 0   362.6 0   282.2 0   282.2 0     2.4 2    17.7 0 -9999.9 1   -36.9 0 -9999.9 1 -9999.9 1 -9999.9 1 -9999.9 1    50.0 0 -9999.9 1
 1999 167  6 16 11 48 11.800  76.53    50.9 0 -9999.9 1 -9999.9 1    52.2 0   325.8 0   295.7 0   293.9 0   364.0 0   282.2 0   282.2 0     3.1 2    25.4 0 -9999.9 1   -38.2 0 -9999.9 1 -9999.9 1 -9999.9 1 -9999.9 1    48.3 0 -9999.9 1
 1999 167  6 16 11 51 11.850  75.99    49.9 0 -9999.9 1 -9999.9 1    51.0 0   326.0 0   295.8 0   294.2 0   364.8 0   282.3 0   282.3 0     3.2 2    25.0 0 -9999.9 1   -38.8 0 -9999.9 1 -9999.9 1 -9999.9 1 -9999.9 1    49.2 0 -9999.9 1
 1999 167  6 16 11 54 11.900  75.45    49.2 0 -9999.9 1 -9999.9 1    50.1 0   326.5 0   295.8 0   294.1 0   364.6 0   282.3 0   282.3 0     3.5 2    24.8 0 -9999.9 1   -38.1 0 -9999.9 1 -9999.9 1 -9999.9 1 -9999.9 1    47.4 0 -9999.9 1
 1999 167  6 16 11 57 11.950  74.91    49.0 0 -9999.9 1 -9999.9 1    49.6 0   327.2 0   295.9 0   294.2 0   364.7 0   282.4 0   282.4 0     3.7 2    24.6 0 -9999.9 1   -37.5 0 -9999.9 1 -9999.9 1 -9999.9 1 -9999.9 1    42.9 0 -9999.9 1
 1999 167  6 16 12  3 12.050  73.82    49.5 0 -9999.9 1 -9999.9 1    49.8 0   330.2 0   296.3 0   294.6 0   366.4 0   282.8 0   282.8 0     4.2 0    25.2 0 -9999.9 1   -36.2 0 -9999.9 1 -9999.9 1 -9999.9 1 -9999.9 1    39.9 0 -9999.9 1
 1999 167  6 16 12  6 12.100  73.27    51.6 0 -9999.9 1 -9999.9 1    51.8 0   331.1 0   296.5 0   294.7 0   367.4 0   282.9 0   282.9 0     4.6 0    26.2 0 -9999.9 1   -36.4 0 -9999.9 1 -9999.9 1 -9999.9 1 -9999.9 1    38.8 0 -9999.9 1
 1999 167  6 16 12  9 12.150  72.72    51.2 0 -9999.9 1 -9999.9 1    51.1 0   331.1 0   296.6 0   294.9 0   368.4 0   283.0 0   283.0 0     4.7 0    26.0 0 -9999.9 1   -37.2 0 -9999.9 1 -9999.9 1 -9999.9 1 -9999.9 1    49.4 0 -9999.9 1
 1999 167  6 16 12 12 12.200  72.17    49.9 0 -9999.9 1 -9999.9 1    50.2 0   332.4 0   296.7 0   295.0 0   368.7 0   283.2 0   283.1 0     4.7 0    25.5 0 -9999.9 1   -36.3 0 -9999.9 1 -9999.9 1 -9999.9 1 -9999.9 1    48.6 0 -9999.9 1
 1999 167  6 16 12 18 12.300  71.07    51.4 0 -9999.9 1 -9999.9 1    51.2 0   331.0 0   296.6 0   294.9 0   367.7 0   283.0 0   282.9 0     5.2 0    26.3 0 -9999.9 1   -36.7 0 -9999.9 1 -9999.9 1 -9999.9 1 -9999.9 1    43.7 0 -9999.9 1
 1999 167  6 16 12 21 12.350  70.52    53.3 0 -9999.9 1 -9999.9 1    52.9 0   331.7 0   296.7 0   295.2 0   368.5 0   283.0 0   283.0 0     5.4 0    27.1 0 -9999.9 1   -36.8 0 -9999.9 1 -9999.9 1 -9999.9 1 -9999.9 1    30.5 0 -9999.9 1
 1999 167  6 16 12 24 12.400  69.96    61.1 0 -9999.9 1 -9999.9 1    60.5 0   332.8 0   296.8 0   295.2 0   368.9 0   283.1 0   283.0 0     6.2 0    30.8 0 -9999.9 1   -36.2 0 -9999.9 1 -9999.9 1 -9999.9 1 -9999.9 1    34.5 0 -9999.9 1
 1999 167  6 16 12 27 12.450  69.40    67.9 0 -9999.9 1 -9999.9 1    67.3 0   333.4 0   296.9 0   295.3 0   370.0 0   283.1 0   283.1 0     6.9 0    34.2 0 -9999.9 1   -36.6 0 -9999.9 1 -9999.9 1 -9999.9 1 -9999.9 1    40.5 0 -9999.9 1
 1999 167  6 16 12 33 12.550  68.29    65.0 0 -9999.9 1 -9999.9 1    64.6 0   332.8 0   296.9 0   295.3 0   369.7 0   283.0 0   283.0 0     6.3 0    32.9 0 -9999.9 1   -36.8 0 -9999.9 1 -9999.9 1 -9999.9 1 -9999.9 1    30.7 0 -9999.9 1
 1999 167  6 16 12 36 12.600  67.73    65.3 0 -9999.9 1 -9999.9 1    65.0 0   334.3 0   297.1 0   295.4 0   370.2 0   283.1 0   283.1 0     6.4 0    33.4 0 -9999.9 1   -35.9 0 -9999.9 1 -9999.9 1 -9999.9 1 -9999.9 1    31.5 0 -9999.9 1
 1999 167  6 16 12 39 12.650  67.17    70.7 0 -9999.9 1 -9999.9 1    69.9 0   334.3 0   297.2 0   295.5 0   370.7 0   283.2 0   283.2 0     6.8 0    36.2 0 -9999.9 1   -36.4 0 -9999.9 1 -9999.9 1 -9999.9 1 -9999.9 1    36.2 0 -9999.9 1
 1999 167  6 16 12 42 12.700  66.61    69.4 0 -9999.9 1 -9999.9 1    68.9 0   336.4 0   297.2 0   295.4 0   371.0 0   283.2 0   283.2 0     6.7 0    35.8 0 -9999.9 1   -34.6 0 -9999.9 1 -9999.9 1 -9999.9 1 -9999.9 1    40.8 0 -9999.9 1
 1999 167  6 16 12 48 12.800  65.49    64.1 0 -9999.9 1 -9999.9 1    63.8 0   334.3 0   297.2 0   295.5 0   369.7 0   283.1 0   283.1 0     7.0 0    33.3 0 -9999.9 1   -35.4 0 -9999.9 1 -9999.9 1 -9999.9 1 -9999.9 1    20.7 0 -9999.9 1
 1999 167  6 16 12 51 12.850  64.92    71.7 0 -9999.9 1 -9999.9 1    71.4 0   334.9 0   297.2 0   295.2 0   369.0 0   283.1 0   283.0 0     7.9 0    37.2 0 -9999.9 1   -34.1 0 -9999.9 1 -9999.9 1 -9999.9 1 -9999.9 1    18.4 0 -9999.9 1
 1999 167  6 16 12 54 12.900  64.36    77.3 0 -9999.9 1 -9999.9 1    76.9 0   332.4 0   297.1 0   295.3 0   368.2 0   282.9 0   282.9 0     8.8 0    39.9 0 -9999.9 1   -35.8 0 -9999.9 1 -9999.9 1 -9999.9 1 -9999.9 1    17.3 0 -9999.9 1
 1999 167  6 16 12 57 12.950  63.79    89.4 0 -9999.9 1 -9999.9 1    89.2 0   332.3 0   297.1 0   295.2 0   368.0 0   282.8 0   282.8 0    10.1 2    45.9 0 -9999.9 1   -35.7 0 -9999.9 1 -9999.9 1 -9999.9 1 -9999.9 1    15.3 0 -9999.9 1
 1999 167  6 16 13  3 13.050  62.66   101.5 0 -9999.9 1 -9999.9 1   101.2 0   333.7 0   297.0 0   294.8 0   368.2 0   282.6 0   282.6 0    11.2 2    52.0 0 -9999.9 1   -34.5 0 -9999.9 1 -9999.9 1 -9999.9 1 -9999.9 1    22.5 0 -9999.9 1
 1999 167  6 16 13  6 13.100  62.09   100.2 0 -9999.9 1 -9999.9 1   100.0 0   337.1 0   297.1 0   294.7 0   368.4 0   282.7 0   282.7 0    11.2 2    51.3 0 -9999.9 1   -31.4 0 -9999.9 1 -9999.9 1 -9999.9 1 -9999.9 1    24.6 0 -9999.9 1
 1999 167  6 16 13  9 13.150  61.52   102.9 0 -9999.9 1 -9999.9 1   102.3 0   338.4 0   297.2 0   294.8 0   369.4 0   282.9 0   282.9 0    11.8 0    52.8 0 -9999.9 1   -31.0 0 -9999.9 1 -9999.9 1 -9999.9 1 -9999.9 1    32.2 0 -9999.9 1
 1999 167  6 16 13 12 13.200  60.96   102.7 0 -9999.9 1 -9999.9 1   102.4 0   339.8 0   297.2 0   294.8 0   369.9 0   283.1 0   283.1 0    12.2 0    52.8 0 -9999.9 1   -30.0 0 -9999.9 1 -9999.9 1 -9999.9 1 -9999.9 1    34.9 0 -9999.9 1
 1999 167  6 16 13 18 13.300  59.82    99.8 0 -9999.9 1 -9999.9 1    99.5 0   342.0 0   297.1 0   294.6 0   370.7 0   283.2 0   283.2 0    12.5 0    51.0 0 -9999.9 1   -28.6 0 -9999.9 1 -9999.9 1 -9999.9 1 -9999.9 1    39.7 0 -9999.9 1
 1999 167  6 16 13 21 13.350  59.25   105.7 0 -9999.9 1 -9999.9 1   105.6 0   343.1 0   297.0 0   294.5 0   371.2 0   283.2 0   283.2 0    13.4 0    54.0 0 -9999.9 1   -28.1 0 -9999.9 1 -9999.9 1 -9999.9 1 -9999.9 1    43.6 0 -9999.9 1
 1999 167  6 16 13 24 13.400  58.68   103.5 0 -9999.9 1 -9999.9 1   103.7 0   342.9 0   296.9 0   294.5 0   372.0 0   283.3 0   283.3 0    13.4 0    53.0 0 -9999.9 1   -29.0 0 -9999.9 1 -9999.9 1 -9999.9 1 -9999.9 1    44.4 0 -9999.9 1
 1999 167  6 16 13 27 13.450  58.11    95.2 0 -9999.9 1 -9999.9 1    95.6 0   339.7 0   296.6 0   294.4 0   370.5 0   283.1 0   283.1 0    12.7 0    49.2 0 -9999.9 1   -30.8 0 -9999.9 1 -9999.9 1 -9999.9 1 -9999.9 1    41.1 0 -9999.9 1
 1999 167  6 16 13 33 13.550  56.96   103.9 0 -9999.9 1 -9999.9 1   103.8 0   337.8 0   296.2 0   294.1 0   369.6 0   282.9 0   282.9 0    13.8 0    53.6 0 -9999.9 1   -31.8 0 -9999.9 1 -9999.9 1 -9999.9 1 -9999.9 1    36.5 0 -9999.9 1
 1999 167  6 16 13 36 13.600  56.39   109.6 0 -9999.9 1 -9999.9 1   109.7 0   335.5 0   296.0 0   293.9 0   369.7 0   282.7 0   282.8 0    14.9 0    56.5 0 -9999.9 1   -34.2 0 -9999.9 1 -9999.9 1 -9999.9 1 -9999.9 1    43.5 0 -9999.9 1
 1999 167  6 16 13 39 13.650  55.82   111.4 0 -9999.9 1 -9999.9 1   111.3 0   334.5 0   295.9 0   294.0 0   370.1 0   282.7 0   282.7 0    15.6 0    57.5 0 -9999.9 1   -35.6 0 -9999.9 1 -9999.9 1 -9999.9 1 -9999.9 1    42.8 0 -9999.9 1
 1999 167  6 16 13 42 13.700  55.24   111.5 0 -9999.9 1 -9999.9 1   111.3 0   334.1 0   295.8 0   294.1 0   370.8 0   282.8 0   282.8 0    15.6 0    57.4 0 -9999.9 1   -36.7 0 -9999.9 1 -9999.9 1 -9999.9 1 -9999.9 1    49.2 0 -9999.9 1
 1999 167  6 16 13 48 13.800  54.10   111.2 0 -9999.9 1 -9999.9 1   111.1 0   334.6 0   295.9 0   294.2 0   372.3 0   283.0 0   283.1 0    15.4 0    57.5 0 -9999.9 1   -37.7 0 -9999.9 1 -9999.9 1 -9999.9 1 -9999.9 1    62.9 0 -9999.9 1
 1999 167  6 16 13 51 13.850  53.52   113.8 0 -9999.9 1 -9999.9 1   113.4 0   335.6 0   296.0 0   294.2 0   371.2 0   283.2 0   283.2 0    15.6 0    58.8 0 -9999.9 1   -35.7 0 -9999.9 1 -9999.9 1 -9999.9 1 -9999.9 1    68.7 0 -9999.9 1
 1999 167  6 16 13 54 13.900  52.95   112.4 0 -9999.9 1 -9999.9 1   112.2 0   337.1 0   296.0 0   294.0 0   370.2 0   283.2 0   283.2 0    16.0 0    58.4 0 -9999.9 1   -33.1 0 -9999.9 1 -9999.9 1 -9999.9 1 -9999.9 1    67.4 0 -9999.9 1
 1999 167  6 16 13 57 13.950  52.38   112.8 0 -9999.9 1 -9999.9 1   112.9 0   338.9 0   295.9 0   293.8 0   370.1 0   283.3 0   283.3 0    16.5 0    58.7 0 -9999.9 1   -31.2 0 -9999.9 1 -9999.9 1 -9999.9 1 -9999.9 1    71.1 0 -9999.9 1
 1999 167  6 16 14  3 14.050  51.23   103.9 0 -9999.9 1 -9999.9 1   104.3 0   342.5 0   295.8 0   293.4 0   370.3 0   283.4 0   283.4 0    15.6 0    54.3 0 -9999.9 1   -27.8 0 -9999.9 1 -9999.9 1 -9999.9 1 -9999.9 1    68.5 0 -9999.9 1
 1999 167  6 16 14  6 14.100  50.66   100.4 0 -9999.9 1 -9999.9 1   101.0 0   342.4 0   295.5 0   293.1 0   369.0 0   283.2 0   283.2 0    15.2 0    52.5 0 -9999.9 1   -26.6 0 -9999.9 1 -9999.9 1 -9999.9 1 -9999.9 1    63.9 0 -9999.9 1
 1999 167  6 16 14  9 14.150  50.08   102.2 0 -9999.9 1 -9999.9 1   102.7 0   344.0 0   295.3 0   292.8 0   368.6 0   283.1 0   283.1 0    15.9 0    53.7 0 -9999.9 1   -24.6 0 -9999.9 1 -9999.9 1 -9999.9 1 -9999.9 1    61.4 0 -9999.9 1
 1999 167  6 16 14 12 14.200  49.51   105.8 0 -9999.9 1 -9999.9 1   106.7 0   346.1 0   295.2 0   292.8 0   370.1 0   283.2 0   283.2 0    16.7 0    55.7 0 -9999.9 1   -24.0 0 -9999.9 1 -9999.9 1 -9999.9 1 -9999.9 1    59.0 0 -9999.9 1
 1999 167  6 16 14 18 14.300  48.36   115.9 0 -9999.9 1 -9999.9 1   116.6 0   347.0 0   295.1 0   292.7 0   370.7 0   283.4 0   283.4 0    18.2 0    60.5 0 -9999.9 1   -23.7 0 -9999.9 1 -9999.9 1 -9999.9 1 -9999.9 1    57.3 0 -9999.9 1
 1999 167  6 16 14 21 14.350  47.79   116.4 0 -9999.9 1 -9999.9 1   117.4 0   346.9 0   295.1 0   292.7 0   371.3 0   283.4 0   283.4 0    18.6 0    60.6 0 -9999.9 1   -24.4 0 -9999.9 1 -9999.9 1 -9999.9 1 -9999.9 1    55.7 0 -9999.9 1
 1999 167  6 16 14 24 14.400  47.22   120.8 0 -9999.9 1 -9999.9 1   121.7 0   347.0 0   295.0 0   292.7 0   372.3 0   283.5 0   283.5 0    19.6 0    62.9 0 -9999.9 1   -25.3 0 -9999.9 1 -9999.9 1 -9999.9 1 -9999.9 1    51.7 0 -9999.9 1
 1999 167  6 16 14 27 14.450  46.65   135.9 0 -9999.9 1 -9999.9 1   136.1 0   345.9 0   295.0 0   292.8 0   372.9 0   283.5 0   283.5 0    22.2 0    70.0 0 -9999.9 1   -27.0 0 -9999.9 1 -9999.9 1 -9999.9 1 -9999.9 1    55.4 0 -9999.9 1
 1999 167  6 16 14 33 14.550  45.50   151.7 0 -9999.9 1 -9999.9 1   152.2 0   348.6 0   294.7 0   292.3 0   373.9 0   283.4 0   283.4 0    25.5 0    76.4 0 -9999.9 1   -25.3 0 -9999.9 1 -9999.9 1 -9999.9 1 -9999.9 1    49.4 0 -9999.9 1
 1999 167  6 16 14 36 14.600  44.93   169.3 0 -9999.9 1 -9999.9 1   169.6 0   349.0 0   294.7 0   292.3 0   375.0 0   283.5 0   283.5 0    28.4 0    84.4 0 -9999.9 1   -26.0 0 -9999.9 1 -9999.9 1 -9999.9 1 -9999.9 1    49.7 0 -9999.9 1
 1999 167  6 16 14 39 14.650  44.36   199.7 0 -9999.9 1 -9999.9 1   199.7 0   348.6 0   294.5 0   292.2 0   375.5 0   283.4 0   283.5 0    32.7 0    98.8 0 -9999.9 1   -27.0 0 -9999.9 1 -9999.9 1 -9999.9 1 -9999.9 1    47.2 0 -9999.9 1
 1999 167  6 16 14 42 14.700  43.79   232.5 0 -9999.9 1 -9999.9 1   231.8 0   348.2 0   294.3 0   291.9 0   376.3 0   283.2 0   283.3 0    37.3 0   113.9 0 -9999.9 1   -28.1 0 -9999.9 1 -9999.9 1 -9999.9 1 -9999.9 1    46.8 0 -9999.9 1
 1999 167  6 16 14 48 14.800  42.66   255.0 0 -9999.9 1 -9999.9 1   253.2 0   348.3 0   294.3 0   292.1 0   378.4 0   283.5 0   283.6 0    41.6 0   123.9 0 -9999.9 1   -30.1 0 -9999.9 1 -9999.9 1 -9999.9 1 -9999.9 1    38.1 0 -9999.9 1
 1999 167  6 16 14 51 14.850  42.09   265.0 0 -9999.9 1 -9999.9 1   264.5 0   349.2 0   294.4 0   292.0 0   378.8 0   283.6 0   283.7 0    43.9 0   128.0 0 -9999.9 1   -29.6 0 -9999.9 1 -9999.9 1 -9999.9 1 -9999.9 1    42.8 0 -9999.9 1
 1999 167  6 16 14 54 14.900  41.52   279.3 0 -9999.9 1 -9999.9 1   278.5 0   348.1 0   294.4 0   292.3 0   380.5 0   283.7 0   283.8 0    47.7 0   134.7 0 -9999.9 1   -32.4 0 -9999.9 1 -9999.9 1 -9999.9 1 -9999.9 1    45.6 0 -9999.9 1
 1999 167  6 16 14 57 14.950  40.96   296.3 0 -9999.9 1 -9999.9 1   294.9 0   346.2 0   294.4 0   292.4 0   381.7 0   283.7 0   283.8 0    52.1 0   142.8 0 -9999.9 1   -35.5 0 -9999.9 1 -9999.9 1 -9999.9 1 -9999.9 1    47.4 0 -9999.9 1
 1999 167  6 16 15  3 15.050  39.83   380.2 0 -9999.9 1 -9999.9 1   373.5 0   340.7 0   294.5 0   292.8 0   384.9 0   283.7 0   283.9 0    65.5 0   182.1 0 -9999.9 1   -44.2 0 -9999.9 1 -9999.9 1 -9999.9 1 -9999.9 1    49.4 0 -9999.9 1
 1999 167  6 16 15  6 15.100  39.27   399.1 0 -9999.9 1 -9999.9 1   386.7 0   336.0 0   294.4 0   292.9 0   386.1 0   283.6 0   283.8 0    66.6 0   190.8 0 -9999.9 1   -50.1 0 -9999.9 1 -9999.9 1 -9999.9 1 -9999.9 1    51.6 0 -9999.9 1
 1999 167  6 16 15  9 15.150  38.71   352.2 0 -9999.9 1 -9999.9 1   342.3 0   332.2 0   294.4 0   292.9 0   383.4 0   283.5 0   283.7 0    59.1 2   169.1 0 -9999.9 1   -51.2 0 -9999.9 1 -9999.9 1 -9999.9 1 -9999.9 1    65.9 0 -9999.9 1
 1999 167  6 16 15 12 15.200  38.15   300.9 0 -9999.9 1 -9999.9 1   294.5 0   328.8 0   294.5 0   293.1 0   380.2 0   283.5 0   283.6 0    52.0 2   145.1 0 -9999.9 1   -51.4 0 -9999.9 1 -9999.9 1 -9999.9 1 -9999.9 1    64.3 0 -9999.9 1
 1999 167  6 16 15 18 15.300  37.04   265.7 0 -9999.9 1 -9999.9 1   262.7 0   326.8 0   294.8 0   293.5 0   379.4 0   283.7 0   283.8 0    48.0 2   129.1 0 -9999.9 1   -52.6 0 -9999.9 1 -9999.9 1 -9999.9 1 -9999.9 1    69.1 0 -9999.9 1
 1999 167  6 16 15 21 15.350  36.48   271.6 0 -9999.9 1 -9999.9 1   267.9 0   326.3 0   294.9 0   293.6 0   379.3 0   283.7 0   283.8 0    49.6 2   132.0 0 -9999.9 1   -53.0 0 -9999.9 1 -9999.9 1 -9999.9 1 -9999.9 1    72.8 0 -9999.9 1
 1999 167  6 16 15 24 15.400  35.93   277.3 0 -9999.9 1 -9999.9 1   273.9 0   329.1 0   295.3 0   293.8 0   379.8 0   283.9 0   284.0 0    50.9 2   134.8 0 -9999.9 1   -50.7 0 -9999.9 1 -9999.9 1 -9999.9 1 -9999.9 1    59.1 0 -9999.9 1
 1999 167  6 16 15 27 15.450  35.38   284.3 0 -9999.9 1 -9999.9 1   279.9 0   328.7 0   295.6 0   294.3 0   380.9 0   284.2 0   284.3 0    52.0 0   138.3 0 -9999.9 1   -52.2 0 -9999.9 1 -9999.9 1 -9999.9 1 -9999.9 1    69.2 0 -9999.9 1
 1999 167  6 16 15 33 15.550  34.29   327.3 0 -9999.9 1 -9999.9 1   318.7 0   325.4 0   295.8 0   294.5 0   383.1 0   284.1 0   284.3 0    59.4 2   157.4 0 -9999.9 1   -57.7 0 -9999.9 1 -9999.9 1 -9999.9 1 -9999.9 1    69.5 0 -9999.9 1
 1999 167  6 16 15 36 15.600  33.74   338.6 0 -9999.9 1 -9999.9 1   329.1 0   327.6 0   296.1 0   294.7 0   384.4 0   284.3 0   284.5 0    61.8 2   163.0 0 -9999.9 1   -56.8 0 -9999.9 1 -9999.9 1 -9999.9 1 -9999.9 1    68.6 0 -9999.9 1
 1999 167  6 16 15 39 15.650  33.20   338.1 0 -9999.9 1 -9999.9 1   327.9 0   327.4 0   296.4 0   295.1 0   386.4 0   284.6 0   284.8 0    62.3 0   162.6 0 -9999.9 1   -59.0 0 -9999.9 1 -9999.9 1 -9999.9 1 -9999.9 1    76.8 0 -9999.9 1
 1999 167  6 16 15 42 15.700  32.66   351.2 0 -9999.9 1 -9999.9 1   341.2 0   326.9 0   296.6 0   295.2 0   384.7 0   284.7 0   284.8 0    65.0 0   168.5 0 -9999.9 1   -57.7 0 -9999.9 1 -9999.9 1 -9999.9 1 -9999.9 1    92.2 0 -9999.9 1
 1999 167  6 16 15 48 15.800  31.60   489.6 0 -9999.9 1 -9999.9 1   450.5 0   330.2 0   297.2 0   295.9 0   389.0 0   285.2 0   285.4 0    87.4 0   232.2 0 -9999.9 1   -58.8 0 -9999.9 1 -9999.9 1 -9999.9 1 -9999.9 1    79.0 0 -9999.9 1
 1999 167  6 16 15 51 15.850  31.07   582.8 0 -9999.9 1 -9999.9 1   505.5 0   326.6 0   297.2 0   296.2 0   394.4 0   285.1 0   285.3 0   100.4 0   273.4 0 -9999.9 1   -67.8 0 -9999.9 1 -9999.9 1 -9999.9 1 -9999.9 1    79.1 0 -9999.9 1
 1999 167  6 16 15 54 15.900  30.54   599.1 0 -9999.9 1 -9999.9 1   507.5 0   323.0 0   297.5 0   296.6 0   400.1 0   285.2 0   285.6 0   104.6 0   278.7 0 -9999.9 1   -77.1 0 -9999.9 1 -9999.9 1 -9999.9 1 -9999.9 1    92.4 0 -9999.9 1
 1999 167  6 16 15 57 15.950  30.02   522.6 0 -9999.9 1 -9999.9 1   473.7 0   321.9 0   297.7 0   296.7 0   394.3 0   285.4 0   285.7 0    96.4 0   243.7 0 -9999.9 1   -72.4 0 -9999.9 1 -9999.9 1 -9999.9 1 -9999.9 1    84.0 0 -9999.9 1
 1999 167  6 16 16  3 16.050  28.98   760.1 0 -9999.9 1 -9999.9 1   602.4 0   322.2 0   298.2 0   297.5 0   405.6 0   285.7 0   286.1 0   131.5 2   349.7 0 -9999.9 1   -83.4 0 -9999.9 1 -9999.9 1 -9999.9 1 -9999.9 1    91.2 0 -9999.9 1
 1999 167  6 16 16  6 16.100  28.47   685.9 0 -9999.9 1 -9999.9 1   581.7 0   320.1 0   298.8 0   297.7 0   402.7 0   286.2 0   286.5 0   126.3 0   316.5 0 -9999.9 1   -82.6 0 -9999.9 1 -9999.9 1 -9999.9 1 -9999.9 1   101.5 0 -9999.9 1
 1999 167  6 16 16  9 16.150  27.97   720.4 0 -9999.9 1 -9999.9 1   582.1 0   321.2 0   299.1 0   297.8 0   402.6 0   286.5 0   286.8 0   133.2 0   333.1 0 -9999.9 1   -81.3 0 -9999.9 1 -9999.9 1 -9999.9 1 -9999.9 1    94.5 0 -9999.9 1
 1999 167  6 16 16 12 16.200  27.46   849.9 0 -9999.9 1 -9999.9 1   616.2 0   320.1 0   299.4 0   298.2 0   405.9 0   286.6 0   286.9 0   155.3 0   392.3 0 -9999.9 1   -85.8 0 -9999.9 1 -9999.9 1 -9999.9 1 -9999.9 1   102.2 0 -9999.9 1
 1999 167  6 16 16 18 16.300  26.48   829.4 0 -9999.9 1 -9999.9 1   568.2 0   316.8 0   299.8 0   298.5 0   410.2 0   286.9 0   287.3 0   152.9 0   376.6 0 -9999.9 1   -93.4 0 -9999.9 1 -9999.9 1 -9999.9 1 -9999.9 1    96.5 0 -9999.9 1
 1999 167  6 16 16 21 16.350  25.99   847.4 0 -9999.9 1 -9999.9 1   557.3 0   313.6 0   299.9 0   298.6 0   407.4 0   287.0 0   287.2 0   157.0 0   385.8 0 -9999.9 1   -93.8 0 -9999.9 1 -9999.9 1 -9999.9 1 -9999.9 1    93.9 0 -9999.9 1
 1999 167  6 16 16 24 16.400  25.51   938.7 0 -9999.9 1 -9999.9 1   552.1 0   310.4 0   300.2 0   299.2 0   410.9 0   287.0 0   287.4 0   170.3 0   423.9 0 -9999.9 1  -100.5 0 -9999.9 1 -9999.9 1 -9999.9 1 -9999.9 1    89.1 0 -9999.9 1
 1999 167  6 16 16 27 16.450  25.04   723.9 0 -9999.9 1 -9999.9 1   503.8 0   306.8 0   300.3 0   298.7 0   406.1 0   287.0 0   287.3 0   141.4 0   327.9 0 -9999.9 1   -99.4 0 -9999.9 1 -9999.9 1 -9999.9 1 -9999.9 1    98.6 0 -9999.9 1
 1999 167  6 16 16 33 16.550  24.12   564.9 0 -9999.9 1 -9999.9 1   419.0 0   299.0 0   300.3 0   298.6 0   399.3 0   287.0 0   287.1 0   117.5 0   256.4 0 -9999.9 1  -100.3 0 -9999.9 1 -9999.9 1 -9999.9 1 -9999.9 1    99.7 0 -9999.9 1
 1999 167  6 16 16 36 16.600  23.67   501.8 0 -9999.9 1 -9999.9 1   366.1 0   295.6 0   300.4 0   298.6 0   397.2 0   287.0 0   287.2 0   111.7 0   230.3 0 -9999.9 1  -101.6 0 -9999.9 1 -9999.9 1 -9999.9 1 -9999.9 1    95.2 0 -9999.9 1
 1999 167  6 16 16 39 16.650  23.22  1023.1 0 -9999.9 1 -9999.9 1   338.1 0   296.8 0   300.5 0   299.3 0   417.6 0   287.1 0   287.5 0   187.6 0   464.8 0 -9999.9 1  -120.8 0 -9999.9 1 -9999.9 1 -9999.9 1 -9999.9 1    90.6 0 -9999.9 1
 1999 167  6 16 16 42 16.700  22.79  1125.7 0 -9999.9 1 -9999.9 1   302.7 0   294.0 0   300.7 0   300.0 0   429.9 0   287.4 0   287.9 0   206.9 0   505.8 0 -9999.9 1  -135.9 0 -9999.9 1 -9999.9 1 -9999.9 1 -9999.9 1    72.8 0 -9999.9 1
 1999 167  6 16 16 48 16.800  21.95  1117.2 0 -9999.9 1 -9999.9 1   204.1 0   288.2 0   301.1 0   300.4 0   429.9 0   287.8 0   288.3 0   211.8 0   501.8 0 -9999.9 1  -141.6 0 -9999.9 1 -9999.9 1 -9999.9 1 -9999.9 1    75.3 0 -9999.9 1
 1999 167  6 16 16 51 16.850  21.55  1122.0 0 -9999.9 1 -9999.9 1   182.0 0   287.1 0   301.2 0   300.4 0   427.8 0   287.9 0   288.3 0   216.1 0   502.0 0 -9999.9 1  -140.6 0 -9999.9 1 -9999.9 1 -9999.9 1 -9999.9 1    76.8 0 -9999.9 1
 1999 167  6 16 16 54 16.900  21.15  1152.5 0 -9999.9 1 -9999.9 1   187.0 0   283.7 0   301.2 0   300.3 0   430.5 0   287.8 0   288.2 0   224.3 2   515.7 0 -9999.9 1  -146.8 0 -9999.9 1 -9999.9 1 -9999.9 1 -9999.9 1    96.8 0 -9999.9 1
 1999 167  6 16 16 57 16.950  20.77  1177.9 0 -9999.9 1 -9999.9 1   221.0 0   285.7 0   301.4 0   300.5 0   432.8 0   288.0 0   288.4 0   227.7 2   523.1 0 -9999.9 1  -147.1 0 -9999.9 1 -9999.9 1 -9999.9 1 -9999.9 1    98.6 0 -9999.9 1
 1999 167  6 16 17  3 17.050  20.05  1263.9 0 -9999.9 1 -9999.9 1   294.3 0   297.4 0   301.9 0   301.3 0   439.7 0   288.4 0   288.9 0   244.9 0   558.2 0 -9999.9 1  -142.3 0 -9999.9 1 -9999.9 1 -9999.9 1 -9999.9 1    94.9 0 -9999.9 1
 1999 167  6 16 17  6 17.100  19.70  1297.0 0 -9999.9 1 -9999.9 1   558.7 0   310.9 0   302.2 0   301.4 0   445.5 0   288.7 0   289.2 0   246.5 0   573.8 0 -9999.9 1  -134.6 0 -9999.9 1 -9999.9 1 -9999.9 1 -9999.9 1    77.4 0 -9999.9 1
 1999 167  6 16 17  9 17.150  19.37   902.6 0 -9999.9 1 -9999.9 1   661.8 0   310.4 0   302.3 0   301.1 0   434.0 0   288.8 0   289.2 0   193.7 0   405.1 0 -9999.9 1  -123.6 0 -9999.9 1 -9999.9 1 -9999.9 1 -9999.9 1    71.4 0 -9999.9 1
 1999 167  6 16 17 12 17.200  19.06   871.1 0 -9999.9 1 -9999.9 1   541.1 0   298.9 0   302.4 0   301.1 0   425.3 0   288.8 0   289.0 0   189.8 0   399.9 0 -9999.9 1  -126.4 0 -9999.9 1 -9999.9 1 -9999.9 1 -9999.9 1    69.8 0 -9999.9 1
 1999 167  6 16 17 18 17.300  18.48  1177.2 0 -9999.9 1 -9999.9 1   200.1 0   284.9 0   302.1 0   300.8 0   436.4 0   288.3 0   288.7 0   243.3 2   526.0 0 -9999.9 1  -151.5 0 -9999.9 1 -9999.9 1 -9999.9 1 -9999.9 1    62.8 0 -9999.9 1
 1999 167  6 16 17 21 17.350  18.22  1130.1 0 -9999.9 1 -9999.9 1   183.2 0   282.5 0   302.1 0   301.0 0   435.7 0   288.3 0   288.6 0   234.1 2   504.1 0 -9999.9 1  -153.2 0 -9999.9 1 -9999.9 1 -9999.9 1 -9999.9 1    67.5 0 -9999.9 1
 1999 167  6 16 17 24 17.400  17.98  1173.3 0 -9999.9 1 -9999.9 1   255.7 0   289.4 0   302.2 0   301.1 0   437.3 0   288.4 0   288.8 0   242.3 2   524.3 0 -9999.9 1  -147.9 0 -9999.9 1 -9999.9 1 -9999.9 1 -9999.9 1    57.7 0 -9999.9 1
 1999 167  6 16 17 27 17.450  17.75   909.0 0 -9999.9 1 -9999.9 1   501.7 0   293.0 0   302.2 0   300.7 0   429.9 0   288.4 0   288.7 0   203.6 2   407.8 0 -9999.9 1  -136.8 0 -9999.9 1 -9999.9 1 -9999.9 1 -9999.9 1    60.2 0 -9999.9 1
 1999 167  6 16 17 33 17.550  17.36  1191.3 0 -9999.9 1 -9999.9 1   540.4 0   296.1 0   302.1 0   301.1 0   443.9 0   288.4 0   288.9 0   240.0 2   535.5 0 -9999.9 1  -147.8 0 -9999.9 1 -9999.9 1 -9999.9 1 -9999.9 1    88.1 0 -9999.9 1
 1999 167  6 16 17 36 17.600  17.20  1105.4 0 -9999.9 1 -9999.9 1   540.8 0   296.4 0   302.4 0   301.4 0   444.3 0   288.7 0   289.2 0   228.8 2   497.0 0 -9999.9 1  -147.9 0 -9999.9 1 -9999.9 1 -9999.9 1 -9999.9 1    73.7 0 -9999.9 1
 1999 167  6 16 17 39 17.650  17.06  1219.4 0 -9999.9 1 -9999.9 1   536.8 0   295.4 0   302.4 0   301.9 0   448.6 0   288.9 0   289.4 0   243.7 2   546.8 0 -9999.9 1  -153.2 0 -9999.9 1 -9999.9 1 -9999.9 1 -9999.9 1    62.6 0 -9999.9 1
 1999 167  6 16 17 42 17.700  16.94  1001.3 0 -9999.9 1 -9999.9 1   551.3 0   290.8 0   302.5 0   301.3 0   436.2 0   289.0 0   289.3 0   215.7 2   450.6 0 -9999.9 1  -145.3 0 -9999.9 1 -9999.9 1 -9999.9 1 -9999.9 1    55.4 0 -9999.9 1
 1999 167  6 16 17 48 17.800  16.77  1224.3 0 -9999.9 1 -9999.9 1   358.9 0   289.4 0   302.6 0   301.3 0   439.2 0   288.9 0   289.3 0   255.7 2   549.8 0 -9999.9 1  -149.7 0 -9999.9 1 -9999.9 1 -9999.9 1 -9999.9 1    70.7 0 -9999.9 1
 1999 167  6 16 17 51 17.850  16.72  1207.9 0 -9999.9 1 -9999.9 1   262.0 0   286.8 0   302.6 0   301.6 0   445.7 0   288.9 0   289.4 0   252.2 2   536.4 0 -9999.9 1  -158.9 0 -9999.9 1 -9999.9 1 -9999.9 1 -9999.9 1    66.2 0 -9999.9 1
 1999 167  6 16 17 54 17.900  16.70   958.0 0 -9999.9 1 -9999.9 1   231.9 0   282.9 0   302.6 0   301.1 0   431.0 0   288.9 0   289.2 0   213.6 2   429.3 0 -9999.9 1  -148.1 0 -9999.9 1 -9999.9 1 -9999.9 1 -9999.9 1    48.2 0 -9999.9 1
 1999 167  6 16 17 57 17.950  16.70  1153.0 0 -9999.9 1 -9999.9 1   193.6 0   283.7 0   302.4 0   301.2 0   439.8 0   288.8 0   289.2 0   246.8 2   513.5 0 -9999.9 1  -156.1 0 -9999.9 1 -9999.9 1 -9999.9 1 -9999.9 1    44.9 0 -9999.9 1
 1999 167  6 16 18  3 18.050  16.77  1148.6 0 -9999.9 1 -9999.9 1   202.2 0   283.9 0   302.4 0   301.0 0   441.2 0   288.9 0   289.3 0   244.8 2   511.5 0 -9999.9 1  -157.2 0 -9999.9 1 -9999.9 1 -9999.9 1 -9999.9 1    67.6 0 -9999.9 1
 1999 167  6 16 18  6 18.100  16.84  1175.2 0 -9999.9 1 -9999.9 1   225.8 0   283.0 0   302.4 0   301.3 0   444.0 0   288.9 0   289.3 0   246.2 2   522.8 0 -9999.9 1  -161.0 0 -9999.9 1 -9999.9 1 -9999.9 1 -9999.9 1    81.5 0 -9999.9 1
 1999 167  6 16 18  9 18.150  16.93  1222.1 0 -9999.9 1 -9999.9 1   240.9 0   285.5 0   302.5 0   301.9 0   454.4 0   289.1 0   289.6 0   249.5 2   543.6 0 -9999.9 1  -169.0 0 -9999.9 1 -9999.9 1 -9999.9 1 -9999.9 1    70.2 0 -9999.9 1
 1999 167  6 16 18 12 18.200  17.05  1130.3 0 -9999.9 1 -9999.9 1   244.4 0   287.0 0   302.8 0   302.1 0   448.8 0   289.5 0   289.9 0   233.5 2   503.3 0 -9999.9 1  -161.8 0 -9999.9 1 -9999.9 1 -9999.9 1 -9999.9 1    66.7 0 -9999.9 1
 1999 167  6 16 18 18 18.300  17.35  1156.7 0 -9999.9 1 -9999.9 1   236.2 0   280.3 0   303.0 0   302.2 0   451.8 0   289.5 0   289.9 0   240.2 2   517.7 0 -9999.9 1  -171.5 0 -9999.9 1 -9999.9 1 -9999.9 1 -9999.9 1    93.2 0 -9999.9 1
 1999 167  6 16 18 21 18.350  17.53  1093.2 0 -9999.9 1 -9999.9 1   304.3 0   283.9 0   303.1 0   302.1 0   446.4 0   289.7 0   290.0 0   229.7 2   489.9 0 -9999.9 1  -162.6 0 -9999.9 1 -9999.9 1 -9999.9 1 -9999.9 1    70.9 0 -9999.9 1
 1999 167  6 16 18 24 18.400  17.74  1166.3 0 -9999.9 1 -9999.9 1   278.5 0   288.3 0   303.3 0   302.2 0   447.3 0   289.7 0   290.1 0   234.4 2   523.0 0 -9999.9 1  -159.0 0 -9999.9 1 -9999.9 1 -9999.9 1 -9999.9 1    46.1 0 -9999.9 1
 1999 167  6 16 18 27 18.450  17.96  1228.1 0 -9999.9 1 -9999.9 1   215.5 0   288.8 0   303.5 0   302.5 0   455.5 0   290.0 0   290.4 0   237.8 0   545.8 0 -9999.9 1  -166.7 0 -9999.9 1 -9999.9 1 -9999.9 1 -9999.9 1    57.0 0 -9999.9 1
 1999 167  6 16 18 33 18.550  18.46  1230.8 0 -9999.9 1 -9999.9 1   222.6 0   287.5 0   303.5 0   302.3 0   452.2 0   290.0 0   290.4 0   238.4 2   548.2 0 -9999.9 1  -164.8 0 -9999.9 1 -9999.9 1 -9999.9 1 -9999.9 1    47.1 0 -9999.9 1
 1999 167  6 16 18 36 18.600  18.74  1073.4 0 -9999.9 1 -9999.9 1   377.8 0   283.3 0   303.6 0   302.9 0   452.3 0   290.2 0   290.5 0   217.7 0   479.5 0 -9999.9 1  -169.0 0 -9999.9 1 -9999.9 1 -9999.9 1 -9999.9 1    78.8 0 -9999.9 1
 1999 167  6 16 18 39 18.650  19.04   918.8 0 -9999.9 1 -9999.9 1   390.6 0   283.8 0   303.5 0   302.0 0   437.4 0   290.0 0   290.2 0   196.9 2   419.2 0 -9999.9 1  -153.6 0 -9999.9 1 -9999.9 1 -9999.9 1 -9999.9 1    50.6 0 -9999.9 1
 1999 167  6 16 18 42 18.700  19.35  1036.2 0 -9999.9 1 -9999.9 1   260.5 0   281.7 0   303.4 0   302.1 0   440.5 0   289.8 0   290.1 0   212.5 2   468.3 0 -9999.9 1  -158.8 0 -9999.9 1 -9999.9 1 -9999.9 1 -9999.9 1    49.3 0 -9999.9 1
 1999 167  6 16 18 48 18.800  20.02   940.6 0 -9999.9 1 -9999.9 1   273.3 0   278.9 0   303.4 0   301.6 0   439.9 0   289.9 0   290.2 0   199.9 2   428.9 0 -9999.9 1  -161.1 0 -9999.9 1 -9999.9 1 -9999.9 1 -9999.9 1    80.3 0 -9999.9 1
 1999 167  6 16 18 51 18.850  20.37   883.3 0 -9999.9 1 -9999.9 1   399.7 0   282.3 0   303.1 0   301.3 0   431.6 0   289.7 0   289.8 0   192.0 2   404.2 0 -9999.9 1  -149.2 0 -9999.9 1 -9999.9 1 -9999.9 1 -9999.9 1    64.5 0 -9999.9 1
 1999 167  6 16 18 54 18.900  20.74   933.0 0 -9999.9 1 -9999.9 1   460.0 0   284.6 0   302.9 0   301.3 0   429.5 0   289.4 0   289.5 0   195.8 2   425.6 0 -9999.9 1  -144.9 0 -9999.9 1 -9999.9 1 -9999.9 1 -9999.9 1    63.2 0 -9999.9 1
 1999 167  6 16 18 57 18.950  21.12   890.3 0 -9999.9 1 -9999.9 1   467.7 0   284.2 0   302.8 0   301.4 0   434.9 0   289.2 0   289.5 0   192.6 2   404.7 0 -9999.9 1  -150.6 0 -9999.9 1 -9999.9 1 -9999.9 1 -9999.9 1    63.4 0 -9999.9 1
 1999 167  6 16 19  3 19.050  21.92  1118.6 0 -9999.9 1 -9999.9 1   297.8 0   283.4 0   302.6 0   301.5 0   442.3 0   289.1 0   289.5 0   218.0 2   503.4 0 -9999.9 1  -158.9 0 -9999.9 1 -9999.9 1 -9999.9 1 -9999.9 1    77.3 0 -9999.9 1
 1999 167  6 16 19  6 19.100  22.33  1203.3 0 -9999.9 1 -9999.9 1   222.8 0   283.4 0   302.6 0   301.3 0   448.9 0   289.1 0   289.6 0   225.5 2   536.1 0 -9999.9 1  -165.5 0 -9999.9 1 -9999.9 1 -9999.9 1 -9999.9 1    59.6 0 -9999.9 1
 1999 167  6 16 19  9 19.150  22.76  1099.2 0 -9999.9 1 -9999.9 1   253.6 0   280.4 0   302.6 0   301.3 0   443.3 0   289.3 0   289.6 0   214.7 2   494.5 0 -9999.9 1  -163.0 0 -9999.9 1 -9999.9 1 -9999.9 1 -9999.9 1    75.2 0 -9999.9 1
 1999 167  6 16 19 12 19.200  23.19  1184.4 0 -9999.9 1 -9999.9 1   355.9 0   285.1 0   302.6 0   301.4 0   443.2 0   289.3 0   289.7 0   224.4 2   529.9 0 -9999.9 1  -158.1 0 -9999.9 1 -9999.9 1 -9999.9 1 -9999.9 1    67.8 0 -9999.9 1
 1999 167  6 16 19 18 19.300  24.08   986.9 0 -9999.9 1 -9999.9 1   475.7 0   287.1 0   302.8 0   301.6 0   445.3 0   289.5 0   289.9 0   193.2 2   445.3 0 -9999.9 1  -158.2 0 -9999.9 1 -9999.9 1 -9999.9 1 -9999.9 1    74.4 0 -9999.9 1
 1999 167  6 16 19 21 19.350  24.54  1063.1 0 -9999.9 1 -9999.9 1   494.1 0   290.0 0   303.0 0   302.0 0   451.3 0   289.8 0   290.2 0   199.2 2   480.4 0 -9999.9 1  -161.3 0 -9999.9 1 -9999.9 1 -9999.9 1 -9999.9 1    90.5 0 -9999.9 1
 1999 167  6 16 19 24 19.400  25.00   968.8 0 -9999.9 1 -9999.9 1   567.2 0   295.9 0   303.3 0   302.3 0   445.7 0   290.2 0   290.6 0   186.7 2   440.0 0 -9999.9 1  -149.8 0 -9999.9 1 -9999.9 1 -9999.9 1 -9999.9 1    76.4 0 -9999.9 1
 1999 167  6 16 19 27 19.450  25.48   929.6 0 -9999.9 1 -9999.9 1   640.3 0   303.9 0   303.4 0   301.8 0   437.3 0   290.1 0   290.4 0   177.3 2   426.8 0 -9999.9 1  -133.3 0 -9999.9 1 -9999.9 1 -9999.9 1 -9999.9 1    46.8 0 -9999.9 1
 1999 167  6 16 19 33 19.550  26.44   785.8 0 -9999.9 1 -9999.9 1   688.2 0   314.6 0   303.3 0   301.7 0   431.7 0   290.0 0   290.2 0   151.2 2   358.7 0 -9999.9 1  -117.1 0 -9999.9 1 -9999.9 1 -9999.9 1 -9999.9 1    33.6 0 -9999.9 1
 1999 167  6 16 19 36 19.600  26.93   607.4 0 -9999.9 1 -9999.9 1   579.0 0   317.5 0   303.4 0   301.7 0   422.9 0   290.0 0   290.2 0   120.1 2   278.6 0 -9999.9 1  -105.4 0 -9999.9 1 -9999.9 1 -9999.9 1 -9999.9 1    37.1 0 -9999.9 1
 1999 167  6 16 19 39 19.650  27.43   598.0 0 -9999.9 1 -9999.9 1   576.2 0   322.4 0   303.5 0   301.8 0   421.1 0   290.1 0   290.2 0   117.8 0   275.3 0 -9999.9 1   -98.7 0 -9999.9 1 -9999.9 1 -9999.9 1 -9999.9 1    29.4 0 -9999.9 1
 1999 167  6 16 19 42 19.700  27.93   617.3 0 -9999.9 1 -9999.9 1   589.6 0   320.2 0   303.5 0   302.5 0   429.4 0   289.9 0   290.2 0   119.0 2   283.6 0 -9999.9 1  -109.1 0 -9999.9 1 -9999.9 1 -9999.9 1 -9999.9 1    24.5 0 -9999.9 1
 1999 167  6 16 19 48 19.800  28.94   568.1 0 -9999.9 1 -9999.9 1   542.5 0   321.8 0   303.4 0   301.6 0   418.0 0   289.6 0   289.7 0   109.6 2   262.6 0 -9999.9 1   -96.3 0 -9999.9 1 -9999.9 1 -9999.9 1 -9999.9 1    58.7 0 -9999.9 1
 1999 167  6 16 19 51 19.850  29.46   505.1 0 -9999.9 1 -9999.9 1   490.7 0   323.6 0   303.3 0   301.4 0   415.6 0   289.5 0   289.6 0    99.2 2   232.6 0 -9999.9 1   -92.0 0 -9999.9 1 -9999.9 1 -9999.9 1 -9999.9 1    55.6 0 -9999.9 1
 1999 167  6 16 19 54 19.900  29.98   418.3 0 -9999.9 1 -9999.9 1   410.9 0   327.6 0   303.4 0   301.3 0   409.8 0   289.6 0   289.6 0    83.6 2   192.3 0 -9999.9 1   -82.2 0 -9999.9 1 -9999.9 1 -9999.9 1 -9999.9 1    48.4 0 -9999.9 1
 1999 167  6 16 19 57 19.950  30.50   377.1 0 -9999.9 1 -9999.9 1   371.0 0   326.9 0   303.2 0   301.1 0   406.4 0   289.4 0   289.4 0    74.5 2   174.7 0 -9999.9 1   -79.5 0 -9999.9 1 -9999.9 1 -9999.9 1 -9999.9 1    59.9 0 -9999.9 1
 1999 167  6 16 20  3 20.050  31.55   357.4 0 -9999.9 1 -9999.9 1   351.3 0   326.2 0   302.8 0   301.0 0   405.8 0   289.0 0   289.1 0    70.3 2   166.8 0 -9999.9 1   -79.5 0 -9999.9 1 -9999.9 1 -9999.9 1 -9999.9 1    61.6 0 -9999.9 1
 1999 167  6 16 20  6 20.100  32.09   344.9 0 -9999.9 1 -9999.9 1   339.6 0   328.6 0   302.6 0   300.5 0   403.8 0   288.9 0   288.9 0    68.4 2   161.1 0 -9999.9 1   -75.2 0 -9999.9 1 -9999.9 1 -9999.9 1 -9999.9 1    39.7 0 -9999.9 1
 1999 167  6 16 20  9 20.150  32.62   323.2 0 -9999.9 1 -9999.9 1   318.5 0   328.7 0   302.3 0   300.2 0   402.1 0   288.8 0   288.8 0    64.4 2   151.2 0 -9999.9 1   -73.4 0 -9999.9 1 -9999.9 1 -9999.9 1 -9999.9 1    43.6 0 -9999.9 1
 1999 167  6 16 20 12 20.200  33.16   284.9 0 -9999.9 1 -9999.9 1   282.2 0   327.6 0   302.0 0   299.8 0   399.4 0   288.6 0   288.6 0    56.2 2   133.5 0 -9999.9 1   -71.8 0 -9999.9 1 -9999.9 1 -9999.9 1 -9999.9 1    46.8 0 -9999.9 1
 1999 167  6 16 20 18 20.300  34.24   249.6 0 -9999.9 1 -9999.9 1   247.6 0   325.9 0   301.5 0   299.3 0   396.2 0   288.3 0   288.3 0    49.3 2   117.8 0 -9999.9 1   -70.3 0 -9999.9 1 -9999.9 1 -9999.9 1 -9999.9 1    57.5 0 -9999.9 1
 1999 167  6 16 20 21 20.350  34.79   270.4 0 -9999.9 1 -9999.9 1   267.9 0   326.5 0   301.4 0   299.6 0   398.4 0   288.4 0   288.4 0    52.9 2   128.0 0 -9999.9 1   -72.0 0 -9999.9 1 -9999.9 1 -9999.9 1 -9999.9 1    59.4 0 -9999.9 1
 1999 167  6 16 20 24 20.400  35.34   270.2 0 -9999.9 1 -9999.9 1   268.2 0   327.2 0   301.3 0   299.4 0   399.8 0   288.4 0   288.4 0    52.1 2   127.7 0 -9999.9 1   -72.6 0 -9999.9 1 -9999.9 1 -9999.9 1 -9999.9 1    59.7 0 -9999.9 1
 1999 167  6 16 20 27 20.450  35.89   268.5 0 -9999.9 1 -9999.9 1   264.9 0   326.2 0   301.1 0   299.5 0   401.0 0   288.4 0   288.4 0    51.9 2   127.5 0 -9999.9 1   -74.8 0 -9999.9 1 -9999.9 1 -9999.9 1 -9999.9 1    64.6 0 -9999.9 1
 1999 167  6 16 20 33 20.550  36.99   252.7 0 -9999.9 1 -9999.9 1   250.5 0   332.3 0   301.0 0   299.0 0   398.8 0   288.5 0   288.5 0    49.4 2   120.7 0 -9999.9 1   -66.5 0 -9999.9 1 -9999.9 1 -9999.9 1 -9999.9 1    38.5 0 -9999.9 1
 1999 167  6 16 20 36 20.600  37.55   217.8 0 -9999.9 1 -9999.9 1   216.5 0   332.4 0   301.0 0   299.1 0   398.5 0   288.6 0   288.6 0    43.4 2   104.4 0 -9999.9 1   -66.1 0 -9999.9 1 -9999.9 1 -9999.9 1 -9999.9 1    46.0 0 -9999.9 1
 1999 167  6 16 20 39 20.650  38.11   175.9 0 -9999.9 1 -9999.9 1   176.8 0   332.5 0   300.9 0   298.9 0   395.2 0   288.6 0   288.6 0    34.3 0    85.2 0 -9999.9 1   -62.7 0 -9999.9 1 -9999.9 1 -9999.9 1 -9999.9 1    72.6 0 -9999.9 1
 1999 167  6 16 20 42 20.700  38.67   141.4 0 -9999.9 1 -9999.9 1   142.6 0   334.4 0   300.8 0   298.8 0   392.8 0   288.6 0   288.6 0    26.6 0    69.3 0 -9999.9 1   -58.5 0 -9999.9 1 -9999.9 1 -9999.9 1 -9999.9 1    46.0 0 -9999.9 1
 1999 167  6 16 20 48 20.800  39.79   122.4 0 -9999.9 1 -9999.9 1   123.6 0   333.9 0   300.4 0   298.5 0   390.5 0   288.3 0   288.3 0    21.6 2    61.3 0 -9999.9 1   -56.7 0 -9999.9 1 -9999.9 1 -9999.9 1 -9999.9 1    59.4 0 -9999.9 1
 1999 167  6 16 20 51 20.850  40.35   131.2 0 -9999.9 1 -9999.9 1   132.4 0   336.4 0   300.4 0   298.4 0   390.9 0   288.4 0   288.3 0    23.6 2    65.7 0 -9999.9 1   -54.5 0 -9999.9 1 -9999.9 1 -9999.9 1 -9999.9 1    49.8 0 -9999.9 1
 1999 167  6 16 20 54 20.900  40.91   137.5 0 -9999.9 1 -9999.9 1   137.3 0   337.1 0   300.3 0   298.4 0   391.2 0   288.3 0   288.3 0    24.9 0    68.4 0 -9999.9 1   -54.1 0 -9999.9 1 -9999.9 1 -9999.9 1 -9999.9 1    42.1 0 -9999.9 1
 1999 167  6 16 20 57 20.950  41.48   140.4 0 -9999.9 1 -9999.9 1   141.1 0   338.5 0   300.3 0   298.4 0   392.7 0   288.4 0   288.4 0    25.1 0    69.7 0 -9999.9 1   -54.2 0 -9999.9 1 -9999.9 1 -9999.9 1 -9999.9 1    59.0 0 -9999.9 1
 1999 167  6 16 21  3 21.050  42.61   165.1 0 -9999.9 1 -9999.9 1   164.7 0   342.3 0   300.3 0   298.6 0   396.0 0   288.7 0   288.7 0    28.9 0    81.1 0 -9999.9 1   -53.7 0 -9999.9 1 -9999.9 1 -9999.9 1 -9999.9 1    45.4 0 -9999.9 1
 1999 167  6 16 21  6 21.100  43.18   168.4 0 -9999.9 1 -9999.9 1   168.7 0   342.2 0   300.3 0   298.8 0   397.0 0   288.8 0   288.8 0    28.8 0    81.9 0 -9999.9 1   -54.8 0 -9999.9 1 -9999.9 1 -9999.9 1 -9999.9 1    53.7 0 -9999.9 1
 1999 167  6 16 21  9 21.150  43.75   178.2 0 -9999.9 1 -9999.9 1   179.0 0   345.4 0   300.4 0   298.5 0   396.9 0   288.8 0   288.9 0    29.3 0    86.2 0 -9999.9 1   -51.5 0 -9999.9 1 -9999.9 1 -9999.9 1 -9999.9 1    48.2 0 -9999.9 1
 1999 167  6 16 21 12 21.200  44.32   195.9 0 -9999.9 1 -9999.9 1   196.0 0   348.5 0   300.3 0   298.2 0   397.4 0   288.9 0   289.0 0    31.5 0    94.2 0 -9999.9 1   -48.9 0 -9999.9 1 -9999.9 1 -9999.9 1 -9999.9 1    45.3 0 -9999.9 1
 1999 167  6 16 21 18 21.300  45.46   204.9 0 -9999.9 1 -9999.9 1   206.0 0   342.6 0   299.8 0   297.9 0   396.3 0   288.7 0   288.7 0    33.3 0    97.6 0 -9999.9 1   -53.6 0 -9999.9 1 -9999.9 1 -9999.9 1 -9999.9 1    55.6 0 -9999.9 1
 1999 167  6 16 21 21 21.350  46.03   191.7 0 -9999.9 1 -9999.9 1   192.6 0   340.7 0   299.8 0   298.0 0   396.3 0   288.8 0   288.8 0    31.1 0    91.9 0 -9999.9 1   -55.6 0 -9999.9 1 -9999.9 1 -9999.9 1 -9999.9 1    50.8 0 -9999.9 1
 1999 167  6 16 21 24 21.400  46.60   176.5 0 -9999.9 1 -9999.9 1   178.2 0   339.5 0   299.8 0   298.0 0   396.4 0   288.9 0   288.9 0    28.3 0    84.8 0 -9999.9 1   -56.9 0 -9999.9 1 -9999.9 1 -9999.9 1 -9999.9 1    58.5 0 -9999.9 1
 1999 167  6 16 21 27 21.450  47.17   162.6 0 -9999.9 1 -9999.9 1   164.3 0   339.8 0   299.7 0   297.8 0   395.1 0   288.9 0   288.9 0    25.8 0    78.5 0 -9999.9 1   -55.3 0 -9999.9 1 -9999.9 1 -9999.9 1 -9999.9 1    50.0 0 -9999.9 1
 1999 167  6 16 21 33 21.550  48.32   160.4 0 -9999.9 1 -9999.9 1   161.1 0   336.2 0   299.1 0   297.3 0   392.9 0   288.5 0   288.5 0    24.6 0    78.0 0 -9999.9 1   -56.7 0 -9999.9 1 -9999.9 1 -9999.9 1 -9999.9 1    50.5 0 -9999.9 1
 1999 167  6 16 21 36 21.600  48.89   160.1 0 -9999.9 1 -9999.9 1   161.0 0   335.7 0   298.9 0   297.1 0   391.9 0   288.3 0   288.3 0    24.3 0    77.9 0 -9999.9 1   -56.3 0 -9999.9 1 -9999.9 1 -9999.9 1 -9999.9 1    42.6 0 -9999.9 1
 1999 167  6 16 21 39 21.650  49.46   162.1 0 -9999.9 1 -9999.9 1   161.2 0   334.2 0   298.7 0   297.0 0   391.3 0   288.1 0   288.1 0    24.3 2    79.0 0 -9999.9 1   -57.1 0 -9999.9 1 -9999.9 1 -9999.9 1 -9999.9 1    51.8 0 -9999.9 1
 1999 167  6 16 21 42 21.700  50.04   178.4 0 -9999.9 1 -9999.9 1   178.7 0   332.8 0   298.5 0   296.9 0   391.6 0   288.0 0   288.0 0    26.4 2    87.1 0 -9999.9 1   -58.8 0 -9999.9 1 -9999.9 1 -9999.9 1 -9999.9 1    57.7 0 -9999.9 1
 1999 167  6 16 21 48 21.800  51.18   196.4 0 -9999.9 1 -9999.9 1   195.0 0   332.4 0   298.3 0   296.8 0   392.2 0   287.8 0   287.9 0    27.9 2    95.6 0 -9999.9 1   -59.8 0 -9999.9 1 -9999.9 1 -9999.9 1 -9999.9 1    55.8 0 -9999.9 1
 1999 167  6 16 21 51 21.850  51.76   188.0 0 -9999.9 1 -9999.9 1   188.5 0   334.2 0   298.5 0   297.1 0   393.6 0   288.0 0   288.1 0    26.5 2    91.2 0 -9999.9 1   -59.4 0 -9999.9 1 -9999.9 1 -9999.9 1 -9999.9 1    71.4 0 -9999.9 1
 1999 167  6 16 21 54 21.900  52.33   179.4 0 -9999.9 1 -9999.9 1   180.0 0   337.3 0   298.7 0   297.3 0   395.0 0   288.3 0   288.3 0    24.9 2    87.0 0 -9999.9 1   -57.7 0 -9999.9 1 -9999.9 1 -9999.9 1 -9999.9 1    72.2 0 -9999.9 1
 1999 167  6 16 21 57 21.950  52.90   186.1 0 -9999.9 1 -9999.9 1   186.8 0   336.8 0   298.7 0   297.2 0   394.8 0   288.2 0   288.2 0    25.3 2    90.2 0 -9999.9 1   -58.0 0 -9999.9 1 -9999.9 1 -9999.9 1 -9999.9 1    77.0 0 -9999.9 1
 1999 167  6 16 22  3 22.050  54.05   207.9 0 -9999.9 1 -9999.9 1   206.5 0   341.6 0   299.1 0   297.5 0   395.6 0   288.5 0   288.5 0    26.5 0   100.3 0 -9999.9 1   -53.9 0 -9999.9 1 -9999.9 1 -9999.9 1 -9999.9 1    65.6 0 -9999.9 1
 1999 167  6 16 22  6 22.100  54.62   253.4 0 -9999.9 1 -9999.9 1   247.3 0   340.6 0   299.0 0   297.4 0   397.0 0   288.4 0   288.4 0    29.3 2   121.1 0 -9999.9 1   -56.5 0 -9999.9 1 -9999.9 1 -9999.9 1 -9999.9 1    60.9 0 -9999.9 1
 1999 167  6 16 22  9 22.150  55.20   303.2 0 -9999.9 1 -9999.9 1   282.3 0   337.8 0   298.9 0   297.5 0   400.2 0   288.3 0   288.4 0    32.1 2   143.3 0 -9999.9 1   -62.5 0 -9999.9 1 -9999.9 1 -9999.9 1 -9999.9 1    72.4 0 -9999.9 1
 1999 167  6 16 22 12 22.200  55.77   331.4 0 -9999.9 1 -9999.9 1   310.8 0   338.3 0   299.1 0   297.8 0   403.0 0   288.5 0   288.6 0    34.7 2   156.2 0 -9999.9 1   -64.7 0 -9999.9 1 -9999.9 1 -9999.9 1 -9999.9 1    71.5 0 -9999.9 1
 1999 167  6 16 22 18 22.300  56.91   293.3 0 -9999.9 1 -9999.9 1   276.6 0   336.4 0   299.0 0   297.3 0   397.9 0   288.4 0   288.5 0    32.7 2   139.6 0 -9999.9 1   -61.5 0 -9999.9 1 -9999.9 1 -9999.9 1 -9999.9 1    73.8 0 -9999.9 1
 1999 167  6 16 22 21 22.350  57.49   239.5 0 -9999.9 1 -9999.9 1   235.1 0   337.3 0   299.1 0   297.3 0   394.7 0   288.4 0   288.4 0    28.5 2   115.1 0 -9999.9 1   -57.5 0 -9999.9 1 -9999.9 1 -9999.9 1 -9999.9 1    63.3 0 -9999.9 1
 1999 167  6 16 22 24 22.400  58.06   244.2 0 -9999.9 1 -9999.9 1   238.6 0   338.4 0   299.1 0   297.4 0   393.2 0   288.4 0   288.5 0    26.4 2   116.6 0 -9999.9 1   -54.7 0 -9999.9 1 -9999.9 1 -9999.9 1 -9999.9 1    49.1 0 -9999.9 1
 1999 167  6 16 22 27 22.450  58.63   271.6 0 -9999.9 1 -9999.9 1   256.4 0   339.2 0   299.1 0   297.1 0   392.6 0   288.3 0   288.4 0    26.3 2   129.2 0 -9999.9 1   -53.4 0 -9999.9 1 -9999.9 1 -9999.9 1 -9999.9 1    38.9 0 -9999.9 1
 1999 167  6 16 22 33 22.550  59.77   431.6 0 -9999.9 1 -9999.9 1   356.7 0   337.4 0   299.2 0   297.5 0   401.3 0   288.5 0   288.7 0    32.9 2   201.6 0 -9999.9 1   -63.8 0 -9999.9 1 -9999.9 1 -9999.9 1 -9999.9 1    42.3 0 -9999.9 1
 1999 167  6 16 22 36 22.600  60.34   362.4 0 -9999.9 1 -9999.9 1   323.5 0   334.3 0   299.2 0   297.5 0   398.3 0   288.6 0   288.7 0    30.8 2   169.4 0 -9999.9 1   -64.1 0 -9999.9 1 -9999.9 1 -9999.9 1 -9999.9 1    37.1 0 -9999.9 1
 1999 167  6 16 22 39 22.650  60.91   308.0 0 -9999.9 1 -9999.9 1   297.3 0   331.4 0   299.2 0   297.0 0   393.2 0   288.5 0   288.6 0    29.3 2   145.9 0 -9999.9 1   -61.7 0 -9999.9 1 -9999.9 1 -9999.9 1 -9999.9 1    50.7 0 -9999.9 1
 1999 167  6 16 22 42 22.700  61.48   369.8 0 -9999.9 1 -9999.9 1   291.6 0   325.6 0   299.1 0   297.3 0   397.2 0   288.5 0   288.6 0    30.3 2   172.6 0 -9999.9 1   -71.5 0 -9999.9 1 -9999.9 1 -9999.9 1 -9999.9 1    45.7 0 -9999.9 1
 1999 167  6 16 22 48 22.800  62.61   272.7 0 -9999.9 1 -9999.9 1   232.1 0   321.7 0   299.4 0   297.8 0   397.0 0   288.8 0   288.9 0    25.0 0   129.1 0 -9999.9 1   -75.3 0 -9999.9 1 -9999.9 1 -9999.9 1 -9999.9 1    41.1 0 -9999.9 1
 1999 167  6 16 22 51 22.850  63.18   255.7 0 -9999.9 1 -9999.9 1   215.7 0   324.0 0   299.4 0   297.9 0   397.0 0   288.8 0   288.9 0    22.4 2   120.4 0 -9999.9 1   -72.9 0 -9999.9 1 -9999.9 1 -9999.9 1 -9999.9 1    25.0 0 -9999.9 1
 1999 167  6 16 22 54 22.900  63.74   203.4 0 -9999.9 1 -9999.9 1   187.8 0   326.5 0   299.5 0   297.9 0   394.5 0   288.9 0   288.9 0    19.7 2    96.1 0 -9999.9 1   -68.0 0 -9999.9 1 -9999.9 1 -9999.9 1 -9999.9 1    24.6 0 -9999.9 1
 1999 167  6 16 22 57 22.950  64.31   160.3 0 -9999.9 1 -9999.9 1   156.9 0   324.4 0   299.6 0   297.6 0   391.1 0   288.9 0   288.9 0    17.8 0    76.7 0 -9999.9 1   -66.8 0 -9999.9 1 -9999.9 1 -9999.9 1 -9999.9 1    25.3 0 -9999.9 1
 1999 167  6 16 23  3 23.050  65.44   129.3 0 -9999.9 1 -9999.9 1   126.1 0   323.7 0   299.6 0   297.7 0   389.3 0   288.9 0   288.8 0    15.2 0    62.2 0 -9999.9 1   -65.6 0 -9999.9 1 -9999.9 1 -9999.9 1 -9999.9 1    20.4 0 -9999.9 1
 1999 167  6 16 23  6 23.100  66.00   121.3 0 -9999.9 1 -9999.9 1   118.3 0   325.1 0   299.5 0   297.6 0   388.6 0   288.8 0   288.7 0    13.6 0    58.5 0 -9999.9 1   -63.5 0 -9999.9 1 -9999.9 1 -9999.9 1 -9999.9 1    20.2 0 -9999.9 1
 1999 167  6 16 23  9 23.150  66.56   114.9 0 -9999.9 1 -9999.9 1   111.9 0   327.3 0   299.3 0   297.3 0   388.0 0   288.6 0   288.5 0    12.2 0    55.3 0 -9999.9 1   -60.7 0 -9999.9 1 -9999.9 1 -9999.9 1 -9999.9 1    27.6 0 -9999.9 1
 1999 167  6 16 23 12 23.200  67.12   104.6 0 -9999.9 1 -9999.9 1   102.0 0   330.8 0   299.2 0   297.1 0   387.2 0   288.5 0   288.4 0    10.4 0    50.6 0 -9999.9 1   -56.4 0 -9999.9 1 -9999.9 1 -9999.9 1 -9999.9 1    29.4 0 -9999.9 1
 1999 167  6 16 23 18 23.300  68.24    87.8 0 -9999.9 1 -9999.9 1    85.6 0   334.3 0   299.2 0   297.6 0   388.2 0   288.6 0   288.6 0     7.5 0    42.2 0 -9999.9 1   -53.9 0 -9999.9 1 -9999.9 1 -9999.9 1 -9999.9 1     7.9 0 -9999.9 1
 1999 167  6 16 23 21 23.350  68.80    88.1 0 -9999.9 1 -9999.9 1    85.7 0   335.8 0   299.3 0   297.6 0   388.7 0   288.6 0   288.5 0     7.1 0    42.1 0 -9999.9 1   -52.9 0 -9999.9 1 -9999.9 1 -9999.9 1 -9999.9 1    15.8 0 -9999.9 1
 1999 167  6 16 23 24 23.400  69.36    96.4 0 -9999.9 1 -9999.9 1    93.7 0   335.7 0   299.3 0   297.7 0   389.4 0   288.5 0   288.5 0     7.2 0    45.9 0 -9999.9 1   -53.7 0 -9999.9 1 -9999.9 1 -9999.9 1 -9999.9 1     7.7 0 -9999.9 1
 1999 167  6 16 23 27 23.450  69.91   108.2 0 -9999.9 1 -9999.9 1   105.8 0   336.2 0   299.3 0   297.6 0   390.1 0   288.5 0   288.5 0     7.6 0    51.0 0 -9999.9 1   -54.0 0 -9999.9 1 -9999.9 1 -9999.9 1 -9999.9 1    10.1 0 -9999.9 1
 1999 167  6 16 23 33 23.550  71.02   132.2 0 -9999.9 1 -9999.9 1   129.9 0   334.3 0   299.5 0   297.8 0   392.3 0   288.5 0   288.5 0     8.5 0    61.8 0 -9999.9 1   -58.1 0 -9999.9 1 -9999.9 1 -9999.9 1 -9999.9 1     8.0 0 -9999.9 1
 1999 167  6 16 23 36 23.600  71.57   127.8 0 -9999.9 1 -9999.9 1   126.6 0   334.2 0   299.4 0   297.6 0   391.3 0   288.4 0   288.4 0     8.4 0    59.6 0 -9999.9 1   -57.1 0 -9999.9 1 -9999.9 1 -9999.9 1 -9999.9 1     4.9 0 -9999.9 1
 1999 167  6 16 23 39 23.650  72.12   116.5 0 -9999.9 1 -9999.9 1   115.5 0   334.3 0   299.4 0   297.7 0   390.8 0   288.3 0   288.3 0     7.6 0    54.5 0 -9999.9 1   -56.5 0 -9999.9 1 -9999.9 1 -9999.9 1 -9999.9 1     7.6 0 -9999.9 1
 1999 167  6 16 23 42 23.700  72.67   112.8 0 -9999.9 1 -9999.9 1   111.7 0   338.3 0   299.5 0   297.6 0   390.2 0   288.3 0   288.3 0     6.9 0    52.6 0 -9999.9 1   -51.9 0 -9999.9 1 -9999.9 1 -9999.9 1 -9999.9 1    10.2 0 -9999.9 1
 1999 167  6 16 23 48 23.800  73.77   139.6 0 -9999.9 1 -9999.9 1   137.5 0   339.6 0   299.6 0   298.0 0   392.5 0   288.4 0   288.4 0     6.6 0    64.2 0 -9999.9 1   -53.0 0 -9999.9 1 -9999.9 1 -9999.9 1 -9999.9 1    11.3 0 -9999.9 1
 1999 167  6 16 23 51 23.850  74.31   158.1 0 -9999.9 1 -9999.9 1   155.9 0   337.7 0   299.8 0   298.1 0   393.8 0   288.5 0   288.5 0     6.7 0    72.1 0 -9999.9 1   -56.2 0 -9999.9 1 -9999.9 1 -9999.9 1 -9999.9 1    14.3 0 -9999.9 1
 1999 167  6 16 23 54 23.900  74.86   165.9 0 -9999.9 1 -9999.9 1   163.8 0   332.7 0   299.8 0   298.2 0   395.0 0   288.6 0   288.6 0     6.9 0    75.6 0 -9999.9 1   -62.3 0 -9999.9 1 -9999.9 1 -9999.9 1 -9999.9 1    14.2 0 -9999.9 1
 1999 167  6 16 23 57 23.950  75.40   149.7 0 -9999.9 1 -9999.9 1   147.9 0   326.3 0   299.9 0   298.3 0   393.9 0   288.6 0   288.6 0     6.8 0    68.9 0 -9999.9 1   -67.6 0 -9999.9 1 -9999.9 1 -9999.9 1 -9999.9 1    13.0 0 -9999.9 1
