 Bondville
   40.05  -88.37  213 m version 1
 1999 175  6 24  0  3  0.050  76.17    98.6 0 -9999.9 1 -9999.9 1    99.2 0   391.3 0   309.3 0   307.5 0   435.9 0   297.0 0   296.9 0     7.0 2    48.1 0 -9999.9 1   -44.7 0 -9999.9 1 -9999.9 1 -9999.9 1 -9999.9 1   206.0 0 -9999.9 1
 1999 175  6 24  0  6  0.100  76.71    89.5 0 -9999.9 1 -9999.9 1    91.0 0   391.9 0   309.2 0   307.3 0   435.1 0   296.9 0   296.9 0     6.5 2    44.5 0 -9999.9 1   -43.2 0 -9999.9 1 -9999.9 1 -9999.9 1 -9999.9 1   210.5 0 -9999.9 1
 1999 175  6 24  0  9  0.150  77.25    78.5 0 -9999.9 1 -9999.9 1    80.1 0   390.4 0   309.0 0   307.2 0   433.8 0   296.7 0   296.7 0     5.8 2    39.0 0 -9999.9 1   -43.4 0 -9999.9 1 -9999.9 1 -9999.9 1 -9999.9 1   208.1 0 -9999.9 1
 1999 175  6 24  0 12  0.200  77.78    67.3 0 -9999.9 1 -9999.9 1    68.1 0   395.4 0   308.9 0   307.2 0   433.1 0   296.7 0   296.6 0     4.5 2    33.0 0 -9999.9 1   -37.7 0 -9999.9 1 -9999.9 1 -9999.9 1 -9999.9 1   208.9 0 -9999.9 1
 1999 175  6 24  0 18  0.300  78.85    68.4 0 -9999.9 1 -9999.9 1    69.1 0   394.2 0   309.0 0   307.0 0   433.5 0   296.8 0   296.7 0     4.3 0    33.9 0 -9999.9 1   -39.3 0 -9999.9 1 -9999.9 1 -9999.9 1 -9999.9 1   212.5 0 -9999.9 1
 1999 175  6 24  0 21  0.350  79.38    66.3 0 -9999.9 1 -9999.9 1    66.0 0   387.7 0   308.9 0   307.2 0   433.3 0   296.7 0   296.7 0     4.3 0    33.2 0 -9999.9 1   -45.6 0 -9999.9 1 -9999.9 1 -9999.9 1 -9999.9 1   210.1 0 -9999.9 1
 1999 175  6 24  0 24  0.400  79.91    65.1 0 -9999.9 1 -9999.9 1    63.7 0   387.3 0   308.9 0   307.1 0   432.9 0   296.7 0   296.6 0     4.1 0    32.6 0 -9999.9 1   -45.6 0 -9999.9 1 -9999.9 1 -9999.9 1 -9999.9 1   206.9 0 -9999.9 1
 1999 175  6 24  0 27  0.450  80.43    60.0 0 -9999.9 1 -9999.9 1    58.7 0   387.8 0   308.9 0   307.2 0   433.3 0   296.7 0   296.6 0     3.7 0    30.0 0 -9999.9 1   -45.5 0 -9999.9 1 -9999.9 1 -9999.9 1 -9999.9 1   203.3 0 -9999.9 1
 1999 175  6 24  0 33  0.550  81.48    43.5 0 -9999.9 1 -9999.9 1    44.9 0   386.1 0   308.9 0   307.2 0   432.3 0   296.7 0   296.6 0     3.0 0    22.6 0 -9999.9 1   -46.1 0 -9999.9 1 -9999.9 1 -9999.9 1 -9999.9 1   197.3 0 -9999.9 1
 1999 175  6 24  0 36  0.600  81.99    39.9 0 -9999.9 1 -9999.9 1    41.6 0   388.9 0   308.8 0   306.9 0   432.2 0   296.6 0   296.5 0     2.7 0    20.5 0 -9999.9 1   -43.3 0 -9999.9 1 -9999.9 1 -9999.9 1 -9999.9 1   198.6 0 -9999.9 1
 1999 175  6 24  0 39  0.650  82.51    35.0 0 -9999.9 1 -9999.9 1    37.7 0   392.5 0   308.7 0   306.7 0   431.8 0   296.4 0   296.3 0     2.4 0    18.2 0 -9999.9 1   -39.3 0 -9999.9 1 -9999.9 1 -9999.9 1 -9999.9 1   205.4 0 -9999.9 1
 1999 175  6 24  0 42  0.700  83.02    30.5 0 -9999.9 1 -9999.9 1    33.3 0   396.5 0   308.6 0   306.8 0   431.9 0   296.4 0   296.3 0     2.0 0    16.0 0 -9999.9 1   -35.4 0 -9999.9 1 -9999.9 1 -9999.9 1 -9999.9 1   204.0 0 -9999.9 1
 1999 175  6 24  0 48  0.800  84.04    24.2 0 -9999.9 1 -9999.9 1    26.6 0   392.6 0   308.3 0   306.6 0   430.6 0   296.2 0   296.1 0     1.6 0    13.2 0 -9999.9 1   -38.0 0 -9999.9 1 -9999.9 1 -9999.9 1 -9999.9 1   201.8 0 -9999.9 1
 1999 175  6 24  0 51  0.850  84.55    21.8 0 -9999.9 1 -9999.9 1    23.9 0   391.5 0   308.3 0   306.6 0   430.3 0   296.2 0   296.1 0     1.4 0    11.9 0 -9999.9 1   -38.8 0 -9999.9 1 -9999.9 1 -9999.9 1 -9999.9 1   198.7 0 -9999.9 1
 1999 175  6 24  0 54  0.900  85.05    20.7 0 -9999.9 1 -9999.9 1    23.1 0   389.0 0   308.3 0   306.5 0   430.4 0   296.2 0   296.1 0     1.3 0    11.3 0 -9999.9 1   -41.4 0 -9999.9 1 -9999.9 1 -9999.9 1 -9999.9 1   196.8 0 -9999.9 1
 1999 175  6 24  0 57  0.950  85.54    20.2 0 -9999.9 1 -9999.9 1    22.2 0   386.7 0   308.2 0   306.4 0   429.5 0   296.0 0   295.9 0     1.2 0    10.9 0 -9999.9 1   -42.8 0 -9999.9 1 -9999.9 1 -9999.9 1 -9999.9 1   197.7 0 -9999.9 1
 1999 175  6 24  1  3  1.050  86.52    13.7 0 -9999.9 1 -9999.9 1    15.8 0   391.4 0   308.0 0   306.2 0   428.8 0   295.8 0   295.7 0     0.8 0     7.9 0 -9999.9 1   -37.4 0 -9999.9 1 -9999.9 1 -9999.9 1 -9999.9 1   196.8 0 -9999.9 1
 1999 175  6 24  1  6  1.100  87.00    10.3 0 -9999.9 1 -9999.9 1    12.7 0   394.8 0   307.9 0   306.2 0   428.5 0   295.8 0   295.7 0     0.7 0     6.3 0 -9999.9 1   -33.6 0 -9999.9 1 -9999.9 1 -9999.9 1 -9999.9 1   194.8 0 -9999.9 1
 1999 175  6 24  1  9  1.150  87.47     6.9 0 -9999.9 1 -9999.9 1     9.4 0   399.5 0   307.9 0   306.2 0   429.0 0   295.8 0   295.7 0     0.5 0     4.7 0 -9999.9 1   -29.5 0 -9999.9 1 -9999.9 1 -9999.9 1 -9999.9 1   194.1 0 -9999.9 1
 1999 175  6 24  1 12  1.200  87.93     2.9 0 -9999.9 1 -9999.9 1     5.3 0   409.3 0   307.9 0   306.1 0   429.4 0   295.8 0   295.7 0     0.3 0     2.9 0 -9999.9 1   -20.1 0 -9999.9 1 -9999.9 1 -9999.9 1 -9999.9 1   191.0 0 -9999.9 1
 1999 175  6 24  1 18  1.300  88.81     0.1 0 -9999.9 1 -9999.9 1     2.6 0   408.7 0   307.7 0   305.9 0   428.6 0   295.6 0   295.6 0     0.2 0     1.9 0 -9999.9 1   -19.9 0 -9999.9 1 -9999.9 1 -9999.9 1 -9999.9 1   188.7 0 -9999.9 1
 1999 175  6 24  1 21  1.350  89.23    -0.8 0 -9999.9 1 -9999.9 1     1.5 0   405.6 0   307.7 0   306.0 0   428.6 0   295.6 0   295.6 0     0.2 0     1.6 0 -9999.9 1   -23.0 0 -9999.9 1 -9999.9 1 -9999.9 1 -9999.9 1   186.8 0 -9999.9 1
 1999 175  6 24  1 24  1.400  89.61    -2.2 0 -9999.9 1 -9999.9 1    -0.6 0   405.5 0   307.7 0   306.0 0   428.5 0   295.6 0   295.6 0     0.1 0     1.0 0 -9999.9 1   -23.1 0 -9999.9 1 -9999.9 1 -9999.9 1 -9999.9 1   190.6 0 -9999.9 1
 1999 175  6 24  1 27  1.450  89.97    -3.3 0 -9999.9 1 -9999.9 1    -0.8 0   407.6 0   307.6 0   305.7 0   428.1 0   295.5 0   295.5 0     0.0 0     0.4 0 -9999.9 1   -20.5 0 -9999.9 1 -9999.9 1 -9999.9 1 -9999.9 1   189.1 0 -9999.9 1
 1999 175  6 24  1 33  1.550  91.68    -3.9 0 -9999.9 1 -9999.9 1    -0.9 0   406.1 0   307.3 0   305.6 0   426.9 0   295.3 0   295.2 0     0.0 0     0.1 0 -9999.9 1   -20.8 0 -9999.9 1 -9999.9 1 -9999.9 1 -9999.9 1   184.4 0 -9999.9 1
 1999 175  6 24  1 36  1.600  92.16    -4.0 0 -9999.9 1 -9999.9 1    -0.9 0   406.8 0   307.3 0   305.5 0   427.0 0   295.2 0   295.2 0     0.0 0     0.0 0 -9999.9 1   -20.2 0 -9999.9 1 -9999.9 1 -9999.9 1 -9999.9 1   181.6 0 -9999.9 1
 1999 175  6 24  1 39  1.650  92.64    -4.2 0 -9999.9 1 -9999.9 1    -0.8 0   407.0 0   307.3 0   305.5 0   426.9 0   295.2 0   295.2 0     0.0 0     0.0 0 -9999.9 1   -19.9 0 -9999.9 1 -9999.9 1 -9999.9 1 -9999.9 1   181.7 0 -9999.9 1
 1999 175  6 24  1 42  1.700  93.12    -4.2 0 -9999.9 1 -9999.9 1    -0.8 0   406.3 0   307.2 0   305.4 0   427.1 0   295.2 0   295.2 0     0.0 0    -0.1 0 -9999.9 1   -20.8 0 -9999.9 1 -9999.9 1 -9999.9 1 -9999.9 1   178.9 0 -9999.9 1
 1999 175  6 24  1 48  1.800  94.06    -4.3 0 -9999.9 1 -9999.9 1    -0.8 0   404.7 0   307.1 0   305.3 0   426.8 0   295.2 0   295.1 0     0.0 0    -0.2 0 -9999.9 1   -22.1 0 -9999.9 1 -9999.9 1 -9999.9 1 -9999.9 1   177.1 0 -9999.9 1
 1999 175  6 24  1 51  1.850  94.52    -4.4 0 -9999.9 1 -9999.9 1    -1.0 0   405.6 0   307.1 0   305.4 0   427.0 0   295.2 0   295.2 0     0.0 0    -0.1 0 -9999.9 1   -21.5 0 -9999.9 1 -9999.9 1 -9999.9 1 -9999.9 1   176.4 0 -9999.9 1
 1999 175  6 24  1 54  1.900  94.99    -4.4 0 -9999.9 1 -9999.9 1    -0.8 0   406.9 0   307.1 0   305.3 0   427.3 0   295.3 0   295.2 0     0.0 0    -0.2 0 -9999.9 1   -20.4 0 -9999.9 1 -9999.9 1 -9999.9 1 -9999.9 1   176.9 0 -9999.9 1
 1999 175  6 24  1 57  1.950  95.45    -4.6 0 -9999.9 1 -9999.9 1    -0.7 0   406.0 0   307.0 0   305.2 0   426.4 0   295.1 0   295.1 0     0.0 0    -0.1 0 -9999.9 1   -20.4 0 -9999.9 1 -9999.9 1 -9999.9 1 -9999.9 1   177.1 0 -9999.9 1
 1999 175  6 24  2  3  2.050  96.36    -4.3 0 -9999.9 1 -9999.9 1    -1.0 0   402.4 0   306.8 0   305.0 0   424.9 0   294.9 0   294.9 0     0.0 2    -0.2 0 -9999.9 1   -22.5 0 -9999.9 1 -9999.9 1 -9999.9 1 -9999.9 1   177.9 0 -9999.9 1
 1999 175  6 24  2  6  2.100  96.81    -4.4 0 -9999.9 1 -9999.9 1    -1.0 0   401.5 0   306.7 0   305.0 0   424.0 0   294.8 0   294.8 0     0.0 2    -0.2 0 -9999.9 1   -22.5 0 -9999.9 1 -9999.9 1 -9999.9 1 -9999.9 1   178.9 0 -9999.9 1
 1999 175  6 24  2  9  2.150  97.25    -4.4 0 -9999.9 1 -9999.9 1    -0.9 0   400.7 0   306.6 0   304.9 0   423.4 0   294.7 0   294.7 0     0.0 2    -0.2 0 -9999.9 1   -22.7 0 -9999.9 1 -9999.9 1 -9999.9 1 -9999.9 1   172.5 0 -9999.9 1
 1999 175  6 24  2 12  2.200  97.70    -4.3 0 -9999.9 1 -9999.9 1    -1.2 0   399.2 0   306.7 0   305.1 0   423.6 0   294.8 0   294.8 0     0.0 2    -0.2 0 -9999.9 1   -24.4 0 -9999.9 1 -9999.9 1 -9999.9 1 -9999.9 1   174.4 0 -9999.9 1
 1999 175  6 24  2 18  2.300  98.58    -4.2 0 -9999.9 1 -9999.9 1    -1.9 0   397.6 0   306.6 0   304.9 0   422.8 0   294.7 0   294.6 0     0.0 2    -0.2 0 -9999.9 1   -25.3 0 -9999.9 1 -9999.9 1 -9999.9 1 -9999.9 1   163.1 0 -9999.9 1
 1999 175  6 24  2 21  2.350  99.01    -4.0 0 -9999.9 1 -9999.9 1    -2.7 0   396.7 0   306.4 0   304.8 0   422.2 0   294.5 0   294.5 0     0.0 2    -0.3 0 -9999.9 1   -25.5 0 -9999.9 1 -9999.9 1 -9999.9 1 -9999.9 1   160.3 0 -9999.9 1
 1999 175  6 24  2 24  2.400  99.44    -4.1 0 -9999.9 1 -9999.9 1    -2.5 0   398.5 0   306.4 0   304.8 0   422.3 0   294.5 0   294.5 0     0.0 2    -0.2 0 -9999.9 1   -23.8 0 -9999.9 1 -9999.9 1 -9999.9 1 -9999.9 1   163.3 0 -9999.9 1
 1999 175  6 24  2 27  2.450  99.87    -4.1 0 -9999.9 1 -9999.9 1    -1.9 0   402.6 0   306.5 0   304.8 0   423.4 0   294.6 0   294.6 0     0.0 2    -0.2 0 -9999.9 1   -20.9 0 -9999.9 1 -9999.9 1 -9999.9 1 -9999.9 1   166.1 0 -9999.9 1
 1999 175  6 24  2 33  2.550 100.71    -4.1 0 -9999.9 1 -9999.9 1    -1.7 0   406.6 0   306.7 0   304.9 0   425.0 0   294.8 0   294.7 0     0.0 0    -0.2 0 -9999.9 1   -18.4 0 -9999.9 1 -9999.9 1 -9999.9 1 -9999.9 1   162.8 0 -9999.9 1
 1999 175  6 24  2 36  2.600 101.12    -4.2 0 -9999.9 1 -9999.9 1    -2.0 0   407.2 0   306.7 0   304.8 0   425.5 0   294.8 0   294.7 0     0.0 0    -0.2 0 -9999.9 1   -18.3 0 -9999.9 1 -9999.9 1 -9999.9 1 -9999.9 1   163.6 0 -9999.9 1
 1999 175  6 24  2 39  2.650 101.53    -4.3 0 -9999.9 1 -9999.9 1    -1.5 0   406.4 0   306.7 0   304.8 0   425.5 0   294.8 0   294.8 0     0.0 0    -0.2 0 -9999.9 1   -19.1 0 -9999.9 1 -9999.9 1 -9999.9 1 -9999.9 1   165.8 0 -9999.9 1
 1999 175  6 24  2 42  2.700 101.94    -4.4 0 -9999.9 1 -9999.9 1    -1.6 0   404.9 0   306.5 0   304.6 0   425.4 0   294.8 0   294.7 0     0.0 0    -0.3 0 -9999.9 1   -20.5 0 -9999.9 1 -9999.9 1 -9999.9 1 -9999.9 1   164.5 0 -9999.9 1
 1999 175  6 24  2 48  2.800 102.74    -4.1 0 -9999.9 1 -9999.9 1    -0.7 0   418.2 0   306.2 0   303.1 0   422.1 0   294.8 0   294.7 0     0.0 0    -0.2 0 -9999.9 1    -3.8 0 -9999.9 1 -9999.9 1 -9999.9 1 -9999.9 1   183.9 0 -9999.9 1
 1999 175  6 24  2 51  2.850 103.14    -3.8 0 -9999.9 1 -9999.9 1    -0.4 0   426.5 0   305.8 0   301.7 0   417.8 0   294.7 0   294.4 0     0.0 0    -0.2 0 -9999.9 1     0.0 0 -9999.9 1 -9999.9 1 -9999.9 1 -9999.9 1   198.7 0 -9999.9 1
 1999 175  6 24  2 54  2.900 103.53    -2.4 0 -9999.9 1 -9999.9 1     1.0 0   434.8 0   305.1 0   300.6 0   417.4 0   294.3 0   294.1 0     0.0 0    -0.2 0 -9999.9 1     0.0 0 -9999.9 1 -9999.9 1 -9999.9 1 -9999.9 1   193.8 0 -9999.9 1
 1999 175  6 24  2 57  2.950 103.91    -1.4 0 -9999.9 1 -9999.9 1     1.1 0   432.1 0   304.3 0   300.2 0   417.5 0   294.0 0   293.8 0     0.0 0    -0.2 0 -9999.9 1     0.0 0 -9999.9 1 -9999.9 1 -9999.9 1 -9999.9 1   191.9 0 -9999.9 1
 1999 175  6 24  3  3  3.050 104.67    -0.6 0 -9999.9 1 -9999.9 1     2.2 0   430.9 0   302.7 0   298.6 0   415.9 0   293.4 0   293.2 0     0.0 0     0.0 0 -9999.9 1     0.0 0 -9999.9 1 -9999.9 1 -9999.9 1 -9999.9 1   196.3 0 -9999.9 1
 1999 175  6 24  3  6  3.100 105.05     0.0 0 -9999.9 1 -9999.9 1     2.5 0   427.5 0   301.7 0   297.8 0   413.8 0   293.1 0   292.9 0     0.0 0    -0.1 0 -9999.9 1     0.0 0 -9999.9 1 -9999.9 1 -9999.9 1 -9999.9 1   194.7 0 -9999.9 1
 1999 175  6 24  3  9  3.150 105.41    -0.4 0 -9999.9 1 -9999.9 1     2.2 0   423.6 0   300.8 0   297.4 0   414.1 0   292.9 0   292.8 0     0.0 0    -0.1 0 -9999.9 1     0.0 0 -9999.9 1 -9999.9 1 -9999.9 1 -9999.9 1   185.8 0 -9999.9 1
 1999 175  6 24  3 12  3.200 105.78    -1.4 0 -9999.9 1 -9999.9 1     1.8 0   422.4 0   300.1 0   297.1 0   415.5 0   292.8 0   292.7 0     0.0 0    -0.1 0 -9999.9 1     0.0 0 -9999.9 1 -9999.9 1 -9999.9 1 -9999.9 1   170.4 0 -9999.9 1
 1999 175  6 24  3 18  3.300 106.49    -2.6 0 -9999.9 1 -9999.9 1     1.4 0   418.3 0   299.1 0   296.7 0   417.3 0   292.7 0   292.7 0     0.0 0    -0.1 0 -9999.9 1     0.0 0 -9999.9 1 -9999.9 1 -9999.9 1 -9999.9 1   171.1 0 -9999.9 1
 1999 175  6 24  3 21  3.350 106.84    -3.1 0 -9999.9 1 -9999.9 1     1.2 0   415.7 0   298.7 0   296.6 0   417.6 0   292.8 0   292.8 0     0.0 0    -0.1 0 -9999.9 1    -1.9 0 -9999.9 1 -9999.9 1 -9999.9 1 -9999.9 1   167.3 0 -9999.9 1
 1999 175  6 24  3 24  3.400 107.18    -3.3 0 -9999.9 1 -9999.9 1     1.2 0   414.7 0   298.4 0   296.5 0   417.9 0   292.8 0   292.7 0     0.0 0    -0.1 0 -9999.9 1    -3.2 0 -9999.9 1 -9999.9 1 -9999.9 1 -9999.9 1   173.0 0 -9999.9 1
 1999 175  6 24  3 27  3.450 107.52    -3.3 0 -9999.9 1 -9999.9 1     1.4 0   415.0 0   298.2 0   296.4 0   418.1 0   292.7 0   292.7 0     0.0 0     0.0 0 -9999.9 1    -3.1 0 -9999.9 1 -9999.9 1 -9999.9 1 -9999.9 1   174.0 0 -9999.9 1
 1999 175  6 24  3 33  3.550 108.19    -3.2 0 -9999.9 1 -9999.9 1     1.5 0   416.3 0   298.0 0   296.1 0   419.0 0   292.8 0   292.8 0     0.0 0     0.0 0 -9999.9 1    -2.7 0 -9999.9 1 -9999.9 1 -9999.9 1 -9999.9 1   178.0 0 -9999.9 1
 1999 175  6 24  3 36  3.600 108.51    -4.0 0 -9999.9 1 -9999.9 1     1.5 0   414.3 0   297.8 0   296.2 0   418.5 0   292.7 0   292.7 0     0.0 0    -0.1 0 -9999.9 1    -4.2 0 -9999.9 1 -9999.9 1 -9999.9 1 -9999.9 1   185.5 0 -9999.9 1
 1999 175  6 24  3 39  3.650 108.83    -4.1 0 -9999.9 1 -9999.9 1     1.2 0   415.7 0   297.9 0   296.4 0   419.1 0   292.8 0   292.8 0     0.0 0    -0.1 0 -9999.9 1    -3.4 0 -9999.9 1 -9999.9 1 -9999.9 1 -9999.9 1   194.8 0 -9999.9 1
 1999 175  6 24  3 42  3.700 109.14    -4.4 0 -9999.9 1 -9999.9 1     0.6 0   416.4 0   297.9 0   296.4 0   419.0 0   292.8 0   292.7 0     0.0 0    -0.1 0 -9999.9 1    -2.5 0 -9999.9 1 -9999.9 1 -9999.9 1 -9999.9 1   206.9 0 -9999.9 1
 1999 175  6 24  3 48  3.800 109.75    -4.4 0 -9999.9 1 -9999.9 1    -0.6 0   418.5 0   298.1 0   296.5 0   419.8 0   292.9 0   292.9 0     0.0 0     0.0 0 -9999.9 1    -1.3 0 -9999.9 1 -9999.9 1 -9999.9 1 -9999.9 1   219.3 0 -9999.9 1
 1999 175  6 24  3 51  3.850 110.05    -4.4 0 -9999.9 1 -9999.9 1    -0.5 0   417.7 0   298.2 0   296.6 0   420.1 0   293.0 0   292.9 0     0.0 0    -0.1 0 -9999.9 1    -2.4 0 -9999.9 1 -9999.9 1 -9999.9 1 -9999.9 1   215.0 0 -9999.9 1
 1999 175  6 24  3 54  3.900 110.34    -4.6 0 -9999.9 1 -9999.9 1    -0.5 0   416.8 0   298.1 0   296.6 0   419.3 0   292.8 0   292.8 0     0.0 0    -0.1 0 -9999.9 1    -2.5 0 -9999.9 1 -9999.9 1 -9999.9 1 -9999.9 1   213.2 0 -9999.9 1
 1999 175  6 24  3 57  3.950 110.62    -4.7 0 -9999.9 1 -9999.9 1    -0.6 0   417.3 0   298.2 0   296.7 0   419.4 0   292.9 0   292.8 0     0.0 0    -0.1 0 -9999.9 1    -2.1 0 -9999.9 1 -9999.9 1 -9999.9 1 -9999.9 1   216.7 0 -9999.9 1
 1999 175  6 24  4  3  4.050 111.18    -4.6 0 -9999.9 1 -9999.9 1    -0.6 0   416.7 0   298.5 0   297.0 0   419.9 0   292.9 0   292.9 0     0.0 0    -0.1 0 -9999.9 1    -3.2 0 -9999.9 1 -9999.9 1 -9999.9 1 -9999.9 1   212.8 0 -9999.9 1
 1999 175  6 24  4  6  4.100 111.44    -4.6 0 -9999.9 1 -9999.9 1    -0.5 0   415.8 0   298.6 0   297.1 0   419.9 0   293.0 0   292.9 0     0.0 0    -0.1 0 -9999.9 1    -4.1 0 -9999.9 1 -9999.9 1 -9999.9 1 -9999.9 1   212.3 0 -9999.9 1
 1999 175  6 24  4  9  4.150 111.70    -4.8 0 -9999.9 1 -9999.9 1    -0.5 0   414.5 0   298.5 0   297.0 0   418.7 0   292.8 0   292.7 0     0.0 0    -0.1 0 -9999.9 1    -4.3 0 -9999.9 1 -9999.9 1 -9999.9 1 -9999.9 1   210.4 0 -9999.9 1
 1999 175  6 24  4 12  4.200 111.96    -5.0 0 -9999.9 1 -9999.9 1    -0.4 0   415.2 0   298.5 0   297.0 0   418.2 0   292.7 0   292.7 0     0.0 0    -0.1 0 -9999.9 1    -3.0 0 -9999.9 1 -9999.9 1 -9999.9 1 -9999.9 1   211.6 0 -9999.9 1
 1999 175  6 24  4 18  4.300 112.45    -4.6 0 -9999.9 1 -9999.9 1    -0.1 0   414.7 0   298.5 0   296.8 0   417.7 0   292.6 0   292.6 0     0.0 2    -0.1 0 -9999.9 1    -3.0 0 -9999.9 1 -9999.9 1 -9999.9 1 -9999.9 1   216.1 0 -9999.9 1
 1999 175  6 24  4 21  4.350 112.68    -4.2 0 -9999.9 1 -9999.9 1     0.3 0   413.9 0   298.7 0   296.9 0   418.2 0   292.7 0   292.6 0     0.0 0    -0.1 0 -9999.9 1    -4.3 0 -9999.9 1 -9999.9 1 -9999.9 1 -9999.9 1   219.4 0 -9999.9 1
 1999 175  6 24  4 24  4.400 112.91    -4.3 0 -9999.9 1 -9999.9 1     0.0 0   411.8 0   298.5 0   296.9 0   417.0 0   292.5 0   292.5 0     0.0 2    -0.1 0 -9999.9 1    -5.3 0 -9999.9 1 -9999.9 1 -9999.9 1 -9999.9 1   224.7 0 -9999.9 1
 1999 175  6 24  4 27  4.450 113.14    -4.6 0 -9999.9 1 -9999.9 1    -0.3 0   408.0 0   298.6 0   297.1 0   416.7 0   292.5 0   292.5 0     0.0 2    -0.2 0 -9999.9 1    -8.7 0 -9999.9 1 -9999.9 1 -9999.9 1 -9999.9 1   219.2 0 -9999.9 1
 1999 175  6 24  4 33  4.550 113.56    -4.9 0 -9999.9 1 -9999.9 1    -0.5 0   408.3 0   299.0 0   297.6 0   418.1 0   292.8 0   292.7 0     0.0 0    -0.2 0 -9999.9 1    -9.8 0 -9999.9 1 -9999.9 1 -9999.9 1 -9999.9 1   218.9 0 -9999.9 1
 1999 175  6 24  4 36  4.600 113.77    -5.0 0 -9999.9 1 -9999.9 1    -0.3 0   408.0 0   299.1 0   297.7 0   418.1 0   292.8 0   292.8 0     0.0 0    -0.2 0 -9999.9 1   -10.1 0 -9999.9 1 -9999.9 1 -9999.9 1 -9999.9 1   214.1 0 -9999.9 1
 1999 175  6 24  4 39  4.650 113.96    -5.0 0 -9999.9 1 -9999.9 1    -0.5 0   408.1 0   299.0 0   297.5 0   417.1 0   292.7 0   292.6 0     0.0 0    -0.2 0 -9999.9 1    -9.1 0 -9999.9 1 -9999.9 1 -9999.9 1 -9999.9 1   212.4 0 -9999.9 1
 1999 175  6 24  4 42  4.700 114.15    -4.8 0 -9999.9 1 -9999.9 1    -0.3 0   408.3 0   298.9 0   297.2 0   416.0 0   292.5 0   292.4 0     0.0 2    -0.1 0 -9999.9 1    -7.7 0 -9999.9 1 -9999.9 1 -9999.9 1 -9999.9 1   206.9 0 -9999.9 1
 1999 175  6 24  4 48  4.800 114.51    -4.9 0 -9999.9 1 -9999.9 1    -0.2 0   411.8 0   299.0 0   297.3 0   415.9 0   292.4 0   292.4 0     0.0 2    -0.1 0 -9999.9 1    -4.1 0 -9999.9 1 -9999.9 1 -9999.9 1 -9999.9 1   199.3 0 -9999.9 1
 1999 175  6 24  4 51  4.850 114.68    -4.8 0 -9999.9 1 -9999.9 1    -0.1 0   411.8 0   299.0 0   297.3 0   415.7 0   292.4 0   292.3 0     0.0 2     0.0 0 -9999.9 1    -3.9 0 -9999.9 1 -9999.9 1 -9999.9 1 -9999.9 1   201.2 0 -9999.9 1
 1999 175  6 24  4 54  4.900 114.84    -4.6 0 -9999.9 1 -9999.9 1     0.1 0   412.7 0   299.2 0   297.4 0   416.6 0   292.5 0   292.5 0     0.0 0    -0.1 0 -9999.9 1    -3.9 0 -9999.9 1 -9999.9 1 -9999.9 1 -9999.9 1   197.0 0 -9999.9 1
 1999 175  6 24  4 57  4.950 115.00    -4.8 0 -9999.9 1 -9999.9 1     0.1 0   413.1 0   299.4 0   297.7 0   417.3 0   292.6 0   292.6 0     0.0 0    -0.2 0 -9999.9 1    -4.2 0 -9999.9 1 -9999.9 1 -9999.9 1 -9999.9 1   190.6 0 -9999.9 1
 1999 175  6 24  5  3  5.050 115.28    -4.7 0 -9999.9 1 -9999.9 1     0.5 0   414.0 0   299.6 0   297.8 0   417.5 0   292.6 0   292.6 0     0.0 0    -0.1 0 -9999.9 1    -3.5 0 -9999.9 1 -9999.9 1 -9999.9 1 -9999.9 1   192.3 0 -9999.9 1
 1999 175  6 24  5  6  5.100 115.42    -4.9 0 -9999.9 1 -9999.9 1     0.5 0   414.5 0   299.6 0   297.9 0   417.4 0   292.6 0   292.6 0     0.0 0    -0.2 0 -9999.9 1    -2.9 0 -9999.9 1 -9999.9 1 -9999.9 1 -9999.9 1   190.7 0 -9999.9 1
 1999 175  6 24  5  9  5.150 115.54    -4.8 0 -9999.9 1 -9999.9 1     0.4 0   414.9 0   299.7 0   298.1 0   418.1 0   292.7 0   292.7 0     0.0 0    -0.2 0 -9999.9 1    -3.2 0 -9999.9 1 -9999.9 1 -9999.9 1 -9999.9 1   190.5 0 -9999.9 1
 1999 175  6 24  5 12  5.200 115.66    -5.2 0 -9999.9 1 -9999.9 1     0.2 0   415.9 0   299.8 0   298.2 0   418.3 0   292.8 0   292.7 0     0.0 0    -0.2 0 -9999.9 1    -2.4 0 -9999.9 1 -9999.9 1 -9999.9 1 -9999.9 1   194.5 0 -9999.9 1
 1999 175  6 24  5 18  5.300 115.88    -5.0 0 -9999.9 1 -9999.9 1     0.2 0   416.5 0   300.1 0   298.4 0   419.3 0   292.9 0   292.9 0     0.0 0    -0.1 0 -9999.9 1    -2.8 0 -9999.9 1 -9999.9 1 -9999.9 1 -9999.9 1   193.5 0 -9999.9 1
 1999 175  6 24  5 21  5.350 115.97    -5.1 0 -9999.9 1 -9999.9 1     0.4 0   418.1 0   300.1 0   298.4 0   419.7 0   293.0 0   292.9 0     0.0 0    -0.1 0 -9999.9 1    -1.6 0 -9999.9 1 -9999.9 1 -9999.9 1 -9999.9 1   183.2 0 -9999.9 1
 1999 175  6 24  5 24  5.400 116.06    -5.2 0 -9999.9 1 -9999.9 1     0.5 0   417.6 0   300.2 0   298.5 0   419.9 0   293.0 0   293.0 0     0.0 0     0.0 0 -9999.9 1    -2.4 0 -9999.9 1 -9999.9 1 -9999.9 1 -9999.9 1   186.3 0 -9999.9 1
 1999 175  6 24  5 27  5.450 116.14    -5.1 0 -9999.9 1 -9999.9 1     0.3 0   416.6 0   300.2 0   298.6 0   419.6 0   292.9 0   292.9 0     0.0 0    -0.1 0 -9999.9 1    -3.0 0 -9999.9 1 -9999.9 1 -9999.9 1 -9999.9 1   182.6 0 -9999.9 1
 1999 175  6 24  5 33  5.550 116.28    -5.0 0 -9999.9 1 -9999.9 1     0.4 0   417.4 0   300.2 0   298.4 0   419.7 0   293.0 0   292.9 0     0.0 0    -0.2 0 -9999.9 1    -2.3 0 -9999.9 1 -9999.9 1 -9999.9 1 -9999.9 1   176.8 0 -9999.9 1
 1999 175  6 24  5 36  5.600 116.34    -4.9 0 -9999.9 1 -9999.9 1     0.5 0   418.5 0   300.1 0   298.0 0   418.9 0   292.9 0   292.8 0     0.0 0    -0.2 0 -9999.9 1    -0.3 0 -9999.9 1 -9999.9 1 -9999.9 1 -9999.9 1   175.5 0 -9999.9 1
 1999 175  6 24  5 39  5.650 116.39    -4.8 0 -9999.9 1 -9999.9 1     0.6 0   419.6 0   300.0 0   298.0 0   418.8 0   292.8 0   292.8 0     0.0 0    -0.1 0 -9999.9 1     0.0 0 -9999.9 1 -9999.9 1 -9999.9 1 -9999.9 1   177.0 0 -9999.9 1
 1999 175  6 24  5 42  5.700 116.43    -4.9 0 -9999.9 1 -9999.9 1     0.4 0   419.1 0   300.1 0   298.2 0   419.0 0   292.9 0   292.9 0     0.0 0    -0.2 0 -9999.9 1     0.0 0 -9999.9 1 -9999.9 1 -9999.9 1 -9999.9 1   172.2 0 -9999.9 1
 1999 175  6 24  5 48  5.800 116.49    -4.9 0 -9999.9 1 -9999.9 1     0.2 0   419.6 0   300.1 0   298.1 0   419.3 0   292.9 0   292.9 0     0.0 0    -0.1 0 -9999.9 1     0.0 0 -9999.9 1 -9999.9 1 -9999.9 1 -9999.9 1   173.9 0 -9999.9 1
 1999 175  6 24  5 51  5.850 116.51    -4.6 0 -9999.9 1 -9999.9 1     0.7 0   419.9 0   300.1 0   298.1 0   419.4 0   292.9 0   292.9 0     0.0 0    -0.2 0 -9999.9 1     0.0 0 -9999.9 1 -9999.9 1 -9999.9 1 -9999.9 1   172.5 0 -9999.9 1
 1999 175  6 24  5 54  5.900 116.53    -4.8 0 -9999.9 1 -9999.9 1     0.6 0   418.6 0   300.0 0   298.1 0   419.0 0   292.9 0   292.9 0     0.0 0    -0.1 0 -9999.9 1    -0.4 0 -9999.9 1 -9999.9 1 -9999.9 1 -9999.9 1   170.1 0 -9999.9 1
 1999 175  6 24  5 57  5.950 116.53    -4.8 0 -9999.9 1 -9999.9 1     0.4 0   417.5 0   300.0 0   298.2 0   419.3 0   292.9 0   292.9 0     0.0 0    -0.2 0 -9999.9 1    -1.8 0 -9999.9 1 -9999.9 1 -9999.9 1 -9999.9 1   171.3 0 -9999.9 1
 1999 175  6 24  6  3  6.050 116.52    -5.0 0 -9999.9 1 -9999.9 1     0.6 0   416.3 0   300.0 0   298.4 0   419.5 0   293.0 0   292.9 0     0.0 0    -0.1 0 -9999.9 1    -3.2 0 -9999.9 1 -9999.9 1 -9999.9 1 -9999.9 1   170.7 0 -9999.9 1
 1999 175  6 24  6  6  6.100 116.50    -5.1 0 -9999.9 1 -9999.9 1     0.6 0   413.2 0   299.8 0   298.2 0   418.6 0   292.8 0   292.8 0     0.0 0    -0.1 0 -9999.9 1    -5.4 0 -9999.9 1 -9999.9 1 -9999.9 1 -9999.9 1   171.9 0 -9999.9 1
 1999 175  6 24  6  9  6.150 116.47    -5.0 0 -9999.9 1 -9999.9 1     0.9 0   408.9 0   299.8 0   298.2 0   418.3 0   292.8 0   292.7 0     0.0 0    -0.2 0 -9999.9 1    -9.4 0 -9999.9 1 -9999.9 1 -9999.9 1 -9999.9 1   172.9 0 -9999.9 1
 1999 175  6 24  6 12  6.200 116.44    -5.1 0 -9999.9 1 -9999.9 1     0.7 0   397.2 0   299.6 0   298.1 0   417.3 0   292.6 0   292.6 0     0.0 0    -0.1 0 -9999.9 1   -20.0 0 -9999.9 1 -9999.9 1 -9999.9 1 -9999.9 1   172.8 0 -9999.9 1
 1999 175  6 24  6 18  6.300 116.35    -5.1 0 -9999.9 1 -9999.9 1     0.8 0   395.5 0   299.7 0   298.2 0   417.5 0   292.7 0   292.7 0     0.0 0    -0.1 0 -9999.9 1   -22.0 0 -9999.9 1 -9999.9 1 -9999.9 1 -9999.9 1   179.2 0 -9999.9 1
 1999 175  6 24  6 21  6.350 116.29    -5.2 0 -9999.9 1 -9999.9 1     0.6 0   397.1 0   299.6 0   298.2 0   416.8 0   292.6 0   292.6 0     0.0 0    -0.2 0 -9999.9 1   -19.7 0 -9999.9 1 -9999.9 1 -9999.9 1 -9999.9 1   181.5 0 -9999.9 1
 1999 175  6 24  6 24  6.400 116.23    -5.2 0 -9999.9 1 -9999.9 1     0.4 0   392.4 0   299.4 0   298.1 0   415.8 0   292.4 0   292.4 0     0.0 0    -0.1 0 -9999.9 1   -23.4 0 -9999.9 1 -9999.9 1 -9999.9 1 -9999.9 1   185.9 0 -9999.9 1
 1999 175  6 24  6 27  6.450 116.15    -5.2 0 -9999.9 1 -9999.9 1     0.5 0   398.4 0   299.4 0   298.0 0   415.6 0   292.4 0   292.3 0     0.0 0    -0.1 0 -9999.9 1   -17.2 0 -9999.9 1 -9999.9 1 -9999.9 1 -9999.9 1   186.3 0 -9999.9 1
 1999 175  6 24  6 33  6.550 115.99    -5.2 0 -9999.9 1 -9999.9 1     0.5 0   400.8 0   299.3 0   298.0 0   415.3 0   292.3 0   292.2 0     0.0 2    -0.1 0 -9999.9 1   -14.5 0 -9999.9 1 -9999.9 1 -9999.9 1 -9999.9 1   190.1 0 -9999.9 1
 1999 175  6 24  6 36  6.600 115.89    -5.1 0 -9999.9 1 -9999.9 1     0.5 0   403.7 0   299.3 0   298.0 0   415.3 0   292.2 0   292.2 0     0.0 2    -0.2 0 -9999.9 1   -11.7 0 -9999.9 1 -9999.9 1 -9999.9 1 -9999.9 1   186.3 0 -9999.9 1
 1999 175  6 24  6 39  6.650 115.79    -5.0 0 -9999.9 1 -9999.9 1     0.6 0   405.2 0   299.3 0   298.0 0   415.3 0   292.2 0   292.2 0     0.0 2     0.0 0 -9999.9 1   -10.1 0 -9999.9 1 -9999.9 1 -9999.9 1 -9999.9 1   188.3 0 -9999.9 1
 1999 175  6 24  6 42  6.700 115.68    -5.1 0 -9999.9 1 -9999.9 1     0.4 0   407.2 0   299.5 0   298.3 0   416.2 0   292.3 0   292.3 0     0.0 0     0.0 0 -9999.9 1    -9.0 0 -9999.9 1 -9999.9 1 -9999.9 1 -9999.9 1   186.8 0 -9999.9 1
 1999 175  6 24  6 48  6.800 115.44    -5.0 0 -9999.9 1 -9999.9 1     0.4 0   407.7 0   299.7 0   298.4 0   416.4 0   292.4 0   292.4 0     0.0 0    -0.1 0 -9999.9 1    -8.6 0 -9999.9 1 -9999.9 1 -9999.9 1 -9999.9 1   196.9 0 -9999.9 1
 1999 175  6 24  6 51  6.850 115.31    -4.9 0 -9999.9 1 -9999.9 1     0.4 0   405.1 0   299.8 0   298.4 0   416.6 0   292.5 0   292.5 0     0.0 0    -0.2 0 -9999.9 1   -11.5 0 -9999.9 1 -9999.9 1 -9999.9 1 -9999.9 1   190.7 0 -9999.9 1
 1999 175  6 24  6 54  6.900 115.17    -5.1 0 -9999.9 1 -9999.9 1     0.4 0   403.9 0   299.7 0   298.4 0   416.1 0   292.4 0   292.4 0     0.0 0    -0.1 0 -9999.9 1   -12.2 0 -9999.9 1 -9999.9 1 -9999.9 1 -9999.9 1   189.9 0 -9999.9 1
 1999 175  6 24  6 57  6.950 115.02    -5.1 0 -9999.9 1 -9999.9 1     0.2 0   405.0 0   299.8 0   298.5 0   416.0 0   292.4 0   292.4 0     0.0 0    -0.1 0 -9999.9 1   -11.1 0 -9999.9 1 -9999.9 1 -9999.9 1 -9999.9 1   190.9 0 -9999.9 1
 1999 175  6 24  7  3  7.050 114.71    -5.1 0 -9999.9 1 -9999.9 1     0.2 0   403.2 0   299.9 0   298.6 0   416.1 0   292.4 0   292.4 0     0.0 0    -0.2 0 -9999.9 1   -12.8 0 -9999.9 1 -9999.9 1 -9999.9 1 -9999.9 1   193.8 0 -9999.9 1
 1999 175  6 24  7  6  7.100 114.54    -5.1 0 -9999.9 1 -9999.9 1     0.0 0   403.1 0   300.0 0   298.8 0   416.3 0   292.5 0   292.5 0     0.0 0    -0.1 0 -9999.9 1   -13.2 0 -9999.9 1 -9999.9 1 -9999.9 1 -9999.9 1   191.4 0 -9999.9 1
 1999 175  6 24  7  9  7.150 114.37    -5.0 0 -9999.9 1 -9999.9 1    -0.4 0   404.2 0   300.1 0   298.9 0   416.2 0   292.5 0   292.4 0     0.0 0    -0.1 0 -9999.9 1   -12.0 0 -9999.9 1 -9999.9 1 -9999.9 1 -9999.9 1   189.3 0 -9999.9 1
 1999 175  6 24  7 12  7.200 114.18    -5.0 0 -9999.9 1 -9999.9 1    -0.4 0   403.6 0   300.1 0   298.9 0   415.8 0   292.4 0   292.4 0     0.0 0    -0.1 0 -9999.9 1   -12.1 0 -9999.9 1 -9999.9 1 -9999.9 1 -9999.9 1   189.1 0 -9999.9 1
 1999 175  6 24  7 18  7.300 113.80    -4.6 0 -9999.9 1 -9999.9 1    -0.1 0   405.5 0   300.3 0   299.0 0   416.0 0   292.4 0   292.4 0     0.0 0    -0.1 0 -9999.9 1   -10.6 0 -9999.9 1 -9999.9 1 -9999.9 1 -9999.9 1   186.7 0 -9999.9 1
 1999 175  6 24  7 21  7.350 113.60    -4.6 0 -9999.9 1 -9999.9 1     0.0 0   407.6 0   300.4 0   299.0 0   416.5 0   292.5 0   292.4 0     0.0 0    -0.1 0 -9999.9 1    -8.8 0 -9999.9 1 -9999.9 1 -9999.9 1 -9999.9 1   186.9 0 -9999.9 1
 1999 175  6 24  7 24  7.400 113.39    -4.7 0 -9999.9 1 -9999.9 1    -0.2 0   407.2 0   300.4 0   299.2 0   416.4 0   292.5 0   292.4 0     0.0 0    -0.1 0 -9999.9 1    -9.3 0 -9999.9 1 -9999.9 1 -9999.9 1 -9999.9 1   183.7 0 -9999.9 1
 1999 175  6 24  7 27  7.450 113.17    -4.8 0 -9999.9 1 -9999.9 1    -0.2 0   406.6 0   300.4 0   299.1 0   415.7 0   292.3 0   292.3 0     0.0 0    -0.1 0 -9999.9 1    -9.1 0 -9999.9 1 -9999.9 1 -9999.9 1 -9999.9 1   182.6 0 -9999.9 1
 1999 175  6 24  7 33  7.550 112.72    -4.5 0 -9999.9 1 -9999.9 1     0.0 0   407.2 0   300.6 0   299.3 0   416.4 0   292.4 0   292.4 0     0.0 0    -0.2 0 -9999.9 1    -9.2 0 -9999.9 1 -9999.9 1 -9999.9 1 -9999.9 1   182.1 0 -9999.9 1
 1999 175  6 24  7 36  7.600 112.49    -4.4 0 -9999.9 1 -9999.9 1    -0.6 0   404.7 0   300.8 0   299.6 0   416.8 0   292.5 0   292.5 0     0.0 0    -0.1 0 -9999.9 1   -12.0 0 -9999.9 1 -9999.9 1 -9999.9 1 -9999.9 1   184.5 0 -9999.9 1
 1999 175  6 24  7 39  7.650 112.25    -4.0 0 -9999.9 1 -9999.9 1    -0.4 0   403.1 0   300.8 0   299.5 0   416.7 0   292.5 0   292.5 0     0.0 0    -0.1 0 -9999.9 1   -13.6 0 -9999.9 1 -9999.9 1 -9999.9 1 -9999.9 1   185.8 0 -9999.9 1
 1999 175  6 24  7 42  7.700 112.00    -4.0 0 -9999.9 1 -9999.9 1    -0.1 0   401.9 0   300.9 0   299.5 0   416.3 0   292.4 0   292.4 0     0.0 0    -0.1 0 -9999.9 1   -14.4 0 -9999.9 1 -9999.9 1 -9999.9 1 -9999.9 1   185.4 0 -9999.9 1
 1999 175  6 24  7 48  7.800 111.49    -4.2 0 -9999.9 1 -9999.9 1    -0.7 0   402.8 0   301.0 0   299.8 0   416.3 0   292.4 0   292.4 0     0.0 0    -0.1 0 -9999.9 1   -13.5 0 -9999.9 1 -9999.9 1 -9999.9 1 -9999.9 1   191.6 0 -9999.9 1
 1999 175  6 24  7 51  7.850 111.22    -4.0 0 -9999.9 1 -9999.9 1    -0.8 0   403.0 0   301.2 0   299.9 0   416.6 0   292.5 0   292.5 0     0.0 0    -0.1 0 -9999.9 1   -13.5 0 -9999.9 1 -9999.9 1 -9999.9 1 -9999.9 1   191.5 0 -9999.9 1
 1999 175  6 24  7 54  7.900 110.95    -3.7 0 -9999.9 1 -9999.9 1    -0.7 0   402.7 0   301.3 0   300.0 0   416.7 0   292.5 0   292.5 0     0.0 0     0.0 0 -9999.9 1   -14.0 0 -9999.9 1 -9999.9 1 -9999.9 1 -9999.9 1   185.0 0 -9999.9 1
 1999 175  6 24  7 57  7.950 110.67    -3.6 0 -9999.9 1 -9999.9 1    -0.6 0   402.8 0   301.4 0   300.1 0   417.0 0   292.6 0   292.5 0     0.0 0    -0.2 0 -9999.9 1   -14.1 0 -9999.9 1 -9999.9 1 -9999.9 1 -9999.9 1   187.6 0 -9999.9 1
 1999 175  6 24  8  3  8.050 110.10    -3.4 0 -9999.9 1 -9999.9 1    -0.7 0   402.9 0   301.6 0   300.3 0   417.0 0   292.6 0   292.5 0     0.0 0    -0.2 0 -9999.9 1   -14.2 0 -9999.9 1 -9999.9 1 -9999.9 1 -9999.9 1   185.9 0 -9999.9 1
 1999 175  6 24  8  6  8.100 109.80    -3.3 0 -9999.9 1 -9999.9 1    -0.9 0   402.6 0   301.7 0   300.4 0   417.0 0   292.5 0   292.5 0     0.0 0    -0.1 0 -9999.9 1   -14.4 0 -9999.9 1 -9999.9 1 -9999.9 1 -9999.9 1   182.6 0 -9999.9 1
 1999 175  6 24  8  9  8.150 109.50    -3.1 0 -9999.9 1 -9999.9 1    -0.6 0   403.2 0   301.8 0   300.3 0   417.0 0   292.5 0   292.5 0     0.0 0    -0.1 0 -9999.9 1   -13.7 0 -9999.9 1 -9999.9 1 -9999.9 1 -9999.9 1   184.4 0 -9999.9 1
 1999 175  6 24  8 12  8.200 109.19    -2.9 0 -9999.9 1 -9999.9 1    -0.6 0   403.9 0   301.8 0   300.3 0   416.8 0   292.5 0   292.5 0     0.0 0    -0.1 0 -9999.9 1   -12.9 0 -9999.9 1 -9999.9 1 -9999.9 1 -9999.9 1   185.3 0 -9999.9 1
 1999 175  6 24  8 18  8.300 108.56    -3.3 0 -9999.9 1 -9999.9 1    -0.4 0   405.9 0   302.0 0   300.4 0   417.4 0   292.6 0   292.6 0     0.0 0    -0.2 0 -9999.9 1   -11.5 0 -9999.9 1 -9999.9 1 -9999.9 1 -9999.9 1   185.1 0 -9999.9 1
 1999 175  6 24  8 21  8.350 108.24    -3.5 0 -9999.9 1 -9999.9 1    -0.3 0   405.6 0   301.9 0   300.1 0   416.7 0   292.5 0   292.5 0     0.0 0    -0.1 0 -9999.9 1   -11.1 0 -9999.9 1 -9999.9 1 -9999.9 1 -9999.9 1   184.7 0 -9999.9 1
 1999 175  6 24  8 24  8.400 107.91    -3.8 0 -9999.9 1 -9999.9 1    -0.4 0   401.7 0   301.7 0   299.8 0   415.2 0   292.3 0   292.2 0     0.0 0    -0.1 0 -9999.9 1   -13.6 0 -9999.9 1 -9999.9 1 -9999.9 1 -9999.9 1   185.9 0 -9999.9 1
 1999 175  6 24  8 27  8.450 107.58    -4.4 0 -9999.9 1 -9999.9 1    -0.3 0   400.4 0   301.8 0   299.8 0   415.7 0   292.4 0   292.3 0     0.0 0    -0.1 0 -9999.9 1   -15.3 0 -9999.9 1 -9999.9 1 -9999.9 1 -9999.9 1   185.8 0 -9999.9 1
 1999 175  6 24  8 33  8.550 106.90    -5.4 0 -9999.9 1 -9999.9 1    -0.6 0   396.6 0   301.8 0   300.2 0   415.5 0   292.4 0   292.4 0     0.0 0    -0.1 0 -9999.9 1   -18.8 0 -9999.9 1 -9999.9 1 -9999.9 1 -9999.9 1   187.7 0 -9999.9 1
 1999 175  6 24  8 36  8.600 106.55    -5.6 0 -9999.9 1 -9999.9 1    -0.7 0   398.2 0   301.7 0   300.2 0   414.4 0   292.2 0   292.2 0     0.0 0     0.0 0 -9999.9 1   -16.2 0 -9999.9 1 -9999.9 1 -9999.9 1 -9999.9 1   189.0 0 -9999.9 1
 1999 175  6 24  8 39  8.650 106.20    -5.3 0 -9999.9 1 -9999.9 1    -0.6 0   405.6 0   301.8 0   300.3 0   415.3 0   292.3 0   292.2 0     0.0 0    -0.1 0 -9999.9 1    -9.7 0 -9999.9 1 -9999.9 1 -9999.9 1 -9999.9 1   179.6 0 -9999.9 1
 1999 175  6 24  8 42  8.700 105.84    -5.5 0 -9999.9 1 -9999.9 1    -0.8 0   408.3 0   301.7 0   300.2 0   414.8 0   292.1 0   292.1 0     0.0 0     0.0 0 -9999.9 1    -6.6 0 -9999.9 1 -9999.9 1 -9999.9 1 -9999.9 1   175.8 0 -9999.9 1
 1999 175  6 24  8 48  8.800 105.11    -5.0 0 -9999.9 1 -9999.9 1    -0.8 0   408.1 0   301.6 0   299.9 0   414.1 0   292.0 0   291.9 0     0.0 0    -0.1 0 -9999.9 1    -6.0 0 -9999.9 1 -9999.9 1 -9999.9 1 -9999.9 1   173.7 0 -9999.9 1
 1999 175  6 24  8 51  8.850 104.74    -4.8 0 -9999.9 1 -9999.9 1    -1.0 0   408.1 0   301.6 0   299.9 0   414.0 0   291.9 0   291.9 0     0.0 2    -0.1 0 -9999.9 1    -5.9 0 -9999.9 1 -9999.9 1 -9999.9 1 -9999.9 1   172.3 0 -9999.9 1
 1999 175  6 24  8 54  8.900 104.36    -4.6 0 -9999.9 1 -9999.9 1    -1.0 0   410.6 0   301.6 0   299.7 0   414.5 0   292.0 0   292.0 0     0.0 0    -0.1 0 -9999.9 1    -3.9 0 -9999.9 1 -9999.9 1 -9999.9 1 -9999.9 1   174.9 0 -9999.9 1
 1999 175  6 24  8 57  8.950 103.98    -4.4 0 -9999.9 1 -9999.9 1    -1.1 0   409.6 0   301.5 0   299.6 0   413.9 0   291.9 0   291.9 0     0.0 2    -0.1 0 -9999.9 1    -4.4 0 -9999.9 1 -9999.9 1 -9999.9 1 -9999.9 1   172.7 0 -9999.9 1
 1999 175  6 24  9  3  9.050 103.20    -4.8 0 -9999.9 1 -9999.9 1    -0.9 0   413.9 0   301.5 0   299.4 0   414.5 0   292.0 0   292.0 0     0.0 0    -0.2 0 -9999.9 1    -0.6 0 -9999.9 1 -9999.9 1 -9999.9 1 -9999.9 1   178.5 0 -9999.9 1
 1999 175  6 24  9  6  9.100 102.81    -4.7 0 -9999.9 1 -9999.9 1    -1.0 0   414.0 0   301.5 0   299.3 0   414.0 0   291.9 0   291.9 0     0.0 2    -0.1 0 -9999.9 1     0.0 0 -9999.9 1 -9999.9 1 -9999.9 1 -9999.9 1   181.1 0 -9999.9 1
 1999 175  6 24  9  9  9.150 102.41    -4.7 0 -9999.9 1 -9999.9 1    -0.9 0   412.7 0   301.4 0   299.2 0   413.3 0   291.8 0   291.8 0     0.0 2    -0.1 0 -9999.9 1    -0.6 0 -9999.9 1 -9999.9 1 -9999.9 1 -9999.9 1   182.7 0 -9999.9 1
 1999 175  6 24  9 12  9.200 102.01    -4.7 0 -9999.9 1 -9999.9 1    -0.9 0   414.0 0   301.5 0   299.3 0   413.7 0   291.9 0   291.8 0     0.0 2    -0.2 0 -9999.9 1     0.0 0 -9999.9 1 -9999.9 1 -9999.9 1 -9999.9 1   183.3 0 -9999.9 1
 1999 175  6 24  9 18  9.300 101.19    -4.8 0 -9999.9 1 -9999.9 1    -1.0 0   415.6 0   301.7 0   299.6 0   414.8 0   292.1 0   292.0 0     0.0 0    -0.1 0 -9999.9 1     0.0 0 -9999.9 1 -9999.9 1 -9999.9 1 -9999.9 1   188.6 0 -9999.9 1
 1999 175  6 24  9 21  9.350 100.78    -4.9 0 -9999.9 1 -9999.9 1    -0.8 0   416.6 0   301.7 0   299.4 0   414.9 0   292.1 0   292.0 0     0.0 0     0.0 0 -9999.9 1     0.0 0 -9999.9 1 -9999.9 1 -9999.9 1 -9999.9 1   185.2 0 -9999.9 1
 1999 175  6 24  9 24  9.400 100.36    -4.9 0 -9999.9 1 -9999.9 1    -0.8 0   416.5 0   301.8 0   299.5 0   415.0 0   292.1 0   292.1 0     0.0 0     0.0 0 -9999.9 1     0.0 0 -9999.9 1 -9999.9 1 -9999.9 1 -9999.9 1   181.1 0 -9999.9 1
 1999 175  6 24  9 27  9.450  99.94    -4.9 0 -9999.9 1 -9999.9 1    -0.5 0   418.1 0   301.9 0   299.4 0   415.6 0   292.2 0   292.2 0     0.0 0    -0.1 0 -9999.9 1     0.0 0 -9999.9 1 -9999.9 1 -9999.9 1 -9999.9 1   177.4 0 -9999.9 1
 1999 175  6 24  9 33  9.550  99.08    -4.8 0 -9999.9 1 -9999.9 1    -0.5 0   415.5 0   302.1 0   299.7 0   416.2 0   292.3 0   292.3 0     0.0 0    -0.1 0 -9999.9 1    -0.7 0 -9999.9 1 -9999.9 1 -9999.9 1 -9999.9 1   184.4 0 -9999.9 1
 1999 175  6 24  9 36  9.600  98.65    -4.5 0 -9999.9 1 -9999.9 1    -0.6 0   411.8 0   302.1 0   299.7 0   416.2 0   292.4 0   292.3 0     0.0 0    -0.2 0 -9999.9 1    -4.4 0 -9999.9 1 -9999.9 1 -9999.9 1 -9999.9 1   183.3 0 -9999.9 1
 1999 175  6 24  9 39  9.650  98.21    -4.5 0 -9999.9 1 -9999.9 1    -0.8 0   408.9 0   302.1 0   299.8 0   415.9 0   292.4 0   292.3 0     0.0 0    -0.1 0 -9999.9 1    -7.0 0 -9999.9 1 -9999.9 1 -9999.9 1 -9999.9 1   176.3 0 -9999.9 1
 1999 175  6 24  9 42  9.700  97.77    -4.5 0 -9999.9 1 -9999.9 1    -0.8 0   408.4 0   302.0 0   299.6 0   415.5 0   292.3 0   292.3 0     0.0 0    -0.1 0 -9999.9 1    -7.0 0 -9999.9 1 -9999.9 1 -9999.9 1 -9999.9 1   175.4 0 -9999.9 1
 1999 175  6 24  9 48  9.800  96.88    -4.6 0 -9999.9 1 -9999.9 1    -0.7 0   408.3 0   301.8 0   299.3 0   414.6 0   292.2 0   292.1 0     0.0 0    -0.1 0 -9999.9 1    -6.3 0 -9999.9 1 -9999.9 1 -9999.9 1 -9999.9 1   174.3 0 -9999.9 1
 1999 175  6 24  9 51  9.850  96.43    -4.7 0 -9999.9 1 -9999.9 1    -0.9 0   407.2 0   301.7 0   299.5 0   414.3 0   292.1 0   292.1 0     0.0 0    -0.1 0 -9999.9 1    -7.1 0 -9999.9 1 -9999.9 1 -9999.9 1 -9999.9 1   176.0 0 -9999.9 1
 1999 175  6 24  9 54  9.900  95.98    -4.6 0 -9999.9 1 -9999.9 1    -0.8 0   407.8 0   301.7 0   299.5 0   414.7 0   292.1 0   292.1 0     0.0 0    -0.2 0 -9999.9 1    -6.8 0 -9999.9 1 -9999.9 1 -9999.9 1 -9999.9 1   178.3 0 -9999.9 1
 1999 175  6 24  9 57  9.950  95.52    -4.9 0 -9999.9 1 -9999.9 1    -0.7 0   408.0 0   301.8 0   299.5 0   415.1 0   292.2 0   292.2 0     0.0 0    -0.1 0 -9999.9 1    -7.1 0 -9999.9 1 -9999.9 1 -9999.9 1 -9999.9 1   178.6 0 -9999.9 1
 1999 175  6 24 10  3 10.050  94.60    -4.9 0 -9999.9 1 -9999.9 1    -0.9 0   404.9 0   301.8 0   299.7 0   414.5 0   292.2 0   292.1 0     0.0 0    -0.1 0 -9999.9 1    -9.5 0 -9999.9 1 -9999.9 1 -9999.9 1 -9999.9 1   181.3 0 -9999.9 1
 1999 175  6 24 10  6 10.100  94.13    -5.0 0 -9999.9 1 -9999.9 1    -0.9 0   406.2 0   301.9 0   299.8 0   414.7 0   292.2 0   292.2 0     0.0 0    -0.1 0 -9999.9 1    -8.5 0 -9999.9 1 -9999.9 1 -9999.9 1 -9999.9 1   179.5 0 -9999.9 1
 1999 175  6 24 10  9 10.150  93.67    -5.0 0 -9999.9 1 -9999.9 1    -1.0 0   410.2 0   302.0 0   300.0 0   415.3 0   292.3 0   292.3 0     0.0 0    -0.1 0 -9999.9 1    -5.1 0 -9999.9 1 -9999.9 1 -9999.9 1 -9999.9 1   178.1 0 -9999.9 1
 1999 175  6 24 10 12 10.200  93.19    -5.0 0 -9999.9 1 -9999.9 1    -0.9 0   415.2 0   302.1 0   300.1 0   415.9 0   292.4 0   292.3 0     0.0 0     0.0 0 -9999.9 1    -0.7 0 -9999.9 1 -9999.9 1 -9999.9 1 -9999.9 1   179.6 0 -9999.9 1
 1999 175  6 24 10 18 10.300  92.24    -4.7 0 -9999.9 1 -9999.9 1    -0.9 0   417.7 0   302.2 0   300.1 0   416.5 0   292.4 0   292.4 0     0.0 0     0.0 0 -9999.9 1     0.0 0 -9999.9 1 -9999.9 1 -9999.9 1 -9999.9 1   168.7 0 -9999.9 1
 1999 175  6 24 10 21 10.350  91.76    -4.6 0 -9999.9 1 -9999.9 1    -1.0 0   418.0 0   302.1 0   300.0 0   416.0 0   292.3 0   292.3 0     0.0 0     0.1 0 -9999.9 1     0.0 0 -9999.9 1 -9999.9 1 -9999.9 1 -9999.9 1   167.7 0 -9999.9 1
 1999 175  6 24 10 24 10.400  91.28    -4.7 0 -9999.9 1 -9999.9 1    -1.0 0   417.9 0   302.0 0   300.0 0   415.4 0   292.2 0   292.2 0     0.0 0     0.2 0 -9999.9 1     0.0 0 -9999.9 1 -9999.9 1 -9999.9 1 -9999.9 1   162.4 0 -9999.9 1
 1999 175  6 24 10 27 10.450  90.80    -4.3 0 -9999.9 1 -9999.9 1    -0.9 0   416.1 0   302.0 0   299.9 0   415.2 0   292.2 0   292.1 0     0.0 0     0.4 0 -9999.9 1     0.0 0 -9999.9 1 -9999.9 1 -9999.9 1 -9999.9 1   149.6 0 -9999.9 1
 1999 175  6 24 10 33 10.550  89.29    -3.1 0 -9999.9 1 -9999.9 1    -0.3 0   412.2 0   302.0 0   299.8 0   415.2 0   292.2 0   292.2 0     0.0 0     0.8 0 -9999.9 1    -3.0 0 -9999.9 1 -9999.9 1 -9999.9 1 -9999.9 1   153.6 0 -9999.9 1
 1999 175  6 24 10 36 10.600  88.88    -2.4 0 -9999.9 1 -9999.9 1     0.5 0   408.2 0   301.9 0   299.7 0   414.7 0   292.2 0   292.1 0     0.1 0     1.1 0 -9999.9 1    -6.5 0 -9999.9 1 -9999.9 1 -9999.9 1 -9999.9 1   160.9 0 -9999.9 1
 1999 175  6 24 10 39 10.650  88.45    -1.5 0 -9999.9 1 -9999.9 1     1.5 0   407.3 0   301.9 0   299.7 0   414.8 0   292.2 0   292.2 0     0.1 0     1.5 0 -9999.9 1    -7.5 0 -9999.9 1 -9999.9 1 -9999.9 1 -9999.9 1   167.5 0 -9999.9 1
 1999 175  6 24 10 42 10.700  88.01    -0.7 0 -9999.9 1 -9999.9 1     2.1 0   407.5 0   301.8 0   299.6 0   414.4 0   292.1 0   292.1 0     0.2 0     1.9 0 -9999.9 1    -6.8 0 -9999.9 1 -9999.9 1 -9999.9 1 -9999.9 1   173.9 0 -9999.9 1
 1999 175  6 24 10 48 10.800  87.08     0.9 0 -9999.9 1 -9999.9 1     3.7 0   404.2 0   301.5 0   299.5 0   412.7 0   291.8 0   291.8 0     0.2 0     2.7 0 -9999.9 1    -8.5 0 -9999.9 1 -9999.9 1 -9999.9 1 -9999.9 1   165.1 0 -9999.9 1
 1999 175  6 24 10 51 10.850  86.60     1.7 0 -9999.9 1 -9999.9 1     4.7 0   405.2 0   301.6 0   299.7 0   413.2 0   291.9 0   291.9 0     0.3 0     3.1 0 -9999.9 1    -7.9 0 -9999.9 1 -9999.9 1 -9999.9 1 -9999.9 1   183.7 0 -9999.9 1
 1999 175  6 24 10 54 10.900  86.11     2.9 0 -9999.9 1 -9999.9 1     6.0 0   402.3 0   301.5 0   299.8 0   412.5 0   291.8 0   291.7 0     0.4 0     3.6 0 -9999.9 1   -10.2 0 -9999.9 1 -9999.9 1 -9999.9 1 -9999.9 1   203.8 0 -9999.9 1
 1999 175  6 24 10 57 10.950  85.62     3.9 0 -9999.9 1 -9999.9 1     7.6 0   401.6 0   301.5 0   299.5 0   411.7 0   291.6 0   291.6 0     0.5 2     4.4 0 -9999.9 1   -10.1 0 -9999.9 1 -9999.9 1 -9999.9 1 -9999.9 1   202.4 0 -9999.9 1
 1999 175  6 24 11  3 11.050  84.63     6.3 0 -9999.9 1 -9999.9 1     9.8 0   401.9 0   301.4 0   299.4 0   410.8 0   291.4 0   291.4 0     0.6 2     5.7 0 -9999.9 1    -8.9 0 -9999.9 1 -9999.9 1 -9999.9 1 -9999.9 1   197.3 0 -9999.9 1
 1999 175  6 24 11  6 11.100  84.13     8.0 0 -9999.9 1 -9999.9 1    11.2 0   400.9 0   301.5 0   299.6 0   410.8 0   291.4 0   291.4 0     0.7 2     6.5 0 -9999.9 1    -9.9 0 -9999.9 1 -9999.9 1 -9999.9 1 -9999.9 1   204.1 0 -9999.9 1
 1999 175  6 24 11  9 11.150  83.62    10.0 0 -9999.9 1 -9999.9 1    13.4 0   398.8 0   301.5 0   299.6 0   410.6 0   291.4 0   291.4 0     0.9 2     7.8 0 -9999.9 1   -11.8 0 -9999.9 1 -9999.9 1 -9999.9 1 -9999.9 1   204.1 0 -9999.9 1
 1999 175  6 24 11 12 11.200  83.11    12.2 0 -9999.9 1 -9999.9 1    15.6 0   398.4 0   301.7 0   299.9 0   411.5 0   291.5 0   291.5 0     1.0 2     8.3 0 -9999.9 1   -13.1 0 -9999.9 1 -9999.9 1 -9999.9 1 -9999.9 1   194.4 0 -9999.9 1
 1999 175  6 24 11 18 11.300  82.08    16.9 0 -9999.9 1 -9999.9 1    20.1 0   399.4 0   302.0 0   300.3 0   412.0 0   291.6 0   291.6 0     1.4 2    11.4 0 -9999.9 1   -12.7 0 -9999.9 1 -9999.9 1 -9999.9 1 -9999.9 1   171.9 0 -9999.9 1
 1999 175  6 24 11 21 11.350  81.56    18.9 0 -9999.9 1 -9999.9 1    22.0 0   399.1 0   302.0 0   300.8 0   412.0 0   291.6 0   291.5 0     1.5 2    12.4 0 -9999.9 1   -12.9 0 -9999.9 1 -9999.9 1 -9999.9 1 -9999.9 1   167.3 0 -9999.9 1
 1999 175  6 24 11 24 11.400  81.04    19.8 0 -9999.9 1 -9999.9 1    22.9 0   402.4 0   302.3 0   300.9 0   413.1 0   291.7 0   291.7 0     1.7 2    12.7 0 -9999.9 1   -10.7 0 -9999.9 1 -9999.9 1 -9999.9 1 -9999.9 1   166.7 0 -9999.9 1
 1999 175  6 24 11 27 11.450  80.52    19.8 0 -9999.9 1 -9999.9 1    22.4 0   410.3 0   302.5 0   300.7 0   414.2 0   291.8 0   291.8 0     1.7 0    12.7 0 -9999.9 1    -3.9 0 -9999.9 1 -9999.9 1 -9999.9 1 -9999.9 1   166.8 0 -9999.9 1
 1999 175  6 24 11 33 11.550  79.47    19.9 0 -9999.9 1 -9999.9 1    22.4 0   413.4 0   302.7 0   301.3 0   415.4 0   291.8 0   291.8 0     1.8 0    12.9 0 -9999.9 1    -2.0 0 -9999.9 1 -9999.9 1 -9999.9 1 -9999.9 1   165.6 0 -9999.9 1
 1999 175  6 24 11 36 11.600  78.94    18.2 0 -9999.9 1 -9999.9 1    20.6 0   413.2 0   302.9 0   301.4 0   415.6 0   291.8 0   291.8 0     1.7 0    12.3 0 -9999.9 1    -2.5 0 -9999.9 1 -9999.9 1 -9999.9 1 -9999.9 1   165.3 0 -9999.9 1
 1999 175  6 24 11 39 11.650  78.40    15.6 0 -9999.9 1 -9999.9 1    18.6 0   415.1 0   303.0 0   301.2 0   415.6 0   291.8 0   291.8 0     1.6 0    11.1 0 -9999.9 1    -0.6 0 -9999.9 1 -9999.9 1 -9999.9 1 -9999.9 1   163.3 0 -9999.9 1
 1999 175  6 24 11 42 11.700  77.87    10.9 0 -9999.9 1 -9999.9 1    13.6 0   416.4 0   303.1 0   301.4 0   415.7 0   291.9 0   291.9 0     1.3 0     8.4 0 -9999.9 1     0.0 0 -9999.9 1 -9999.9 1 -9999.9 1 -9999.9 1   152.4 0 -9999.9 1
 1999 175  6 24 11 48 11.800  76.80     3.4 0 -9999.9 1 -9999.9 1     6.5 0   421.8 0   303.3 0   301.2 0   416.2 0   292.0 0   292.0 0     0.7 0     4.6 0 -9999.9 1     0.0 0 -9999.9 1 -9999.9 1 -9999.9 1 -9999.9 1   180.0 0 -9999.9 1
 1999 175  6 24 11 51 11.850  76.26     5.5 0 -9999.9 1 -9999.9 1     9.2 0   429.8 0   303.2 0   299.6 0   413.5 0   292.0 0   291.9 0     0.9 0     5.3 0 -9999.9 1     0.0 0 -9999.9 1 -9999.9 1 -9999.9 1 -9999.9 1   349.7 0 -9999.9 1
 1999 175  6 24 11 54 11.900  75.72     9.6 0 -9999.9 1 -9999.9 1    13.1 0   433.5 0   303.0 0   298.8 0   410.2 0   291.8 0   291.6 0     1.2 0     7.2 0 -9999.9 1     0.0 0 -9999.9 1 -9999.9 1 -9999.9 1 -9999.9 1   348.1 0 -9999.9 1
 1999 175  6 24 11 57 11.950  75.18     6.1 0 -9999.9 1 -9999.9 1     9.9 0   431.2 0   302.6 0   298.5 0   409.0 0   291.5 0   291.4 0     0.9 0     5.4 0 -9999.9 1     0.0 0 -9999.9 1 -9999.9 1 -9999.9 1 -9999.9 1   337.9 0 -9999.9 1
 1999 175  6 24 12  3 12.050  74.09    14.8 0 -9999.9 1 -9999.9 1    18.6 0   424.8 0   301.9 0   298.4 0   409.2 0   291.3 0   291.2 0     1.9 0    10.5 0 -9999.9 1     0.0 0 -9999.9 1 -9999.9 1 -9999.9 1 -9999.9 1   343.0 0 -9999.9 1
 1999 175  6 24 12  6 12.100  73.54    19.2 0 -9999.9 1 -9999.9 1    23.3 0   423.3 0   301.6 0   298.2 0   409.1 0   291.2 0   291.1 0     2.4 0    13.0 0 -9999.9 1     0.0 0 -9999.9 1 -9999.9 1 -9999.9 1 -9999.9 1   353.1 0 -9999.9 1
 1999 175  6 24 12  9 12.150  73.00    21.7 0 -9999.9 1 -9999.9 1    25.8 0   421.1 0   301.3 0   298.1 0   409.6 0   291.2 0   291.1 0     2.8 0    14.1 0 -9999.9 1     0.0 0 -9999.9 1 -9999.9 1 -9999.9 1 -9999.9 1   353.0 0 -9999.9 1
 1999 175  6 24 12 12 12.200  72.45    22.8 0 -9999.9 1 -9999.9 1    26.9 0   419.7 0   301.0 0   297.8 0   409.4 0   291.1 0   291.1 0     2.9 0    14.7 0 -9999.9 1     0.0 0 -9999.9 1 -9999.9 1 -9999.9 1 -9999.9 1   353.0 0 -9999.9 1
 1999 175  6 24 12 18 12.300  71.35    29.7 0 -9999.9 1 -9999.9 1    34.5 0   415.2 0   300.4 0   297.4 0   409.5 0   291.0 0   291.0 0     3.8 0    18.3 0 -9999.9 1     0.0 0 -9999.9 1 -9999.9 1 -9999.9 1 -9999.9 1   354.7 0 -9999.9 1
 1999 175  6 24 12 21 12.350  70.79    32.6 0 -9999.9 1 -9999.9 1    37.5 0   413.4 0   300.2 0   297.4 0   409.9 0   291.0 0   291.0 0     4.2 0    19.9 0 -9999.9 1     0.0 0 -9999.9 1 -9999.9 1 -9999.9 1 -9999.9 1   351.6 0 -9999.9 1
 1999 175  6 24 12 24 12.400  70.24    34.8 0 -9999.9 1 -9999.9 1    39.7 0   414.3 0   300.0 0   297.1 0   410.5 0   291.1 0   291.1 0     4.5 0    20.7 0 -9999.9 1     0.0 0 -9999.9 1 -9999.9 1 -9999.9 1 -9999.9 1   349.1 0 -9999.9 1
 1999 175  6 24 12 27 12.450  69.68    35.3 0 -9999.9 1 -9999.9 1    40.4 0   415.6 0   299.9 0   297.0 0   411.0 0   291.2 0   291.2 0     4.5 0    20.9 0 -9999.9 1     0.0 0 -9999.9 1 -9999.9 1 -9999.9 1 -9999.9 1   350.0 0 -9999.9 1
 1999 175  6 24 12 33 12.550  68.57    46.9 0 -9999.9 1 -9999.9 1    51.5 0   411.6 0   299.6 0   297.1 0   412.2 0   291.2 0   291.2 0     6.0 0    26.7 0 -9999.9 1    -0.6 0 -9999.9 1 -9999.9 1 -9999.9 1 -9999.9 1   350.9 0 -9999.9 1
 1999 175  6 24 12 36 12.600  68.01    53.5 0 -9999.9 1 -9999.9 1    57.8 0   409.0 0   299.5 0   297.1 0   412.7 0   291.3 0   291.3 0     6.8 0    30.3 0 -9999.9 1    -3.7 0 -9999.9 1 -9999.9 1 -9999.9 1 -9999.9 1   344.0 0 -9999.9 1
 1999 175  6 24 12 39 12.650  67.45    58.8 0 -9999.9 1 -9999.9 1    63.0 0   409.4 0   299.3 0   297.0 0   412.6 0   291.3 0   291.2 0     7.6 0    33.0 0 -9999.9 1    -3.3 0 -9999.9 1 -9999.9 1 -9999.9 1 -9999.9 1   340.7 0 -9999.9 1
 1999 175  6 24 12 42 12.700  66.89    63.6 0 -9999.9 1 -9999.9 1    68.0 0   410.3 0   299.3 0   296.8 0   413.1 0   291.3 0   291.3 0     8.4 0    34.8 0 -9999.9 1    -2.8 0 -9999.9 1 -9999.9 1 -9999.9 1 -9999.9 1   350.2 0 -9999.9 1
 1999 175  6 24 12 48 12.800  65.77    67.8 0 -9999.9 1 -9999.9 1    72.4 0   411.8 0   299.1 0   296.8 0   413.3 0   291.3 0   291.3 0     9.3 0    36.8 0 -9999.9 1    -1.4 0 -9999.9 1 -9999.9 1 -9999.9 1 -9999.9 1   352.8 0 -9999.9 1
 1999 175  6 24 12 51 12.850  65.21    76.9 0 -9999.9 1 -9999.9 1    81.0 0   409.5 0   299.0 0   296.8 0   414.0 0   291.3 0   291.3 0    10.6 0    41.3 0 -9999.9 1    -4.5 0 -9999.9 1 -9999.9 1 -9999.9 1 -9999.9 1   350.9 0 -9999.9 1
 1999 175  6 24 12 54 12.900  64.64    85.6 0 -9999.9 1 -9999.9 1    89.4 0   407.4 0   299.1 0   297.0 0   415.0 0   291.3 0   291.4 0    11.9 0    45.9 0 -9999.9 1    -7.6 0 -9999.9 1 -9999.9 1 -9999.9 1 -9999.9 1   350.1 0 -9999.9 1
 1999 175  6 24 12 57 12.950  64.08    91.4 0 -9999.9 1 -9999.9 1    95.4 0   407.8 0   299.1 0   296.9 0   415.2 0   291.4 0   291.4 0    12.7 0    48.8 0 -9999.9 1    -7.5 0 -9999.9 1 -9999.9 1 -9999.9 1 -9999.9 1   353.4 0 -9999.9 1
 1999 175  6 24 13  3 13.050  62.95   106.6 0 -9999.9 1 -9999.9 1   110.2 0   406.0 0   298.8 0   296.5 0   414.4 0   291.2 0   291.2 0    15.3 0    56.1 0 -9999.9 1    -8.4 0 -9999.9 1 -9999.9 1 -9999.9 1 -9999.9 1     3.2 0 -9999.9 1
 1999 175  6 24 13  6 13.100  62.38   116.1 0 -9999.9 1 -9999.9 1   119.6 0   404.6 0   298.7 0   296.4 0   414.0 0   291.1 0   291.1 0    17.0 0    60.6 0 -9999.9 1    -9.4 0 -9999.9 1 -9999.9 1 -9999.9 1 -9999.9 1    12.5 0 -9999.9 1
 1999 175  6 24 13  9 13.150  61.81   124.3 0 -9999.9 1 -9999.9 1   128.2 0   405.1 0   298.8 0   296.7 0   415.2 0   291.2 0   291.3 0    18.4 0    64.7 0 -9999.9 1   -10.1 0 -9999.9 1 -9999.9 1 -9999.9 1 -9999.9 1    11.0 0 -9999.9 1
 1999 175  6 24 13 12 13.200  61.25   131.0 0 -9999.9 1 -9999.9 1   134.9 0   405.8 0   298.9 0   296.7 0   416.1 0   291.3 0   291.4 0    19.9 0    68.0 0 -9999.9 1   -10.3 0 -9999.9 1 -9999.9 1 -9999.9 1 -9999.9 1    13.9 0 -9999.9 1
 1999 175  6 24 13 18 13.300  60.11   154.5 0 -9999.9 1 -9999.9 1   158.0 0   404.2 0   298.8 0   296.7 0   415.7 0   291.2 0   291.3 0    23.1 0    79.2 0 -9999.9 1   -11.5 0 -9999.9 1 -9999.9 1 -9999.9 1 -9999.9 1    13.7 0 -9999.9 1
 1999 175  6 24 13 21 13.350  59.54   167.4 0 -9999.9 1 -9999.9 1   170.8 0   403.2 0   298.7 0   296.5 0   415.4 0   291.1 0   291.2 0    24.9 2    85.4 0 -9999.9 1   -12.2 0 -9999.9 1 -9999.9 1 -9999.9 1 -9999.9 1    13.7 0 -9999.9 1
 1999 175  6 24 13 24 13.400  58.97   175.2 0 -9999.9 1 -9999.9 1   178.8 0   403.5 0   298.6 0   296.5 0   415.3 0   291.0 0   291.1 0    26.6 2    89.2 0 -9999.9 1   -11.7 0 -9999.9 1 -9999.9 1 -9999.9 1 -9999.9 1    15.6 0 -9999.9 1
 1999 175  6 24 13 27 13.450  58.40   175.9 0 -9999.9 1 -9999.9 1   179.9 0   403.4 0   298.7 0   296.6 0   415.7 0   291.1 0   291.2 0    26.7 2    89.7 0 -9999.9 1   -12.3 0 -9999.9 1 -9999.9 1 -9999.9 1 -9999.9 1     8.5 0 -9999.9 1
 1999 175  6 24 13 33 13.550  57.25   179.7 0 -9999.9 1 -9999.9 1   183.5 0   402.7 0   299.0 0   297.0 0   418.2 0   291.5 0   291.6 0    28.4 0    91.5 0 -9999.9 1   -15.5 0 -9999.9 1 -9999.9 1 -9999.9 1 -9999.9 1    14.0 0 -9999.9 1
 1999 175  6 24 13 36 13.600  56.68   173.7 0 -9999.9 1 -9999.9 1   177.4 0   404.1 0   299.2 0   297.2 0   418.7 0   291.7 0   291.7 0    27.9 0    88.0 0 -9999.9 1   -14.6 0 -9999.9 1 -9999.9 1 -9999.9 1 -9999.9 1    16.6 0 -9999.9 1
 1999 175  6 24 13 39 13.650  56.11   141.2 0 -9999.9 1 -9999.9 1   144.9 0   412.5 0   299.4 0   297.3 0   419.1 0   291.8 0   291.9 0    22.5 0    70.4 0 -9999.9 1    -6.6 0 -9999.9 1 -9999.9 1 -9999.9 1 -9999.9 1    21.8 0 -9999.9 1
 1999 175  6 24 13 42 13.700  55.54   110.2 0 -9999.9 1 -9999.9 1   114.2 0   416.9 0   299.5 0   297.4 0   419.2 0   291.9 0   292.0 0    18.1 0    55.2 0 -9999.9 1    -2.2 0 -9999.9 1 -9999.9 1 -9999.9 1 -9999.9 1    25.0 0 -9999.9 1
 1999 175  6 24 13 48 13.800  54.39   114.7 0 -9999.9 1 -9999.9 1   118.5 0   414.6 0   299.3 0   297.2 0   416.9 0   291.7 0   291.8 0    20.2 0    57.9 0 -9999.9 1    -2.3 0 -9999.9 1 -9999.9 1 -9999.9 1 -9999.9 1    18.1 0 -9999.9 1
 1999 175  6 24 13 51 13.850  53.82   121.1 0 -9999.9 1 -9999.9 1   124.7 0   411.1 0   299.2 0   297.4 0   417.3 0   291.7 0   291.7 0    21.7 2    61.6 0 -9999.9 1    -6.3 0 -9999.9 1 -9999.9 1 -9999.9 1 -9999.9 1    22.3 0 -9999.9 1
 1999 175  6 24 13 54 13.900  53.24   122.6 0 -9999.9 1 -9999.9 1   126.1 0   410.3 0   299.3 0   297.4 0   417.1 0   291.7 0   291.7 0    22.4 2    62.2 0 -9999.9 1    -6.8 0 -9999.9 1 -9999.9 1 -9999.9 1 -9999.9 1    20.0 0 -9999.9 1
 1999 175  6 24 13 57 13.950  52.67   130.2 0 -9999.9 1 -9999.9 1   133.4 0   408.9 0   299.4 0   297.7 0   418.3 0   291.8 0   291.9 0    23.9 0    65.9 0 -9999.9 1    -9.4 0 -9999.9 1 -9999.9 1 -9999.9 1 -9999.9 1    25.5 0 -9999.9 1
 1999 175  6 24 14  3 14.050  51.52   142.3 0 -9999.9 1 -9999.9 1   145.0 0   406.5 0   299.7 0   298.1 0   419.8 0   292.1 0   292.1 0    26.9 0    72.1 0 -9999.9 1   -13.3 0 -9999.9 1 -9999.9 1 -9999.9 1 -9999.9 1    29.2 0 -9999.9 1
 1999 175  6 24 14  6 14.100  50.95   163.3 0 -9999.9 1 -9999.9 1   165.7 0   401.3 0   299.7 0   298.2 0   420.8 0   292.1 0   292.1 0    31.2 0    83.2 0 -9999.9 1   -19.5 0 -9999.9 1 -9999.9 1 -9999.9 1 -9999.9 1    31.9 0 -9999.9 1
 1999 175  6 24 14  9 14.150  50.38   174.0 0 -9999.9 1 -9999.9 1   176.1 0   398.8 0   299.5 0   298.0 0   420.3 0   291.9 0   292.0 0    32.8 2    88.4 0 -9999.9 1   -21.5 0 -9999.9 1 -9999.9 1 -9999.9 1 -9999.9 1    35.0 0 -9999.9 1
 1999 175  6 24 14 12 14.200  49.80   184.1 0 -9999.9 1 -9999.9 1   186.2 0   399.4 0   299.6 0   297.9 0   420.6 0   292.0 0   292.1 0    34.5 2    93.6 0 -9999.9 1   -21.2 0 -9999.9 1 -9999.9 1 -9999.9 1 -9999.9 1    30.0 0 -9999.9 1
 1999 175  6 24 14 18 14.300  48.66   181.8 0 -9999.9 1 -9999.9 1   183.6 0   401.7 0   299.7 0   297.8 0   421.7 0   292.3 0   292.3 0    34.6 0    92.0 0 -9999.9 1   -20.0 0 -9999.9 1 -9999.9 1 -9999.9 1 -9999.9 1    37.2 0 -9999.9 1
 1999 175  6 24 14 21 14.350  48.08   174.6 0 -9999.9 1 -9999.9 1   176.3 0   404.0 0   299.7 0   297.6 0   421.7 0   292.3 0   292.4 0    33.7 0    88.0 0 -9999.9 1   -17.7 0 -9999.9 1 -9999.9 1 -9999.9 1 -9999.9 1    36.2 0 -9999.9 1
 1999 175  6 24 14 24 14.400  47.51   166.9 0 -9999.9 1 -9999.9 1   169.0 0   406.4 0   299.7 0   297.8 0   422.3 0   292.4 0   292.5 0    32.5 0    84.0 0 -9999.9 1   -15.8 0 -9999.9 1 -9999.9 1 -9999.9 1 -9999.9 1    37.1 0 -9999.9 1
 1999 175  6 24 14 27 14.450  46.94   167.1 0 -9999.9 1 -9999.9 1   169.0 0   407.0 0   299.8 0   297.7 0   421.8 0   292.5 0   292.6 0    32.6 0    84.1 0 -9999.9 1   -14.8 0 -9999.9 1 -9999.9 1 -9999.9 1 -9999.9 1    41.3 0 -9999.9 1
 1999 175  6 24 14 33 14.550  45.80   176.1 0 -9999.9 1 -9999.9 1   177.4 0   401.8 0   299.8 0   298.0 0   422.6 0   292.6 0   292.7 0    34.8 0    89.4 0 -9999.9 1   -20.8 0 -9999.9 1 -9999.9 1 -9999.9 1 -9999.9 1    41.3 0 -9999.9 1
 1999 175  6 24 14 36 14.600  45.23   177.0 0 -9999.9 1 -9999.9 1   178.7 0   401.8 0   299.8 0   298.0 0   422.6 0   292.7 0   292.8 0    34.8 0    90.0 0 -9999.9 1   -20.8 0 -9999.9 1 -9999.9 1 -9999.9 1 -9999.9 1    35.4 0 -9999.9 1
 1999 175  6 24 14 39 14.650  44.66   170.9 0 -9999.9 1 -9999.9 1   172.7 0   402.4 0   299.7 0   298.0 0   421.9 0   292.6 0   292.7 0    33.3 0    87.0 0 -9999.9 1   -19.5 0 -9999.9 1 -9999.9 1 -9999.9 1 -9999.9 1    34.5 0 -9999.9 1
 1999 175  6 24 14 42 14.700  44.09   163.7 0 -9999.9 1 -9999.9 1   165.8 0   403.7 0   299.5 0   297.6 0   420.1 0   292.4 0   292.5 0    31.2 2    83.0 0 -9999.9 1   -16.4 0 -9999.9 1 -9999.9 1 -9999.9 1 -9999.9 1    38.2 0 -9999.9 1
 1999 175  6 24 14 48 14.800  42.95   167.8 0 -9999.9 1 -9999.9 1   169.2 0   405.2 0   299.1 0   297.2 0   418.9 0   292.2 0   292.2 0    33.0 2    84.6 0 -9999.9 1   -13.6 0 -9999.9 1 -9999.9 1 -9999.9 1 -9999.9 1    37.5 0 -9999.9 1
 1999 175  6 24 14 51 14.850  42.38   188.1 0 -9999.9 1 -9999.9 1   189.0 0   403.6 0   299.0 0   296.9 0   418.5 0   292.1 0   292.1 0    37.8 2    94.9 0 -9999.9 1   -14.9 0 -9999.9 1 -9999.9 1 -9999.9 1 -9999.9 1    38.1 0 -9999.9 1
 1999 175  6 24 14 54 14.900  41.81   209.7 0 -9999.9 1 -9999.9 1   210.1 0   401.7 0   298.9 0   296.9 0   418.5 0   292.1 0   292.1 0    42.8 2   106.2 0 -9999.9 1   -16.7 0 -9999.9 1 -9999.9 1 -9999.9 1 -9999.9 1    39.1 0 -9999.9 1
 1999 175  6 24 14 57 14.950  41.25   228.4 0 -9999.9 1 -9999.9 1   228.1 0   399.1 0   298.9 0   297.1 0   419.8 0   292.1 0   292.2 0    47.6 2   115.7 0 -9999.9 1   -20.7 0 -9999.9 1 -9999.9 1 -9999.9 1 -9999.9 1    42.5 0 -9999.9 1
 1999 175  6 24 15  3 15.050  40.12   259.6 0 -9999.9 1 -9999.9 1   258.1 0   400.7 0   299.0 0   297.2 0   422.1 0   292.2 0   292.3 0    55.9 2   130.6 0 -9999.9 1   -21.4 0 -9999.9 1 -9999.9 1 -9999.9 1 -9999.9 1    50.7 0 -9999.9 1
 1999 175  6 24 15  6 15.100  39.56   270.6 0 -9999.9 1 -9999.9 1   269.1 0   400.9 0   298.9 0   297.2 0   422.5 0   292.1 0   292.3 0    59.2 2   136.0 0 -9999.9 1   -21.6 0 -9999.9 1 -9999.9 1 -9999.9 1 -9999.9 1    48.9 0 -9999.9 1
 1999 175  6 24 15  9 15.150  39.00   282.6 0 -9999.9 1 -9999.9 1   280.9 0   404.2 0   299.1 0   297.3 0   424.6 0   292.3 0   292.4 0    62.2 2   141.6 0 -9999.9 1   -20.3 0 -9999.9 1 -9999.9 1 -9999.9 1 -9999.9 1    52.9 0 -9999.9 1
 1999 175  6 24 15 12 15.200  38.44   291.3 0 -9999.9 1 -9999.9 1   289.3 0   406.2 0   299.3 0   297.5 0   426.1 0   292.5 0   292.6 0    64.4 2   145.3 0 -9999.9 1   -19.9 0 -9999.9 1 -9999.9 1 -9999.9 1 -9999.9 1    57.4 0 -9999.9 1
 1999 175  6 24 15 18 15.300  37.32   308.7 0 -9999.9 1 -9999.9 1   306.8 0   405.9 0   299.5 0   297.7 0   427.2 0   292.7 0   292.8 0    70.1 2   153.4 0 -9999.9 1   -21.2 0 -9999.9 1 -9999.9 1 -9999.9 1 -9999.9 1    56.3 0 -9999.9 1
 1999 175  6 24 15 21 15.350  36.77   310.4 0 -9999.9 1 -9999.9 1   308.9 0   404.3 0   299.5 0   297.8 0   426.9 0   292.6 0   292.8 0    70.3 2   154.5 0 -9999.9 1   -22.6 0 -9999.9 1 -9999.9 1 -9999.9 1 -9999.9 1    60.4 0 -9999.9 1
 1999 175  6 24 15 24 15.400  36.21   306.4 0 -9999.9 1 -9999.9 1   305.4 0   405.2 0   299.7 0   298.0 0   427.2 0   292.8 0   292.9 0    69.2 2   152.5 0 -9999.9 1   -22.1 0 -9999.9 1 -9999.9 1 -9999.9 1 -9999.9 1    67.2 0 -9999.9 1
 1999 175  6 24 15 27 15.450  35.66   302.7 0 -9999.9 1 -9999.9 1   301.0 0   406.4 0   299.9 0   298.1 0   428.1 0   292.9 0   293.0 0    68.2 2   150.4 0 -9999.9 1   -21.8 0 -9999.9 1 -9999.9 1 -9999.9 1 -9999.9 1    67.3 0 -9999.9 1
 1999 175  6 24 15 33 15.550  34.56   294.3 0 -9999.9 1 -9999.9 1   292.1 0   407.6 0   300.1 0   298.4 0   428.3 0   293.1 0   293.2 0    65.6 0   146.0 0 -9999.9 1   -20.7 0 -9999.9 1 -9999.9 1 -9999.9 1 -9999.9 1    65.1 0 -9999.9 1
 1999 175  6 24 15 36 15.600  34.02   283.2 0 -9999.9 1 -9999.9 1   280.7 0   410.9 0   300.2 0   298.5 0   429.5 0   293.2 0   293.3 0    62.9 0   139.3 0 -9999.9 1   -18.5 0 -9999.9 1 -9999.9 1 -9999.9 1 -9999.9 1    59.7 0 -9999.9 1
 1999 175  6 24 15 39 15.650  33.47   284.6 0 -9999.9 1 -9999.9 1   282.1 0   414.1 0   300.4 0   298.7 0   429.8 0   293.3 0   293.4 0    64.7 0   139.6 0 -9999.9 1   -15.7 0 -9999.9 1 -9999.9 1 -9999.9 1 -9999.9 1    54.3 0 -9999.9 1
 1999 175  6 24 15 42 15.700  32.93   296.5 0 -9999.9 1 -9999.9 1   293.6 0   412.7 0   300.5 0   298.9 0   430.8 0   293.3 0   293.4 0    66.5 0   144.8 0 -9999.9 1   -18.1 0 -9999.9 1 -9999.9 1 -9999.9 1 -9999.9 1    54.6 0 -9999.9 1
 1999 175  6 24 15 48 15.800  31.86   297.8 0 -9999.9 1 -9999.9 1   295.1 0   413.7 0   300.9 0   299.4 0   434.1 0   293.7 0   293.8 0    68.3 0   145.4 0 -9999.9 1   -20.4 0 -9999.9 1 -9999.9 1 -9999.9 1 -9999.9 1    59.4 0 -9999.9 1
 1999 175  6 24 15 51 15.850  31.33   248.1 0 -9999.9 1 -9999.9 1   245.9 0   416.0 0   300.9 0   299.5 0   432.3 0   293.6 0   293.7 0    55.8 0   120.6 0 -9999.9 1   -16.3 0 -9999.9 1 -9999.9 1 -9999.9 1 -9999.9 1    58.9 0 -9999.9 1
 1999 175  6 24 15 54 15.900  30.80   270.4 0 -9999.9 1 -9999.9 1   267.4 0   415.0 0   300.9 0   299.2 0   431.4 0   293.5 0   293.6 0    62.2 0   132.5 0 -9999.9 1   -16.5 0 -9999.9 1 -9999.9 1 -9999.9 1 -9999.9 1    64.7 0 -9999.9 1
 1999 175  6 24 15 57 15.950  30.28   247.4 0 -9999.9 1 -9999.9 1   244.3 0   416.7 0   301.0 0   299.4 0   431.8 0   293.6 0   293.7 0    56.9 0   121.3 0 -9999.9 1   -15.0 0 -9999.9 1 -9999.9 1 -9999.9 1 -9999.9 1    53.6 0 -9999.9 1
 1999 175  6 24 16  3 16.050  29.24   289.4 0 -9999.9 1 -9999.9 1   288.1 0   414.7 0   301.2 0   299.3 0   430.7 0   293.6 0   293.7 0    69.3 0   144.7 0 -9999.9 1   -16.1 0 -9999.9 1 -9999.9 1 -9999.9 1 -9999.9 1    27.9 0 -9999.9 1
 1999 175  6 24 16  6 16.100  28.72   293.9 0 -9999.9 1 -9999.9 1   291.6 0   412.3 0   301.3 0   299.4 0   430.8 0   293.6 0   293.7 0    72.4 0   146.9 0 -9999.9 1   -18.5 0 -9999.9 1 -9999.9 1 -9999.9 1 -9999.9 1    31.4 0 -9999.9 1
 1999 175  6 24 16  9 16.150  28.21   283.3 0 -9999.9 1 -9999.9 1   281.6 0   412.9 0   301.4 0   299.6 0   431.2 0   293.6 0   293.7 0    68.2 0   142.4 0 -9999.9 1   -18.3 0 -9999.9 1 -9999.9 1 -9999.9 1 -9999.9 1    34.2 0 -9999.9 1
 1999 175  6 24 16 12 16.200  27.71   330.2 0 -9999.9 1 -9999.9 1   327.0 0   407.3 0   301.4 0   299.8 0   433.4 0   293.7 0   293.8 0    81.0 0   168.2 0 -9999.9 1   -26.1 0 -9999.9 1 -9999.9 1 -9999.9 1 -9999.9 1    22.8 0 -9999.9 1
 1999 175  6 24 16 18 16.300  26.72   274.6 0 -9999.9 1 -9999.9 1   272.5 0   410.7 0   301.8 0   300.3 0   433.4 0   293.9 0   294.0 0    67.9 0   139.4 0 -9999.9 1   -22.7 0 -9999.9 1 -9999.9 1 -9999.9 1 -9999.9 1    19.7 0 -9999.9 1
 1999 175  6 24 16 21 16.350  26.23   226.1 0 -9999.9 1 -9999.9 1   225.8 0   415.1 0   302.0 0   300.6 0   432.5 0   294.0 0   294.1 0    55.2 0   113.7 0 -9999.9 1   -17.3 0 -9999.9 1 -9999.9 1 -9999.9 1 -9999.9 1    10.5 0 -9999.9 1
 1999 175  6 24 16 24 16.400  25.74   209.9 0 -9999.9 1 -9999.9 1   209.4 0   414.6 0   302.0 0   300.6 0   429.6 0   293.9 0   293.9 0    50.4 0   105.1 0 -9999.9 1   -15.0 0 -9999.9 1 -9999.9 1 -9999.9 1 -9999.9 1     9.4 0 -9999.9 1
 1999 175  6 24 16 27 16.450  25.27   262.0 0 -9999.9 1 -9999.9 1   259.6 0   411.3 0   302.0 0   300.8 0   431.9 0   293.9 0   293.9 0    65.7 0   133.6 0 -9999.9 1   -20.7 0 -9999.9 1 -9999.9 1 -9999.9 1 -9999.9 1    20.4 0 -9999.9 1
 1999 175  6 24 16 33 16.550  24.33   287.7 0 -9999.9 1 -9999.9 1   285.1 0   410.7 0   302.1 0   300.5 0   431.7 0   293.7 0   293.8 0    73.9 0   146.6 0 -9999.9 1   -21.0 0 -9999.9 1 -9999.9 1 -9999.9 1 -9999.9 1    21.2 0 -9999.9 1
 1999 175  6 24 16 36 16.600  23.88   182.9 0 -9999.9 1 -9999.9 1   181.8 0   415.9 0   302.1 0   300.4 0   429.9 0   293.7 0   293.7 0    44.7 0    90.2 0 -9999.9 1   -14.0 0 -9999.9 1 -9999.9 1 -9999.9 1 -9999.9 1    16.7 0 -9999.9 1
 1999 175  6 24 16 39 16.650  23.43   195.8 0 -9999.9 1 -9999.9 1   195.2 0   415.2 0   301.9 0   300.2 0   428.9 0   293.5 0   293.6 0    49.1 2    98.9 0 -9999.9 1   -13.7 0 -9999.9 1 -9999.9 1 -9999.9 1 -9999.9 1    14.5 0 -9999.9 1
 1999 175  6 24 16 42 16.700  22.99   257.3 0 -9999.9 1 -9999.9 1   255.4 0   414.2 0   301.9 0   299.8 0   428.6 0   293.4 0   293.5 0    65.8 2   132.7 0 -9999.9 1   -14.5 0 -9999.9 1 -9999.9 1 -9999.9 1 -9999.9 1    14.1 0 -9999.9 1
 1999 175  6 24 16 48 16.800  22.14   241.2 0 -9999.9 1 -9999.9 1   237.7 0   416.3 0   301.8 0   299.7 0   428.7 0   293.4 0   293.5 0    62.7 2   123.6 0 -9999.9 1   -12.4 0 -9999.9 1 -9999.9 1 -9999.9 1 -9999.9 1    22.5 0 -9999.9 1
 1999 175  6 24 16 51 16.850  21.73   177.0 0 -9999.9 1 -9999.9 1   176.5 0   419.0 0   302.0 0   299.9 0   427.2 0   293.6 0   293.6 0    44.6 2    89.2 0 -9999.9 1    -8.2 0 -9999.9 1 -9999.9 1 -9999.9 1 -9999.9 1     8.4 0 -9999.9 1
 1999 175  6 24 16 54 16.900  21.33   223.4 0 -9999.9 1 -9999.9 1   222.9 0   417.1 0   302.2 0   300.2 0   429.0 0   293.7 0   293.8 0    59.2 0   115.2 0 -9999.9 1   -11.9 0 -9999.9 1 -9999.9 1 -9999.9 1 -9999.9 1    18.1 0 -9999.9 1
 1999 175  6 24 16 57 16.950  20.94   232.5 0 -9999.9 1 -9999.9 1   231.2 0   415.9 0   302.1 0   300.2 0   430.0 0   293.7 0   293.7 0    62.3 0   119.6 0 -9999.9 1   -14.1 0 -9999.9 1 -9999.9 1 -9999.9 1 -9999.9 1    18.4 0 -9999.9 1
 1999 175  6 24 17  3 17.050  20.20   219.7 0 -9999.9 1 -9999.9 1   218.3 0   417.0 0   301.9 0   299.6 0   427.6 0   293.5 0   293.5 0    57.2 2   112.1 0 -9999.9 1   -10.6 0 -9999.9 1 -9999.9 1 -9999.9 1 -9999.9 1    19.3 0 -9999.9 1
 1999 175  6 24 17  6 17.100  19.85   255.4 0 -9999.9 1 -9999.9 1   253.3 0   416.0 0   301.9 0   299.6 0   427.9 0   293.4 0   293.5 0    67.0 2   131.6 0 -9999.9 1   -11.9 0 -9999.9 1 -9999.9 1 -9999.9 1 -9999.9 1    26.3 0 -9999.9 1
 1999 175  6 24 17  9 17.150  19.51   275.0 0 -9999.9 1 -9999.9 1   271.6 0   413.8 0   301.8 0   299.7 0   429.7 0   293.4 0   293.5 0    72.6 2   142.0 0 -9999.9 1   -15.9 0 -9999.9 1 -9999.9 1 -9999.9 1 -9999.9 1    23.4 0 -9999.9 1
 1999 175  6 24 17 12 17.200  19.19   264.5 0 -9999.9 1 -9999.9 1   261.5 0   415.3 0   302.0 0   300.0 0   431.5 0   293.6 0   293.7 0    69.9 2   136.3 0 -9999.9 1   -16.2 0 -9999.9 1 -9999.9 1 -9999.9 1 -9999.9 1    10.8 0 -9999.9 1
 1999 175  6 24 17 18 17.300  18.59   248.9 0 -9999.9 1 -9999.9 1   246.0 0   416.7 0   302.0 0   299.9 0   431.1 0   293.6 0   293.7 0    65.4 2   127.9 0 -9999.9 1   -14.4 0 -9999.9 1 -9999.9 1 -9999.9 1 -9999.9 1    21.5 0 -9999.9 1
 1999 175  6 24 17 21 17.350  18.32   247.9 0 -9999.9 1 -9999.9 1   244.4 0   416.5 0   302.1 0   300.1 0   432.0 0   293.6 0   293.7 0    65.1 2   127.5 0 -9999.9 1   -15.5 0 -9999.9 1 -9999.9 1 -9999.9 1 -9999.9 1    15.6 0 -9999.9 1
 1999 175  6 24 17 24 17.400  18.06   227.9 0 -9999.9 1 -9999.9 1   225.3 0   418.0 0   302.1 0   300.0 0   430.8 0   293.7 0   293.8 0    59.2 2   116.3 0 -9999.9 1   -12.8 0 -9999.9 1 -9999.9 1 -9999.9 1 -9999.9 1    14.0 0 -9999.9 1
 1999 175  6 24 17 27 17.450  17.82   219.5 0 -9999.9 1 -9999.9 1   216.7 0   415.9 0   302.3 0   300.4 0   432.2 0   293.7 0   293.8 0    57.8 2   111.6 0 -9999.9 1   -16.3 0 -9999.9 1 -9999.9 1 -9999.9 1 -9999.9 1    22.8 0 -9999.9 1
 1999 175  6 24 17 33 17.550  17.41   188.3 0 -9999.9 1 -9999.9 1   187.1 0   411.1 0   302.5 0   300.7 0   429.9 0   293.7 0   293.8 0    48.2 2    94.3 0 -9999.9 1   -18.9 0 -9999.9 1 -9999.9 1 -9999.9 1 -9999.9 1    11.9 0 -9999.9 1
 1999 175  6 24 17 36 17.600  17.23   181.3 0 -9999.9 1 -9999.9 1   181.2 0   408.0 0   302.6 0   301.1 0   429.2 0   293.7 0   293.8 0    46.2 2    90.8 0 -9999.9 1   -21.2 0 -9999.9 1 -9999.9 1 -9999.9 1 -9999.9 1    10.2 0 -9999.9 1
 1999 175  6 24 17 39 17.650  17.08   191.6 0 -9999.9 1 -9999.9 1   191.2 0   405.7 0   302.8 0   301.5 0   429.7 0   293.8 0   293.9 0    49.4 2    96.5 0 -9999.9 1   -24.0 0 -9999.9 1 -9999.9 1 -9999.9 1 -9999.9 1    15.6 0 -9999.9 1
 1999 175  6 24 17 42 17.700  16.95   211.2 0 -9999.9 1 -9999.9 1   210.1 0   404.5 0   303.0 0   301.7 0   430.8 0   293.8 0   293.9 0    55.0 2   106.6 0 -9999.9 1   -26.3 0 -9999.9 1 -9999.9 1 -9999.9 1 -9999.9 1    14.0 0 -9999.9 1
 1999 175  6 24 17 48 17.800  16.75   256.6 0 -9999.9 1 -9999.9 1   254.7 0   402.3 0   303.5 0   302.4 0   432.4 0   293.9 0   294.0 0    66.8 2   129.5 0 -9999.9 1   -30.0 0 -9999.9 1 -9999.9 1 -9999.9 1 -9999.9 1    12.2 0 -9999.9 1
 1999 175  6 24 17 51 17.850  16.69   292.8 0 -9999.9 1 -9999.9 1   290.4 0   402.5 0   303.8 0   302.7 0   434.3 0   294.1 0   294.2 0    76.5 0   147.9 0 -9999.9 1   -31.8 0 -9999.9 1 -9999.9 1 -9999.9 1 -9999.9 1    14.2 0 -9999.9 1
 1999 175  6 24 17 54 17.900  16.65   320.3 0 -9999.9 1 -9999.9 1   317.2 0   403.2 0   304.2 0   303.2 0   436.7 0   294.3 0   294.5 0    84.0 0   161.4 0 -9999.9 1   -33.6 0 -9999.9 1 -9999.9 1 -9999.9 1 -9999.9 1    14.9 0 -9999.9 1
 1999 175  6 24 17 57 17.950  16.64   324.2 0 -9999.9 1 -9999.9 1   320.1 0   404.0 0   304.5 0   303.4 0   437.6 0   294.5 0   294.7 0    86.5 0   163.4 0 -9999.9 1   -33.6 0 -9999.9 1 -9999.9 1 -9999.9 1 -9999.9 1    21.4 0 -9999.9 1
 1999 175  6 24 18  3 18.050  16.68   232.4 0 -9999.9 1 -9999.9 1   230.5 0   415.1 0   304.9 0   303.4 0   435.9 0   294.7 0   294.8 0    62.4 0   114.4 0 -9999.9 1   -20.8 0 -9999.9 1 -9999.9 1 -9999.9 1 -9999.9 1    10.9 0 -9999.9 1
 1999 175  6 24 18  6 18.100  16.74   213.5 0 -9999.9 1 -9999.9 1   212.3 0   415.4 0   304.9 0   303.5 0   434.9 0   294.6 0   294.7 0    56.9 0   105.2 0 -9999.9 1   -19.5 0 -9999.9 1 -9999.9 1 -9999.9 1 -9999.9 1     8.8 0 -9999.9 1
 1999 175  6 24 18  9 18.150  16.82   158.4 0 -9999.9 1 -9999.9 1   157.7 0   418.9 0   305.0 0   303.2 0   432.9 0   294.7 0   294.8 0    40.2 0    75.7 0 -9999.9 1   -14.0 0 -9999.9 1 -9999.9 1 -9999.9 1 -9999.9 1     9.5 0 -9999.9 1
 1999 175  6 24 18 12 18.200  16.92   133.1 0 -9999.9 1 -9999.9 1   134.4 0   421.1 0   305.0 0   303.0 0   430.7 0   294.7 0   294.7 0    32.3 0    62.7 0 -9999.9 1    -9.6 0 -9999.9 1 -9999.9 1 -9999.9 1 -9999.9 1     9.4 0 -9999.9 1
 1999 175  6 24 18 18 18.300  17.20   259.0 0 -9999.9 1 -9999.9 1   257.2 0   422.0 0   304.8 0   302.2 0   435.1 0   294.7 0   294.8 0    68.0 0   127.3 0 -9999.9 1   -13.1 0 -9999.9 1 -9999.9 1 -9999.9 1 -9999.9 1    10.3 0 -9999.9 1
 1999 175  6 24 18 21 18.350  17.37   286.5 0 -9999.9 1 -9999.9 1   283.9 0   418.7 0   304.7 0   302.6 0   437.1 0   294.8 0   294.9 0    74.4 0   141.4 0 -9999.9 1   -18.4 0 -9999.9 1 -9999.9 1 -9999.9 1 -9999.9 1     6.2 0 -9999.9 1
 1999 175  6 24 18 24 18.400  17.56   344.1 0 -9999.9 1 -9999.9 1   339.7 0   415.1 0   304.7 0   302.7 0   439.0 0   294.8 0   294.9 0    88.9 0   170.7 0 -9999.9 1   -23.8 0 -9999.9 1 -9999.9 1 -9999.9 1 -9999.9 1   358.3 0 -9999.9 1
 1999 175  6 24 18 27 18.450  17.77   397.9 0 -9999.9 1 -9999.9 1   390.2 0   411.6 0   304.8 0   303.1 0   441.3 0   294.8 0   295.0 0   101.8 0   197.7 0 -9999.9 1   -29.6 0 -9999.9 1 -9999.9 1 -9999.9 1 -9999.9 1     2.6 0 -9999.9 1
 1999 175  6 24 18 33 18.550  18.26   402.2 0 -9999.9 1 -9999.9 1   397.9 0   410.2 0   305.2 0   303.4 0   441.2 0   295.1 0   295.3 0   101.4 0   199.1 0 -9999.9 1   -31.0 0 -9999.9 1 -9999.9 1 -9999.9 1 -9999.9 1     5.7 0 -9999.9 1
 1999 175  6 24 18 36 18.600  18.53   386.2 0 -9999.9 1 -9999.9 1   382.7 0   411.3 0   305.2 0   303.3 0   439.8 0   295.1 0   295.2 0    97.2 0   190.9 0 -9999.9 1   -28.5 0 -9999.9 1 -9999.9 1 -9999.9 1 -9999.9 1     6.3 0 -9999.9 1
 1999 175  6 24 18 39 18.650  18.81   363.2 0 -9999.9 1 -9999.9 1   359.3 0   410.7 0   305.3 0   303.5 0   441.4 0   295.1 0   295.2 0    92.1 0   179.1 0 -9999.9 1   -30.6 0 -9999.9 1 -9999.9 1 -9999.9 1 -9999.9 1     7.0 0 -9999.9 1
 1999 175  6 24 18 42 18.700  19.12   309.2 0 -9999.9 1 -9999.9 1   307.4 0   413.0 0   305.3 0   303.5 0   438.3 0   295.0 0   295.1 0    79.3 0   151.0 0 -9999.9 1   -25.4 0 -9999.9 1 -9999.9 1 -9999.9 1 -9999.9 1    10.7 0 -9999.9 1
 1999 175  6 24 18 48 18.800  19.77   263.3 0 -9999.9 1 -9999.9 1   262.1 0   409.2 0   305.5 0   304.0 0   436.0 0   295.0 0   295.1 0    65.0 0   127.3 0 -9999.9 1   -26.8 0 -9999.9 1 -9999.9 1 -9999.9 1 -9999.9 1    10.4 0 -9999.9 1
 1999 175  6 24 18 51 18.850  20.12   273.0 0 -9999.9 1 -9999.9 1   271.7 0   406.1 0   305.5 0   304.1 0   434.3 0   294.9 0   295.0 0    69.2 0   133.2 0 -9999.9 1   -28.2 0 -9999.9 1 -9999.9 1 -9999.9 1 -9999.9 1    13.1 0 -9999.9 1
 1999 175  6 24 18 54 18.900  20.48   295.0 0 -9999.9 1 -9999.9 1   291.8 0   402.4 0   305.7 0   304.4 0   435.8 0   295.0 0   295.1 0    75.4 0   144.3 0 -9999.9 1   -33.4 0 -9999.9 1 -9999.9 1 -9999.9 1 -9999.9 1    13.9 0 -9999.9 1
 1999 175  6 24 18 57 18.950  20.85   267.4 0 -9999.9 1 -9999.9 1   263.8 0   406.0 0   305.8 0   304.6 0   436.5 0   295.0 0   295.2 0    65.9 0   129.6 0 -9999.9 1   -30.6 0 -9999.9 1 -9999.9 1 -9999.9 1 -9999.9 1    12.8 0 -9999.9 1
 1999 175  6 24 19  3 19.050  21.64   199.6 0 -9999.9 1 -9999.9 1   207.8 0   412.0 0   306.2 0   304.7 0   434.9 0   295.2 0   295.3 0    48.3 0    99.2 0 -9999.9 1   -22.8 0 -9999.9 1 -9999.9 1 -9999.9 1 -9999.9 1     4.6 0 -9999.9 1
 1999 175  6 24 19  6 19.100  22.05   271.0 0 -9999.9 1 -9999.9 1   269.9 0   404.5 0   306.2 0   304.8 0   435.4 0   295.3 0   295.4 0    67.3 0   132.4 0 -9999.9 1   -30.9 0 -9999.9 1 -9999.9 1 -9999.9 1 -9999.9 1     7.3 0 -9999.9 1
 1999 175  6 24 19  9 19.150  22.47   291.2 0 -9999.9 1 -9999.9 1   286.1 0   400.6 0   306.3 0   305.0 0   435.8 0   295.3 0   295.5 0    71.2 0   141.4 0 -9999.9 1   -35.2 0 -9999.9 1 -9999.9 1 -9999.9 1 -9999.9 1     8.0 0 -9999.9 1
 1999 175  6 24 19 12 19.200  22.89   298.0 0 -9999.9 1 -9999.9 1   292.8 0   400.4 0   306.4 0   305.0 0   435.2 0   295.4 0   295.5 0    72.5 0   145.0 0 -9999.9 1   -34.8 0 -9999.9 1 -9999.9 1 -9999.9 1 -9999.9 1     7.0 0 -9999.9 1
 1999 175  6 24 19 18 19.300  23.78   321.4 0 -9999.9 1 -9999.9 1   315.0 0   397.6 0   306.5 0   305.0 0   434.9 0   295.3 0   295.4 0    77.1 0   155.1 0 -9999.9 1   -37.3 0 -9999.9 1 -9999.9 1 -9999.9 1 -9999.9 1     6.7 0 -9999.9 1
 1999 175  6 24 19 21 19.350  24.23   340.7 0 -9999.9 1 -9999.9 1   332.0 0   395.7 0   306.4 0   305.0 0   435.8 0   295.1 0   295.3 0    79.8 2   163.2 0 -9999.9 1   -40.1 0 -9999.9 1 -9999.9 1 -9999.9 1 -9999.9 1     5.2 0 -9999.9 1
 1999 175  6 24 19 24 19.400  24.69   309.8 0 -9999.9 1 -9999.9 1   303.5 0   402.1 0   306.6 0   305.0 0   436.5 0   295.3 0   295.5 0    72.8 0   147.1 0 -9999.9 1   -34.3 0 -9999.9 1 -9999.9 1 -9999.9 1 -9999.9 1     5.2 0 -9999.9 1
 1999 175  6 24 19 27 19.450  25.16   301.9 0 -9999.9 1 -9999.9 1   297.6 0   401.9 0   306.7 0   305.0 0   435.3 0   295.4 0   295.5 0    73.7 0   143.7 0 -9999.9 1   -33.3 0 -9999.9 1 -9999.9 1 -9999.9 1 -9999.9 1     7.6 0 -9999.9 1
 1999 175  6 24 19 33 19.550  26.12   303.3 0 -9999.9 1 -9999.9 1   297.6 0   396.2 0   307.0 0   305.5 0   435.4 0   295.5 0   295.7 0    75.0 0   145.2 0 -9999.9 1   -39.2 0 -9999.9 1 -9999.9 1 -9999.9 1 -9999.9 1     7.1 0 -9999.9 1
 1999 175  6 24 19 36 19.600  26.61   306.7 0 -9999.9 1 -9999.9 1   300.0 0   395.2 0   306.9 0   305.5 0   434.5 0   295.4 0   295.6 0    75.9 0   146.1 0 -9999.9 1   -39.2 0 -9999.9 1 -9999.9 1 -9999.9 1 -9999.9 1     9.4 0 -9999.9 1
 1999 175  6 24 19 39 19.650  27.10   330.5 0 -9999.9 1 -9999.9 1   323.3 0   393.0 0   307.1 0   305.9 0   436.4 0   295.5 0   295.7 0    81.1 0   156.8 0 -9999.9 1   -43.4 0 -9999.9 1 -9999.9 1 -9999.9 1 -9999.9 1    13.2 0 -9999.9 1
 1999 175  6 24 19 42 19.700  27.60   364.6 0 -9999.9 1 -9999.9 1   357.5 0   390.5 0   307.2 0   305.8 0   437.7 0   295.5 0   295.7 0    88.7 0   173.1 0 -9999.9 1   -47.1 0 -9999.9 1 -9999.9 1 -9999.9 1 -9999.9 1    28.5 0 -9999.9 1
 1999 175  6 24 19 48 19.800  28.61   798.1 0 -9999.9 1 -9999.9 1   517.3 0   389.2 0   307.4 0   306.4 0   445.4 0   295.5 0   295.9 0   156.2 2   378.1 0 -9999.9 1   -56.2 0 -9999.9 1 -9999.9 1 -9999.9 1 -9999.9 1    21.3 0 -9999.9 1
 1999 175  6 24 19 51 19.850  29.12  1057.7 0 -9999.9 1 -9999.9 1   571.9 0   385.5 0   307.8 0   307.4 0   456.4 0   295.8 0   296.4 0   195.0 2   486.0 0 -9999.9 1   -70.9 0 -9999.9 1 -9999.9 1 -9999.9 1 -9999.9 1    32.2 0 -9999.9 1
 1999 175  6 24 19 54 19.900  29.64   611.1 0 -9999.9 1 -9999.9 1   506.1 0   379.4 0   308.1 0   307.2 0   449.8 0   296.1 0   296.5 0   140.9 2   286.6 0 -9999.9 1   -70.4 0 -9999.9 1 -9999.9 1 -9999.9 1 -9999.9 1    30.4 0 -9999.9 1
 1999 175  6 24 19 57 19.950  30.16   591.2 0 -9999.9 1 -9999.9 1   510.6 0   379.0 0   308.3 0   307.1 0   446.0 0   296.3 0   296.5 0   137.3 2   282.0 0 -9999.9 1   -67.0 0 -9999.9 1 -9999.9 1 -9999.9 1 -9999.9 1    28.6 0 -9999.9 1
 1999 175  6 24 20  3 20.050  31.21   681.3 0 -9999.9 1 -9999.9 1   507.7 0   376.6 0   309.0 0   308.2 0   454.5 0   296.8 0   297.2 0   148.8 2   319.3 0 -9999.9 1   -77.8 0 -9999.9 1 -9999.9 1 -9999.9 1 -9999.9 1    29.2 0 -9999.9 1
 1999 175  6 24 20  6 20.100  31.74   549.9 0 -9999.9 1 -9999.9 1   493.5 0   380.4 0   309.4 0   308.2 0   448.6 0   297.0 0   297.3 0   127.6 0   260.3 0 -9999.9 1   -68.3 0 -9999.9 1 -9999.9 1 -9999.9 1 -9999.9 1    22.7 0 -9999.9 1
 1999 175  6 24 20  9 20.150  32.28   553.0 0 -9999.9 1 -9999.9 1   500.4 0   386.7 0   309.7 0   308.2 0   446.2 0   297.2 0   297.5 0   125.0 0   258.4 0 -9999.9 1   -59.5 0 -9999.9 1 -9999.9 1 -9999.9 1 -9999.9 1    22.1 0 -9999.9 1
 1999 175  6 24 20 12 20.200  32.81   715.6 0 -9999.9 1 -9999.9 1   545.1 0   391.0 0   309.9 0   308.5 0   448.0 0   297.4 0   297.7 0   150.0 0   342.5 0 -9999.9 1   -56.9 0 -9999.9 1 -9999.9 1 -9999.9 1 -9999.9 1    19.2 0 -9999.9 1
 1999 175  6 24 20 18 20.300  33.90  1079.2 0 -9999.9 1 -9999.9 1   460.2 0   386.6 0   310.4 0   309.6 0   459.9 0   297.6 0   298.2 0   193.7 0   495.8 0 -9999.9 1   -73.4 0 -9999.9 1 -9999.9 1 -9999.9 1 -9999.9 1    21.5 0 -9999.9 1
 1999 175  6 24 20 21 20.350  34.44  1130.3 0 -9999.9 1 -9999.9 1   434.8 0   383.7 0   310.7 0   310.0 0   463.1 0   297.9 0   298.5 0   198.8 0   519.4 0 -9999.9 1   -79.4 0 -9999.9 1 -9999.9 1 -9999.9 1 -9999.9 1    31.7 0 -9999.9 1
 1999 175  6 24 20 24 20.400  34.99   843.1 0 -9999.9 1 -9999.9 1   433.4 0   378.0 0   311.0 0   309.7 0   457.5 0   298.2 0   298.6 0   164.8 0   391.8 0 -9999.9 1   -79.5 0 -9999.9 1 -9999.9 1 -9999.9 1 -9999.9 1    35.8 0 -9999.9 1
 1999 175  6 24 20 27 20.450  35.54   680.6 0 -9999.9 1 -9999.9 1   432.6 0   379.5 0   311.2 0   309.8 0   450.9 0   298.3 0   298.6 0   140.1 0   325.0 0 -9999.9 1   -71.4 0 -9999.9 1 -9999.9 1 -9999.9 1 -9999.9 1    22.9 0 -9999.9 1
 1999 175  6 24 20 33 20.550  36.64  1142.5 0 -9999.9 1 -9999.9 1   459.8 0   383.4 0   311.5 0   310.3 0   463.4 0   298.7 0   299.2 0   183.3 0   523.7 0 -9999.9 1   -80.1 0 -9999.9 1 -9999.9 1 -9999.9 1 -9999.9 1    37.5 0 -9999.9 1
 1999 175  6 24 20 36 20.600  37.20   823.4 0 -9999.9 1 -9999.9 1   491.7 0   383.0 0   311.5 0   310.1 0   456.7 0   298.8 0   299.2 0   145.6 0   383.7 0 -9999.9 1   -73.7 0 -9999.9 1 -9999.9 1 -9999.9 1 -9999.9 1    29.7 0 -9999.9 1
 1999 175  6 24 20 39 20.650  37.75   543.3 0 -9999.9 1 -9999.9 1   465.8 0   386.6 0   311.6 0   310.0 0   448.9 0   298.9 0   299.1 0   109.0 0   254.0 0 -9999.9 1   -62.3 0 -9999.9 1 -9999.9 1 -9999.9 1 -9999.9 1    18.0 0 -9999.9 1
 1999 175  6 24 20 42 20.700  38.31   484.2 0 -9999.9 1 -9999.9 1   466.1 0   391.6 0   311.4 0   309.4 0   445.0 0   298.7 0   298.8 0    98.0 0   225.4 0 -9999.9 1   -53.5 0 -9999.9 1 -9999.9 1 -9999.9 1 -9999.9 1    30.9 0 -9999.9 1
 1999 175  6 24 20 48 20.800  39.43   452.1 0 -9999.9 1 -9999.9 1   433.8 0   390.8 0   310.9 0   309.0 0   444.2 0   298.3 0   298.5 0    90.6 0   210.8 0 -9999.9 1   -53.5 0 -9999.9 1 -9999.9 1 -9999.9 1 -9999.9 1    24.8 0 -9999.9 1
 1999 175  6 24 20 51 20.850  39.99   519.1 0 -9999.9 1 -9999.9 1   445.3 0   380.9 0   310.9 0   309.0 0   445.2 0   298.4 0   298.5 0   102.1 0   242.4 0 -9999.9 1   -64.4 0 -9999.9 1 -9999.9 1 -9999.9 1 -9999.9 1    31.7 0 -9999.9 1
 1999 175  6 24 20 54 20.900  40.56   538.3 0 -9999.9 1 -9999.9 1   311.6 0   369.5 0   310.8 0   308.7 0   443.8 0   298.5 0   298.6 0   107.0 0   258.1 0 -9999.9 1   -74.4 0 -9999.9 1 -9999.9 1 -9999.9 1 -9999.9 1    33.0 0 -9999.9 1
 1999 175  6 24 20 57 20.950  41.12   557.2 0 -9999.9 1 -9999.9 1   295.3 0   365.9 0   310.7 0   308.7 0   446.4 0   298.5 0   298.7 0   105.6 0   267.0 0 -9999.9 1   -80.4 0 -9999.9 1 -9999.9 1 -9999.9 1 -9999.9 1    37.4 0 -9999.9 1
 1999 175  6 24 21  3 21.050  42.25   820.3 0 -9999.9 1 -9999.9 1   215.6 0   362.6 0   310.3 0   309.0 0   453.1 0   298.5 0   298.8 0   127.8 0   384.4 0 -9999.9 1   -90.5 0 -9999.9 1 -9999.9 1 -9999.9 1 -9999.9 1    37.8 0 -9999.9 1
 1999 175  6 24 21  6 21.100  42.82   851.6 0 -9999.9 1 -9999.9 1   201.0 0   361.0 0   310.2 0   308.9 0   454.5 0   298.5 0   298.8 0   128.3 0   396.5 0 -9999.9 1   -93.5 0 -9999.9 1 -9999.9 1 -9999.9 1 -9999.9 1    34.6 0 -9999.9 1
 1999 175  6 24 21  9 21.150  43.39   834.5 0 -9999.9 1 -9999.9 1   206.1 0   360.7 0   310.2 0   308.9 0   454.3 0   298.5 0   298.9 0   123.3 0   387.9 0 -9999.9 1   -93.6 0 -9999.9 1 -9999.9 1 -9999.9 1 -9999.9 1    33.1 0 -9999.9 1
 1999 175  6 24 21 12 21.200  43.96   785.3 0 -9999.9 1 -9999.9 1   255.6 0   361.8 0   310.3 0   309.1 0   455.3 0   298.8 0   299.0 0   116.0 0   360.4 0 -9999.9 1   -93.5 0 -9999.9 1 -9999.9 1 -9999.9 1 -9999.9 1    43.6 0 -9999.9 1
 1999 175  6 24 21 18 21.300  45.10   788.6 0 -9999.9 1 -9999.9 1   196.0 0   360.7 0   310.2 0   308.9 0   455.5 0   298.8 0   299.0 0   113.8 0   367.4 0 -9999.9 1   -94.8 0 -9999.9 1 -9999.9 1 -9999.9 1 -9999.9 1    36.0 0 -9999.9 1
 1999 175  6 24 21 21 21.350  45.67   721.7 0 -9999.9 1 -9999.9 1   176.2 0   361.1 0   310.4 0   309.0 0   454.2 0   299.0 0   299.2 0   105.0 0   334.0 0 -9999.9 1   -93.0 0 -9999.9 1 -9999.9 1 -9999.9 1 -9999.9 1    37.7 0 -9999.9 1
 1999 175  6 24 21 24 21.400  46.24   542.5 0 -9999.9 1 -9999.9 1   189.5 0   361.2 0   310.3 0   308.7 0   447.8 0   298.9 0   299.1 0    88.0 0   255.1 0 -9999.9 1   -86.5 0 -9999.9 1 -9999.9 1 -9999.9 1 -9999.9 1    33.6 0 -9999.9 1
 1999 175  6 24 21 27 21.450  46.81   498.9 0 -9999.9 1 -9999.9 1   187.4 0   358.3 0   310.1 0   308.2 0   442.0 0   298.7 0   298.8 0    83.3 2   237.7 0 -9999.9 1   -83.7 0 -9999.9 1 -9999.9 1 -9999.9 1 -9999.9 1    35.6 0 -9999.9 1
 1999 175  6 24 21 33 21.550  47.96   684.4 0 -9999.9 1 -9999.9 1   189.1 0   354.8 0   310.0 0   308.5 0   449.0 0   298.6 0   298.8 0    95.1 2   319.5 0 -9999.9 1   -94.2 0 -9999.9 1 -9999.9 1 -9999.9 1 -9999.9 1    35.6 0 -9999.9 1
 1999 175  6 24 21 36 21.600  48.53   720.7 0 -9999.9 1 -9999.9 1   190.3 0   354.7 0   310.1 0   308.7 0   450.3 0   298.8 0   299.0 0    96.6 0   337.0 0 -9999.9 1   -95.7 0 -9999.9 1 -9999.9 1 -9999.9 1 -9999.9 1    35.6 0 -9999.9 1
 1999 175  6 24 21 39 21.650  49.10   743.7 0 -9999.9 1 -9999.9 1   187.6 0   353.4 0   310.2 0   309.0 0   453.5 0   298.8 0   299.1 0    97.4 2   347.0 0 -9999.9 1  -100.2 0 -9999.9 1 -9999.9 1 -9999.9 1 -9999.9 1    40.9 0 -9999.9 1
 1999 175  6 24 21 42 21.700  49.68   745.7 0 -9999.9 1 -9999.9 1   189.2 0   352.6 0   310.1 0   308.7 0   452.1 0   298.6 0   298.9 0    95.5 2   349.6 0 -9999.9 1   -99.5 0 -9999.9 1 -9999.9 1 -9999.9 1 -9999.9 1    38.3 0 -9999.9 1
 1999 175  6 24 21 48 21.800  50.82   644.0 0 -9999.9 1 -9999.9 1   184.2 0   351.7 0   310.0 0   308.3 0   447.1 0   298.5 0   298.7 0    83.9 2   305.9 0 -9999.9 1   -95.4 0 -9999.9 1 -9999.9 1 -9999.9 1 -9999.9 1    40.1 0 -9999.9 1
 1999 175  6 24 21 51 21.850  51.40   589.3 0 -9999.9 1 -9999.9 1   176.2 0   351.3 0   310.1 0   308.5 0   447.4 0   298.5 0   298.7 0    78.6 2   277.1 0 -9999.9 1   -96.1 0 -9999.9 1 -9999.9 1 -9999.9 1 -9999.9 1    24.9 0 -9999.9 1
 1999 175  6 24 21 54 21.900  51.97   446.6 0 -9999.9 1 -9999.9 1   174.5 0   350.3 0   310.1 0   308.5 0   441.9 0   298.5 0   298.6 0    66.9 2   212.1 0 -9999.9 1   -91.5 0 -9999.9 1 -9999.9 1 -9999.9 1 -9999.9 1    21.1 0 -9999.9 1
 1999 175  6 24 21 57 21.950  52.54   311.7 0 -9999.9 1 -9999.9 1   174.7 0   350.8 0   310.1 0   308.1 0   437.5 0   298.4 0   298.4 0    55.3 2   150.1 0 -9999.9 1   -86.7 0 -9999.9 1 -9999.9 1 -9999.9 1 -9999.9 1    27.8 0 -9999.9 1
 1999 175  6 24 22  3 22.050  53.69   318.2 0 -9999.9 1 -9999.9 1   190.2 0   352.4 0   309.8 0   308.0 0   435.1 0   298.1 0   298.1 0    49.5 2   152.3 0 -9999.9 1   -82.7 0 -9999.9 1 -9999.9 1 -9999.9 1 -9999.9 1    19.0 0 -9999.9 1
 1999 175  6 24 22  6 22.100  54.26   242.3 0 -9999.9 1 -9999.9 1   185.6 0   355.5 0   309.8 0   307.6 0   431.7 0   298.0 0   298.0 0    43.7 2   116.4 0 -9999.9 1   -76.2 0 -9999.9 1 -9999.9 1 -9999.9 1 -9999.9 1    17.1 0 -9999.9 1
 1999 175  6 24 22  9 22.150  54.84   204.3 0 -9999.9 1 -9999.9 1   177.0 0   353.0 0   309.7 0   307.4 0   429.2 0   297.8 0   297.8 0    39.2 2    99.1 0 -9999.9 1   -76.2 0 -9999.9 1 -9999.9 1 -9999.9 1 -9999.9 1    16.6 0 -9999.9 1
 1999 175  6 24 22 12 22.200  55.41   189.6 0 -9999.9 1 -9999.9 1   168.7 0   348.0 0   309.5 0   307.5 0   428.4 0   297.6 0   297.6 0    37.1 2    92.2 0 -9999.9 1   -80.4 0 -9999.9 1 -9999.9 1 -9999.9 1 -9999.9 1    15.5 0 -9999.9 1
 1999 175  6 24 22 18 22.300  56.56   210.8 0 -9999.9 1 -9999.9 1   170.0 0   350.9 0   309.5 0   307.5 0   430.9 0   297.6 0   297.6 0    36.0 2   102.2 0 -9999.9 1   -80.0 0 -9999.9 1 -9999.9 1 -9999.9 1 -9999.9 1    14.6 0 -9999.9 1
 1999 175  6 24 22 21 22.350  57.13   197.7 0 -9999.9 1 -9999.9 1   174.3 0   350.1 0   309.4 0   307.4 0   430.8 0   297.5 0   297.5 0    34.9 2    97.2 0 -9999.9 1   -80.7 0 -9999.9 1 -9999.9 1 -9999.9 1 -9999.9 1    14.6 0 -9999.9 1
 1999 175  6 24 22 24 22.400  57.70   194.1 0 -9999.9 1 -9999.9 1   181.2 0   350.8 0   309.4 0   307.4 0   431.2 0   297.5 0   297.5 0    34.0 2    95.4 0 -9999.9 1   -80.5 0 -9999.9 1 -9999.9 1 -9999.9 1 -9999.9 1    12.9 0 -9999.9 1
 1999 175  6 24 22 27 22.450  58.27   211.0 0 -9999.9 1 -9999.9 1   189.9 0   351.9 0   309.4 0   307.4 0   431.3 0   297.5 0   297.5 0    34.2 0   103.4 0 -9999.9 1   -79.4 0 -9999.9 1 -9999.9 1 -9999.9 1 -9999.9 1    18.2 0 -9999.9 1
 1999 175  6 24 22 33 22.550  59.41   567.9 0 -9999.9 1 -9999.9 1   223.9 0   351.6 0   309.4 0   308.2 0   447.2 0   297.5 0   297.8 0    46.4 2   265.2 0 -9999.9 1   -95.6 0 -9999.9 1 -9999.9 1 -9999.9 1 -9999.9 1    17.1 0 -9999.9 1
 1999 175  6 24 22 36 22.600  59.98   415.4 0 -9999.9 1 -9999.9 1   227.3 0   354.1 0   309.7 0   308.4 0   445.0 0   297.7 0   298.0 0    42.1 2   197.5 0 -9999.9 1   -90.9 0 -9999.9 1 -9999.9 1 -9999.9 1 -9999.9 1    15.8 0 -9999.9 1
 1999 175  6 24 22 39 22.650  60.55   329.9 0 -9999.9 1 -9999.9 1   222.6 0   357.2 0   309.9 0   308.2 0   440.3 0   297.9 0   298.0 0    38.6 2   158.5 0 -9999.9 1   -83.1 0 -9999.9 1 -9999.9 1 -9999.9 1 -9999.9 1    14.4 0 -9999.9 1
 1999 175  6 24 22 42 22.700  61.12   229.1 0 -9999.9 1 -9999.9 1   212.9 0   357.0 0   310.0 0   308.1 0   436.2 0   297.9 0   298.0 0    34.4 0   111.0 0 -9999.9 1   -79.2 0 -9999.9 1 -9999.9 1 -9999.9 1 -9999.9 1    12.4 0 -9999.9 1
 1999 175  6 24 22 48 22.800  62.26   201.4 0 -9999.9 1 -9999.9 1   193.6 0   359.4 0   310.0 0   308.0 0   432.3 0   297.9 0   297.9 0    30.1 0    97.5 0 -9999.9 1   -72.8 0 -9999.9 1 -9999.9 1 -9999.9 1 -9999.9 1     9.7 0 -9999.9 1
 1999 175  6 24 22 51 22.850  62.82   189.4 0 -9999.9 1 -9999.9 1   184.4 0   359.5 0   310.0 0   308.1 0   432.3 0   297.9 0   297.8 0    28.1 0    91.5 0 -9999.9 1   -72.8 0 -9999.9 1 -9999.9 1 -9999.9 1 -9999.9 1     8.5 0 -9999.9 1
 1999 175  6 24 22 54 22.900  63.39   181.7 0 -9999.9 1 -9999.9 1   176.4 0   359.1 0   310.0 0   308.1 0   432.3 0   297.8 0   297.8 0    26.5 0    87.8 0 -9999.9 1   -73.2 0 -9999.9 1 -9999.9 1 -9999.9 1 -9999.9 1     9.0 0 -9999.9 1
 1999 175  6 24 22 57 22.950  63.95   177.0 0 -9999.9 1 -9999.9 1   170.2 0   358.3 0   310.0 0   308.1 0   431.5 0   297.7 0   297.7 0    25.1 0    85.4 0 -9999.9 1   -73.2 0 -9999.9 1 -9999.9 1 -9999.9 1 -9999.9 1     9.6 0 -9999.9 1
 1999 175  6 24 23  3 23.050  65.08   194.2 0 -9999.9 1 -9999.9 1   162.1 0   358.6 0   310.1 0   308.3 0   432.9 0   297.6 0   297.6 0    22.8 0    93.7 0 -9999.9 1   -74.3 0 -9999.9 1 -9999.9 1 -9999.9 1 -9999.9 1    12.9 0 -9999.9 1
 1999 175  6 24 23  6 23.100  65.65   272.7 0 -9999.9 1 -9999.9 1   163.1 0   358.5 0   310.2 0   308.6 0   436.6 0   297.6 0   297.7 0    23.1 0   129.8 0 -9999.9 1   -78.0 0 -9999.9 1 -9999.9 1 -9999.9 1 -9999.9 1    11.2 0 -9999.9 1
 1999 175  6 24 23  9 23.150  66.21   294.3 0 -9999.9 1 -9999.9 1   165.1 0   359.0 0   310.4 0   308.8 0   438.8 0   297.7 0   297.8 0    22.9 0   139.7 0 -9999.9 1   -79.8 0 -9999.9 1 -9999.9 1 -9999.9 1 -9999.9 1    13.1 0 -9999.9 1
 1999 175  6 24 23 12 23.200  66.77   295.9 0 -9999.9 1 -9999.9 1   165.2 0   358.5 0   310.6 0   309.0 0   440.1 0   297.7 0   297.8 0    22.4 0   140.6 0 -9999.9 1   -81.5 0 -9999.9 1 -9999.9 1 -9999.9 1 -9999.9 1    15.7 0 -9999.9 1
 1999 175  6 24 23 18 23.300  67.89   414.3 0 -9999.9 1 -9999.9 1   174.5 0   357.5 0   310.9 0   309.4 0   443.2 0   297.7 0   297.9 0    23.4 0   193.3 0 -9999.9 1   -85.7 0 -9999.9 1 -9999.9 1 -9999.9 1 -9999.9 1    14.9 0 -9999.9 1
 1999 175  6 24 23 21 23.350  68.45   387.9 0 -9999.9 1 -9999.9 1   176.8 0   360.3 0   311.2 0   309.5 0   442.4 0   297.8 0   298.0 0    22.7 0   181.6 0 -9999.9 1   -82.2 0 -9999.9 1 -9999.9 1 -9999.9 1 -9999.9 1    13.2 0 -9999.9 1
 1999 175  6 24 23 24 23.400  69.01   281.9 0 -9999.9 1 -9999.9 1   171.0 0   358.0 0   311.2 0   309.3 0   437.6 0   297.7 0   297.7 0    20.9 0   135.7 0 -9999.9 1   -79.6 0 -9999.9 1 -9999.9 1 -9999.9 1 -9999.9 1    14.1 0 -9999.9 1
 1999 175  6 24 23 27 23.450  69.56   302.0 0 -9999.9 1 -9999.9 1   168.3 0   356.1 0   311.1 0   309.2 0   435.6 0   297.5 0   297.6 0    20.4 0   143.7 0 -9999.9 1   -79.5 0 -9999.9 1 -9999.9 1 -9999.9 1 -9999.9 1    16.7 0 -9999.9 1
 1999 175  6 24 23 33 23.550  70.67   371.1 0 -9999.9 1 -9999.9 1   172.6 0   357.7 0   311.5 0   309.5 0   440.1 0   297.6 0   297.8 0    20.3 0   173.3 0 -9999.9 1   -82.4 0 -9999.9 1 -9999.9 1 -9999.9 1 -9999.9 1    16.1 0 -9999.9 1
 1999 175  6 24 23 36 23.600  71.23   362.2 0 -9999.9 1 -9999.9 1   168.1 0   356.6 0   311.6 0   309.6 0   439.1 0   297.6 0   297.7 0    19.5 2   170.6 0 -9999.9 1   -82.6 0 -9999.9 1 -9999.9 1 -9999.9 1 -9999.9 1    13.6 0 -9999.9 1
 1999 175  6 24 23 39 23.650  71.78   347.1 0 -9999.9 1 -9999.9 1   159.8 0   353.2 0   311.5 0   309.6 0   436.9 0   297.4 0   297.6 0    18.5 2   163.4 0 -9999.9 1   -83.8 0 -9999.9 1 -9999.9 1 -9999.9 1 -9999.9 1    17.6 0 -9999.9 1
 1999 175  6 24 23 42 23.700  72.33   330.7 0 -9999.9 1 -9999.9 1   147.2 0   351.5 0   311.6 0   309.5 0   436.1 0   297.4 0   297.5 0    17.5 2   156.0 0 -9999.9 1   -84.6 0 -9999.9 1 -9999.9 1 -9999.9 1 -9999.9 1    19.4 0 -9999.9 1
 1999 175  6 24 23 48 23.800  73.42   297.6 0 -9999.9 1 -9999.9 1   123.0 0   351.4 0   312.0 0   310.0 0   437.3 0   297.7 0   297.8 0    15.5 0   141.7 0 -9999.9 1   -85.9 0 -9999.9 1 -9999.9 1 -9999.9 1 -9999.9 1    25.7 0 -9999.9 1
 1999 175  6 24 23 51 23.850  73.97   282.7 0 -9999.9 1 -9999.9 1   114.3 0   349.4 0   311.9 0   309.7 0   436.4 0   297.5 0   297.6 0    14.6 2   134.8 0 -9999.9 1   -87.0 0 -9999.9 1 -9999.9 1 -9999.9 1 -9999.9 1    27.3 0 -9999.9 1
 1999 175  6 24 23 54 23.900  74.52   267.2 0 -9999.9 1 -9999.9 1   105.2 0   348.4 0   311.9 0   309.6 0   434.7 0   297.5 0   297.6 0    13.6 2   127.7 0 -9999.9 1   -86.3 0 -9999.9 1 -9999.9 1 -9999.9 1 -9999.9 1    25.5 0 -9999.9 1
 1999 175  6 24 23 57 23.950  75.06   252.1 0 -9999.9 1 -9999.9 1    98.2 0   346.5 0   311.9 0   309.6 0   433.6 0   297.4 0   297.5 0    12.8 2   120.6 0 -9999.9 1   -87.1 0 -9999.9 1 -9999.9 1 -9999.9 1 -9999.9 1    30.8 0 -9999.9 1
