 Bondville
   40.05  -88.37  213 m version 1
 1999 170  6 19  0  3  0.050  76.37   230.9 0 -9999.9 1 -9999.9 1   105.4 0   293.6 0   308.8 0   306.5 0   412.1 0   293.9 0   293.9 0     8.2 0   102.6 0 -9999.9 1  -118.5 0 -9999.9 1 -9999.9 1 -9999.9 1 -9999.9 1   115.8 0 -9999.9 1
 1999 170  6 19  0  6  0.100  76.91   197.1 0 -9999.9 1 -9999.9 1    99.5 0   293.1 0   308.8 0   306.4 0   410.4 0   293.9 0   293.9 0     7.6 0    89.6 0 -9999.9 1  -117.3 0 -9999.9 1 -9999.9 1 -9999.9 1 -9999.9 1   109.9 0 -9999.9 1
 1999 170  6 19  0  9  0.150  77.45   160.8 0 -9999.9 1 -9999.9 1    91.9 0   294.9 0   308.8 0   306.2 0   407.6 0   293.9 0   293.9 0     7.1 0    74.4 0 -9999.9 1  -112.7 0 -9999.9 1 -9999.9 1 -9999.9 1 -9999.9 1   111.0 0 -9999.9 1
 1999 170  6 19  0 12  0.200  77.98   107.8 0 -9999.9 1 -9999.9 1    82.2 0   292.5 0   308.6 0   306.0 0   403.3 0   293.8 0   293.7 0     6.4 0    52.3 0 -9999.9 1  -110.8 0 -9999.9 1 -9999.9 1 -9999.9 1 -9999.9 1   116.6 0 -9999.9 1
 1999 170  6 19  0 18  0.300  79.05   148.7 0 -9999.9 1 -9999.9 1    71.3 0   290.2 0   308.4 0   306.1 0   405.0 0   293.7 0   293.7 0     5.2 0    66.6 0 -9999.9 1  -114.8 0 -9999.9 1 -9999.9 1 -9999.9 1 -9999.9 1   111.8 0 -9999.9 1
 1999 170  6 19  0 21  0.350  79.58   124.2 0 -9999.9 1 -9999.9 1    67.1 0   290.3 0   308.4 0   306.0 0   403.8 0   293.7 0   293.7 0     4.7 0    57.2 0 -9999.9 1  -113.5 0 -9999.9 1 -9999.9 1 -9999.9 1 -9999.9 1   108.7 0 -9999.9 1
 1999 170  6 19  0 24  0.400  80.10   109.8 0 -9999.9 1 -9999.9 1    63.7 0   288.6 0   308.3 0   306.0 0   401.9 0   293.6 0   293.6 0     4.2 0    51.1 0 -9999.9 1  -113.2 0 -9999.9 1 -9999.9 1 -9999.9 1 -9999.9 1   115.5 0 -9999.9 1
 1999 170  6 19  0 27  0.450  80.63   114.4 0 -9999.9 1 -9999.9 1    63.0 0   286.7 0   308.2 0   306.0 0   401.2 0   293.6 0   293.5 0     3.8 0    52.0 0 -9999.9 1  -114.5 0 -9999.9 1 -9999.9 1 -9999.9 1 -9999.9 1   125.8 0 -9999.9 1
 1999 170  6 19  0 33  0.550  81.67   119.5 0 -9999.9 1 -9999.9 1    64.8 0   289.0 0   308.1 0   305.7 0   401.0 0   293.4 0   293.4 0     3.2 0    53.1 0 -9999.9 1  -112.0 0 -9999.9 1 -9999.9 1 -9999.9 1 -9999.9 1   122.8 0 -9999.9 1
 1999 170  6 19  0 36  0.600  82.19   115.2 0 -9999.9 1 -9999.9 1    65.6 0   290.0 0   308.0 0   305.6 0   400.9 0   293.4 0   293.4 0     3.0 0    51.4 0 -9999.9 1  -110.8 0 -9999.9 1 -9999.9 1 -9999.9 1 -9999.9 1   124.5 0 -9999.9 1
 1999 170  6 19  0 39  0.650  82.70   101.7 0 -9999.9 1 -9999.9 1    64.3 0   289.2 0   308.0 0   305.8 0   399.3 0   293.3 0   293.3 0     2.7 0    45.8 0 -9999.9 1  -110.1 0 -9999.9 1 -9999.9 1 -9999.9 1 -9999.9 1   126.2 0 -9999.9 1
 1999 170  6 19  0 42  0.700  83.22    92.4 0 -9999.9 1 -9999.9 1    59.7 0   288.9 0   307.9 0   305.8 0   397.4 0   293.2 0   293.2 0     2.4 0    41.2 0 -9999.9 1  -108.4 0 -9999.9 1 -9999.9 1 -9999.9 1 -9999.9 1   124.6 0 -9999.9 1
 1999 170  6 19  0 48  0.800  84.23    54.0 0 -9999.9 1 -9999.9 1    48.3 0   288.2 0   307.8 0   305.6 0   392.2 0   293.0 0   293.0 0     1.8 0    26.2 0 -9999.9 1  -104.0 0 -9999.9 1 -9999.9 1 -9999.9 1 -9999.9 1   121.3 0 -9999.9 1
 1999 170  6 19  0 51  0.850  84.73    51.6 0 -9999.9 1 -9999.9 1    43.9 0   287.3 0   307.6 0   305.5 0   389.4 0   292.9 0   292.8 0     1.6 0    23.7 0 -9999.9 1  -102.1 0 -9999.9 1 -9999.9 1 -9999.9 1 -9999.9 1   123.5 0 -9999.9 1
 1999 170  6 19  0 54  0.900  85.23    37.9 0 -9999.9 1 -9999.9 1    39.7 0   287.0 0   307.4 0   305.3 0   386.3 0   292.8 0   292.7 0     1.4 0    18.6 0 -9999.9 1   -99.3 0 -9999.9 1 -9999.9 1 -9999.9 1 -9999.9 1   123.6 0 -9999.9 1
 1999 170  6 19  0 57  0.950  85.73    38.8 0 -9999.9 1 -9999.9 1    35.8 0   288.0 0   307.2 0   305.2 0   384.6 0   292.7 0   292.6 0     1.2 0    17.5 0 -9999.9 1   -96.6 0 -9999.9 1 -9999.9 1 -9999.9 1 -9999.9 1   125.3 0 -9999.9 1
 1999 170  6 19  1  3  1.050  86.70    24.3 0 -9999.9 1 -9999.9 1    27.4 0   286.4 0   306.8 0   304.7 0   380.3 0   292.3 0   292.2 0     0.9 0    11.8 0 -9999.9 1   -94.0 0 -9999.9 1 -9999.9 1 -9999.9 1 -9999.9 1   127.0 0 -9999.9 1
 1999 170  6 19  1  6  1.100  87.18    19.4 0 -9999.9 1 -9999.9 1    23.3 0   286.5 0   306.6 0   304.5 0   378.7 0   292.2 0   292.0 0     0.8 0     9.8 0 -9999.9 1   -92.2 0 -9999.9 1 -9999.9 1 -9999.9 1 -9999.9 1   123.3 0 -9999.9 1
 1999 170  6 19  1  9  1.150  87.64    15.4 0 -9999.9 1 -9999.9 1    19.4 0   284.5 0   306.3 0   304.3 0   375.8 0   292.0 0   291.8 0     0.7 0     7.8 0 -9999.9 1   -91.4 0 -9999.9 1 -9999.9 1 -9999.9 1 -9999.9 1   124.8 0 -9999.9 1
 1999 170  6 19  1 12  1.200  88.10    12.0 0 -9999.9 1 -9999.9 1    17.0 0   282.5 0   306.0 0   304.0 0   373.5 0   291.8 0   291.6 0     0.6 0     6.1 0 -9999.9 1   -91.0 0 -9999.9 1 -9999.9 1 -9999.9 1 -9999.9 1   127.7 0 -9999.9 1
 1999 170  6 19  1 18  1.300  88.97     5.1 0 -9999.9 1 -9999.9 1    10.4 0   281.1 0   305.6 0   303.6 0   369.9 0   291.4 0   291.2 0     0.4 0     3.4 0 -9999.9 1   -88.8 0 -9999.9 1 -9999.9 1 -9999.9 1 -9999.9 1   126.9 0 -9999.9 1
 1999 170  6 19  1 21  1.350  89.38     2.9 0 -9999.9 1 -9999.9 1     7.5 0   279.5 0   305.2 0   303.2 0   367.8 0   291.1 0   290.9 0     0.3 0     2.5 0 -9999.9 1   -88.3 0 -9999.9 1 -9999.9 1 -9999.9 1 -9999.9 1   126.3 0 -9999.9 1
 1999 170  6 19  1 24  1.400  89.75     1.2 0 -9999.9 1 -9999.9 1     4.4 0   278.6 0   304.9 0   302.8 0   366.3 0   290.8 0   290.6 0     0.2 0     1.9 0 -9999.9 1   -87.7 0 -9999.9 1 -9999.9 1 -9999.9 1 -9999.9 1   125.7 0 -9999.9 1
 1999 170  6 19  1 27  1.450  90.90     0.0 0 -9999.9 1 -9999.9 1     2.5 0   279.6 0   304.7 0   302.6 0   365.8 0   290.6 0   290.5 0     0.0 0     1.3 0 -9999.9 1   -86.2 0 -9999.9 1 -9999.9 1 -9999.9 1 -9999.9 1   128.7 0 -9999.9 1
 1999 170  6 19  1 33  1.550  91.86    -1.6 0 -9999.9 1 -9999.9 1     1.1 0   280.4 0   304.3 0   302.3 0   366.3 0   290.5 0   290.3 0     0.0 0     0.6 0 -9999.9 1   -85.9 0 -9999.9 1 -9999.9 1 -9999.9 1 -9999.9 1   130.3 0 -9999.9 1
 1999 170  6 19  1 36  1.600  92.34    -2.1 0 -9999.9 1 -9999.9 1     0.3 0   280.2 0   304.1 0   302.0 0   365.6 0   290.3 0   290.2 0     0.0 0     0.3 0 -9999.9 1   -85.4 0 -9999.9 1 -9999.9 1 -9999.9 1 -9999.9 1   126.4 0 -9999.9 1
 1999 170  6 19  1 39  1.650  92.82    -2.4 0 -9999.9 1 -9999.9 1    -0.3 0   277.9 0   303.8 0   301.8 0   363.8 0   290.1 0   290.0 0     0.0 0     0.1 0 -9999.9 1   -85.9 0 -9999.9 1 -9999.9 1 -9999.9 1 -9999.9 1   126.8 0 -9999.9 1
 1999 170  6 19  1 42  1.700  93.29    -2.5 0 -9999.9 1 -9999.9 1    -0.3 0   277.1 0   303.6 0   301.8 0   362.0 0   289.9 0   289.8 0     0.0 0     0.0 0 -9999.9 1   -84.9 0 -9999.9 1 -9999.9 1 -9999.9 1 -9999.9 1   124.8 0 -9999.9 1
 1999 170  6 19  1 48  1.800  94.23    -2.6 0 -9999.9 1 -9999.9 1    -1.2 0   273.4 0   303.4 0   302.3 0   360.7 0   289.7 0   289.5 0     0.0 0    -0.2 0 -9999.9 1   -87.3 0 -9999.9 1 -9999.9 1 -9999.9 1 -9999.9 1   125.6 0 -9999.9 1
 1999 170  6 19  1 51  1.850  94.70    -2.7 0 -9999.9 1 -9999.9 1    -1.4 0   275.4 0   303.3 0   301.9 0   360.2 0   289.6 0   289.4 0     0.0 0    -0.2 0 -9999.9 1   -84.9 0 -9999.9 1 -9999.9 1 -9999.9 1 -9999.9 1   116.3 0 -9999.9 1
 1999 170  6 19  1 54  1.900  95.16    -2.9 0 -9999.9 1 -9999.9 1    -1.2 0   278.5 0   303.2 0   301.1 0   360.5 0   289.4 0   289.2 0     0.0 0    -0.2 0 -9999.9 1   -82.0 0 -9999.9 1 -9999.9 1 -9999.9 1 -9999.9 1   100.9 0 -9999.9 1
 1999 170  6 19  1 57  1.950  95.62    -3.3 0 -9999.9 1 -9999.9 1    -1.6 0   277.7 0   303.0 0   300.9 0   361.1 0   289.2 0   289.0 0     0.0 0    -0.2 0 -9999.9 1   -83.4 0 -9999.9 1 -9999.9 1 -9999.9 1 -9999.9 1   109.8 0 -9999.9 1
 1999 170  6 19  2  3  2.050  96.53    -3.2 0 -9999.9 1 -9999.9 1    -2.1 0   279.3 0   302.6 0   300.4 0   361.8 0   289.0 0   288.9 0     0.0 0    -0.2 0 -9999.9 1   -82.5 0 -9999.9 1 -9999.9 1 -9999.9 1 -9999.9 1   114.6 0 -9999.9 1
 1999 170  6 19  2  6  2.100  96.98    -3.3 0 -9999.9 1 -9999.9 1    -1.9 0   279.0 0   302.4 0   300.3 0   360.4 0   288.9 0   288.7 0     0.0 0    -0.3 0 -9999.9 1   -81.4 0 -9999.9 1 -9999.9 1 -9999.9 1 -9999.9 1   111.4 0 -9999.9 1
 1999 170  6 19  2  9  2.150  97.42    -3.4 0 -9999.9 1 -9999.9 1    -1.8 0   279.3 0   302.4 0   300.3 0   360.8 0   288.9 0   288.7 0     0.0 0    -0.2 0 -9999.9 1   -81.5 0 -9999.9 1 -9999.9 1 -9999.9 1 -9999.9 1   114.4 0 -9999.9 1
 1999 170  6 19  2 12  2.200  97.86    -3.5 0 -9999.9 1 -9999.9 1    -1.7 0   279.8 0   302.2 0   300.2 0   360.2 0   288.7 0   288.6 0     0.0 0    -0.2 0 -9999.9 1   -80.4 0 -9999.9 1 -9999.9 1 -9999.9 1 -9999.9 1   114.1 0 -9999.9 1
 1999 170  6 19  2 18  2.300  98.74    -3.5 0 -9999.9 1 -9999.9 1    -1.4 0   280.2 0   301.8 0   299.8 0   359.5 0   288.4 0   288.3 0     0.0 0    -0.2 0 -9999.9 1   -79.3 0 -9999.9 1 -9999.9 1 -9999.9 1 -9999.9 1   113.5 0 -9999.9 1
 1999 170  6 19  2 21  2.350  99.17    -3.6 0 -9999.9 1 -9999.9 1    -1.4 0   280.4 0   301.6 0   299.6 0   358.7 0   288.3 0   288.1 0     0.0 0    -0.2 0 -9999.9 1   -78.3 0 -9999.9 1 -9999.9 1 -9999.9 1 -9999.9 1   109.2 0 -9999.9 1
 1999 170  6 19  2 24  2.400  99.60    -3.6 0 -9999.9 1 -9999.9 1    -1.4 0   279.0 0   301.4 0   299.4 0   358.3 0   288.1 0   287.9 0     0.0 0    -0.1 0 -9999.9 1   -79.3 0 -9999.9 1 -9999.9 1 -9999.9 1 -9999.9 1   110.0 0 -9999.9 1
 1999 170  6 19  2 27  2.450 100.03    -3.9 0 -9999.9 1 -9999.9 1    -1.5 0   278.1 0   301.3 0   299.3 0   358.9 0   287.9 0   287.8 0     0.0 0    -0.2 0 -9999.9 1   -80.7 0 -9999.9 1 -9999.9 1 -9999.9 1 -9999.9 1   109.8 0 -9999.9 1
 1999 170  6 19  2 33  2.550 100.86    -3.6 0 -9999.9 1 -9999.9 1    -1.3 0   278.1 0   301.1 0   299.2 0   358.8 0   287.7 0   287.6 0     0.0 0    -0.2 0 -9999.9 1   -80.7 0 -9999.9 1 -9999.9 1 -9999.9 1 -9999.9 1   111.9 0 -9999.9 1
 1999 170  6 19  2 36  2.600 101.28    -3.7 0 -9999.9 1 -9999.9 1    -1.2 0   276.7 0   301.0 0   299.2 0   357.7 0   287.5 0   287.4 0     0.0 0    -0.2 0 -9999.9 1   -81.1 0 -9999.9 1 -9999.9 1 -9999.9 1 -9999.9 1   114.9 0 -9999.9 1
 1999 170  6 19  2 39  2.650 101.69    -3.4 0 -9999.9 1 -9999.9 1    -0.8 0   276.6 0   300.8 0   299.1 0   357.5 0   287.4 0   287.3 0     0.0 0    -0.2 0 -9999.9 1   -80.9 0 -9999.9 1 -9999.9 1 -9999.9 1 -9999.9 1   119.3 0 -9999.9 1
 1999 170  6 19  2 42  2.700 102.09    -3.5 0 -9999.9 1 -9999.9 1    -0.9 0   277.9 0   300.8 0   299.0 0   357.8 0   287.3 0   287.2 0     0.0 0    -0.2 0 -9999.9 1   -79.9 0 -9999.9 1 -9999.9 1 -9999.9 1 -9999.9 1   119.0 0 -9999.9 1
 1999 170  6 19  2 48  2.800 102.89    -3.7 0 -9999.9 1 -9999.9 1    -1.0 0   277.7 0   300.6 0   298.9 0   356.7 0   287.2 0   287.0 0     0.0 2    -0.2 0 -9999.9 1   -79.0 0 -9999.9 1 -9999.9 1 -9999.9 1 -9999.9 1   116.5 0 -9999.9 1
 1999 170  6 19  2 51  2.850 103.29    -3.7 0 -9999.9 1 -9999.9 1    -0.7 0   276.7 0   300.6 0   299.3 0   356.3 0   287.1 0   287.0 0     0.0 0    -0.2 0 -9999.9 1   -79.6 0 -9999.9 1 -9999.9 1 -9999.9 1 -9999.9 1   121.4 0 -9999.9 1
 1999 170  6 19  2 54  2.900 103.67    -3.5 0 -9999.9 1 -9999.9 1    -0.5 0   278.0 0   300.6 0   299.5 0   356.5 0   287.1 0   287.0 0     0.0 0    -0.2 0 -9999.9 1   -78.4 0 -9999.9 1 -9999.9 1 -9999.9 1 -9999.9 1   119.4 0 -9999.9 1
 1999 170  6 19  2 57  2.950 104.06    -3.6 0 -9999.9 1 -9999.9 1    -0.5 0   278.9 0   300.6 0   299.1 0   355.8 0   287.0 0   286.8 0     0.0 2    -0.2 0 -9999.9 1   -77.0 0 -9999.9 1 -9999.9 1 -9999.9 1 -9999.9 1   115.8 0 -9999.9 1
 1999 170  6 19  3  3  3.050 104.81    -3.8 0 -9999.9 1 -9999.9 1    -0.5 0   279.6 0   300.5 0   298.9 0   355.4 0   286.7 0   286.6 0     0.0 2    -0.2 0 -9999.9 1   -75.8 0 -9999.9 1 -9999.9 1 -9999.9 1 -9999.9 1   117.6 0 -9999.9 1
 1999 170  6 19  3  6  3.100 105.19    -3.8 0 -9999.9 1 -9999.9 1    -0.4 0   281.8 0   300.6 0   299.1 0   356.4 0   286.8 0   286.7 0     0.0 2    -0.2 0 -9999.9 1   -74.6 0 -9999.9 1 -9999.9 1 -9999.9 1 -9999.9 1   117.5 0 -9999.9 1
 1999 170  6 19  3  9  3.150 105.55    -3.8 0 -9999.9 1 -9999.9 1    -0.1 0   285.0 0   300.8 0   299.1 0   357.8 0   286.9 0   286.8 0     0.0 0    -0.2 0 -9999.9 1   -72.7 0 -9999.9 1 -9999.9 1 -9999.9 1 -9999.9 1   115.8 0 -9999.9 1
 1999 170  6 19  3 12  3.200 105.91    -4.2 0 -9999.9 1 -9999.9 1    -0.1 0   284.2 0   300.6 0   298.7 0   357.1 0   286.8 0   286.7 0     0.0 0    -0.1 0 -9999.9 1   -72.9 0 -9999.9 1 -9999.9 1 -9999.9 1 -9999.9 1   111.0 0 -9999.9 1
 1999 170  6 19  3 18  3.300 106.62    -4.1 0 -9999.9 1 -9999.9 1    -0.4 0   284.6 0   300.6 0   298.6 0   357.7 0   286.7 0   286.6 0     0.0 0    -0.2 0 -9999.9 1   -73.1 0 -9999.9 1 -9999.9 1 -9999.9 1 -9999.9 1   112.3 0 -9999.9 1
 1999 170  6 19  3 21  3.350 106.97    -4.1 0 -9999.9 1 -9999.9 1    -0.1 0   286.2 0   300.6 0   298.7 0   359.0 0   286.8 0   286.8 0     0.0 0    -0.2 0 -9999.9 1   -72.8 0 -9999.9 1 -9999.9 1 -9999.9 1 -9999.9 1   105.0 0 -9999.9 1
 1999 170  6 19  3 24  3.400 107.31    -4.2 0 -9999.9 1 -9999.9 1     0.2 0   286.5 0   300.6 0   298.7 0   358.9 0   286.8 0   286.7 0     0.0 0    -0.2 0 -9999.9 1   -72.4 0 -9999.9 1 -9999.9 1 -9999.9 1 -9999.9 1   103.5 0 -9999.9 1
 1999 170  6 19  3 27  3.450 107.65    -4.1 0 -9999.9 1 -9999.9 1     0.2 0   287.3 0   300.6 0   298.7 0   359.3 0   286.9 0   286.8 0     0.0 0    -0.2 0 -9999.9 1   -72.0 0 -9999.9 1 -9999.9 1 -9999.9 1 -9999.9 1   102.4 0 -9999.9 1
 1999 170  6 19  3 33  3.550 108.31    -4.1 0 -9999.9 1 -9999.9 1     0.0 0   286.2 0   300.4 0   298.5 0   358.0 0   286.7 0   286.6 0     0.0 0    -0.2 0 -9999.9 1   -71.8 0 -9999.9 1 -9999.9 1 -9999.9 1 -9999.9 1   104.6 0 -9999.9 1
 1999 170  6 19  3 36  3.600 108.63    -4.1 0 -9999.9 1 -9999.9 1     0.2 0   287.8 0   300.4 0   298.6 0   358.9 0   286.8 0   286.8 0     0.0 0    -0.2 0 -9999.9 1   -71.1 0 -9999.9 1 -9999.9 1 -9999.9 1 -9999.9 1   104.2 0 -9999.9 1
 1999 170  6 19  3 39  3.650 108.95    -4.1 0 -9999.9 1 -9999.9 1     0.3 0   286.6 0   300.3 0   298.4 0   358.5 0   286.8 0   286.7 0     0.0 0    -0.2 0 -9999.9 1   -71.9 0 -9999.9 1 -9999.9 1 -9999.9 1 -9999.9 1   105.1 0 -9999.9 1
 1999 170  6 19  3 42  3.700 109.26    -4.1 0 -9999.9 1 -9999.9 1     0.3 0   284.3 0   300.1 0   298.3 0   357.6 0   286.6 0   286.5 0     0.0 0    -0.2 0 -9999.9 1   -73.2 0 -9999.9 1 -9999.9 1 -9999.9 1 -9999.9 1   106.2 0 -9999.9 1
 1999 170  6 19  3 48  3.800 109.86    -4.1 0 -9999.9 1 -9999.9 1     0.3 0   282.6 0   299.9 0   298.0 0   356.2 0   286.4 0   286.3 0     0.0 2    -0.2 0 -9999.9 1   -73.7 0 -9999.9 1 -9999.9 1 -9999.9 1 -9999.9 1   100.4 0 -9999.9 1
 1999 170  6 19  3 51  3.850 110.16    -4.2 0 -9999.9 1 -9999.9 1     0.3 0   281.3 0   299.7 0   297.9 0   355.4 0   286.3 0   286.2 0     0.0 2    -0.2 0 -9999.9 1   -74.1 0 -9999.9 1 -9999.9 1 -9999.9 1 -9999.9 1    97.0 0 -9999.9 1
 1999 170  6 19  3 54  3.900 110.45    -4.2 0 -9999.9 1 -9999.9 1     0.2 0   281.5 0   299.8 0   298.0 0   355.1 0   286.3 0   286.2 0     0.0 2    -0.2 0 -9999.9 1   -73.6 0 -9999.9 1 -9999.9 1 -9999.9 1 -9999.9 1    95.2 0 -9999.9 1
 1999 170  6 19  3 57  3.950 110.73    -4.1 0 -9999.9 1 -9999.9 1     0.2 0   282.5 0   299.8 0   298.1 0   355.5 0   286.4 0   286.3 0     0.0 2    -0.2 0 -9999.9 1   -73.0 0 -9999.9 1 -9999.9 1 -9999.9 1 -9999.9 1    94.4 0 -9999.9 1
 1999 170  6 19  4  3  4.050 111.28    -3.7 0 -9999.9 1 -9999.9 1     0.3 0   283.1 0   299.8 0   298.3 0   355.1 0   286.3 0   286.2 0     0.0 0    -0.1 0 -9999.9 1   -72.0 0 -9999.9 1 -9999.9 1 -9999.9 1 -9999.9 1    91.6 0 -9999.9 1
 1999 170  6 19  4  6  4.100 111.54    -3.5 0 -9999.9 1 -9999.9 1     0.6 0   282.0 0   299.8 0   298.3 0   354.8 0   286.2 0   286.1 0     0.0 2    -0.2 0 -9999.9 1   -72.8 0 -9999.9 1 -9999.9 1 -9999.9 1 -9999.9 1    94.5 0 -9999.9 1
 1999 170  6 19  4  9  4.150 111.80    -3.4 0 -9999.9 1 -9999.9 1     0.3 0   282.7 0   299.7 0   298.2 0   355.0 0   286.2 0   286.1 0     0.0 2    -0.2 0 -9999.9 1   -72.3 0 -9999.9 1 -9999.9 1 -9999.9 1 -9999.9 1    97.5 0 -9999.9 1
 1999 170  6 19  4 12  4.200 112.05    -3.6 0 -9999.9 1 -9999.9 1     0.2 0   284.1 0   299.7 0   298.0 0   355.0 0   286.2 0   286.1 0     0.0 2    -0.2 0 -9999.9 1   -70.9 0 -9999.9 1 -9999.9 1 -9999.9 1 -9999.9 1    95.2 0 -9999.9 1
 1999 170  6 19  4 18  4.300 112.54    -3.8 0 -9999.9 1 -9999.9 1     0.3 0   283.5 0   299.6 0   297.8 0   353.8 0   286.1 0   286.0 0     0.0 2    -0.1 0 -9999.9 1   -70.3 0 -9999.9 1 -9999.9 1 -9999.9 1 -9999.9 1    95.0 0 -9999.9 1
 1999 170  6 19  4 21  4.350 112.77    -4.0 0 -9999.9 1 -9999.9 1     0.3 0   284.3 0   299.5 0   297.7 0   354.1 0   286.0 0   285.9 0     0.0 2    -0.1 0 -9999.9 1   -69.8 0 -9999.9 1 -9999.9 1 -9999.9 1 -9999.9 1    95.6 0 -9999.9 1
 1999 170  6 19  4 24  4.400 113.00    -4.0 0 -9999.9 1 -9999.9 1     0.4 0   285.2 0   299.6 0   297.8 0   354.8 0   286.1 0   286.0 0     0.0 2    -0.2 0 -9999.9 1   -69.6 0 -9999.9 1 -9999.9 1 -9999.9 1 -9999.9 1    98.0 0 -9999.9 1
 1999 170  6 19  4 27  4.450 113.22    -3.9 0 -9999.9 1 -9999.9 1     0.4 0   285.8 0   299.6 0   297.8 0   354.9 0   286.1 0   286.0 0     0.0 2    -0.2 0 -9999.9 1   -69.1 0 -9999.9 1 -9999.9 1 -9999.9 1 -9999.9 1    98.1 0 -9999.9 1
 1999 170  6 19  4 33  4.550 113.64    -4.0 0 -9999.9 1 -9999.9 1    -0.1 0   286.6 0   299.7 0   298.3 0   355.2 0   286.2 0   286.0 0     0.0 2    -0.2 0 -9999.9 1   -68.6 0 -9999.9 1 -9999.9 1 -9999.9 1 -9999.9 1    99.9 0 -9999.9 1
 1999 170  6 19  4 36  4.600 113.84    -4.0 0 -9999.9 1 -9999.9 1    -0.1 0   286.4 0   299.8 0   298.4 0   355.4 0   286.1 0   286.0 0     0.0 2    -0.2 0 -9999.9 1   -68.9 0 -9999.9 1 -9999.9 1 -9999.9 1 -9999.9 1   103.1 0 -9999.9 1
 1999 170  6 19  4 39  4.650 114.04    -3.9 0 -9999.9 1 -9999.9 1    -0.3 0   287.3 0   299.9 0   298.6 0   356.0 0   286.1 0   285.9 0     0.0 0    -0.2 0 -9999.9 1   -68.6 0 -9999.9 1 -9999.9 1 -9999.9 1 -9999.9 1   104.7 0 -9999.9 1
 1999 170  6 19  4 42  4.700 114.22    -3.7 0 -9999.9 1 -9999.9 1    -0.3 0   288.4 0   299.9 0   298.5 0   356.0 0   286.0 0   285.9 0     0.0 2    -0.1 0 -9999.9 1   -67.6 0 -9999.9 1 -9999.9 1 -9999.9 1 -9999.9 1   104.2 0 -9999.9 1
 1999 170  6 19  4 48  4.800 114.58    -3.6 0 -9999.9 1 -9999.9 1    -0.1 0   290.9 0   300.0 0   298.7 0   356.7 0   286.0 0   285.9 0     0.0 0    -0.2 0 -9999.9 1   -65.8 0 -9999.9 1 -9999.9 1 -9999.9 1 -9999.9 1   109.1 0 -9999.9 1
 1999 170  6 19  4 51  4.850 114.74    -3.5 0 -9999.9 1 -9999.9 1     0.3 0   293.3 0   300.1 0   298.6 0   357.2 0   286.0 0   285.9 0     0.0 0    -0.1 0 -9999.9 1   -63.9 0 -9999.9 1 -9999.9 1 -9999.9 1 -9999.9 1   110.7 0 -9999.9 1
 1999 170  6 19  4 54  4.900 114.90    -3.4 0 -9999.9 1 -9999.9 1     0.2 0   295.7 0   300.1 0   298.4 0   357.7 0   286.0 0   286.0 0     0.0 0    -0.2 0 -9999.9 1   -61.9 0 -9999.9 1 -9999.9 1 -9999.9 1 -9999.9 1   109.0 0 -9999.9 1
 1999 170  6 19  4 57  4.950 115.05    -3.5 0 -9999.9 1 -9999.9 1    -0.1 0   297.3 0   300.1 0   298.5 0   358.6 0   286.1 0   286.0 0     0.0 0    -0.2 0 -9999.9 1   -61.3 0 -9999.9 1 -9999.9 1 -9999.9 1 -9999.9 1   109.3 0 -9999.9 1
 1999 170  6 19  5  3  5.050 115.34    -3.4 0 -9999.9 1 -9999.9 1    -0.3 0   296.6 0   300.0 0   298.3 0   358.9 0   286.1 0   286.0 0     0.0 0    -0.2 0 -9999.9 1   -62.2 0 -9999.9 1 -9999.9 1 -9999.9 1 -9999.9 1   111.4 0 -9999.9 1
 1999 170  6 19  5  6  5.100 115.47    -3.5 0 -9999.9 1 -9999.9 1    -0.3 0   295.3 0   299.9 0   298.2 0   358.4 0   286.0 0   285.9 0     0.0 0    -0.2 0 -9999.9 1   -63.1 0 -9999.9 1 -9999.9 1 -9999.9 1 -9999.9 1   117.6 0 -9999.9 1
 1999 170  6 19  5  9  5.150 115.59    -3.5 0 -9999.9 1 -9999.9 1    -0.3 0   296.1 0   300.0 0   298.2 0   358.8 0   286.1 0   286.0 0     0.0 0    -0.2 0 -9999.9 1   -62.6 0 -9999.9 1 -9999.9 1 -9999.9 1 -9999.9 1   120.7 0 -9999.9 1
 1999 170  6 19  5 12  5.200 115.71    -3.6 0 -9999.9 1 -9999.9 1    -0.4 0   294.9 0   299.8 0   297.9 0   358.3 0   285.9 0   285.9 0     0.0 0    -0.2 0 -9999.9 1   -63.4 0 -9999.9 1 -9999.9 1 -9999.9 1 -9999.9 1   119.1 0 -9999.9 1
 1999 170  6 19  5 18  5.300 115.91    -3.6 0 -9999.9 1 -9999.9 1    -0.4 0   295.9 0   299.7 0   297.7 0   359.2 0   286.0 0   285.9 0     0.0 0    -0.2 0 -9999.9 1   -63.3 0 -9999.9 1 -9999.9 1 -9999.9 1 -9999.9 1   117.2 0 -9999.9 1
 1999 170  6 19  5 21  5.350 116.01    -3.7 0 -9999.9 1 -9999.9 1    -0.5 0   297.7 0   299.7 0   297.8 0   359.8 0   286.1 0   286.0 0     0.0 0    -0.2 0 -9999.9 1   -62.1 0 -9999.9 1 -9999.9 1 -9999.9 1 -9999.9 1   114.4 0 -9999.9 1
 1999 170  6 19  5 24  5.400 116.09    -3.8 0 -9999.9 1 -9999.9 1    -0.5 0   298.1 0   299.6 0   297.8 0   359.1 0   286.0 0   285.9 0     0.0 0    -0.2 0 -9999.9 1   -61.0 0 -9999.9 1 -9999.9 1 -9999.9 1 -9999.9 1   112.4 0 -9999.9 1
 1999 170  6 19  5 27  5.450 116.17    -3.7 0 -9999.9 1 -9999.9 1    -0.2 0   298.7 0   299.5 0   297.8 0   358.7 0   285.9 0   285.8 0     0.0 0    -0.2 0 -9999.9 1   -60.0 0 -9999.9 1 -9999.9 1 -9999.9 1 -9999.9 1   111.9 0 -9999.9 1
 1999 170  6 19  5 33  5.550 116.31    -3.7 0 -9999.9 1 -9999.9 1     0.1 0   301.5 0   299.6 0   297.9 0   359.7 0   286.0 0   285.9 0     0.0 0    -0.1 0 -9999.9 1   -58.2 0 -9999.9 1 -9999.9 1 -9999.9 1 -9999.9 1   109.5 0 -9999.9 1
 1999 170  6 19  5 36  5.600 116.36    -3.8 0 -9999.9 1 -9999.9 1     0.1 0   300.5 0   299.5 0   297.8 0   359.3 0   285.9 0   285.8 0     0.0 0    -0.1 0 -9999.9 1   -58.8 0 -9999.9 1 -9999.9 1 -9999.9 1 -9999.9 1   112.7 0 -9999.9 1
 1999 170  6 19  5 39  5.650 116.41    -3.7 0 -9999.9 1 -9999.9 1     0.0 0   298.6 0   299.4 0   297.7 0   358.7 0   285.8 0   285.7 0     0.0 0    -0.2 0 -9999.9 1   -60.1 0 -9999.9 1 -9999.9 1 -9999.9 1 -9999.9 1   113.8 0 -9999.9 1
 1999 170  6 19  5 42  5.700 116.45    -3.8 0 -9999.9 1 -9999.9 1    -0.1 0   296.7 0   299.3 0   297.6 0   357.8 0   285.7 0   285.6 0     0.0 0    -0.1 0 -9999.9 1   -61.2 0 -9999.9 1 -9999.9 1 -9999.9 1 -9999.9 1   114.0 0 -9999.9 1
 1999 170  6 19  5 48  5.800 116.51    -3.7 0 -9999.9 1 -9999.9 1    -0.3 0   297.2 0   299.4 0   297.5 0   358.4 0   285.8 0   285.7 0     0.0 0    -0.2 0 -9999.9 1   -61.2 0 -9999.9 1 -9999.9 1 -9999.9 1 -9999.9 1   111.7 0 -9999.9 1
 1999 170  6 19  5 51  5.850 116.52    -4.0 0 -9999.9 1 -9999.9 1    -0.3 0   297.0 0   299.3 0   297.5 0   358.4 0   285.8 0   285.8 0     0.0 0    -0.1 0 -9999.9 1   -61.5 0 -9999.9 1 -9999.9 1 -9999.9 1 -9999.9 1   114.2 0 -9999.9 1
 1999 170  6 19  5 54  5.900 116.53    -3.7 0 -9999.9 1 -9999.9 1    -0.3 0   294.8 0   299.2 0   297.5 0   357.8 0   285.7 0   285.6 0     0.0 0    -0.2 0 -9999.9 1   -63.0 0 -9999.9 1 -9999.9 1 -9999.9 1 -9999.9 1   120.2 0 -9999.9 1
 1999 170  6 19  5 57  5.950 116.53    -3.8 0 -9999.9 1 -9999.9 1    -0.3 0   296.4 0   299.3 0   297.5 0   358.6 0   285.9 0   285.8 0     0.0 0    -0.2 0 -9999.9 1   -62.1 0 -9999.9 1 -9999.9 1 -9999.9 1 -9999.9 1   118.0 0 -9999.9 1
 1999 170  6 19  6  3  6.050 116.51    -3.9 0 -9999.9 1 -9999.9 1    -0.4 0   299.1 0   299.4 0   297.5 0   359.2 0   286.0 0   285.9 0     0.0 0    -0.1 0 -9999.9 1   -60.1 0 -9999.9 1 -9999.9 1 -9999.9 1 -9999.9 1   114.9 0 -9999.9 1
 1999 170  6 19  6  6  6.100 116.49    -3.8 0 -9999.9 1 -9999.9 1    -0.4 0   299.3 0   299.3 0   297.5 0   359.0 0   285.9 0   285.8 0     0.0 0    -0.2 0 -9999.9 1   -59.7 0 -9999.9 1 -9999.9 1 -9999.9 1 -9999.9 1   116.0 0 -9999.9 1
 1999 170  6 19  6  9  6.150 116.46    -3.8 0 -9999.9 1 -9999.9 1    -0.3 0   298.0 0   299.1 0   297.3 0   357.8 0   285.7 0   285.6 0     0.0 0    -0.1 0 -9999.9 1   -59.9 0 -9999.9 1 -9999.9 1 -9999.9 1 -9999.9 1   113.5 0 -9999.9 1
 1999 170  6 19  6 12  6.200 116.43    -3.7 0 -9999.9 1 -9999.9 1     0.0 0   297.8 0   299.1 0   297.2 0   357.4 0   285.6 0   285.5 0     0.0 0    -0.2 0 -9999.9 1   -59.6 0 -9999.9 1 -9999.9 1 -9999.9 1 -9999.9 1   109.2 0 -9999.9 1
 1999 170  6 19  6 18  6.300 116.33    -3.6 0 -9999.9 1 -9999.9 1     0.0 0   297.6 0   299.0 0   297.1 0   357.1 0   285.5 0   285.4 0     0.0 0    -0.2 0 -9999.9 1   -59.5 0 -9999.9 1 -9999.9 1 -9999.9 1 -9999.9 1   106.3 0 -9999.9 1
 1999 170  6 19  6 21  6.350 116.27    -3.6 0 -9999.9 1 -9999.9 1    -0.1 0   298.1 0   299.0 0   297.2 0   357.8 0   285.5 0   285.4 0     0.0 0    -0.2 0 -9999.9 1   -59.6 0 -9999.9 1 -9999.9 1 -9999.9 1 -9999.9 1   105.5 0 -9999.9 1
 1999 170  6 19  6 24  6.400 116.20    -3.6 0 -9999.9 1 -9999.9 1    -0.1 0   299.3 0   299.1 0   297.3 0   358.7 0   285.5 0   285.5 0     0.0 0    -0.2 0 -9999.9 1   -59.4 0 -9999.9 1 -9999.9 1 -9999.9 1 -9999.9 1   106.8 0 -9999.9 1
 1999 170  6 19  6 27  6.450 116.13    -3.6 0 -9999.9 1 -9999.9 1    -0.1 0   300.5 0   299.0 0   297.2 0   359.0 0   285.5 0   285.4 0     0.0 0    -0.1 0 -9999.9 1   -58.6 0 -9999.9 1 -9999.9 1 -9999.9 1 -9999.9 1   107.2 0 -9999.9 1
 1999 170  6 19  6 33  6.550 115.95    -3.5 0 -9999.9 1 -9999.9 1     0.0 0   302.8 0   298.8 0   297.0 0   359.5 0   285.3 0   285.2 0     0.0 0    -0.2 0 -9999.9 1   -56.7 0 -9999.9 1 -9999.9 1 -9999.9 1 -9999.9 1   103.7 0 -9999.9 1
 1999 170  6 19  6 36  6.600 115.86    -3.8 0 -9999.9 1 -9999.9 1    -0.1 0   305.1 0   298.9 0   297.0 0   360.5 0   285.3 0   285.2 0     0.0 0    -0.2 0 -9999.9 1   -55.4 0 -9999.9 1 -9999.9 1 -9999.9 1 -9999.9 1   102.8 0 -9999.9 1
 1999 170  6 19  6 39  6.650 115.75    -3.8 0 -9999.9 1 -9999.9 1    -0.1 0   305.2 0   298.8 0   297.0 0   359.9 0   285.2 0   285.1 0     0.0 0    -0.1 0 -9999.9 1   -54.7 0 -9999.9 1 -9999.9 1 -9999.9 1 -9999.9 1   101.0 0 -9999.9 1
 1999 170  6 19  6 42  6.700 115.64    -3.8 0 -9999.9 1 -9999.9 1     0.0 0   305.0 0   298.7 0   296.9 0   359.4 0   285.1 0   285.0 0     0.0 0    -0.1 0 -9999.9 1   -54.4 0 -9999.9 1 -9999.9 1 -9999.9 1 -9999.9 1    98.6 0 -9999.9 1
 1999 170  6 19  6 48  6.800 115.39    -3.7 0 -9999.9 1 -9999.9 1     0.2 0   306.1 0   298.7 0   297.0 0   360.2 0   285.1 0   285.0 0     0.0 0    -0.2 0 -9999.9 1   -54.1 0 -9999.9 1 -9999.9 1 -9999.9 1 -9999.9 1   102.0 0 -9999.9 1
 1999 170  6 19  6 51  6.850 115.26    -3.9 0 -9999.9 1 -9999.9 1     0.1 0   305.9 0   298.6 0   296.8 0   359.7 0   284.9 0   284.8 0     0.0 0    -0.1 0 -9999.9 1   -53.8 0 -9999.9 1 -9999.9 1 -9999.9 1 -9999.9 1   102.3 0 -9999.9 1
 1999 170  6 19  6 54  6.900 115.12    -3.8 0 -9999.9 1 -9999.9 1    -0.1 0   305.7 0   298.5 0   296.7 0   359.5 0   284.8 0   284.7 0     0.0 2    -0.1 0 -9999.9 1   -53.8 0 -9999.9 1 -9999.9 1 -9999.9 1 -9999.9 1   100.7 0 -9999.9 1
 1999 170  6 19  6 57  6.950 114.97    -3.8 0 -9999.9 1 -9999.9 1    -0.1 0   306.9 0   298.6 0   296.8 0   360.3 0   284.9 0   284.8 0     0.0 2    -0.1 0 -9999.9 1   -53.4 0 -9999.9 1 -9999.9 1 -9999.9 1 -9999.9 1   101.5 0 -9999.9 1
 1999 170  6 19  7  3  7.050 114.65    -3.8 0 -9999.9 1 -9999.9 1     0.1 0   309.4 0   298.6 0   296.8 0   361.4 0   284.9 0   284.8 0     0.0 0    -0.2 0 -9999.9 1   -52.0 0 -9999.9 1 -9999.9 1 -9999.9 1 -9999.9 1   101.7 0 -9999.9 1
 1999 170  6 19  7  6  7.100 114.48    -4.0 0 -9999.9 1 -9999.9 1     0.2 0   310.9 0   298.6 0   296.8 0   361.4 0   284.9 0   284.8 0     0.0 0    -0.1 0 -9999.9 1   -50.5 0 -9999.9 1 -9999.9 1 -9999.9 1 -9999.9 1   100.4 0 -9999.9 1
 1999 170  6 19  7  9  7.150 114.30    -4.1 0 -9999.9 1 -9999.9 1     0.3 0   310.2 0   298.5 0   296.8 0   360.9 0   284.8 0   284.7 0     0.0 0    -0.1 0 -9999.9 1   -50.8 0 -9999.9 1 -9999.9 1 -9999.9 1 -9999.9 1   101.5 0 -9999.9 1
 1999 170  6 19  7 12  7.200 114.12    -3.9 0 -9999.9 1 -9999.9 1     0.3 0   310.1 0   298.5 0   296.8 0   361.2 0   284.7 0   284.6 0     0.0 2    -0.1 0 -9999.9 1   -51.1 0 -9999.9 1 -9999.9 1 -9999.9 1 -9999.9 1   103.4 0 -9999.9 1
 1999 170  6 19  7 18  7.300 113.73    -3.9 0 -9999.9 1 -9999.9 1     0.2 0   308.2 0   298.4 0   296.7 0   360.8 0   284.6 0   284.5 0     0.0 2    -0.1 0 -9999.9 1   -52.6 0 -9999.9 1 -9999.9 1 -9999.9 1 -9999.9 1   104.0 0 -9999.9 1
 1999 170  6 19  7 21  7.350 113.52    -3.9 0 -9999.9 1 -9999.9 1     0.3 0   309.6 0   298.5 0   296.8 0   361.6 0   284.7 0   284.7 0     0.0 0    -0.1 0 -9999.9 1   -52.0 0 -9999.9 1 -9999.9 1 -9999.9 1 -9999.9 1   105.0 0 -9999.9 1
 1999 170  6 19  7 24  7.400 113.31    -3.8 0 -9999.9 1 -9999.9 1     0.4 0   312.8 0   298.7 0   297.0 0   362.9 0   284.9 0   284.8 0     0.0 0    -0.2 0 -9999.9 1   -50.1 0 -9999.9 1 -9999.9 1 -9999.9 1 -9999.9 1   108.4 0 -9999.9 1
 1999 170  6 19  7 27  7.450 113.09    -3.8 0 -9999.9 1 -9999.9 1     0.4 0   314.9 0   298.8 0   297.0 0   363.9 0   285.0 0   284.9 0     0.0 0    -0.2 0 -9999.9 1   -49.0 0 -9999.9 1 -9999.9 1 -9999.9 1 -9999.9 1   109.4 0 -9999.9 1
 1999 170  6 19  7 33  7.550 112.64    -3.9 0 -9999.9 1 -9999.9 1     0.2 0   314.1 0   298.7 0   296.9 0   363.9 0   284.9 0   284.8 0     0.0 0    -0.2 0 -9999.9 1   -49.8 0 -9999.9 1 -9999.9 1 -9999.9 1 -9999.9 1   108.5 0 -9999.9 1
 1999 170  6 19  7 36  7.600 112.40    -3.9 0 -9999.9 1 -9999.9 1     0.5 0   311.8 0   298.7 0   296.8 0   363.8 0   284.9 0   284.8 0     0.0 0    -0.2 0 -9999.9 1   -52.0 0 -9999.9 1 -9999.9 1 -9999.9 1 -9999.9 1   105.9 0 -9999.9 1
 1999 170  6 19  7 39  7.650 112.16    -3.8 0 -9999.9 1 -9999.9 1     0.5 0   309.7 0   298.8 0   297.0 0   364.4 0   285.0 0   285.0 0     0.0 0    -0.2 0 -9999.9 1   -54.8 0 -9999.9 1 -9999.9 1 -9999.9 1 -9999.9 1   109.2 0 -9999.9 1
 1999 170  6 19  7 42  7.700 111.91    -3.9 0 -9999.9 1 -9999.9 1     0.4 0   306.4 0   298.7 0   296.9 0   363.3 0   284.9 0   284.9 0     0.0 0    -0.2 0 -9999.9 1   -56.9 0 -9999.9 1 -9999.9 1 -9999.9 1 -9999.9 1   106.8 0 -9999.9 1
 1999 170  6 19  7 48  7.800 111.39    -3.9 0 -9999.9 1 -9999.9 1     0.2 0   297.4 0   298.5 0   296.8 0   360.4 0   284.7 0   284.6 0     0.0 0    -0.1 0 -9999.9 1   -63.0 0 -9999.9 1 -9999.9 1 -9999.9 1 -9999.9 1   108.0 0 -9999.9 1
 1999 170  6 19  7 51  7.850 111.12    -4.0 0 -9999.9 1 -9999.9 1     0.0 0   294.8 0   298.3 0   296.6 0   359.1 0   284.6 0   284.5 0     0.0 2    -0.1 0 -9999.9 1   -64.3 0 -9999.9 1 -9999.9 1 -9999.9 1 -9999.9 1   108.1 0 -9999.9 1
 1999 170  6 19  7 54  7.900 110.85    -3.8 0 -9999.9 1 -9999.9 1    -0.1 0   296.4 0   298.5 0   296.7 0   359.2 0   284.7 0   284.6 0     0.0 0    -0.1 0 -9999.9 1   -62.8 0 -9999.9 1 -9999.9 1 -9999.9 1 -9999.9 1   108.3 0 -9999.9 1
 1999 170  6 19  7 57  7.950 110.57    -3.7 0 -9999.9 1 -9999.9 1    -0.2 0   298.5 0   298.5 0   296.8 0   359.5 0   284.8 0   284.7 0     0.0 0    -0.2 0 -9999.9 1   -61.0 0 -9999.9 1 -9999.9 1 -9999.9 1 -9999.9 1   110.4 0 -9999.9 1
 1999 170  6 19  8  3  8.050 109.99    -3.6 0 -9999.9 1 -9999.9 1    -0.3 0   300.9 0   298.5 0   296.8 0   359.3 0   284.8 0   284.7 0     0.0 0    -0.1 0 -9999.9 1   -58.4 0 -9999.9 1 -9999.9 1 -9999.9 1 -9999.9 1   109.6 0 -9999.9 1
 1999 170  6 19  8  6  8.100 109.69    -3.4 0 -9999.9 1 -9999.9 1    -0.1 0   304.8 0   298.6 0   296.9 0   359.9 0   284.9 0   284.8 0     0.0 0    -0.2 0 -9999.9 1   -55.1 0 -9999.9 1 -9999.9 1 -9999.9 1 -9999.9 1   109.8 0 -9999.9 1
 1999 170  6 19  8  9  8.150 109.39    -3.2 0 -9999.9 1 -9999.9 1    -0.1 0   308.2 0   298.6 0   296.9 0   360.1 0   284.9 0   284.8 0     0.0 0    -0.2 0 -9999.9 1   -52.0 0 -9999.9 1 -9999.9 1 -9999.9 1 -9999.9 1   108.3 0 -9999.9 1
 1999 170  6 19  8 12  8.200 109.08    -3.6 0 -9999.9 1 -9999.9 1     0.2 0   310.0 0   298.4 0   296.7 0   360.0 0   284.7 0   284.6 0     0.0 0    -0.1 0 -9999.9 1   -50.1 0 -9999.9 1 -9999.9 1 -9999.9 1 -9999.9 1   107.5 0 -9999.9 1
 1999 170  6 19  8 18  8.300 108.45    -3.6 0 -9999.9 1 -9999.9 1     0.3 0   312.8 0   298.3 0   296.5 0   360.6 0   284.5 0   284.4 0     0.0 0    -0.1 0 -9999.9 1   -47.7 0 -9999.9 1 -9999.9 1 -9999.9 1 -9999.9 1   107.3 0 -9999.9 1
 1999 170  6 19  8 21  8.350 108.12    -3.6 0 -9999.9 1 -9999.9 1     0.3 0   313.1 0   298.3 0   296.5 0   360.6 0   284.4 0   284.3 0     0.0 2    -0.2 0 -9999.9 1   -47.6 0 -9999.9 1 -9999.9 1 -9999.9 1 -9999.9 1   107.2 0 -9999.9 1
 1999 170  6 19  8 24  8.400 107.79    -4.0 0 -9999.9 1 -9999.9 1     0.4 0   312.6 0   298.3 0   296.5 0   360.6 0   284.3 0   284.2 0     0.0 2    -0.1 0 -9999.9 1   -48.0 0 -9999.9 1 -9999.9 1 -9999.9 1 -9999.9 1   108.4 0 -9999.9 1
 1999 170  6 19  8 27  8.450 107.46    -3.8 0 -9999.9 1 -9999.9 1     0.4 0   312.7 0   298.3 0   296.5 0   361.0 0   284.3 0   284.2 0     0.0 2    -0.2 0 -9999.9 1   -48.2 0 -9999.9 1 -9999.9 1 -9999.9 1 -9999.9 1   108.7 0 -9999.9 1
 1999 170  6 19  8 33  8.550 106.77    -3.9 0 -9999.9 1 -9999.9 1     0.4 0   313.6 0   298.3 0   296.5 0   361.9 0   284.3 0   284.2 0     0.0 2    -0.2 0 -9999.9 1   -48.3 0 -9999.9 1 -9999.9 1 -9999.9 1 -9999.9 1   112.2 0 -9999.9 1
 1999 170  6 19  8 36  8.600 106.42    -4.0 0 -9999.9 1 -9999.9 1     0.3 0   314.1 0   298.3 0   296.5 0   362.1 0   284.3 0   284.2 0     0.0 2    -0.1 0 -9999.9 1   -48.0 0 -9999.9 1 -9999.9 1 -9999.9 1 -9999.9 1   113.1 0 -9999.9 1
 1999 170  6 19  8 39  8.650 106.07    -4.0 0 -9999.9 1 -9999.9 1     0.4 0   314.4 0   298.3 0   296.4 0   362.1 0   284.3 0   284.2 0     0.0 2    -0.1 0 -9999.9 1   -47.7 0 -9999.9 1 -9999.9 1 -9999.9 1 -9999.9 1   111.8 0 -9999.9 1
 1999 170  6 19  8 42  8.700 105.71    -3.8 0 -9999.9 1 -9999.9 1     0.3 0   314.1 0   298.3 0   296.5 0   362.5 0   284.3 0   284.3 0     0.0 2    -0.2 0 -9999.9 1   -48.4 0 -9999.9 1 -9999.9 1 -9999.9 1 -9999.9 1   112.6 0 -9999.9 1
 1999 170  6 19  8 48  8.800 104.97    -3.8 0 -9999.9 1 -9999.9 1     0.3 0   313.4 0   298.2 0   296.4 0   362.1 0   284.3 0   284.2 0     0.0 2    -0.1 0 -9999.9 1   -48.6 0 -9999.9 1 -9999.9 1 -9999.9 1 -9999.9 1   116.9 0 -9999.9 1
 1999 170  6 19  8 51  8.850 104.60    -3.6 0 -9999.9 1 -9999.9 1     0.3 0   313.1 0   298.1 0   296.4 0   361.5 0   284.2 0   284.1 0     0.0 2    -0.2 0 -9999.9 1   -48.4 0 -9999.9 1 -9999.9 1 -9999.9 1 -9999.9 1   116.6 0 -9999.9 1
 1999 170  6 19  8 54  8.900 104.22    -3.7 0 -9999.9 1 -9999.9 1     0.2 0   313.8 0   298.1 0   296.3 0   361.5 0   284.2 0   284.1 0     0.0 2    -0.2 0 -9999.9 1   -47.6 0 -9999.9 1 -9999.9 1 -9999.9 1 -9999.9 1   116.4 0 -9999.9 1
 1999 170  6 19  8 57  8.950 103.84    -3.5 0 -9999.9 1 -9999.9 1     0.3 0   315.6 0   298.2 0   296.5 0   362.2 0   284.3 0   284.2 0     0.0 2    -0.2 0 -9999.9 1   -46.5 0 -9999.9 1 -9999.9 1 -9999.9 1 -9999.9 1   115.3 0 -9999.9 1
 1999 170  6 19  9  3  9.050 103.06    -3.4 0 -9999.9 1 -9999.9 1     0.3 0   316.7 0   298.2 0   296.6 0   362.7 0   284.4 0   284.3 0     0.0 0    -0.2 0 -9999.9 1   -46.0 0 -9999.9 1 -9999.9 1 -9999.9 1 -9999.9 1   120.2 0 -9999.9 1
 1999 170  6 19  9  6  9.100 102.66    -3.6 0 -9999.9 1 -9999.9 1     0.4 0   318.2 0   298.3 0   296.5 0   363.7 0   284.5 0   284.4 0     0.0 0    -0.1 0 -9999.9 1   -45.4 0 -9999.9 1 -9999.9 1 -9999.9 1 -9999.9 1   121.0 0 -9999.9 1
 1999 170  6 19  9  9  9.150 102.26    -3.7 0 -9999.9 1 -9999.9 1     0.5 0   319.5 0   298.4 0   296.6 0   364.7 0   284.6 0   284.6 0     0.0 0    -0.1 0 -9999.9 1   -45.2 0 -9999.9 1 -9999.9 1 -9999.9 1 -9999.9 1   121.0 0 -9999.9 1
 1999 170  6 19  9 12  9.200 101.86    -3.9 0 -9999.9 1 -9999.9 1     0.5 0   319.5 0   298.4 0   296.5 0   364.7 0   284.7 0   284.6 0     0.0 0    -0.1 0 -9999.9 1   -45.2 0 -9999.9 1 -9999.9 1 -9999.9 1 -9999.9 1   122.7 0 -9999.9 1
 1999 170  6 19  9 18  9.300 101.04    -4.0 0 -9999.9 1 -9999.9 1     0.7 0   317.8 0   298.4 0   296.4 0   364.7 0   284.7 0   284.7 0     0.0 0    -0.1 0 -9999.9 1   -46.9 0 -9999.9 1 -9999.9 1 -9999.9 1 -9999.9 1   126.9 0 -9999.9 1
 1999 170  6 19  9 21  9.350 100.62    -4.2 0 -9999.9 1 -9999.9 1     0.7 0   319.0 0   298.4 0   296.4 0   365.5 0   284.8 0   284.8 0     0.0 0    -0.1 0 -9999.9 1   -46.5 0 -9999.9 1 -9999.9 1 -9999.9 1 -9999.9 1   128.3 0 -9999.9 1
 1999 170  6 19  9 24  9.400 100.20    -4.2 0 -9999.9 1 -9999.9 1     0.8 0   319.7 0   298.4 0   296.5 0   365.4 0   284.9 0   284.8 0     0.0 0    -0.2 0 -9999.9 1   -45.7 0 -9999.9 1 -9999.9 1 -9999.9 1 -9999.9 1   128.7 0 -9999.9 1
 1999 170  6 19  9 27  9.450  99.78    -4.2 0 -9999.9 1 -9999.9 1     0.9 0   321.6 0   298.4 0   296.5 0   365.7 0   284.9 0   284.9 0     0.0 0    -0.1 0 -9999.9 1   -44.1 0 -9999.9 1 -9999.9 1 -9999.9 1 -9999.9 1   129.8 0 -9999.9 1
 1999 170  6 19  9 33  9.550  98.92    -4.0 0 -9999.9 1 -9999.9 1     1.1 0   321.7 0   298.2 0   296.4 0   365.1 0   284.9 0   284.8 0     0.0 0    -0.2 0 -9999.9 1   -43.5 0 -9999.9 1 -9999.9 1 -9999.9 1 -9999.9 1   129.2 0 -9999.9 1
 1999 170  6 19  9 36  9.600  98.49    -3.9 0 -9999.9 1 -9999.9 1     0.8 0   319.9 0   298.0 0   296.2 0   364.2 0   284.7 0   284.7 0     0.0 0    -0.1 0 -9999.9 1   -44.3 0 -9999.9 1 -9999.9 1 -9999.9 1 -9999.9 1   127.3 0 -9999.9 1
 1999 170  6 19  9 39  9.650  98.05    -3.9 0 -9999.9 1 -9999.9 1     0.7 0   321.2 0   298.1 0   296.3 0   364.7 0   284.8 0   284.8 0     0.0 0    -0.2 0 -9999.9 1   -43.6 0 -9999.9 1 -9999.9 1 -9999.9 1 -9999.9 1   126.6 0 -9999.9 1
 1999 170  6 19  9 42  9.700  97.61    -3.9 0 -9999.9 1 -9999.9 1     0.6 0   321.9 0   298.1 0   296.3 0   365.2 0   284.9 0   284.9 0     0.0 0    -0.1 0 -9999.9 1   -43.3 0 -9999.9 1 -9999.9 1 -9999.9 1 -9999.9 1   126.7 0 -9999.9 1
 1999 170  6 19  9 48  9.800  96.72    -4.0 0 -9999.9 1 -9999.9 1     0.5 0   319.0 0   297.8 0   296.1 0   363.6 0   284.7 0   284.6 0     0.0 0    -0.1 0 -9999.9 1   -44.7 0 -9999.9 1 -9999.9 1 -9999.9 1 -9999.9 1   124.7 0 -9999.9 1
 1999 170  6 19  9 51  9.850  96.27    -3.7 0 -9999.9 1 -9999.9 1     0.4 0   319.1 0   297.8 0   296.0 0   363.7 0   284.6 0   284.6 0     0.0 0    -0.1 0 -9999.9 1   -44.5 0 -9999.9 1 -9999.9 1 -9999.9 1 -9999.9 1   121.1 0 -9999.9 1
 1999 170  6 19  9 54  9.900  95.81    -3.8 0 -9999.9 1 -9999.9 1     0.4 0   319.5 0   297.7 0   296.0 0   363.5 0   284.6 0   284.5 0     0.0 0    -0.1 0 -9999.9 1   -44.0 0 -9999.9 1 -9999.9 1 -9999.9 1 -9999.9 1   120.1 0 -9999.9 1
 1999 170  6 19  9 57  9.950  95.35    -3.7 0 -9999.9 1 -9999.9 1     0.4 0   320.1 0   297.7 0   296.0 0   363.4 0   284.6 0   284.5 0     0.0 0    -0.1 0 -9999.9 1   -43.3 0 -9999.9 1 -9999.9 1 -9999.9 1 -9999.9 1   119.0 0 -9999.9 1
 1999 170  6 19 10  3 10.050  94.43    -3.6 0 -9999.9 1 -9999.9 1     0.4 0   320.9 0   297.7 0   296.0 0   363.4 0   284.5 0   284.4 0     0.0 0    -0.1 0 -9999.9 1   -42.5 0 -9999.9 1 -9999.9 1 -9999.9 1 -9999.9 1   118.8 0 -9999.9 1
 1999 170  6 19 10  6 10.100  93.96    -3.4 0 -9999.9 1 -9999.9 1     0.4 0   320.5 0   297.7 0   296.0 0   363.3 0   284.5 0   284.4 0     0.0 2    -0.1 0 -9999.9 1   -42.8 0 -9999.9 1 -9999.9 1 -9999.9 1 -9999.9 1   118.6 0 -9999.9 1
 1999 170  6 19 10  9 10.150  93.49    -3.4 0 -9999.9 1 -9999.9 1     0.5 0   321.1 0   297.7 0   296.0 0   363.2 0   284.4 0   284.4 0     0.0 0    -0.1 0 -9999.9 1   -42.1 0 -9999.9 1 -9999.9 1 -9999.9 1 -9999.9 1   117.3 0 -9999.9 1
 1999 170  6 19 10 12 10.200  93.02    -3.3 0 -9999.9 1 -9999.9 1     0.6 0   320.9 0   297.7 0   296.1 0   363.1 0   284.4 0   284.3 0     0.0 2     0.0 0 -9999.9 1   -42.2 0 -9999.9 1 -9999.9 1 -9999.9 1 -9999.9 1   116.7 0 -9999.9 1
 1999 170  6 19 10 18 10.300  92.07    -2.9 0 -9999.9 1 -9999.9 1     0.8 0   325.5 0   298.0 0   296.1 0   365.2 0   284.7 0   284.6 0     0.0 0     0.1 0 -9999.9 1   -39.7 0 -9999.9 1 -9999.9 1 -9999.9 1 -9999.9 1   106.8 0 -9999.9 1
 1999 170  6 19 10 21 10.350  91.59    -2.9 0 -9999.9 1 -9999.9 1     1.1 0   327.0 0   298.2 0   296.4 0   366.2 0   284.8 0   284.7 0     0.0 0     0.2 0 -9999.9 1   -39.2 0 -9999.9 1 -9999.9 1 -9999.9 1 -9999.9 1   113.6 0 -9999.9 1
 1999 170  6 19 10 24 10.400  91.10    -2.8 0 -9999.9 1 -9999.9 1     1.3 0   327.2 0   298.2 0   296.3 0   366.2 0   284.8 0   284.7 0     0.0 0     0.3 0 -9999.9 1   -38.9 0 -9999.9 1 -9999.9 1 -9999.9 1 -9999.9 1   110.4 0 -9999.9 1
 1999 170  6 19 10 27 10.450  89.90    -2.8 0 -9999.9 1 -9999.9 1     1.6 0   326.5 0   298.1 0   296.3 0   365.3 0   284.7 0   284.6 0    -0.1 0     0.4 0 -9999.9 1   -38.8 0 -9999.9 1 -9999.9 1 -9999.9 1 -9999.9 1    98.2 0 -9999.9 1
 1999 170  6 19 10 33 10.550  89.15    -1.6 0 -9999.9 1 -9999.9 1     3.7 0   326.5 0   298.1 0   296.4 0   365.2 0   284.6 0   284.5 0     0.0 0     0.8 0 -9999.9 1   -38.7 0 -9999.9 1 -9999.9 1 -9999.9 1 -9999.9 1   100.4 0 -9999.9 1
 1999 170  6 19 10 36 10.600  88.73    -1.0 0 -9999.9 1 -9999.9 1     5.0 0   327.2 0   298.2 0   296.3 0   365.7 0   284.6 0   284.6 0     0.0 0     1.1 0 -9999.9 1   -38.5 0 -9999.9 1 -9999.9 1 -9999.9 1 -9999.9 1   101.3 0 -9999.9 1
 1999 170  6 19 10 39 10.650  88.29    -0.1 0 -9999.9 1 -9999.9 1     5.8 0   327.2 0   298.1 0   296.3 0   365.1 0   284.5 0   284.4 0     0.1 0     1.5 0 -9999.9 1   -38.0 0 -9999.9 1 -9999.9 1 -9999.9 1 -9999.9 1   100.7 0 -9999.9 1
 1999 170  6 19 10 42 10.700  87.84     1.4 0 -9999.9 1 -9999.9 1     7.0 0   327.0 0   298.1 0   296.3 0   365.5 0   284.5 0   284.4 0     0.1 0     2.0 0 -9999.9 1   -38.6 0 -9999.9 1 -9999.9 1 -9999.9 1 -9999.9 1   102.6 0 -9999.9 1
 1999 170  6 19 10 48 10.800  86.90     4.6 0 -9999.9 1 -9999.9 1    10.7 0   327.4 0   298.0 0   296.1 0   365.6 0   284.4 0   284.3 0     0.2 0     3.4 0 -9999.9 1   -38.2 0 -9999.9 1 -9999.9 1 -9999.9 1 -9999.9 1    99.1 0 -9999.9 1
 1999 170  6 19 10 51 10.850  86.42     6.7 0 -9999.9 1 -9999.9 1    13.3 0   325.5 0   297.9 0   296.0 0   365.2 0   284.3 0   284.2 0     0.3 2     4.3 0 -9999.9 1   -39.7 0 -9999.9 1 -9999.9 1 -9999.9 1 -9999.9 1   102.4 0 -9999.9 1
 1999 170  6 19 10 54 10.900  85.94     9.2 0 -9999.9 1 -9999.9 1    15.9 0   323.8 0   297.8 0   296.0 0   365.0 0   284.2 0   284.2 0     0.5 2     5.5 0 -9999.9 1   -41.1 0 -9999.9 1 -9999.9 1 -9999.9 1 -9999.9 1   101.3 0 -9999.9 1
 1999 170  6 19 10 57 10.950  85.44    12.4 0 -9999.9 1 -9999.9 1    18.8 0   320.9 0   297.8 0   295.9 0   364.9 0   284.2 0   284.2 0     0.7 2     6.9 0 -9999.9 1   -44.0 0 -9999.9 1 -9999.9 1 -9999.9 1 -9999.9 1    99.9 0 -9999.9 1
 1999 170  6 19 11  3 11.050  84.45    20.1 0 -9999.9 1 -9999.9 1    25.9 0   313.2 0   297.8 0   296.1 0   365.3 0   284.3 0   284.3 0     1.0 2    10.4 0 -9999.9 1   -52.1 0 -9999.9 1 -9999.9 1 -9999.9 1 -9999.9 1   104.3 0 -9999.9 1
 1999 170  6 19 11  6 11.100  83.94    24.6 0 -9999.9 1 -9999.9 1    30.7 0   310.3 0   297.8 0   296.1 0   365.2 0   284.3 0   284.3 0     1.2 2    12.4 0 -9999.9 1   -54.9 0 -9999.9 1 -9999.9 1 -9999.9 1 -9999.9 1   100.3 0 -9999.9 1
 1999 170  6 19 11  9 11.150  83.43    28.9 0 -9999.9 1 -9999.9 1    34.7 0   309.1 0   297.8 0   296.0 0   365.2 0   284.3 0   284.2 0     1.4 2    14.4 0 -9999.9 1   -56.1 0 -9999.9 1 -9999.9 1 -9999.9 1 -9999.9 1   102.7 0 -9999.9 1
 1999 170  6 19 11 12 11.200  82.92    32.6 0 -9999.9 1 -9999.9 1    38.2 0   310.0 0   297.8 0   296.0 0   366.0 0   284.3 0   284.3 0     1.6 2    16.0 0 -9999.9 1   -56.0 0 -9999.9 1 -9999.9 1 -9999.9 1 -9999.9 1   106.2 0 -9999.9 1
 1999 170  6 19 11 18 11.300  81.89    38.7 0 -9999.9 1 -9999.9 1    44.5 0   315.1 0   297.9 0   296.1 0   368.1 0   284.6 0   284.5 0     2.1 0    18.8 0 -9999.9 1   -53.0 0 -9999.9 1 -9999.9 1 -9999.9 1 -9999.9 1   106.2 0 -9999.9 1
 1999 170  6 19 11 21 11.350  81.37    41.4 0 -9999.9 1 -9999.9 1    47.3 0   316.6 0   298.0 0   296.2 0   368.9 0   284.6 0   284.6 0     2.3 0    20.1 0 -9999.9 1   -52.3 0 -9999.9 1 -9999.9 1 -9999.9 1 -9999.9 1   106.7 0 -9999.9 1
 1999 170  6 19 11 24 11.400  80.85    44.7 0 -9999.9 1 -9999.9 1    50.3 0   319.1 0   298.1 0   296.3 0   369.9 0   284.8 0   284.7 0     2.5 0    21.5 0 -9999.9 1   -50.8 0 -9999.9 1 -9999.9 1 -9999.9 1 -9999.9 1   108.8 0 -9999.9 1
 1999 170  6 19 11 27 11.450  80.33    48.6 0 -9999.9 1 -9999.9 1    54.5 0   320.7 0   298.2 0   296.5 0   371.1 0   284.9 0   284.9 0     2.7 0    23.1 0 -9999.9 1   -50.4 0 -9999.9 1 -9999.9 1 -9999.9 1 -9999.9 1   105.3 0 -9999.9 1
 1999 170  6 19 11 33 11.550  79.27    56.5 0 -9999.9 1 -9999.9 1    62.6 0   323.4 0   298.4 0   296.8 0   373.3 0   285.2 0   285.2 0     3.2 0    26.4 0 -9999.9 1   -50.0 0 -9999.9 1 -9999.9 1 -9999.9 1 -9999.9 1    98.6 0 -9999.9 1
 1999 170  6 19 11 36 11.600  78.74    59.7 0 -9999.9 1 -9999.9 1    65.9 0   325.6 0   298.5 0   296.8 0   374.2 0   285.3 0   285.2 0     3.5 0    27.9 0 -9999.9 1   -48.6 0 -9999.9 1 -9999.9 1 -9999.9 1 -9999.9 1    95.8 0 -9999.9 1
 1999 170  6 19 11 39 11.650  78.21    62.6 0 -9999.9 1 -9999.9 1    69.2 0   327.0 0   298.6 0   297.0 0   375.0 0   285.3 0   285.3 0     3.8 0    29.3 0 -9999.9 1   -48.0 0 -9999.9 1 -9999.9 1 -9999.9 1 -9999.9 1   100.2 0 -9999.9 1
 1999 170  6 19 11 42 11.700  77.67    67.0 0 -9999.9 1 -9999.9 1    73.5 0   325.4 0   298.6 0   296.9 0   375.0 0   285.3 0   285.3 0     4.0 0    31.2 0 -9999.9 1   -49.6 0 -9999.9 1 -9999.9 1 -9999.9 1 -9999.9 1   102.5 0 -9999.9 1
 1999 170  6 19 11 48 11.800  76.60    76.8 0 -9999.9 1 -9999.9 1    82.9 0   327.1 0   298.6 0   296.8 0   375.8 0   285.3 0   285.3 0     4.6 0    35.5 0 -9999.9 1   -48.8 0 -9999.9 1 -9999.9 1 -9999.9 1 -9999.9 1   102.3 0 -9999.9 1
 1999 170  6 19 11 51 11.850  76.06    80.1 0 -9999.9 1 -9999.9 1    86.5 0   328.6 0   298.7 0   297.0 0   376.9 0   285.5 0   285.5 0     4.9 0    37.0 0 -9999.9 1   -48.3 0 -9999.9 1 -9999.9 1 -9999.9 1 -9999.9 1   101.2 0 -9999.9 1
 1999 170  6 19 11 54 11.900  75.52    82.5 0 -9999.9 1 -9999.9 1    88.9 0   327.9 0   298.8 0   297.1 0   377.4 0   285.5 0   285.5 0     5.2 0    38.1 0 -9999.9 1   -49.4 0 -9999.9 1 -9999.9 1 -9999.9 1 -9999.9 1   101.3 0 -9999.9 1
 1999 170  6 19 11 57 11.950  74.98    84.8 0 -9999.9 1 -9999.9 1    91.1 0   328.4 0   298.9 0   297.3 0   378.2 0   285.6 0   285.6 0     5.5 0    39.1 0 -9999.9 1   -49.8 0 -9999.9 1 -9999.9 1 -9999.9 1 -9999.9 1   101.2 0 -9999.9 1
 1999 170  6 19 12  3 12.050  73.89    92.1 0 -9999.9 1 -9999.9 1    98.0 0   328.6 0   298.9 0   297.2 0   378.3 0   285.7 0   285.7 0     6.3 0    42.5 0 -9999.9 1   -49.7 0 -9999.9 1 -9999.9 1 -9999.9 1 -9999.9 1   103.4 0 -9999.9 1
 1999 170  6 19 12  6 12.100  73.34    95.9 0 -9999.9 1 -9999.9 1   101.2 0   330.5 0   299.1 0   297.3 0   379.2 0   285.9 0   285.9 0     6.8 0    44.2 0 -9999.9 1   -48.7 0 -9999.9 1 -9999.9 1 -9999.9 1 -9999.9 1   108.0 0 -9999.9 1
 1999 170  6 19 12  9 12.150  72.79   101.5 0 -9999.9 1 -9999.9 1   106.5 0   330.3 0   299.2 0   297.6 0   379.9 0   286.0 0   286.0 0     7.4 0    46.6 0 -9999.9 1   -49.6 0 -9999.9 1 -9999.9 1 -9999.9 1 -9999.9 1   109.3 0 -9999.9 1
 1999 170  6 19 12 12 12.200  72.24   106.9 0 -9999.9 1 -9999.9 1   112.9 0   330.4 0   299.2 0   297.5 0   380.2 0   286.0 0   286.1 0     7.9 0    48.9 0 -9999.9 1   -49.8 0 -9999.9 1 -9999.9 1 -9999.9 1 -9999.9 1   110.5 0 -9999.9 1
 1999 170  6 19 12 18 12.300  71.14   119.1 0 -9999.9 1 -9999.9 1   124.6 0   328.8 0   299.2 0   297.4 0   380.8 0   286.0 0   286.0 0     9.0 0    54.4 0 -9999.9 1   -52.0 0 -9999.9 1 -9999.9 1 -9999.9 1 -9999.9 1   121.7 0 -9999.9 1
 1999 170  6 19 12 21 12.350  70.59   126.3 0 -9999.9 1 -9999.9 1   130.2 0   326.5 0   299.0 0   297.3 0   381.0 0   285.9 0   285.9 0     9.6 0    57.6 0 -9999.9 1   -54.5 0 -9999.9 1 -9999.9 1 -9999.9 1 -9999.9 1   126.1 0 -9999.9 1
 1999 170  6 19 12 24 12.400  70.03   133.2 0 -9999.9 1 -9999.9 1   134.7 0   326.8 0   299.1 0   297.5 0   381.7 0   286.0 0   286.1 0    10.4 0    60.7 0 -9999.9 1   -54.9 0 -9999.9 1 -9999.9 1 -9999.9 1 -9999.9 1   129.4 0 -9999.9 1
 1999 170  6 19 12 27 12.450  69.48   138.5 0 -9999.9 1 -9999.9 1   137.4 0   329.8 0   299.2 0   297.5 0   382.4 0   286.2 0   286.2 0    10.6 0    63.0 0 -9999.9 1   -52.6 0 -9999.9 1 -9999.9 1 -9999.9 1 -9999.9 1   130.7 0 -9999.9 1
 1999 170  6 19 12 33 12.550  68.37   139.4 0 -9999.9 1 -9999.9 1   141.5 0   331.8 0   299.3 0   297.5 0   383.0 0   286.4 0   286.4 0    11.2 0    63.4 0 -9999.9 1   -51.2 0 -9999.9 1 -9999.9 1 -9999.9 1 -9999.9 1   121.9 0 -9999.9 1
 1999 170  6 19 12 36 12.600  67.81   143.5 0 -9999.9 1 -9999.9 1   145.4 0   332.9 0   299.4 0   297.6 0   383.2 0   286.5 0   286.5 0    11.6 0    64.8 0 -9999.9 1   -50.3 0 -9999.9 1 -9999.9 1 -9999.9 1 -9999.9 1   121.4 0 -9999.9 1
 1999 170  6 19 12 39 12.650  67.25   148.4 0 -9999.9 1 -9999.9 1   150.2 0   333.9 0   299.5 0   297.6 0   384.0 0   286.6 0   286.6 0    12.0 0    66.6 0 -9999.9 1   -50.1 0 -9999.9 1 -9999.9 1 -9999.9 1 -9999.9 1   122.2 0 -9999.9 1
 1999 170  6 19 12 42 12.700  66.69   151.4 0 -9999.9 1 -9999.9 1   152.6 0   334.8 0   299.5 0   297.7 0   384.8 0   286.7 0   286.8 0    12.6 0    68.3 0 -9999.9 1   -50.0 0 -9999.9 1 -9999.9 1 -9999.9 1 -9999.9 1   120.9 0 -9999.9 1
 1999 170  6 19 12 48 12.800  65.56   151.5 0 -9999.9 1 -9999.9 1   154.6 0   332.6 0   299.5 0   297.7 0   385.0 0   286.8 0   286.9 0    13.8 0    68.6 0 -9999.9 1   -52.4 0 -9999.9 1 -9999.9 1 -9999.9 1 -9999.9 1   119.6 0 -9999.9 1
 1999 170  6 19 12 51 12.850  65.00   156.9 0 -9999.9 1 -9999.9 1   160.1 0   330.3 0   299.5 0   297.7 0   385.5 0   286.9 0   286.9 0    14.8 0    71.1 0 -9999.9 1   -55.2 0 -9999.9 1 -9999.9 1 -9999.9 1 -9999.9 1   125.7 0 -9999.9 1
 1999 170  6 19 12 54 12.900  64.44   173.3 0 -9999.9 1 -9999.9 1   176.7 0   329.8 0   299.6 0   297.7 0   386.6 0   287.0 0   287.0 0    16.3 0    78.4 0 -9999.9 1   -56.8 0 -9999.9 1 -9999.9 1 -9999.9 1 -9999.9 1   123.1 0 -9999.9 1
 1999 170  6 19 12 57 12.950  63.87   197.6 0 -9999.9 1 -9999.9 1   200.5 0   329.6 0   299.6 0   297.9 0   388.7 0   287.1 0   287.2 0    18.2 0    89.1 0 -9999.9 1   -59.1 0 -9999.9 1 -9999.9 1 -9999.9 1 -9999.9 1   118.9 0 -9999.9 1
 1999 170  6 19 13  3 13.050  62.74   240.1 0 -9999.9 1 -9999.9 1   235.9 0   333.2 0   300.0 0   298.4 0   393.6 0   287.5 0   287.6 0    21.1 0   108.4 0 -9999.9 1   -60.4 0 -9999.9 1 -9999.9 1 -9999.9 1 -9999.9 1   117.2 0 -9999.9 1
 1999 170  6 19 13  6 13.100  62.17   250.7 0 -9999.9 1 -9999.9 1   237.8 0   334.4 0   300.1 0   298.5 0   394.4 0   287.6 0   287.8 0    22.0 0   113.8 0 -9999.9 1   -60.0 0 -9999.9 1 -9999.9 1 -9999.9 1 -9999.9 1   122.3 0 -9999.9 1
 1999 170  6 19 13  9 13.150  61.60   240.9 0 -9999.9 1 -9999.9 1   233.1 0   334.3 0   300.2 0   298.6 0   396.4 0   287.8 0   287.9 0    22.7 0   109.7 0 -9999.9 1   -62.1 0 -9999.9 1 -9999.9 1 -9999.9 1 -9999.9 1   125.2 0 -9999.9 1
 1999 170  6 19 13 12 13.200  61.04   238.8 0 -9999.9 1 -9999.9 1   238.2 0   334.2 0   300.4 0   298.8 0   396.7 0   288.0 0   288.1 0    23.8 0   108.7 0 -9999.9 1   -62.5 0 -9999.9 1 -9999.9 1 -9999.9 1 -9999.9 1   127.0 0 -9999.9 1
 1999 170  6 19 13 18 13.300  59.90   269.8 0 -9999.9 1 -9999.9 1   264.2 0   335.5 0   300.5 0   298.9 0   397.7 0   288.2 0   288.3 0    26.9 0   122.2 0 -9999.9 1   -62.2 0 -9999.9 1 -9999.9 1 -9999.9 1 -9999.9 1   122.1 0 -9999.9 1
 1999 170  6 19 13 21 13.350  59.33   304.3 0 -9999.9 1 -9999.9 1   274.7 0   335.9 0   300.7 0   299.1 0   400.2 0   288.4 0   288.5 0    29.0 0   136.8 0 -9999.9 1   -64.3 0 -9999.9 1 -9999.9 1 -9999.9 1 -9999.9 1   121.1 0 -9999.9 1
 1999 170  6 19 13 24 13.400  58.76   362.0 0 -9999.9 1 -9999.9 1   278.6 0   334.2 0   300.8 0   299.4 0   403.6 0   288.5 0   288.7 0    31.5 0   161.5 0 -9999.9 1   -69.4 0 -9999.9 1 -9999.9 1 -9999.9 1 -9999.9 1   121.7 0 -9999.9 1
 1999 170  6 19 13 27 13.450  58.19   333.3 0 -9999.9 1 -9999.9 1   269.0 0   330.1 0   301.0 0   299.6 0   405.4 0   288.7 0   288.9 0    32.1 0   148.8 0 -9999.9 1   -75.3 0 -9999.9 1 -9999.9 1 -9999.9 1 -9999.9 1   127.0 0 -9999.9 1
 1999 170  6 19 13 33 13.550  57.04   271.3 0 -9999.9 1 -9999.9 1   260.4 0   324.0 0   301.3 0   299.6 0   400.0 0   289.1 0   289.2 0    33.9 0   122.8 0 -9999.9 1   -76.0 0 -9999.9 1 -9999.9 1 -9999.9 1 -9999.9 1   125.7 0 -9999.9 1
 1999 170  6 19 13 36 13.600  56.47   270.3 0 -9999.9 1 -9999.9 1   270.0 0   321.7 0   301.5 0   299.7 0   399.9 0   289.3 0   289.3 0    35.7 0   122.5 0 -9999.9 1   -78.2 0 -9999.9 1 -9999.9 1 -9999.9 1 -9999.9 1   127.5 0 -9999.9 1
 1999 170  6 19 13 39 13.650  55.90   294.1 0 -9999.9 1 -9999.9 1   284.5 0   317.5 0   301.5 0   300.0 0   401.5 0   289.3 0   289.4 0    38.4 0   133.6 0 -9999.9 1   -84.1 0 -9999.9 1 -9999.9 1 -9999.9 1 -9999.9 1   132.0 0 -9999.9 1
 1999 170  6 19 13 42 13.700  55.33   337.5 0 -9999.9 1 -9999.9 1   308.9 0   317.1 0   301.6 0   300.1 0   403.8 0   289.4 0   289.5 0    42.0 0   154.1 0 -9999.9 1   -86.8 0 -9999.9 1 -9999.9 1 -9999.9 1 -9999.9 1   134.3 0 -9999.9 1
 1999 170  6 19 13 48 13.800  54.18   435.7 0 -9999.9 1 -9999.9 1   327.6 0   314.6 0   302.0 0   300.4 0   408.8 0   289.7 0   289.9 0    48.7 0   197.3 0 -9999.9 1   -94.2 0 -9999.9 1 -9999.9 1 -9999.9 1 -9999.9 1   142.9 0 -9999.9 1
 1999 170  6 19 13 51 13.850  53.61   536.7 0 -9999.9 1 -9999.9 1   338.3 0   313.0 0   302.1 0   300.7 0   413.2 0   289.7 0   290.0 0    53.8 0   239.6 0 -9999.9 1  -100.2 0 -9999.9 1 -9999.9 1 -9999.9 1 -9999.9 1   138.5 0 -9999.9 1
 1999 170  6 19 13 54 13.900  53.03   419.5 0 -9999.9 1 -9999.9 1   336.2 0   311.8 0   302.3 0   300.7 0   409.8 0   289.9 0   290.1 0    51.2 0   192.5 0 -9999.9 1   -97.9 0 -9999.9 1 -9999.9 1 -9999.9 1 -9999.9 1   141.2 0 -9999.9 1
 1999 170  6 19 13 57 13.950  52.46   625.8 0 -9999.9 1 -9999.9 1   329.3 0   310.5 0   302.5 0   301.3 0   418.2 0   290.0 0   290.3 0    59.4 0   279.4 0 -9999.9 1  -107.7 0 -9999.9 1 -9999.9 1 -9999.9 1 -9999.9 1   144.9 0 -9999.9 1
 1999 170  6 19 14  3 14.050  51.31   465.5 0 -9999.9 1 -9999.9 1   314.6 0   305.4 0   302.9 0   301.4 0   414.0 0   290.3 0   290.5 0    55.4 0   212.2 0 -9999.9 1  -108.6 0 -9999.9 1 -9999.9 1 -9999.9 1 -9999.9 1   146.1 0 -9999.9 1
 1999 170  6 19 14  6 14.100  50.74   405.8 0 -9999.9 1 -9999.9 1   312.4 0   305.8 0   303.0 0   301.2 0   409.1 0   290.3 0   290.5 0    54.0 0   186.4 0 -9999.9 1  -103.3 0 -9999.9 1 -9999.9 1 -9999.9 1 -9999.9 1   148.9 0 -9999.9 1
 1999 170  6 19 14  9 14.150  50.16   408.9 0 -9999.9 1 -9999.9 1   325.7 0   302.4 0   303.0 0   301.6 0   410.2 0   290.2 0   290.4 0    56.3 0   187.5 0 -9999.9 1  -107.8 0 -9999.9 1 -9999.9 1 -9999.9 1 -9999.9 1   145.0 0 -9999.9 1
 1999 170  6 19 14 12 14.200  49.59   555.2 0 -9999.9 1 -9999.9 1   356.2 0   303.5 0   303.2 0   301.8 0   416.1 0   290.4 0   290.6 0    65.0 0   250.6 0 -9999.9 1  -112.5 0 -9999.9 1 -9999.9 1 -9999.9 1 -9999.9 1   139.0 0 -9999.9 1
 1999 170  6 19 14 18 14.300  48.45   522.8 0 -9999.9 1 -9999.9 1   365.7 0   301.3 0   303.8 0   302.3 0   417.9 0   290.9 0   291.1 0    69.2 0   240.0 0 -9999.9 1  -116.7 0 -9999.9 1 -9999.9 1 -9999.9 1 -9999.9 1   152.1 0 -9999.9 1
 1999 170  6 19 14 21 14.350  47.87   512.0 0 -9999.9 1 -9999.9 1   366.1 0   298.3 0   304.0 0   302.5 0   419.2 0   291.0 0   291.2 0    69.1 0   233.4 0 -9999.9 1  -120.9 0 -9999.9 1 -9999.9 1 -9999.9 1 -9999.9 1   151.7 0 -9999.9 1
 1999 170  6 19 14 24 14.400  47.30   570.8 0 -9999.9 1 -9999.9 1   333.4 0   296.6 0   304.2 0   302.6 0   420.1 0   291.1 0   291.3 0    73.8 0   258.5 0 -9999.9 1  -123.5 0 -9999.9 1 -9999.9 1 -9999.9 1 -9999.9 1   152.3 0 -9999.9 1
 1999 170  6 19 14 27 14.450  46.73   663.3 0 -9999.9 1 -9999.9 1   293.4 0   293.3 0   304.4 0   303.2 0   426.8 0   291.3 0   291.6 0    84.4 0   301.1 0 -9999.9 1  -133.5 0 -9999.9 1 -9999.9 1 -9999.9 1 -9999.9 1   155.9 0 -9999.9 1
 1999 170  6 19 14 33 14.550  45.58   812.7 0 -9999.9 1 -9999.9 1   233.0 0   290.8 0   305.1 0   304.1 0   437.6 0   291.8 0   292.2 0    97.6 0   359.2 0 -9999.9 1  -146.8 0 -9999.9 1 -9999.9 1 -9999.9 1 -9999.9 1   148.5 0 -9999.9 1
 1999 170  6 19 14 36 14.600  45.01   761.0 0 -9999.9 1 -9999.9 1   236.1 0   292.6 0   305.3 0   304.2 0   436.2 0   292.0 0   292.4 0    98.3 0   337.3 0 -9999.9 1  -143.6 0 -9999.9 1 -9999.9 1 -9999.9 1 -9999.9 1   153.4 0 -9999.9 1
 1999 170  6 19 14 39 14.650  44.44   788.2 0 -9999.9 1 -9999.9 1   244.7 0   292.5 0   305.5 0   304.3 0   435.1 0   292.1 0   292.4 0   101.0 0   348.4 0 -9999.9 1  -142.6 0 -9999.9 1 -9999.9 1 -9999.9 1 -9999.9 1   152.0 0 -9999.9 1
 1999 170  6 19 14 42 14.700  43.87   773.4 0 -9999.9 1 -9999.9 1   241.5 0   292.2 0   305.8 0   304.6 0   435.9 0   292.2 0   292.6 0   101.1 0   341.9 0 -9999.9 1  -143.7 0 -9999.9 1 -9999.9 1 -9999.9 1 -9999.9 1   144.0 0 -9999.9 1
 1999 170  6 19 14 48 14.800  42.74   747.8 0 -9999.9 1 -9999.9 1   219.0 0   291.1 0   306.2 0   304.8 0   435.6 0   292.5 0   292.8 0   101.8 0   333.8 0 -9999.9 1  -144.5 0 -9999.9 1 -9999.9 1 -9999.9 1 -9999.9 1   166.7 0 -9999.9 1
 1999 170  6 19 14 51 14.850  42.17   747.2 0 -9999.9 1 -9999.9 1   218.1 0   291.6 0   306.4 0   305.1 0   433.8 0   292.6 0   292.9 0   103.8 0   334.2 0 -9999.9 1  -142.2 0 -9999.9 1 -9999.9 1 -9999.9 1 -9999.9 1   165.7 0 -9999.9 1
 1999 170  6 19 14 54 14.900  41.60   766.3 0 -9999.9 1 -9999.9 1   223.3 0   293.7 0   306.7 0   305.4 0   437.9 0   292.8 0   293.1 0   106.1 0   341.5 0 -9999.9 1  -144.2 0 -9999.9 1 -9999.9 1 -9999.9 1 -9999.9 1   154.3 0 -9999.9 1
 1999 170  6 19 14 57 14.950  41.04   727.0 0 -9999.9 1 -9999.9 1   231.4 0   294.7 0   306.8 0   305.2 0   434.3 0   292.9 0   293.1 0   105.1 0   325.1 0 -9999.9 1  -139.7 0 -9999.9 1 -9999.9 1 -9999.9 1 -9999.9 1   166.3 0 -9999.9 1
 1999 170  6 19 15  3 15.050  39.91   771.1 0 -9999.9 1 -9999.9 1   251.7 0   295.5 0   307.1 0   305.8 0   440.8 0   293.0 0   293.3 0   111.7 0   342.6 0 -9999.9 1  -145.4 0 -9999.9 1 -9999.9 1 -9999.9 1 -9999.9 1   154.8 0 -9999.9 1
 1999 170  6 19 15  6 15.100  39.35   752.4 0 -9999.9 1 -9999.9 1   260.3 0   294.0 0   307.2 0   306.0 0   439.8 0   293.2 0   293.5 0   111.6 0   334.8 0 -9999.9 1  -145.8 0 -9999.9 1 -9999.9 1 -9999.9 1 -9999.9 1   164.0 0 -9999.9 1
 1999 170  6 19 15  9 15.150  38.79   752.7 0 -9999.9 1 -9999.9 1   269.9 0   293.4 0   307.4 0   306.1 0   439.2 0   293.3 0   293.6 0   113.5 0   335.3 0 -9999.9 1  -145.9 0 -9999.9 1 -9999.9 1 -9999.9 1 -9999.9 1   159.3 0 -9999.9 1
 1999 170  6 19 15 12 15.200  38.23   809.9 0 -9999.9 1 -9999.9 1   279.5 0   293.1 0   307.6 0   306.4 0   441.9 0   293.4 0   293.7 0   119.9 0   359.8 0 -9999.9 1  -148.8 0 -9999.9 1 -9999.9 1 -9999.9 1 -9999.9 1   162.0 0 -9999.9 1
 1999 170  6 19 15 18 15.300  37.11   837.1 0 -9999.9 1 -9999.9 1   300.3 0   293.7 0   308.0 0   306.9 0   445.0 0   293.7 0   294.0 0   125.3 0   369.7 0 -9999.9 1  -151.2 0 -9999.9 1 -9999.9 1 -9999.9 1 -9999.9 1   168.3 0 -9999.9 1
 1999 170  6 19 15 21 15.350  36.56   796.4 0 -9999.9 1 -9999.9 1   309.8 0   293.8 0   308.2 0   306.9 0   442.0 0   293.8 0   294.1 0   122.9 0   351.3 0 -9999.9 1  -148.2 0 -9999.9 1 -9999.9 1 -9999.9 1 -9999.9 1   181.5 0 -9999.9 1
 1999 170  6 19 15 24 15.400  36.01   763.2 0 -9999.9 1 -9999.9 1   318.5 0   295.5 0   308.3 0   307.0 0   441.3 0   293.8 0   294.1 0   119.7 0   335.9 0 -9999.9 1  -145.8 0 -9999.9 1 -9999.9 1 -9999.9 1 -9999.9 1   169.3 0 -9999.9 1
 1999 170  6 19 15 27 15.450  35.45   769.3 0 -9999.9 1 -9999.9 1   328.7 0   298.5 0   308.4 0   306.8 0   440.5 0   293.9 0   294.1 0   119.9 0   339.0 0 -9999.9 1  -142.0 0 -9999.9 1 -9999.9 1 -9999.9 1 -9999.9 1   152.1 0 -9999.9 1
 1999 170  6 19 15 33 15.550  34.36   750.7 0 -9999.9 1 -9999.9 1   345.2 0   299.9 0   308.4 0   306.9 0   440.7 0   293.8 0   294.1 0   119.8 0   329.3 0 -9999.9 1  -140.7 0 -9999.9 1 -9999.9 1 -9999.9 1 -9999.9 1   155.1 0 -9999.9 1
 1999 170  6 19 15 36 15.600  33.81   746.7 0 -9999.9 1 -9999.9 1   359.9 0   300.6 0   308.5 0   307.2 0   441.3 0   293.9 0   294.2 0   121.7 0   327.3 0 -9999.9 1  -140.7 0 -9999.9 1 -9999.9 1 -9999.9 1 -9999.9 1   169.3 0 -9999.9 1
 1999 170  6 19 15 39 15.650  33.27   738.4 0 -9999.9 1 -9999.9 1   373.4 0   300.8 0   308.6 0   307.2 0   439.5 0   294.0 0   294.3 0   122.9 0   323.7 0 -9999.9 1  -138.7 0 -9999.9 1 -9999.9 1 -9999.9 1 -9999.9 1   179.8 0 -9999.9 1
 1999 170  6 19 15 42 15.700  32.73   768.2 0 -9999.9 1 -9999.9 1   384.3 0   302.8 0   308.7 0   307.0 0   439.0 0   294.0 0   294.2 0   126.7 0   338.2 0 -9999.9 1  -136.1 0 -9999.9 1 -9999.9 1 -9999.9 1 -9999.9 1   172.6 0 -9999.9 1
 1999 170  6 19 15 48 15.800  31.66   613.8 0 -9999.9 1 -9999.9 1   423.5 0   302.2 0   308.8 0   307.2 0   436.3 0   294.1 0   294.3 0   116.7 0   275.4 0 -9999.9 1  -134.1 0 -9999.9 1 -9999.9 1 -9999.9 1 -9999.9 1   172.5 0 -9999.9 1
 1999 170  6 19 15 51 15.850  31.13   738.5 0 -9999.9 1 -9999.9 1   432.2 0   306.3 0   308.8 0   307.1 0   440.3 0   294.1 0   294.4 0   131.3 0   331.3 0 -9999.9 1  -133.9 0 -9999.9 1 -9999.9 1 -9999.9 1 -9999.9 1   151.8 0 -9999.9 1
 1999 170  6 19 15 54 15.900  30.60   930.9 0 -9999.9 1 -9999.9 1   427.4 0   310.2 0   308.8 0   307.4 0   449.7 0   294.2 0   294.6 0   150.5 0   408.6 0 -9999.9 1  -139.5 0 -9999.9 1 -9999.9 1 -9999.9 1 -9999.9 1   145.2 0 -9999.9 1
 1999 170  6 19 15 57 15.950  30.08   896.0 0 -9999.9 1 -9999.9 1   407.4 0   306.8 0   309.0 0   307.6 0   452.0 0   294.4 0   294.8 0   148.9 0   392.5 0 -9999.9 1  -145.2 0 -9999.9 1 -9999.9 1 -9999.9 1 -9999.9 1   159.3 0 -9999.9 1
 1999 170  6 19 16  3 16.050  29.04   905.4 0 -9999.9 1 -9999.9 1   378.5 0   306.7 0   309.1 0   307.8 0   452.5 0   294.7 0   295.0 0   154.6 0   398.7 0 -9999.9 1  -145.8 0 -9999.9 1 -9999.9 1 -9999.9 1 -9999.9 1   152.5 0 -9999.9 1
 1999 170  6 19 16  6 16.100  28.53   979.9 0 -9999.9 1 -9999.9 1   360.7 0   306.8 0   309.2 0   307.8 0   453.4 0   294.8 0   295.2 0   167.1 0   428.5 0 -9999.9 1  -146.5 0 -9999.9 1 -9999.9 1 -9999.9 1 -9999.9 1   158.9 0 -9999.9 1
 1999 170  6 19 16  9 16.150  28.02   936.7 0 -9999.9 1 -9999.9 1   341.1 0   305.4 0   309.3 0   307.8 0   451.0 0   294.9 0   295.2 0   163.6 0   409.8 0 -9999.9 1  -145.6 0 -9999.9 1 -9999.9 1 -9999.9 1 -9999.9 1   164.9 0 -9999.9 1
 1999 170  6 19 16 12 16.200  27.52   867.9 0 -9999.9 1 -9999.9 1   322.5 0   301.9 0   309.1 0   307.5 0   447.7 0   294.6 0   294.9 0   158.5 0   385.3 0 -9999.9 1  -145.8 0 -9999.9 1 -9999.9 1 -9999.9 1 -9999.9 1   162.1 0 -9999.9 1
 1999 170  6 19 16 18 16.300  26.53   947.9 0 -9999.9 1 -9999.9 1   308.8 0   304.3 0   309.3 0   307.9 0   454.4 0   294.9 0   295.2 0   169.5 0   417.4 0 -9999.9 1  -150.1 0 -9999.9 1 -9999.9 1 -9999.9 1 -9999.9 1   157.8 0 -9999.9 1
 1999 170  6 19 16 21 16.350  26.04   922.9 0 -9999.9 1 -9999.9 1   306.8 0   304.0 0   309.4 0   308.1 0   455.7 0   294.9 0   295.3 0   165.6 0   406.1 0 -9999.9 1  -151.7 0 -9999.9 1 -9999.9 1 -9999.9 1 -9999.9 1   157.4 0 -9999.9 1
 1999 170  6 19 16 24 16.400  25.56   857.1 0 -9999.9 1 -9999.9 1   301.3 0   307.5 0   309.5 0   308.1 0   454.9 0   295.1 0   295.4 0   160.5 0   376.8 0 -9999.9 1  -147.4 0 -9999.9 1 -9999.9 1 -9999.9 1 -9999.9 1   132.5 0 -9999.9 1
 1999 170  6 19 16 27 16.450  25.09   831.0 0 -9999.9 1 -9999.9 1   294.7 0   305.7 0   309.5 0   308.1 0   449.6 0   295.2 0   295.4 0   158.6 0   367.1 0 -9999.9 1  -143.9 0 -9999.9 1 -9999.9 1 -9999.9 1 -9999.9 1   166.1 0 -9999.9 1
 1999 170  6 19 16 33 16.550  24.16   956.6 0 -9999.9 1 -9999.9 1   290.8 0   301.3 0   309.4 0   308.2 0   452.7 0   295.0 0   295.3 0   177.1 0   421.6 0 -9999.9 1  -151.4 0 -9999.9 1 -9999.9 1 -9999.9 1 -9999.9 1   170.6 0 -9999.9 1
 1999 170  6 19 16 36 16.600  23.71   984.2 0 -9999.9 1 -9999.9 1   294.7 0   300.1 0   309.4 0   308.1 0   454.6 0   294.9 0   295.3 0   180.8 0   433.0 0 -9999.9 1  -154.5 0 -9999.9 1 -9999.9 1 -9999.9 1 -9999.9 1   162.3 0 -9999.9 1
 1999 170  6 19 16 39 16.650  23.26   939.3 0 -9999.9 1 -9999.9 1   302.0 0   299.4 0   309.3 0   307.9 0   454.0 0   294.9 0   295.2 0   174.3 0   411.6 0 -9999.9 1  -154.6 0 -9999.9 1 -9999.9 1 -9999.9 1 -9999.9 1   143.1 0 -9999.9 1
 1999 170  6 19 16 42 16.700  22.82   904.9 0 -9999.9 1 -9999.9 1   301.1 0   301.4 0   309.4 0   307.8 0   452.4 0   295.0 0   295.3 0   172.9 0   400.4 0 -9999.9 1  -151.0 0 -9999.9 1 -9999.9 1 -9999.9 1 -9999.9 1   146.5 0 -9999.9 1
 1999 170  6 19 16 48 16.800  21.98   978.7 0 -9999.9 1 -9999.9 1   309.3 0   302.3 0   309.5 0   308.2 0   460.0 0   295.2 0   295.5 0   182.1 0   427.9 0 -9999.9 1  -157.7 0 -9999.9 1 -9999.9 1 -9999.9 1 -9999.9 1   152.0 0 -9999.9 1
 1999 170  6 19 16 51 16.850  21.57   963.9 0 -9999.9 1 -9999.9 1   326.3 0   301.5 0   309.4 0   308.0 0   457.5 0   295.1 0   295.4 0   183.5 0   420.3 0 -9999.9 1  -156.1 0 -9999.9 1 -9999.9 1 -9999.9 1 -9999.9 1   156.0 0 -9999.9 1
 1999 170  6 19 16 54 16.900  21.18   933.4 0 -9999.9 1 -9999.9 1   360.8 0   300.0 0   309.4 0   308.3 0   457.1 0   295.2 0   295.5 0   186.2 2   411.3 0 -9999.9 1  -157.1 0 -9999.9 1 -9999.9 1 -9999.9 1 -9999.9 1   172.1 0 -9999.9 1
 1999 170  6 19 16 57 16.950  20.79   730.7 0 -9999.9 1 -9999.9 1   388.8 0   296.5 0   309.3 0   307.8 0   443.0 0   295.1 0   295.2 0   162.1 2   331.0 0 -9999.9 1  -146.5 0 -9999.9 1 -9999.9 1 -9999.9 1 -9999.9 1   169.0 0 -9999.9 1
 1999 170  6 19 17  3 17.050  20.06   828.4 0 -9999.9 1 -9999.9 1   322.4 0   300.1 0   309.5 0   308.4 0   449.9 0   295.1 0   295.3 0   172.2 0   366.8 0 -9999.9 1  -149.8 0 -9999.9 1 -9999.9 1 -9999.9 1 -9999.9 1   174.4 0 -9999.9 1
 1999 170  6 19 17  6 17.100  19.71  1068.0 0 -9999.9 1 -9999.9 1   332.6 0   305.9 0   309.8 0   308.8 0   463.2 0   295.3 0   295.6 0   203.8 0   467.5 0 -9999.9 1  -157.3 0 -9999.9 1 -9999.9 1 -9999.9 1 -9999.9 1   156.2 0 -9999.9 1
 1999 170  6 19 17  9 17.150  19.38  1087.7 0 -9999.9 1 -9999.9 1   386.9 0   312.0 0   310.0 0   309.1 0   467.4 0   295.5 0   295.9 0   207.9 0   477.2 0 -9999.9 1  -155.4 0 -9999.9 1 -9999.9 1 -9999.9 1 -9999.9 1   129.6 0 -9999.9 1
 1999 170  6 19 17 12 17.200  19.06  1145.4 0 -9999.9 1 -9999.9 1   485.0 0   320.3 0   310.3 0   309.3 0   468.5 0   295.7 0   296.1 0   215.1 0   499.0 0 -9999.9 1  -148.2 0 -9999.9 1 -9999.9 1 -9999.9 1 -9999.9 1   124.4 0 -9999.9 1
 1999 170  6 19 17 18 17.300  18.48   778.5 0 -9999.9 1 -9999.9 1   630.5 0   331.9 0   310.7 0   309.2 0   455.3 0   296.0 0   296.2 0   161.4 0   344.3 0 -9999.9 1  -123.4 0 -9999.9 1 -9999.9 1 -9999.9 1 -9999.9 1   143.6 0 -9999.9 1
 1999 170  6 19 17 21 17.350  18.21   677.1 0 -9999.9 1 -9999.9 1   619.1 0   338.2 0   310.7 0   308.9 0   446.6 0   295.9 0   296.0 0   144.1 0   299.3 0 -9999.9 1  -108.4 0 -9999.9 1 -9999.9 1 -9999.9 1 -9999.9 1   137.5 0 -9999.9 1
 1999 170  6 19 17 24 17.400  17.96   897.1 0 -9999.9 1 -9999.9 1   614.5 0   343.7 0   310.7 0   309.2 0   458.7 0   295.8 0   296.1 0   168.7 0   393.6 0 -9999.9 1  -114.9 0 -9999.9 1 -9999.9 1 -9999.9 1 -9999.9 1   119.1 0 -9999.9 1
 1999 170  6 19 17 27 17.450  17.73   692.3 0 -9999.9 1 -9999.9 1   586.6 0   342.6 0   310.7 0   309.3 0   452.0 0   295.9 0   296.1 0   140.8 0   306.6 0 -9999.9 1  -109.3 0 -9999.9 1 -9999.9 1 -9999.9 1 -9999.9 1   123.2 0 -9999.9 1
 1999 170  6 19 17 33 17.550  17.33   593.8 0 -9999.9 1 -9999.9 1   524.6 0   344.9 0   310.7 0   308.6 0   441.3 0   295.7 0   295.8 0   125.2 0   260.3 0 -9999.9 1   -96.4 0 -9999.9 1 -9999.9 1 -9999.9 1 -9999.9 1   129.7 0 -9999.9 1
 1999 170  6 19 17 36 17.600  17.16   755.2 0 -9999.9 1 -9999.9 1   578.5 0   342.5 0   310.5 0   308.6 0   447.0 0   295.6 0   295.8 0   150.9 0   334.4 0 -9999.9 1  -104.5 0 -9999.9 1 -9999.9 1 -9999.9 1 -9999.9 1   133.4 0 -9999.9 1
 1999 170  6 19 17 39 17.650  17.02   678.7 0 -9999.9 1 -9999.9 1   561.3 0   332.7 0   310.5 0   309.2 0   451.4 0   295.5 0   295.8 0   142.8 0   297.8 0 -9999.9 1  -118.7 0 -9999.9 1 -9999.9 1 -9999.9 1 -9999.9 1   133.2 0 -9999.9 1
 1999 170  6 19 17 42 17.700  16.89   631.6 0 -9999.9 1 -9999.9 1   515.7 0   327.7 0   310.5 0   308.6 0   442.4 0   295.4 0   295.6 0   139.6 0   281.4 0 -9999.9 1  -114.8 0 -9999.9 1 -9999.9 1 -9999.9 1 -9999.9 1   128.6 0 -9999.9 1
 1999 170  6 19 17 48 17.800  16.71  1072.3 0 -9999.9 1 -9999.9 1   444.0 0   321.2 0   310.5 0   309.4 0   466.4 0   295.6 0   296.0 0   205.4 0   470.2 0 -9999.9 1  -145.2 0 -9999.9 1 -9999.9 1 -9999.9 1 -9999.9 1   126.5 0 -9999.9 1
 1999 170  6 19 17 51 17.850  16.66  1163.8 0 -9999.9 1 -9999.9 1   359.8 0   316.8 0   310.7 0   309.6 0   472.2 0   295.8 0   296.3 0   219.4 0   504.8 0 -9999.9 1  -155.5 0 -9999.9 1 -9999.9 1 -9999.9 1 -9999.9 1   119.7 0 -9999.9 1
 1999 170  6 19 17 54 17.900  16.63  1073.9 0 -9999.9 1 -9999.9 1   321.0 0   307.7 0   310.9 0   309.8 0   470.8 0   296.0 0   296.4 0   217.9 0   470.3 0 -9999.9 1  -163.1 0 -9999.9 1 -9999.9 1 -9999.9 1 -9999.9 1   143.3 0 -9999.9 1
 1999 170  6 19 17 57 17.950  16.62  1123.7 0 -9999.9 1 -9999.9 1   249.7 0   306.6 0   311.0 0   310.6 0   479.1 0   296.2 0   296.7 0   223.2 0   488.8 0 -9999.9 1  -172.4 0 -9999.9 1 -9999.9 1 -9999.9 1 -9999.9 1   140.2 0 -9999.9 1
 1999 170  6 19 18  3 18.050  16.68  1133.3 0 -9999.9 1 -9999.9 1   210.8 0   309.4 0   311.3 0   310.0 0   473.5 0   296.6 0   296.9 0   220.0 0   496.0 0 -9999.9 1  -164.1 0 -9999.9 1 -9999.9 1 -9999.9 1 -9999.9 1   125.9 0 -9999.9 1
 1999 170  6 19 18  6 18.100  16.75  1148.0 0 -9999.9 1 -9999.9 1   213.2 0   308.0 0   311.5 0   310.7 0   482.5 0   296.7 0   297.1 0   228.9 0   501.7 0 -9999.9 1  -174.5 0 -9999.9 1 -9999.9 1 -9999.9 1 -9999.9 1   134.4 0 -9999.9 1
 1999 170  6 19 18  9 18.150  16.84  1063.5 0 -9999.9 1 -9999.9 1   229.4 0   307.9 0   311.7 0   311.3 0   484.2 0   297.0 0   297.4 0   222.1 0   488.6 0 -9999.9 1  -176.3 0 -9999.9 1 -9999.9 1 -9999.9 1 -9999.9 1   110.7 0 -9999.9 1
 1999 170  6 19 18 12 18.200  16.95  1105.8 0 -9999.9 1 -9999.9 1   263.9 0   310.2 0   311.9 0   310.8 0   473.3 0   297.1 0   297.4 0   214.6 0   483.3 0 -9999.9 1  -163.1 0 -9999.9 1 -9999.9 1 -9999.9 1 -9999.9 1   140.1 0 -9999.9 1
 1999 170  6 19 18 18 18.300  17.24   780.9 0 -9999.9 1 -9999.9 1   301.0 0   311.2 0   311.9 0   310.2 0   451.1 0   296.9 0   297.0 0   170.9 0   349.2 0 -9999.9 1  -139.8 0 -9999.9 1 -9999.9 1 -9999.9 1 -9999.9 1   167.6 0 -9999.9 1
 1999 170  6 19 18 21 18.350  17.42  1157.8 0 -9999.9 1 -9999.9 1   310.2 0   311.4 0   312.0 0   311.8 0   479.9 0   296.8 0   297.2 0   222.3 0   507.3 0 -9999.9 1  -168.5 0 -9999.9 1 -9999.9 1 -9999.9 1 -9999.9 1   157.9 0 -9999.9 1
 1999 170  6 19 18 24 18.400  17.62  1253.0 0 -9999.9 1 -9999.9 1   358.2 0   317.9 0   312.3 0   311.9 0   482.8 0   297.0 0   297.5 0   233.1 0   545.0 0 -9999.9 1  -164.9 0 -9999.9 1 -9999.9 1 -9999.9 1 -9999.9 1   137.3 0 -9999.9 1
 1999 170  6 19 18 27 18.450  17.84  1148.0 0 -9999.9 1 -9999.9 1   443.8 0   322.5 0   312.6 0   311.9 0   479.4 0   297.2 0   297.6 0   214.5 0   499.3 0 -9999.9 1  -157.0 0 -9999.9 1 -9999.9 1 -9999.9 1 -9999.9 1   138.0 0 -9999.9 1
 1999 170  6 19 18 33 18.550  18.34   902.0 0 -9999.9 1 -9999.9 1   478.7 0   329.0 0   312.7 0   310.8 0   465.8 0   297.1 0   297.4 0   181.8 0   399.1 0 -9999.9 1  -136.8 0 -9999.9 1 -9999.9 1 -9999.9 1 -9999.9 1   116.4 0 -9999.9 1
 1999 170  6 19 18 36 18.600  18.61   765.4 0 -9999.9 1 -9999.9 1   448.3 0   326.8 0   312.5 0   310.7 0   455.2 0   296.9 0   297.0 0   150.9 0   338.0 0 -9999.9 1  -128.4 0 -9999.9 1 -9999.9 1 -9999.9 1 -9999.9 1   156.6 0 -9999.9 1
 1999 170  6 19 18 39 18.650  18.91   616.5 0 -9999.9 1 -9999.9 1   437.2 0   321.5 0   312.1 0   310.4 0   445.0 0   296.4 0   296.4 0   126.3 2   275.6 0 -9999.9 1  -123.5 0 -9999.9 1 -9999.9 1 -9999.9 1 -9999.9 1   175.6 0 -9999.9 1
 1999 170  6 19 18 42 18.700  19.22   616.1 0 -9999.9 1 -9999.9 1   450.0 0   324.5 0   312.2 0   310.7 0   443.4 0   296.2 0   296.3 0   121.8 0   275.7 0 -9999.9 1  -118.9 0 -9999.9 1 -9999.9 1 -9999.9 1 -9999.9 1   157.5 0 -9999.9 1
 1999 170  6 19 18 48 18.800  19.88   420.7 0 -9999.9 1 -9999.9 1   407.2 0   335.4 0   312.1 0   309.9 0   434.0 0   296.1 0   296.1 0    91.4 0   192.7 0 -9999.9 1   -98.6 0 -9999.9 1 -9999.9 1 -9999.9 1 -9999.9 1   172.4 0 -9999.9 1
 1999 170  6 19 18 51 18.850  20.23   397.9 0 -9999.9 1 -9999.9 1   391.8 0   342.9 0   311.9 0   309.3 0   431.4 0   295.9 0   295.9 0    85.4 0   182.7 0 -9999.9 1   -88.5 0 -9999.9 1 -9999.9 1 -9999.9 1 -9999.9 1   145.7 0 -9999.9 1
 1999 170  6 19 18 54 18.900  20.60   394.9 0 -9999.9 1 -9999.9 1   386.6 0   348.1 0   311.6 0   309.1 0   430.8 0   295.7 0   295.7 0    82.8 0   182.1 0 -9999.9 1   -82.7 0 -9999.9 1 -9999.9 1 -9999.9 1 -9999.9 1   140.5 0 -9999.9 1
 1999 170  6 19 18 57 18.950  20.98   412.4 0 -9999.9 1 -9999.9 1   395.8 0   348.2 0   311.4 0   309.0 0   432.0 0   295.6 0   295.7 0    83.8 0   190.2 0 -9999.9 1   -83.8 0 -9999.9 1 -9999.9 1 -9999.9 1 -9999.9 1   152.1 0 -9999.9 1
 1999 170  6 19 19  3 19.050  21.77   439.1 0 -9999.9 1 -9999.9 1   410.6 0   344.1 0   311.0 0   309.7 0   438.6 0   295.4 0   295.5 0    84.9 0   202.1 0 -9999.9 1   -94.4 0 -9999.9 1 -9999.9 1 -9999.9 1 -9999.9 1   151.9 0 -9999.9 1
 1999 170  6 19 19  6 19.100  22.18   453.2 0 -9999.9 1 -9999.9 1   420.4 0   345.2 0   310.7 0   308.8 0   435.1 0   295.2 0   295.3 0    85.2 0   208.3 0 -9999.9 1   -89.8 0 -9999.9 1 -9999.9 1 -9999.9 1 -9999.9 1   147.5 0 -9999.9 1
 1999 170  6 19 19  9 19.150  22.61   462.3 0 -9999.9 1 -9999.9 1   424.5 0   346.5 0   310.5 0   308.7 0   434.8 0   295.0 0   295.2 0    85.6 2   212.3 0 -9999.9 1   -88.3 0 -9999.9 1 -9999.9 1 -9999.9 1 -9999.9 1   125.5 0 -9999.9 1
 1999 170  6 19 19 12 19.200  23.04   432.7 0 -9999.9 1 -9999.9 1   414.2 0   349.4 0   310.4 0   308.0 0   431.6 0   295.0 0   295.1 0    82.3 0   200.1 0 -9999.9 1   -82.2 0 -9999.9 1 -9999.9 1 -9999.9 1 -9999.9 1   128.4 0 -9999.9 1
 1999 170  6 19 19 18 19.300  23.93   412.9 0 -9999.9 1 -9999.9 1   401.3 0   348.6 0   310.3 0   308.5 0   431.3 0   295.0 0   295.1 0    81.0 0   192.9 0 -9999.9 1   -82.6 0 -9999.9 1 -9999.9 1 -9999.9 1 -9999.9 1   123.1 0 -9999.9 1
 1999 170  6 19 19 21 19.350  24.38   429.1 0 -9999.9 1 -9999.9 1   415.9 0   349.3 0   310.2 0   308.2 0   431.0 0   295.0 0   295.1 0    82.6 0   200.5 0 -9999.9 1   -81.6 0 -9999.9 1 -9999.9 1 -9999.9 1 -9999.9 1   144.8 0 -9999.9 1
 1999 170  6 19 19 24 19.400  24.85   441.4 0 -9999.9 1 -9999.9 1   423.1 0   350.0 0   310.1 0   308.4 0   434.0 0   295.0 0   295.1 0    84.0 0   206.2 0 -9999.9 1   -83.9 0 -9999.9 1 -9999.9 1 -9999.9 1 -9999.9 1   131.9 0 -9999.9 1
 1999 170  6 19 19 27 19.450  25.32   430.3 0 -9999.9 1 -9999.9 1   419.1 0   349.3 0   310.1 0   308.4 0   434.2 0   295.0 0   295.1 0    82.2 0   201.6 0 -9999.9 1   -84.9 0 -9999.9 1 -9999.9 1 -9999.9 1 -9999.9 1   151.9 0 -9999.9 1
 1999 170  6 19 19 33 19.550  26.28   387.4 0 -9999.9 1 -9999.9 1   383.7 0   350.0 0   309.9 0   308.0 0   431.6 0   294.9 0   295.0 0    74.2 0   182.0 0 -9999.9 1   -81.6 0 -9999.9 1 -9999.9 1 -9999.9 1 -9999.9 1   151.4 0 -9999.9 1
 1999 170  6 19 19 36 19.600  26.77   359.9 0 -9999.9 1 -9999.9 1   359.1 0   350.0 0   309.8 0   308.0 0   429.9 0   294.9 0   294.9 0    68.9 0   169.6 0 -9999.9 1   -79.9 0 -9999.9 1 -9999.9 1 -9999.9 1 -9999.9 1   160.7 0 -9999.9 1
 1999 170  6 19 19 39 19.650  27.27   336.1 0 -9999.9 1 -9999.9 1   337.1 0   353.9 0   309.7 0   307.5 0   426.0 0   294.8 0   294.8 0    63.9 0   158.5 0 -9999.9 1   -72.1 0 -9999.9 1 -9999.9 1 -9999.9 1 -9999.9 1   140.5 0 -9999.9 1
 1999 170  6 19 19 42 19.700  27.77   314.4 0 -9999.9 1 -9999.9 1   314.6 0   356.0 0   309.5 0   307.0 0   423.6 0   294.7 0   294.7 0    59.6 0   148.3 0 -9999.9 1   -67.6 0 -9999.9 1 -9999.9 1 -9999.9 1 -9999.9 1   122.8 0 -9999.9 1
 1999 170  6 19 19 48 19.800  28.78   271.0 0 -9999.9 1 -9999.9 1   270.6 0   356.3 0   309.1 0   306.7 0   420.8 0   294.5 0   294.6 0    51.0 0   128.2 0 -9999.9 1   -64.5 0 -9999.9 1 -9999.9 1 -9999.9 1 -9999.9 1   126.0 0 -9999.9 1
 1999 170  6 19 19 51 19.850  29.30   254.4 0 -9999.9 1 -9999.9 1   253.4 0   352.8 0   308.8 0   306.8 0   421.2 0   294.4 0   294.4 0    47.5 0   120.4 0 -9999.9 1   -68.5 0 -9999.9 1 -9999.9 1 -9999.9 1 -9999.9 1   128.5 0 -9999.9 1
 1999 170  6 19 19 54 19.900  29.82   239.1 0 -9999.9 1 -9999.9 1   239.9 0   355.0 0   308.6 0   306.3 0   418.2 0   294.3 0   294.3 0    44.3 0   113.5 0 -9999.9 1   -63.2 0 -9999.9 1 -9999.9 1 -9999.9 1 -9999.9 1   133.3 0 -9999.9 1
 1999 170  6 19 19 57 19.950  30.34   222.7 0 -9999.9 1 -9999.9 1   223.8 0   357.0 0   308.4 0   306.2 0   417.9 0   294.2 0   294.3 0    40.6 0   105.9 0 -9999.9 1   -60.9 0 -9999.9 1 -9999.9 1 -9999.9 1 -9999.9 1   115.3 0 -9999.9 1
 1999 170  6 19 20  3 20.050  31.39   185.6 0 -9999.9 1 -9999.9 1   187.6 0   356.1 0   308.1 0   305.8 0   415.5 0   294.1 0   294.1 0    32.2 0    88.6 0 -9999.9 1   -59.4 0 -9999.9 1 -9999.9 1 -9999.9 1 -9999.9 1   134.8 0 -9999.9 1
 1999 170  6 19 20  6 20.100  31.92   169.8 0 -9999.9 1 -9999.9 1   172.7 0   356.7 0   307.9 0   305.7 0   414.3 0   294.1 0   294.1 0    28.7 0    80.8 0 -9999.9 1   -57.6 0 -9999.9 1 -9999.9 1 -9999.9 1 -9999.9 1   142.8 0 -9999.9 1
 1999 170  6 19 20  9 20.150  32.46   159.1 0 -9999.9 1 -9999.9 1   162.0 0   358.0 0   307.8 0   305.5 0   413.7 0   294.0 0   294.0 0    26.3 0    75.1 0 -9999.9 1   -55.7 0 -9999.9 1 -9999.9 1 -9999.9 1 -9999.9 1   137.9 0 -9999.9 1
 1999 170  6 19 20 12 20.200  33.00   152.2 0 -9999.9 1 -9999.9 1   155.5 0   359.0 0   307.6 0   305.4 0   413.8 0   294.0 0   294.0 0    24.7 0    71.6 0 -9999.9 1   -54.8 0 -9999.9 1 -9999.9 1 -9999.9 1 -9999.9 1   125.5 0 -9999.9 1
 1999 170  6 19 20 18 20.300  34.08   157.5 0 -9999.9 1 -9999.9 1   159.7 0   358.4 0   307.2 0   305.0 0   413.5 0   293.8 0   293.8 0    24.7 0    73.0 0 -9999.9 1   -55.1 0 -9999.9 1 -9999.9 1 -9999.9 1 -9999.9 1   135.4 0 -9999.9 1
 1999 170  6 19 20 21 20.350  34.63   170.2 0 -9999.9 1 -9999.9 1   172.7 0   358.7 0   307.1 0   304.9 0   414.8 0   293.9 0   293.9 0    26.6 0    79.2 0 -9999.9 1   -56.0 0 -9999.9 1 -9999.9 1 -9999.9 1 -9999.9 1   131.4 0 -9999.9 1
 1999 170  6 19 20 24 20.400  35.18   189.2 0 -9999.9 1 -9999.9 1   191.0 0   358.1 0   307.0 0   305.2 0   416.8 0   293.9 0   293.9 0    30.3 0    88.2 0 -9999.9 1   -58.8 0 -9999.9 1 -9999.9 1 -9999.9 1 -9999.9 1   133.8 0 -9999.9 1
 1999 170  6 19 20 27 20.450  35.73   213.8 0 -9999.9 1 -9999.9 1   215.4 0   357.4 0   307.0 0   305.2 0   419.0 0   293.9 0   294.0 0    34.6 0    99.8 0 -9999.9 1   -61.6 0 -9999.9 1 -9999.9 1 -9999.9 1 -9999.9 1   146.4 0 -9999.9 1
 1999 170  6 19 20 33 20.550  36.83   272.8 0 -9999.9 1 -9999.9 1   274.7 0   359.0 0   307.0 0   305.1 0   422.3 0   294.1 0   294.2 0    43.7 0   128.2 0 -9999.9 1   -63.3 0 -9999.9 1 -9999.9 1 -9999.9 1 -9999.9 1   143.8 0 -9999.9 1
 1999 170  6 19 20 36 20.600  37.39   306.0 0 -9999.9 1 -9999.9 1   306.4 0   356.6 0   306.8 0   304.9 0   423.1 0   293.9 0   294.1 0    48.3 0   143.5 0 -9999.9 1   -66.5 0 -9999.9 1 -9999.9 1 -9999.9 1 -9999.9 1   134.9 0 -9999.9 1
 1999 170  6 19 20 39 20.650  37.94   382.0 0 -9999.9 1 -9999.9 1   354.2 0   356.5 0   306.8 0   305.1 0   427.4 0   294.1 0   294.2 0    57.2 0   178.8 0 -9999.9 1   -70.9 0 -9999.9 1 -9999.9 1 -9999.9 1 -9999.9 1   141.0 0 -9999.9 1
 1999 170  6 19 20 42 20.700  38.50   540.5 0 -9999.9 1 -9999.9 1   427.1 0   358.0 0   306.9 0   305.3 0   436.1 0   294.2 0   294.5 0    73.8 0   251.6 0 -9999.9 1   -78.1 0 -9999.9 1 -9999.9 1 -9999.9 1 -9999.9 1   130.0 0 -9999.9 1
 1999 170  6 19 20 48 20.800  39.62   682.0 0 -9999.9 1 -9999.9 1   460.7 0   355.7 0   307.4 0   306.2 0   449.7 0   294.8 0   295.2 0    88.3 0   307.1 0 -9999.9 1   -93.9 0 -9999.9 1 -9999.9 1 -9999.9 1 -9999.9 1   140.8 0 -9999.9 1
 1999 170  6 19 20 51 20.850  40.19   457.0 0 -9999.9 1 -9999.9 1   407.0 0   354.8 0   307.6 0   305.9 0   437.2 0   295.0 0   295.2 0    70.7 0   212.0 0 -9999.9 1   -82.3 0 -9999.9 1 -9999.9 1 -9999.9 1 -9999.9 1   141.1 0 -9999.9 1
 1999 170  6 19 20 54 20.900  40.75   452.3 0 -9999.9 1 -9999.9 1   390.3 0   355.4 0   307.5 0   305.7 0   433.8 0   295.0 0   295.1 0    68.3 0   210.8 0 -9999.9 1   -78.4 0 -9999.9 1 -9999.9 1 -9999.9 1 -9999.9 1   132.9 0 -9999.9 1
 1999 170  6 19 20 57 20.950  41.32   410.5 0 -9999.9 1 -9999.9 1   384.4 0   350.2 0   307.3 0   305.5 0   432.0 0   294.6 0   294.8 0    63.4 0   190.6 0 -9999.9 1   -81.8 0 -9999.9 1 -9999.9 1 -9999.9 1 -9999.9 1   136.7 0 -9999.9 1
 1999 170  6 19 21  3 21.050  42.45   357.2 0 -9999.9 1 -9999.9 1   350.4 0   347.5 0   307.1 0   305.0 0   426.0 0   294.5 0   294.5 0    56.9 0   165.8 0 -9999.9 1   -78.5 0 -9999.9 1 -9999.9 1 -9999.9 1 -9999.9 1   138.0 0 -9999.9 1
 1999 170  6 19 21  6 21.100  43.02   337.5 0 -9999.9 1 -9999.9 1   335.2 0   344.8 0   306.9 0   305.0 0   423.7 0   294.3 0   294.3 0    55.2 0   156.6 0 -9999.9 1   -78.9 0 -9999.9 1 -9999.9 1 -9999.9 1 -9999.9 1   147.4 0 -9999.9 1
 1999 170  6 19 21  9 21.150  43.58   332.4 0 -9999.9 1 -9999.9 1   328.1 0   343.5 0   306.9 0   305.2 0   424.3 0   294.3 0   294.4 0    53.5 0   154.7 0 -9999.9 1   -80.8 0 -9999.9 1 -9999.9 1 -9999.9 1 -9999.9 1   149.2 0 -9999.9 1
 1999 170  6 19 21 12 21.200  44.15   327.9 0 -9999.9 1 -9999.9 1   324.1 0   343.3 0   306.9 0   305.2 0   423.7 0   294.2 0   294.3 0    51.8 0   152.4 0 -9999.9 1   -80.4 0 -9999.9 1 -9999.9 1 -9999.9 1 -9999.9 1   142.3 0 -9999.9 1
 1999 170  6 19 21 18 21.300  45.29   344.7 0 -9999.9 1 -9999.9 1   336.0 0   346.3 0   306.7 0   304.7 0   421.1 0   293.9 0   294.0 0    49.6 2   159.8 0 -9999.9 1   -74.7 0 -9999.9 1 -9999.9 1 -9999.9 1 -9999.9 1   127.9 0 -9999.9 1
 1999 170  6 19 21 21 21.350  45.87   378.5 0 -9999.9 1 -9999.9 1   359.5 0   348.5 0   306.7 0   304.7 0   422.4 0   293.9 0   294.0 0    50.8 2   174.9 0 -9999.9 1   -73.9 0 -9999.9 1 -9999.9 1 -9999.9 1 -9999.9 1   131.7 0 -9999.9 1
 1999 170  6 19 21 24 21.400  46.44   429.2 0 -9999.9 1 -9999.9 1   386.9 0   350.6 0   306.8 0   305.0 0   428.0 0   294.0 0   294.2 0    54.0 0   197.1 0 -9999.9 1   -77.4 0 -9999.9 1 -9999.9 1 -9999.9 1 -9999.9 1   129.5 0 -9999.9 1
 1999 170  6 19 21 27 21.450  47.01   473.7 0 -9999.9 1 -9999.9 1   416.3 0   350.5 0   306.9 0   305.4 0   434.1 0   294.2 0   294.4 0    57.9 0   217.5 0 -9999.9 1   -83.5 0 -9999.9 1 -9999.9 1 -9999.9 1 -9999.9 1   135.4 0 -9999.9 1
 1999 170  6 19 21 33 21.550  48.15   443.9 0 -9999.9 1 -9999.9 1   427.4 0   350.2 0   307.2 0   305.6 0   432.9 0   294.5 0   294.7 0    59.4 0   204.8 0 -9999.9 1   -82.7 0 -9999.9 1 -9999.9 1 -9999.9 1 -9999.9 1   147.1 0 -9999.9 1
 1999 170  6 19 21 36 21.600  48.73   430.5 0 -9999.9 1 -9999.9 1   418.4 0   350.9 0   307.3 0   305.4 0   430.4 0   294.6 0   294.7 0    58.2 0   199.5 0 -9999.9 1   -79.5 0 -9999.9 1 -9999.9 1 -9999.9 1 -9999.9 1   136.4 0 -9999.9 1
 1999 170  6 19 21 39 21.650  49.30   425.4 0 -9999.9 1 -9999.9 1   417.1 0   350.1 0   307.4 0   305.6 0   430.8 0   294.6 0   294.8 0    57.3 0   196.7 0 -9999.9 1   -80.7 0 -9999.9 1 -9999.9 1 -9999.9 1 -9999.9 1   138.1 0 -9999.9 1
 1999 170  6 19 21 42 21.700  49.87   426.0 0 -9999.9 1 -9999.9 1   416.5 0   348.2 0   307.4 0   305.9 0   433.8 0   294.6 0   294.8 0    57.2 0   196.9 0 -9999.9 1   -85.6 0 -9999.9 1 -9999.9 1 -9999.9 1 -9999.9 1   126.6 0 -9999.9 1
 1999 170  6 19 21 48 21.800  51.02   455.2 0 -9999.9 1 -9999.9 1   398.7 0   348.5 0   307.4 0   305.6 0   431.6 0   294.6 0   294.8 0    56.3 0   210.7 0 -9999.9 1   -83.1 0 -9999.9 1 -9999.9 1 -9999.9 1 -9999.9 1   134.1 0 -9999.9 1
 1999 170  6 19 21 51 21.850  51.59   389.8 0 -9999.9 1 -9999.9 1   381.0 0   350.7 0   307.5 0   305.6 0   428.3 0   294.6 0   294.8 0    50.1 0   180.2 0 -9999.9 1   -77.5 0 -9999.9 1 -9999.9 1 -9999.9 1 -9999.9 1   140.8 0 -9999.9 1
 1999 170  6 19 21 54 21.900  52.17   399.5 0 -9999.9 1 -9999.9 1   383.7 0   350.9 0   307.5 0   305.6 0   428.2 0   294.6 0   294.7 0    49.2 0   183.7 0 -9999.9 1   -77.2 0 -9999.9 1 -9999.9 1 -9999.9 1 -9999.9 1   137.5 0 -9999.9 1
 1999 170  6 19 21 57 21.950  52.74   408.5 0 -9999.9 1 -9999.9 1   394.6 0   349.7 0   307.4 0   305.7 0   429.0 0   294.5 0   294.7 0    48.9 0   187.6 0 -9999.9 1   -79.3 0 -9999.9 1 -9999.9 1 -9999.9 1 -9999.9 1   125.4 0 -9999.9 1
 1999 170  6 19 22  3 22.050  53.89   400.7 0 -9999.9 1 -9999.9 1   394.1 0   345.3 0   307.5 0   305.8 0   430.6 0   294.6 0   294.7 0    47.4 0   182.0 0 -9999.9 1   -85.2 0 -9999.9 1 -9999.9 1 -9999.9 1 -9999.9 1   132.3 0 -9999.9 1
 1999 170  6 19 22  6 22.100  54.46   369.6 0 -9999.9 1 -9999.9 1   366.4 0   344.7 0   307.6 0   305.7 0   427.1 0   294.6 0   294.7 0    44.5 0   167.8 0 -9999.9 1   -82.5 0 -9999.9 1 -9999.9 1 -9999.9 1 -9999.9 1   122.2 0 -9999.9 1
 1999 170  6 19 22  9 22.150  55.03   329.7 0 -9999.9 1 -9999.9 1   325.7 0   342.6 0   307.6 0   305.7 0   425.9 0   294.6 0   294.7 0    40.9 0   150.5 0 -9999.9 1   -83.3 0 -9999.9 1 -9999.9 1 -9999.9 1 -9999.9 1   120.3 0 -9999.9 1
 1999 170  6 19 22 12 22.200  55.61   284.7 0 -9999.9 1 -9999.9 1   281.8 0   338.7 0   307.6 0   305.9 0   422.8 0   294.6 0   294.7 0    36.9 0   130.1 0 -9999.9 1   -84.1 0 -9999.9 1 -9999.9 1 -9999.9 1 -9999.9 1   133.4 0 -9999.9 1
 1999 170  6 19 22 18 22.300  56.75   251.7 0 -9999.9 1 -9999.9 1   249.8 0   342.9 0   307.7 0   305.9 0   421.5 0   294.6 0   294.6 0    32.0 0   114.5 0 -9999.9 1   -78.6 0 -9999.9 1 -9999.9 1 -9999.9 1 -9999.9 1   130.5 0 -9999.9 1
 1999 170  6 19 22 21 22.350  57.32   248.7 0 -9999.9 1 -9999.9 1   247.8 0   349.9 0   307.7 0   305.7 0   419.8 0   294.5 0   294.6 0    30.2 0   112.7 0 -9999.9 1   -69.9 0 -9999.9 1 -9999.9 1 -9999.9 1 -9999.9 1   120.6 0 -9999.9 1
 1999 170  6 19 22 24 22.400  57.89   245.3 0 -9999.9 1 -9999.9 1   245.0 0   353.3 0   307.7 0   305.7 0   420.4 0   294.5 0   294.5 0    28.6 0   111.0 0 -9999.9 1   -67.0 0 -9999.9 1 -9999.9 1 -9999.9 1 -9999.9 1   118.3 0 -9999.9 1
 1999 170  6 19 22 27 22.450  58.47   230.5 0 -9999.9 1 -9999.9 1   230.3 0   353.2 0   307.6 0   305.7 0   419.7 0   294.4 0   294.4 0    26.5 0   104.2 0 -9999.9 1   -66.6 0 -9999.9 1 -9999.9 1 -9999.9 1 -9999.9 1   138.5 0 -9999.9 1
 1999 170  6 19 22 33 22.550  59.61   219.2 0 -9999.9 1 -9999.9 1   218.2 0   356.7 0   307.6 0   306.0 0   421.5 0   294.3 0   294.3 0    23.4 0    99.2 0 -9999.9 1   -64.8 0 -9999.9 1 -9999.9 1 -9999.9 1 -9999.9 1   112.1 0 -9999.9 1
 1999 170  6 19 22 36 22.600  60.18   223.8 0 -9999.9 1 -9999.9 1   222.6 0   356.9 0   307.7 0   306.1 0   421.8 0   294.3 0   294.3 0    23.1 0   100.9 0 -9999.9 1   -64.9 0 -9999.9 1 -9999.9 1 -9999.9 1 -9999.9 1   112.0 0 -9999.9 1
 1999 170  6 19 22 39 22.650  60.75   213.6 0 -9999.9 1 -9999.9 1   213.5 0   357.5 0   307.7 0   306.0 0   422.2 0   294.3 0   294.3 0    22.2 0    96.0 0 -9999.9 1   -64.7 0 -9999.9 1 -9999.9 1 -9999.9 1 -9999.9 1   123.0 0 -9999.9 1
 1999 170  6 19 22 42 22.700  61.31   206.0 0 -9999.9 1 -9999.9 1   205.7 0   358.0 0   307.7 0   305.8 0   420.2 0   294.3 0   294.3 0    21.2 0    92.6 0 -9999.9 1   -62.3 0 -9999.9 1 -9999.9 1 -9999.9 1 -9999.9 1   129.7 0 -9999.9 1
 1999 170  6 19 22 48 22.800  62.45   222.7 0 -9999.9 1 -9999.9 1   222.1 0   355.7 0   307.5 0   305.7 0   419.4 0   294.1 0   294.1 0    21.4 0   100.4 0 -9999.9 1   -63.7 0 -9999.9 1 -9999.9 1 -9999.9 1 -9999.9 1   116.5 0 -9999.9 1
 1999 170  6 19 22 51 22.850  63.02   243.1 0 -9999.9 1 -9999.9 1   242.0 0   355.8 0   307.6 0   305.7 0   420.7 0   294.1 0   294.2 0    21.9 0   109.5 0 -9999.9 1   -64.9 0 -9999.9 1 -9999.9 1 -9999.9 1 -9999.9 1   107.3 0 -9999.9 1
 1999 170  6 19 22 54 22.900  63.58   250.0 0 -9999.9 1 -9999.9 1   249.1 0   356.4 0   307.6 0   305.5 0   421.0 0   294.1 0   294.2 0    22.3 0   112.9 0 -9999.9 1   -64.6 0 -9999.9 1 -9999.9 1 -9999.9 1 -9999.9 1   114.3 0 -9999.9 1
 1999 170  6 19 22 57 22.950  64.15   249.9 0 -9999.9 1 -9999.9 1   249.5 0   354.9 0   307.6 0   305.6 0   421.0 0   294.1 0   294.2 0    21.7 0   112.8 0 -9999.9 1   -66.1 0 -9999.9 1 -9999.9 1 -9999.9 1 -9999.9 1   110.6 0 -9999.9 1
 1999 170  6 19 23  3 23.050  65.27   283.5 0 -9999.9 1 -9999.9 1   277.2 0   352.4 0   307.6 0   305.8 0   423.3 0   294.2 0   294.3 0    22.0 0   128.2 0 -9999.9 1   -70.8 0 -9999.9 1 -9999.9 1 -9999.9 1 -9999.9 1   119.6 0 -9999.9 1
 1999 170  6 19 23  6 23.100  65.84   319.4 0 -9999.9 1 -9999.9 1   284.9 0   348.5 0   307.6 0   305.9 0   424.5 0   294.2 0   294.3 0    22.2 0   144.4 0 -9999.9 1   -76.0 0 -9999.9 1 -9999.9 1 -9999.9 1 -9999.9 1   122.6 0 -9999.9 1
 1999 170  6 19 23  9 23.150  66.40   374.0 0 -9999.9 1 -9999.9 1   282.9 0   344.9 0   307.7 0   306.1 0   428.4 0   294.3 0   294.4 0    22.6 0   167.7 0 -9999.9 1   -83.6 0 -9999.9 1 -9999.9 1 -9999.9 1 -9999.9 1   120.8 0 -9999.9 1
 1999 170  6 19 23 12 23.200  66.96   310.1 0 -9999.9 1 -9999.9 1   274.0 0   340.4 0   307.6 0   305.8 0   424.7 0   294.2 0   294.3 0    21.3 0   141.4 0 -9999.9 1   -84.3 0 -9999.9 1 -9999.9 1 -9999.9 1 -9999.9 1   109.9 0 -9999.9 1
 1999 170  6 19 23 18 23.300  68.08   306.5 0 -9999.9 1 -9999.9 1   245.2 0   333.6 0   307.7 0   305.9 0   422.9 0   294.2 0   294.3 0    20.4 0   140.3 0 -9999.9 1   -89.3 0 -9999.9 1 -9999.9 1 -9999.9 1 -9999.9 1   108.7 0 -9999.9 1
 1999 170  6 19 23 21 23.350  68.64   300.3 0 -9999.9 1 -9999.9 1   208.2 0   323.0 0   307.6 0   305.7 0   419.8 0   294.0 0   294.1 0    18.9 0   136.7 0 -9999.9 1   -96.8 0 -9999.9 1 -9999.9 1 -9999.9 1 -9999.9 1    92.0 0 -9999.9 1
 1999 170  6 19 23 24 23.400  69.19   177.7 0 -9999.9 1 -9999.9 1   166.6 0   312.5 0   307.6 0   305.4 0   411.5 0   293.8 0   293.8 0    16.4 0    84.3 0 -9999.9 1   -99.0 0 -9999.9 1 -9999.9 1 -9999.9 1 -9999.9 1   101.2 0 -9999.9 1
 1999 170  6 19 23 27 23.450  69.75   161.6 0 -9999.9 1 -9999.9 1   152.4 0   308.8 0   307.4 0   305.1 0   407.1 0   293.7 0   293.7 0    14.9 2    76.8 0 -9999.9 1   -98.4 0 -9999.9 1 -9999.9 1 -9999.9 1 -9999.9 1   106.1 0 -9999.9 1
 1999 170  6 19 23 33 23.550  70.86   183.7 0 -9999.9 1 -9999.9 1   149.6 0   312.7 0   307.4 0   305.1 0   409.3 0   293.7 0   293.7 0    13.4 0    86.0 0 -9999.9 1   -96.5 0 -9999.9 1 -9999.9 1 -9999.9 1 -9999.9 1   110.3 0 -9999.9 1
 1999 170  6 19 23 36 23.600  71.41   170.6 0 -9999.9 1 -9999.9 1   146.1 0   312.5 0   307.3 0   305.2 0   408.9 0   293.6 0   293.6 0    12.6 0    80.7 0 -9999.9 1   -96.3 0 -9999.9 1 -9999.9 1 -9999.9 1 -9999.9 1   102.5 0 -9999.9 1
 1999 170  6 19 23 39 23.650  71.96   158.3 0 -9999.9 1 -9999.9 1   147.1 0   311.2 0   307.1 0   304.9 0   407.5 0   293.4 0   293.4 0    12.1 0    74.5 0 -9999.9 1   -96.4 0 -9999.9 1 -9999.9 1 -9999.9 1 -9999.9 1   104.7 0 -9999.9 1
 1999 170  6 19 23 42 23.700  72.51   136.9 0 -9999.9 1 -9999.9 1   135.3 0   308.1 0   307.0 0   304.8 0   405.6 0   293.3 0   293.3 0    11.3 0    65.4 0 -9999.9 1   -97.5 0 -9999.9 1 -9999.9 1 -9999.9 1 -9999.9 1   101.9 0 -9999.9 1
 1999 170  6 19 23 48 23.800  73.61   115.8 0 -9999.9 1 -9999.9 1   115.4 0   302.2 0   306.7 0   304.6 0   402.3 0   293.2 0   293.1 0     9.9 0    56.3 0 -9999.9 1  -100.2 0 -9999.9 1 -9999.9 1 -9999.9 1 -9999.9 1   126.7 0 -9999.9 1
 1999 170  6 19 23 51 23.850  74.15   109.9 0 -9999.9 1 -9999.9 1   110.1 0   303.2 0   306.5 0   304.3 0   401.6 0   293.0 0   293.0 0     9.3 0    53.7 0 -9999.9 1   -98.5 0 -9999.9 1 -9999.9 1 -9999.9 1 -9999.9 1   126.8 0 -9999.9 1
 1999 170  6 19 23 54 23.900  74.70   108.1 0 -9999.9 1 -9999.9 1   109.4 0   305.8 0   306.3 0   303.9 0   401.1 0   292.9 0   292.8 0     8.7 0    52.6 0 -9999.9 1   -95.4 0 -9999.9 1 -9999.9 1 -9999.9 1 -9999.9 1   116.7 0 -9999.9 1
 1999 170  6 19 23 57 23.950  75.24   108.1 0 -9999.9 1 -9999.9 1   109.9 0   307.4 0   306.1 0   304.0 0   401.4 0   292.8 0   292.8 0     8.1 0    52.4 0 -9999.9 1   -94.0 0 -9999.9 1 -9999.9 1 -9999.9 1 -9999.9 1   117.1 0 -9999.9 1
