 Bondville
   40.05  -88.37  213 m version 1
 1999 168  6 17  0  3  0.050  76.48    84.0 0 -9999.9 1 -9999.9 1    86.1 0   321.8 0   300.0 0   298.1 0   387.4 0   288.5 0   288.5 0     5.2 0    40.3 0 -9999.9 1   -65.6 0 -9999.9 1 -9999.9 1 -9999.9 1 -9999.9 1    10.2 0 -9999.9 1
 1999 168  6 17  0  6  0.100  77.02    66.0 0 -9999.9 1 -9999.9 1    68.3 0   326.6 0   299.8 0   297.8 0   385.0 0   288.3 0   288.2 0     4.4 0    32.2 0 -9999.9 1   -58.4 0 -9999.9 1 -9999.9 1 -9999.9 1 -9999.9 1     6.2 0 -9999.9 1
 1999 168  6 17  0  9  0.150  77.56    66.8 0 -9999.9 1 -9999.9 1    63.9 0   328.6 0   299.6 0   297.6 0   383.6 0   288.0 0   287.9 0     3.8 0    31.0 0 -9999.9 1   -55.0 0 -9999.9 1 -9999.9 1 -9999.9 1 -9999.9 1     8.1 0 -9999.9 1
 1999 168  6 17  0 12  0.200  78.09    76.6 0 -9999.9 1 -9999.9 1    67.5 0   329.2 0   299.6 0   297.9 0   384.9 0   288.0 0   288.0 0     3.5 0    33.6 0 -9999.9 1   -55.7 0 -9999.9 1 -9999.9 1 -9999.9 1 -9999.9 1    10.6 0 -9999.9 1
 1999 168  6 17  0 18  0.300  79.16    95.6 0 -9999.9 1 -9999.9 1    95.6 0   325.5 0   299.6 0   297.9 0   385.5 0   287.8 0   287.8 0     3.3 2    42.8 0 -9999.9 1   -60.0 0 -9999.9 1 -9999.9 1 -9999.9 1 -9999.9 1     8.3 0 -9999.9 1
 1999 168  6 17  0 21  0.350  79.69   101.8 0 -9999.9 1 -9999.9 1    98.0 0   327.1 0   299.8 0   297.9 0   386.6 0   287.9 0   287.9 0     3.0 0    44.4 0 -9999.9 1   -59.5 0 -9999.9 1 -9999.9 1 -9999.9 1 -9999.9 1     6.8 0 -9999.9 1
 1999 168  6 17  0 24  0.400  80.21    96.0 0 -9999.9 1 -9999.9 1    92.3 0   328.9 0   299.9 0   298.0 0   387.0 0   287.9 0   287.9 0     2.6 0    41.8 0 -9999.9 1   -58.1 0 -9999.9 1 -9999.9 1 -9999.9 1 -9999.9 1     5.5 0 -9999.9 1
 1999 168  6 17  0 27  0.450  80.74    93.1 0 -9999.9 1 -9999.9 1    93.3 0   324.7 0   300.0 0   298.2 0   386.8 0   288.0 0   288.0 0     2.5 0    41.6 0 -9999.9 1   -62.1 0 -9999.9 1 -9999.9 1 -9999.9 1 -9999.9 1     6.6 0 -9999.9 1
 1999 168  6 17  0 33  0.550  81.78    94.1 0 -9999.9 1 -9999.9 1    95.7 0   320.2 0   300.1 0   298.2 0   386.4 0   288.0 0   288.0 0     2.3 0    42.0 0 -9999.9 1   -66.2 0 -9999.9 1 -9999.9 1 -9999.9 1 -9999.9 1     9.1 0 -9999.9 1
 1999 168  6 17  0 36  0.600  82.30    92.7 0 -9999.9 1 -9999.9 1    89.0 0   315.7 0   300.1 0   298.2 0   385.7 0   288.0 0   288.0 0     2.1 0    39.8 0 -9999.9 1   -70.0 0 -9999.9 1 -9999.9 1 -9999.9 1 -9999.9 1     8.7 0 -9999.9 1
 1999 168  6 17  0 39  0.650  82.81    82.9 0 -9999.9 1 -9999.9 1    76.8 0   307.8 0   300.2 0   298.4 0   384.7 0   288.1 0   288.0 0     2.0 0    36.2 0 -9999.9 1   -76.9 0 -9999.9 1 -9999.9 1 -9999.9 1 -9999.9 1     9.3 0 -9999.9 1
 1999 168  6 17  0 42  0.700  83.32    91.7 0 -9999.9 1 -9999.9 1    70.8 0   301.1 0   300.1 0   298.2 0   383.0 0   287.9 0   287.9 0     1.8 0    36.7 0 -9999.9 1   -81.9 0 -9999.9 1 -9999.9 1 -9999.9 1 -9999.9 1     7.1 0 -9999.9 1
 1999 168  6 17  0 48  0.800  84.34    58.7 0 -9999.9 1 -9999.9 1    58.6 0   292.3 0   300.1 0   298.1 0   378.5 0   287.6 0   287.6 0     1.5 2    27.1 0 -9999.9 1   -86.2 0 -9999.9 1 -9999.9 1 -9999.9 1 -9999.9 1     8.0 0 -9999.9 1
 1999 168  6 17  0 51  0.850  84.84    59.7 0 -9999.9 1 -9999.9 1    53.4 0   290.9 0   300.0 0   298.2 0   376.9 0   287.5 0   287.5 0     1.3 2    25.2 0 -9999.9 1   -86.0 0 -9999.9 1 -9999.9 1 -9999.9 1 -9999.9 1     8.6 0 -9999.9 1
 1999 168  6 17  0 54  0.900  85.34    62.4 0 -9999.9 1 -9999.9 1    50.4 0   291.3 0   300.1 0   298.3 0   377.2 0   287.5 0   287.4 0     1.1 2    23.9 0 -9999.9 1   -85.9 0 -9999.9 1 -9999.9 1 -9999.9 1 -9999.9 1     9.8 0 -9999.9 1
 1999 168  6 17  0 57  0.950  85.83    52.7 0 -9999.9 1 -9999.9 1    44.7 0   288.4 0   300.1 0   298.2 0   376.0 0   287.4 0   287.3 0     0.9 2    20.7 0 -9999.9 1   -87.5 0 -9999.9 1 -9999.9 1 -9999.9 1 -9999.9 1     9.0 0 -9999.9 1
 1999 168  6 17  1  3  1.050  86.80    34.7 0 -9999.9 1 -9999.9 1    34.8 0   286.7 0   300.3 0   298.3 0   373.4 0   287.3 0   287.3 0     0.7 2    15.3 0 -9999.9 1   -86.8 0 -9999.9 1 -9999.9 1 -9999.9 1 -9999.9 1     6.3 0 -9999.9 1
 1999 168  6 17  1  6  1.100  87.28    29.7 0 -9999.9 1 -9999.9 1    30.9 0   288.3 0   300.4 0   298.6 0   373.1 0   287.3 0   287.3 0     0.6 2    12.9 0 -9999.9 1   -84.8 0 -9999.9 1 -9999.9 1 -9999.9 1 -9999.9 1     9.4 0 -9999.9 1
 1999 168  6 17  1  9  1.150  87.74    25.2 0 -9999.9 1 -9999.9 1    26.5 0   293.2 0   300.6 0   298.7 0   373.8 0   287.4 0   287.3 0     0.5 0    10.4 0 -9999.9 1   -80.6 0 -9999.9 1 -9999.9 1 -9999.9 1 -9999.9 1     9.8 0 -9999.9 1
 1999 168  6 17  1 12  1.200  88.20    20.7 0 -9999.9 1 -9999.9 1    22.3 0   299.3 0   300.7 0   298.9 0   373.9 0   287.4 0   287.4 0     0.4 0     8.5 0 -9999.9 1   -74.6 0 -9999.9 1 -9999.9 1 -9999.9 1 -9999.9 1    11.2 0 -9999.9 1
 1999 168  6 17  1 18  1.300  89.06    12.7 0 -9999.9 1 -9999.9 1    15.4 0   306.7 0   300.7 0   298.9 0   373.6 0   287.3 0   287.2 0     0.2 0     5.1 0 -9999.9 1   -67.0 0 -9999.9 1 -9999.9 1 -9999.9 1 -9999.9 1    12.4 0 -9999.9 1
 1999 168  6 17  1 21  1.350  89.46     9.1 0 -9999.9 1 -9999.9 1    12.3 0   305.3 0   300.7 0   298.9 0   373.2 0   287.3 0   287.2 0     0.2 0     3.6 0 -9999.9 1   -67.9 0 -9999.9 1 -9999.9 1 -9999.9 1 -9999.9 1     8.8 0 -9999.9 1
 1999 168  6 17  1 24  1.400  89.83     6.3 0 -9999.9 1 -9999.9 1    10.1 0   306.3 0   300.8 0   298.9 0   373.0 0   287.3 0   287.2 0     0.1 0     2.7 0 -9999.9 1   -66.7 0 -9999.9 1 -9999.9 1 -9999.9 1 -9999.9 1     9.4 0 -9999.9 1
 1999 168  6 17  1 27  1.450  91.00     1.9 0 -9999.9 1 -9999.9 1     5.7 0   303.8 0   300.8 0   298.9 0   372.0 0   287.2 0   287.1 0     0.0 0     1.7 0 -9999.9 1   -68.2 0 -9999.9 1 -9999.9 1 -9999.9 1 -9999.9 1     8.0 0 -9999.9 1
 1999 168  6 17  1 33  1.550  91.97    -1.4 0 -9999.9 1 -9999.9 1     2.6 0   296.0 0   300.6 0   298.8 0   368.5 0   286.9 0   286.7 0     0.0 0     0.6 0 -9999.9 1   -72.6 0 -9999.9 1 -9999.9 1 -9999.9 1 -9999.9 1    14.3 0 -9999.9 1
 1999 168  6 17  1 36  1.600  92.45    -2.0 0 -9999.9 1 -9999.9 1     1.8 0   298.3 0   300.4 0   298.7 0   367.3 0   286.6 0   286.5 0     0.0 0     0.5 0 -9999.9 1   -69.0 0 -9999.9 1 -9999.9 1 -9999.9 1 -9999.9 1    11.2 0 -9999.9 1
 1999 168  6 17  1 39  1.650  92.93    -2.2 0 -9999.9 1 -9999.9 1     1.1 0   301.8 0   300.4 0   298.7 0   367.5 0   286.5 0   286.4 0     0.0 0     0.1 0 -9999.9 1   -65.6 0 -9999.9 1 -9999.9 1 -9999.9 1 -9999.9 1    11.5 0 -9999.9 1
 1999 168  6 17  1 42  1.700  93.40    -2.5 0 -9999.9 1 -9999.9 1     1.0 0   304.8 0   300.5 0   298.7 0   367.9 0   286.5 0   286.4 0     0.0 0     0.0 0 -9999.9 1   -63.1 0 -9999.9 1 -9999.9 1 -9999.9 1 -9999.9 1    10.1 0 -9999.9 1
 1999 168  6 17  1 48  1.800  94.34    -3.0 0 -9999.9 1 -9999.9 1     1.0 0   304.3 0   300.6 0   298.7 0   367.8 0   286.5 0   286.4 0     0.0 0     0.0 0 -9999.9 1   -63.5 0 -9999.9 1 -9999.9 1 -9999.9 1 -9999.9 1     9.0 0 -9999.9 1
 1999 168  6 17  1 51  1.850  94.80    -3.3 0 -9999.9 1 -9999.9 1     0.7 0   299.9 0   300.5 0   298.7 0   366.2 0   286.3 0   286.2 0     0.0 0    -0.1 0 -9999.9 1   -66.4 0 -9999.9 1 -9999.9 1 -9999.9 1 -9999.9 1    11.6 0 -9999.9 1
 1999 168  6 17  1 54  1.900  95.26    -2.9 0 -9999.9 1 -9999.9 1     0.4 0   296.8 0   300.4 0   298.7 0   364.9 0   286.2 0   286.1 0     0.0 0    -0.2 0 -9999.9 1   -68.0 0 -9999.9 1 -9999.9 1 -9999.9 1 -9999.9 1    10.8 0 -9999.9 1
 1999 168  6 17  1 57  1.950  95.72    -3.0 0 -9999.9 1 -9999.9 1     0.1 0   294.6 0   300.5 0   298.8 0   363.2 0   286.2 0   286.1 0     0.0 0    -0.2 0 -9999.9 1   -68.7 0 -9999.9 1 -9999.9 1 -9999.9 1 -9999.9 1     8.1 0 -9999.9 1
 1999 168  6 17  2  3  2.050  96.63    -3.1 0 -9999.9 1 -9999.9 1    -0.6 0   292.5 0   300.5 0   298.8 0   361.6 0   286.1 0   286.0 0     0.0 0    -0.2 0 -9999.9 1   -69.1 0 -9999.9 1 -9999.9 1 -9999.9 1 -9999.9 1     2.0 0 -9999.9 1
 1999 168  6 17  2  6  2.100  97.08    -3.0 0 -9999.9 1 -9999.9 1    -0.7 0   290.9 0   300.5 0   298.7 0   360.9 0   286.1 0   286.0 0     0.0 0    -0.2 0 -9999.9 1   -70.0 0 -9999.9 1 -9999.9 1 -9999.9 1 -9999.9 1    10.6 0 -9999.9 1
 1999 168  6 17  2  9  2.150  97.53    -3.1 0 -9999.9 1 -9999.9 1    -0.8 0   288.4 0   300.6 0   298.8 0   360.1 0   286.0 0   285.9 0     0.0 0    -0.2 0 -9999.9 1   -71.7 0 -9999.9 1 -9999.9 1 -9999.9 1 -9999.9 1     2.2 0 -9999.9 1
 1999 168  6 17  2 12  2.200  97.97    -3.1 0 -9999.9 1 -9999.9 1    -0.7 0   288.7 0   300.5 0   298.7 0   359.1 0   285.9 0   285.8 0     0.0 0    -0.1 0 -9999.9 1   -70.4 0 -9999.9 1 -9999.9 1 -9999.9 1 -9999.9 1     8.4 0 -9999.9 1
 1999 168  6 17  2 18  2.300  98.84    -3.1 0 -9999.9 1 -9999.9 1    -1.4 0   277.4 0   300.0 0   298.3 0   355.1 0   285.3 0   285.2 0     0.0 0    -0.2 0 -9999.9 1   -77.7 0 -9999.9 1 -9999.9 1 -9999.9 1 -9999.9 1     6.4 0 -9999.9 1
 1999 168  6 17  2 21  2.350  99.27    -3.0 0 -9999.9 1 -9999.9 1    -1.3 0   276.2 0   299.9 0   298.1 0   353.6 0   285.0 0   284.9 0     0.0 0    -0.2 0 -9999.9 1   -77.5 0 -9999.9 1 -9999.9 1 -9999.9 1 -9999.9 1     0.4 0 -9999.9 1
 1999 168  6 17  2 24  2.400  99.70    -3.1 0 -9999.9 1 -9999.9 1    -1.4 0   280.1 0   299.7 0   298.0 0   353.0 0   284.8 0   284.7 0     0.0 0    -0.2 0 -9999.9 1   -72.9 0 -9999.9 1 -9999.9 1 -9999.9 1 -9999.9 1     1.1 0 -9999.9 1
 1999 168  6 17  2 27  2.450 100.13    -3.0 0 -9999.9 1 -9999.9 1    -1.4 0   288.3 0   299.8 0   298.1 0   354.8 0   284.9 0   284.8 0     0.0 0    -0.2 0 -9999.9 1   -66.5 0 -9999.9 1 -9999.9 1 -9999.9 1 -9999.9 1     1.3 0 -9999.9 1
 1999 168  6 17  2 33  2.550 100.96    -2.9 0 -9999.9 1 -9999.9 1    -0.8 0   305.2 0   300.0 0   298.3 0   359.1 0   285.0 0   284.9 0     0.0 0    -0.2 0 -9999.9 1   -53.9 0 -9999.9 1 -9999.9 1 -9999.9 1 -9999.9 1     9.1 0 -9999.9 1
 1999 168  6 17  2 36  2.600 101.38    -3.0 0 -9999.9 1 -9999.9 1    -0.8 0   306.0 0   299.8 0   298.0 0   359.1 0   284.7 0   284.6 0     0.0 0    -0.2 0 -9999.9 1   -53.0 0 -9999.9 1 -9999.9 1 -9999.9 1 -9999.9 1    18.5 0 -9999.9 1
 1999 168  6 17  2 39  2.650 101.79    -3.0 0 -9999.9 1 -9999.9 1    -0.7 0   307.0 0   299.8 0   298.1 0   360.0 0   284.7 0   284.6 0     0.0 0    -0.2 0 -9999.9 1   -53.0 0 -9999.9 1 -9999.9 1 -9999.9 1 -9999.9 1    14.3 0 -9999.9 1
 1999 168  6 17  2 42  2.700 102.19    -3.1 0 -9999.9 1 -9999.9 1    -0.6 0   299.6 0   299.9 0   298.1 0   360.1 0   284.7 0   284.6 0     0.0 0    -0.2 0 -9999.9 1   -60.6 0 -9999.9 1 -9999.9 1 -9999.9 1 -9999.9 1    13.1 0 -9999.9 1
 1999 168  6 17  2 48  2.800 102.99    -3.4 0 -9999.9 1 -9999.9 1    -0.6 0   279.7 0   299.7 0   297.8 0   356.5 0   284.5 0   284.4 0     0.0 0    -0.2 0 -9999.9 1   -76.8 0 -9999.9 1 -9999.9 1 -9999.9 1 -9999.9 1    20.0 0 -9999.9 1
 1999 168  6 17  2 51  2.850 103.38    -3.5 0 -9999.9 1 -9999.9 1    -0.7 0   278.9 0   299.8 0   297.8 0   356.3 0   284.6 0   284.5 0     0.0 0    -0.2 0 -9999.9 1   -77.5 0 -9999.9 1 -9999.9 1 -9999.9 1 -9999.9 1    16.6 0 -9999.9 1
 1999 168  6 17  2 54  2.900 103.77    -3.6 0 -9999.9 1 -9999.9 1    -0.7 0   273.3 0   299.7 0   297.8 0   354.5 0   284.5 0   284.4 0     0.0 0    -0.2 0 -9999.9 1   -81.2 0 -9999.9 1 -9999.9 1 -9999.9 1 -9999.9 1    16.8 0 -9999.9 1
 1999 168  6 17  2 57  2.950 104.16    -3.6 0 -9999.9 1 -9999.9 1    -0.7 0   268.1 0   299.6 0   297.7 0   352.3 0   284.4 0   284.3 0     0.0 0    -0.2 0 -9999.9 1   -84.1 0 -9999.9 1 -9999.9 1 -9999.9 1 -9999.9 1    18.9 0 -9999.9 1
 1999 168  6 17  3  3  3.050 104.91    -3.6 0 -9999.9 1 -9999.9 1    -0.7 0   266.1 0   299.6 0   297.5 0   350.8 0   284.4 0   284.3 0     0.0 0    -0.2 0 -9999.9 1   -84.7 0 -9999.9 1 -9999.9 1 -9999.9 1 -9999.9 1    20.7 0 -9999.9 1
 1999 168  6 17  3  6  3.100 105.28    -3.5 0 -9999.9 1 -9999.9 1    -1.0 0   266.6 0   299.5 0   297.4 0   350.7 0   284.3 0   284.2 0     0.0 0    -0.2 0 -9999.9 1   -84.2 0 -9999.9 1 -9999.9 1 -9999.9 1 -9999.9 1    19.6 0 -9999.9 1
 1999 168  6 17  3  9  3.150 105.65    -3.6 0 -9999.9 1 -9999.9 1    -1.1 0   264.0 0   299.2 0   297.2 0   349.7 0   284.1 0   283.9 0     0.0 0    -0.2 0 -9999.9 1   -85.7 0 -9999.9 1 -9999.9 1 -9999.9 1 -9999.9 1    16.1 0 -9999.9 1
 1999 168  6 17  3 12  3.200 106.01    -3.5 0 -9999.9 1 -9999.9 1    -1.0 0   261.1 0   299.1 0   297.3 0   348.7 0   283.9 0   283.8 0     0.0 0    -0.1 0 -9999.9 1   -87.5 0 -9999.9 1 -9999.9 1 -9999.9 1 -9999.9 1    11.0 0 -9999.9 1
 1999 168  6 17  3 18  3.300 106.72    -3.1 0 -9999.9 1 -9999.9 1    -0.7 0   258.9 0   299.1 0   297.5 0   346.2 0   283.9 0   283.8 0     0.0 0    -0.2 0 -9999.9 1   -87.3 0 -9999.9 1 -9999.9 1 -9999.9 1 -9999.9 1     2.1 0 -9999.9 1
 1999 168  6 17  3 21  3.350 107.07    -3.2 0 -9999.9 1 -9999.9 1    -0.8 0   260.3 0   299.1 0   297.3 0   346.0 0   283.9 0   283.8 0     0.0 0    -0.2 0 -9999.9 1   -85.6 0 -9999.9 1 -9999.9 1 -9999.9 1 -9999.9 1     0.1 0 -9999.9 1
 1999 168  6 17  3 24  3.400 107.41    -3.4 0 -9999.9 1 -9999.9 1    -0.7 0   260.4 0   299.0 0   297.2 0   346.0 0   283.8 0   283.7 0     0.0 0    -0.2 0 -9999.9 1   -85.6 0 -9999.9 1 -9999.9 1 -9999.9 1 -9999.9 1     9.9 0 -9999.9 1
 1999 168  6 17  3 27  3.450 107.74    -3.4 0 -9999.9 1 -9999.9 1    -0.4 0   257.3 0   298.8 0   297.3 0   344.8 0   283.6 0   283.5 0     0.0 0    -0.2 0 -9999.9 1   -87.5 0 -9999.9 1 -9999.9 1 -9999.9 1 -9999.9 1    14.9 0 -9999.9 1
 1999 168  6 17  3 33  3.550 108.40    -3.4 0 -9999.9 1 -9999.9 1    -0.4 0   259.2 0   298.9 0   297.3 0   345.0 0   283.6 0   283.5 0     0.0 0    -0.2 0 -9999.9 1   -85.8 0 -9999.9 1 -9999.9 1 -9999.9 1 -9999.9 1     9.5 0 -9999.9 1
 1999 168  6 17  3 36  3.600 108.72    -3.3 0 -9999.9 1 -9999.9 1    -0.3 0   259.9 0   298.9 0   297.4 0   345.4 0   283.6 0   283.4 0     0.0 0    -0.2 0 -9999.9 1   -85.4 0 -9999.9 1 -9999.9 1 -9999.9 1 -9999.9 1     2.3 0 -9999.9 1
 1999 168  6 17  3 39  3.650 109.04    -3.1 0 -9999.9 1 -9999.9 1     0.1 0   261.7 0   299.0 0   297.3 0   346.5 0   283.6 0   283.4 0     0.0 0    -0.2 0 -9999.9 1   -84.8 0 -9999.9 1 -9999.9 1 -9999.9 1 -9999.9 1     7.7 0 -9999.9 1
 1999 168  6 17  3 42  3.700 109.35    -3.3 0 -9999.9 1 -9999.9 1     0.1 0   262.6 0   299.0 0   297.4 0   346.9 0   283.6 0   283.5 0     0.0 0    -0.2 0 -9999.9 1   -84.3 0 -9999.9 1 -9999.9 1 -9999.9 1 -9999.9 1    10.7 0 -9999.9 1
 1999 168  6 17  3 48  3.800 109.95    -3.3 0 -9999.9 1 -9999.9 1    -0.2 0   262.0 0   299.1 0   297.7 0   346.3 0   283.6 0   283.5 0     0.0 0    -0.2 0 -9999.9 1   -84.2 0 -9999.9 1 -9999.9 1 -9999.9 1 -9999.9 1     5.7 0 -9999.9 1
 1999 168  6 17  3 51  3.850 110.25    -3.4 0 -9999.9 1 -9999.9 1    -0.1 0   265.8 0   299.1 0   297.2 0   346.9 0   283.6 0   283.5 0     0.0 0    -0.1 0 -9999.9 1   -81.1 0 -9999.9 1 -9999.9 1 -9999.9 1 -9999.9 1     1.0 0 -9999.9 1
 1999 168  6 17  3 54  3.900 110.53    -3.6 0 -9999.9 1 -9999.9 1    -0.1 0   265.9 0   298.9 0   296.9 0   347.1 0   283.4 0   283.3 0     0.0 0    -0.1 0 -9999.9 1   -81.2 0 -9999.9 1 -9999.9 1 -9999.9 1 -9999.9 1     9.9 0 -9999.9 1
 1999 168  6 17  3 57  3.950 110.82    -3.7 0 -9999.9 1 -9999.9 1    -0.5 0   264.1 0   298.7 0   296.7 0   346.1 0   283.1 0   283.0 0     0.0 0    -0.2 0 -9999.9 1   -81.9 0 -9999.9 1 -9999.9 1 -9999.9 1 -9999.9 1    13.3 0 -9999.9 1
 1999 168  6 17  4  3  4.050 111.36    -3.8 0 -9999.9 1 -9999.9 1    -0.3 0   263.4 0   298.6 0   296.6 0   345.5 0   283.0 0   282.9 0     0.0 0    -0.1 0 -9999.9 1   -82.1 0 -9999.9 1 -9999.9 1 -9999.9 1 -9999.9 1     9.6 0 -9999.9 1
 1999 168  6 17  4  6  4.100 111.63    -3.5 0 -9999.9 1 -9999.9 1    -0.5 0   261.8 0   298.5 0   296.7 0   345.1 0   283.1 0   283.0 0     0.0 0    -0.1 0 -9999.9 1   -83.2 0 -9999.9 1 -9999.9 1 -9999.9 1 -9999.9 1     8.5 0 -9999.9 1
 1999 168  6 17  4  9  4.150 111.88    -3.3 0 -9999.9 1 -9999.9 1    -0.1 0   261.3 0   298.5 0   296.9 0   344.7 0   283.1 0   283.0 0     0.0 0    -0.2 0 -9999.9 1   -83.3 0 -9999.9 1 -9999.9 1 -9999.9 1 -9999.9 1     8.8 0 -9999.9 1
 1999 168  6 17  4 12  4.200 112.14    -3.5 0 -9999.9 1 -9999.9 1     0.1 0   261.4 0   298.4 0   296.7 0   343.5 0   283.0 0   282.9 0     0.0 0    -0.2 0 -9999.9 1   -82.1 0 -9999.9 1 -9999.9 1 -9999.9 1 -9999.9 1     7.0 0 -9999.9 1
 1999 168  6 17  4 18  4.300 112.62    -3.9 0 -9999.9 1 -9999.9 1     0.2 0   262.1 0   298.3 0   296.3 0   345.1 0   282.8 0   282.7 0     0.0 0    -0.2 0 -9999.9 1   -82.9 0 -9999.9 1 -9999.9 1 -9999.9 1 -9999.9 1     7.9 0 -9999.9 1
 1999 168  6 17  4 21  4.350 112.85    -3.8 0 -9999.9 1 -9999.9 1     0.2 0   261.6 0   298.2 0   296.4 0   345.0 0   282.8 0   282.7 0     0.0 0    -0.1 0 -9999.9 1   -83.4 0 -9999.9 1 -9999.9 1 -9999.9 1 -9999.9 1    19.0 0 -9999.9 1
 1999 168  6 17  4 24  4.400 113.08    -3.8 0 -9999.9 1 -9999.9 1     0.2 0   262.8 0   298.2 0   296.3 0   345.1 0   282.8 0   282.7 0     0.0 0    -0.1 0 -9999.9 1   -82.3 0 -9999.9 1 -9999.9 1 -9999.9 1 -9999.9 1    16.5 0 -9999.9 1
 1999 168  6 17  4 27  4.450 113.30    -3.8 0 -9999.9 1 -9999.9 1     0.2 0   264.1 0   298.2 0   296.2 0   345.3 0   282.8 0   282.8 0     0.0 0    -0.2 0 -9999.9 1   -81.2 0 -9999.9 1 -9999.9 1 -9999.9 1 -9999.9 1    13.5 0 -9999.9 1
 1999 168  6 17  4 33  4.550 113.72    -3.8 0 -9999.9 1 -9999.9 1     0.3 0   262.8 0   298.1 0   296.2 0   345.9 0   282.9 0   282.8 0     0.0 0    -0.2 0 -9999.9 1   -83.1 0 -9999.9 1 -9999.9 1 -9999.9 1 -9999.9 1   359.9 0 -9999.9 1
 1999 168  6 17  4 36  4.600 113.92    -3.6 0 -9999.9 1 -9999.9 1     0.6 0   262.1 0   298.0 0   296.1 0   346.2 0   282.9 0   282.8 0     0.0 0    -0.2 0 -9999.9 1   -84.1 0 -9999.9 1 -9999.9 1 -9999.9 1 -9999.9 1     1.0 0 -9999.9 1
 1999 168  6 17  4 39  4.650 114.11    -3.7 0 -9999.9 1 -9999.9 1     0.6 0   263.6 0   297.9 0   295.9 0   346.8 0   282.9 0   282.8 0     0.0 0    -0.2 0 -9999.9 1   -83.2 0 -9999.9 1 -9999.9 1 -9999.9 1 -9999.9 1     7.4 0 -9999.9 1
 1999 168  6 17  4 42  4.700 114.30    -4.1 0 -9999.9 1 -9999.9 1     0.3 0   263.2 0   297.8 0   295.7 0   346.4 0   282.8 0   282.8 0     0.0 0    -0.2 0 -9999.9 1   -83.2 0 -9999.9 1 -9999.9 1 -9999.9 1 -9999.9 1    18.0 0 -9999.9 1
 1999 168  6 17  4 48  4.800 114.65    -3.9 0 -9999.9 1 -9999.9 1     0.4 0   262.9 0   297.8 0   295.8 0   346.2 0   283.0 0   282.9 0     0.0 0    -0.1 0 -9999.9 1   -83.4 0 -9999.9 1 -9999.9 1 -9999.9 1 -9999.9 1    15.0 0 -9999.9 1
 1999 168  6 17  4 51  4.850 114.82    -4.0 0 -9999.9 1 -9999.9 1     0.2 0   264.4 0   297.8 0   295.7 0   347.0 0   283.0 0   282.9 0     0.0 0    -0.1 0 -9999.9 1   -82.6 0 -9999.9 1 -9999.9 1 -9999.9 1 -9999.9 1    15.0 0 -9999.9 1
 1999 168  6 17  4 54  4.900 114.97    -4.1 0 -9999.9 1 -9999.9 1     0.1 0   264.1 0   297.6 0   295.4 0   348.3 0   282.9 0   282.8 0     0.0 0    -0.1 0 -9999.9 1   -84.2 0 -9999.9 1 -9999.9 1 -9999.9 1 -9999.9 1    10.4 0 -9999.9 1
 1999 168  6 17  4 57  4.950 115.12    -4.0 0 -9999.9 1 -9999.9 1     0.2 0   264.7 0   297.6 0   295.5 0   348.8 0   282.9 0   282.9 0     0.0 0    -0.2 0 -9999.9 1   -84.1 0 -9999.9 1 -9999.9 1 -9999.9 1 -9999.9 1     9.3 0 -9999.9 1
 1999 168  6 17  5  3  5.050 115.40    -4.1 0 -9999.9 1 -9999.9 1     0.1 0   260.6 0   297.0 0   295.0 0   345.2 0   282.5 0   282.4 0     0.0 0    -0.2 0 -9999.9 1   -84.6 0 -9999.9 1 -9999.9 1 -9999.9 1 -9999.9 1    17.2 0 -9999.9 1
 1999 168  6 17  5  6  5.100 115.53    -4.0 0 -9999.9 1 -9999.9 1     0.1 0   260.0 0   296.8 0   295.0 0   344.1 0   282.3 0   282.2 0     0.0 0    -0.2 0 -9999.9 1   -84.1 0 -9999.9 1 -9999.9 1 -9999.9 1 -9999.9 1    19.9 0 -9999.9 1
 1999 168  6 17  5  9  5.150 115.66    -3.9 0 -9999.9 1 -9999.9 1     0.3 0   258.7 0   296.7 0   295.0 0   342.6 0   282.2 0   282.0 0     0.0 0    -0.1 0 -9999.9 1   -84.0 0 -9999.9 1 -9999.9 1 -9999.9 1 -9999.9 1    17.7 0 -9999.9 1
 1999 168  6 17  5 12  5.200 115.77    -3.7 0 -9999.9 1 -9999.9 1     0.5 0   256.8 0   296.6 0   295.1 0   341.2 0   282.0 0   281.9 0     0.0 0    -0.1 0 -9999.9 1   -84.4 0 -9999.9 1 -9999.9 1 -9999.9 1 -9999.9 1    12.3 0 -9999.9 1
 1999 168  6 17  5 18  5.300 115.98    -3.6 0 -9999.9 1 -9999.9 1    -0.1 0   256.3 0   296.3 0   294.6 0   339.7 0   281.5 0   281.4 0     0.0 2    -0.1 0 -9999.9 1   -83.5 0 -9999.9 1 -9999.9 1 -9999.9 1 -9999.9 1     4.0 0 -9999.9 1
 1999 168  6 17  5 21  5.350 116.07    -3.7 0 -9999.9 1 -9999.9 1    -0.4 0   257.5 0   296.3 0   294.2 0   341.6 0   281.4 0   281.3 0     0.0 2    -0.2 0 -9999.9 1   -84.1 0 -9999.9 1 -9999.9 1 -9999.9 1 -9999.9 1   357.3 0 -9999.9 1
 1999 168  6 17  5 24  5.400 116.15    -4.2 0 -9999.9 1 -9999.9 1    -0.2 0   259.2 0   296.2 0   294.2 0   342.8 0   281.4 0   281.3 0     0.0 2    -0.2 0 -9999.9 1   -83.6 0 -9999.9 1 -9999.9 1 -9999.9 1 -9999.9 1     2.9 0 -9999.9 1
 1999 168  6 17  5 27  5.450 116.23    -3.7 0 -9999.9 1 -9999.9 1     0.2 0   255.3 0   296.2 0   294.6 0   340.9 0   281.3 0   281.1 0     0.0 2    -0.2 0 -9999.9 1   -85.6 0 -9999.9 1 -9999.9 1 -9999.9 1 -9999.9 1   359.9 0 -9999.9 1
 1999 168  6 17  5 33  5.550 116.36    -3.7 0 -9999.9 1 -9999.9 1     0.1 0   254.3 0   295.9 0   294.1 0   338.9 0   281.0 0   280.8 0     0.0 2    -0.1 0 -9999.9 1   -84.6 0 -9999.9 1 -9999.9 1 -9999.9 1 -9999.9 1   357.5 0 -9999.9 1
 1999 168  6 17  5 36  5.600 116.42    -3.8 0 -9999.9 1 -9999.9 1     0.0 0   254.8 0   295.9 0   294.0 0   339.3 0   280.8 0   280.7 0     0.0 2    -0.2 0 -9999.9 1   -84.5 0 -9999.9 1 -9999.9 1 -9999.9 1 -9999.9 1   355.7 0 -9999.9 1
 1999 168  6 17  5 39  5.650 116.46    -3.7 0 -9999.9 1 -9999.9 1     0.0 0   255.4 0   295.9 0   294.2 0   339.9 0   280.9 0   280.8 0     0.0 2    -0.1 0 -9999.9 1   -84.5 0 -9999.9 1 -9999.9 1 -9999.9 1 -9999.9 1     2.4 0 -9999.9 1
 1999 168  6 17  5 42  5.700 116.50    -3.7 0 -9999.9 1 -9999.9 1     0.0 0   255.9 0   296.0 0   294.2 0   340.2 0   280.9 0   280.8 0     0.0 2    -0.2 0 -9999.9 1   -84.3 0 -9999.9 1 -9999.9 1 -9999.9 1 -9999.9 1     1.0 0 -9999.9 1
 1999 168  6 17  5 48  5.800 116.56    -3.8 0 -9999.9 1 -9999.9 1    -0.1 0   255.8 0   295.8 0   294.0 0   339.7 0   280.8 0   280.7 0     0.0 2    -0.2 0 -9999.9 1   -84.0 0 -9999.9 1 -9999.9 1 -9999.9 1 -9999.9 1   358.9 0 -9999.9 1
 1999 168  6 17  5 51  5.850 116.57    -3.6 0 -9999.9 1 -9999.9 1     0.0 0   254.2 0   295.8 0   294.2 0   338.8 0   280.8 0   280.7 0     0.0 2    -0.2 0 -9999.9 1   -84.7 0 -9999.9 1 -9999.9 1 -9999.9 1 -9999.9 1     5.5 0 -9999.9 1
 1999 168  6 17  5 54  5.900 116.58    -3.2 0 -9999.9 1 -9999.9 1     0.0 0   253.2 0   295.8 0   294.6 0   337.5 0   280.8 0   280.7 0     0.0 2    -0.1 0 -9999.9 1   -84.4 0 -9999.9 1 -9999.9 1 -9999.9 1 -9999.9 1     6.2 0 -9999.9 1
 1999 168  6 17  5 57  5.950 116.58    -3.3 0 -9999.9 1 -9999.9 1    -0.2 0   255.7 0   295.8 0   294.2 0   337.5 0   280.8 0   280.7 0     0.0 0    -0.1 0 -9999.9 1   -81.8 0 -9999.9 1 -9999.9 1 -9999.9 1 -9999.9 1     7.6 0 -9999.9 1
 1999 168  6 17  6  3  6.050 116.56    -3.6 0 -9999.9 1 -9999.9 1    -0.5 0   258.9 0   295.9 0   294.2 0   338.7 0   280.9 0   280.8 0     0.0 0    -0.1 0 -9999.9 1   -79.8 0 -9999.9 1 -9999.9 1 -9999.9 1 -9999.9 1     0.8 0 -9999.9 1
 1999 168  6 17  6  6  6.100 116.54    -3.5 0 -9999.9 1 -9999.9 1    -0.5 0   258.3 0   295.8 0   294.0 0   338.7 0   280.8 0   280.7 0     0.0 0    -0.2 0 -9999.9 1   -80.4 0 -9999.9 1 -9999.9 1 -9999.9 1 -9999.9 1     1.4 0 -9999.9 1
 1999 168  6 17  6  9  6.150 116.51    -3.8 0 -9999.9 1 -9999.9 1    -0.2 0   258.0 0   295.8 0   294.0 0   338.1 0   280.7 0   280.6 0     0.0 0     0.0 0 -9999.9 1   -80.1 0 -9999.9 1 -9999.9 1 -9999.9 1 -9999.9 1     5.2 0 -9999.9 1
 1999 168  6 17  6 12  6.200 116.47    -3.4 0 -9999.9 1 -9999.9 1     0.1 0   256.1 0   295.7 0   294.2 0   337.7 0   280.7 0   280.6 0     0.0 2    -0.2 0 -9999.9 1   -81.6 0 -9999.9 1 -9999.9 1 -9999.9 1 -9999.9 1     6.6 0 -9999.9 1
 1999 168  6 17  6 18  6.300 116.37    -3.3 0 -9999.9 1 -9999.9 1     0.3 0   256.9 0   295.7 0   294.1 0   336.6 0   280.7 0   280.6 0     0.0 0    -0.2 0 -9999.9 1   -79.7 0 -9999.9 1 -9999.9 1 -9999.9 1 -9999.9 1     5.9 0 -9999.9 1
 1999 168  6 17  6 21  6.350 116.31    -3.5 0 -9999.9 1 -9999.9 1     0.0 0   259.2 0   295.8 0   294.1 0   337.7 0   280.9 0   280.7 0     0.0 0    -0.2 0 -9999.9 1   -78.5 0 -9999.9 1 -9999.9 1 -9999.9 1 -9999.9 1     0.7 0 -9999.9 1
 1999 168  6 17  6 24  6.400 116.24    -3.8 0 -9999.9 1 -9999.9 1     0.1 0   261.0 0   296.0 0   294.1 0   339.0 0   281.0 0   280.9 0     0.0 0    -0.1 0 -9999.9 1   -78.0 0 -9999.9 1 -9999.9 1 -9999.9 1 -9999.9 1     0.2 0 -9999.9 1
 1999 168  6 17  6 27  6.450 116.16    -3.5 0 -9999.9 1 -9999.9 1     0.2 0   260.6 0   296.0 0   294.2 0   340.2 0   281.0 0   280.9 0     0.0 0    -0.3 0 -9999.9 1   -79.6 0 -9999.9 1 -9999.9 1 -9999.9 1 -9999.9 1     1.0 0 -9999.9 1
 1999 168  6 17  6 33  6.550 115.99    -3.8 0 -9999.9 1 -9999.9 1     0.4 0   262.1 0   296.0 0   294.1 0   341.1 0   281.1 0   281.0 0     0.0 0    -0.1 0 -9999.9 1   -79.0 0 -9999.9 1 -9999.9 1 -9999.9 1 -9999.9 1   359.4 0 -9999.9 1
 1999 168  6 17  6 36  6.600 115.89    -3.9 0 -9999.9 1 -9999.9 1     0.3 0   260.7 0   295.9 0   294.1 0   340.7 0   281.0 0   280.9 0     0.0 0    -0.1 0 -9999.9 1   -80.0 0 -9999.9 1 -9999.9 1 -9999.9 1 -9999.9 1   358.5 0 -9999.9 1
 1999 168  6 17  6 39  6.650 115.78    -3.8 0 -9999.9 1 -9999.9 1     0.2 0   260.4 0   295.9 0   294.2 0   340.6 0   281.0 0   280.9 0     0.0 0    -0.1 0 -9999.9 1   -80.2 0 -9999.9 1 -9999.9 1 -9999.9 1 -9999.9 1   359.0 0 -9999.9 1
 1999 168  6 17  6 42  6.700 115.67    -3.8 0 -9999.9 1 -9999.9 1     0.2 0   259.2 0   295.8 0   294.1 0   339.3 0   280.9 0   280.8 0     0.0 0    -0.1 0 -9999.9 1   -80.1 0 -9999.9 1 -9999.9 1 -9999.9 1 -9999.9 1   358.6 0 -9999.9 1
 1999 168  6 17  6 48  6.800 115.42    -3.6 0 -9999.9 1 -9999.9 1     0.2 0   259.5 0   295.8 0   294.0 0   339.8 0   280.9 0   280.8 0     0.0 0    -0.2 0 -9999.9 1   -80.4 0 -9999.9 1 -9999.9 1 -9999.9 1 -9999.9 1     1.2 0 -9999.9 1
 1999 168  6 17  6 51  6.850 115.29    -3.8 0 -9999.9 1 -9999.9 1     0.3 0   259.8 0   295.8 0   294.1 0   340.2 0   280.9 0   280.8 0     0.0 0    -0.1 0 -9999.9 1   -80.3 0 -9999.9 1 -9999.9 1 -9999.9 1 -9999.9 1     5.4 0 -9999.9 1
 1999 168  6 17  6 54  6.900 115.14    -3.6 0 -9999.9 1 -9999.9 1     0.4 0   259.7 0   295.9 0   294.4 0   339.9 0   281.0 0   280.9 0     0.0 0    -0.1 0 -9999.9 1   -80.2 0 -9999.9 1 -9999.9 1 -9999.9 1 -9999.9 1     9.4 0 -9999.9 1
 1999 168  6 17  6 57  6.950 114.99    -3.4 0 -9999.9 1 -9999.9 1     0.4 0   259.7 0   296.0 0   294.6 0   339.2 0   281.0 0   280.9 0     0.0 0    -0.2 0 -9999.9 1   -79.5 0 -9999.9 1 -9999.9 1 -9999.9 1 -9999.9 1     4.0 0 -9999.9 1
 1999 168  6 17  7  3  7.050 114.67    -3.4 0 -9999.9 1 -9999.9 1     0.3 0   258.3 0   295.9 0   294.4 0   337.6 0   280.8 0   280.7 0     0.0 0    -0.1 0 -9999.9 1   -79.3 0 -9999.9 1 -9999.9 1 -9999.9 1 -9999.9 1   358.0 0 -9999.9 1
 1999 168  6 17  7  6  7.100 114.50    -3.3 0 -9999.9 1 -9999.9 1     0.6 0   257.9 0   295.9 0   294.2 0   337.7 0   280.7 0   280.6 0     0.0 0    -0.2 0 -9999.9 1   -79.8 0 -9999.9 1 -9999.9 1 -9999.9 1 -9999.9 1   355.2 0 -9999.9 1
 1999 168  6 17  7  9  7.150 114.32    -3.5 0 -9999.9 1 -9999.9 1     0.3 0   258.6 0   295.8 0   293.9 0   338.0 0   280.5 0   280.4 0     0.0 0    -0.2 0 -9999.9 1   -79.4 0 -9999.9 1 -9999.9 1 -9999.9 1 -9999.9 1     0.4 0 -9999.9 1
 1999 168  6 17  7 12  7.200 114.14    -3.8 0 -9999.9 1 -9999.9 1     0.5 0   257.4 0   295.7 0   293.9 0   337.4 0   280.3 0   280.2 0     0.0 0    -0.1 0 -9999.9 1   -80.0 0 -9999.9 1 -9999.9 1 -9999.9 1 -9999.9 1     5.6 0 -9999.9 1
 1999 168  6 17  7 18  7.300 113.75    -3.4 0 -9999.9 1 -9999.9 1     0.4 0   253.2 0   295.5 0   294.0 0   335.1 0   280.0 0   279.9 0     0.0 0    -0.1 0 -9999.9 1   -81.9 0 -9999.9 1 -9999.9 1 -9999.9 1 -9999.9 1     4.0 0 -9999.9 1
 1999 168  6 17  7 21  7.350 113.54    -3.5 0 -9999.9 1 -9999.9 1     0.3 0   254.4 0   295.5 0   294.0 0   334.6 0   279.9 0   279.8 0     0.0 2    -0.2 0 -9999.9 1   -80.2 0 -9999.9 1 -9999.9 1 -9999.9 1 -9999.9 1     6.0 0 -9999.9 1
 1999 168  6 17  7 24  7.400 113.33    -3.6 0 -9999.9 1 -9999.9 1     0.2 0   255.0 0   295.5 0   293.8 0   335.2 0   280.0 0   279.9 0     0.0 2    -0.1 0 -9999.9 1   -80.2 0 -9999.9 1 -9999.9 1 -9999.9 1 -9999.9 1     0.3 0 -9999.9 1
 1999 168  6 17  7 27  7.450 113.11    -3.4 0 -9999.9 1 -9999.9 1     0.1 0   254.6 0   295.5 0   294.0 0   335.7 0   280.0 0   279.9 0     0.0 2    -0.3 0 -9999.9 1   -81.1 0 -9999.9 1 -9999.9 1 -9999.9 1 -9999.9 1     0.4 0 -9999.9 1
 1999 168  6 17  7 33  7.550 112.65    -3.5 0 -9999.9 1 -9999.9 1     0.1 0   254.0 0   295.4 0   293.9 0   334.4 0   279.9 0   279.8 0     0.0 2    -0.1 0 -9999.9 1   -80.4 0 -9999.9 1 -9999.9 1 -9999.9 1 -9999.9 1   358.0 0 -9999.9 1
 1999 168  6 17  7 36  7.600 112.41    -3.3 0 -9999.9 1 -9999.9 1     0.0 0   254.7 0   295.4 0   294.0 0   334.9 0   280.0 0   279.9 0     0.0 2    -0.2 0 -9999.9 1   -80.2 0 -9999.9 1 -9999.9 1 -9999.9 1 -9999.9 1   360.0 0 -9999.9 1
 1999 168  6 17  7 39  7.650 112.17    -3.3 0 -9999.9 1 -9999.9 1     0.0 0   256.1 0   295.6 0   294.2 0   336.0 0   280.3 0   280.2 0     0.0 0    -0.3 0 -9999.9 1   -79.9 0 -9999.9 1 -9999.9 1 -9999.9 1 -9999.9 1   359.1 0 -9999.9 1
 1999 168  6 17  7 42  7.700 111.92    -3.3 0 -9999.9 1 -9999.9 1     0.1 0   256.9 0   295.8 0   294.4 0   336.2 0   280.5 0   280.4 0     0.0 0    -0.2 0 -9999.9 1   -79.3 0 -9999.9 1 -9999.9 1 -9999.9 1 -9999.9 1   358.3 0 -9999.9 1
 1999 168  6 17  7 48  7.800 111.40    -3.4 0 -9999.9 1 -9999.9 1    -0.3 0   256.3 0   295.7 0   294.3 0   335.4 0   280.4 0   280.3 0     0.0 0    -0.2 0 -9999.9 1   -79.0 0 -9999.9 1 -9999.9 1 -9999.9 1 -9999.9 1   350.6 0 -9999.9 1
 1999 168  6 17  7 51  7.850 111.13    -3.2 0 -9999.9 1 -9999.9 1    -0.5 0   257.4 0   295.8 0   294.2 0   336.7 0   280.4 0   280.3 0     0.0 0    -0.3 0 -9999.9 1   -79.2 0 -9999.9 1 -9999.9 1 -9999.9 1 -9999.9 1   355.1 0 -9999.9 1
 1999 168  6 17  7 54  7.900 110.85    -3.4 0 -9999.9 1 -9999.9 1     0.0 0   254.4 0   295.7 0   294.4 0   335.3 0   280.4 0   280.4 0     0.0 0    -0.1 0 -9999.9 1   -80.9 0 -9999.9 1 -9999.9 1 -9999.9 1 -9999.9 1     3.6 0 -9999.9 1
 1999 168  6 17  7 57  7.950 110.57    -3.5 0 -9999.9 1 -9999.9 1     0.2 0   257.0 0   295.8 0   294.2 0   334.8 0   280.5 0   280.4 0     0.0 0    -0.1 0 -9999.9 1   -77.8 0 -9999.9 1 -9999.9 1 -9999.9 1 -9999.9 1     3.0 0 -9999.9 1
 1999 168  6 17  8  3  8.050 109.99    -3.2 0 -9999.9 1 -9999.9 1     0.7 0   259.3 0   296.1 0   294.5 0   336.8 0   280.7 0   280.6 0     0.0 0    -0.3 0 -9999.9 1   -77.5 0 -9999.9 1 -9999.9 1 -9999.9 1 -9999.9 1     8.5 0 -9999.9 1
 1999 168  6 17  8  6  8.100 109.69    -3.4 0 -9999.9 1 -9999.9 1     0.5 0   258.1 0   296.1 0   294.8 0   336.4 0   280.7 0   280.6 0     0.0 0    -0.2 0 -9999.9 1   -78.3 0 -9999.9 1 -9999.9 1 -9999.9 1 -9999.9 1    15.1 0 -9999.9 1
 1999 168  6 17  8  9  8.150 109.39    -3.4 0 -9999.9 1 -9999.9 1     0.5 0   258.5 0   296.1 0   294.8 0   336.3 0   280.7 0   280.6 0     0.0 0    -0.1 0 -9999.9 1   -77.9 0 -9999.9 1 -9999.9 1 -9999.9 1 -9999.9 1    13.9 0 -9999.9 1
 1999 168  6 17  8 12  8.200 109.08    -3.6 0 -9999.9 1 -9999.9 1     0.7 0   261.1 0   296.2 0   294.7 0   337.1 0   280.8 0   280.7 0     0.0 0     0.0 0 -9999.9 1   -75.9 0 -9999.9 1 -9999.9 1 -9999.9 1 -9999.9 1    11.7 0 -9999.9 1
 1999 168  6 17  8 18  8.300 108.44    -3.7 0 -9999.9 1 -9999.9 1     0.4 0   262.0 0   296.2 0   294.5 0   338.0 0   280.8 0   280.8 0     0.0 0    -0.1 0 -9999.9 1   -76.0 0 -9999.9 1 -9999.9 1 -9999.9 1 -9999.9 1     3.5 0 -9999.9 1
 1999 168  6 17  8 21  8.350 108.12    -3.9 0 -9999.9 1 -9999.9 1     0.2 0   263.5 0   296.3 0   294.4 0   339.1 0   281.0 0   280.9 0     0.0 0    -0.1 0 -9999.9 1   -75.6 0 -9999.9 1 -9999.9 1 -9999.9 1 -9999.9 1   357.8 0 -9999.9 1
 1999 168  6 17  8 24  8.400 107.79    -3.9 0 -9999.9 1 -9999.9 1     0.0 0   263.5 0   296.3 0   294.2 0   341.0 0   281.0 0   280.9 0     0.0 0    -0.2 0 -9999.9 1   -77.5 0 -9999.9 1 -9999.9 1 -9999.9 1 -9999.9 1   345.5 0 -9999.9 1
 1999 168  6 17  8 27  8.450 107.45    -4.1 0 -9999.9 1 -9999.9 1     0.0 0   262.5 0   296.2 0   294.1 0   340.6 0   280.9 0   280.8 0     0.0 0    -0.2 0 -9999.9 1   -78.1 0 -9999.9 1 -9999.9 1 -9999.9 1 -9999.9 1   350.0 0 -9999.9 1
 1999 168  6 17  8 33  8.550 106.76    -3.9 0 -9999.9 1 -9999.9 1     0.2 0   259.1 0   295.9 0   294.2 0   339.0 0   281.0 0   280.9 0     0.0 0    -0.2 0 -9999.9 1   -79.9 0 -9999.9 1 -9999.9 1 -9999.9 1 -9999.9 1   359.6 0 -9999.9 1
 1999 168  6 17  8 36  8.600 106.41    -3.5 0 -9999.9 1 -9999.9 1     0.5 0   255.9 0   295.8 0   294.5 0   336.1 0   281.0 0   280.9 0     0.0 0    -0.1 0 -9999.9 1   -80.2 0 -9999.9 1 -9999.9 1 -9999.9 1 -9999.9 1   357.4 0 -9999.9 1
 1999 168  6 17  8 39  8.650 106.06    -3.5 0 -9999.9 1 -9999.9 1     0.6 0   258.6 0   295.8 0   294.0 0   336.4 0   281.1 0   281.0 0     0.0 0    -0.2 0 -9999.9 1   -77.8 0 -9999.9 1 -9999.9 1 -9999.9 1 -9999.9 1   351.3 0 -9999.9 1
 1999 168  6 17  8 42  8.700 105.69    -3.8 0 -9999.9 1 -9999.9 1     0.1 0   259.8 0   295.8 0   293.7 0   338.1 0   281.1 0   281.0 0     0.0 0    -0.2 0 -9999.9 1   -78.3 0 -9999.9 1 -9999.9 1 -9999.9 1 -9999.9 1   347.4 0 -9999.9 1
 1999 168  6 17  8 48  8.800 104.96    -4.1 0 -9999.9 1 -9999.9 1    -0.1 0   260.5 0   295.6 0   293.6 0   338.7 0   280.8 0   280.7 0     0.0 0    -0.2 0 -9999.9 1   -78.2 0 -9999.9 1 -9999.9 1 -9999.9 1 -9999.9 1   347.9 0 -9999.9 1
 1999 168  6 17  8 51  8.850 104.58    -4.0 0 -9999.9 1 -9999.9 1     0.0 0   258.9 0   295.5 0   293.7 0   337.2 0   280.6 0   280.5 0     0.0 0    -0.2 0 -9999.9 1   -78.3 0 -9999.9 1 -9999.9 1 -9999.9 1 -9999.9 1   345.5 0 -9999.9 1
 1999 168  6 17  8 54  8.900 104.20    -3.9 0 -9999.9 1 -9999.9 1     0.2 0   259.7 0   295.4 0   293.5 0   337.0 0   280.6 0   280.4 0     0.0 0    -0.2 0 -9999.9 1   -77.3 0 -9999.9 1 -9999.9 1 -9999.9 1 -9999.9 1   338.6 0 -9999.9 1
 1999 168  6 17  8 57  8.950 103.82    -4.0 0 -9999.9 1 -9999.9 1     0.1 0   258.5 0   295.3 0   293.4 0   336.7 0   280.4 0   280.3 0     0.0 0    -0.1 0 -9999.9 1   -78.2 0 -9999.9 1 -9999.9 1 -9999.9 1 -9999.9 1   334.3 0 -9999.9 1
 1999 168  6 17  9  3  9.050 103.04    -3.6 0 -9999.9 1 -9999.9 1     0.5 0   259.3 0   295.3 0   293.9 0   337.0 0   280.4 0   280.3 0     0.0 0    -0.2 0 -9999.9 1   -77.7 0 -9999.9 1 -9999.9 1 -9999.9 1 -9999.9 1   349.8 0 -9999.9 1
 1999 168  6 17  9  6  9.100 102.64    -3.5 0 -9999.9 1 -9999.9 1     0.7 0   260.9 0   295.3 0   293.8 0   337.3 0   280.5 0   280.4 0     0.0 0    -0.2 0 -9999.9 1   -76.4 0 -9999.9 1 -9999.9 1 -9999.9 1 -9999.9 1   352.2 0 -9999.9 1
 1999 168  6 17  9  9  9.150 102.24    -3.7 0 -9999.9 1 -9999.9 1     0.5 0   262.1 0   295.3 0   293.5 0   337.5 0   280.5 0   280.4 0     0.0 0    -0.2 0 -9999.9 1   -75.4 0 -9999.9 1 -9999.9 1 -9999.9 1 -9999.9 1   353.9 0 -9999.9 1
 1999 168  6 17  9 12  9.200 101.84    -3.6 0 -9999.9 1 -9999.9 1     0.7 0   260.5 0   295.1 0   293.5 0   337.1 0   280.3 0   280.2 0     0.0 0    -0.3 0 -9999.9 1   -76.5 0 -9999.9 1 -9999.9 1 -9999.9 1 -9999.9 1     2.4 0 -9999.9 1
 1999 168  6 17  9 18  9.300 101.02    -3.3 0 -9999.9 1 -9999.9 1     0.5 0   259.9 0   295.1 0   293.6 0   336.1 0   280.3 0   280.2 0     0.0 0    -0.2 0 -9999.9 1   -76.2 0 -9999.9 1 -9999.9 1 -9999.9 1 -9999.9 1     5.8 0 -9999.9 1
 1999 168  6 17  9 21  9.350 100.60    -3.4 0 -9999.9 1 -9999.9 1     0.1 0   255.6 0   294.9 0   293.8 0   334.2 0   280.1 0   280.0 0     0.0 0    -0.2 0 -9999.9 1   -78.5 0 -9999.9 1 -9999.9 1 -9999.9 1 -9999.9 1    17.1 0 -9999.9 1
 1999 168  6 17  9 24  9.400 100.18    -3.1 0 -9999.9 1 -9999.9 1     0.0 0   257.4 0   295.1 0   293.9 0   334.5 0   280.2 0   280.1 0     0.0 0    -0.2 0 -9999.9 1   -77.0 0 -9999.9 1 -9999.9 1 -9999.9 1 -9999.9 1     7.3 0 -9999.9 1
 1999 168  6 17  9 27  9.450  99.76    -3.4 0 -9999.9 1 -9999.9 1    -0.4 0   258.1 0   295.2 0   294.0 0   334.4 0   280.3 0   280.2 0     0.0 0    -0.2 0 -9999.9 1   -76.3 0 -9999.9 1 -9999.9 1 -9999.9 1 -9999.9 1    12.8 0 -9999.9 1
 1999 168  6 17  9 33  9.550  98.90    -3.7 0 -9999.9 1 -9999.9 1     0.6 0   260.6 0   295.2 0   293.5 0   335.3 0   280.2 0   280.1 0     0.0 0    -0.2 0 -9999.9 1   -74.6 0 -9999.9 1 -9999.9 1 -9999.9 1 -9999.9 1    31.6 0 -9999.9 1
 1999 168  6 17  9 36  9.600  98.46    -4.1 0 -9999.9 1 -9999.9 1     1.6 0   262.0 0   295.3 0   293.5 0   336.0 0   280.3 0   280.2 0     0.0 0    -0.1 0 -9999.9 1   -74.0 0 -9999.9 1 -9999.9 1 -9999.9 1 -9999.9 1    41.1 0 -9999.9 1
 1999 168  6 17  9 39  9.650  98.02    -3.9 0 -9999.9 1 -9999.9 1     2.1 0   263.1 0   295.4 0   293.4 0   337.0 0   280.4 0   280.3 0     0.0 0    -0.1 0 -9999.9 1   -73.9 0 -9999.9 1 -9999.9 1 -9999.9 1 -9999.9 1    48.7 0 -9999.9 1
 1999 168  6 17  9 42  9.700  97.58    -3.8 0 -9999.9 1 -9999.9 1     1.7 0   262.7 0   295.4 0   293.4 0   337.1 0   280.4 0   280.3 0     0.0 0    -0.1 0 -9999.9 1   -74.4 0 -9999.9 1 -9999.9 1 -9999.9 1 -9999.9 1    27.8 0 -9999.9 1
 1999 168  6 17  9 48  9.800  96.69    -3.2 0 -9999.9 1 -9999.9 1     0.6 0   259.0 0   295.2 0   293.7 0   336.0 0   280.5 0   280.4 0     0.0 0    -0.2 0 -9999.9 1   -77.0 0 -9999.9 1 -9999.9 1 -9999.9 1 -9999.9 1    33.5 0 -9999.9 1
 1999 168  6 17  9 51  9.850  96.24    -3.4 0 -9999.9 1 -9999.9 1     0.7 0   259.4 0   295.2 0   293.5 0   335.6 0   280.5 0   280.4 0     0.0 0    -0.3 0 -9999.9 1   -76.3 0 -9999.9 1 -9999.9 1 -9999.9 1 -9999.9 1    29.8 0 -9999.9 1
 1999 168  6 17  9 54  9.900  95.78    -3.6 0 -9999.9 1 -9999.9 1     1.0 0   259.4 0   295.2 0   293.6 0   335.7 0   280.5 0   280.4 0     0.0 0    -0.1 0 -9999.9 1   -76.3 0 -9999.9 1 -9999.9 1 -9999.9 1 -9999.9 1    25.5 0 -9999.9 1
 1999 168  6 17  9 57  9.950  95.32    -3.5 0 -9999.9 1 -9999.9 1     1.0 0   256.7 0   295.1 0   293.8 0   334.6 0   280.5 0   280.4 0     0.0 0    -0.1 0 -9999.9 1   -77.9 0 -9999.9 1 -9999.9 1 -9999.9 1 -9999.9 1    22.5 0 -9999.9 1
 1999 168  6 17 10  3 10.050  94.40    -3.5 0 -9999.9 1 -9999.9 1     1.5 0   257.0 0   295.1 0   293.5 0   333.6 0   280.4 0   280.3 0     0.0 0    -0.1 0 -9999.9 1   -76.6 0 -9999.9 1 -9999.9 1 -9999.9 1 -9999.9 1    32.3 0 -9999.9 1
 1999 168  6 17 10  6 10.100  93.93    -3.5 0 -9999.9 1 -9999.9 1     1.2 0   255.3 0   295.0 0   293.5 0   332.4 0   280.2 0   280.1 0     0.0 0     0.0 0 -9999.9 1   -77.1 0 -9999.9 1 -9999.9 1 -9999.9 1 -9999.9 1    29.1 0 -9999.9 1
 1999 168  6 17 10  9 10.150  93.46    -3.1 0 -9999.9 1 -9999.9 1     1.7 0   256.8 0   295.1 0   293.4 0   333.0 0   280.3 0   280.2 0     0.0 0     0.1 0 -9999.9 1   -76.2 0 -9999.9 1 -9999.9 1 -9999.9 1 -9999.9 1    32.6 0 -9999.9 1
 1999 168  6 17 10 12 10.200  92.99    -2.5 0 -9999.9 1 -9999.9 1     2.2 0   257.5 0   295.1 0   293.4 0   333.2 0   280.3 0   280.2 0     0.0 0     0.2 0 -9999.9 1   -75.7 0 -9999.9 1 -9999.9 1 -9999.9 1 -9999.9 1    33.0 0 -9999.9 1
 1999 168  6 17 10 18 10.300  92.03    -1.6 0 -9999.9 1 -9999.9 1     3.0 0   258.5 0   295.1 0   293.3 0   334.2 0   280.4 0   280.3 0     0.0 0     0.7 0 -9999.9 1   -75.7 0 -9999.9 1 -9999.9 1 -9999.9 1 -9999.9 1    31.6 0 -9999.9 1
 1999 168  6 17 10 21 10.350  91.55    -0.9 0 -9999.9 1 -9999.9 1     4.4 0   260.6 0   295.2 0   292.9 0   335.3 0   280.4 0   280.3 0     0.0 0     1.4 0 -9999.9 1   -74.7 0 -9999.9 1 -9999.9 1 -9999.9 1 -9999.9 1    24.3 0 -9999.9 1
 1999 168  6 17 10 24 10.400  91.07     0.0 0 -9999.9 1 -9999.9 1     4.6 0   258.7 0   295.2 0   293.3 0   337.4 0   280.4 0   280.3 0     0.0 0     1.7 0 -9999.9 1   -78.7 0 -9999.9 1 -9999.9 1 -9999.9 1 -9999.9 1    28.6 0 -9999.9 1
 1999 168  6 17 10 27 10.450  89.87     1.3 0 -9999.9 1 -9999.9 1     5.1 0   255.6 0   295.1 0   293.6 0   336.0 0   280.3 0   280.2 0     0.1 0     2.4 0 -9999.9 1   -80.4 0 -9999.9 1 -9999.9 1 -9999.9 1 -9999.9 1    39.4 0 -9999.9 1
 1999 168  6 17 10 33 10.550  89.11     4.1 0 -9999.9 1 -9999.9 1     9.0 0   258.3 0   295.0 0   293.2 0   335.4 0   280.3 0   280.2 0     0.2 0     4.3 0 -9999.9 1   -77.1 0 -9999.9 1 -9999.9 1 -9999.9 1 -9999.9 1    32.6 0 -9999.9 1
 1999 168  6 17 10 36 10.600  88.69     6.1 0 -9999.9 1 -9999.9 1    11.2 0   254.3 0   294.9 0   293.2 0   335.0 0   280.1 0   280.0 0     0.3 0     5.4 0 -9999.9 1   -80.7 0 -9999.9 1 -9999.9 1 -9999.9 1 -9999.9 1    16.3 0 -9999.9 1
 1999 168  6 17 10 39 10.650  88.26     8.4 0 -9999.9 1 -9999.9 1    12.9 0   251.7 0   294.8 0   293.5 0   334.7 0   280.0 0   280.0 0     0.4 0     6.8 0 -9999.9 1   -83.1 0 -9999.9 1 -9999.9 1 -9999.9 1 -9999.9 1    12.7 0 -9999.9 1
 1999 168  6 17 10 42 10.700  87.80    10.9 0 -9999.9 1 -9999.9 1    15.4 0   253.1 0   294.9 0   293.5 0   335.7 0   280.2 0   280.1 0     0.5 0     8.3 0 -9999.9 1   -82.6 0 -9999.9 1 -9999.9 1 -9999.9 1 -9999.9 1    12.1 0 -9999.9 1
 1999 168  6 17 10 48 10.800  86.86    18.5 0 -9999.9 1 -9999.9 1    18.7 0   250.5 0   295.1 0   293.5 0   335.6 0   280.2 0   280.1 0     0.7 0    12.0 0 -9999.9 1   -85.1 0 -9999.9 1 -9999.9 1 -9999.9 1 -9999.9 1   358.4 0 -9999.9 1
 1999 168  6 17 10 51 10.850  86.38    24.4 0 -9999.9 1 -9999.9 1    20.5 0   253.6 0   295.3 0   293.8 0   338.2 0   280.2 0   280.2 0     0.8 0    14.1 0 -9999.9 1   -84.6 0 -9999.9 1 -9999.9 1 -9999.9 1 -9999.9 1    11.3 0 -9999.9 1
 1999 168  6 17 10 54 10.900  85.89    30.8 0 -9999.9 1 -9999.9 1    22.4 0   255.5 0   295.5 0   294.1 0   339.7 0   280.3 0   280.3 0     0.9 0    16.5 0 -9999.9 1   -84.2 0 -9999.9 1 -9999.9 1 -9999.9 1 -9999.9 1     9.5 0 -9999.9 1
 1999 168  6 17 10 57 10.950  85.40    37.3 0 -9999.9 1 -9999.9 1    24.6 0   255.0 0   295.7 0   294.5 0   340.7 0   280.4 0   280.4 0     1.1 0    19.2 0 -9999.9 1   -85.7 0 -9999.9 1 -9999.9 1 -9999.9 1 -9999.9 1     5.7 0 -9999.9 1
 1999 168  6 17 11  3 11.050  84.40    49.2 0 -9999.9 1 -9999.9 1    29.2 0   254.0 0   296.1 0   295.0 0   343.1 0   280.4 0   280.4 0     1.4 0    25.1 0 -9999.9 1   -89.1 0 -9999.9 1 -9999.9 1 -9999.9 1 -9999.9 1     4.2 0 -9999.9 1
 1999 168  6 17 11  6 11.100  83.90    56.4 0 -9999.9 1 -9999.9 1    31.2 0   254.3 0   296.2 0   295.4 0   344.7 0   280.4 0   280.4 0     1.6 0    28.8 0 -9999.9 1   -90.4 0 -9999.9 1 -9999.9 1 -9999.9 1 -9999.9 1     7.8 0 -9999.9 1
 1999 168  6 17 11  9 11.150  83.39    63.6 0 -9999.9 1 -9999.9 1    33.6 0   256.8 0   296.5 0   295.4 0   346.9 0   280.5 0   280.5 0     1.9 0    32.5 0 -9999.9 1   -90.0 0 -9999.9 1 -9999.9 1 -9999.9 1 -9999.9 1    10.3 0 -9999.9 1
 1999 168  6 17 11 12 11.200  82.88    71.6 0 -9999.9 1 -9999.9 1    35.9 0   255.4 0   296.7 0   295.5 0   347.3 0   280.4 0   280.4 0     2.2 0    36.5 0 -9999.9 1   -91.9 0 -9999.9 1 -9999.9 1 -9999.9 1 -9999.9 1    21.8 0 -9999.9 1
 1999 168  6 17 11 18 11.300  81.84    85.9 0 -9999.9 1 -9999.9 1    39.9 0   252.9 0   296.9 0   295.7 0   348.3 0   280.2 0   280.2 0     2.7 0    42.9 0 -9999.9 1   -95.5 0 -9999.9 1 -9999.9 1 -9999.9 1 -9999.9 1    24.4 0 -9999.9 1
 1999 168  6 17 11 21 11.350  81.33    93.3 0 -9999.9 1 -9999.9 1    42.3 0   252.7 0   297.0 0   295.8 0   349.3 0   280.1 0   280.1 0     3.0 0    46.3 0 -9999.9 1   -96.6 0 -9999.9 1 -9999.9 1 -9999.9 1 -9999.9 1    27.3 0 -9999.9 1
 1999 168  6 17 11 24 11.400  80.80   101.8 0 -9999.9 1 -9999.9 1    45.1 0   255.1 0   297.5 0   296.2 0   351.8 0   280.4 0   280.4 0     3.3 0    50.4 0 -9999.9 1   -96.7 0 -9999.9 1 -9999.9 1 -9999.9 1 -9999.9 1    21.0 0 -9999.9 1
 1999 168  6 17 11 27 11.450  80.28   110.8 0 -9999.9 1 -9999.9 1    47.8 0   254.1 0   297.7 0   296.3 0   352.5 0   280.4 0   280.5 0     3.6 0    54.5 0 -9999.9 1   -98.4 0 -9999.9 1 -9999.9 1 -9999.9 1 -9999.9 1    23.8 0 -9999.9 1
 1999 168  6 17 11 33 11.550  79.22   130.1 0 -9999.9 1 -9999.9 1    51.5 0   257.6 0   298.2 0   296.3 0   354.4 0   280.5 0   280.6 0     4.3 2    63.6 0 -9999.9 1   -96.8 0 -9999.9 1 -9999.9 1 -9999.9 1 -9999.9 1    30.8 0 -9999.9 1
 1999 168  6 17 11 36 11.600  78.69   138.0 0 -9999.9 1 -9999.9 1    53.3 0   256.8 0   298.4 0   296.4 0   355.6 0   280.6 0   280.6 0     4.8 2    67.1 0 -9999.9 1   -98.8 0 -9999.9 1 -9999.9 1 -9999.9 1 -9999.9 1    30.1 0 -9999.9 1
 1999 168  6 17 11 39 11.650  78.16   147.1 0 -9999.9 1 -9999.9 1    55.7 0   257.3 0   298.6 0   296.4 0   356.5 0   280.7 0   280.8 0     5.3 2    71.4 0 -9999.9 1   -99.2 0 -9999.9 1 -9999.9 1 -9999.9 1 -9999.9 1    25.5 0 -9999.9 1
 1999 168  6 17 11 42 11.700  77.63   157.7 0 -9999.9 1 -9999.9 1    58.2 0   255.1 0   298.7 0   296.5 0   356.7 0   280.7 0   280.8 0     5.7 2    76.2 0 -9999.9 1  -101.6 0 -9999.9 1 -9999.9 1 -9999.9 1 -9999.9 1    23.5 0 -9999.9 1
 1999 168  6 17 11 48 11.800  76.55   178.0 0 -9999.9 1 -9999.9 1    63.1 0   256.1 0   298.9 0   296.5 0   358.2 0   281.0 0   281.1 0     6.6 2    84.7 0 -9999.9 1  -102.1 0 -9999.9 1 -9999.9 1 -9999.9 1 -9999.9 1    32.4 0 -9999.9 1
 1999 168  6 17 11 51 11.850  76.01   187.4 0 -9999.9 1 -9999.9 1    65.7 0   255.9 0   299.0 0   296.8 0   359.7 0   281.3 0   281.4 0     7.1 2    88.9 0 -9999.9 1  -103.8 0 -9999.9 1 -9999.9 1 -9999.9 1 -9999.9 1    41.7 0 -9999.9 1
 1999 168  6 17 11 54 11.900  75.47   196.4 0 -9999.9 1 -9999.9 1    69.2 0   257.5 0   299.1 0   296.7 0   360.8 0   281.5 0   281.6 0     7.6 2    92.5 0 -9999.9 1  -103.3 0 -9999.9 1 -9999.9 1 -9999.9 1 -9999.9 1    43.8 0 -9999.9 1
 1999 168  6 17 11 57 11.950  74.93   204.9 0 -9999.9 1 -9999.9 1    72.9 0   259.5 0   299.1 0   296.6 0   361.8 0   281.7 0   281.8 0     8.2 2    95.4 0 -9999.9 1  -102.3 0 -9999.9 1 -9999.9 1 -9999.9 1 -9999.9 1    40.1 0 -9999.9 1
 1999 168  6 17 12  3 12.050  73.84   220.2 0 -9999.9 1 -9999.9 1    78.5 0   264.0 0   299.4 0   297.0 0   366.0 0   282.5 0   282.6 0     9.4 0   101.7 0 -9999.9 1  -102.0 0 -9999.9 1 -9999.9 1 -9999.9 1 -9999.9 1    29.2 0 -9999.9 1
 1999 168  6 17 12  6 12.100  73.29   230.4 0 -9999.9 1 -9999.9 1    82.2 0   263.8 0   299.2 0   296.8 0   365.6 0   282.6 0   282.7 0    10.2 0   106.3 0 -9999.9 1  -101.8 0 -9999.9 1 -9999.9 1 -9999.9 1 -9999.9 1    23.0 0 -9999.9 1
 1999 168  6 17 12  9 12.150  72.74   235.8 0 -9999.9 1 -9999.9 1    84.6 0   264.0 0   299.1 0   296.7 0   365.5 0   282.7 0   282.8 0    10.7 2   107.7 0 -9999.9 1  -101.5 0 -9999.9 1 -9999.9 1 -9999.9 1 -9999.9 1    25.3 0 -9999.9 1
 1999 168  6 17 12 12 12.200  72.19   243.0 0 -9999.9 1 -9999.9 1    86.0 0   268.2 0   299.1 0   296.5 0   365.9 0   282.9 0   283.0 0    11.4 0   110.6 0 -9999.9 1   -97.7 0 -9999.9 1 -9999.9 1 -9999.9 1 -9999.9 1    30.2 0 -9999.9 1
 1999 168  6 17 12 18 12.300  71.09   265.2 0 -9999.9 1 -9999.9 1    91.9 0   269.6 0   299.0 0   296.6 0   369.6 0   283.3 0   283.5 0    12.7 0   121.5 0 -9999.9 1   -99.9 0 -9999.9 1 -9999.9 1 -9999.9 1 -9999.9 1    35.8 0 -9999.9 1
 1999 168  6 17 12 21 12.350  70.54   278.0 0 -9999.9 1 -9999.9 1    95.9 0   269.3 0   299.0 0   296.8 0   372.0 0   283.5 0   283.7 0    13.3 0   127.3 0 -9999.9 1  -102.7 0 -9999.9 1 -9999.9 1 -9999.9 1 -9999.9 1    39.4 0 -9999.9 1
 1999 168  6 17 12 24 12.400  69.98   291.3 0 -9999.9 1 -9999.9 1   104.4 0   272.8 0   299.0 0   296.6 0   373.3 0   283.8 0   284.0 0    14.2 0   133.1 0 -9999.9 1  -100.5 0 -9999.9 1 -9999.9 1 -9999.9 1 -9999.9 1    37.2 0 -9999.9 1
 1999 168  6 17 12 27 12.450  69.43   300.2 0 -9999.9 1 -9999.9 1   106.3 0   274.0 0   299.0 0   296.7 0   374.9 0   284.0 0   284.2 0    15.1 0   136.8 0 -9999.9 1  -100.9 0 -9999.9 1 -9999.9 1 -9999.9 1 -9999.9 1    35.8 0 -9999.9 1
 1999 168  6 17 12 33 12.550  68.31   321.9 0 -9999.9 1 -9999.9 1   110.2 0   271.4 0   298.6 0   296.2 0   374.4 0   284.0 0   284.2 0    17.2 0   147.0 0 -9999.9 1  -102.9 0 -9999.9 1 -9999.9 1 -9999.9 1 -9999.9 1    42.6 0 -9999.9 1
 1999 168  6 17 12 36 12.600  67.75   326.3 0 -9999.9 1 -9999.9 1   115.9 0   270.2 0   298.4 0   296.0 0   374.9 0   284.0 0   284.2 0    18.1 0   149.7 0 -9999.9 1  -104.7 0 -9999.9 1 -9999.9 1 -9999.9 1 -9999.9 1    39.4 0 -9999.9 1
 1999 168  6 17 12 39 12.650  67.19   343.5 0 -9999.9 1 -9999.9 1   120.0 0   270.1 0   298.2 0   295.7 0   374.3 0   284.0 0   284.2 0    19.2 0   157.2 0 -9999.9 1  -104.2 0 -9999.9 1 -9999.9 1 -9999.9 1 -9999.9 1    45.4 0 -9999.9 1
 1999 168  6 17 12 42 12.700  66.63   352.4 0 -9999.9 1 -9999.9 1   117.4 0   269.1 0   298.0 0   295.8 0   376.9 0   284.1 0   284.3 0    20.1 0   161.5 0 -9999.9 1  -107.7 0 -9999.9 1 -9999.9 1 -9999.9 1 -9999.9 1    41.8 0 -9999.9 1
 1999 168  6 17 12 48 12.800  65.51   356.5 0 -9999.9 1 -9999.9 1   130.8 0   273.0 0   298.1 0   295.9 0   377.6 0   284.6 0   284.8 0    22.0 0   163.9 0 -9999.9 1  -104.6 0 -9999.9 1 -9999.9 1 -9999.9 1 -9999.9 1    35.9 0 -9999.9 1
 1999 168  6 17 12 51 12.850  64.94   331.8 0 -9999.9 1 -9999.9 1   172.1 0   276.9 0   298.1 0   296.0 0   379.5 0   284.8 0   284.9 0    22.5 0   154.3 0 -9999.9 1  -102.6 0 -9999.9 1 -9999.9 1 -9999.9 1 -9999.9 1    38.0 0 -9999.9 1
 1999 168  6 17 12 54 12.900  64.38   345.4 0 -9999.9 1 -9999.9 1   189.9 0   278.8 0   298.0 0   295.8 0   379.0 0   284.9 0   285.0 0    23.3 0   158.8 0 -9999.9 1  -100.1 0 -9999.9 1 -9999.9 1 -9999.9 1 -9999.9 1    29.9 0 -9999.9 1
 1999 168  6 17 12 57 12.950  63.81   389.9 0 -9999.9 1 -9999.9 1   171.3 0   276.0 0   298.0 0   296.0 0   381.5 0   285.0 0   285.1 0    24.8 0   176.0 0 -9999.9 1  -105.4 0 -9999.9 1 -9999.9 1 -9999.9 1 -9999.9 1    38.8 0 -9999.9 1
 1999 168  6 17 13  3 13.050  62.68   365.8 0 -9999.9 1 -9999.9 1   182.0 0   274.1 0   297.8 0   295.7 0   379.6 0   284.9 0   285.0 0    26.8 0   167.9 0 -9999.9 1  -105.5 0 -9999.9 1 -9999.9 1 -9999.9 1 -9999.9 1    28.9 0 -9999.9 1
 1999 168  6 17 13  6 13.100  62.11   388.7 0 -9999.9 1 -9999.9 1   179.9 0   274.1 0   297.6 0   295.4 0   379.2 0   284.8 0   284.9 0    28.1 0   179.1 0 -9999.9 1  -105.1 0 -9999.9 1 -9999.9 1 -9999.9 1 -9999.9 1    41.5 0 -9999.9 1
 1999 168  6 17 13  9 13.150  61.55   364.1 0 -9999.9 1 -9999.9 1   205.7 0   280.1 0   297.6 0   295.6 0   380.4 0   284.9 0   285.0 0    28.4 0   169.6 0 -9999.9 1  -100.3 0 -9999.9 1 -9999.9 1 -9999.9 1 -9999.9 1    26.8 0 -9999.9 1
 1999 168  6 17 13 12 13.200  60.98   424.0 0 -9999.9 1 -9999.9 1   264.1 0   305.8 0   297.7 0   296.0 0   385.8 0   285.0 0   285.2 0    27.4 0   186.2 0 -9999.9 1   -80.0 0 -9999.9 1 -9999.9 1 -9999.9 1 -9999.9 1    23.7 0 -9999.9 1
 1999 168  6 17 13 18 13.300  59.84   303.8 0 -9999.9 1 -9999.9 1   251.8 0   299.6 0   297.7 0   295.9 0   380.0 0   285.0 0   285.1 0    27.2 0   139.3 0 -9999.9 1   -80.4 0 -9999.9 1 -9999.9 1 -9999.9 1 -9999.9 1    18.8 0 -9999.9 1
 1999 168  6 17 13 21 13.350  59.27   348.5 0 -9999.9 1 -9999.9 1   279.7 0   314.4 0   297.6 0   295.8 0   382.9 0   284.9 0   285.0 0    27.5 2   154.2 0 -9999.9 1   -68.4 0 -9999.9 1 -9999.9 1 -9999.9 1 -9999.9 1    21.4 0 -9999.9 1
 1999 168  6 17 13 24 13.400  58.70   333.2 0 -9999.9 1 -9999.9 1   280.7 0   324.7 0   297.5 0   295.4 0   380.6 0   284.7 0   284.8 0    26.4 2   145.0 0 -9999.9 1   -55.9 0 -9999.9 1 -9999.9 1 -9999.9 1 -9999.9 1    23.1 0 -9999.9 1
 1999 168  6 17 13 27 13.450  58.13   329.2 0 -9999.9 1 -9999.9 1   308.6 0   323.0 0   297.6 0   295.6 0   380.7 0   284.8 0   284.9 0    28.5 2   147.9 0 -9999.9 1   -57.7 0 -9999.9 1 -9999.9 1 -9999.9 1 -9999.9 1    19.8 0 -9999.9 1
 1999 168  6 17 13 33 13.550  56.98   366.6 0 -9999.9 1 -9999.9 1   281.3 0   303.2 0   297.7 0   295.7 0   383.8 0   285.0 0   285.1 0    35.0 0   164.5 0 -9999.9 1   -80.6 0 -9999.9 1 -9999.9 1 -9999.9 1 -9999.9 1    27.2 0 -9999.9 1
 1999 168  6 17 13 36 13.600  56.41   316.5 0 -9999.9 1 -9999.9 1   229.1 0   287.1 0   297.8 0   295.6 0   382.0 0   285.2 0   285.3 0    37.4 0   151.1 0 -9999.9 1   -94.9 0 -9999.9 1 -9999.9 1 -9999.9 1 -9999.9 1    29.5 0 -9999.9 1
 1999 168  6 17 13 39 13.650  55.84   257.0 0 -9999.9 1 -9999.9 1   243.6 0   289.0 0   297.6 0   295.4 0   379.5 0   285.1 0   285.1 0    36.4 0   127.8 0 -9999.9 1   -90.6 0 -9999.9 1 -9999.9 1 -9999.9 1 -9999.9 1    33.1 0 -9999.9 1
 1999 168  6 17 13 42 13.700  55.27   319.5 0 -9999.9 1 -9999.9 1   277.8 0   295.0 0   297.6 0   295.5 0   383.2 0   285.2 0   285.3 0    38.4 0   151.9 0 -9999.9 1   -88.3 0 -9999.9 1 -9999.9 1 -9999.9 1 -9999.9 1    26.4 0 -9999.9 1
 1999 168  6 17 13 48 13.800  54.12   494.3 0 -9999.9 1 -9999.9 1   347.6 0   310.4 0   297.6 0   295.9 0   391.3 0   285.4 0   285.6 0    43.7 0   217.5 0 -9999.9 1   -80.9 0 -9999.9 1 -9999.9 1 -9999.9 1 -9999.9 1    30.7 0 -9999.9 1
 1999 168  6 17 13 51 13.850  53.55   396.9 0 -9999.9 1 -9999.9 1   360.3 0   320.5 0   297.6 0   295.7 0   389.7 0   285.4 0   285.6 0    41.6 0   181.9 0 -9999.9 1   -69.2 0 -9999.9 1 -9999.9 1 -9999.9 1 -9999.9 1    30.9 0 -9999.9 1
 1999 168  6 17 13 54 13.900  52.97   312.7 0 -9999.9 1 -9999.9 1   309.1 0   318.7 0   297.5 0   295.8 0   387.1 0   285.4 0   285.5 0    38.6 0   144.1 0 -9999.9 1   -68.4 0 -9999.9 1 -9999.9 1 -9999.9 1 -9999.9 1    27.8 0 -9999.9 1
 1999 168  6 17 13 57 13.950  52.40   569.8 0 -9999.9 1 -9999.9 1   341.2 0   331.6 0   297.5 0   296.0 0   395.8 0   285.5 0   285.7 0    43.6 0   246.4 0 -9999.9 1   -64.2 0 -9999.9 1 -9999.9 1 -9999.9 1 -9999.9 1    32.6 0 -9999.9 1
 1999 168  6 17 14  3 14.050  51.25   448.2 0 -9999.9 1 -9999.9 1   310.8 0   310.0 0   297.8 0   296.3 0   393.2 0   285.8 0   286.0 0    48.7 0   200.6 0 -9999.9 1   -83.3 0 -9999.9 1 -9999.9 1 -9999.9 1 -9999.9 1    27.2 0 -9999.9 1
 1999 168  6 17 14  6 14.100  50.68   346.9 0 -9999.9 1 -9999.9 1   262.3 0   301.1 0   297.9 0   296.1 0   389.7 0   285.9 0   286.0 0    47.8 2   160.6 0 -9999.9 1   -88.6 0 -9999.9 1 -9999.9 1 -9999.9 1 -9999.9 1    35.1 0 -9999.9 1
 1999 168  6 17 14  9 14.150  50.11   535.6 0 -9999.9 1 -9999.9 1   302.6 0   309.8 0   297.9 0   296.4 0   396.1 0   285.9 0   286.1 0    54.5 0   237.2 0 -9999.9 1   -86.3 0 -9999.9 1 -9999.9 1 -9999.9 1 -9999.9 1    31.4 0 -9999.9 1
 1999 168  6 17 14 12 14.200  49.53   510.4 0 -9999.9 1 -9999.9 1   332.0 0   315.8 0   298.2 0   296.8 0   399.1 0   286.1 0   286.3 0    54.7 0   226.9 0 -9999.9 1   -83.3 0 -9999.9 1 -9999.9 1 -9999.9 1 -9999.9 1    46.7 0 -9999.9 1
 1999 168  6 17 14 18 14.300  48.39   270.3 0 -9999.9 1 -9999.9 1   266.9 0   334.3 0   298.5 0   296.7 0   391.3 0   286.4 0   286.5 0    38.6 0   121.8 0 -9999.9 1   -57.0 0 -9999.9 1 -9999.9 1 -9999.9 1 -9999.9 1    40.7 0 -9999.9 1
 1999 168  6 17 14 21 14.350  47.81   359.9 0 -9999.9 1 -9999.9 1   310.1 0   328.8 0   298.3 0   296.6 0   392.4 0   286.2 0   286.3 0    44.4 0   160.9 0 -9999.9 1   -63.6 0 -9999.9 1 -9999.9 1 -9999.9 1 -9999.9 1    28.1 0 -9999.9 1
 1999 168  6 17 14 24 14.400  47.24   311.4 0 -9999.9 1 -9999.9 1   310.8 0   328.5 0   298.2 0   296.4 0   389.4 0   286.1 0   286.2 0    44.0 2   140.8 0 -9999.9 1   -60.8 0 -9999.9 1 -9999.9 1 -9999.9 1 -9999.9 1    26.9 0 -9999.9 1
 1999 168  6 17 14 27 14.450  46.67   376.5 0 -9999.9 1 -9999.9 1   345.9 0   326.3 0   298.4 0   296.7 0   392.7 0   286.2 0   286.3 0    50.3 0   170.0 0 -9999.9 1   -66.4 0 -9999.9 1 -9999.9 1 -9999.9 1 -9999.9 1    22.6 0 -9999.9 1
 1999 168  6 17 14 33 14.550  45.53   304.4 0 -9999.9 1 -9999.9 1   259.4 0   301.7 0   298.7 0   297.1 0   394.0 0   286.5 0   286.7 0    57.2 0   142.1 0 -9999.9 1   -92.3 0 -9999.9 1 -9999.9 1 -9999.9 1 -9999.9 1    31.1 0 -9999.9 1
 1999 168  6 17 14 36 14.600  44.96   707.0 0 -9999.9 1 -9999.9 1   302.6 0   312.5 0   298.8 0   297.5 0   407.6 0   286.7 0   286.9 0    76.9 0   313.0 0 -9999.9 1   -95.1 0 -9999.9 1 -9999.9 1 -9999.9 1 -9999.9 1    36.7 0 -9999.9 1
 1999 168  6 17 14 39 14.650  44.39   896.7 0 -9999.9 1 -9999.9 1   322.6 0   309.9 0   299.0 0   298.3 0   420.3 0   286.8 0   287.3 0    91.1 0   386.9 0 -9999.9 1  -110.4 0 -9999.9 1 -9999.9 1 -9999.9 1 -9999.9 1    38.5 0 -9999.9 1
 1999 168  6 17 14 42 14.700  43.82   660.5 0 -9999.9 1 -9999.9 1   383.5 0   321.7 0   299.4 0   298.6 0   417.6 0   287.1 0   287.5 0    75.2 0   286.4 0 -9999.9 1   -95.9 0 -9999.9 1 -9999.9 1 -9999.9 1 -9999.9 1    31.9 0 -9999.9 1
 1999 168  6 17 14 48 14.800  42.68   326.6 0 -9999.9 1 -9999.9 1   322.3 0   343.6 0   300.0 0   298.2 0   397.2 0   287.5 0   287.6 0    47.2 0   145.3 0 -9999.9 1   -53.6 0 -9999.9 1 -9999.9 1 -9999.9 1 -9999.9 1    36.7 0 -9999.9 1
 1999 168  6 17 14 51 14.850  42.11   855.7 0 -9999.9 1 -9999.9 1   406.1 0   333.3 0   300.0 0   298.8 0   418.3 0   287.4 0   287.8 0    89.8 0   372.2 0 -9999.9 1   -85.0 0 -9999.9 1 -9999.9 1 -9999.9 1 -9999.9 1    42.3 0 -9999.9 1
 1999 168  6 17 14 54 14.900  41.55  1042.5 0 -9999.9 1 -9999.9 1   380.0 0   322.1 0   300.2 0   299.3 0   429.8 0   287.6 0   288.1 0   107.8 0   450.7 0 -9999.9 1  -107.8 0 -9999.9 1 -9999.9 1 -9999.9 1 -9999.9 1    42.9 0 -9999.9 1
 1999 168  6 17 14 57 14.950  40.98   936.0 0 -9999.9 1 -9999.9 1   372.7 0   323.7 0   300.6 0   300.0 0   435.0 0   287.9 0   288.4 0    98.1 0   396.6 0 -9999.9 1  -111.3 0 -9999.9 1 -9999.9 1 -9999.9 1 -9999.9 1    39.2 0 -9999.9 1
 1999 168  6 17 15  3 15.050  39.85   369.2 0 -9999.9 1 -9999.9 1   335.4 0   327.0 0   300.9 0   299.2 0   402.3 0   288.1 0   288.2 0    61.9 0   167.0 0 -9999.9 1   -75.3 0 -9999.9 1 -9999.9 1 -9999.9 1 -9999.9 1    17.3 0 -9999.9 1
 1999 168  6 17 15  6 15.100  39.29   592.1 0 -9999.9 1 -9999.9 1   336.1 0   313.7 0   301.0 0   299.5 0   409.8 0   288.1 0   288.3 0    82.8 0   261.9 0 -9999.9 1   -96.1 0 -9999.9 1 -9999.9 1 -9999.9 1 -9999.9 1    12.9 0 -9999.9 1
 1999 168  6 17 15  9 15.150  38.73   302.9 0 -9999.9 1 -9999.9 1   292.4 0   310.6 0   301.1 0   299.1 0   395.8 0   288.0 0   288.1 0    66.1 0   142.0 0 -9999.9 1   -85.2 0 -9999.9 1 -9999.9 1 -9999.9 1 -9999.9 1    15.9 0 -9999.9 1
 1999 168  6 17 15 12 15.200  38.17   831.2 0 -9999.9 1 -9999.9 1   294.3 0   305.1 0   301.2 0   300.0 0   417.3 0   288.0 0   288.3 0   106.4 0   367.1 0 -9999.9 1  -112.2 0 -9999.9 1 -9999.9 1 -9999.9 1 -9999.9 1    24.9 0 -9999.9 1
 1999 168  6 17 15 18 15.300  37.06   792.3 0 -9999.9 1 -9999.9 1   228.2 0   286.2 0   301.8 0   300.5 0   424.5 0   288.5 0   288.8 0   116.1 0   352.8 0 -9999.9 1  -138.3 0 -9999.9 1 -9999.9 1 -9999.9 1 -9999.9 1    33.7 0 -9999.9 1
 1999 168  6 17 15 21 15.350  36.50   972.1 0 -9999.9 1 -9999.9 1   219.9 0   286.1 0   301.9 0   300.9 0   429.0 0   288.4 0   288.8 0   130.9 0   428.7 0 -9999.9 1  -142.9 0 -9999.9 1 -9999.9 1 -9999.9 1 -9999.9 1    16.0 0 -9999.9 1
 1999 168  6 17 15 24 15.400  35.95   998.6 0 -9999.9 1 -9999.9 1   221.2 0   287.9 0   302.0 0   300.9 0   431.0 0   288.4 0   288.8 0   139.9 0   440.0 0 -9999.9 1  -143.1 0 -9999.9 1 -9999.9 1 -9999.9 1 -9999.9 1    26.2 0 -9999.9 1
 1999 168  6 17 15 27 15.450  35.40  1035.5 0 -9999.9 1 -9999.9 1   242.7 0   291.6 0   302.0 0   301.1 0   434.2 0   288.3 0   288.7 0   145.0 2   454.6 0 -9999.9 1  -142.6 0 -9999.9 1 -9999.9 1 -9999.9 1 -9999.9 1    33.7 0 -9999.9 1
 1999 168  6 17 15 33 15.550  34.31  1069.1 0 -9999.9 1 -9999.9 1   254.4 0   293.2 0   302.4 0   301.6 0   436.7 0   288.5 0   288.9 0   148.9 2   468.7 0 -9999.9 1  -143.4 0 -9999.9 1 -9999.9 1 -9999.9 1 -9999.9 1     8.9 0 -9999.9 1
 1999 168  6 17 15 36 15.600  33.76   987.2 0 -9999.9 1 -9999.9 1   306.8 0   306.6 0   302.9 0   302.1 0   440.6 0   288.9 0   289.4 0   141.3 2   427.6 0 -9999.9 1  -134.1 0 -9999.9 1 -9999.9 1 -9999.9 1 -9999.9 1    35.0 0 -9999.9 1
 1999 168  6 17 15 39 15.650  33.22  1010.9 0 -9999.9 1 -9999.9 1   294.5 0   309.0 0   303.0 0   301.7 0   436.4 0   289.0 0   289.3 0   141.0 2   446.5 0 -9999.9 1  -127.3 0 -9999.9 1 -9999.9 1 -9999.9 1 -9999.9 1    40.5 0 -9999.9 1
 1999 168  6 17 15 42 15.700  32.68  1105.5 0 -9999.9 1 -9999.9 1   277.3 0   298.3 0   303.2 0   302.4 0   440.8 0   289.1 0   289.5 0   153.7 2   482.0 0 -9999.9 1  -142.5 0 -9999.9 1 -9999.9 1 -9999.9 1 -9999.9 1    13.9 0 -9999.9 1
 1999 168  6 17 15 48 15.800  31.61   994.9 0 -9999.9 1 -9999.9 1   237.0 0   293.5 0   304.0 0   303.2 0   439.0 0   289.7 0   290.1 0   148.0 0   434.4 0 -9999.9 1  -145.5 0 -9999.9 1 -9999.9 1 -9999.9 1 -9999.9 1     9.5 0 -9999.9 1
 1999 168  6 17 15 51 15.850  31.08  1042.7 0 -9999.9 1 -9999.9 1   226.0 0   292.8 0   304.2 0   303.0 0   435.4 0   289.7 0   290.0 0   154.1 2   463.0 0 -9999.9 1  -142.5 0 -9999.9 1 -9999.9 1 -9999.9 1 -9999.9 1    15.1 0 -9999.9 1
 1999 168  6 17 15 54 15.900  30.56  1070.7 0 -9999.9 1 -9999.9 1   197.9 0   289.8 0   304.3 0   303.0 0   437.8 0   289.6 0   290.0 0   162.3 2   472.2 0 -9999.9 1  -148.0 0 -9999.9 1 -9999.9 1 -9999.9 1 -9999.9 1    18.8 0 -9999.9 1
 1999 168  6 17 15 57 15.950  30.03  1082.2 0 -9999.9 1 -9999.9 1   198.1 0   284.3 0   304.4 0   303.3 0   443.8 0   289.6 0   290.0 0   166.6 2   477.9 0 -9999.9 1  -159.5 0 -9999.9 1 -9999.9 1 -9999.9 1 -9999.9 1    27.0 0 -9999.9 1
 1999 168  6 17 16  3 16.050  29.00   965.9 0 -9999.9 1 -9999.9 1   203.8 0   287.2 0   304.9 0   303.8 0   439.0 0   290.1 0   290.4 0   157.6 0   428.5 0 -9999.9 1  -151.8 0 -9999.9 1 -9999.9 1 -9999.9 1 -9999.9 1     3.7 0 -9999.9 1
 1999 168  6 17 16  6 16.100  28.49  1102.5 0 -9999.9 1 -9999.9 1   196.9 0   285.9 0   305.0 0   304.3 0   448.6 0   290.1 0   290.4 0   171.0 0   485.5 0 -9999.9 1  -162.7 0 -9999.9 1 -9999.9 1 -9999.9 1 -9999.9 1    18.1 0 -9999.9 1
 1999 168  6 17 16  9 16.150  27.98   862.5 0 -9999.9 1 -9999.9 1   206.0 0   285.2 0   305.2 0   303.4 0   428.9 0   290.2 0   290.4 0   148.2 0   384.8 0 -9999.9 1  -143.7 0 -9999.9 1 -9999.9 1 -9999.9 1 -9999.9 1    15.1 0 -9999.9 1
 1999 168  6 17 16 12 16.200  27.48  1086.9 0 -9999.9 1 -9999.9 1   155.9 0   282.9 0   305.2 0   303.9 0   440.6 0   290.0 0   290.3 0   173.8 0   479.1 0 -9999.9 1  -157.6 0 -9999.9 1 -9999.9 1 -9999.9 1 -9999.9 1    16.2 0 -9999.9 1
 1999 168  6 17 16 18 16.300  26.49  1073.3 0 -9999.9 1 -9999.9 1   136.4 0   271.6 0   305.1 0   304.3 0   447.4 0   289.9 0   290.2 0   173.4 2   474.3 0 -9999.9 1  -175.8 0 -9999.9 1 -9999.9 1 -9999.9 1 -9999.9 1    35.1 0 -9999.9 1
 1999 168  6 17 16 21 16.350  26.00  1066.8 0 -9999.9 1 -9999.9 1   116.1 0   274.5 0   305.1 0   303.1 0   435.0 0   289.8 0   290.1 0   181.1 2   471.2 0 -9999.9 1  -160.5 0 -9999.9 1 -9999.9 1 -9999.9 1 -9999.9 1    24.5 0 -9999.9 1
 1999 168  6 17 16 24 16.400  25.52  1067.3 0 -9999.9 1 -9999.9 1   113.1 0   273.2 0   305.0 0   303.5 0   438.8 0   289.9 0   290.1 0   178.4 2   471.2 0 -9999.9 1  -165.6 0 -9999.9 1 -9999.9 1 -9999.9 1 -9999.9 1    25.0 0 -9999.9 1
 1999 168  6 17 16 27 16.450  25.05  1066.8 0 -9999.9 1 -9999.9 1   109.9 0   273.8 0   305.1 0   303.8 0   441.8 0   290.0 0   290.3 0   181.7 2   471.4 0 -9999.9 1  -168.0 0 -9999.9 1 -9999.9 1 -9999.9 1 -9999.9 1    25.2 0 -9999.9 1
 1999 168  6 17 16 33 16.550  24.13  1070.7 0 -9999.9 1 -9999.9 1   106.6 0   278.1 0   305.3 0   303.8 0   437.6 0   290.3 0   290.6 0   186.4 0   472.1 0 -9999.9 1  -159.4 0 -9999.9 1 -9999.9 1 -9999.9 1 -9999.9 1    11.7 0 -9999.9 1
 1999 168  6 17 16 36 16.600  23.67  1076.1 0 -9999.9 1 -9999.9 1   104.2 0   276.6 0   305.3 0   304.0 0   442.7 0   290.2 0   290.6 0   187.6 0   474.7 0 -9999.9 1  -166.2 0 -9999.9 1 -9999.9 1 -9999.9 1 -9999.9 1    21.8 0 -9999.9 1
 1999 168  6 17 16 39 16.650  23.23  1077.5 0 -9999.9 1 -9999.9 1   110.9 0   278.2 0   305.4 0   304.1 0   444.2 0   290.4 0   290.7 0   188.5 0   474.7 0 -9999.9 1  -166.0 0 -9999.9 1 -9999.9 1 -9999.9 1 -9999.9 1    15.0 0 -9999.9 1
 1999 168  6 17 16 42 16.700  22.80  1115.1 0 -9999.9 1 -9999.9 1   140.2 0   282.5 0   305.4 0   304.1 0   444.3 0   290.5 0   290.9 0   193.4 0   489.9 0 -9999.9 1  -161.8 0 -9999.9 1 -9999.9 1 -9999.9 1 -9999.9 1    23.1 0 -9999.9 1
 1999 168  6 17 16 48 16.800  21.95  1073.1 0 -9999.9 1 -9999.9 1    99.5 0   280.9 0   305.5 0   304.1 0   446.3 0   290.9 0   291.2 0   189.3 0   472.9 0 -9999.9 1  -165.5 0 -9999.9 1 -9999.9 1 -9999.9 1 -9999.9 1    31.2 0 -9999.9 1
 1999 168  6 17 16 51 16.850  21.55  1072.5 0 -9999.9 1 -9999.9 1    97.5 0   280.1 0   305.4 0   303.8 0   443.8 0   290.9 0   291.2 0   191.5 0   472.2 0 -9999.9 1  -163.7 0 -9999.9 1 -9999.9 1 -9999.9 1 -9999.9 1    42.4 0 -9999.9 1
 1999 168  6 17 16 54 16.900  21.15  1076.9 0 -9999.9 1 -9999.9 1    96.7 0   279.9 0   305.3 0   304.1 0   447.1 0   290.8 0   291.2 0   194.3 0   474.9 0 -9999.9 1  -167.2 0 -9999.9 1 -9999.9 1 -9999.9 1 -9999.9 1    24.5 0 -9999.9 1
 1999 168  6 17 16 57 16.950  20.77  1080.7 0 -9999.9 1 -9999.9 1   101.5 0   282.4 0   305.3 0   304.1 0   447.3 0   290.9 0   291.2 0   199.0 0   475.9 0 -9999.9 1  -164.9 0 -9999.9 1 -9999.9 1 -9999.9 1 -9999.9 1    13.6 0 -9999.9 1
 1999 168  6 17 17  3 17.050  20.04  1109.3 0 -9999.9 1 -9999.9 1   123.1 0   286.5 0   305.3 0   304.0 0   449.4 0   291.1 0   291.5 0   202.0 0   487.8 0 -9999.9 1  -162.9 0 -9999.9 1 -9999.9 1 -9999.9 1 -9999.9 1    13.9 0 -9999.9 1
 1999 168  6 17 17  6 17.100  19.70  1122.9 0 -9999.9 1 -9999.9 1   131.1 0   285.1 0   305.3 0   304.2 0   450.6 0   291.2 0   291.5 0   206.0 0   492.5 0 -9999.9 1  -165.5 0 -9999.9 1 -9999.9 1 -9999.9 1 -9999.9 1    13.6 0 -9999.9 1
 1999 168  6 17 17  9 17.150  19.37  1132.4 0 -9999.9 1 -9999.9 1   139.6 0   282.5 0   305.3 0   304.6 0   454.9 0   291.2 0   291.6 0   204.2 0   496.1 0 -9999.9 1  -172.3 0 -9999.9 1 -9999.9 1 -9999.9 1 -9999.9 1    10.2 0 -9999.9 1
 1999 168  6 17 17 12 17.200  19.05  1109.1 0 -9999.9 1 -9999.9 1   123.0 0   282.0 0   305.5 0   304.4 0   451.0 0   291.3 0   291.6 0   198.1 0   484.4 0 -9999.9 1  -169.0 0 -9999.9 1 -9999.9 1 -9999.9 1 -9999.9 1    13.2 0 -9999.9 1
 1999 168  6 17 17 18 17.300  18.47  1113.0 0 -9999.9 1 -9999.9 1   106.0 0   280.5 0   305.2 0   303.9 0   447.5 0   291.0 0   291.3 0   204.0 0   486.2 0 -9999.9 1  -166.9 0 -9999.9 1 -9999.9 1 -9999.9 1 -9999.9 1    10.8 0 -9999.9 1
 1999 168  6 17 17 21 17.350  18.21  1124.5 0 -9999.9 1 -9999.9 1   112.8 0   278.5 0   305.2 0   304.3 0   452.7 0   291.0 0   291.4 0   208.8 0   490.5 0 -9999.9 1  -174.2 0 -9999.9 1 -9999.9 1 -9999.9 1 -9999.9 1    16.0 0 -9999.9 1
 1999 168  6 17 17 24 17.400  17.96  1164.0 0 -9999.9 1 -9999.9 1   156.3 0   282.4 0   305.1 0   304.1 0   453.9 0   291.0 0   291.4 0   215.7 0   507.2 0 -9999.9 1  -171.5 0 -9999.9 1 -9999.9 1 -9999.9 1 -9999.9 1    36.9 0 -9999.9 1
 1999 168  6 17 17 27 17.450  17.74  1175.8 0 -9999.9 1 -9999.9 1   156.9 0   279.5 0   305.0 0   303.9 0   455.5 0   290.8 0   291.2 0   219.9 0   512.3 0 -9999.9 1  -176.0 0 -9999.9 1 -9999.9 1 -9999.9 1 -9999.9 1    36.7 0 -9999.9 1
 1999 168  6 17 17 33 17.550  17.35  1148.9 0 -9999.9 1 -9999.9 1   117.3 0   271.1 0   304.8 0   304.0 0   456.3 0   290.7 0   291.1 0   210.8 2   502.3 0 -9999.9 1  -185.3 0 -9999.9 1 -9999.9 1 -9999.9 1 -9999.9 1    52.6 0 -9999.9 1
 1999 168  6 17 17 36 17.600  17.18  1137.9 0 -9999.9 1 -9999.9 1   106.6 0   271.0 0   304.8 0   303.7 0   448.0 0   290.7 0   291.1 0   214.5 2   497.9 0 -9999.9 1  -177.0 0 -9999.9 1 -9999.9 1 -9999.9 1 -9999.9 1    13.1 0 -9999.9 1
 1999 168  6 17 17 39 17.650  17.04  1141.4 0 -9999.9 1 -9999.9 1   108.5 0   271.6 0   305.0 0   304.3 0   454.3 0   290.8 0   291.2 0   214.9 2   498.0 0 -9999.9 1  -182.7 0 -9999.9 1 -9999.9 1 -9999.9 1 -9999.9 1    18.9 0 -9999.9 1
 1999 168  6 17 17 42 17.700  16.92  1139.7 0 -9999.9 1 -9999.9 1   106.1 0   272.8 0   304.9 0   303.4 0   447.0 0   290.8 0   291.1 0   216.7 2   496.9 0 -9999.9 1  -174.2 0 -9999.9 1 -9999.9 1 -9999.9 1 -9999.9 1    31.0 0 -9999.9 1
 1999 168  6 17 17 48 17.800  16.75  1140.3 0 -9999.9 1 -9999.9 1   100.3 0   269.5 0   304.9 0   303.8 0   449.0 0   290.6 0   291.0 0   220.8 2   497.0 0 -9999.9 1  -179.5 0 -9999.9 1 -9999.9 1 -9999.9 1 -9999.9 1    20.3 0 -9999.9 1
 1999 168  6 17 17 51 17.850  16.69  1145.6 0 -9999.9 1 -9999.9 1   100.1 0   268.0 0   304.8 0   303.6 0   446.6 0   290.5 0   290.8 0   220.6 2   499.0 0 -9999.9 1  -178.7 0 -9999.9 1 -9999.9 1 -9999.9 1 -9999.9 1    23.9 0 -9999.9 1
 1999 168  6 17 17 54 17.900  16.67  1143.2 0 -9999.9 1 -9999.9 1   101.3 0   266.0 0   304.8 0   304.0 0   450.1 0   290.5 0   290.8 0   216.2 2   498.3 0 -9999.9 1  -184.1 0 -9999.9 1 -9999.9 1 -9999.9 1 -9999.9 1    17.2 0 -9999.9 1
 1999 168  6 17 17 57 17.950  16.67  1142.9 0 -9999.9 1 -9999.9 1   102.2 0   266.3 0   304.8 0   303.8 0   445.9 0   290.4 0   290.7 0   218.0 2   497.9 0 -9999.9 1  -179.6 0 -9999.9 1 -9999.9 1 -9999.9 1 -9999.9 1    15.4 0 -9999.9 1
 1999 168  6 17 18  3 18.050  16.73  1164.0 0 -9999.9 1 -9999.9 1   131.0 0   275.1 0   305.3 0   304.2 0   451.5 0   290.8 0   291.1 0   220.6 2   505.4 0 -9999.9 1  -176.4 0 -9999.9 1 -9999.9 1 -9999.9 1 -9999.9 1    22.3 0 -9999.9 1
 1999 168  6 17 18  6 18.100  16.80  1142.3 0 -9999.9 1 -9999.9 1   115.9 0   275.1 0   305.6 0   304.8 0   456.5 0   291.0 0   291.4 0   220.7 2   496.6 0 -9999.9 1  -181.4 0 -9999.9 1 -9999.9 1 -9999.9 1 -9999.9 1    33.4 0 -9999.9 1
 1999 168  6 17 18  9 18.150  16.89  1135.8 0 -9999.9 1 -9999.9 1   107.4 0   275.6 0   305.5 0   304.1 0   448.0 0   291.0 0   291.3 0   220.7 2   494.0 0 -9999.9 1  -172.4 0 -9999.9 1 -9999.9 1 -9999.9 1 -9999.9 1    26.6 0 -9999.9 1
 1999 168  6 17 18 12 18.200  17.01  1136.0 0 -9999.9 1 -9999.9 1   103.9 0   273.6 0   305.4 0   304.2 0   448.1 0   291.0 0   291.3 0   217.6 2   493.9 0 -9999.9 1  -174.5 0 -9999.9 1 -9999.9 1 -9999.9 1 -9999.9 1    10.9 0 -9999.9 1
 1999 168  6 17 18 18 18.300  17.31  1134.3 0 -9999.9 1 -9999.9 1   106.2 0   268.9 0   305.4 0   304.4 0   455.7 0   290.9 0   291.2 0   217.4 2   493.2 0 -9999.9 1  -186.8 0 -9999.9 1 -9999.9 1 -9999.9 1 -9999.9 1    20.3 0 -9999.9 1
 1999 168  6 17 18 21 18.350  17.49  1100.8 0 -9999.9 1 -9999.9 1   153.2 0   271.6 0   305.5 0   304.7 0   456.0 0   291.0 0   291.3 0   208.4 2   474.2 0 -9999.9 1  -184.3 0 -9999.9 1 -9999.9 1 -9999.9 1 -9999.9 1    21.0 0 -9999.9 1
 1999 168  6 17 18 24 18.400  17.69   519.4 0 -9999.9 1 -9999.9 1   202.6 0   269.8 0   305.3 0   302.9 0   414.6 0   290.8 0   290.7 0   134.0 2   240.4 0 -9999.9 1  -144.9 0 -9999.9 1 -9999.9 1 -9999.9 1 -9999.9 1    15.8 0 -9999.9 1
 1999 168  6 17 18 27 18.450  17.91  1134.6 0 -9999.9 1 -9999.9 1   145.0 0   270.8 0   305.1 0   304.0 0   446.1 0   290.5 0   290.8 0   208.6 2   495.1 0 -9999.9 1  -175.3 0 -9999.9 1 -9999.9 1 -9999.9 1 -9999.9 1    30.3 0 -9999.9 1
 1999 168  6 17 18 33 18.550  18.41  1138.1 0 -9999.9 1 -9999.9 1   123.3 0   272.9 0   305.4 0   304.5 0   453.7 0   290.9 0   291.3 0   208.3 2   496.3 0 -9999.9 1  -180.8 0 -9999.9 1 -9999.9 1 -9999.9 1 -9999.9 1    13.7 0 -9999.9 1
 1999 168  6 17 18 36 18.600  18.69  1161.8 0 -9999.9 1 -9999.9 1   148.9 0   277.7 0   305.6 0   304.4 0   453.1 0   291.1 0   291.4 0   209.4 2   506.1 0 -9999.9 1  -175.4 0 -9999.9 1 -9999.9 1 -9999.9 1 -9999.9 1     7.7 0 -9999.9 1
 1999 168  6 17 18 39 18.650  18.99  1202.3 0 -9999.9 1 -9999.9 1   195.3 0   283.1 0   305.7 0   304.9 0   457.2 0   291.3 0   291.7 0   209.9 2   522.6 0 -9999.9 1  -174.1 0 -9999.9 1 -9999.9 1 -9999.9 1 -9999.9 1     6.6 0 -9999.9 1
 1999 168  6 17 18 42 18.700  19.30   695.7 0 -9999.9 1 -9999.9 1   187.4 0   275.6 0   305.6 0   303.6 0   427.0 0   291.1 0   291.2 0   148.9 2   312.2 0 -9999.9 1  -151.4 0 -9999.9 1 -9999.9 1 -9999.9 1 -9999.9 1     8.3 0 -9999.9 1
 1999 168  6 17 18 48 18.800  19.97  1125.0 0 -9999.9 1 -9999.9 1   117.9 0   272.1 0   305.6 0   305.0 0   457.7 0   291.0 0   291.5 0   200.6 2   490.3 0 -9999.9 1  -185.7 0 -9999.9 1 -9999.9 1 -9999.9 1 -9999.9 1    16.4 0 -9999.9 1
 1999 168  6 17 18 51 18.850  20.32  1123.8 0 -9999.9 1 -9999.9 1   110.9 0   271.0 0   305.7 0   304.5 0   450.5 0   291.1 0   291.5 0   200.5 2   489.8 0 -9999.9 1  -179.5 0 -9999.9 1 -9999.9 1 -9999.9 1 -9999.9 1     4.5 0 -9999.9 1
 1999 168  6 17 18 54 18.900  20.69  1110.9 0 -9999.9 1 -9999.9 1   107.5 0   272.7 0   305.8 0   304.5 0   451.7 0   291.3 0   291.7 0   197.2 2   484.9 0 -9999.9 1  -179.0 0 -9999.9 1 -9999.9 1 -9999.9 1 -9999.9 1    24.4 0 -9999.9 1
 1999 168  6 17 18 57 18.950  21.07  1117.2 0 -9999.9 1 -9999.9 1   122.4 0   275.1 0   306.0 0   304.9 0   457.1 0   291.6 0   291.9 0   200.1 2   487.4 0 -9999.9 1  -182.0 0 -9999.9 1 -9999.9 1 -9999.9 1 -9999.9 1    15.7 0 -9999.9 1
 1999 168  6 17 19  3 19.050  21.86   284.0 0 -9999.9 1 -9999.9 1   179.5 0   277.3 0   305.8 0   302.8 0   403.7 0   291.4 0   291.2 0   100.0 0   140.3 0 -9999.9 1  -126.4 0 -9999.9 1 -9999.9 1 -9999.9 1 -9999.9 1    46.0 0 -9999.9 1
 1999 168  6 17 19  6 19.100  22.28  1126.7 0 -9999.9 1 -9999.9 1   154.3 0   276.4 0   305.4 0   304.3 0   451.3 0   290.9 0   291.3 0   193.5 2   491.7 0 -9999.9 1  -174.9 0 -9999.9 1 -9999.9 1 -9999.9 1 -9999.9 1    47.3 0 -9999.9 1
 1999 168  6 17 19  9 19.150  22.70  1101.1 0 -9999.9 1 -9999.9 1   123.7 0   271.6 0   305.4 0   304.8 0   458.7 0   291.1 0   291.6 0   193.2 2   481.3 0 -9999.9 1  -187.1 0 -9999.9 1 -9999.9 1 -9999.9 1 -9999.9 1    34.1 0 -9999.9 1
 1999 168  6 17 19 12 19.200  23.13  1109.1 0 -9999.9 1 -9999.9 1   143.3 0   277.0 0   305.7 0   304.6 0   458.5 0   291.5 0   291.9 0   191.9 0   484.5 0 -9999.9 1  -181.5 0 -9999.9 1 -9999.9 1 -9999.9 1 -9999.9 1    49.3 0 -9999.9 1
 1999 168  6 17 19 18 19.300  24.02  1110.8 0 -9999.9 1 -9999.9 1   150.8 0   283.4 0   305.9 0   305.1 0   459.0 0   291.9 0   292.3 0   187.6 0   485.3 0 -9999.9 1  -175.5 0 -9999.9 1 -9999.9 1 -9999.9 1 -9999.9 1    10.4 0 -9999.9 1
 1999 168  6 17 19 21 19.350  24.48  1096.6 0 -9999.9 1 -9999.9 1   140.3 0   282.1 0   306.2 0   305.2 0   457.8 0   292.2 0   292.6 0   183.8 0   479.5 0 -9999.9 1  -175.7 0 -9999.9 1 -9999.9 1 -9999.9 1 -9999.9 1    19.2 0 -9999.9 1
 1999 168  6 17 19 24 19.400  24.95  1092.1 0 -9999.9 1 -9999.9 1   142.0 0   281.4 0   306.1 0   304.8 0   449.7 0   292.1 0   292.4 0   184.2 0   478.0 0 -9999.9 1  -168.3 0 -9999.9 1 -9999.9 1 -9999.9 1 -9999.9 1    14.0 0 -9999.9 1
 1999 168  6 17 19 27 19.450  25.42  1072.7 0 -9999.9 1 -9999.9 1   120.1 0   277.0 0   306.1 0   304.9 0   451.5 0   292.0 0   292.3 0   183.6 0   470.2 0 -9999.9 1  -174.5 0 -9999.9 1 -9999.9 1 -9999.9 1 -9999.9 1    11.5 0 -9999.9 1
 1999 168  6 17 19 33 19.550  26.38  1071.6 0 -9999.9 1 -9999.9 1   131.5 0   277.5 0   306.5 0   305.8 0   460.2 0   292.3 0   292.7 0   184.7 0   469.5 0 -9999.9 1  -182.7 0 -9999.9 1 -9999.9 1 -9999.9 1 -9999.9 1    18.6 0 -9999.9 1
 1999 168  6 17 19 36 19.600  26.87  1110.1 0 -9999.9 1 -9999.9 1   186.9 0   279.2 0   306.6 0   305.9 0   465.9 0   292.3 0   292.7 0   184.3 0   485.1 0 -9999.9 1  -186.7 0 -9999.9 1 -9999.9 1 -9999.9 1 -9999.9 1    49.0 0 -9999.9 1
 1999 168  6 17 19 39 19.650  27.37  1123.1 0 -9999.9 1 -9999.9 1   206.4 0   282.2 0   306.7 0   305.5 0   460.5 0   292.5 0   292.9 0   185.1 0   490.3 0 -9999.9 1  -178.3 0 -9999.9 1 -9999.9 1 -9999.9 1 -9999.9 1    39.9 0 -9999.9 1
 1999 168  6 17 19 42 19.700  27.87   893.2 0 -9999.9 1 -9999.9 1   141.6 0   277.0 0   306.9 0   305.7 0   449.9 0   292.7 0   292.9 0   163.4 0   397.7 0 -9999.9 1  -172.9 0 -9999.9 1 -9999.9 1 -9999.9 1 -9999.9 1    24.9 0 -9999.9 1
 1999 168  6 17 19 48 19.800  28.88  1001.4 0 -9999.9 1 -9999.9 1    93.4 0   279.4 0   307.0 0   305.3 0   449.5 0   292.6 0   292.9 0   174.1 0   441.6 0 -9999.9 1  -170.1 0 -9999.9 1 -9999.9 1 -9999.9 1 -9999.9 1    43.0 0 -9999.9 1
 1999 168  6 17 19 51 19.850  29.40   994.6 0 -9999.9 1 -9999.9 1    89.6 0   279.3 0   307.0 0   305.9 0   453.3 0   292.6 0   292.9 0   171.2 0   438.5 0 -9999.9 1  -174.0 0 -9999.9 1 -9999.9 1 -9999.9 1 -9999.9 1    16.4 0 -9999.9 1
 1999 168  6 17 19 54 19.900  29.92   991.1 0 -9999.9 1 -9999.9 1   100.3 0   279.1 0   307.2 0   306.0 0   454.0 0   292.7 0   292.9 0   169.4 0   436.9 0 -9999.9 1  -174.9 0 -9999.9 1 -9999.9 1 -9999.9 1 -9999.9 1    61.7 0 -9999.9 1
 1999 168  6 17 19 57 19.950  30.44  1007.3 0 -9999.9 1 -9999.9 1   124.5 0   285.1 0   307.2 0   305.8 0   453.3 0   292.6 0   293.0 0   168.7 0   444.4 0 -9999.9 1  -168.2 0 -9999.9 1 -9999.9 1 -9999.9 1 -9999.9 1    24.4 0 -9999.9 1
 1999 168  6 17 20  3 20.050  31.50   993.5 0 -9999.9 1 -9999.9 1   123.4 0   284.2 0   307.3 0   305.9 0   453.8 0   292.8 0   293.1 0   160.2 0   439.4 0 -9999.9 1  -169.6 0 -9999.9 1 -9999.9 1 -9999.9 1 -9999.9 1    38.4 0 -9999.9 1
 1999 168  6 17 20  6 20.100  32.03   969.1 0 -9999.9 1 -9999.9 1   103.5 0   279.3 0   307.0 0   305.2 0   445.7 0   292.5 0   292.7 0   155.8 0   429.5 0 -9999.9 1  -166.4 0 -9999.9 1 -9999.9 1 -9999.9 1 -9999.9 1    57.7 0 -9999.9 1
 1999 168  6 17 20  9 20.150  32.56   928.0 0 -9999.9 1 -9999.9 1    90.8 0   276.2 0   306.7 0   304.8 0   445.7 0   292.1 0   292.4 0   150.3 0   413.0 0 -9999.9 1  -169.5 0 -9999.9 1 -9999.9 1 -9999.9 1 -9999.9 1    46.7 0 -9999.9 1
 1999 168  6 17 20 12 20.200  33.10   955.7 0 -9999.9 1 -9999.9 1    89.9 0   276.6 0   306.6 0   305.2 0   446.2 0   292.2 0   292.5 0   150.2 0   423.8 0 -9999.9 1  -169.6 0 -9999.9 1 -9999.9 1 -9999.9 1 -9999.9 1    12.2 0 -9999.9 1
 1999 168  6 17 20 18 20.300  34.19   938.1 0 -9999.9 1 -9999.9 1    82.2 0   273.6 0   306.7 0   305.5 0   448.9 0   292.4 0   292.7 0   145.0 0   416.5 0 -9999.9 1  -175.4 0 -9999.9 1 -9999.9 1 -9999.9 1 -9999.9 1    21.8 0 -9999.9 1
 1999 168  6 17 20 21 20.350  34.73   929.7 0 -9999.9 1 -9999.9 1    81.5 0   274.8 0   306.9 0   305.6 0   444.9 0   292.5 0   292.7 0   140.5 0   412.6 0 -9999.9 1  -170.1 0 -9999.9 1 -9999.9 1 -9999.9 1 -9999.9 1    10.5 0 -9999.9 1
 1999 168  6 17 20 24 20.400  35.28   917.7 0 -9999.9 1 -9999.9 1    80.7 0   274.6 0   307.1 0   306.1 0   447.7 0   292.5 0   292.8 0   137.0 0   408.0 0 -9999.9 1  -173.2 0 -9999.9 1 -9999.9 1 -9999.9 1 -9999.9 1    15.5 0 -9999.9 1
 1999 168  6 17 20 27 20.450  35.83   907.6 0 -9999.9 1 -9999.9 1    78.2 0   275.9 0   307.1 0   305.7 0   446.5 0   292.4 0   292.8 0   134.4 0   403.6 0 -9999.9 1  -170.6 0 -9999.9 1 -9999.9 1 -9999.9 1 -9999.9 1    15.1 0 -9999.9 1
 1999 168  6 17 20 33 20.550  36.94   910.1 0 -9999.9 1 -9999.9 1    90.0 0   274.5 0   307.0 0   305.8 0   447.9 0   292.2 0   292.5 0   132.4 0   404.6 0 -9999.9 1  -173.4 0 -9999.9 1 -9999.9 1 -9999.9 1 -9999.9 1    11.1 0 -9999.9 1
 1999 168  6 17 20 36 20.600  37.49   904.9 0 -9999.9 1 -9999.9 1    93.9 0   275.7 0   307.0 0   305.6 0   446.3 0   292.3 0   292.6 0   128.5 0   402.0 0 -9999.9 1  -170.6 0 -9999.9 1 -9999.9 1 -9999.9 1 -9999.9 1    26.6 0 -9999.9 1
 1999 168  6 17 20 39 20.650  38.05   894.6 0 -9999.9 1 -9999.9 1    87.4 0   271.2 0   307.0 0   305.9 0   448.8 0   292.3 0   292.6 0   126.0 0   397.3 0 -9999.9 1  -177.6 0 -9999.9 1 -9999.9 1 -9999.9 1 -9999.9 1    26.5 0 -9999.9 1
 1999 168  6 17 20 42 20.700  38.61   880.4 0 -9999.9 1 -9999.9 1    79.7 0   274.3 0   307.1 0   305.4 0   442.3 0   292.3 0   292.6 0   122.8 0   391.9 0 -9999.9 1  -167.9 0 -9999.9 1 -9999.9 1 -9999.9 1 -9999.9 1    19.7 0 -9999.9 1
 1999 168  6 17 20 48 20.800  39.73   861.6 0 -9999.9 1 -9999.9 1    73.3 0   270.7 0   307.0 0   305.5 0   441.1 0   292.2 0   292.4 0   118.0 2   384.7 0 -9999.9 1  -170.4 0 -9999.9 1 -9999.9 1 -9999.9 1 -9999.9 1    23.7 0 -9999.9 1
 1999 168  6 17 20 51 20.850  40.29   844.8 0 -9999.9 1 -9999.9 1    72.8 0   271.5 0   307.1 0   305.4 0   440.3 0   292.2 0   292.5 0   114.6 0   377.8 0 -9999.9 1  -168.8 0 -9999.9 1 -9999.9 1 -9999.9 1 -9999.9 1    29.7 0 -9999.9 1
 1999 168  6 17 20 54 20.900  40.86   832.5 0 -9999.9 1 -9999.9 1    73.9 0   274.2 0   307.1 0   305.1 0   438.5 0   292.3 0   292.5 0   110.6 0   372.8 0 -9999.9 1  -164.3 0 -9999.9 1 -9999.9 1 -9999.9 1 -9999.9 1    40.9 0 -9999.9 1
 1999 168  6 17 20 57 20.950  41.42   824.3 0 -9999.9 1 -9999.9 1    73.0 0   274.7 0   307.1 0   305.0 0   436.9 0   292.3 0   292.6 0   108.0 0   368.8 0 -9999.9 1  -162.2 0 -9999.9 1 -9999.9 1 -9999.9 1 -9999.9 1    29.3 0 -9999.9 1
 1999 168  6 17 21  3 21.050  42.55   803.6 0 -9999.9 1 -9999.9 1    69.4 0   271.8 0   307.1 0   305.7 0   443.8 0   292.4 0   292.8 0   101.1 0   359.3 0 -9999.9 1  -172.0 0 -9999.9 1 -9999.9 1 -9999.9 1 -9999.9 1    21.4 0 -9999.9 1
 1999 168  6 17 21  6 21.100  43.12   793.2 0 -9999.9 1 -9999.9 1    69.4 0   274.2 0   307.1 0   305.2 0   437.0 0   292.6 0   292.8 0    98.7 0   354.8 0 -9999.9 1  -162.8 0 -9999.9 1 -9999.9 1 -9999.9 1 -9999.9 1    25.6 0 -9999.9 1
 1999 168  6 17 21  9 21.150  43.69   784.2 0 -9999.9 1 -9999.9 1    69.6 0   274.5 0   307.0 0   305.0 0   435.5 0   292.5 0   292.8 0    95.3 0   351.3 0 -9999.9 1  -161.1 0 -9999.9 1 -9999.9 1 -9999.9 1 -9999.9 1    27.8 0 -9999.9 1
 1999 168  6 17 21 12 21.200  44.26   770.8 0 -9999.9 1 -9999.9 1    70.6 0   272.9 0   307.0 0   305.6 0   441.0 0   292.5 0   292.8 0    91.8 0   345.8 0 -9999.9 1  -168.1 0 -9999.9 1 -9999.9 1 -9999.9 1 -9999.9 1    11.3 0 -9999.9 1
 1999 168  6 17 21 18 21.300  45.40   750.4 0 -9999.9 1 -9999.9 1    69.7 0   278.0 0   307.0 0   305.0 0   432.4 0   292.5 0   292.7 0    86.5 0   337.7 0 -9999.9 1  -154.4 0 -9999.9 1 -9999.9 1 -9999.9 1 -9999.9 1    11.1 0 -9999.9 1
 1999 168  6 17 21 21 21.350  45.97   741.6 0 -9999.9 1 -9999.9 1    68.2 0   274.9 0   306.9 0   305.4 0   435.9 0   292.4 0   292.7 0    84.0 0   333.8 0 -9999.9 1  -161.0 0 -9999.9 1 -9999.9 1 -9999.9 1 -9999.9 1     7.5 0 -9999.9 1
 1999 168  6 17 21 24 21.400  46.54   733.4 0 -9999.9 1 -9999.9 1    68.4 0   277.0 0   307.0 0   305.2 0   435.8 0   292.5 0   292.7 0    82.7 0   330.3 0 -9999.9 1  -158.8 0 -9999.9 1 -9999.9 1 -9999.9 1 -9999.9 1    22.5 0 -9999.9 1
 1999 168  6 17 21 27 21.450  47.11   725.3 0 -9999.9 1 -9999.9 1    68.2 0   277.4 0   307.0 0   305.2 0   434.5 0   292.5 0   292.8 0    80.5 0   326.6 0 -9999.9 1  -157.1 0 -9999.9 1 -9999.9 1 -9999.9 1 -9999.9 1     6.2 0 -9999.9 1
 1999 168  6 17 21 33 21.550  48.26   706.4 0 -9999.9 1 -9999.9 1    67.3 0   277.7 0   307.0 0   305.0 0   431.6 0   292.5 0   292.7 0    74.4 0   318.7 0 -9999.9 1  -153.9 0 -9999.9 1 -9999.9 1 -9999.9 1 -9999.9 1     8.6 0 -9999.9 1
 1999 168  6 17 21 36 21.600  48.83   697.1 0 -9999.9 1 -9999.9 1    67.6 0   277.2 0   306.9 0   305.0 0   431.9 0   292.4 0   292.7 0    73.4 0   314.6 0 -9999.9 1  -154.7 0 -9999.9 1 -9999.9 1 -9999.9 1 -9999.9 1     5.2 0 -9999.9 1
 1999 168  6 17 21 39 21.650  49.40   687.9 0 -9999.9 1 -9999.9 1    67.4 0   276.0 0   306.8 0   304.8 0   433.4 0   292.3 0   292.6 0    70.9 0   311.0 0 -9999.9 1  -157.5 0 -9999.9 1 -9999.9 1 -9999.9 1 -9999.9 1    30.1 0 -9999.9 1
 1999 168  6 17 21 42 21.700  49.98   682.5 0 -9999.9 1 -9999.9 1    67.3 0   271.6 0   306.5 0   304.6 0   428.3 0   292.2 0   292.4 0    69.5 0   307.7 0 -9999.9 1  -156.8 0 -9999.9 1 -9999.9 1 -9999.9 1 -9999.9 1     9.7 0 -9999.9 1
 1999 168  6 17 21 48 21.800  51.12   661.0 0 -9999.9 1 -9999.9 1    66.0 0   272.2 0   306.6 0   304.8 0   429.5 0   292.2 0   292.5 0    65.7 0   298.7 0 -9999.9 1  -157.3 0 -9999.9 1 -9999.9 1 -9999.9 1 -9999.9 1    22.8 0 -9999.9 1
 1999 168  6 17 21 51 21.850  51.70   648.7 0 -9999.9 1 -9999.9 1    66.5 0   274.1 0   306.6 0   304.3 0   427.2 0   292.3 0   292.5 0    63.0 0   293.1 0 -9999.9 1  -153.1 0 -9999.9 1 -9999.9 1 -9999.9 1 -9999.9 1    30.5 0 -9999.9 1
 1999 168  6 17 21 54 21.900  52.27   638.1 0 -9999.9 1 -9999.9 1    65.4 0   275.0 0   306.5 0   304.4 0   426.9 0   292.3 0   292.5 0    60.7 0   289.1 0 -9999.9 1  -152.0 0 -9999.9 1 -9999.9 1 -9999.9 1 -9999.9 1    22.5 0 -9999.9 1
 1999 168  6 17 21 57 21.950  52.85   626.6 0 -9999.9 1 -9999.9 1    64.5 0   272.0 0   306.5 0   304.7 0   431.1 0   292.3 0   292.5 0    58.5 0   283.6 0 -9999.9 1  -159.2 0 -9999.9 1 -9999.9 1 -9999.9 1 -9999.9 1    27.7 0 -9999.9 1
 1999 168  6 17 22  3 22.050  53.99   605.8 0 -9999.9 1 -9999.9 1    64.3 0   275.3 0   306.3 0   304.0 0   425.6 0   292.2 0   292.5 0    54.5 0   275.1 0 -9999.9 1  -150.3 0 -9999.9 1 -9999.9 1 -9999.9 1 -9999.9 1    26.2 0 -9999.9 1
 1999 168  6 17 22  6 22.100  54.57   595.9 0 -9999.9 1 -9999.9 1    63.1 0   272.1 0   306.2 0   304.4 0   429.6 0   292.3 0   292.5 0    52.4 0   269.9 0 -9999.9 1  -157.4 0 -9999.9 1 -9999.9 1 -9999.9 1 -9999.9 1    24.2 0 -9999.9 1
 1999 168  6 17 22  9 22.150  55.14   589.9 0 -9999.9 1 -9999.9 1    63.2 0   271.6 0   306.0 0   304.0 0   427.0 0   292.1 0   292.4 0    50.3 0   266.9 0 -9999.9 1  -155.4 0 -9999.9 1 -9999.9 1 -9999.9 1 -9999.9 1    23.7 0 -9999.9 1
 1999 168  6 17 22 12 22.200  55.71   583.3 0 -9999.9 1 -9999.9 1    62.5 0   265.2 0   305.8 0   304.4 0   426.1 0   292.0 0   292.3 0    48.3 0   264.3 0 -9999.9 1  -160.9 0 -9999.9 1 -9999.9 1 -9999.9 1 -9999.9 1    15.1 0 -9999.9 1
 1999 168  6 17 22 18 22.300  56.86   564.9 0 -9999.9 1 -9999.9 1    62.0 0   265.9 0   305.7 0   303.8 0   421.3 0   291.8 0   292.0 0    44.7 0   256.8 0 -9999.9 1  -155.4 0 -9999.9 1 -9999.9 1 -9999.9 1 -9999.9 1    17.7 0 -9999.9 1
 1999 168  6 17 22 21 22.350  57.43   554.4 0 -9999.9 1 -9999.9 1    62.4 0   265.5 0   305.7 0   303.8 0   419.0 0   291.7 0   291.9 0    43.5 2   251.9 0 -9999.9 1  -153.5 0 -9999.9 1 -9999.9 1 -9999.9 1 -9999.9 1    14.6 0 -9999.9 1
 1999 168  6 17 22 24 22.400  58.00   541.9 0 -9999.9 1 -9999.9 1    61.9 0   267.5 0   305.9 0   303.9 0   417.0 0   291.7 0   291.9 0    41.7 0   246.1 0 -9999.9 1  -149.5 0 -9999.9 1 -9999.9 1 -9999.9 1 -9999.9 1    10.3 0 -9999.9 1
 1999 168  6 17 22 27 22.450  58.57   532.3 0 -9999.9 1 -9999.9 1    61.3 0   265.3 0   305.9 0   304.0 0   417.3 0   291.5 0   291.7 0    39.9 0   241.8 0 -9999.9 1  -152.0 0 -9999.9 1 -9999.9 1 -9999.9 1 -9999.9 1     9.3 0 -9999.9 1
 1999 168  6 17 22 33 22.550  59.71   511.4 0 -9999.9 1 -9999.9 1    60.5 0   267.7 0   305.8 0   303.4 0   414.0 0   291.4 0   291.6 0    36.3 2   232.9 0 -9999.9 1  -146.3 0 -9999.9 1 -9999.9 1 -9999.9 1 -9999.9 1    27.9 0 -9999.9 1
 1999 168  6 17 22 36 22.600  60.28   501.2 0 -9999.9 1 -9999.9 1    60.4 0   263.9 0   305.7 0   303.4 0   413.4 0   291.2 0   291.4 0    34.9 2   228.4 0 -9999.9 1  -149.5 0 -9999.9 1 -9999.9 1 -9999.9 1 -9999.9 1    38.9 0 -9999.9 1
 1999 168  6 17 22 39 22.650  60.85   488.8 0 -9999.9 1 -9999.9 1    59.6 0   260.3 0   305.6 0   303.9 0   414.4 0   291.1 0   291.4 0    33.4 2   222.9 0 -9999.9 1  -154.1 0 -9999.9 1 -9999.9 1 -9999.9 1 -9999.9 1     9.3 0 -9999.9 1
 1999 168  6 17 22 42 22.700  61.42   478.3 0 -9999.9 1 -9999.9 1    59.6 0   259.8 0   305.7 0   304.1 0   415.5 0   291.1 0   291.4 0    31.8 2   218.2 0 -9999.9 1  -155.7 0 -9999.9 1 -9999.9 1 -9999.9 1 -9999.9 1     9.8 0 -9999.9 1
 1999 168  6 17 22 48 22.800  62.55   457.5 0 -9999.9 1 -9999.9 1    59.7 0   262.1 0   305.9 0   303.7 0   409.0 0   291.0 0   291.2 0    28.9 2   209.4 0 -9999.9 1  -147.0 0 -9999.9 1 -9999.9 1 -9999.9 1 -9999.9 1    10.9 0 -9999.9 1
 1999 168  6 17 22 51 22.850  63.12   445.8 0 -9999.9 1 -9999.9 1    59.0 0   262.6 0   305.9 0   303.6 0   408.2 0   290.9 0   291.1 0    28.0 2   204.4 0 -9999.9 1  -145.6 0 -9999.9 1 -9999.9 1 -9999.9 1 -9999.9 1    15.7 0 -9999.9 1
 1999 168  6 17 22 54 22.900  63.69   434.6 0 -9999.9 1 -9999.9 1    58.0 0   260.0 0   306.0 0   304.0 0   409.7 0   290.9 0   291.1 0    26.6 2   199.4 0 -9999.9 1  -149.7 0 -9999.9 1 -9999.9 1 -9999.9 1 -9999.9 1    25.9 0 -9999.9 1
 1999 168  6 17 22 57 22.950  64.25   423.7 0 -9999.9 1 -9999.9 1    57.1 0   262.5 0   306.0 0   303.8 0   409.8 0   290.9 0   291.1 0    25.7 2   194.5 0 -9999.9 1  -147.3 0 -9999.9 1 -9999.9 1 -9999.9 1 -9999.9 1    28.7 0 -9999.9 1
 1999 168  6 17 23  3 23.050  65.38   402.5 0 -9999.9 1 -9999.9 1    56.4 0   263.2 0   305.8 0   303.3 0   407.8 0   290.8 0   290.9 0    23.0 2   184.5 0 -9999.9 1  -144.6 0 -9999.9 1 -9999.9 1 -9999.9 1 -9999.9 1    34.9 0 -9999.9 1
 1999 168  6 17 23  6 23.100  65.94   391.0 0 -9999.9 1 -9999.9 1    56.0 0   264.2 0   305.7 0   302.9 0   405.0 0   290.8 0   290.9 0    21.8 2   179.2 0 -9999.9 1  -140.8 0 -9999.9 1 -9999.9 1 -9999.9 1 -9999.9 1    30.3 0 -9999.9 1
 1999 168  6 17 23  9 23.150  66.50   378.9 0 -9999.9 1 -9999.9 1    54.9 0   264.9 0   305.7 0   303.2 0   405.5 0   290.9 0   291.0 0    20.4 0   173.8 0 -9999.9 1  -140.6 0 -9999.9 1 -9999.9 1 -9999.9 1 -9999.9 1    34.6 0 -9999.9 1
 1999 168  6 17 23 12 23.200  67.06   366.9 0 -9999.9 1 -9999.9 1    54.7 0   265.4 0   305.7 0   303.1 0   405.0 0   291.0 0   291.1 0    19.5 0   168.5 0 -9999.9 1  -139.6 0 -9999.9 1 -9999.9 1 -9999.9 1 -9999.9 1    44.7 0 -9999.9 1
 1999 168  6 17 23 18 23.300  68.18   343.7 0 -9999.9 1 -9999.9 1    54.0 0   269.3 0   305.5 0   302.9 0   404.6 0   291.0 0   291.1 0    17.5 0   157.9 0 -9999.9 1  -135.3 0 -9999.9 1 -9999.9 1 -9999.9 1 -9999.9 1    33.6 0 -9999.9 1
 1999 168  6 17 23 21 23.350  68.74   331.5 0 -9999.9 1 -9999.9 1    52.9 0   270.0 0   305.4 0   302.8 0   404.1 0   291.0 0   291.1 0    16.6 0   151.9 0 -9999.9 1  -134.2 0 -9999.9 1 -9999.9 1 -9999.9 1 -9999.9 1    29.0 0 -9999.9 1
 1999 168  6 17 23 24 23.400  69.30   320.1 0 -9999.9 1 -9999.9 1    51.8 0   268.6 0   305.3 0   302.9 0   404.0 0   291.0 0   291.1 0    15.6 0   146.7 0 -9999.9 1  -135.4 0 -9999.9 1 -9999.9 1 -9999.9 1 -9999.9 1    36.1 0 -9999.9 1
 1999 168  6 17 23 27 23.450  69.85   310.3 0 -9999.9 1 -9999.9 1    51.1 0   269.4 0   305.2 0   302.7 0   403.0 0   290.9 0   291.0 0    14.7 0   142.0 0 -9999.9 1  -133.6 0 -9999.9 1 -9999.9 1 -9999.9 1 -9999.9 1    32.4 0 -9999.9 1
 1999 168  6 17 23 33 23.550  70.96   289.2 0 -9999.9 1 -9999.9 1    49.7 0   269.3 0   304.8 0   302.3 0   401.9 0   290.8 0   290.9 0    13.0 0   132.3 0 -9999.9 1  -132.6 0 -9999.9 1 -9999.9 1 -9999.9 1 -9999.9 1    32.7 0 -9999.9 1
 1999 168  6 17 23 36 23.600  71.51   279.7 0 -9999.9 1 -9999.9 1    49.5 0   267.6 0   304.5 0   301.9 0   399.3 0   290.6 0   290.7 0    12.2 0   127.6 0 -9999.9 1  -131.7 0 -9999.9 1 -9999.9 1 -9999.9 1 -9999.9 1    45.5 0 -9999.9 1
 1999 168  6 17 23 39 23.650  72.07   268.5 0 -9999.9 1 -9999.9 1    48.9 0   270.2 0   304.4 0   301.7 0   398.8 0   290.6 0   290.7 0    11.7 0   122.7 0 -9999.9 1  -128.5 0 -9999.9 1 -9999.9 1 -9999.9 1 -9999.9 1    37.9 0 -9999.9 1
 1999 168  6 17 23 42 23.700  72.62   257.8 0 -9999.9 1 -9999.9 1    47.9 0   270.0 0   304.3 0   301.9 0   399.0 0   290.6 0   290.7 0    11.0 0   117.9 0 -9999.9 1  -129.0 0 -9999.9 1 -9999.9 1 -9999.9 1 -9999.9 1    30.6 0 -9999.9 1
 1999 168  6 17 23 48 23.800  73.71   236.0 0 -9999.9 1 -9999.9 1    46.2 0   269.9 0   304.2 0   301.7 0   397.5 0   290.6 0   290.6 0     9.5 0   107.8 0 -9999.9 1  -127.6 0 -9999.9 1 -9999.9 1 -9999.9 1 -9999.9 1    40.5 0 -9999.9 1
 1999 168  6 17 23 51 23.850  74.26   225.3 0 -9999.9 1 -9999.9 1    45.4 0   270.0 0   304.1 0   301.6 0   396.2 0   290.5 0   290.6 0     8.9 0   103.3 0 -9999.9 1  -126.2 0 -9999.9 1 -9999.9 1 -9999.9 1 -9999.9 1    28.9 0 -9999.9 1
 1999 168  6 17 23 54 23.900  74.80   215.3 0 -9999.9 1 -9999.9 1    44.8 0   269.2 0   303.9 0   301.4 0   395.3 0   290.4 0   290.5 0     8.2 0    98.8 0 -9999.9 1  -126.1 0 -9999.9 1 -9999.9 1 -9999.9 1 -9999.9 1    26.0 0 -9999.9 1
 1999 168  6 17 23 57 23.950  75.34   205.7 0 -9999.9 1 -9999.9 1    44.0 0   268.1 0   303.8 0   301.4 0   394.6 0   290.3 0   290.4 0     7.7 0    94.5 0 -9999.9 1  -126.5 0 -9999.9 1 -9999.9 1 -9999.9 1 -9999.9 1    32.5 0 -9999.9 1
