 Bondville
   40.05  -88.37  213 m version 1
 1999 182  7  1  0  3  0.050  76.08    49.3 0 -9999.9 1 -9999.9 1    50.5 0   373.2 0   308.5 0   306.7 0   414.9 0   294.0 0   294.0 0     5.3 2    24.5 0 -9999.9 1   -41.7 0 -9999.9 1 -9999.9 1 -9999.9 1 -9999.9 1   186.1 0 -9999.9 1
 1999 182  7  1  0  6  0.100  76.62    51.6 0 -9999.9 1 -9999.9 1    52.2 0   371.6 0   308.4 0   306.6 0   414.7 0   293.9 0   293.9 0     5.0 2    25.4 0 -9999.9 1   -43.1 0 -9999.9 1 -9999.9 1 -9999.9 1 -9999.9 1   188.4 0 -9999.9 1
 1999 182  7  1  0  9  0.150  77.16    76.8 0 -9999.9 1 -9999.9 1    76.6 0   370.2 0   308.3 0   306.4 0   415.5 0   293.8 0   293.8 0     5.1 2    36.4 0 -9999.9 1   -45.3 0 -9999.9 1 -9999.9 1 -9999.9 1 -9999.9 1   191.0 0 -9999.9 1
 1999 182  7  1  0 12  0.200  77.69   111.7 0 -9999.9 1 -9999.9 1   112.4 0   366.4 0   308.4 0   306.6 0   418.4 0   293.9 0   293.9 0     5.4 0    51.3 0 -9999.9 1   -52.0 0 -9999.9 1 -9999.9 1 -9999.9 1 -9999.9 1   187.1 0 -9999.9 1
 1999 182  7  1  0 18  0.300  78.76    98.8 0 -9999.9 1 -9999.9 1   100.4 0   356.0 0   308.4 0   306.7 0   418.4 0   294.0 0   294.0 0     5.3 0    47.1 0 -9999.9 1   -62.4 0 -9999.9 1 -9999.9 1 -9999.9 1 -9999.9 1   185.8 0 -9999.9 1
 1999 182  7  1  0 21  0.350  79.29    81.2 0 -9999.9 1 -9999.9 1    83.0 0   361.5 0   308.4 0   306.8 0   418.1 0   294.0 0   294.0 0     4.7 0    39.7 0 -9999.9 1   -56.6 0 -9999.9 1 -9999.9 1 -9999.9 1 -9999.9 1   186.3 0 -9999.9 1
 1999 182  7  1  0 24  0.400  79.82    64.1 0 -9999.9 1 -9999.9 1    65.4 0   365.6 0   308.4 0   306.9 0   417.7 0   294.0 0   294.0 0     4.1 0    31.6 0 -9999.9 1   -52.1 0 -9999.9 1 -9999.9 1 -9999.9 1 -9999.9 1   189.6 0 -9999.9 1
 1999 182  7  1  0 27  0.450  80.35    47.5 0 -9999.9 1 -9999.9 1    48.9 0   360.5 0   308.4 0   306.8 0   416.0 0   294.0 0   293.9 0     3.7 0    24.4 0 -9999.9 1   -55.5 0 -9999.9 1 -9999.9 1 -9999.9 1 -9999.9 1   188.0 0 -9999.9 1
 1999 182  7  1  0 33  0.550  81.40    35.8 0 -9999.9 1 -9999.9 1    36.9 0   355.4 0   308.2 0   306.5 0   413.3 0   293.8 0   293.7 0     2.9 0    18.7 0 -9999.9 1   -57.9 0 -9999.9 1 -9999.9 1 -9999.9 1 -9999.9 1   186.8 0 -9999.9 1
 1999 182  7  1  0 36  0.600  81.92    28.3 0 -9999.9 1 -9999.9 1    29.8 0   364.0 0   308.0 0   306.3 0   412.3 0   293.5 0   293.4 0     2.4 0    15.3 0 -9999.9 1   -48.3 0 -9999.9 1 -9999.9 1 -9999.9 1 -9999.9 1   190.3 0 -9999.9 1
 1999 182  7  1  0 39  0.650  82.44    24.1 0 -9999.9 1 -9999.9 1    25.5 0   363.7 0   308.0 0   306.3 0   412.3 0   293.5 0   293.4 0     2.2 0    13.3 0 -9999.9 1   -48.7 0 -9999.9 1 -9999.9 1 -9999.9 1 -9999.9 1   187.3 0 -9999.9 1
 1999 182  7  1  0 42  0.700  82.95    27.0 0 -9999.9 1 -9999.9 1    28.4 0   356.3 0   307.9 0   306.3 0   411.2 0   293.3 0   293.2 0     2.2 2    14.5 0 -9999.9 1   -54.9 0 -9999.9 1 -9999.9 1 -9999.9 1 -9999.9 1   182.1 0 -9999.9 1
 1999 182  7  1  0 48  0.800  83.97    23.2 0 -9999.9 1 -9999.9 1    23.9 0   362.5 0   307.9 0   306.3 0   411.9 0   293.2 0   293.2 0     1.6 0    12.1 0 -9999.9 1   -49.4 0 -9999.9 1 -9999.9 1 -9999.9 1 -9999.9 1   174.0 0 -9999.9 1
 1999 182  7  1  0 51  0.850  84.48    14.7 0 -9999.9 1 -9999.9 1    16.2 0   376.8 0   307.9 0   306.2 0   413.6 0   293.3 0   293.2 0     1.2 0     8.4 0 -9999.9 1   -36.9 0 -9999.9 1 -9999.9 1 -9999.9 1 -9999.9 1   180.7 0 -9999.9 1
 1999 182  7  1  0 54  0.900  84.98     7.4 0 -9999.9 1 -9999.9 1    10.1 0   383.5 0   307.8 0   306.0 0   413.4 0   293.1 0   293.0 0     0.8 0     4.9 0 -9999.9 1   -30.0 0 -9999.9 1 -9999.9 1 -9999.9 1 -9999.9 1   181.9 0 -9999.9 1
 1999 182  7  1  0 57  0.950  85.48     3.9 0 -9999.9 1 -9999.9 1     6.3 0   383.4 0   307.7 0   306.1 0   413.1 0   293.0 0   292.9 0     0.6 2     3.0 0 -9999.9 1   -29.7 0 -9999.9 1 -9999.9 1 -9999.9 1 -9999.9 1   186.4 0 -9999.9 1
 1999 182  7  1  1  3  1.050  86.46     2.4 0 -9999.9 1 -9999.9 1     5.7 0   382.1 0   307.6 0   305.9 0   413.3 0   292.9 0   292.9 0     0.5 2     2.6 0 -9999.9 1   -31.2 0 -9999.9 1 -9999.9 1 -9999.9 1 -9999.9 1   187.2 0 -9999.9 1
 1999 182  7  1  1  6  1.100  86.94     1.6 0 -9999.9 1 -9999.9 1     4.6 0   381.0 0   307.5 0   305.8 0   412.7 0   292.9 0   292.8 0     0.5 2     2.5 0 -9999.9 1   -31.8 0 -9999.9 1 -9999.9 1 -9999.9 1 -9999.9 1   190.2 0 -9999.9 1
 1999 182  7  1  1  9  1.150  87.42     1.1 0 -9999.9 1 -9999.9 1     5.0 0   382.6 0   307.5 0   305.6 0   412.8 0   292.9 0   292.8 0     0.4 2     2.3 0 -9999.9 1   -30.2 0 -9999.9 1 -9999.9 1 -9999.9 1 -9999.9 1   191.6 0 -9999.9 1
 1999 182  7  1  1 12  1.200  87.88     0.9 0 -9999.9 1 -9999.9 1     4.5 0   380.6 0   307.5 0   305.7 0   412.1 0   292.8 0   292.8 0     0.4 2     2.1 0 -9999.9 1   -31.5 0 -9999.9 1 -9999.9 1 -9999.9 1 -9999.9 1   189.9 0 -9999.9 1
 1999 182  7  1  1 18  1.300  88.77    -0.7 0 -9999.9 1 -9999.9 1     3.5 0   379.0 0   307.3 0   305.4 0   411.5 0   292.8 0   292.7 0     0.3 2     1.7 0 -9999.9 1   -32.6 0 -9999.9 1 -9999.9 1 -9999.9 1 -9999.9 1   189.4 0 -9999.9 1
 1999 182  7  1  1 21  1.350  89.19    -1.7 0 -9999.9 1 -9999.9 1     3.1 0   380.5 0   307.2 0   305.2 0   411.7 0   292.8 0   292.7 0     0.2 2     1.4 0 -9999.9 1   -31.1 0 -9999.9 1 -9999.9 1 -9999.9 1 -9999.9 1   183.4 0 -9999.9 1
 1999 182  7  1  1 24  1.400  89.58    -2.0 0 -9999.9 1 -9999.9 1     2.0 0   376.7 0   307.2 0   305.3 0   411.5 0   292.9 0   292.8 0     0.2 0     1.2 0 -9999.9 1   -34.8 0 -9999.9 1 -9999.9 1 -9999.9 1 -9999.9 1   179.6 0 -9999.9 1
 1999 182  7  1  1 27  1.450  89.94    -2.5 0 -9999.9 1 -9999.9 1     2.6 0   373.5 0   307.0 0   305.0 0   410.6 0   292.8 0   292.7 0     0.1 0     1.0 0 -9999.9 1   -37.0 0 -9999.9 1 -9999.9 1 -9999.9 1 -9999.9 1   175.8 0 -9999.9 1
 1999 182  7  1  1 33  1.550  91.65    -3.0 0 -9999.9 1 -9999.9 1     2.6 0   378.6 0   306.8 0   304.8 0   410.6 0   292.7 0   292.6 0     0.0 0     0.3 0 -9999.9 1   -32.0 0 -9999.9 1 -9999.9 1 -9999.9 1 -9999.9 1   175.6 0 -9999.9 1
 1999 182  7  1  1 36  1.600  92.13    -3.4 0 -9999.9 1 -9999.9 1     2.0 0   380.7 0   306.7 0   304.7 0   410.5 0   292.7 0   292.6 0     0.0 0     0.1 0 -9999.9 1   -29.9 0 -9999.9 1 -9999.9 1 -9999.9 1 -9999.9 1   170.1 0 -9999.9 1
 1999 182  7  1  1 39  1.650  92.61    -3.5 0 -9999.9 1 -9999.9 1     1.9 0   382.7 0   306.6 0   304.6 0   410.7 0   292.7 0   292.6 0     0.0 0     0.1 0 -9999.9 1   -28.0 0 -9999.9 1 -9999.9 1 -9999.9 1 -9999.9 1   167.0 0 -9999.9 1
 1999 182  7  1  1 42  1.700  93.09    -3.8 0 -9999.9 1 -9999.9 1     1.6 0   382.9 0   306.5 0   304.6 0   410.7 0   292.6 0   292.5 0     0.0 0     0.0 0 -9999.9 1   -27.8 0 -9999.9 1 -9999.9 1 -9999.9 1 -9999.9 1   169.9 0 -9999.9 1
 1999 182  7  1  1 48  1.800  94.03    -3.7 0 -9999.9 1 -9999.9 1     1.6 0   380.0 0   306.2 0   304.4 0   409.9 0   292.4 0   292.3 0     0.0 0    -0.1 0 -9999.9 1   -29.9 0 -9999.9 1 -9999.9 1 -9999.9 1 -9999.9 1   168.1 0 -9999.9 1
 1999 182  7  1  1 51  1.850  94.50    -3.9 0 -9999.9 1 -9999.9 1     1.5 0   378.4 0   306.0 0   304.3 0   409.3 0   292.3 0   292.2 0     0.0 2    -0.1 0 -9999.9 1   -30.9 0 -9999.9 1 -9999.9 1 -9999.9 1 -9999.9 1   166.4 0 -9999.9 1
 1999 182  7  1  1 54  1.900  94.97    -3.8 0 -9999.9 1 -9999.9 1     1.2 0   377.9 0   306.1 0   304.4 0   409.7 0   292.4 0   292.3 0     0.0 0    -0.1 0 -9999.9 1   -31.8 0 -9999.9 1 -9999.9 1 -9999.9 1 -9999.9 1   164.5 0 -9999.9 1
 1999 182  7  1  1 57  1.950  95.43    -3.5 0 -9999.9 1 -9999.9 1     1.3 0   376.0 0   306.0 0   304.3 0   409.6 0   292.3 0   292.2 0     0.0 0    -0.2 0 -9999.9 1   -33.6 0 -9999.9 1 -9999.9 1 -9999.9 1 -9999.9 1   162.7 0 -9999.9 1
 1999 182  7  1  2  3  2.050  96.35    -3.7 0 -9999.9 1 -9999.9 1     0.8 0   370.6 0   305.8 0   304.0 0   408.2 0   292.1 0   292.1 0     0.0 0    -0.1 0 -9999.9 1   -37.6 0 -9999.9 1 -9999.9 1 -9999.9 1 -9999.9 1   158.3 0 -9999.9 1
 1999 182  7  1  2  6  2.100  96.80    -3.8 0 -9999.9 1 -9999.9 1     0.5 0   365.9 0   305.6 0   303.7 0   407.4 0   292.1 0   292.0 0     0.0 2    -0.2 0 -9999.9 1   -41.5 0 -9999.9 1 -9999.9 1 -9999.9 1 -9999.9 1   153.6 0 -9999.9 1
 1999 182  7  1  2  9  2.150  97.25    -3.9 0 -9999.9 1 -9999.9 1     0.2 0   362.1 0   305.5 0   303.6 0   406.6 0   292.0 0   291.9 0     0.0 2    -0.2 0 -9999.9 1   -44.6 0 -9999.9 1 -9999.9 1 -9999.9 1 -9999.9 1   150.7 0 -9999.9 1
 1999 182  7  1  2 12  2.200  97.70    -4.0 0 -9999.9 1 -9999.9 1    -0.5 0   361.3 0   305.4 0   303.5 0   406.2 0   291.9 0   291.8 0     0.0 2    -0.2 0 -9999.9 1   -44.9 0 -9999.9 1 -9999.9 1 -9999.9 1 -9999.9 1   149.4 0 -9999.9 1
 1999 182  7  1  2 18  2.300  98.58    -3.9 0 -9999.9 1 -9999.9 1    -1.3 0   346.5 0   305.1 0   303.0 0   404.9 0   291.8 0   291.7 0     0.0 2    -0.2 0 -9999.9 1   -58.4 0 -9999.9 1 -9999.9 1 -9999.9 1 -9999.9 1   149.0 0 -9999.9 1
 1999 182  7  1  2 21  2.350  99.02    -4.1 0 -9999.9 1 -9999.9 1    -1.3 0   346.0 0   304.9 0   302.8 0   404.3 0   291.7 0   291.6 0     0.0 2    -0.2 0 -9999.9 1   -58.3 0 -9999.9 1 -9999.9 1 -9999.9 1 -9999.9 1   150.3 0 -9999.9 1
 1999 182  7  1  2 24  2.400  99.45    -4.0 0 -9999.9 1 -9999.9 1    -1.2 0   346.7 0   304.9 0   302.9 0   404.5 0   291.8 0   291.7 0     0.0 0    -0.2 0 -9999.9 1   -57.8 0 -9999.9 1 -9999.9 1 -9999.9 1 -9999.9 1   150.5 0 -9999.9 1
 1999 182  7  1  2 27  2.450  99.88    -4.2 0 -9999.9 1 -9999.9 1    -1.3 0   340.1 0   304.7 0   302.6 0   403.8 0   291.7 0   291.6 0     0.0 0    -0.2 0 -9999.9 1   -63.6 0 -9999.9 1 -9999.9 1 -9999.9 1 -9999.9 1   144.5 0 -9999.9 1
 1999 182  7  1  2 33  2.550 100.73    -4.3 0 -9999.9 1 -9999.9 1    -2.3 0   337.0 0   304.3 0   302.2 0   401.5 0   291.6 0   291.5 0     0.0 0    -0.2 0 -9999.9 1   -64.5 0 -9999.9 1 -9999.9 1 -9999.9 1 -9999.9 1   142.0 0 -9999.9 1
 1999 182  7  1  2 36  2.600 101.14    -4.2 0 -9999.9 1 -9999.9 1    -2.7 0   339.1 0   304.2 0   302.2 0   401.4 0   291.5 0   291.4 0     0.0 0    -0.2 0 -9999.9 1   -62.3 0 -9999.9 1 -9999.9 1 -9999.9 1 -9999.9 1   143.6 0 -9999.9 1
 1999 182  7  1  2 39  2.650 101.56    -4.2 0 -9999.9 1 -9999.9 1    -2.6 0   340.6 0   304.1 0   302.0 0   401.4 0   291.5 0   291.4 0     0.0 0    -0.2 0 -9999.9 1   -60.8 0 -9999.9 1 -9999.9 1 -9999.9 1 -9999.9 1   143.1 0 -9999.9 1
 1999 182  7  1  2 42  2.700 101.97    -4.2 0 -9999.9 1 -9999.9 1    -2.7 0   343.9 0   304.0 0   301.9 0   402.4 0   291.5 0   291.4 0     0.0 0    -0.2 0 -9999.9 1   -58.5 0 -9999.9 1 -9999.9 1 -9999.9 1 -9999.9 1   143.8 0 -9999.9 1
 1999 182  7  1  2 48  2.800 102.78    -4.3 0 -9999.9 1 -9999.9 1    -2.0 0   347.8 0   303.6 0   301.6 0   402.4 0   291.2 0   291.2 0     0.0 0    -0.2 0 -9999.9 1   -54.6 0 -9999.9 1 -9999.9 1 -9999.9 1 -9999.9 1   152.0 0 -9999.9 1
 1999 182  7  1  2 51  2.850 103.17    -4.4 0 -9999.9 1 -9999.9 1    -1.8 0   348.0 0   303.4 0   301.3 0   402.7 0   291.1 0   291.1 0     0.0 0    -0.2 0 -9999.9 1   -54.7 0 -9999.9 1 -9999.9 1 -9999.9 1 -9999.9 1   148.2 0 -9999.9 1
 1999 182  7  1  2 54  2.900 103.57    -4.5 0 -9999.9 1 -9999.9 1    -1.7 0   346.2 0   303.2 0   301.2 0   402.8 0   291.1 0   291.1 0     0.0 0    -0.2 0 -9999.9 1   -56.6 0 -9999.9 1 -9999.9 1 -9999.9 1 -9999.9 1   147.6 0 -9999.9 1
 1999 182  7  1  2 57  2.950 103.96    -4.6 0 -9999.9 1 -9999.9 1    -1.2 0   342.4 0   303.1 0   301.2 0   402.5 0   291.1 0   291.1 0     0.0 0    -0.2 0 -9999.9 1   -60.0 0 -9999.9 1 -9999.9 1 -9999.9 1 -9999.9 1   149.6 0 -9999.9 1
 1999 182  7  1  3  3  3.050 104.72    -4.6 0 -9999.9 1 -9999.9 1    -1.6 0   344.2 0   303.0 0   301.2 0   402.8 0   291.3 0   291.3 0     0.0 0    -0.1 0 -9999.9 1   -58.6 0 -9999.9 1 -9999.9 1 -9999.9 1 -9999.9 1   147.8 0 -9999.9 1
 1999 182  7  1  3  6  3.100 105.10    -4.5 0 -9999.9 1 -9999.9 1    -2.0 0   347.2 0   302.8 0   301.1 0   401.9 0   291.2 0   291.2 0     0.0 0    -0.2 0 -9999.9 1   -54.6 0 -9999.9 1 -9999.9 1 -9999.9 1 -9999.9 1   148.6 0 -9999.9 1
 1999 182  7  1  3  9  3.150 105.47    -4.5 0 -9999.9 1 -9999.9 1    -2.0 0   345.5 0   302.7 0   301.0 0   401.4 0   291.2 0   291.1 0     0.0 0    -0.2 0 -9999.9 1   -55.9 0 -9999.9 1 -9999.9 1 -9999.9 1 -9999.9 1   147.1 0 -9999.9 1
 1999 182  7  1  3 12  3.200 105.84    -4.5 0 -9999.9 1 -9999.9 1    -2.6 0   343.3 0   302.7 0   300.8 0   401.1 0   291.2 0   291.1 0     0.0 0    -0.2 0 -9999.9 1   -57.8 0 -9999.9 1 -9999.9 1 -9999.9 1 -9999.9 1   138.6 0 -9999.9 1
 1999 182  7  1  3 18  3.300 106.56    -4.5 0 -9999.9 1 -9999.9 1    -2.8 0   346.2 0   302.6 0   300.8 0   401.1 0   291.1 0   291.0 0     0.0 0    -0.2 0 -9999.9 1   -54.9 0 -9999.9 1 -9999.9 1 -9999.9 1 -9999.9 1   144.7 0 -9999.9 1
 1999 182  7  1  3 21  3.350 106.91    -4.3 0 -9999.9 1 -9999.9 1    -2.5 0   348.7 0   302.4 0   300.7 0   400.8 0   291.0 0   290.9 0     0.0 0    -0.2 0 -9999.9 1   -52.1 0 -9999.9 1 -9999.9 1 -9999.9 1 -9999.9 1   147.3 0 -9999.9 1
 1999 182  7  1  3 24  3.400 107.26    -4.4 0 -9999.9 1 -9999.9 1    -2.6 0   346.4 0   302.3 0   300.5 0   400.8 0   290.9 0   290.8 0     0.0 0    -0.2 0 -9999.9 1   -54.3 0 -9999.9 1 -9999.9 1 -9999.9 1 -9999.9 1   148.5 0 -9999.9 1
 1999 182  7  1  3 27  3.450 107.60    -4.4 0 -9999.9 1 -9999.9 1    -2.3 0   346.0 0   302.1 0   300.2 0   399.9 0   290.7 0   290.6 0     0.0 2    -0.2 0 -9999.9 1   -53.9 0 -9999.9 1 -9999.9 1 -9999.9 1 -9999.9 1   152.9 0 -9999.9 1
 1999 182  7  1  3 33  3.550 108.27    -4.5 0 -9999.9 1 -9999.9 1    -0.3 0   359.3 0   301.9 0   300.2 0   400.5 0   290.5 0   290.4 0     0.0 2    -0.2 0 -9999.9 1   -41.2 0 -9999.9 1 -9999.9 1 -9999.9 1 -9999.9 1   159.8 0 -9999.9 1
 1999 182  7  1  3 36  3.600 108.60    -4.5 0 -9999.9 1 -9999.9 1     0.2 0   359.3 0   301.9 0   300.1 0   400.8 0   290.5 0   290.4 0     0.0 2    -0.2 0 -9999.9 1   -41.6 0 -9999.9 1 -9999.9 1 -9999.9 1 -9999.9 1   155.0 0 -9999.9 1
 1999 182  7  1  3 39  3.650 108.92    -4.5 0 -9999.9 1 -9999.9 1     0.1 0   359.8 0   301.8 0   299.9 0   401.0 0   290.4 0   290.4 0     0.0 2    -0.2 0 -9999.9 1   -41.2 0 -9999.9 1 -9999.9 1 -9999.9 1 -9999.9 1   150.9 0 -9999.9 1
 1999 182  7  1  3 42  3.700 109.24    -4.7 0 -9999.9 1 -9999.9 1     0.0 0   359.8 0   301.7 0   299.8 0   401.1 0   290.4 0   290.3 0     0.0 2    -0.2 0 -9999.9 1   -41.3 0 -9999.9 1 -9999.9 1 -9999.9 1 -9999.9 1   152.6 0 -9999.9 1
 1999 182  7  1  3 48  3.800 109.86    -4.8 0 -9999.9 1 -9999.9 1     0.6 0   358.3 0   301.7 0   299.9 0   402.1 0   290.5 0   290.5 0     0.0 2    -0.2 0 -9999.9 1   -43.9 0 -9999.9 1 -9999.9 1 -9999.9 1 -9999.9 1   153.4 0 -9999.9 1
 1999 182  7  1  3 51  3.850 110.16    -4.8 0 -9999.9 1 -9999.9 1     0.7 0   353.6 0   301.6 0   299.9 0   401.8 0   290.5 0   290.5 0     0.0 2    -0.2 0 -9999.9 1   -48.2 0 -9999.9 1 -9999.9 1 -9999.9 1 -9999.9 1   152.7 0 -9999.9 1
 1999 182  7  1  3 54  3.900 110.45    -5.0 0 -9999.9 1 -9999.9 1     0.6 0   351.8 0   301.6 0   299.7 0   401.8 0   290.5 0   290.5 0     0.0 2    -0.2 0 -9999.9 1   -50.0 0 -9999.9 1 -9999.9 1 -9999.9 1 -9999.9 1   148.9 0 -9999.9 1
 1999 182  7  1  3 57  3.950 110.74    -4.9 0 -9999.9 1 -9999.9 1     0.4 0   352.1 0   301.5 0   299.6 0   401.3 0   290.5 0   290.5 0     0.0 2    -0.2 0 -9999.9 1   -49.2 0 -9999.9 1 -9999.9 1 -9999.9 1 -9999.9 1   149.0 0 -9999.9 1
 1999 182  7  1  4  3  4.050 111.30    -4.8 0 -9999.9 1 -9999.9 1     0.7 0   352.7 0   301.4 0   299.7 0   401.0 0   290.6 0   290.5 0     0.0 2    -0.2 0 -9999.9 1   -48.4 0 -9999.9 1 -9999.9 1 -9999.9 1 -9999.9 1   156.1 0 -9999.9 1
 1999 182  7  1  4  6  4.100 111.57    -4.9 0 -9999.9 1 -9999.9 1     1.2 0   353.2 0   301.3 0   299.6 0   400.4 0   290.5 0   290.4 0     0.0 2    -0.2 0 -9999.9 1   -47.2 0 -9999.9 1 -9999.9 1 -9999.9 1 -9999.9 1   162.1 0 -9999.9 1
 1999 182  7  1  4  9  4.150 111.84    -4.7 0 -9999.9 1 -9999.9 1     1.4 0   355.5 0   301.2 0   299.6 0   400.1 0   290.4 0   290.3 0     0.0 2    -0.2 0 -9999.9 1   -44.6 0 -9999.9 1 -9999.9 1 -9999.9 1 -9999.9 1   162.6 0 -9999.9 1
 1999 182  7  1  4 12  4.200 112.10    -4.6 0 -9999.9 1 -9999.9 1     1.0 0   366.3 0   301.2 0   299.6 0   400.3 0   290.3 0   290.2 0     0.0 2    -0.2 0 -9999.9 1   -33.9 0 -9999.9 1 -9999.9 1 -9999.9 1 -9999.9 1   162.6 0 -9999.9 1
 1999 182  7  1  4 18  4.300 112.60    -4.3 0 -9999.9 1 -9999.9 1     1.2 0   374.6 0   301.2 0   299.7 0   401.8 0   290.2 0   290.2 0     0.0 2    -0.2 0 -9999.9 1   -27.2 0 -9999.9 1 -9999.9 1 -9999.9 1 -9999.9 1   168.4 0 -9999.9 1
 1999 182  7  1  4 21  4.350 112.84    -4.2 0 -9999.9 1 -9999.9 1     1.5 0   368.6 0   301.3 0   299.7 0   401.6 0   290.2 0   290.2 0     0.0 2    -0.2 0 -9999.9 1   -32.9 0 -9999.9 1 -9999.9 1 -9999.9 1 -9999.9 1   163.8 0 -9999.9 1
 1999 182  7  1  4 24  4.400 113.07    -4.4 0 -9999.9 1 -9999.9 1     1.4 0   365.4 0   301.3 0   299.7 0   401.6 0   290.3 0   290.2 0     0.0 2    -0.2 0 -9999.9 1   -36.2 0 -9999.9 1 -9999.9 1 -9999.9 1 -9999.9 1   161.8 0 -9999.9 1
 1999 182  7  1  4 27  4.450 113.30    -4.4 0 -9999.9 1 -9999.9 1     1.0 0   363.2 0   301.4 0   299.7 0   401.7 0   290.3 0   290.2 0     0.0 2    -0.2 0 -9999.9 1   -38.6 0 -9999.9 1 -9999.9 1 -9999.9 1 -9999.9 1   158.3 0 -9999.9 1
 1999 182  7  1  4 33  4.550 113.73    -4.5 0 -9999.9 1 -9999.9 1     0.7 0   364.6 0   301.4 0   299.7 0   402.5 0   290.4 0   290.4 0     0.0 2    -0.2 0 -9999.9 1   -37.9 0 -9999.9 1 -9999.9 1 -9999.9 1 -9999.9 1   151.0 0 -9999.9 1
 1999 182  7  1  4 36  4.600 113.94    -4.6 0 -9999.9 1 -9999.9 1     0.6 0   365.1 0   301.5 0   299.9 0   402.3 0   290.5 0   290.4 0     0.0 2    -0.2 0 -9999.9 1   -37.3 0 -9999.9 1 -9999.9 1 -9999.9 1 -9999.9 1   149.8 0 -9999.9 1
 1999 182  7  1  4 39  4.650 114.14    -4.5 0 -9999.9 1 -9999.9 1     0.4 0   369.6 0   301.7 0   300.1 0   403.7 0   290.7 0   290.7 0     0.0 0    -0.2 0 -9999.9 1   -34.1 0 -9999.9 1 -9999.9 1 -9999.9 1 -9999.9 1   147.1 0 -9999.9 1
 1999 182  7  1  4 42  4.700 114.33    -4.3 0 -9999.9 1 -9999.9 1     0.0 0   372.2 0   301.9 0   300.3 0   405.0 0   290.9 0   290.9 0     0.0 0    -0.2 0 -9999.9 1   -32.8 0 -9999.9 1 -9999.9 1 -9999.9 1 -9999.9 1   145.0 0 -9999.9 1
 1999 182  7  1  4 48  4.800 114.70    -4.2 0 -9999.9 1 -9999.9 1    -1.0 0   368.6 0   301.9 0   300.3 0   404.6 0   291.0 0   290.9 0     0.0 0    -0.2 0 -9999.9 1   -35.9 0 -9999.9 1 -9999.9 1 -9999.9 1 -9999.9 1   135.9 0 -9999.9 1
 1999 182  7  1  4 51  4.850 114.87    -4.3 0 -9999.9 1 -9999.9 1    -1.5 0   367.7 0   301.8 0   300.3 0   403.8 0   290.9 0   290.8 0     0.0 0    -0.2 0 -9999.9 1   -36.1 0 -9999.9 1 -9999.9 1 -9999.9 1 -9999.9 1   137.2 0 -9999.9 1
 1999 182  7  1  4 54  4.900 115.04    -4.2 0 -9999.9 1 -9999.9 1    -1.2 0   366.5 0   301.8 0   300.3 0   403.3 0   290.8 0   290.8 0     0.0 0    -0.2 0 -9999.9 1   -36.8 0 -9999.9 1 -9999.9 1 -9999.9 1 -9999.9 1   140.3 0 -9999.9 1
 1999 182  7  1  4 57  4.950 115.20    -4.2 0 -9999.9 1 -9999.9 1    -1.3 0   364.6 0   301.7 0   300.2 0   402.6 0   290.7 0   290.6 0     0.0 2    -0.2 0 -9999.9 1   -38.0 0 -9999.9 1 -9999.9 1 -9999.9 1 -9999.9 1   144.2 0 -9999.9 1
 1999 182  7  1  5  3  5.050 115.49    -4.2 0 -9999.9 1 -9999.9 1    -1.5 0   364.6 0   301.6 0   300.0 0   401.5 0   290.5 0   290.4 0     0.0 2    -0.2 0 -9999.9 1   -36.9 0 -9999.9 1 -9999.9 1 -9999.9 1 -9999.9 1   141.0 0 -9999.9 1
 1999 182  7  1  5  6  5.100 115.63    -4.1 0 -9999.9 1 -9999.9 1    -2.1 0   365.7 0   301.7 0   300.0 0   401.5 0   290.5 0   290.4 0     0.0 2    -0.2 0 -9999.9 1   -35.8 0 -9999.9 1 -9999.9 1 -9999.9 1 -9999.9 1   135.5 0 -9999.9 1
 1999 182  7  1  5  9  5.150 115.76    -4.1 0 -9999.9 1 -9999.9 1    -2.3 0   368.4 0   301.8 0   300.2 0   402.3 0   290.6 0   290.6 0     0.0 2    -0.2 0 -9999.9 1   -33.9 0 -9999.9 1 -9999.9 1 -9999.9 1 -9999.9 1   132.9 0 -9999.9 1
 1999 182  7  1  5 12  5.200 115.88    -4.2 0 -9999.9 1 -9999.9 1    -2.3 0   370.3 0   302.0 0   300.3 0   403.5 0   290.8 0   290.7 0     0.0 0    -0.2 0 -9999.9 1   -33.2 0 -9999.9 1 -9999.9 1 -9999.9 1 -9999.9 1   131.8 0 -9999.9 1
 1999 182  7  1  5 18  5.300 116.11    -4.0 0 -9999.9 1 -9999.9 1    -1.9 0   369.2 0   302.1 0   300.6 0   404.0 0   290.8 0   290.8 0     0.0 0    -0.2 0 -9999.9 1   -34.8 0 -9999.9 1 -9999.9 1 -9999.9 1 -9999.9 1   142.1 0 -9999.9 1
 1999 182  7  1  5 21  5.350 116.21    -4.1 0 -9999.9 1 -9999.9 1    -1.4 0   375.8 0   302.0 0   300.5 0   404.0 0   290.7 0   290.7 0     0.0 0    -0.2 0 -9999.9 1   -28.3 0 -9999.9 1 -9999.9 1 -9999.9 1 -9999.9 1   151.4 0 -9999.9 1
 1999 182  7  1  5 24  5.400 116.30    -4.0 0 -9999.9 1 -9999.9 1    -0.9 0   376.2 0   302.0 0   300.5 0   404.3 0   290.7 0   290.6 0     0.0 0    -0.3 0 -9999.9 1   -28.2 0 -9999.9 1 -9999.9 1 -9999.9 1 -9999.9 1   147.4 0 -9999.9 1
 1999 182  7  1  5 27  5.450 116.38    -4.0 0 -9999.9 1 -9999.9 1    -0.9 0   376.2 0   302.0 0   300.5 0   404.2 0   290.7 0   290.6 0     0.0 0    -0.2 0 -9999.9 1   -28.0 0 -9999.9 1 -9999.9 1 -9999.9 1 -9999.9 1   145.3 0 -9999.9 1
 1999 182  7  1  5 33  5.550 116.53    -3.8 0 -9999.9 1 -9999.9 1    -2.0 0   376.4 0   302.0 0   300.6 0   403.3 0   290.6 0   290.5 0     0.0 2    -0.2 0 -9999.9 1   -27.0 0 -9999.9 1 -9999.9 1 -9999.9 1 -9999.9 1   135.4 0 -9999.9 1
 1999 182  7  1  5 36  5.600 116.59    -3.7 0 -9999.9 1 -9999.9 1    -2.5 0   372.8 0   302.1 0   300.6 0   402.9 0   290.5 0   290.5 0     0.0 2    -0.1 0 -9999.9 1   -30.1 0 -9999.9 1 -9999.9 1 -9999.9 1 -9999.9 1   131.7 0 -9999.9 1
 1999 182  7  1  5 39  5.650 116.65    -3.8 0 -9999.9 1 -9999.9 1    -2.7 0   371.2 0   302.1 0   300.5 0   402.5 0   290.5 0   290.5 0     0.0 2    -0.1 0 -9999.9 1   -31.4 0 -9999.9 1 -9999.9 1 -9999.9 1 -9999.9 1   128.1 0 -9999.9 1
 1999 182  7  1  5 42  5.700 116.70    -3.8 0 -9999.9 1 -9999.9 1    -3.0 0   371.5 0   302.1 0   300.5 0   402.2 0   290.5 0   290.4 0     0.0 2    -0.1 0 -9999.9 1   -30.7 0 -9999.9 1 -9999.9 1 -9999.9 1 -9999.9 1   124.7 0 -9999.9 1
 1999 182  7  1  5 48  5.800 116.77    -3.8 0 -9999.9 1 -9999.9 1    -3.0 0   367.3 0   302.2 0   300.6 0   401.8 0   290.4 0   290.4 0     0.0 2    -0.2 0 -9999.9 1   -34.4 0 -9999.9 1 -9999.9 1 -9999.9 1 -9999.9 1   132.0 0 -9999.9 1
 1999 182  7  1  5 51  5.850 116.79    -3.8 0 -9999.9 1 -9999.9 1    -2.9 0   366.8 0   302.2 0   300.6 0   401.9 0   290.4 0   290.3 0     0.0 2    -0.2 0 -9999.9 1   -35.1 0 -9999.9 1 -9999.9 1 -9999.9 1 -9999.9 1   133.1 0 -9999.9 1
 1999 182  7  1  5 54  5.900 116.81    -3.9 0 -9999.9 1 -9999.9 1    -2.9 0   366.9 0   302.2 0   300.5 0   401.8 0   290.4 0   290.3 0     0.0 2    -0.2 0 -9999.9 1   -34.9 0 -9999.9 1 -9999.9 1 -9999.9 1 -9999.9 1   136.9 0 -9999.9 1
 1999 182  7  1  5 57  5.950 116.81    -4.0 0 -9999.9 1 -9999.9 1    -2.9 0   367.8 0   302.4 0   300.7 0   402.3 0   290.5 0   290.4 0     0.0 2    -0.2 0 -9999.9 1   -34.5 0 -9999.9 1 -9999.9 1 -9999.9 1 -9999.9 1   136.8 0 -9999.9 1
 1999 182  7  1  6  3  6.050 116.81    -3.9 0 -9999.9 1 -9999.9 1    -2.6 0   369.3 0   302.3 0   300.7 0   402.1 0   290.4 0   290.4 0     0.0 2    -0.2 0 -9999.9 1   -32.8 0 -9999.9 1 -9999.9 1 -9999.9 1 -9999.9 1   141.5 0 -9999.9 1
 1999 182  7  1  6  6  6.100 116.79    -3.9 0 -9999.9 1 -9999.9 1    -2.3 0   370.0 0   302.3 0   300.7 0   402.0 0   290.4 0   290.3 0     0.0 2    -0.2 0 -9999.9 1   -32.0 0 -9999.9 1 -9999.9 1 -9999.9 1 -9999.9 1   144.8 0 -9999.9 1
 1999 182  7  1  6  9  6.150 116.77    -3.9 0 -9999.9 1 -9999.9 1    -2.4 0   370.7 0   302.3 0   300.7 0   402.1 0   290.3 0   290.3 0     0.0 2    -0.2 0 -9999.9 1   -31.4 0 -9999.9 1 -9999.9 1 -9999.9 1 -9999.9 1   143.5 0 -9999.9 1
 1999 182  7  1  6 12  6.200 116.74    -4.0 0 -9999.9 1 -9999.9 1    -2.6 0   371.2 0   302.3 0   300.6 0   402.2 0   290.3 0   290.3 0     0.0 2    -0.2 0 -9999.9 1   -31.0 0 -9999.9 1 -9999.9 1 -9999.9 1 -9999.9 1   139.5 0 -9999.9 1
 1999 182  7  1  6 18  6.300 116.66    -3.9 0 -9999.9 1 -9999.9 1    -2.7 0   370.3 0   302.2 0   300.6 0   401.8 0   290.3 0   290.2 0     0.0 2    -0.2 0 -9999.9 1   -31.4 0 -9999.9 1 -9999.9 1 -9999.9 1 -9999.9 1   137.5 0 -9999.9 1
 1999 182  7  1  6 21  6.350 116.60    -4.0 0 -9999.9 1 -9999.9 1    -2.7 0   370.7 0   302.2 0   300.6 0   401.7 0   290.2 0   290.2 0     0.0 2    -0.2 0 -9999.9 1   -31.0 0 -9999.9 1 -9999.9 1 -9999.9 1 -9999.9 1   137.2 0 -9999.9 1
 1999 182  7  1  6 24  6.400 116.54    -3.9 0 -9999.9 1 -9999.9 1    -2.7 0   370.6 0   302.2 0   300.7 0   401.7 0   290.2 0   290.2 0     0.0 2    -0.2 0 -9999.9 1   -31.1 0 -9999.9 1 -9999.9 1 -9999.9 1 -9999.9 1   138.5 0 -9999.9 1
 1999 182  7  1  6 27  6.450 116.47    -3.8 0 -9999.9 1 -9999.9 1    -2.6 0   370.2 0   302.2 0   300.6 0   401.3 0   290.2 0   290.1 0     0.0 2    -0.2 0 -9999.9 1   -31.1 0 -9999.9 1 -9999.9 1 -9999.9 1 -9999.9 1   136.7 0 -9999.9 1
 1999 182  7  1  6 33  6.550 116.31    -3.7 0 -9999.9 1 -9999.9 1    -2.0 0   373.8 0   302.4 0   300.9 0   402.6 0   290.3 0   290.3 0     0.0 2    -0.2 0 -9999.9 1   -28.8 0 -9999.9 1 -9999.9 1 -9999.9 1 -9999.9 1   148.8 0 -9999.9 1
 1999 182  7  1  6 36  6.600 116.22    -3.8 0 -9999.9 1 -9999.9 1    -1.6 0   382.9 0   302.4 0   300.9 0   403.6 0   290.4 0   290.3 0     0.0 2    -0.2 0 -9999.9 1   -20.7 0 -9999.9 1 -9999.9 1 -9999.9 1 -9999.9 1   155.0 0 -9999.9 1
 1999 182  7  1  6 39  6.650 116.12    -3.9 0 -9999.9 1 -9999.9 1    -1.0 0   384.1 0   302.5 0   301.1 0   404.5 0   290.4 0   290.4 0     0.0 2    -0.2 0 -9999.9 1   -20.4 0 -9999.9 1 -9999.9 1 -9999.9 1 -9999.9 1   154.2 0 -9999.9 1
 1999 182  7  1  6 42  6.700 116.02    -3.8 0 -9999.9 1 -9999.9 1    -0.6 0   384.0 0   302.6 0   301.2 0   404.6 0   290.4 0   290.4 0     0.0 2    -0.2 0 -9999.9 1   -20.6 0 -9999.9 1 -9999.9 1 -9999.9 1 -9999.9 1   157.6 0 -9999.9 1
 1999 182  7  1  6 48  6.800 115.78    -3.8 0 -9999.9 1 -9999.9 1    -1.0 0   384.5 0   302.8 0   301.3 0   405.1 0   290.6 0   290.5 0     0.0 0    -0.2 0 -9999.9 1   -20.6 0 -9999.9 1 -9999.9 1 -9999.9 1 -9999.9 1   149.4 0 -9999.9 1
 1999 182  7  1  6 51  6.850 115.65    -3.8 0 -9999.9 1 -9999.9 1    -1.1 0   381.8 0   302.7 0   301.2 0   404.5 0   290.5 0   290.4 0     0.0 2    -0.2 0 -9999.9 1   -22.7 0 -9999.9 1 -9999.9 1 -9999.9 1 -9999.9 1   147.5 0 -9999.9 1
 1999 182  7  1  6 54  6.900 115.52    -3.7 0 -9999.9 1 -9999.9 1    -1.3 0   384.0 0   302.8 0   301.4 0   405.0 0   290.6 0   290.5 0     0.0 0    -0.2 0 -9999.9 1   -20.9 0 -9999.9 1 -9999.9 1 -9999.9 1 -9999.9 1   144.1 0 -9999.9 1
 1999 182  7  1  6 57  6.950 115.37    -3.9 0 -9999.9 1 -9999.9 1    -1.9 0   387.7 0   303.0 0   301.5 0   405.7 0   290.7 0   290.7 0     0.0 0    -0.1 0 -9999.9 1   -18.0 0 -9999.9 1 -9999.9 1 -9999.9 1 -9999.9 1   144.9 0 -9999.9 1
 1999 182  7  1  7  3  7.050 115.06    -3.9 0 -9999.9 1 -9999.9 1    -1.6 0   392.3 0   302.9 0   301.0 0   405.4 0   290.6 0   290.6 0     0.0 0    -0.2 0 -9999.9 1   -13.1 0 -9999.9 1 -9999.9 1 -9999.9 1 -9999.9 1   146.7 0 -9999.9 1
 1999 182  7  1  7  6  7.100 114.90    -3.7 0 -9999.9 1 -9999.9 1    -1.3 0   396.9 0   302.8 0   300.4 0   404.6 0   290.5 0   290.5 0     0.0 0    -0.1 0 -9999.9 1    -7.7 0 -9999.9 1 -9999.9 1 -9999.9 1 -9999.9 1   143.8 0 -9999.9 1
 1999 182  7  1  7  9  7.150 114.73    -4.7 0 -9999.9 1 -9999.9 1    -1.9 0   395.7 0   302.8 0   300.5 0   405.1 0   290.6 0   290.6 0     0.0 0    -0.1 0 -9999.9 1    -9.4 0 -9999.9 1 -9999.9 1 -9999.9 1 -9999.9 1   143.1 0 -9999.9 1
 1999 182  7  1  7 12  7.200 114.55    -5.2 0 -9999.9 1 -9999.9 1    -2.4 0   392.8 0   302.5 0   300.4 0   404.1 0   290.4 0   290.4 0     0.0 2    -0.1 0 -9999.9 1   -11.3 0 -9999.9 1 -9999.9 1 -9999.9 1 -9999.9 1   136.0 0 -9999.9 1
 1999 182  7  1  7 18  7.300 114.17    -4.5 0 -9999.9 1 -9999.9 1    -2.2 0   390.7 0   302.4 0   300.1 0   403.3 0   290.3 0   290.2 0     0.0 2    -0.1 0 -9999.9 1   -12.6 0 -9999.9 1 -9999.9 1 -9999.9 1 -9999.9 1   139.1 0 -9999.9 1
 1999 182  7  1  7 21  7.350 113.97    -4.1 0 -9999.9 1 -9999.9 1    -1.3 0   398.1 0   302.3 0   299.5 0   404.1 0   290.4 0   290.4 0     0.0 0    -0.1 0 -9999.9 1    -6.0 0 -9999.9 1 -9999.9 1 -9999.9 1 -9999.9 1   137.8 0 -9999.9 1
 1999 182  7  1  7 24  7.400 113.76    -4.5 0 -9999.9 1 -9999.9 1    -1.1 0   400.9 0   302.2 0   299.5 0   404.8 0   290.5 0   290.5 0     0.0 0    -0.1 0 -9999.9 1    -3.8 0 -9999.9 1 -9999.9 1 -9999.9 1 -9999.9 1   137.9 0 -9999.9 1
 1999 182  7  1  7 27  7.450 113.55    -4.4 0 -9999.9 1 -9999.9 1    -0.5 0   407.8 0   302.0 0   298.9 0   405.4 0   290.6 0   290.6 0     0.0 0    -0.1 0 -9999.9 1     0.0 0 -9999.9 1 -9999.9 1 -9999.9 1 -9999.9 1   139.7 0 -9999.9 1
 1999 182  7  1  7 33  7.550 113.11    -4.5 0 -9999.9 1 -9999.9 1     0.1 0   407.6 0   301.4 0   298.5 0   404.7 0   290.4 0   290.4 0     0.0 0    -0.2 0 -9999.9 1     0.0 0 -9999.9 1 -9999.9 1 -9999.9 1 -9999.9 1   141.1 0 -9999.9 1
 1999 182  7  1  7 36  7.600 112.87    -4.5 0 -9999.9 1 -9999.9 1     0.6 0   406.4 0   301.2 0   298.3 0   404.8 0   290.4 0   290.4 0     0.0 0    -0.1 0 -9999.9 1     0.0 0 -9999.9 1 -9999.9 1 -9999.9 1 -9999.9 1   144.5 0 -9999.9 1
 1999 182  7  1  7 39  7.650 112.63    -4.7 0 -9999.9 1 -9999.9 1     0.8 0   403.3 0   301.0 0   298.2 0   404.8 0   290.5 0   290.4 0     0.0 0    -0.2 0 -9999.9 1    -1.5 0 -9999.9 1 -9999.9 1 -9999.9 1 -9999.9 1   147.3 0 -9999.9 1
 1999 182  7  1  7 42  7.700 112.39    -4.8 0 -9999.9 1 -9999.9 1     0.9 0   401.7 0   300.7 0   298.0 0   404.5 0   290.4 0   290.4 0     0.0 0    -0.2 0 -9999.9 1    -2.8 0 -9999.9 1 -9999.9 1 -9999.9 1 -9999.9 1   148.8 0 -9999.9 1
 1999 182  7  1  7 48  7.800 111.88    -5.0 0 -9999.9 1 -9999.9 1     1.1 0   400.4 0   300.3 0   297.7 0   404.1 0   290.3 0   290.3 0     0.0 2    -0.2 0 -9999.9 1    -3.6 0 -9999.9 1 -9999.9 1 -9999.9 1 -9999.9 1   152.0 0 -9999.9 1
 1999 182  7  1  7 51  7.850 111.61    -4.8 0 -9999.9 1 -9999.9 1     1.6 0   404.7 0   300.1 0   297.4 0   403.8 0   290.2 0   290.2 0     0.0 2    -0.2 0 -9999.9 1     0.0 0 -9999.9 1 -9999.9 1 -9999.9 1 -9999.9 1   154.2 0 -9999.9 1
 1999 182  7  1  7 54  7.900 111.34    -4.9 0 -9999.9 1 -9999.9 1     1.6 0   407.3 0   299.9 0   297.3 0   403.9 0   290.2 0   290.2 0     0.0 2    -0.2 0 -9999.9 1     0.0 0 -9999.9 1 -9999.9 1 -9999.9 1 -9999.9 1   153.9 0 -9999.9 1
 1999 182  7  1  7 57  7.950 111.07    -4.7 0 -9999.9 1 -9999.9 1     2.5 0   411.3 0   299.8 0   296.9 0   404.0 0   290.2 0   290.2 0     0.0 2    -0.1 0 -9999.9 1     0.0 0 -9999.9 1 -9999.9 1 -9999.9 1 -9999.9 1   170.4 0 -9999.9 1
 1999 182  7  1  8  3  8.050 110.50    -3.3 0 -9999.9 1 -9999.9 1     3.9 0   413.5 0   299.2 0   295.9 0   402.5 0   290.1 0   290.1 0     0.0 2    -0.1 0 -9999.9 1     0.0 0 -9999.9 1 -9999.9 1 -9999.9 1 -9999.9 1   221.6 0 -9999.9 1
 1999 182  7  1  8  6  8.100 110.20    -3.2 0 -9999.9 1 -9999.9 1     3.1 0   409.1 0   298.9 0   296.5 0   402.6 0   290.2 0   290.2 0     0.0 2    -0.1 0 -9999.9 1     0.0 0 -9999.9 1 -9999.9 1 -9999.9 1 -9999.9 1   215.8 0 -9999.9 1
 1999 182  7  1  8  9  8.150 109.91    -2.9 0 -9999.9 1 -9999.9 1     3.3 0   407.8 0   298.8 0   296.4 0   403.0 0   290.2 0   290.2 0     0.0 2    -0.2 0 -9999.9 1     0.0 0 -9999.9 1 -9999.9 1 -9999.9 1 -9999.9 1   223.7 0 -9999.9 1
 1999 182  7  1  8 12  8.200 109.60    -2.6 0 -9999.9 1 -9999.9 1     3.4 0   409.0 0   298.5 0   296.0 0   403.0 0   290.2 0   290.2 0     0.0 2    -0.1 0 -9999.9 1     0.0 0 -9999.9 1 -9999.9 1 -9999.9 1 -9999.9 1   246.5 0 -9999.9 1
 1999 182  7  1  8 18  8.300 108.97    -3.2 0 -9999.9 1 -9999.9 1     3.9 0   404.6 0   298.3 0   296.2 0   405.5 0   290.4 0   290.4 0     0.0 0    -0.1 0 -9999.9 1    -0.9 0 -9999.9 1 -9999.9 1 -9999.9 1 -9999.9 1   188.8 0 -9999.9 1
 1999 182  7  1  8 21  8.350 108.65    -3.7 0 -9999.9 1 -9999.9 1     3.9 0   404.7 0   298.2 0   296.3 0   405.4 0   290.4 0   290.4 0     0.0 0    -0.2 0 -9999.9 1    -0.7 0 -9999.9 1 -9999.9 1 -9999.9 1 -9999.9 1   189.1 0 -9999.9 1
 1999 182  7  1  8 24  8.400 108.33    -4.0 0 -9999.9 1 -9999.9 1     3.8 0   403.1 0   298.1 0   296.3 0   405.4 0   290.4 0   290.4 0     0.0 0    -0.1 0 -9999.9 1    -2.3 0 -9999.9 1 -9999.9 1 -9999.9 1 -9999.9 1   183.6 0 -9999.9 1
 1999 182  7  1  8 27  8.450 107.99    -4.2 0 -9999.9 1 -9999.9 1     3.9 0   401.3 0   298.0 0   296.2 0   405.1 0   290.4 0   290.3 0     0.0 0    -0.2 0 -9999.9 1    -3.8 0 -9999.9 1 -9999.9 1 -9999.9 1 -9999.9 1   174.2 0 -9999.9 1
 1999 182  7  1  8 33  8.550 107.31    -4.3 0 -9999.9 1 -9999.9 1     3.9 0   405.0 0   297.8 0   295.8 0   405.4 0   290.4 0   290.3 0     0.0 0    -0.1 0 -9999.9 1    -0.4 0 -9999.9 1 -9999.9 1 -9999.9 1 -9999.9 1   177.3 0 -9999.9 1
 1999 182  7  1  8 36  8.600 106.97    -4.5 0 -9999.9 1 -9999.9 1     3.9 0   404.5 0   297.7 0   295.8 0   405.0 0   290.3 0   290.3 0     0.0 2    -0.1 0 -9999.9 1    -0.5 0 -9999.9 1 -9999.9 1 -9999.9 1 -9999.9 1   175.7 0 -9999.9 1
 1999 182  7  1  8 39  8.650 106.62    -4.7 0 -9999.9 1 -9999.9 1     4.1 0   405.1 0   297.8 0   295.9 0   405.7 0   290.4 0   290.4 0     0.0 0    -0.1 0 -9999.9 1    -0.5 0 -9999.9 1 -9999.9 1 -9999.9 1 -9999.9 1   176.5 0 -9999.9 1
 1999 182  7  1  8 42  8.700 106.26    -4.7 0 -9999.9 1 -9999.9 1     4.0 0   405.6 0   297.9 0   296.1 0   406.3 0   290.5 0   290.5 0     0.0 0    -0.1 0 -9999.9 1    -0.7 0 -9999.9 1 -9999.9 1 -9999.9 1 -9999.9 1   178.8 0 -9999.9 1
 1999 182  7  1  8 48  8.800 105.53    -4.9 0 -9999.9 1 -9999.9 1     3.9 0   404.2 0   297.9 0   296.3 0   406.3 0   290.5 0   290.4 0     0.0 0    -0.2 0 -9999.9 1    -2.1 0 -9999.9 1 -9999.9 1 -9999.9 1 -9999.9 1   185.9 0 -9999.9 1
 1999 182  7  1  8 51  8.850 105.16    -4.8 0 -9999.9 1 -9999.9 1     4.1 0   404.4 0   297.9 0   296.1 0   406.2 0   290.5 0   290.4 0     0.0 0    -0.1 0 -9999.9 1    -1.8 0 -9999.9 1 -9999.9 1 -9999.9 1 -9999.9 1   179.5 0 -9999.9 1
 1999 182  7  1  8 54  8.900 104.78    -4.9 0 -9999.9 1 -9999.9 1     4.3 0   402.7 0   297.8 0   296.0 0   405.7 0   290.3 0   290.3 0     0.0 2    -0.2 0 -9999.9 1    -3.0 0 -9999.9 1 -9999.9 1 -9999.9 1 -9999.9 1   179.3 0 -9999.9 1
 1999 182  7  1  8 57  8.950 104.40    -5.0 0 -9999.9 1 -9999.9 1     4.4 0   401.9 0   298.0 0   296.3 0   406.4 0   290.5 0   290.5 0     0.0 0    -0.2 0 -9999.9 1    -4.5 0 -9999.9 1 -9999.9 1 -9999.9 1 -9999.9 1   181.2 0 -9999.9 1
 1999 182  7  1  9  3  9.050 103.63    -5.3 0 -9999.9 1 -9999.9 1     3.9 0   402.8 0   298.2 0   296.8 0   407.6 0   290.7 0   290.7 0     0.0 0    -0.1 0 -9999.9 1    -4.9 0 -9999.9 1 -9999.9 1 -9999.9 1 -9999.9 1   188.2 0 -9999.9 1
 1999 182  7  1  9  6  9.100 103.24    -5.3 0 -9999.9 1 -9999.9 1     3.8 0   403.3 0   298.4 0   297.0 0   408.3 0   290.8 0   290.8 0     0.0 0    -0.1 0 -9999.9 1    -5.0 0 -9999.9 1 -9999.9 1 -9999.9 1 -9999.9 1   203.6 0 -9999.9 1
 1999 182  7  1  9  9  9.150 102.84    -5.4 0 -9999.9 1 -9999.9 1     3.9 0   402.0 0   298.3 0   296.9 0   407.6 0   290.7 0   290.6 0     0.0 0    -0.1 0 -9999.9 1    -5.5 0 -9999.9 1 -9999.9 1 -9999.9 1 -9999.9 1   209.3 0 -9999.9 1
 1999 182  7  1  9 12  9.200 102.44    -5.3 0 -9999.9 1 -9999.9 1     3.9 0   400.5 0   298.5 0   297.1 0   408.3 0   290.8 0   290.8 0     0.0 0    -0.1 0 -9999.9 1    -7.8 0 -9999.9 1 -9999.9 1 -9999.9 1 -9999.9 1   206.3 0 -9999.9 1
 1999 182  7  1  9 18  9.300 101.62    -5.1 0 -9999.9 1 -9999.9 1     4.5 0   391.0 0   298.8 0   297.3 0   409.2 0   291.0 0   291.0 0     0.0 0    -0.1 0 -9999.9 1   -18.2 0 -9999.9 1 -9999.9 1 -9999.9 1 -9999.9 1   195.9 0 -9999.9 1
 1999 182  7  1  9 21  9.350 101.21    -5.1 0 -9999.9 1 -9999.9 1     5.0 0   387.2 0   298.6 0   297.0 0   408.2 0   290.9 0   290.9 0     0.0 0    -0.1 0 -9999.9 1   -21.0 0 -9999.9 1 -9999.9 1 -9999.9 1 -9999.9 1   191.9 0 -9999.9 1
 1999 182  7  1  9 24  9.400 100.79    -5.2 0 -9999.9 1 -9999.9 1     5.0 0   384.8 0   298.6 0   297.0 0   407.6 0   290.8 0   290.8 0     0.0 0    -0.1 0 -9999.9 1   -22.8 0 -9999.9 1 -9999.9 1 -9999.9 1 -9999.9 1   195.4 0 -9999.9 1
 1999 182  7  1  9 27  9.450 100.37    -5.0 0 -9999.9 1 -9999.9 1     5.1 0   380.6 0   298.4 0   296.9 0   406.7 0   290.7 0   290.7 0     0.0 2    -0.1 0 -9999.9 1   -26.1 0 -9999.9 1 -9999.9 1 -9999.9 1 -9999.9 1   191.4 0 -9999.9 1
 1999 182  7  1  9 33  9.550  99.52    -5.0 0 -9999.9 1 -9999.9 1     5.2 0   387.2 0   298.4 0   296.9 0   407.9 0   290.9 0   290.9 0     0.0 0    -0.1 0 -9999.9 1   -20.7 0 -9999.9 1 -9999.9 1 -9999.9 1 -9999.9 1   194.1 0 -9999.9 1
 1999 182  7  1  9 36  9.600  99.08    -5.0 0 -9999.9 1 -9999.9 1     5.0 0   387.5 0   298.3 0   296.9 0   407.5 0   290.9 0   290.9 0     0.0 2    -0.1 0 -9999.9 1   -20.0 0 -9999.9 1 -9999.9 1 -9999.9 1 -9999.9 1   197.6 0 -9999.9 1
 1999 182  7  1  9 39  9.650  98.65    -4.9 0 -9999.9 1 -9999.9 1     5.1 0   390.8 0   298.4 0   296.9 0   408.3 0   291.0 0   291.0 0     0.0 0    -0.1 0 -9999.9 1   -17.4 0 -9999.9 1 -9999.9 1 -9999.9 1 -9999.9 1   196.6 0 -9999.9 1
 1999 182  7  1  9 42  9.700  98.21    -4.8 0 -9999.9 1 -9999.9 1     5.3 0   385.2 0   298.2 0   296.8 0   407.9 0   291.0 0   291.0 0     0.0 0    -0.1 0 -9999.9 1   -22.8 0 -9999.9 1 -9999.9 1 -9999.9 1 -9999.9 1   193.8 0 -9999.9 1
 1999 182  7  1  9 48  9.800  97.32    -4.7 0 -9999.9 1 -9999.9 1     5.7 0   377.2 0   298.0 0   296.6 0   407.0 0   290.9 0   290.9 0     0.0 2    -0.1 0 -9999.9 1   -29.8 0 -9999.9 1 -9999.9 1 -9999.9 1 -9999.9 1   197.1 0 -9999.9 1
 1999 182  7  1  9 51  9.850  96.87    -4.7 0 -9999.9 1 -9999.9 1     5.7 0   383.7 0   297.9 0   296.5 0   407.2 0   291.0 0   290.9 0     0.0 2    -0.1 0 -9999.9 1   -23.5 0 -9999.9 1 -9999.9 1 -9999.9 1 -9999.9 1   196.7 0 -9999.9 1
 1999 182  7  1  9 54  9.900  96.42    -4.7 0 -9999.9 1 -9999.9 1     5.8 0   390.6 0   297.8 0   296.5 0   407.2 0   291.0 0   290.9 0     0.0 2     0.0 0 -9999.9 1   -16.6 0 -9999.9 1 -9999.9 1 -9999.9 1 -9999.9 1   197.6 0 -9999.9 1
 1999 182  7  1  9 57  9.950  95.96    -4.5 0 -9999.9 1 -9999.9 1     5.9 0   391.7 0   297.8 0   296.4 0   407.3 0   290.9 0   290.9 0     0.0 2    -0.1 0 -9999.9 1   -15.6 0 -9999.9 1 -9999.9 1 -9999.9 1 -9999.9 1   196.6 0 -9999.9 1
 1999 182  7  1 10  3 10.050  95.04    -4.4 0 -9999.9 1 -9999.9 1     5.7 0   392.9 0   297.8 0   296.5 0   408.1 0   291.1 0   291.1 0     0.0 2    -0.1 0 -9999.9 1   -15.1 0 -9999.9 1 -9999.9 1 -9999.9 1 -9999.9 1   202.4 0 -9999.9 1
 1999 182  7  1 10  6 10.100  94.57    -4.3 0 -9999.9 1 -9999.9 1     5.9 0   396.0 0   297.8 0   296.5 0   408.9 0   291.2 0   291.2 0     0.0 2    -0.1 0 -9999.9 1   -13.0 0 -9999.9 1 -9999.9 1 -9999.9 1 -9999.9 1   198.7 0 -9999.9 1
 1999 182  7  1 10  9 10.150  94.11    -4.3 0 -9999.9 1 -9999.9 1     5.8 0   398.0 0   297.8 0   296.5 0   409.0 0   291.2 0   291.2 0     0.0 2     0.0 0 -9999.9 1   -11.0 0 -9999.9 1 -9999.9 1 -9999.9 1 -9999.9 1   199.6 0 -9999.9 1
 1999 182  7  1 10 12 10.200  93.63    -4.2 0 -9999.9 1 -9999.9 1     5.7 0   398.9 0   297.7 0   296.5 0   409.2 0   291.2 0   291.2 0     0.0 2    -0.1 0 -9999.9 1   -10.3 0 -9999.9 1 -9999.9 1 -9999.9 1 -9999.9 1   203.4 0 -9999.9 1
 1999 182  7  1 10 18 10.300  92.68    -4.1 0 -9999.9 1 -9999.9 1     5.6 0   398.4 0   297.6 0   296.4 0   408.9 0   291.2 0   291.2 0     0.0 2     0.1 0 -9999.9 1   -10.5 0 -9999.9 1 -9999.9 1 -9999.9 1 -9999.9 1   205.3 0 -9999.9 1
 1999 182  7  1 10 21 10.350  92.20    -4.3 0 -9999.9 1 -9999.9 1     5.6 0   399.8 0   297.5 0   296.3 0   408.6 0   291.2 0   291.2 0     0.0 2     0.0 0 -9999.9 1    -8.8 0 -9999.9 1 -9999.9 1 -9999.9 1 -9999.9 1   205.9 0 -9999.9 1
 1999 182  7  1 10 24 10.400  91.72    -4.2 0 -9999.9 1 -9999.9 1     5.9 0   398.9 0   297.4 0   296.2 0   407.9 0   291.1 0   291.1 0     0.0 2     0.0 0 -9999.9 1    -9.0 0 -9999.9 1 -9999.9 1 -9999.9 1 -9999.9 1   204.6 0 -9999.9 1
 1999 182  7  1 10 27 10.450  91.24    -3.7 0 -9999.9 1 -9999.9 1     6.1 0   399.2 0   297.5 0   296.3 0   408.3 0   291.2 0   291.2 0     0.0 2     0.1 0 -9999.9 1    -9.2 0 -9999.9 1 -9999.9 1 -9999.9 1 -9999.9 1   202.4 0 -9999.9 1
 1999 182  7  1 10 33 10.550  89.64    -3.2 0 -9999.9 1 -9999.9 1     6.7 0   400.3 0   297.5 0   296.3 0   408.7 0   291.3 0   291.2 0    -0.1 2     0.5 0 -9999.9 1    -8.4 0 -9999.9 1 -9999.9 1 -9999.9 1 -9999.9 1   201.3 0 -9999.9 1
 1999 182  7  1 10 36 10.600  89.25    -2.4 0 -9999.9 1 -9999.9 1     6.6 0   401.2 0   297.6 0   296.4 0   409.7 0   291.4 0   291.4 0     0.0 2     0.8 0 -9999.9 1    -8.5 0 -9999.9 1 -9999.9 1 -9999.9 1 -9999.9 1   207.6 0 -9999.9 1
 1999 182  7  1 10 39 10.650  88.84    -2.4 0 -9999.9 1 -9999.9 1     6.4 0   402.2 0   297.6 0   296.3 0   410.3 0   291.4 0   291.5 0     0.0 2     0.8 0 -9999.9 1    -8.0 0 -9999.9 1 -9999.9 1 -9999.9 1 -9999.9 1   214.1 0 -9999.9 1
 1999 182  7  1 10 42 10.700  88.40    -1.9 0 -9999.9 1 -9999.9 1     7.1 0   401.9 0   297.6 0   296.3 0   410.7 0   291.5 0   291.6 0     0.1 2     1.2 0 -9999.9 1    -8.8 0 -9999.9 1 -9999.9 1 -9999.9 1 -9999.9 1   216.5 0 -9999.9 1
 1999 182  7  1 10 48 10.800  87.49    -1.4 0 -9999.9 1 -9999.9 1     8.5 0   403.0 0   297.4 0   296.1 0   410.2 0   291.6 0   291.6 0     0.1 2     1.2 0 -9999.9 1    -7.2 0 -9999.9 1 -9999.9 1 -9999.9 1 -9999.9 1   213.2 0 -9999.9 1
 1999 182  7  1 10 51 10.850  87.02    -0.7 0 -9999.9 1 -9999.9 1     9.2 0   402.3 0   297.4 0   296.2 0   410.3 0   291.7 0   291.7 0     0.2 2     1.8 0 -9999.9 1    -8.0 0 -9999.9 1 -9999.9 1 -9999.9 1 -9999.9 1   214.3 0 -9999.9 1
 1999 182  7  1 10 54 10.900  86.54     0.6 0 -9999.9 1 -9999.9 1    10.1 0   403.0 0   297.4 0   296.2 0   410.9 0   291.7 0   291.7 0     0.3 2     2.2 0 -9999.9 1    -7.9 0 -9999.9 1 -9999.9 1 -9999.9 1 -9999.9 1   219.0 0 -9999.9 1
 1999 182  7  1 10 57 10.950  86.05     2.0 0 -9999.9 1 -9999.9 1    12.2 0   402.5 0   297.4 0   296.1 0   410.7 0   291.7 0   291.7 0     0.4 2     3.0 0 -9999.9 1    -8.2 0 -9999.9 1 -9999.9 1 -9999.9 1 -9999.9 1   227.8 0 -9999.9 1
 1999 182  7  1 11  3 11.050  85.06     8.6 0 -9999.9 1 -9999.9 1    18.9 0   386.1 0   297.5 0   296.3 0   411.7 0   291.9 0   291.9 0     1.0 2     7.4 0 -9999.9 1   -25.7 0 -9999.9 1 -9999.9 1 -9999.9 1 -9999.9 1   228.9 0 -9999.9 1
 1999 182  7  1 11  6 11.100  84.56    14.0 0 -9999.9 1 -9999.9 1    24.7 0   371.9 0   297.4 0   296.1 0   410.9 0   291.8 0   291.8 0     1.5 2    10.4 0 -9999.9 1   -39.0 0 -9999.9 1 -9999.9 1 -9999.9 1 -9999.9 1   223.4 0 -9999.9 1
 1999 182  7  1 11  9 11.150  84.05    22.4 0 -9999.9 1 -9999.9 1    32.6 0   365.8 0   297.6 0   296.3 0   411.7 0   292.0 0   292.0 0     1.8 0    14.3 0 -9999.9 1   -45.8 0 -9999.9 1 -9999.9 1 -9999.9 1 -9999.9 1   224.8 0 -9999.9 1
 1999 182  7  1 11 12 11.200  83.55    27.1 0 -9999.9 1 -9999.9 1    36.9 0   359.2 0   297.7 0   296.5 0   412.3 0   292.2 0   292.1 0     2.1 0    16.3 0 -9999.9 1   -53.1 0 -9999.9 1 -9999.9 1 -9999.9 1 -9999.9 1   224.0 0 -9999.9 1
 1999 182  7  1 11 18 11.300  82.52    32.1 0 -9999.9 1 -9999.9 1    42.4 0   381.8 0   298.0 0   296.8 0   414.5 0   292.4 0   292.4 0     2.2 0    18.1 0 -9999.9 1   -32.7 0 -9999.9 1 -9999.9 1 -9999.9 1 -9999.9 1   227.7 0 -9999.9 1
 1999 182  7  1 11 21 11.350  82.00    38.2 0 -9999.9 1 -9999.9 1    48.3 0   378.3 0   298.1 0   296.9 0   414.5 0   292.5 0   292.5 0     2.5 0    20.4 0 -9999.9 1   -36.2 0 -9999.9 1 -9999.9 1 -9999.9 1 -9999.9 1   229.9 0 -9999.9 1
 1999 182  7  1 11 24 11.400  81.48    38.1 0 -9999.9 1 -9999.9 1    48.1 0   394.4 0   297.9 0   296.7 0   413.9 0   292.2 0   292.2 0     1.8 0    19.1 0 -9999.9 1   -19.5 0 -9999.9 1 -9999.9 1 -9999.9 1 -9999.9 1   231.8 0 -9999.9 1
 1999 182  7  1 11 27 11.450  80.96    23.4 0 -9999.9 1 -9999.9 1    33.8 0   398.5 0   297.9 0   296.6 0   413.7 0   292.1 0   292.2 0     1.6 0    13.0 0 -9999.9 1   -15.1 0 -9999.9 1 -9999.9 1 -9999.9 1 -9999.9 1   232.1 0 -9999.9 1
 1999 182  7  1 11 33 11.550  79.91    33.9 0 -9999.9 1 -9999.9 1    44.1 0   398.9 0   298.2 0   296.9 0   415.5 0   292.5 0   292.5 0     2.4 0    17.5 0 -9999.9 1   -16.5 0 -9999.9 1 -9999.9 1 -9999.9 1 -9999.9 1   233.4 0 -9999.9 1
 1999 182  7  1 11 36 11.600  79.38    29.1 0 -9999.9 1 -9999.9 1    39.5 0   401.4 0   298.3 0   297.1 0   415.8 0   292.6 0   292.6 0     2.1 0    15.3 0 -9999.9 1   -14.4 0 -9999.9 1 -9999.9 1 -9999.9 1 -9999.9 1   234.2 0 -9999.9 1
 1999 182  7  1 11 39 11.650  78.84    22.6 0 -9999.9 1 -9999.9 1    32.6 0   403.4 0   298.2 0   296.9 0   415.1 0   292.5 0   292.5 0     1.7 0    12.2 0 -9999.9 1   -11.7 0 -9999.9 1 -9999.9 1 -9999.9 1 -9999.9 1   236.1 0 -9999.9 1
 1999 182  7  1 11 42 11.700  78.31    30.3 0 -9999.9 1 -9999.9 1    40.2 0   402.5 0   298.3 0   297.1 0   415.3 0   292.6 0   292.6 0     2.1 0    15.6 0 -9999.9 1   -12.7 0 -9999.9 1 -9999.9 1 -9999.9 1 -9999.9 1   236.2 0 -9999.9 1
 1999 182  7  1 11 48 11.800  77.24    17.2 0 -9999.9 1 -9999.9 1    27.4 0   403.6 0   298.2 0   297.0 0   414.2 0   292.4 0   292.4 0     1.3 0     9.3 0 -9999.9 1   -10.6 0 -9999.9 1 -9999.9 1 -9999.9 1 -9999.9 1   244.3 0 -9999.9 1
 1999 182  7  1 11 51 11.850  76.70    21.1 0 -9999.9 1 -9999.9 1    31.1 0   404.3 0   298.3 0   297.1 0   414.4 0   292.5 0   292.4 0     1.6 0    11.0 0 -9999.9 1   -10.1 0 -9999.9 1 -9999.9 1 -9999.9 1 -9999.9 1   250.7 0 -9999.9 1
 1999 182  7  1 11 54 11.900  76.16    21.4 0 -9999.9 1 -9999.9 1    31.4 0   404.7 0   298.2 0   296.8 0   413.6 0   292.3 0   292.3 0     1.7 2    11.2 0 -9999.9 1    -8.9 0 -9999.9 1 -9999.9 1 -9999.9 1 -9999.9 1   259.6 0 -9999.9 1
 1999 182  7  1 11 57 11.950  75.62    39.0 0 -9999.9 1 -9999.9 1    48.9 0   401.6 0   298.2 0   296.9 0   414.0 0   292.3 0   292.3 0     3.4 2    19.8 0 -9999.9 1   -12.4 0 -9999.9 1 -9999.9 1 -9999.9 1 -9999.9 1   256.3 0 -9999.9 1
 1999 182  7  1 12  3 12.050  74.53    95.7 0 -9999.9 1 -9999.9 1   104.8 0   386.9 0   298.3 0   297.1 0   415.3 0   292.5 0   292.5 0     7.6 0    46.7 0 -9999.9 1   -28.3 0 -9999.9 1 -9999.9 1 -9999.9 1 -9999.9 1   256.8 0 -9999.9 1
 1999 182  7  1 12  6 12.100  73.99   107.3 0 -9999.9 1 -9999.9 1   115.9 0   379.6 0   298.4 0   297.3 0   416.0 0   292.6 0   292.6 0     9.2 0    53.0 0 -9999.9 1   -36.4 0 -9999.9 1 -9999.9 1 -9999.9 1 -9999.9 1   255.8 0 -9999.9 1
 1999 182  7  1 12  9 12.150  73.44   135.3 0 -9999.9 1 -9999.9 1   110.4 0   352.3 0   298.5 0   297.4 0   415.1 0   292.6 0   292.6 0    12.0 0    68.8 0 -9999.9 1   -62.7 0 -9999.9 1 -9999.9 1 -9999.9 1 -9999.9 1   256.7 0 -9999.9 1
 1999 182  7  1 12 12 12.200  72.89   187.1 0 -9999.9 1 -9999.9 1   117.5 0   347.2 0   298.7 0   297.7 0   415.9 0   292.6 0   292.7 0    13.3 0    90.7 0 -9999.9 1   -68.7 0 -9999.9 1 -9999.9 1 -9999.9 1 -9999.9 1   258.1 0 -9999.9 1
 1999 182  7  1 12 18 12.300  71.79   149.5 0 -9999.9 1 -9999.9 1   147.6 0   382.2 0   299.4 0   298.1 0   417.4 0   292.9 0   293.0 0    11.0 0    72.4 0 -9999.9 1   -35.1 0 -9999.9 1 -9999.9 1 -9999.9 1 -9999.9 1   255.0 0 -9999.9 1
 1999 182  7  1 12 21 12.350  71.23   104.6 0 -9999.9 1 -9999.9 1   111.6 0   383.6 0   299.6 0   298.2 0   416.9 0   293.0 0   293.0 0    11.0 0    51.6 0 -9999.9 1   -33.2 0 -9999.9 1 -9999.9 1 -9999.9 1 -9999.9 1   255.5 0 -9999.9 1
 1999 182  7  1 12 24 12.400  70.68   131.0 0 -9999.9 1 -9999.9 1   136.7 0   368.3 0   299.6 0   298.3 0   416.4 0   293.0 0   293.0 0    14.3 0    65.4 0 -9999.9 1   -48.1 0 -9999.9 1 -9999.9 1 -9999.9 1 -9999.9 1   256.7 0 -9999.9 1
 1999 182  7  1 12 27 12.450  70.13   151.4 0 -9999.9 1 -9999.9 1   150.8 0   369.4 0   299.7 0   298.4 0   416.7 0   292.9 0   292.9 0    15.0 0    74.8 0 -9999.9 1   -47.2 0 -9999.9 1 -9999.9 1 -9999.9 1 -9999.9 1   258.7 0 -9999.9 1
 1999 182  7  1 12 33 12.550  69.01   140.5 0 -9999.9 1 -9999.9 1   139.2 0   368.5 0   299.7 0   298.4 0   415.8 0   292.8 0   292.8 0    15.9 0    70.9 0 -9999.9 1   -47.4 0 -9999.9 1 -9999.9 1 -9999.9 1 -9999.9 1   256.7 0 -9999.9 1
 1999 182  7  1 12 36 12.600  68.45   176.7 0 -9999.9 1 -9999.9 1   154.4 0   381.1 0   299.8 0   298.6 0   417.2 0   292.8 0   292.9 0    15.0 0    83.1 0 -9999.9 1   -36.1 0 -9999.9 1 -9999.9 1 -9999.9 1 -9999.9 1   257.5 0 -9999.9 1
 1999 182  7  1 12 39 12.650  67.90   157.2 0 -9999.9 1 -9999.9 1   163.2 0   383.3 0   299.9 0   298.6 0   416.7 0   292.8 0   292.9 0    15.9 0    75.6 0 -9999.9 1   -33.4 0 -9999.9 1 -9999.9 1 -9999.9 1 -9999.9 1   256.9 0 -9999.9 1
 1999 182  7  1 12 42 12.700  67.33   230.1 0 -9999.9 1 -9999.9 1   177.1 0   365.8 0   300.0 0   298.9 0   417.9 0   292.9 0   293.0 0    20.5 0   109.9 0 -9999.9 1   -52.2 0 -9999.9 1 -9999.9 1 -9999.9 1 -9999.9 1   262.6 0 -9999.9 1
 1999 182  7  1 12 48 12.800  66.21   393.7 0 -9999.9 1 -9999.9 1   282.4 0   380.3 0   300.5 0   299.6 0   423.6 0   293.1 0   293.4 0    23.6 0   178.4 0 -9999.9 1   -43.3 0 -9999.9 1 -9999.9 1 -9999.9 1 -9999.9 1   256.0 0 -9999.9 1
 1999 182  7  1 12 51 12.850  65.65   255.2 0 -9999.9 1 -9999.9 1   236.2 0   374.5 0   300.8 0   299.7 0   420.9 0   293.3 0   293.4 0    23.1 0   121.7 0 -9999.9 1   -46.3 0 -9999.9 1 -9999.9 1 -9999.9 1 -9999.9 1   257.8 0 -9999.9 1
 1999 182  7  1 12 54 12.900  65.08   343.3 0 -9999.9 1 -9999.9 1   223.0 0   352.7 0   301.1 0   300.1 0   421.4 0   293.4 0   293.5 0    28.7 0   162.5 0 -9999.9 1   -68.7 0 -9999.9 1 -9999.9 1 -9999.9 1 -9999.9 1   258.6 0 -9999.9 1
 1999 182  7  1 12 57 12.950  64.52   379.7 0 -9999.9 1 -9999.9 1   212.8 0   350.6 0   301.5 0   300.4 0   422.7 0   293.6 0   293.7 0    30.7 0   180.2 0 -9999.9 1   -72.1 0 -9999.9 1 -9999.9 1 -9999.9 1 -9999.9 1   261.3 0 -9999.9 1
 1999 182  7  1 13  3 13.050  63.39   319.7 0 -9999.9 1 -9999.9 1   230.9 0   364.0 0   302.1 0   301.0 0   424.9 0   293.8 0   293.9 0    29.6 0   151.4 0 -9999.9 1   -61.0 0 -9999.9 1 -9999.9 1 -9999.9 1 -9999.9 1   261.7 0 -9999.9 1
 1999 182  7  1 13  6 13.100  62.82   276.7 0 -9999.9 1 -9999.9 1   220.4 0   357.7 0   302.3 0   300.8 0   422.9 0   293.9 0   293.9 0    31.0 0   134.4 0 -9999.9 1   -65.2 0 -9999.9 1 -9999.9 1 -9999.9 1 -9999.9 1   262.1 0 -9999.9 1
 1999 182  7  1 13  9 13.150  62.25   419.4 0 -9999.9 1 -9999.9 1   195.0 0   350.8 0   302.4 0   301.1 0   425.5 0   293.8 0   294.0 0    36.1 0   198.9 0 -9999.9 1   -74.7 0 -9999.9 1 -9999.9 1 -9999.9 1 -9999.9 1   266.0 0 -9999.9 1
 1999 182  7  1 13 12 13.200  61.69   325.9 0 -9999.9 1 -9999.9 1   217.5 0   359.3 0   302.7 0   301.5 0   425.9 0   293.9 0   294.1 0    33.6 0   157.2 0 -9999.9 1   -66.6 0 -9999.9 1 -9999.9 1 -9999.9 1 -9999.9 1   265.3 0 -9999.9 1
 1999 182  7  1 13 18 13.300  60.55   476.7 0 -9999.9 1 -9999.9 1   236.3 0   357.4 0   303.2 0   302.0 0   427.4 0   294.1 0   294.3 0    41.7 0   223.9 0 -9999.9 1   -70.0 0 -9999.9 1 -9999.9 1 -9999.9 1 -9999.9 1   265.2 0 -9999.9 1
 1999 182  7  1 13 21 13.350  59.98   492.5 0 -9999.9 1 -9999.9 1   201.9 0   354.1 0   303.4 0   302.1 0   427.8 0   294.2 0   294.3 0    43.8 0   232.8 0 -9999.9 1   -73.7 0 -9999.9 1 -9999.9 1 -9999.9 1 -9999.9 1   266.1 0 -9999.9 1
 1999 182  7  1 13 24 13.400  59.41   429.0 0 -9999.9 1 -9999.9 1   201.5 0   349.8 0   303.6 0   302.2 0   427.7 0   294.2 0   294.4 0    44.0 0   205.6 0 -9999.9 1   -77.9 0 -9999.9 1 -9999.9 1 -9999.9 1 -9999.9 1   269.1 0 -9999.9 1
 1999 182  7  1 13 27 13.450  58.84   546.1 0 -9999.9 1 -9999.9 1   176.5 0   348.2 0   303.9 0   302.6 0   429.0 0   294.4 0   294.6 0    49.9 0   259.1 0 -9999.9 1   -80.8 0 -9999.9 1 -9999.9 1 -9999.9 1 -9999.9 1   267.9 0 -9999.9 1
 1999 182  7  1 13 33 13.550  57.70   593.0 0 -9999.9 1 -9999.9 1   201.7 0   350.3 0   304.3 0   303.1 0   430.9 0   294.5 0   294.7 0    56.2 0   279.3 0 -9999.9 1   -80.6 0 -9999.9 1 -9999.9 1 -9999.9 1 -9999.9 1   274.3 0 -9999.9 1
 1999 182  7  1 13 36 13.600  57.12   583.1 0 -9999.9 1 -9999.9 1   247.3 0   356.8 0   304.6 0   303.4 0   432.1 0   294.6 0   294.8 0    55.3 0   270.8 0 -9999.9 1   -75.3 0 -9999.9 1 -9999.9 1 -9999.9 1 -9999.9 1   274.9 0 -9999.9 1
 1999 182  7  1 13 39 13.650  56.55   396.0 0 -9999.9 1 -9999.9 1   248.0 0   358.7 0   304.8 0   303.3 0   428.1 0   294.7 0   294.8 0    47.5 0   189.2 0 -9999.9 1   -69.4 0 -9999.9 1 -9999.9 1 -9999.9 1 -9999.9 1   276.0 0 -9999.9 1
 1999 182  7  1 13 42 13.700  55.98   328.4 0 -9999.9 1 -9999.9 1   212.4 0   354.8 0   304.7 0   303.0 0   424.6 0   294.5 0   294.5 0    45.1 0   157.2 0 -9999.9 1   -69.8 0 -9999.9 1 -9999.9 1 -9999.9 1 -9999.9 1   271.3 0 -9999.9 1
 1999 182  7  1 13 48 13.800  54.83   537.7 0 -9999.9 1 -9999.9 1   223.4 0   349.7 0   305.1 0   303.9 0   432.4 0   294.6 0   294.8 0    61.1 0   254.7 0 -9999.9 1   -82.7 0 -9999.9 1 -9999.9 1 -9999.9 1 -9999.9 1   269.6 0 -9999.9 1
 1999 182  7  1 13 51 13.850  54.26   608.9 0 -9999.9 1 -9999.9 1   272.2 0   352.4 0   305.3 0   304.3 0   436.2 0   294.8 0   295.0 0    66.5 0   285.2 0 -9999.9 1   -83.8 0 -9999.9 1 -9999.9 1 -9999.9 1 -9999.9 1   271.6 0 -9999.9 1
 1999 182  7  1 13 54 13.900  53.69   481.3 0 -9999.9 1 -9999.9 1   292.6 0   358.1 0   305.3 0   304.0 0   430.8 0   294.7 0   294.9 0    61.0 0   227.9 0 -9999.9 1   -72.7 0 -9999.9 1 -9999.9 1 -9999.9 1 -9999.9 1   275.3 0 -9999.9 1
 1999 182  7  1 13 57 13.950  53.11   548.9 0 -9999.9 1 -9999.9 1   333.9 0   368.0 0   305.3 0   304.0 0   431.5 0   294.6 0   294.8 0    63.2 0   255.8 0 -9999.9 1   -63.5 0 -9999.9 1 -9999.9 1 -9999.9 1 -9999.9 1   273.9 0 -9999.9 1
 1999 182  7  1 14  3 14.050  51.97   157.8 0 -9999.9 1 -9999.9 1   162.5 0   406.8 0   305.4 0   303.3 0   422.4 0   294.6 0   294.6 0    21.2 0    70.0 0 -9999.9 1   -15.6 0 -9999.9 1 -9999.9 1 -9999.9 1 -9999.9 1   278.1 0 -9999.9 1
 1999 182  7  1 14  6 14.100  51.39    92.7 0 -9999.9 1 -9999.9 1    98.9 0   405.3 0   305.1 0   302.9 0   417.6 0   294.3 0   294.2 0    13.3 0    39.0 0 -9999.9 1   -12.3 0 -9999.9 1 -9999.9 1 -9999.9 1 -9999.9 1   287.0 0 -9999.9 1
 1999 182  7  1 14  9 14.150  50.82   220.3 0 -9999.9 1 -9999.9 1   223.1 0   388.9 0   304.8 0   302.6 0   418.4 0   293.9 0   293.9 0    40.6 2   102.0 0 -9999.9 1   -29.5 0 -9999.9 1 -9999.9 1 -9999.9 1 -9999.9 1   298.6 0 -9999.9 1
 1999 182  7  1 14 12 14.200  50.25   414.6 0 -9999.9 1 -9999.9 1   323.4 0   373.1 0   304.6 0   303.1 0   424.3 0   293.8 0   293.8 0    61.7 2   192.5 0 -9999.9 1   -51.2 0 -9999.9 1 -9999.9 1 -9999.9 1 -9999.9 1   299.1 0 -9999.9 1
 1999 182  7  1 14 18 14.300  49.10   611.2 0 -9999.9 1 -9999.9 1   398.5 0   362.2 0   304.6 0   303.5 0   430.5 0   293.7 0   294.0 0    84.9 2   284.5 0 -9999.9 1   -68.2 0 -9999.9 1 -9999.9 1 -9999.9 1 -9999.9 1   297.9 0 -9999.9 1
 1999 182  7  1 14 21 14.350  48.53   662.2 0 -9999.9 1 -9999.9 1   406.5 0   360.9 0   304.8 0   303.5 0   431.0 0   293.8 0   294.1 0    89.6 2   308.9 0 -9999.9 1   -70.1 0 -9999.9 1 -9999.9 1 -9999.9 1 -9999.9 1   288.1 0 -9999.9 1
 1999 182  7  1 14 24 14.400  47.95   546.3 0 -9999.9 1 -9999.9 1   437.9 0   375.2 0   305.0 0   303.8 0   431.0 0   294.1 0   294.3 0    76.9 2   249.0 0 -9999.9 1   -55.7 0 -9999.9 1 -9999.9 1 -9999.9 1 -9999.9 1   291.4 0 -9999.9 1
 1999 182  7  1 14 27 14.450  47.38   407.6 0 -9999.9 1 -9999.9 1   395.6 0   387.7 0   305.2 0   303.6 0   425.4 0   294.2 0   294.3 0    62.7 2   186.5 0 -9999.9 1   -37.7 0 -9999.9 1 -9999.9 1 -9999.9 1 -9999.9 1   291.8 0 -9999.9 1
 1999 182  7  1 14 33 14.550  46.24   417.5 0 -9999.9 1 -9999.9 1   408.3 0   390.3 0   305.2 0   303.7 0   426.1 0   294.1 0   294.2 0    61.8 2   188.7 0 -9999.9 1   -35.8 0 -9999.9 1 -9999.9 1 -9999.9 1 -9999.9 1   295.6 0 -9999.9 1
 1999 182  7  1 14 36 14.600  45.67   351.6 0 -9999.9 1 -9999.9 1   345.6 0   390.3 0   305.3 0   303.7 0   425.0 0   294.0 0   294.1 0    51.9 2   155.2 0 -9999.9 1   -34.7 0 -9999.9 1 -9999.9 1 -9999.9 1 -9999.9 1   292.2 0 -9999.9 1
 1999 182  7  1 14 39 14.650  45.10   388.1 0 -9999.9 1 -9999.9 1   358.5 0   378.0 0   305.2 0   303.5 0   424.7 0   293.9 0   294.0 0    65.5 2   178.8 0 -9999.9 1   -46.7 0 -9999.9 1 -9999.9 1 -9999.9 1 -9999.9 1   294.5 0 -9999.9 1
 1999 182  7  1 14 42 14.700  44.53   349.3 0 -9999.9 1 -9999.9 1   338.8 0   376.8 0   305.3 0   303.5 0   423.1 0   293.9 0   294.0 0    64.6 2   163.5 0 -9999.9 1   -46.3 0 -9999.9 1 -9999.9 1 -9999.9 1 -9999.9 1   291.9 0 -9999.9 1
 1999 182  7  1 14 48 14.800  43.39   621.1 0 -9999.9 1 -9999.9 1   515.8 0   361.6 0   305.4 0   304.2 0   431.6 0   293.9 0   294.2 0    99.9 2   289.4 0 -9999.9 1   -69.9 0 -9999.9 1 -9999.9 1 -9999.9 1 -9999.9 1   299.2 0 -9999.9 1
 1999 182  7  1 14 51 14.850  42.82   708.4 0 -9999.9 1 -9999.9 1   596.3 0   366.7 0   305.6 0   304.6 0   435.8 0   294.0 0   294.3 0   109.0 2   327.5 0 -9999.9 1   -69.1 0 -9999.9 1 -9999.9 1 -9999.9 1 -9999.9 1   291.6 0 -9999.9 1
 1999 182  7  1 14 54 14.900  42.26   562.5 0 -9999.9 1 -9999.9 1   518.3 0   388.7 0   305.9 0   304.7 0   433.2 0   294.2 0   294.5 0    80.8 2   250.8 0 -9999.9 1   -44.4 0 -9999.9 1 -9999.9 1 -9999.9 1 -9999.9 1   294.9 0 -9999.9 1
 1999 182  7  1 14 57 14.950  41.69   343.3 0 -9999.9 1 -9999.9 1   341.3 0   394.8 0   306.0 0   304.5 0   427.4 0   294.3 0   294.4 0    50.5 2   149.3 0 -9999.9 1   -32.5 0 -9999.9 1 -9999.9 1 -9999.9 1 -9999.9 1   288.4 0 -9999.9 1
 1999 182  7  1 15  3 15.050  40.56   428.7 0 -9999.9 1 -9999.9 1   413.2 0   384.1 0   306.1 0   304.6 0   425.6 0   294.1 0   294.2 0    75.0 0   196.5 0 -9999.9 1   -41.5 0 -9999.9 1 -9999.9 1 -9999.9 1 -9999.9 1   293.0 0 -9999.9 1
 1999 182  7  1 15  6 15.100  40.00   617.6 0 -9999.9 1 -9999.9 1   519.8 0   373.1 0   306.3 0   305.3 0   434.2 0   294.1 0   294.4 0    99.7 0   279.0 0 -9999.9 1   -61.1 0 -9999.9 1 -9999.9 1 -9999.9 1 -9999.9 1   299.7 0 -9999.9 1
 1999 182  7  1 15  9 15.150  39.44   454.1 0 -9999.9 1 -9999.9 1   425.1 0   377.1 0   306.5 0   305.3 0   434.3 0   294.3 0   294.5 0    79.9 0   205.0 0 -9999.9 1   -57.2 0 -9999.9 1 -9999.9 1 -9999.9 1 -9999.9 1   302.9 0 -9999.9 1
 1999 182  7  1 15 12 15.200  38.88   675.2 0 -9999.9 1 -9999.9 1   520.4 0   366.8 0   306.8 0   306.1 0   437.6 0   294.4 0   294.7 0   107.9 0   307.0 0 -9999.9 1   -70.8 0 -9999.9 1 -9999.9 1 -9999.9 1 -9999.9 1   305.5 0 -9999.9 1
 1999 182  7  1 15 18 15.300  37.77   430.4 0 -9999.9 1 -9999.9 1   411.7 0   371.9 0   307.3 0   305.6 0   430.0 0   294.7 0   294.8 0    80.3 0   197.3 0 -9999.9 1   -58.1 0 -9999.9 1 -9999.9 1 -9999.9 1 -9999.9 1   299.7 0 -9999.9 1
 1999 182  7  1 15 21 15.350  37.21   400.9 0 -9999.9 1 -9999.9 1   390.6 0   372.0 0   307.4 0   305.7 0   428.9 0   294.7 0   294.8 0    79.9 0   185.5 0 -9999.9 1   -56.9 0 -9999.9 1 -9999.9 1 -9999.9 1 -9999.9 1   304.4 0 -9999.9 1
 1999 182  7  1 15 24 15.400  36.66   471.8 0 -9999.9 1 -9999.9 1   437.1 0   371.3 0   307.6 0   306.1 0   432.6 0   294.8 0   294.9 0    90.0 0   216.4 0 -9999.9 1   -61.3 0 -9999.9 1 -9999.9 1 -9999.9 1 -9999.9 1   294.8 0 -9999.9 1
 1999 182  7  1 15 27 15.450  36.11   562.4 0 -9999.9 1 -9999.9 1   489.7 0   368.2 0   307.5 0   306.2 0   434.6 0   294.6 0   294.8 0   100.9 0   259.7 0 -9999.9 1   -66.4 0 -9999.9 1 -9999.9 1 -9999.9 1 -9999.9 1   292.3 0 -9999.9 1
 1999 182  7  1 15 33 15.550  35.01   461.9 0 -9999.9 1 -9999.9 1   437.4 0   368.6 0   307.7 0   306.2 0   430.6 0   294.7 0   294.9 0    87.3 0   213.1 0 -9999.9 1   -62.0 0 -9999.9 1 -9999.9 1 -9999.9 1 -9999.9 1   286.7 0 -9999.9 1
 1999 182  7  1 15 36 15.600  34.46   501.2 0 -9999.9 1 -9999.9 1   449.7 0   362.6 0   307.7 0   306.5 0   433.6 0   294.6 0   294.8 0    92.8 0   234.7 0 -9999.9 1   -71.1 0 -9999.9 1 -9999.9 1 -9999.9 1 -9999.9 1   281.7 0 -9999.9 1
 1999 182  7  1 15 39 15.650  33.92   485.8 0 -9999.9 1 -9999.9 1   448.7 0   362.2 0   307.6 0   306.2 0   431.1 0   294.4 0   294.6 0    90.3 0   225.7 0 -9999.9 1   -68.9 0 -9999.9 1 -9999.9 1 -9999.9 1 -9999.9 1   284.3 0 -9999.9 1
 1999 182  7  1 15 42 15.700  33.38   415.3 0 -9999.9 1 -9999.9 1   388.6 0   364.5 0   307.6 0   306.1 0   429.1 0   294.3 0   294.5 0    76.7 0   191.7 0 -9999.9 1   -64.6 0 -9999.9 1 -9999.9 1 -9999.9 1 -9999.9 1   288.0 0 -9999.9 1
 1999 182  7  1 15 48 15.800  32.31   345.7 0 -9999.9 1 -9999.9 1   339.8 0   364.2 0   307.3 0   305.5 0   424.0 0   294.0 0   294.1 0    67.2 2   159.5 0 -9999.9 1   -59.8 0 -9999.9 1 -9999.9 1 -9999.9 1 -9999.9 1   277.2 0 -9999.9 1
 1999 182  7  1 15 51 15.850  31.78   355.3 0 -9999.9 1 -9999.9 1   350.9 0   365.3 0   307.3 0   305.6 0   424.2 0   293.9 0   294.0 0    70.3 2   163.1 0 -9999.9 1   -58.9 0 -9999.9 1 -9999.9 1 -9999.9 1 -9999.9 1   270.3 0 -9999.9 1
 1999 182  7  1 15 54 15.900  31.25   438.7 0 -9999.9 1 -9999.9 1   417.3 0   362.8 0   307.3 0   305.6 0   425.0 0   293.9 0   294.1 0    87.7 2   201.8 0 -9999.9 1   -62.2 0 -9999.9 1 -9999.9 1 -9999.9 1 -9999.9 1   271.7 0 -9999.9 1
 1999 182  7  1 15 57 15.950  30.73   534.7 0 -9999.9 1 -9999.9 1   476.8 0   363.1 0   307.4 0   305.7 0   431.1 0   294.1 0   294.3 0   105.2 0   244.0 0 -9999.9 1   -68.0 0 -9999.9 1 -9999.9 1 -9999.9 1 -9999.9 1   287.0 0 -9999.9 1
 1999 182  7  1 16  3 16.050  29.69   711.9 0 -9999.9 1 -9999.9 1   553.2 0   351.3 0   307.7 0   306.4 0   437.2 0   294.3 0   294.6 0   137.6 0   326.3 0 -9999.9 1   -86.0 0 -9999.9 1 -9999.9 1 -9999.9 1 -9999.9 1   287.1 0 -9999.9 1
 1999 182  7  1 16  6 16.100  29.17   735.4 0 -9999.9 1 -9999.9 1   568.9 0   356.3 0   307.9 0   306.7 0   437.6 0   294.5 0   294.8 0   139.8 0   336.5 0 -9999.9 1   -81.3 0 -9999.9 1 -9999.9 1 -9999.9 1 -9999.9 1   293.0 0 -9999.9 1
 1999 182  7  1 16  9 16.150  28.66   583.9 0 -9999.9 1 -9999.9 1   532.1 0   363.1 0   308.2 0   306.9 0   437.4 0   294.6 0   294.9 0   116.1 0   266.5 0 -9999.9 1   -74.3 0 -9999.9 1 -9999.9 1 -9999.9 1 -9999.9 1   289.0 0 -9999.9 1
 1999 182  7  1 16 12 16.200  28.16   515.2 0 -9999.9 1 -9999.9 1   489.2 0   370.6 0   308.3 0   306.8 0   433.3 0   294.7 0   294.9 0   104.3 0   234.9 0 -9999.9 1   -62.7 0 -9999.9 1 -9999.9 1 -9999.9 1 -9999.9 1   288.0 0 -9999.9 1
 1999 182  7  1 16 18 16.300  27.17   388.7 0 -9999.9 1 -9999.9 1   382.0 0   382.6 0   308.3 0   306.5 0   430.4 0   294.6 0   294.7 0    79.5 0   174.8 0 -9999.9 1   -47.8 0 -9999.9 1 -9999.9 1 -9999.9 1 -9999.9 1   286.7 0 -9999.9 1
 1999 182  7  1 16 21 16.350  26.68   430.0 0 -9999.9 1 -9999.9 1   422.1 0   374.5 0   308.3 0   306.4 0   429.3 0   294.6 0   294.7 0    91.5 0   197.6 0 -9999.9 1   -54.8 0 -9999.9 1 -9999.9 1 -9999.9 1 -9999.9 1   286.5 0 -9999.9 1
 1999 182  7  1 16 24 16.400  26.19   459.2 0 -9999.9 1 -9999.9 1   449.5 0   369.8 0   308.3 0   306.7 0   430.9 0   294.6 0   294.7 0    99.5 0   212.5 0 -9999.9 1   -61.1 0 -9999.9 1 -9999.9 1 -9999.9 1 -9999.9 1   282.8 0 -9999.9 1
 1999 182  7  1 16 27 16.450  25.72   459.1 0 -9999.9 1 -9999.9 1   449.5 0   369.9 0   308.3 0   306.8 0   431.2 0   294.5 0   294.6 0   100.5 0   212.6 0 -9999.9 1   -61.3 0 -9999.9 1 -9999.9 1 -9999.9 1 -9999.9 1   276.8 0 -9999.9 1
 1999 182  7  1 16 33 16.550  24.78   428.4 0 -9999.9 1 -9999.9 1   417.7 0   369.7 0   308.2 0   306.8 0   430.0 0   294.3 0   294.4 0    93.1 0   198.9 0 -9999.9 1   -60.3 0 -9999.9 1 -9999.9 1 -9999.9 1 -9999.9 1   278.1 0 -9999.9 1
 1999 182  7  1 16 36 16.600  24.33   387.2 0 -9999.9 1 -9999.9 1   378.8 0   371.4 0   308.2 0   306.7 0   429.2 0   294.3 0   294.4 0    84.5 0   179.2 0 -9999.9 1   -57.8 0 -9999.9 1 -9999.9 1 -9999.9 1 -9999.9 1   289.5 0 -9999.9 1
 1999 182  7  1 16 39 16.650  23.88   338.0 0 -9999.9 1 -9999.9 1   330.7 0   371.6 0   308.2 0   306.4 0   427.7 0   294.2 0   294.3 0    73.6 0   156.6 0 -9999.9 1   -56.1 0 -9999.9 1 -9999.9 1 -9999.9 1 -9999.9 1   279.7 0 -9999.9 1
 1999 182  7  1 16 42 16.700  23.44   327.9 0 -9999.9 1 -9999.9 1   320.3 0   372.4 0   308.1 0   306.2 0   425.6 0   294.2 0   294.3 0    71.3 0   152.3 0 -9999.9 1   -53.1 0 -9999.9 1 -9999.9 1 -9999.9 1 -9999.9 1   268.4 0 -9999.9 1
 1999 182  7  1 16 48 16.800  22.58   311.0 0 -9999.9 1 -9999.9 1   302.9 0   373.3 0   307.8 0   306.0 0   424.9 0   294.1 0   294.1 0    67.4 0   144.1 0 -9999.9 1   -51.6 0 -9999.9 1 -9999.9 1 -9999.9 1 -9999.9 1   275.1 0 -9999.9 1
 1999 182  7  1 16 51 16.850  22.17   331.4 0 -9999.9 1 -9999.9 1   322.5 0   373.2 0   307.7 0   306.0 0   425.6 0   294.0 0   294.0 0    72.9 0   154.0 0 -9999.9 1   -52.4 0 -9999.9 1 -9999.9 1 -9999.9 1 -9999.9 1   277.3 0 -9999.9 1
 1999 182  7  1 16 54 16.900  21.77   327.1 0 -9999.9 1 -9999.9 1   319.3 0   373.4 0   307.7 0   306.3 0   426.5 0   293.9 0   294.0 0    71.6 0   151.2 0 -9999.9 1   -53.1 0 -9999.9 1 -9999.9 1 -9999.9 1 -9999.9 1   287.2 0 -9999.9 1
 1999 182  7  1 16 57 16.950  21.38   299.5 0 -9999.9 1 -9999.9 1   293.9 0   375.6 0   307.7 0   306.0 0   424.4 0   293.9 0   294.0 0    65.0 0   137.6 0 -9999.9 1   -48.9 0 -9999.9 1 -9999.9 1 -9999.9 1 -9999.9 1   292.8 0 -9999.9 1
 1999 182  7  1 17  3 17.050  20.63   426.7 0 -9999.9 1 -9999.9 1   415.0 0   371.6 0   307.7 0   306.3 0   430.4 0   293.9 0   294.1 0    94.4 0   198.2 0 -9999.9 1   -58.8 0 -9999.9 1 -9999.9 1 -9999.9 1 -9999.9 1   280.0 0 -9999.9 1
 1999 182  7  1 17  6 17.100  20.28   495.3 0 -9999.9 1 -9999.9 1   480.1 0   370.3 0   307.9 0   306.6 0   434.2 0   294.1 0   294.3 0   109.7 0   230.9 0 -9999.9 1   -63.9 0 -9999.9 1 -9999.9 1 -9999.9 1 -9999.9 1   278.5 0 -9999.9 1
 1999 182  7  1 17  9 17.150  19.94   550.0 0 -9999.9 1 -9999.9 1   528.5 0   372.6 0   308.0 0   306.7 0   436.3 0   294.2 0   294.5 0   120.0 0   256.3 0 -9999.9 1   -63.7 0 -9999.9 1 -9999.9 1 -9999.9 1 -9999.9 1   295.9 0 -9999.9 1
 1999 182  7  1 17 12 17.200  19.61   539.9 0 -9999.9 1 -9999.9 1   519.4 0   371.8 0   308.1 0   307.1 0   438.4 0   294.3 0   294.6 0   116.9 0   250.1 0 -9999.9 1   -66.5 0 -9999.9 1 -9999.9 1 -9999.9 1 -9999.9 1   288.8 0 -9999.9 1
 1999 182  7  1 17 18 17.300  19.00   522.8 0 -9999.9 1 -9999.9 1   498.1 0   375.3 0   308.5 0   307.4 0   437.5 0   294.7 0   294.9 0   114.6 0   241.1 0 -9999.9 1   -62.3 0 -9999.9 1 -9999.9 1 -9999.9 1 -9999.9 1   282.9 0 -9999.9 1
 1999 182  7  1 17 21 17.350  18.73   599.6 0 -9999.9 1 -9999.9 1   552.8 0   373.4 0   308.7 0   307.8 0   442.6 0   294.9 0   295.2 0   131.0 0   277.0 0 -9999.9 1   -69.1 0 -9999.9 1 -9999.9 1 -9999.9 1 -9999.9 1   283.1 0 -9999.9 1
 1999 182  7  1 17 24 17.400  18.47   674.7 0 -9999.9 1 -9999.9 1   603.0 0 -9999.9 1 -9999.9 1   307.8 0   443.3 0   295.0 0   295.3 0   143.7 0   312.4 0 -9999.9 1 -9999.9 1 -9999.9 1 -9999.9 1 -9999.9 1 -9999.9 1   276.9 0 -9999.9 1
 1999 182  7  1 17 27 17.450  18.22   629.8 0 -9999.9 1 -9999.9 1   566.8 0   369.7 0   309.1 0   308.2 0   443.3 0   295.1 0   295.4 0   137.8 0   291.2 0 -9999.9 1   -73.6 0 -9999.9 1 -9999.9 1 -9999.9 1 -9999.9 1   284.0 0 -9999.9 1
 1999 182  7  1 17 33 17.550  17.80   835.3 0 -9999.9 1 -9999.9 1   588.5 0   359.4 0   309.8 0   309.1 0   451.3 0   295.6 0   296.0 0   180.2 0   385.7 0 -9999.9 1   -91.9 0 -9999.9 1 -9999.9 1 -9999.9 1 -9999.9 1   280.2 0 -9999.9 1
 1999 182  7  1 17 36 17.600  17.61   848.5 0 -9999.9 1 -9999.9 1   608.9 0   360.5 0   310.1 0   309.5 0   451.6 0   295.8 0   296.2 0   180.3 0   388.6 0 -9999.9 1   -91.1 0 -9999.9 1 -9999.9 1 -9999.9 1 -9999.9 1   277.5 0 -9999.9 1
 1999 182  7  1 17 39 17.650  17.45   763.4 0 -9999.9 1 -9999.9 1   600.8 0   363.3 0   310.5 0   309.6 0   449.8 0   296.0 0   296.4 0   163.0 0   349.1 0 -9999.9 1   -86.5 0 -9999.9 1 -9999.9 1 -9999.9 1 -9999.9 1   272.9 0 -9999.9 1
 1999 182  7  1 17 42 17.700  17.31   616.9 0 -9999.9 1 -9999.9 1   560.6 0   370.3 0   310.8 0   309.6 0   444.5 0   296.2 0   296.4 0   135.0 0   283.5 0 -9999.9 1   -74.2 0 -9999.9 1 -9999.9 1 -9999.9 1 -9999.9 1   270.1 0 -9999.9 1
 1999 182  7  1 17 48 17.800  17.10   662.7 0 -9999.9 1 -9999.9 1   571.9 0   363.4 0   311.1 0   309.9 0   445.2 0   296.1 0   296.4 0   142.0 0   304.0 0 -9999.9 1   -81.8 0 -9999.9 1 -9999.9 1 -9999.9 1 -9999.9 1   272.3 0 -9999.9 1
 1999 182  7  1 17 51 17.850  17.02   658.1 0 -9999.9 1 -9999.9 1   572.5 0   360.1 0   311.3 0   310.3 0   447.6 0   296.3 0   296.6 0   142.1 0   302.1 0 -9999.9 1   -87.4 0 -9999.9 1 -9999.9 1 -9999.9 1 -9999.9 1   270.9 0 -9999.9 1
 1999 182  7  1 17 54 17.900  16.97   622.9 0 -9999.9 1 -9999.9 1   554.8 0   355.9 0   311.4 0   310.5 0   446.7 0   296.2 0   296.5 0   135.8 0   286.0 0 -9999.9 1   -90.9 0 -9999.9 1 -9999.9 1 -9999.9 1 -9999.9 1   235.1 0 -9999.9 1
 1999 182  7  1 17 57 17.950  16.95   646.8 0 -9999.9 1 -9999.9 1   551.9 0   360.0 0   311.8 0   310.6 0   447.8 0   296.4 0   296.7 0   139.5 0   297.5 0 -9999.9 1   -87.8 0 -9999.9 1 -9999.9 1 -9999.9 1 -9999.9 1   256.6 0 -9999.9 1
 1999 182  7  1 18  3 18.050  16.97   600.1 0 -9999.9 1 -9999.9 1   536.9 0   368.4 0   312.2 0   311.0 0   445.1 0   296.7 0   297.0 0   132.8 0   275.0 0 -9999.9 1   -76.8 0 -9999.9 1 -9999.9 1 -9999.9 1 -9999.9 1   297.7 0 -9999.9 1
 1999 182  7  1 18  6 18.100  17.01   581.5 0 -9999.9 1 -9999.9 1   528.5 0   370.9 0   312.3 0   311.2 0   445.4 0   296.6 0   296.9 0   129.3 0   264.2 0 -9999.9 1   -74.4 0 -9999.9 1 -9999.9 1 -9999.9 1 -9999.9 1   304.0 0 -9999.9 1
 1999 182  7  1 18  9 18.150  17.08   558.3 0 -9999.9 1 -9999.9 1   511.1 0   372.3 0   312.5 0   311.2 0   442.7 0   296.6 0   296.8 0   122.5 0   253.0 0 -9999.9 1   -70.4 0 -9999.9 1 -9999.9 1 -9999.9 1 -9999.9 1   240.6 0 -9999.9 1
 1999 182  7  1 18 12 18.200  17.17   605.2 0 -9999.9 1 -9999.9 1   556.0 0   366.9 0   312.4 0   311.0 0   442.5 0   296.4 0   296.6 0   132.9 2   277.1 0 -9999.9 1   -75.6 0 -9999.9 1 -9999.9 1 -9999.9 1 -9999.9 1   265.1 0 -9999.9 1
 1999 182  7  1 18 18 18.300  17.42   510.2 0 -9999.9 1 -9999.9 1   472.4 0   380.4 0   312.4 0   310.7 0   438.5 0   296.2 0   296.4 0   108.3 2   231.7 0 -9999.9 1   -58.1 0 -9999.9 1 -9999.9 1 -9999.9 1 -9999.9 1   291.4 0 -9999.9 1
 1999 182  7  1 18 21 18.350  17.58   520.0 0 -9999.9 1 -9999.9 1   486.0 0   375.6 0   312.4 0   311.1 0   441.7 0   296.2 0   296.4 0   112.9 2   236.9 0 -9999.9 1   -66.1 0 -9999.9 1 -9999.9 1 -9999.9 1 -9999.9 1   281.9 0 -9999.9 1
 1999 182  7  1 18 24 18.400  17.76   536.5 0 -9999.9 1 -9999.9 1   510.1 0   372.7 0   312.5 0   311.3 0   442.9 0   296.3 0   296.6 0   118.3 0   245.9 0 -9999.9 1   -70.3 0 -9999.9 1 -9999.9 1 -9999.9 1 -9999.9 1   300.6 0 -9999.9 1
 1999 182  7  1 18 27 18.450  17.96   524.7 0 -9999.9 1 -9999.9 1   494.4 0   374.6 0   312.5 0   310.8 0   440.3 0   296.3 0   296.5 0   116.6 2   239.9 0 -9999.9 1   -65.8 0 -9999.9 1 -9999.9 1 -9999.9 1 -9999.9 1   281.4 0 -9999.9 1
 1999 182  7  1 18 33 18.550  18.42   543.6 0 -9999.9 1 -9999.9 1   507.6 0   374.1 0   312.6 0   311.3 0   443.3 0   296.4 0   296.6 0   118.3 0   248.5 0 -9999.9 1   -69.2 0 -9999.9 1 -9999.9 1 -9999.9 1 -9999.9 1   289.8 0 -9999.9 1
 1999 182  7  1 18 36 18.600  18.68   563.8 0 -9999.9 1 -9999.9 1   533.9 0   371.3 0   312.7 0   311.3 0   443.9 0   296.4 0   296.6 0   123.1 0   258.4 0 -9999.9 1   -72.6 0 -9999.9 1 -9999.9 1 -9999.9 1 -9999.9 1   285.3 0 -9999.9 1
 1999 182  7  1 18 39 18.650  18.95   609.1 0 -9999.9 1 -9999.9 1   554.7 0   367.0 0   312.7 0   311.3 0   444.1 0   296.4 0   296.6 0   131.7 2   280.0 0 -9999.9 1   -77.1 0 -9999.9 1 -9999.9 1 -9999.9 1 -9999.9 1   273.2 0 -9999.9 1
 1999 182  7  1 18 42 18.700  19.25   586.5 0 -9999.9 1 -9999.9 1   548.2 0   365.5 0   312.7 0   311.3 0   444.5 0   296.5 0   296.7 0   128.3 2   269.2 0 -9999.9 1   -79.0 0 -9999.9 1 -9999.9 1 -9999.9 1 -9999.9 1   268.9 0 -9999.9 1
 1999 182  7  1 18 48 18.800  19.88   683.0 0 -9999.9 1 -9999.9 1   596.1 0   368.0 0   312.9 0   312.0 0   451.0 0   296.7 0   297.0 0   142.1 0   312.6 0 -9999.9 1   -83.0 0 -9999.9 1 -9999.9 1 -9999.9 1 -9999.9 1   278.7 0 -9999.9 1
 1999 182  7  1 18 51 18.850  20.22   589.0 0 -9999.9 1 -9999.9 1   549.5 0   370.9 0   313.2 0   311.9 0   446.6 0   296.9 0   297.2 0   129.8 0   269.5 0 -9999.9 1   -75.7 0 -9999.9 1 -9999.9 1 -9999.9 1 -9999.9 1   307.8 0 -9999.9 1
 1999 182  7  1 18 54 18.900  20.57   499.0 0 -9999.9 1 -9999.9 1   480.0 0   377.1 0   313.4 0   312.1 0   444.0 0   297.0 0   297.2 0   110.4 0   228.0 0 -9999.9 1   -66.9 0 -9999.9 1 -9999.9 1 -9999.9 1 -9999.9 1   303.2 0 -9999.9 1
 1999 182  7  1 18 57 18.950  20.93   538.5 0 -9999.9 1 -9999.9 1   507.4 0   379.6 0   313.6 0   312.5 0   445.9 0   297.2 0   297.4 0   115.8 0   245.4 0 -9999.9 1   -66.3 0 -9999.9 1 -9999.9 1 -9999.9 1 -9999.9 1   277.7 0 -9999.9 1
 1999 182  7  1 19  3 19.050  21.70   435.2 0 -9999.9 1 -9999.9 1   419.6 0   393.6 0   313.6 0   311.9 0   441.8 0   297.1 0   297.2 0    88.6 0   194.9 0 -9999.9 1   -48.2 0 -9999.9 1 -9999.9 1 -9999.9 1 -9999.9 1   278.4 0 -9999.9 1
 1999 182  7  1 19  6 19.100  22.10   540.5 0 -9999.9 1 -9999.9 1   515.8 0   388.2 0   313.6 0   312.2 0   445.4 0   297.0 0   297.2 0   111.0 0   244.7 0 -9999.9 1   -57.3 0 -9999.9 1 -9999.9 1 -9999.9 1 -9999.9 1   273.8 0 -9999.9 1
 1999 182  7  1 19  9 19.150  22.51   545.4 0 -9999.9 1 -9999.9 1   515.1 0   387.2 0   313.5 0   312.0 0   444.8 0   297.0 0   297.2 0   116.6 0   247.5 0 -9999.9 1   -57.6 0 -9999.9 1 -9999.9 1 -9999.9 1 -9999.9 1   264.9 0 -9999.9 1
 1999 182  7  1 19 12 19.200  22.93   487.6 0 -9999.9 1 -9999.9 1   465.9 0   387.4 0   313.5 0   312.0 0   443.8 0   297.0 0   297.1 0   104.6 0   221.9 0 -9999.9 1   -56.5 0 -9999.9 1 -9999.9 1 -9999.9 1 -9999.9 1   273.7 0 -9999.9 1
 1999 182  7  1 19 18 19.300  23.80   379.9 0 -9999.9 1 -9999.9 1   365.6 0   391.9 0   313.5 0   311.8 0   439.1 0   296.9 0   297.0 0    81.2 0   172.7 0 -9999.9 1   -47.2 0 -9999.9 1 -9999.9 1 -9999.9 1 -9999.9 1   273.5 0 -9999.9 1
 1999 182  7  1 19 21 19.350  24.25   324.9 0 -9999.9 1 -9999.9 1   312.0 0   389.8 0   313.3 0   311.6 0   436.6 0   296.7 0   296.8 0    69.3 0   147.4 0 -9999.9 1   -46.8 0 -9999.9 1 -9999.9 1 -9999.9 1 -9999.9 1   274.1 0 -9999.9 1
 1999 182  7  1 19 24 19.400  24.70   258.3 0 -9999.9 1 -9999.9 1   248.1 0   390.9 0   313.1 0   311.0 0   432.7 0   296.6 0   296.5 0    54.2 0   117.7 0 -9999.9 1   -41.8 0 -9999.9 1 -9999.9 1 -9999.9 1 -9999.9 1   269.4 0 -9999.9 1
 1999 182  7  1 19 27 19.450  25.16   212.3 0 -9999.9 1 -9999.9 1   203.2 0   391.5 0   312.8 0   310.7 0   429.5 0   296.4 0   296.3 0    44.1 0    95.8 0 -9999.9 1   -38.0 0 -9999.9 1 -9999.9 1 -9999.9 1 -9999.9 1   270.8 0 -9999.9 1
 1999 182  7  1 19 33 19.550  26.11   209.5 0 -9999.9 1 -9999.9 1   200.2 0   388.0 0   312.5 0   310.6 0   429.7 0   296.1 0   296.1 0    43.6 0    96.0 0 -9999.9 1   -41.7 0 -9999.9 1 -9999.9 1 -9999.9 1 -9999.9 1   288.7 0 -9999.9 1
 1999 182  7  1 19 36 19.600  26.59   197.7 0 -9999.9 1 -9999.9 1   188.7 0   386.4 0   312.3 0   310.5 0   429.6 0   296.0 0   296.0 0    40.4 0    91.0 0 -9999.9 1   -43.2 0 -9999.9 1 -9999.9 1 -9999.9 1 -9999.9 1   277.4 0 -9999.9 1
 1999 182  7  1 19 39 19.650  27.08   255.9 0 -9999.9 1 -9999.9 1   244.8 0   385.5 0   312.2 0   310.5 0   432.5 0   295.9 0   296.0 0    52.3 0   120.6 0 -9999.9 1   -47.0 0 -9999.9 1 -9999.9 1 -9999.9 1 -9999.9 1   272.5 0 -9999.9 1
 1999 182  7  1 19 42 19.700  27.57   299.7 0 -9999.9 1 -9999.9 1   289.2 0   386.3 0   312.0 0   310.1 0   434.1 0   295.9 0   295.9 0    63.1 0   141.8 0 -9999.9 1   -47.8 0 -9999.9 1 -9999.9 1 -9999.9 1 -9999.9 1   267.7 0 -9999.9 1
 1999 182  7  1 19 48 19.800  28.58   274.2 0 -9999.9 1 -9999.9 1   265.4 0   382.8 0   311.7 0   310.3 0   435.2 0   295.8 0   295.9 0    56.8 0   129.7 0 -9999.9 1   -52.4 0 -9999.9 1 -9999.9 1 -9999.9 1 -9999.9 1   269.5 0 -9999.9 1
 1999 182  7  1 19 51 19.850  29.09   264.3 0 -9999.9 1 -9999.9 1   254.8 0   384.1 0   311.8 0   310.2 0   436.1 0   295.9 0   296.0 0    54.6 0   125.2 0 -9999.9 1   -52.0 0 -9999.9 1 -9999.9 1 -9999.9 1 -9999.9 1   257.0 0 -9999.9 1
 1999 182  7  1 19 54 19.900  29.60   315.2 0 -9999.9 1 -9999.9 1   304.7 0   385.7 0   311.6 0   309.8 0   434.4 0   295.8 0   295.9 0    63.8 0   150.1 0 -9999.9 1   -48.8 0 -9999.9 1 -9999.9 1 -9999.9 1 -9999.9 1   265.5 0 -9999.9 1
 1999 182  7  1 19 57 19.950  30.11   377.8 0 -9999.9 1 -9999.9 1   366.5 0   385.8 0   311.5 0   310.0 0   438.9 0   295.9 0   296.0 0    75.2 0   178.7 0 -9999.9 1   -53.0 0 -9999.9 1 -9999.9 1 -9999.9 1 -9999.9 1   260.4 0 -9999.9 1
 1999 182  7  1 20  3 20.050  31.16   225.9 0 -9999.9 1 -9999.9 1   219.2 0   390.8 0   311.7 0   310.1 0   434.9 0   296.1 0   296.2 0    43.1 0   102.0 0 -9999.9 1   -44.1 0 -9999.9 1 -9999.9 1 -9999.9 1 -9999.9 1   259.3 0 -9999.9 1
 1999 182  7  1 20  6 20.100  31.69   263.6 0 -9999.9 1 -9999.9 1   255.6 0   388.2 0   311.6 0   310.2 0   434.8 0   296.1 0   296.1 0    50.3 0   120.4 0 -9999.9 1   -46.7 0 -9999.9 1 -9999.9 1 -9999.9 1 -9999.9 1   264.9 0 -9999.9 1
 1999 182  7  1 20  9 20.150  32.22   319.4 0 -9999.9 1 -9999.9 1   309.6 0   384.2 0   311.6 0   310.2 0   437.8 0   296.0 0   296.1 0    62.0 0   145.9 0 -9999.9 1   -53.6 0 -9999.9 1 -9999.9 1 -9999.9 1 -9999.9 1   255.2 0 -9999.9 1
 1999 182  7  1 20 12 20.200  32.75   391.4 0 -9999.9 1 -9999.9 1   372.3 0   384.6 0   311.7 0   310.4 0   441.0 0   296.1 0   296.3 0    74.5 0   179.9 0 -9999.9 1   -56.4 0 -9999.9 1 -9999.9 1 -9999.9 1 -9999.9 1   270.9 0 -9999.9 1
 1999 182  7  1 20 18 20.300  33.83   456.6 0 -9999.9 1 -9999.9 1   429.0 0   382.9 0   312.0 0   310.8 0   445.3 0   296.4 0   296.6 0    88.7 0   209.8 0 -9999.9 1   -62.4 0 -9999.9 1 -9999.9 1 -9999.9 1 -9999.9 1   281.4 0 -9999.9 1
 1999 182  7  1 20 21 20.350  34.37   435.5 0 -9999.9 1 -9999.9 1   416.9 0   383.0 0   312.1 0   310.6 0   443.1 0   296.5 0   296.6 0    83.9 0   200.5 0 -9999.9 1   -60.0 0 -9999.9 1 -9999.9 1 -9999.9 1 -9999.9 1   268.8 0 -9999.9 1
 1999 182  7  1 20 24 20.400  34.92   538.3 0 -9999.9 1 -9999.9 1   477.7 0   381.0 0   312.1 0   310.7 0   445.2 0   296.4 0   296.7 0    97.1 0   248.0 0 -9999.9 1   -64.2 0 -9999.9 1 -9999.9 1 -9999.9 1 -9999.9 1   273.3 0 -9999.9 1
 1999 182  7  1 20 27 20.450  35.46   572.8 0 -9999.9 1 -9999.9 1   510.4 0   375.7 0   312.1 0   310.8 0   445.6 0   296.5 0   296.7 0   103.1 0   265.4 0 -9999.9 1   -69.9 0 -9999.9 1 -9999.9 1 -9999.9 1 -9999.9 1   270.4 0 -9999.9 1
 1999 182  7  1 20 33 20.550  36.56   585.1 0 -9999.9 1 -9999.9 1   500.3 0   370.3 0   312.3 0   310.8 0   444.3 0   296.6 0   296.9 0   104.0 0   273.5 0 -9999.9 1   -74.0 0 -9999.9 1 -9999.9 1 -9999.9 1 -9999.9 1   263.7 0 -9999.9 1
 1999 182  7  1 20 36 20.600  37.12   609.0 0 -9999.9 1 -9999.9 1   488.9 0   363.5 0   312.3 0   311.0 0   446.2 0   296.6 0   296.9 0   106.7 2   282.8 0 -9999.9 1   -82.7 0 -9999.9 1 -9999.9 1 -9999.9 1 -9999.9 1   268.5 0 -9999.9 1
 1999 182  7  1 20 39 20.650  37.67   486.0 0 -9999.9 1 -9999.9 1   439.2 0   362.0 0   312.3 0   310.9 0   444.4 0   296.6 0   296.9 0    91.7 2   226.2 0 -9999.9 1   -82.4 0 -9999.9 1 -9999.9 1 -9999.9 1 -9999.9 1   278.7 0 -9999.9 1
 1999 182  7  1 20 42 20.700  38.23   506.7 0 -9999.9 1 -9999.9 1   440.3 0   365.6 0   312.5 0   310.7 0   442.3 0   296.8 0   297.0 0    93.4 0   237.5 0 -9999.9 1   -76.8 0 -9999.9 1 -9999.9 1 -9999.9 1 -9999.9 1   304.6 0 -9999.9 1
 1999 182  7  1 20 48 20.800  39.35   527.2 0 -9999.9 1 -9999.9 1   438.0 0   359.6 0   312.6 0   311.0 0   444.3 0   297.0 0   297.2 0    93.9 0   245.9 0 -9999.9 1   -84.7 0 -9999.9 1 -9999.9 1 -9999.9 1 -9999.9 1   295.5 0 -9999.9 1
 1999 182  7  1 20 51 20.850  39.91   561.3 0 -9999.9 1 -9999.9 1   440.6 0   360.8 0   312.7 0   311.0 0   443.2 0   297.0 0   297.2 0    94.9 0   261.6 0 -9999.9 1   -82.3 0 -9999.9 1 -9999.9 1 -9999.9 1 -9999.9 1   289.1 0 -9999.9 1
 1999 182  7  1 20 54 20.900  40.47   538.7 0 -9999.9 1 -9999.9 1   440.1 0   360.5 0   312.7 0   311.2 0   445.5 0   297.1 0   297.3 0    91.6 0   251.8 0 -9999.9 1   -85.0 0 -9999.9 1 -9999.9 1 -9999.9 1 -9999.9 1   283.2 0 -9999.9 1
 1999 182  7  1 20 57 20.950  41.03   632.7 0 -9999.9 1 -9999.9 1   466.9 0   357.4 0   312.7 0   311.4 0   448.8 0   297.1 0   297.4 0   101.4 0   293.4 0 -9999.9 1   -91.5 0 -9999.9 1 -9999.9 1 -9999.9 1 -9999.9 1   286.9 0 -9999.9 1
 1999 182  7  1 21  3 21.050  42.16   596.8 0 -9999.9 1 -9999.9 1   484.3 0   364.6 0   312.9 0   311.4 0   448.1 0   297.3 0   297.6 0    96.9 0   276.5 0 -9999.9 1   -83.5 0 -9999.9 1 -9999.9 1 -9999.9 1 -9999.9 1   282.5 0 -9999.9 1
 1999 182  7  1 21  6 21.100  42.73   482.5 0 -9999.9 1 -9999.9 1   412.0 0   370.2 0   312.9 0   311.2 0   444.5 0   297.4 0   297.5 0    80.2 0   223.5 0 -9999.9 1   -74.3 0 -9999.9 1 -9999.9 1 -9999.9 1 -9999.9 1   294.6 0 -9999.9 1
 1999 182  7  1 21  9 21.150  43.30   411.0 0 -9999.9 1 -9999.9 1   368.6 0   370.2 0   312.8 0   310.9 0   439.4 0   297.3 0   297.4 0    71.3 0   191.3 0 -9999.9 1   -69.1 0 -9999.9 1 -9999.9 1 -9999.9 1 -9999.9 1   292.5 0 -9999.9 1
 1999 182  7  1 21 12 21.200  43.86   424.5 0 -9999.9 1 -9999.9 1   374.6 0   366.6 0   312.7 0   311.0 0   440.5 0   297.2 0   297.3 0    71.0 0   198.6 0 -9999.9 1   -73.9 0 -9999.9 1 -9999.9 1 -9999.9 1 -9999.9 1   292.9 0 -9999.9 1
 1999 182  7  1 21 18 21.300  45.00   559.6 0 -9999.9 1 -9999.9 1   409.6 0   362.8 0   312.9 0   311.4 0   446.4 0   297.3 0   297.6 0    85.2 0   260.1 0 -9999.9 1   -83.6 0 -9999.9 1 -9999.9 1 -9999.9 1 -9999.9 1   318.8 0 -9999.9 1
 1999 182  7  1 21 21 21.350  45.57   445.7 0 -9999.9 1 -9999.9 1   370.0 0   361.7 0   313.1 0   311.3 0   442.0 0   297.3 0   297.5 0    71.5 0   210.2 0 -9999.9 1   -80.3 0 -9999.9 1 -9999.9 1 -9999.9 1 -9999.9 1   306.6 0 -9999.9 1
 1999 182  7  1 21 24 21.400  46.14   608.2 0 -9999.9 1 -9999.9 1   417.1 0   362.0 0   313.2 0   311.7 0   449.5 0   297.4 0   297.6 0    84.1 0   281.6 0 -9999.9 1   -87.5 0 -9999.9 1 -9999.9 1 -9999.9 1 -9999.9 1   305.5 0 -9999.9 1
 1999 182  7  1 21 27 21.450  46.71   523.3 0 -9999.9 1 -9999.9 1   400.6 0   363.8 0   313.2 0   311.6 0   446.6 0   297.4 0   297.6 0    77.1 0   243.0 0 -9999.9 1   -82.8 0 -9999.9 1 -9999.9 1 -9999.9 1 -9999.9 1   296.5 0 -9999.9 1
 1999 182  7  1 21 33 21.550  47.86   398.2 0 -9999.9 1 -9999.9 1   345.0 0   365.8 0   313.2 0   311.4 0   439.4 0   297.3 0   297.5 0    60.4 0   186.5 0 -9999.9 1   -73.7 0 -9999.9 1 -9999.9 1 -9999.9 1 -9999.9 1   300.9 0 -9999.9 1
 1999 182  7  1 21 36 21.600  48.43   524.2 0 -9999.9 1 -9999.9 1   410.1 0   368.4 0   313.2 0   311.7 0   444.4 0   297.3 0   297.5 0    70.3 0   246.2 0 -9999.9 1   -76.0 0 -9999.9 1 -9999.9 1 -9999.9 1 -9999.9 1   300.7 0 -9999.9 1
 1999 182  7  1 21 39 21.650  49.00   621.3 0 -9999.9 1 -9999.9 1   479.6 0   367.1 0   313.4 0   312.3 0   450.9 0   297.5 0   297.8 0    81.3 0   293.1 0 -9999.9 1   -83.8 0 -9999.9 1 -9999.9 1 -9999.9 1 -9999.9 1   295.0 0 -9999.9 1
 1999 182  7  1 21 42 21.700  49.58   535.5 0 -9999.9 1 -9999.9 1   393.1 0   366.9 0   313.6 0   312.5 0   450.9 0   297.7 0   298.0 0    77.5 0   251.1 0 -9999.9 1   -84.0 0 -9999.9 1 -9999.9 1 -9999.9 1 -9999.9 1   308.2 0 -9999.9 1
 1999 182  7  1 21 48 21.800  50.72   690.5 0 -9999.9 1 -9999.9 1   370.9 0   366.6 0   313.7 0   312.8 0   453.0 0   297.7 0   298.0 0    80.0 0   323.3 0 -9999.9 1   -86.4 0 -9999.9 1 -9999.9 1 -9999.9 1 -9999.9 1   303.2 0 -9999.9 1
 1999 182  7  1 21 51 21.850  51.30   644.4 0 -9999.9 1 -9999.9 1   307.1 0   359.3 0   314.1 0   313.1 0   453.7 0   297.9 0   298.3 0    77.9 0   302.3 0 -9999.9 1   -94.3 0 -9999.9 1 -9999.9 1 -9999.9 1 -9999.9 1   308.8 0 -9999.9 1
 1999 182  7  1 21 54 21.900  51.87   644.2 0 -9999.9 1 -9999.9 1   314.3 0   357.6 0   314.4 0   313.3 0   455.2 0   298.1 0   298.4 0    77.1 0   305.0 0 -9999.9 1   -97.6 0 -9999.9 1 -9999.9 1 -9999.9 1 -9999.9 1   293.7 0 -9999.9 1
 1999 182  7  1 21 57 21.950  52.44   460.5 0 -9999.9 1 -9999.9 1   266.7 0   357.1 0   314.5 0   313.2 0   448.9 0   298.2 0   298.4 0    63.6 0   219.7 0 -9999.9 1   -91.9 0 -9999.9 1 -9999.9 1 -9999.9 1 -9999.9 1   296.6 0 -9999.9 1
 1999 182  7  1 22  3 22.050  53.59   374.3 0 -9999.9 1 -9999.9 1   267.4 0   365.3 0   314.6 0   313.1 0   443.0 0   298.2 0   298.4 0    49.8 0   176.1 0 -9999.9 1   -77.7 0 -9999.9 1 -9999.9 1 -9999.9 1 -9999.9 1   263.1 0 -9999.9 1
 1999 182  7  1 22  6 22.100  54.17   456.6 0 -9999.9 1 -9999.9 1   267.8 0   359.6 0   314.6 0   313.8 0   446.2 0   298.2 0   298.3 0    52.3 0   214.7 0 -9999.9 1   -86.6 0 -9999.9 1 -9999.9 1 -9999.9 1 -9999.9 1   271.4 0 -9999.9 1
 1999 182  7  1 22  9 22.150  54.74   564.4 0 -9999.9 1 -9999.9 1   328.8 0   371.5 0   314.9 0   313.7 0   452.9 0   298.4 0   298.7 0    56.5 0   259.9 0 -9999.9 1   -81.4 0 -9999.9 1 -9999.9 1 -9999.9 1 -9999.9 1   281.8 0 -9999.9 1
 1999 182  7  1 22 12 22.200  55.31   307.4 0 -9999.9 1 -9999.9 1   296.4 0   387.4 0   315.0 0   313.3 0   443.6 0   298.5 0   298.6 0    41.5 0   141.8 0 -9999.9 1   -56.2 0 -9999.9 1 -9999.9 1 -9999.9 1 -9999.9 1   276.5 0 -9999.9 1
 1999 182  7  1 22 18 22.300  56.46   210.9 0 -9999.9 1 -9999.9 1   202.3 0   393.6 0   314.9 0   313.2 0   438.3 0   298.5 0   298.4 0    29.2 0    95.7 0 -9999.9 1   -44.7 0 -9999.9 1 -9999.9 1 -9999.9 1 -9999.9 1   274.3 0 -9999.9 1
 1999 182  7  1 22 21 22.350  57.03   199.1 0 -9999.9 1 -9999.9 1   189.7 0   391.3 0   314.8 0   313.2 0   437.4 0   298.2 0   298.2 0    27.5 0    90.9 0 -9999.9 1   -46.1 0 -9999.9 1 -9999.9 1 -9999.9 1 -9999.9 1   282.2 0 -9999.9 1
 1999 182  7  1 22 24 22.400  57.60   220.1 0 -9999.9 1 -9999.9 1   209.8 0   386.7 0   314.7 0   313.4 0   439.2 0   298.2 0   298.2 0    31.8 0   101.5 0 -9999.9 1   -52.5 0 -9999.9 1 -9999.9 1 -9999.9 1 -9999.9 1   315.4 0 -9999.9 1
 1999 182  7  1 22 27 22.450  58.17   238.2 0 -9999.9 1 -9999.9 1   228.0 0   387.4 0   314.7 0   313.1 0   439.2 0   298.1 0   298.0 0    34.0 0   110.2 0 -9999.9 1   -51.8 0 -9999.9 1 -9999.9 1 -9999.9 1 -9999.9 1   329.6 0 -9999.9 1
 1999 182  7  1 22 33 22.550  59.32   181.6 0 -9999.9 1 -9999.9 1   173.4 0   386.0 0   314.4 0   312.7 0   435.0 0   297.5 0   297.5 0    27.3 0    83.8 0 -9999.9 1   -49.0 0 -9999.9 1 -9999.9 1 -9999.9 1 -9999.9 1   314.5 0 -9999.9 1
 1999 182  7  1 22 36 22.600  59.89   158.6 0 -9999.9 1 -9999.9 1   150.8 0   386.3 0   314.1 0   312.1 0   432.0 0   297.1 0   297.1 0    23.3 2    72.5 0 -9999.9 1   -45.7 0 -9999.9 1 -9999.9 1 -9999.9 1 -9999.9 1   299.3 0 -9999.9 1
 1999 182  7  1 22 39 22.650  60.46   143.2 0 -9999.9 1 -9999.9 1   135.5 0   389.9 0   314.0 0   312.1 0   431.8 0   297.1 0   297.0 0    19.6 0    65.6 0 -9999.9 1   -41.9 0 -9999.9 1 -9999.9 1 -9999.9 1 -9999.9 1   296.2 0 -9999.9 1
 1999 182  7  1 22 42 22.700  61.03   111.1 0 -9999.9 1 -9999.9 1   104.9 0   390.4 0   313.8 0   311.9 0   430.5 0   297.0 0   296.9 0    14.9 0    50.3 0 -9999.9 1   -40.1 0 -9999.9 1 -9999.9 1 -9999.9 1 -9999.9 1   298.3 0 -9999.9 1
 1999 182  7  1 22 48 22.800  62.16    91.8 0 -9999.9 1 -9999.9 1    85.2 0   387.7 0   313.4 0   311.8 0   429.7 0   296.7 0   296.6 0    11.3 0    41.7 0 -9999.9 1   -42.0 0 -9999.9 1 -9999.9 1 -9999.9 1 -9999.9 1   283.2 0 -9999.9 1
 1999 182  7  1 22 51 22.850  62.73    99.6 0 -9999.9 1 -9999.9 1    92.7 0   387.6 0   313.3 0   311.9 0   430.9 0   296.6 0   296.6 0    11.2 0    45.4 0 -9999.9 1   -43.4 0 -9999.9 1 -9999.9 1 -9999.9 1 -9999.9 1   288.3 0 -9999.9 1
 1999 182  7  1 22 54 22.900  63.30   138.0 0 -9999.9 1 -9999.9 1   131.2 0   385.0 0   313.2 0   312.0 0   433.8 0   296.5 0   296.5 0    14.6 0    63.7 0 -9999.9 1   -48.8 0 -9999.9 1 -9999.9 1 -9999.9 1 -9999.9 1   299.7 0 -9999.9 1
 1999 182  7  1 22 57 22.950  63.87   140.9 0 -9999.9 1 -9999.9 1   134.2 0   384.2 0   313.1 0   311.8 0   434.3 0   296.5 0   296.4 0    16.4 0    64.5 0 -9999.9 1   -50.1 0 -9999.9 1 -9999.9 1 -9999.9 1 -9999.9 1   290.6 0 -9999.9 1
 1999 182  7  1 23  3 23.050  65.00   115.3 0 -9999.9 1 -9999.9 1   108.9 0   381.8 0   313.0 0   311.8 0   431.5 0   296.2 0   296.2 0    14.2 2    53.5 0 -9999.9 1   -49.7 0 -9999.9 1 -9999.9 1 -9999.9 1 -9999.9 1   277.4 0 -9999.9 1
 1999 182  7  1 23  6 23.100  65.56   123.3 0 -9999.9 1 -9999.9 1   117.0 0   380.5 0   312.9 0   311.7 0   432.0 0   296.2 0   296.2 0    14.4 2    57.0 0 -9999.9 1   -51.5 0 -9999.9 1 -9999.9 1 -9999.9 1 -9999.9 1   271.8 0 -9999.9 1
 1999 182  7  1 23  9 23.150  66.12    90.4 0 -9999.9 1 -9999.9 1    84.3 0   381.3 0   312.9 0   311.5 0   430.5 0   296.1 0   296.1 0    12.3 2    41.8 0 -9999.9 1   -49.2 0 -9999.9 1 -9999.9 1 -9999.9 1 -9999.9 1   267.3 0 -9999.9 1
 1999 182  7  1 23 12 23.200  66.69    81.5 0 -9999.9 1 -9999.9 1    75.2 0   382.2 0   312.8 0   311.4 0   428.6 0   296.1 0   296.0 0    10.9 2    37.9 0 -9999.9 1   -46.4 0 -9999.9 1 -9999.9 1 -9999.9 1 -9999.9 1   255.8 0 -9999.9 1
 1999 182  7  1 23 18 23.300  67.81    68.3 0 -9999.9 1 -9999.9 1    62.3 0   386.8 0   312.7 0   311.2 0   427.5 0   295.9 0   295.9 0     8.5 2    31.2 0 -9999.9 1   -40.7 0 -9999.9 1 -9999.9 1 -9999.9 1 -9999.9 1   261.8 0 -9999.9 1
 1999 182  7  1 23 21 23.350  68.37    65.3 0 -9999.9 1 -9999.9 1    59.6 0   382.9 0   312.6 0   311.3 0   427.5 0   295.9 0   295.8 0     8.2 2    30.1 0 -9999.9 1   -44.6 0 -9999.9 1 -9999.9 1 -9999.9 1 -9999.9 1   250.0 0 -9999.9 1
 1999 182  7  1 23 24 23.400  68.93    54.4 0 -9999.9 1 -9999.9 1    49.3 0   384.4 0   312.6 0   311.3 0   427.2 0   295.8 0   295.7 0     6.9 2    24.9 0 -9999.9 1   -42.8 0 -9999.9 1 -9999.9 1 -9999.9 1 -9999.9 1   245.2 0 -9999.9 1
 1999 182  7  1 23 27 23.450  69.48    51.0 0 -9999.9 1 -9999.9 1    45.7 0   384.7 0   312.7 0   311.4 0   426.9 0   295.8 0   295.7 0     6.8 2    23.3 0 -9999.9 1   -42.2 0 -9999.9 1 -9999.9 1 -9999.9 1 -9999.9 1   260.0 0 -9999.9 1
 1999 182  7  1 23 33 23.550  70.60    62.0 0 -9999.9 1 -9999.9 1    56.5 0   380.3 0   312.7 0   311.9 0   428.3 0   295.7 0   295.7 0     6.9 2    28.3 0 -9999.9 1   -48.0 0 -9999.9 1 -9999.9 1 -9999.9 1 -9999.9 1   262.2 0 -9999.9 1
 1999 182  7  1 23 36 23.600  71.15    72.9 0 -9999.9 1 -9999.9 1    67.1 0   379.3 0   312.7 0   311.8 0   428.4 0   295.6 0   295.6 0     7.4 2    33.3 0 -9999.9 1   -49.0 0 -9999.9 1 -9999.9 1 -9999.9 1 -9999.9 1   261.8 0 -9999.9 1
 1999 182  7  1 23 39 23.650  71.70    76.5 0 -9999.9 1 -9999.9 1    69.7 0   378.0 0   312.7 0   311.9 0   429.0 0   295.5 0   295.5 0     7.5 2    35.0 0 -9999.9 1   -51.1 0 -9999.9 1 -9999.9 1 -9999.9 1 -9999.9 1   262.3 0 -9999.9 1
 1999 182  7  1 23 42 23.700  72.26    78.2 0 -9999.9 1 -9999.9 1    72.2 0   375.3 0   312.8 0   312.0 0   428.8 0   295.5 0   295.5 0     7.2 2    36.0 0 -9999.9 1   -53.5 0 -9999.9 1 -9999.9 1 -9999.9 1 -9999.9 1   262.2 0 -9999.9 1
 1999 182  7  1 23 48 23.800  73.36    84.4 0 -9999.9 1 -9999.9 1    79.5 0   363.9 0   313.2 0   312.6 0   429.4 0   295.8 0   295.8 0     7.9 2    39.4 0 -9999.9 1   -65.5 0 -9999.9 1 -9999.9 1 -9999.9 1 -9999.9 1   261.7 0 -9999.9 1
 1999 182  7  1 23 51 23.850  73.90    81.2 0 -9999.9 1 -9999.9 1    76.8 0   363.3 0   313.3 0   312.7 0   428.7 0   295.8 0   295.8 0     7.6 2    38.1 0 -9999.9 1   -65.5 0 -9999.9 1 -9999.9 1 -9999.9 1 -9999.9 1   264.0 0 -9999.9 1
 1999 182  7  1 23 54 23.900  74.45    75.5 0 -9999.9 1 -9999.9 1    70.2 0   365.7 0   313.5 0   312.8 0   428.6 0   295.8 0   295.8 0     7.0 2    35.5 0 -9999.9 1   -62.9 0 -9999.9 1 -9999.9 1 -9999.9 1 -9999.9 1   265.9 0 -9999.9 1
 1999 182  7  1 23 57 23.950  75.00    76.4 0 -9999.9 1 -9999.9 1    70.2 0   371.1 0   313.6 0   312.7 0   428.8 0   295.8 0   295.8 0     6.5 2    35.7 0 -9999.9 1   -57.7 0 -9999.9 1 -9999.9 1 -9999.9 1 -9999.9 1   267.5 0 -9999.9 1
