 Bondville
   40.05  -88.37  213 m version 1
 1999 188  7  7  0  3  0.050  76.18   181.6 0 -9999.9 1 -9999.9 1    59.8 0   358.9 0   315.6 0   313.5 0   441.1 0   299.2 0   299.3 0    10.0 2    86.8 0 -9999.9 1   -82.2 0 -9999.9 1 -9999.9 1 -9999.9 1 -9999.9 1     6.9 0 -9999.9 1
 1999 188  7  7  0  6  0.100  76.73   169.3 0 -9999.9 1 -9999.9 1    57.3 0   358.7 0   315.7 0   313.5 0   441.0 0   299.2 0   299.2 0     9.3 2    80.7 0 -9999.9 1   -82.2 0 -9999.9 1 -9999.9 1 -9999.9 1 -9999.9 1     6.6 0 -9999.9 1
 1999 188  7  7  0  9  0.150  77.27   141.4 0 -9999.9 1 -9999.9 1    55.2 0   358.9 0   315.9 0   313.7 0   439.5 0   299.3 0   299.3 0     8.6 0    67.0 0 -9999.9 1   -80.5 0 -9999.9 1 -9999.9 1 -9999.9 1 -9999.9 1     8.0 0 -9999.9 1
 1999 188  7  7  0 12  0.200  77.80   142.7 0 -9999.9 1 -9999.9 1    54.6 0   361.4 0   315.9 0   313.6 0   438.7 0   299.3 0   299.3 0     7.9 0    66.9 0 -9999.9 1   -77.4 0 -9999.9 1 -9999.9 1 -9999.9 1 -9999.9 1     6.7 0 -9999.9 1
 1999 188  7  7  0 18  0.300  78.88   138.4 0 -9999.9 1 -9999.9 1    48.6 0   360.1 0   316.0 0   313.5 0   438.0 0   299.1 0   299.1 0     6.7 0    67.2 0 -9999.9 1   -77.8 0 -9999.9 1 -9999.9 1 -9999.9 1 -9999.9 1     8.1 0 -9999.9 1
 1999 188  7  7  0 21  0.350  79.41   130.4 0 -9999.9 1 -9999.9 1    45.2 0   356.8 0   315.9 0   313.6 0   436.8 0   299.0 0   299.0 0     6.1 0    63.5 0 -9999.9 1   -80.0 0 -9999.9 1 -9999.9 1 -9999.9 1 -9999.9 1     8.3 0 -9999.9 1
 1999 188  7  7  0 24  0.400  79.94   118.8 0 -9999.9 1 -9999.9 1    42.6 0   356.4 0   315.9 0   313.4 0   436.2 0   298.9 0   298.9 0     5.6 0    57.9 0 -9999.9 1   -79.8 0 -9999.9 1 -9999.9 1 -9999.9 1 -9999.9 1     8.4 0 -9999.9 1
 1999 188  7  7  0 27  0.450  80.47   111.7 0 -9999.9 1 -9999.9 1    40.3 0   351.9 0   315.7 0   313.2 0   434.4 0   298.7 0   298.7 0     5.1 0    55.0 0 -9999.9 1   -82.5 0 -9999.9 1 -9999.9 1 -9999.9 1 -9999.9 1     7.7 0 -9999.9 1
 1999 188  7  7  0 33  0.550  81.52    96.2 0 -9999.9 1 -9999.9 1    36.6 0   350.7 0   315.6 0   313.1 0   432.4 0   298.4 0   298.4 0     4.2 0    48.0 0 -9999.9 1   -81.7 0 -9999.9 1 -9999.9 1 -9999.9 1 -9999.9 1     5.7 0 -9999.9 1
 1999 188  7  7  0 36  0.600  82.05    89.9 0 -9999.9 1 -9999.9 1    34.6 0   350.7 0   315.5 0   312.9 0   431.9 0   298.4 0   298.4 0     3.8 0    45.4 0 -9999.9 1   -81.2 0 -9999.9 1 -9999.9 1 -9999.9 1 -9999.9 1     6.1 0 -9999.9 1
 1999 188  7  7  0 39  0.650  82.57    81.5 0 -9999.9 1 -9999.9 1    32.5 0   348.1 0   315.4 0   312.9 0   430.9 0   298.3 0   298.3 0     3.5 0    41.6 0 -9999.9 1   -82.8 0 -9999.9 1 -9999.9 1 -9999.9 1 -9999.9 1     7.3 0 -9999.9 1
 1999 188  7  7  0 42  0.700  83.08    73.2 0 -9999.9 1 -9999.9 1    30.0 0   344.8 0   315.4 0   313.1 0   430.0 0   298.2 0   298.2 0     3.1 0    37.3 0 -9999.9 1   -85.2 0 -9999.9 1 -9999.9 1 -9999.9 1 -9999.9 1     6.8 0 -9999.9 1
 1999 188  7  7  0 48  0.800  84.11    58.0 0 -9999.9 1 -9999.9 1    25.9 0   340.0 0   315.2 0   312.8 0   428.2 0   298.0 0   297.9 0     2.4 0    29.5 0 -9999.9 1   -88.1 0 -9999.9 1 -9999.9 1 -9999.9 1 -9999.9 1     5.5 0 -9999.9 1
 1999 188  7  7  0 51  0.850  84.62    51.9 0 -9999.9 1 -9999.9 1    23.8 0   337.7 0   315.1 0   312.8 0   427.6 0   297.9 0   297.8 0     2.1 0    26.1 0 -9999.9 1   -89.9 0 -9999.9 1 -9999.9 1 -9999.9 1 -9999.9 1     7.9 0 -9999.9 1
 1999 188  7  7  0 54  0.900  85.12    45.9 0 -9999.9 1 -9999.9 1    21.5 0   332.8 0   314.9 0   312.7 0   426.1 0   297.7 0   297.6 0     1.8 0    23.1 0 -9999.9 1   -93.3 0 -9999.9 1 -9999.9 1 -9999.9 1 -9999.9 1     5.9 0 -9999.9 1
 1999 188  7  7  0 57  0.950  85.62    39.4 0 -9999.9 1 -9999.9 1    19.8 0   330.5 0   314.8 0   312.6 0   425.2 0   297.5 0   297.5 0     1.6 0    20.0 0 -9999.9 1   -94.7 0 -9999.9 1 -9999.9 1 -9999.9 1 -9999.9 1     6.0 0 -9999.9 1
 1999 188  7  7  1  3  1.050  86.61    24.9 0 -9999.9 1 -9999.9 1    16.7 0   330.1 0   314.5 0   312.2 0   423.0 0   297.2 0   297.2 0     1.2 0    14.9 0 -9999.9 1   -93.0 0 -9999.9 1 -9999.9 1 -9999.9 1 -9999.9 1     6.2 0 -9999.9 1
 1999 188  7  7  1  6  1.100  87.09    17.6 0 -9999.9 1 -9999.9 1    14.7 0   328.7 0   314.4 0   312.1 0   421.5 0   297.1 0   297.1 0     1.0 0    12.8 0 -9999.9 1   -92.8 0 -9999.9 1 -9999.9 1 -9999.9 1 -9999.9 1     5.7 0 -9999.9 1
 1999 188  7  7  1  9  1.150  87.56    13.3 0 -9999.9 1 -9999.9 1    13.0 0   327.1 0   314.3 0   311.9 0   420.2 0   297.0 0   296.9 0     0.8 0    10.7 0 -9999.9 1   -93.1 0 -9999.9 1 -9999.9 1 -9999.9 1 -9999.9 1     7.1 0 -9999.9 1
 1999 188  7  7  1 12  1.200  88.03    11.1 0 -9999.9 1 -9999.9 1    11.0 0   325.8 0   314.1 0   311.6 0   419.2 0   296.8 0   296.8 0     0.7 0     9.0 0 -9999.9 1   -93.4 0 -9999.9 1 -9999.9 1 -9999.9 1 -9999.9 1     6.6 0 -9999.9 1
 1999 188  7  7  1 18  1.300  88.91     7.3 0 -9999.9 1 -9999.9 1     7.7 0   320.1 0   313.5 0   311.0 0   416.0 0   296.4 0   296.3 0     0.5 0     6.0 0 -9999.9 1   -95.9 0 -9999.9 1 -9999.9 1 -9999.9 1 -9999.9 1     8.7 0 -9999.9 1
 1999 188  7  7  1 21  1.350  89.33     5.1 0 -9999.9 1 -9999.9 1     6.3 0   315.9 0   313.0 0   310.4 0   413.6 0   296.0 0   295.9 0     0.4 0     4.8 0 -9999.9 1   -97.7 0 -9999.9 1 -9999.9 1 -9999.9 1 -9999.9 1     9.8 0 -9999.9 1
 1999 188  7  7  1 24  1.400  89.71     3.8 0 -9999.9 1 -9999.9 1     5.3 0   316.3 0   312.8 0   310.1 0   413.1 0   295.9 0   295.7 0     0.3 0     3.8 0 -9999.9 1   -96.8 0 -9999.9 1 -9999.9 1 -9999.9 1 -9999.9 1     6.3 0 -9999.9 1
 1999 188  7  7  1 27  1.450  90.85     2.6 0 -9999.9 1 -9999.9 1     3.3 0   313.7 0   312.4 0   309.8 0   411.6 0   295.7 0   295.5 0     0.0 0     2.9 0 -9999.9 1   -97.9 0 -9999.9 1 -9999.9 1 -9999.9 1 -9999.9 1   357.8 0 -9999.9 1
 1999 188  7  7  1 33  1.550  91.83     0.2 0 -9999.9 1 -9999.9 1     0.7 0   309.1 0   311.7 0   309.3 0   409.1 0   295.1 0   295.0 0     0.0 0     1.5 0 -9999.9 1  -100.0 0 -9999.9 1 -9999.9 1 -9999.9 1 -9999.9 1   356.5 0 -9999.9 1
 1999 188  7  7  1 36  1.600  92.31    -0.7 0 -9999.9 1 -9999.9 1    -0.2 0   305.2 0   311.4 0   309.2 0   407.7 0   295.0 0   294.8 0     0.0 0     1.0 0 -9999.9 1  -102.6 0 -9999.9 1 -9999.9 1 -9999.9 1 -9999.9 1   355.3 0 -9999.9 1
 1999 188  7  7  1 39  1.650  92.79    -1.3 0 -9999.9 1 -9999.9 1    -1.2 0   299.0 0   310.9 0   309.0 0   404.3 0   294.6 0   294.5 0     0.0 0     0.6 0 -9999.9 1  -105.3 0 -9999.9 1 -9999.9 1 -9999.9 1 -9999.9 1   355.6 0 -9999.9 1
 1999 188  7  7  1 42  1.700  93.27    -2.0 0 -9999.9 1 -9999.9 1    -1.8 0   297.4 0   310.5 0   308.3 0   403.1 0   294.3 0   294.2 0     0.0 0     0.3 0 -9999.9 1  -105.7 0 -9999.9 1 -9999.9 1 -9999.9 1 -9999.9 1     2.2 0 -9999.9 1
 1999 188  7  7  1 48  1.800  94.23    -3.2 0 -9999.9 1 -9999.9 1    -2.1 0   298.0 0   309.9 0   307.4 0   403.3 0   293.9 0   293.8 0     0.0 0     0.1 0 -9999.9 1  -105.3 0 -9999.9 1 -9999.9 1 -9999.9 1 -9999.9 1    11.1 0 -9999.9 1
 1999 188  7  7  1 51  1.850  94.70    -3.4 0 -9999.9 1 -9999.9 1    -2.5 0   295.6 0   309.6 0   307.2 0   402.5 0   293.6 0   293.5 0     0.0 0     0.0 0 -9999.9 1  -106.9 0 -9999.9 1 -9999.9 1 -9999.9 1 -9999.9 1    18.3 0 -9999.9 1
 1999 188  7  7  1 54  1.900  95.17    -3.5 0 -9999.9 1 -9999.9 1    -2.5 0   294.6 0   309.3 0   307.0 0   401.5 0   293.5 0   293.3 0     0.0 0     0.0 0 -9999.9 1  -106.9 0 -9999.9 1 -9999.9 1 -9999.9 1 -9999.9 1    14.9 0 -9999.9 1
 1999 188  7  7  1 57  1.950  95.63    -3.6 0 -9999.9 1 -9999.9 1    -2.7 0   294.3 0   309.1 0   306.8 0   401.7 0   293.3 0   293.2 0     0.0 0    -0.2 0 -9999.9 1  -107.4 0 -9999.9 1 -9999.9 1 -9999.9 1 -9999.9 1     8.8 0 -9999.9 1
 1999 188  7  7  2  3  2.050  96.56    -3.9 0 -9999.9 1 -9999.9 1    -2.6 0   293.9 0   308.6 0   306.3 0   401.4 0   293.0 0   292.9 0     0.0 0    -0.2 0 -9999.9 1  -107.6 0 -9999.9 1 -9999.9 1 -9999.9 1 -9999.9 1    16.7 0 -9999.9 1
 1999 188  7  7  2  6  2.100  97.01    -3.9 0 -9999.9 1 -9999.9 1    -2.3 0   291.8 0   308.4 0   306.2 0   401.3 0   292.9 0   292.8 0     0.0 0     0.0 0 -9999.9 1  -109.5 0 -9999.9 1 -9999.9 1 -9999.9 1 -9999.9 1    14.7 0 -9999.9 1
 1999 188  7  7  2  9  2.150  97.47    -4.0 0 -9999.9 1 -9999.9 1    -2.2 0   291.3 0   308.1 0   305.8 0   400.7 0   292.7 0   292.6 0     0.0 0    -0.2 0 -9999.9 1  -109.4 0 -9999.9 1 -9999.9 1 -9999.9 1 -9999.9 1    12.5 0 -9999.9 1
 1999 188  7  7  2 12  2.200  97.92    -4.1 0 -9999.9 1 -9999.9 1    -2.1 0   292.3 0   307.8 0   305.3 0   400.3 0   292.5 0   292.3 0     0.0 0    -0.1 0 -9999.9 1  -108.0 0 -9999.9 1 -9999.9 1 -9999.9 1 -9999.9 1     7.9 0 -9999.9 1
 1999 188  7  7  2 18  2.300  98.81    -4.6 0 -9999.9 1 -9999.9 1    -0.9 0   293.7 0   307.2 0   304.7 0   400.8 0   292.2 0   292.2 0     0.0 0    -0.2 0 -9999.9 1  -107.1 0 -9999.9 1 -9999.9 1 -9999.9 1 -9999.9 1     8.5 0 -9999.9 1
 1999 188  7  7  2 21  2.350  99.25    -4.6 0 -9999.9 1 -9999.9 1    -0.9 0   295.0 0   307.0 0   304.6 0   400.5 0   292.2 0   292.1 0     0.0 0    -0.2 0 -9999.9 1  -105.5 0 -9999.9 1 -9999.9 1 -9999.9 1 -9999.9 1     5.3 0 -9999.9 1
 1999 188  7  7  2 24  2.400  99.68    -4.7 0 -9999.9 1 -9999.9 1    -0.9 0   294.3 0   306.6 0   304.4 0   400.0 0   292.1 0   292.0 0     0.0 0    -0.2 0 -9999.9 1  -105.7 0 -9999.9 1 -9999.9 1 -9999.9 1 -9999.9 1     3.0 0 -9999.9 1
 1999 188  7  7  2 27  2.450 100.11    -4.6 0 -9999.9 1 -9999.9 1    -1.1 0   293.1 0   306.3 0   304.2 0   398.4 0   292.0 0   291.8 0     0.0 0    -0.2 0 -9999.9 1  -105.3 0 -9999.9 1 -9999.9 1 -9999.9 1 -9999.9 1     0.8 0 -9999.9 1
 1999 188  7  7  2 33  2.550 100.97    -4.4 0 -9999.9 1 -9999.9 1    -1.0 0   290.7 0   305.8 0   303.8 0   396.3 0   291.8 0   291.6 0     0.0 2    -0.2 0 -9999.9 1  -105.6 0 -9999.9 1 -9999.9 1 -9999.9 1 -9999.9 1     3.1 0 -9999.9 1
 1999 188  7  7  2 36  2.600 101.39    -4.4 0 -9999.9 1 -9999.9 1    -0.9 0   291.4 0   305.6 0   303.5 0   395.2 0   291.7 0   291.5 0     0.0 2    -0.2 0 -9999.9 1  -103.8 0 -9999.9 1 -9999.9 1 -9999.9 1 -9999.9 1     4.5 0 -9999.9 1
 1999 188  7  7  2 39  2.650 101.81    -4.5 0 -9999.9 1 -9999.9 1    -1.2 0   291.5 0   305.4 0   303.3 0   395.1 0   291.6 0   291.5 0     0.0 2    -0.2 0 -9999.9 1  -103.6 0 -9999.9 1 -9999.9 1 -9999.9 1 -9999.9 1     2.5 0 -9999.9 1
 1999 188  7  7  2 42  2.700 102.22    -4.5 0 -9999.9 1 -9999.9 1    -1.2 0   291.8 0   305.3 0   303.2 0   394.7 0   291.5 0   291.3 0     0.0 2    -0.2 0 -9999.9 1  -102.9 0 -9999.9 1 -9999.9 1 -9999.9 1 -9999.9 1     2.4 0 -9999.9 1
 1999 188  7  7  2 48  2.800 103.04    -4.5 0 -9999.9 1 -9999.9 1    -0.7 0   289.6 0   304.9 0   302.8 0   393.8 0   291.2 0   291.0 0     0.0 2    -0.2 0 -9999.9 1  -104.2 0 -9999.9 1 -9999.9 1 -9999.9 1 -9999.9 1     2.3 0 -9999.9 1
 1999 188  7  7  2 51  2.850 103.44    -4.5 0 -9999.9 1 -9999.9 1    -0.4 0   288.4 0   304.8 0   302.7 0   393.6 0   291.1 0   290.9 0     0.0 2    -0.2 0 -9999.9 1  -105.2 0 -9999.9 1 -9999.9 1 -9999.9 1 -9999.9 1     3.0 0 -9999.9 1
 1999 188  7  7  2 54  2.900 103.84    -4.6 0 -9999.9 1 -9999.9 1    -0.3 0   288.5 0   304.6 0   302.5 0   393.0 0   291.0 0   290.8 0     0.0 2    -0.2 0 -9999.9 1  -104.6 0 -9999.9 1 -9999.9 1 -9999.9 1 -9999.9 1     3.3 0 -9999.9 1
 1999 188  7  7  2 57  2.950 104.23    -4.6 0 -9999.9 1 -9999.9 1    -0.3 0   287.9 0   304.5 0   302.5 0   393.0 0   290.9 0   290.7 0     0.0 2    -0.2 0 -9999.9 1  -105.1 0 -9999.9 1 -9999.9 1 -9999.9 1 -9999.9 1     3.3 0 -9999.9 1
 1999 188  7  7  3  3  3.050 105.01    -4.0 0 -9999.9 1 -9999.9 1     0.0 0   288.6 0   304.4 0   302.8 0   391.9 0   290.9 0   290.8 0     0.0 0    -0.2 0 -9999.9 1  -103.3 0 -9999.9 1 -9999.9 1 -9999.9 1 -9999.9 1     6.2 0 -9999.9 1
 1999 188  7  7  3  6  3.100 105.39    -3.9 0 -9999.9 1 -9999.9 1     0.1 0   289.1 0   304.3 0   302.7 0   391.1 0   290.8 0   290.7 0     0.0 0    -0.2 0 -9999.9 1  -102.0 0 -9999.9 1 -9999.9 1 -9999.9 1 -9999.9 1     7.2 0 -9999.9 1
 1999 188  7  7  3  9  3.150 105.76    -3.8 0 -9999.9 1 -9999.9 1     0.0 0   287.9 0   304.2 0   302.6 0   389.7 0   290.7 0   290.6 0     0.0 0    -0.2 0 -9999.9 1  -101.8 0 -9999.9 1 -9999.9 1 -9999.9 1 -9999.9 1     9.1 0 -9999.9 1
 1999 188  7  7  3 12  3.200 106.13    -3.7 0 -9999.9 1 -9999.9 1    -0.2 0   288.0 0   304.2 0   302.6 0   389.4 0   290.6 0   290.5 0     0.0 0    -0.2 0 -9999.9 1  -101.4 0 -9999.9 1 -9999.9 1 -9999.9 1 -9999.9 1     6.3 0 -9999.9 1
 1999 188  7  7  3 18  3.300 106.86    -3.9 0 -9999.9 1 -9999.9 1     0.0 0   289.5 0   304.0 0   302.2 0   387.8 0   290.4 0   290.3 0     0.0 2    -0.2 0 -9999.9 1   -98.3 0 -9999.9 1 -9999.9 1 -9999.9 1 -9999.9 1     5.0 0 -9999.9 1
 1999 188  7  7  3 21  3.350 107.22    -3.9 0 -9999.9 1 -9999.9 1     0.0 0   288.6 0   304.0 0   302.2 0   387.3 0   290.2 0   290.1 0     0.0 0    -0.2 0 -9999.9 1   -98.7 0 -9999.9 1 -9999.9 1 -9999.9 1 -9999.9 1     4.5 0 -9999.9 1
 1999 188  7  7  3 24  3.400 107.57    -4.0 0 -9999.9 1 -9999.9 1     0.2 0   289.5 0   303.9 0   302.0 0   387.8 0   290.1 0   290.0 0     0.0 0    -0.1 0 -9999.9 1   -98.3 0 -9999.9 1 -9999.9 1 -9999.9 1 -9999.9 1    11.3 0 -9999.9 1
 1999 188  7  7  3 27  3.450 107.92    -4.0 0 -9999.9 1 -9999.9 1     0.0 0   291.1 0   304.0 0   302.1 0   389.2 0   290.1 0   290.0 0     0.0 0    -0.1 0 -9999.9 1   -98.1 0 -9999.9 1 -9999.9 1 -9999.9 1 -9999.9 1     9.5 0 -9999.9 1
 1999 188  7  7  3 33  3.550 108.60    -4.5 0 -9999.9 1 -9999.9 1     0.7 0   293.0 0   303.8 0   301.6 0   390.2 0   289.9 0   289.8 0     0.0 2    -0.2 0 -9999.9 1   -97.2 0 -9999.9 1 -9999.9 1 -9999.9 1 -9999.9 1     8.3 0 -9999.9 1
 1999 188  7  7  3 36  3.600 108.93    -4.6 0 -9999.9 1 -9999.9 1     1.1 0   293.1 0   303.7 0   301.6 0   390.9 0   289.8 0   289.7 0     0.0 2    -0.2 0 -9999.9 1   -97.8 0 -9999.9 1 -9999.9 1 -9999.9 1 -9999.9 1     7.5 0 -9999.9 1
 1999 188  7  7  3 39  3.650 109.25    -4.7 0 -9999.9 1 -9999.9 1     1.6 0   292.2 0   303.6 0   301.6 0   390.8 0   289.7 0   289.7 0     0.0 2    -0.2 0 -9999.9 1   -98.6 0 -9999.9 1 -9999.9 1 -9999.9 1 -9999.9 1     7.7 0 -9999.9 1
 1999 188  7  7  3 42  3.700 109.57    -4.7 0 -9999.9 1 -9999.9 1     1.9 0   295.3 0   303.7 0   301.7 0   391.7 0   289.9 0   289.8 0     0.0 0    -0.2 0 -9999.9 1   -96.3 0 -9999.9 1 -9999.9 1 -9999.9 1 -9999.9 1     7.8 0 -9999.9 1
 1999 188  7  7  3 48  3.800 110.20    -4.4 0 -9999.9 1 -9999.9 1     1.3 0   291.8 0   303.6 0   301.9 0   389.6 0   289.8 0   289.7 0     0.0 0    -0.2 0 -9999.9 1   -97.8 0 -9999.9 1 -9999.9 1 -9999.9 1 -9999.9 1     5.7 0 -9999.9 1
 1999 188  7  7  3 51  3.850 110.50    -4.4 0 -9999.9 1 -9999.9 1     1.0 0   293.7 0   303.6 0   301.9 0   389.4 0   289.9 0   289.8 0     0.0 0    -0.2 0 -9999.9 1   -95.8 0 -9999.9 1 -9999.9 1 -9999.9 1 -9999.9 1     6.3 0 -9999.9 1
 1999 188  7  7  3 54  3.900 110.80    -4.3 0 -9999.9 1 -9999.9 1     1.1 0   291.8 0   303.4 0   301.7 0   388.3 0   289.7 0   289.6 0     0.0 0    -0.2 0 -9999.9 1   -96.5 0 -9999.9 1 -9999.9 1 -9999.9 1 -9999.9 1     8.2 0 -9999.9 1
 1999 188  7  7  3 57  3.950 111.09    -4.3 0 -9999.9 1 -9999.9 1     1.1 0   293.5 0   303.5 0   301.7 0   389.3 0   289.7 0   289.6 0     0.0 0    -0.2 0 -9999.9 1   -95.8 0 -9999.9 1 -9999.9 1 -9999.9 1 -9999.9 1     3.9 0 -9999.9 1
 1999 188  7  7  4  3  4.050 111.66    -4.2 0 -9999.9 1 -9999.9 1     1.0 0   290.5 0   303.3 0   301.7 0   388.0 0   289.5 0   289.4 0     0.0 0    -0.2 0 -9999.9 1   -97.5 0 -9999.9 1 -9999.9 1 -9999.9 1 -9999.9 1     6.3 0 -9999.9 1
 1999 188  7  7  4  6  4.100 111.94    -4.2 0 -9999.9 1 -9999.9 1     0.8 0   290.2 0   303.3 0   301.8 0   387.4 0   289.5 0   289.4 0     0.0 0    -0.2 0 -9999.9 1   -97.2 0 -9999.9 1 -9999.9 1 -9999.9 1 -9999.9 1     6.1 0 -9999.9 1
 1999 188  7  7  4  9  4.150 112.21    -4.1 0 -9999.9 1 -9999.9 1     0.9 0   289.8 0   303.3 0   301.8 0   386.7 0   289.5 0   289.4 0     0.0 0    -0.2 0 -9999.9 1   -96.9 0 -9999.9 1 -9999.9 1 -9999.9 1 -9999.9 1     7.6 0 -9999.9 1
 1999 188  7  7  4 12  4.200 112.47    -4.1 0 -9999.9 1 -9999.9 1     1.0 0   289.7 0   303.2 0   301.6 0   386.0 0   289.3 0   289.2 0     0.0 0    -0.2 0 -9999.9 1   -96.3 0 -9999.9 1 -9999.9 1 -9999.9 1 -9999.9 1    10.5 0 -9999.9 1
 1999 188  7  7  4 18  4.300 112.98    -4.3 0 -9999.9 1 -9999.9 1     0.8 0   292.0 0   303.2 0   301.2 0   386.9 0   289.2 0   289.1 0     0.0 0    -0.3 0 -9999.9 1   -95.0 0 -9999.9 1 -9999.9 1 -9999.9 1 -9999.9 1    18.8 0 -9999.9 1
 1999 188  7  7  4 21  4.350 113.22    -4.4 0 -9999.9 1 -9999.9 1     0.9 0   290.8 0   303.1 0   301.1 0   386.5 0   289.1 0   289.0 0     0.0 2    -0.4 0 -9999.9 1   -95.7 0 -9999.9 1 -9999.9 1 -9999.9 1 -9999.9 1    18.2 0 -9999.9 1
 1999 188  7  7  4 24  4.400 113.46    -4.5 0 -9999.9 1 -9999.9 1     0.8 0   289.4 0   303.0 0   301.1 0   386.2 0   288.9 0   288.8 0     0.0 2    -0.2 0 -9999.9 1   -96.8 0 -9999.9 1 -9999.9 1 -9999.9 1 -9999.9 1    18.8 0 -9999.9 1
 1999 188  7  7  4 27  4.450 113.69    -4.6 0 -9999.9 1 -9999.9 1     0.7 0   288.9 0   302.9 0   301.1 0   385.7 0   288.8 0   288.7 0     0.0 2    -0.2 0 -9999.9 1   -96.8 0 -9999.9 1 -9999.9 1 -9999.9 1 -9999.9 1    21.3 0 -9999.9 1
 1999 188  7  7  4 33  4.550 114.13    -4.5 0 -9999.9 1 -9999.9 1     0.6 0   287.6 0   303.0 0   301.2 0   385.4 0   288.9 0   288.8 0     0.0 2    -0.2 0 -9999.9 1   -97.8 0 -9999.9 1 -9999.9 1 -9999.9 1 -9999.9 1    22.4 0 -9999.9 1
 1999 188  7  7  4 36  4.600 114.35    -4.5 0 -9999.9 1 -9999.9 1     0.3 0   287.4 0   303.0 0   301.1 0   385.7 0   288.9 0   288.8 0     0.0 2    -0.3 0 -9999.9 1   -98.3 0 -9999.9 1 -9999.9 1 -9999.9 1 -9999.9 1    18.0 0 -9999.9 1
 1999 188  7  7  4 39  4.650 114.55    -4.6 0 -9999.9 1 -9999.9 1     0.4 0   290.1 0   303.0 0   301.0 0   386.0 0   288.9 0   288.8 0     0.0 0    -0.2 0 -9999.9 1   -96.0 0 -9999.9 1 -9999.9 1 -9999.9 1 -9999.9 1    18.2 0 -9999.9 1
 1999 188  7  7  4 42  4.700 114.75    -4.5 0 -9999.9 1 -9999.9 1     0.5 0   289.5 0   303.0 0   301.2 0   385.5 0   288.9 0   288.8 0     0.0 0    -0.2 0 -9999.9 1   -96.0 0 -9999.9 1 -9999.9 1 -9999.9 1 -9999.9 1    12.4 0 -9999.9 1
 1999 188  7  7  4 48  4.800 115.12    -4.2 0 -9999.9 1 -9999.9 1     0.8 0   287.5 0   302.8 0   301.5 0   384.0 0   288.8 0   288.7 0     0.0 0    -0.2 0 -9999.9 1   -96.4 0 -9999.9 1 -9999.9 1 -9999.9 1 -9999.9 1    14.7 0 -9999.9 1
 1999 188  7  7  4 51  4.850 115.30    -4.1 0 -9999.9 1 -9999.9 1     0.8 0   287.4 0   302.8 0   301.5 0   383.0 0   288.7 0   288.6 0     0.0 0    -0.2 0 -9999.9 1   -95.6 0 -9999.9 1 -9999.9 1 -9999.9 1 -9999.9 1    15.1 0 -9999.9 1
 1999 188  7  7  4 54  4.900 115.47    -4.0 0 -9999.9 1 -9999.9 1     0.8 0   287.7 0   302.8 0   301.4 0   382.1 0   288.7 0   288.6 0     0.0 0    -0.2 0 -9999.9 1   -94.4 0 -9999.9 1 -9999.9 1 -9999.9 1 -9999.9 1    13.4 0 -9999.9 1
 1999 188  7  7  4 57  4.950 115.63    -4.1 0 -9999.9 1 -9999.9 1     0.7 0   290.1 0   302.8 0   301.2 0   382.6 0   288.7 0   288.6 0     0.0 0    -0.2 0 -9999.9 1   -92.5 0 -9999.9 1 -9999.9 1 -9999.9 1 -9999.9 1    14.1 0 -9999.9 1
 1999 188  7  7  5  3  5.050 115.94    -4.5 0 -9999.9 1 -9999.9 1     0.4 0   290.4 0   302.7 0   300.7 0   384.6 0   288.6 0   288.6 0     0.0 2    -0.2 0 -9999.9 1   -94.2 0 -9999.9 1 -9999.9 1 -9999.9 1 -9999.9 1    13.4 0 -9999.9 1
 1999 188  7  7  5  6  5.100 116.08    -4.6 0 -9999.9 1 -9999.9 1     0.7 0   289.6 0   302.6 0   300.8 0   384.4 0   288.6 0   288.6 0     0.0 2    -0.2 0 -9999.9 1   -94.8 0 -9999.9 1 -9999.9 1 -9999.9 1 -9999.9 1    14.4 0 -9999.9 1
 1999 188  7  7  5  9  5.150 116.21    -4.5 0 -9999.9 1 -9999.9 1     0.9 0   287.7 0   302.6 0   300.9 0   383.2 0   288.6 0   288.5 0     0.0 2    -0.2 0 -9999.9 1   -95.5 0 -9999.9 1 -9999.9 1 -9999.9 1 -9999.9 1    14.5 0 -9999.9 1
 1999 188  7  7  5 12  5.200 116.34    -4.2 0 -9999.9 1 -9999.9 1     0.9 0   284.8 0   302.5 0   301.0 0   381.3 0   288.6 0   288.5 0     0.0 2    -0.1 0 -9999.9 1   -96.6 0 -9999.9 1 -9999.9 1 -9999.9 1 -9999.9 1    12.6 0 -9999.9 1
 1999 188  7  7  5 18  5.300 116.57    -4.2 0 -9999.9 1 -9999.9 1     0.9 0   287.3 0   302.6 0   301.0 0   380.5 0   288.7 0   288.6 0     0.0 2    -0.1 0 -9999.9 1   -93.2 0 -9999.9 1 -9999.9 1 -9999.9 1 -9999.9 1     8.8 0 -9999.9 1
 1999 188  7  7  5 21  5.350 116.67    -3.9 0 -9999.9 1 -9999.9 1     0.9 0   287.1 0   302.7 0   301.2 0   380.7 0   288.8 0   288.7 0     0.0 0    -0.1 0 -9999.9 1   -93.6 0 -9999.9 1 -9999.9 1 -9999.9 1 -9999.9 1     5.2 0 -9999.9 1
 1999 188  7  7  5 24  5.400 116.77    -3.6 0 -9999.9 1 -9999.9 1     0.7 0   288.0 0   302.8 0   301.4 0   380.8 0   288.9 0   288.8 0     0.0 0    -0.2 0 -9999.9 1   -92.8 0 -9999.9 1 -9999.9 1 -9999.9 1 -9999.9 1     2.7 0 -9999.9 1
 1999 188  7  7  5 27  5.450 116.86    -3.4 0 -9999.9 1 -9999.9 1     0.4 0   288.6 0   302.8 0   301.3 0   380.1 0   288.8 0   288.8 0     0.0 0    -0.3 0 -9999.9 1   -91.5 0 -9999.9 1 -9999.9 1 -9999.9 1 -9999.9 1     5.8 0 -9999.9 1
 1999 188  7  7  5 33  5.550 117.01    -3.6 0 -9999.9 1 -9999.9 1     0.0 0   286.8 0   303.0 0   302.1 0   379.8 0   289.0 0   288.9 0     0.0 0    -0.1 0 -9999.9 1   -93.0 0 -9999.9 1 -9999.9 1 -9999.9 1 -9999.9 1     5.0 0 -9999.9 1
 1999 188  7  7  5 36  5.600 117.08    -3.4 0 -9999.9 1 -9999.9 1     0.0 0   287.9 0   303.1 0   302.0 0   379.3 0   289.0 0   288.9 0     0.0 0    -0.1 0 -9999.9 1   -91.4 0 -9999.9 1 -9999.9 1 -9999.9 1 -9999.9 1    10.9 0 -9999.9 1
 1999 188  7  7  5 39  5.650 117.13    -3.7 0 -9999.9 1 -9999.9 1    -0.2 0   288.6 0   303.2 0   302.2 0   379.5 0   289.1 0   289.0 0     0.0 0    -0.1 0 -9999.9 1   -90.9 0 -9999.9 1 -9999.9 1 -9999.9 1 -9999.9 1     8.2 0 -9999.9 1
 1999 188  7  7  5 42  5.700 117.18    -3.4 0 -9999.9 1 -9999.9 1     0.0 0   289.9 0   303.2 0   302.0 0   379.3 0   289.0 0   289.0 0     0.0 0    -0.2 0 -9999.9 1   -89.4 0 -9999.9 1 -9999.9 1 -9999.9 1 -9999.9 1     2.7 0 -9999.9 1
 1999 188  7  7  5 48  5.800 117.26    -3.7 0 -9999.9 1 -9999.9 1     0.5 0   287.4 0   303.2 0   302.0 0   378.4 0   288.9 0   288.8 0     0.0 0    -0.2 0 -9999.9 1   -91.0 0 -9999.9 1 -9999.9 1 -9999.9 1 -9999.9 1    16.8 0 -9999.9 1
 1999 188  7  7  5 51  5.850 117.29    -3.7 0 -9999.9 1 -9999.9 1     0.1 0   282.9 0   303.2 0   302.1 0   377.0 0   288.7 0   288.6 0     0.0 0    -0.2 0 -9999.9 1   -94.1 0 -9999.9 1 -9999.9 1 -9999.9 1 -9999.9 1    12.8 0 -9999.9 1
 1999 188  7  7  5 54  5.900 117.31    -3.7 0 -9999.9 1 -9999.9 1     0.4 0   283.2 0   303.3 0   302.0 0   377.1 0   288.7 0   288.6 0     0.0 0    -0.2 0 -9999.9 1   -93.9 0 -9999.9 1 -9999.9 1 -9999.9 1 -9999.9 1   358.0 0 -9999.9 1
 1999 188  7  7  5 57  5.950 117.32    -3.6 0 -9999.9 1 -9999.9 1     0.7 0   285.0 0   303.4 0   302.0 0   377.6 0   288.7 0   288.6 0     0.0 0    -0.2 0 -9999.9 1   -92.6 0 -9999.9 1 -9999.9 1 -9999.9 1 -9999.9 1   359.0 0 -9999.9 1
 1999 188  7  7  6  3  6.050 117.32    -3.8 0 -9999.9 1 -9999.9 1     0.0 0   280.4 0   303.2 0   302.2 0   375.0 0   288.2 0   288.1 0     0.0 0    -0.2 0 -9999.9 1   -94.7 0 -9999.9 1 -9999.9 1 -9999.9 1 -9999.9 1   329.4 0 -9999.9 1
 1999 188  7  7  6  6  6.100 117.31    -3.8 0 -9999.9 1 -9999.9 1    -0.1 0   279.0 0   303.2 0   302.1 0   374.9 0   288.0 0   287.9 0     0.0 0    -0.1 0 -9999.9 1   -95.9 0 -9999.9 1 -9999.9 1 -9999.9 1 -9999.9 1   342.0 0 -9999.9 1
 1999 188  7  7  6  9  6.150 117.29    -3.6 0 -9999.9 1 -9999.9 1    -0.1 0   279.6 0   303.2 0   302.3 0   375.4 0   288.0 0   287.9 0     0.0 0    -0.1 0 -9999.9 1   -95.8 0 -9999.9 1 -9999.9 1 -9999.9 1 -9999.9 1     4.2 0 -9999.9 1
 1999 188  7  7  6 12  6.200 117.26    -3.7 0 -9999.9 1 -9999.9 1    -0.1 0   278.2 0   303.2 0   302.1 0   375.0 0   287.9 0   287.8 0     0.0 0    -0.2 0 -9999.9 1   -96.8 0 -9999.9 1 -9999.9 1 -9999.9 1 -9999.9 1     0.2 0 -9999.9 1
 1999 188  7  7  6 18  6.300 117.18    -3.7 0 -9999.9 1 -9999.9 1    -0.4 0   276.5 0   303.1 0   302.2 0   373.5 0   287.6 0   287.5 0     0.0 2    -0.1 0 -9999.9 1   -97.0 0 -9999.9 1 -9999.9 1 -9999.9 1 -9999.9 1   343.4 0 -9999.9 1
 1999 188  7  7  6 21  6.350 117.13    -3.6 0 -9999.9 1 -9999.9 1    -0.3 0   276.6 0   303.1 0   302.2 0   373.4 0   287.6 0   287.5 0     0.0 2    -0.2 0 -9999.9 1   -96.8 0 -9999.9 1 -9999.9 1 -9999.9 1 -9999.9 1   349.0 0 -9999.9 1
 1999 188  7  7  6 24  6.400 117.07    -3.6 0 -9999.9 1 -9999.9 1    -0.2 0   279.4 0   303.3 0   302.3 0   374.4 0   287.8 0   287.7 0     0.0 0    -0.1 0 -9999.9 1   -94.9 0 -9999.9 1 -9999.9 1 -9999.9 1 -9999.9 1     1.5 0 -9999.9 1
 1999 188  7  7  6 27  6.450 117.00    -3.4 0 -9999.9 1 -9999.9 1    -0.3 0   279.5 0   303.4 0   302.4 0   374.2 0   287.8 0   287.7 0     0.0 0    -0.2 0 -9999.9 1   -94.7 0 -9999.9 1 -9999.9 1 -9999.9 1 -9999.9 1     7.3 0 -9999.9 1
 1999 188  7  7  6 33  6.550 116.85    -3.3 0 -9999.9 1 -9999.9 1    -0.7 0   276.5 0   303.3 0   302.3 0   371.6 0   287.6 0   287.5 0     0.0 2    -0.3 0 -9999.9 1   -95.1 0 -9999.9 1 -9999.9 1 -9999.9 1 -9999.9 1     3.6 0 -9999.9 1
 1999 188  7  7  6 36  6.600 116.76    -3.3 0 -9999.9 1 -9999.9 1    -0.7 0   278.1 0   303.4 0   302.3 0   371.3 0   287.6 0   287.6 0     0.0 2    -0.2 0 -9999.9 1   -93.2 0 -9999.9 1 -9999.9 1 -9999.9 1 -9999.9 1     6.5 0 -9999.9 1
 1999 188  7  7  6 39  6.650 116.66    -3.6 0 -9999.9 1 -9999.9 1    -0.9 0   282.2 0   303.5 0   301.9 0   372.4 0   287.7 0   287.7 0     0.0 0    -0.1 0 -9999.9 1   -90.2 0 -9999.9 1 -9999.9 1 -9999.9 1 -9999.9 1     6.9 0 -9999.9 1
 1999 188  7  7  6 42  6.700 116.56    -3.5 0 -9999.9 1 -9999.9 1    -1.1 0   280.8 0   303.4 0   301.9 0   373.2 0   287.7 0   287.6 0     0.0 2    -0.2 0 -9999.9 1   -92.4 0 -9999.9 1 -9999.9 1 -9999.9 1 -9999.9 1     4.9 0 -9999.9 1
 1999 188  7  7  6 48  6.800 116.32    -3.7 0 -9999.9 1 -9999.9 1    -1.1 0   276.5 0   303.4 0   302.2 0   372.5 0   287.7 0   287.6 0     0.0 2    -0.2 0 -9999.9 1   -96.0 0 -9999.9 1 -9999.9 1 -9999.9 1 -9999.9 1    14.2 0 -9999.9 1
 1999 188  7  7  6 51  6.850 116.20    -3.7 0 -9999.9 1 -9999.9 1    -0.7 0   276.2 0   303.4 0   302.2 0   371.9 0   287.8 0   287.7 0     0.0 2    -0.2 0 -9999.9 1   -95.7 0 -9999.9 1 -9999.9 1 -9999.9 1 -9999.9 1    10.5 0 -9999.9 1
 1999 188  7  7  6 54  6.900 116.06    -3.8 0 -9999.9 1 -9999.9 1    -0.7 0   278.8 0   303.5 0   302.0 0   373.9 0   287.9 0   287.8 0     0.0 0    -0.2 0 -9999.9 1   -95.1 0 -9999.9 1 -9999.9 1 -9999.9 1 -9999.9 1   359.6 0 -9999.9 1
 1999 188  7  7  6 57  6.950 115.92    -4.2 0 -9999.9 1 -9999.9 1    -0.3 0   281.4 0   303.3 0   301.4 0   375.9 0   287.9 0   287.8 0     0.0 2    -0.2 0 -9999.9 1   -94.5 0 -9999.9 1 -9999.9 1 -9999.9 1 -9999.9 1   353.9 0 -9999.9 1
 1999 188  7  7  7  3  7.050 115.62    -4.2 0 -9999.9 1 -9999.9 1    -0.5 0   281.8 0   303.3 0   301.4 0   375.7 0   288.1 0   288.0 0     0.0 0    -0.2 0 -9999.9 1   -93.9 0 -9999.9 1 -9999.9 1 -9999.9 1 -9999.9 1   358.4 0 -9999.9 1
 1999 188  7  7  7  6  7.100 115.45    -4.1 0 -9999.9 1 -9999.9 1    -0.8 0   279.9 0   303.2 0   301.6 0   374.0 0   288.1 0   288.0 0     0.0 0    -0.1 0 -9999.9 1   -94.1 0 -9999.9 1 -9999.9 1 -9999.9 1 -9999.9 1    10.1 0 -9999.9 1
 1999 188  7  7  7  9  7.150 115.28    -3.7 0 -9999.9 1 -9999.9 1    -0.6 0   274.2 0   303.1 0   301.9 0   370.8 0   287.9 0   287.8 0     0.0 2    -0.2 0 -9999.9 1   -96.6 0 -9999.9 1 -9999.9 1 -9999.9 1 -9999.9 1    18.1 0 -9999.9 1
 1999 188  7  7  7 12  7.200 115.11    -3.4 0 -9999.9 1 -9999.9 1    -0.9 0   273.0 0   303.1 0   302.1 0   369.9 0   287.9 0   287.7 0     0.0 2    -0.2 0 -9999.9 1   -96.9 0 -9999.9 1 -9999.9 1 -9999.9 1 -9999.9 1    14.0 0 -9999.9 1
 1999 188  7  7  7 18  7.300 114.73    -3.3 0 -9999.9 1 -9999.9 1    -0.7 0   271.8 0   303.0 0   301.8 0   367.4 0   287.7 0   287.5 0     0.0 0    -0.2 0 -9999.9 1   -95.7 0 -9999.9 1 -9999.9 1 -9999.9 1 -9999.9 1     1.8 0 -9999.9 1
 1999 188  7  7  7 21  7.350 114.53    -3.3 0 -9999.9 1 -9999.9 1    -0.5 0   273.0 0   303.0 0   301.9 0   367.6 0   287.6 0   287.4 0     0.0 0    -0.2 0 -9999.9 1   -94.6 0 -9999.9 1 -9999.9 1 -9999.9 1 -9999.9 1     1.3 0 -9999.9 1
 1999 188  7  7  7 24  7.400 114.33    -3.5 0 -9999.9 1 -9999.9 1    -0.7 0   274.1 0   303.0 0   301.9 0   367.9 0   287.4 0   287.3 0     0.0 0    -0.2 0 -9999.9 1   -93.7 0 -9999.9 1 -9999.9 1 -9999.9 1 -9999.9 1     0.8 0 -9999.9 1
 1999 188  7  7  7 27  7.450 114.11    -3.6 0 -9999.9 1 -9999.9 1    -0.7 0   273.6 0   303.0 0   301.8 0   367.7 0   287.2 0   287.1 0     0.0 2    -0.2 0 -9999.9 1   -94.1 0 -9999.9 1 -9999.9 1 -9999.9 1 -9999.9 1   359.0 0 -9999.9 1
 1999 188  7  7  7 33  7.550 113.67    -3.4 0 -9999.9 1 -9999.9 1    -0.6 0   270.9 0   302.7 0   301.6 0   366.5 0   286.8 0   286.7 0     0.0 2    -0.1 0 -9999.9 1   -95.6 0 -9999.9 1 -9999.9 1 -9999.9 1 -9999.9 1   353.7 0 -9999.9 1
 1999 188  7  7  7 36  7.600 113.44    -3.4 0 -9999.9 1 -9999.9 1    -1.2 0   270.5 0   302.7 0   301.8 0   365.9 0   286.6 0   286.5 0     0.0 2    -0.2 0 -9999.9 1   -95.4 0 -9999.9 1 -9999.9 1 -9999.9 1 -9999.9 1   359.2 0 -9999.9 1
 1999 188  7  7  7 39  7.650 113.20    -3.5 0 -9999.9 1 -9999.9 1    -0.6 0   272.1 0   302.8 0   301.9 0   366.5 0   286.7 0   286.6 0     0.0 2    -0.2 0 -9999.9 1   -94.3 0 -9999.9 1 -9999.9 1 -9999.9 1 -9999.9 1     0.9 0 -9999.9 1
 1999 188  7  7  7 42  7.700 112.95    -3.4 0 -9999.9 1 -9999.9 1    -0.3 0   271.8 0   302.7 0   301.6 0   365.8 0   286.5 0   286.4 0     0.0 2    -0.2 0 -9999.9 1   -94.0 0 -9999.9 1 -9999.9 1 -9999.9 1 -9999.9 1     4.8 0 -9999.9 1
 1999 188  7  7  7 48  7.800 112.44    -3.4 0 -9999.9 1 -9999.9 1    -0.6 0   270.1 0   302.7 0   301.7 0   365.5 0   286.4 0   286.3 0     0.0 2    -0.1 0 -9999.9 1   -95.4 0 -9999.9 1 -9999.9 1 -9999.9 1 -9999.9 1     2.5 0 -9999.9 1
 1999 188  7  7  7 51  7.850 112.18    -3.4 0 -9999.9 1 -9999.9 1    -0.8 0   271.3 0   302.9 0   301.9 0   366.3 0   286.4 0   286.3 0     0.0 2    -0.2 0 -9999.9 1   -95.0 0 -9999.9 1 -9999.9 1 -9999.9 1 -9999.9 1     2.6 0 -9999.9 1
 1999 188  7  7  7 54  7.900 111.91    -3.5 0 -9999.9 1 -9999.9 1    -0.8 0   270.7 0   302.9 0   302.0 0   366.2 0   286.4 0   286.3 0     0.0 2    -0.1 0 -9999.9 1   -95.5 0 -9999.9 1 -9999.9 1 -9999.9 1 -9999.9 1     6.5 0 -9999.9 1
 1999 188  7  7  7 57  7.950 111.64    -3.5 0 -9999.9 1 -9999.9 1    -0.8 0   270.3 0   302.9 0   301.9 0   365.9 0   286.3 0   286.2 0     0.0 2    -0.1 0 -9999.9 1   -95.6 0 -9999.9 1 -9999.9 1 -9999.9 1 -9999.9 1     3.1 0 -9999.9 1
 1999 188  7  7  8  3  8.050 111.07    -3.5 0 -9999.9 1 -9999.9 1    -0.4 0   274.1 0   302.9 0   301.7 0   366.7 0   286.4 0   286.3 0     0.0 2    -0.1 0 -9999.9 1   -92.6 0 -9999.9 1 -9999.9 1 -9999.9 1 -9999.9 1     0.8 0 -9999.9 1
 1999 188  7  7  8  6  8.100 110.77    -3.6 0 -9999.9 1 -9999.9 1    -0.9 0   274.6 0   302.8 0   301.4 0   366.6 0   286.3 0   286.2 0     0.0 2    -0.2 0 -9999.9 1   -92.0 0 -9999.9 1 -9999.9 1 -9999.9 1 -9999.9 1   357.5 0 -9999.9 1
 1999 188  7  7  8  9  8.150 110.47    -3.9 0 -9999.9 1 -9999.9 1    -1.1 0   279.5 0   303.0 0   301.2 0   369.2 0   286.5 0   286.5 0     0.0 2    -0.2 0 -9999.9 1   -89.6 0 -9999.9 1 -9999.9 1 -9999.9 1 -9999.9 1   356.4 0 -9999.9 1
 1999 188  7  7  8 12  8.200 110.17    -4.0 0 -9999.9 1 -9999.9 1    -0.8 0   281.8 0   303.1 0   301.3 0   370.3 0   286.7 0   286.6 0     0.0 0    -0.2 0 -9999.9 1   -88.4 0 -9999.9 1 -9999.9 1 -9999.9 1 -9999.9 1     5.8 0 -9999.9 1
 1999 188  7  7  8 18  8.300 109.54    -3.4 0 -9999.9 1 -9999.9 1    -1.0 0   275.1 0   303.1 0   302.0 0   367.3 0   286.7 0   286.6 0     0.0 0    -0.2 0 -9999.9 1   -92.3 0 -9999.9 1 -9999.9 1 -9999.9 1 -9999.9 1     3.9 0 -9999.9 1
 1999 188  7  7  8 21  8.350 109.22    -3.5 0 -9999.9 1 -9999.9 1    -1.1 0   276.8 0   303.0 0   301.7 0   368.5 0   286.7 0   286.6 0     0.0 0    -0.2 0 -9999.9 1   -91.7 0 -9999.9 1 -9999.9 1 -9999.9 1 -9999.9 1   358.5 0 -9999.9 1
 1999 188  7  7  8 24  8.400 108.89    -4.0 0 -9999.9 1 -9999.9 1    -1.1 0   282.0 0   303.1 0   301.2 0   371.0 0   286.8 0   286.7 0     0.0 0    -0.2 0 -9999.9 1   -89.0 0 -9999.9 1 -9999.9 1 -9999.9 1 -9999.9 1   358.1 0 -9999.9 1
 1999 188  7  7  8 27  8.450 108.56    -4.2 0 -9999.9 1 -9999.9 1    -1.0 0   281.5 0   303.0 0   301.0 0   371.3 0   286.7 0   286.6 0     0.0 0    -0.2 0 -9999.9 1   -89.8 0 -9999.9 1 -9999.9 1 -9999.9 1 -9999.9 1   359.2 0 -9999.9 1
 1999 188  7  7  8 33  8.550 107.88    -4.4 0 -9999.9 1 -9999.9 1    -0.3 0   281.1 0   302.9 0   300.9 0   372.1 0   286.8 0   286.7 0     0.0 0    -0.2 0 -9999.9 1   -91.0 0 -9999.9 1 -9999.9 1 -9999.9 1 -9999.9 1   357.3 0 -9999.9 1
 1999 188  7  7  8 36  8.600 107.53    -4.5 0 -9999.9 1 -9999.9 1    -0.6 0   283.2 0   302.9 0   300.8 0   373.7 0   286.9 0   286.9 0     0.0 0    -0.1 0 -9999.9 1   -90.5 0 -9999.9 1 -9999.9 1 -9999.9 1 -9999.9 1   354.9 0 -9999.9 1
 1999 188  7  7  8 39  8.650 107.18    -4.7 0 -9999.9 1 -9999.9 1    -0.4 0   283.5 0   302.9 0   300.8 0   374.2 0   287.0 0   286.9 0     0.0 0    -0.2 0 -9999.9 1   -90.7 0 -9999.9 1 -9999.9 1 -9999.9 1 -9999.9 1   355.6 0 -9999.9 1
 1999 188  7  7  8 42  8.700 106.83    -4.6 0 -9999.9 1 -9999.9 1    -0.1 0   282.4 0   302.7 0   300.6 0   373.5 0   286.8 0   286.7 0     0.0 0    -0.1 0 -9999.9 1   -91.1 0 -9999.9 1 -9999.9 1 -9999.9 1 -9999.9 1     3.8 0 -9999.9 1
 1999 188  7  7  8 48  8.800 106.10    -4.6 0 -9999.9 1 -9999.9 1    -0.1 0   280.4 0   302.3 0   300.3 0   372.6 0   286.5 0   286.4 0     0.0 0    -0.2 0 -9999.9 1   -92.2 0 -9999.9 1 -9999.9 1 -9999.9 1 -9999.9 1     2.9 0 -9999.9 1
 1999 188  7  7  8 51  8.850 105.72    -4.5 0 -9999.9 1 -9999.9 1     0.2 0   278.4 0   302.1 0   300.2 0   371.1 0   286.3 0   286.2 0     0.0 0    -0.2 0 -9999.9 1   -92.7 0 -9999.9 1 -9999.9 1 -9999.9 1 -9999.9 1     4.3 0 -9999.9 1
 1999 188  7  7  8 54  8.900 105.35    -4.1 0 -9999.9 1 -9999.9 1     0.2 0   273.9 0   302.0 0   300.4 0   369.4 0   286.2 0   286.0 0     0.0 0    -0.2 0 -9999.9 1   -95.6 0 -9999.9 1 -9999.9 1 -9999.9 1 -9999.9 1    13.8 0 -9999.9 1
 1999 188  7  7  8 57  8.950 104.97    -3.9 0 -9999.9 1 -9999.9 1     0.4 0   275.8 0   301.9 0   300.1 0   369.4 0   286.1 0   286.0 0     0.0 0    -0.2 0 -9999.9 1   -93.6 0 -9999.9 1 -9999.9 1 -9999.9 1 -9999.9 1    13.1 0 -9999.9 1
 1999 188  7  7  9  3  9.050 104.19    -4.5 0 -9999.9 1 -9999.9 1     0.4 0   282.1 0   301.8 0   299.5 0   371.9 0   286.0 0   285.9 0     0.0 0    -0.2 0 -9999.9 1   -89.8 0 -9999.9 1 -9999.9 1 -9999.9 1 -9999.9 1    12.0 0 -9999.9 1
 1999 188  7  7  9  6  9.100 103.80    -4.7 0 -9999.9 1 -9999.9 1     0.6 0   282.7 0   301.7 0   299.5 0   372.5 0   286.1 0   286.0 0     0.0 0    -0.2 0 -9999.9 1   -89.8 0 -9999.9 1 -9999.9 1 -9999.9 1 -9999.9 1    15.0 0 -9999.9 1
 1999 188  7  7  9  9  9.150 103.40    -4.4 0 -9999.9 1 -9999.9 1     0.6 0   279.6 0   301.5 0   299.6 0   371.3 0   285.9 0   285.8 0     0.0 0    -0.2 0 -9999.9 1   -91.7 0 -9999.9 1 -9999.9 1 -9999.9 1 -9999.9 1    12.8 0 -9999.9 1
 1999 188  7  7  9 12  9.200 103.00    -4.1 0 -9999.9 1 -9999.9 1     0.6 0   275.4 0   301.3 0   299.7 0   369.5 0   285.7 0   285.6 0     0.0 0    -0.1 0 -9999.9 1   -94.1 0 -9999.9 1 -9999.9 1 -9999.9 1 -9999.9 1    12.4 0 -9999.9 1
 1999 188  7  7  9 18  9.300 102.18    -3.8 0 -9999.9 1 -9999.9 1     0.5 0   275.3 0   301.1 0   299.8 0   368.5 0   285.7 0   285.6 0     0.0 0    -0.1 0 -9999.9 1   -93.2 0 -9999.9 1 -9999.9 1 -9999.9 1 -9999.9 1     9.5 0 -9999.9 1
 1999 188  7  7  9 21  9.350 101.77    -3.8 0 -9999.9 1 -9999.9 1     0.7 0   276.0 0   301.0 0   299.4 0   368.2 0   285.6 0   285.5 0     0.0 0    -0.2 0 -9999.9 1   -92.2 0 -9999.9 1 -9999.9 1 -9999.9 1 -9999.9 1    10.4 0 -9999.9 1
 1999 188  7  7  9 24  9.400 101.35    -4.0 0 -9999.9 1 -9999.9 1     0.5 0   276.3 0   300.8 0   299.0 0   368.4 0   285.4 0   285.3 0     0.0 0    -0.2 0 -9999.9 1   -92.1 0 -9999.9 1 -9999.9 1 -9999.9 1 -9999.9 1    10.2 0 -9999.9 1
 1999 188  7  7  9 27  9.450 100.93    -4.1 0 -9999.9 1 -9999.9 1     0.7 0   275.0 0   300.8 0   299.2 0   368.8 0   285.4 0   285.3 0     0.0 0    -0.2 0 -9999.9 1   -93.9 0 -9999.9 1 -9999.9 1 -9999.9 1 -9999.9 1     7.5 0 -9999.9 1
 1999 188  7  7  9 33  9.550 100.07    -4.2 0 -9999.9 1 -9999.9 1     0.7 0   277.5 0   300.8 0   299.1 0   369.5 0   285.5 0   285.4 0     0.0 0    -0.1 0 -9999.9 1   -91.9 0 -9999.9 1 -9999.9 1 -9999.9 1 -9999.9 1     3.2 0 -9999.9 1
 1999 188  7  7  9 36  9.600  99.64    -4.0 0 -9999.9 1 -9999.9 1     0.8 0   275.3 0   300.8 0   299.1 0   368.8 0   285.5 0   285.5 0     0.0 0    -0.2 0 -9999.9 1   -93.5 0 -9999.9 1 -9999.9 1 -9999.9 1 -9999.9 1    10.4 0 -9999.9 1
 1999 188  7  7  9 39  9.650  99.20    -3.9 0 -9999.9 1 -9999.9 1     0.2 0   276.4 0   300.8 0   298.8 0   367.6 0   285.6 0   285.5 0     0.0 0    -0.2 0 -9999.9 1   -91.2 0 -9999.9 1 -9999.9 1 -9999.9 1 -9999.9 1    37.4 0 -9999.9 1
 1999 188  7  7  9 42  9.700  98.76    -4.0 0 -9999.9 1 -9999.9 1     0.3 0   274.2 0   300.7 0   299.3 0   367.3 0   285.6 0   285.5 0     0.0 0    -0.2 0 -9999.9 1   -93.0 0 -9999.9 1 -9999.9 1 -9999.9 1 -9999.9 1    51.6 0 -9999.9 1
 1999 188  7  7  9 48  9.800  97.87    -3.6 0 -9999.9 1 -9999.9 1     0.3 0   271.5 0   300.7 0   299.8 0   365.6 0   285.5 0   285.5 0     0.0 0    -0.1 0 -9999.9 1   -94.1 0 -9999.9 1 -9999.9 1 -9999.9 1 -9999.9 1    29.6 0 -9999.9 1
 1999 188  7  7  9 51  9.850  97.42    -3.3 0 -9999.9 1 -9999.9 1     0.1 0   271.2 0   300.8 0   299.9 0   364.8 0   285.6 0   285.5 0     0.0 0    -0.1 0 -9999.9 1   -93.5 0 -9999.9 1 -9999.9 1 -9999.9 1 -9999.9 1    43.2 0 -9999.9 1
 1999 188  7  7  9 54  9.900  96.97    -3.3 0 -9999.9 1 -9999.9 1    -0.1 0   271.7 0   300.8 0   300.0 0   364.2 0   285.6 0   285.5 0     0.0 0    -0.1 0 -9999.9 1   -92.5 0 -9999.9 1 -9999.9 1 -9999.9 1 -9999.9 1    42.7 0 -9999.9 1
 1999 188  7  7  9 57  9.950  96.51    -3.3 0 -9999.9 1 -9999.9 1    -0.1 0   272.6 0   300.9 0   300.0 0   364.4 0   285.5 0   285.4 0     0.0 0    -0.1 0 -9999.9 1   -91.8 0 -9999.9 1 -9999.9 1 -9999.9 1 -9999.9 1    29.9 0 -9999.9 1
 1999 188  7  7 10  3 10.050  95.59    -3.3 0 -9999.9 1 -9999.9 1    -0.1 0   273.2 0   300.9 0   300.1 0   364.6 0   285.5 0   285.4 0     0.0 0    -0.1 0 -9999.9 1   -91.4 0 -9999.9 1 -9999.9 1 -9999.9 1 -9999.9 1    22.5 0 -9999.9 1
 1999 188  7  7 10  6 10.100  95.12    -3.1 0 -9999.9 1 -9999.9 1     0.0 0   272.7 0   300.9 0   300.1 0   364.1 0   285.4 0   285.4 0     0.0 0    -0.1 0 -9999.9 1   -91.4 0 -9999.9 1 -9999.9 1 -9999.9 1 -9999.9 1    25.1 0 -9999.9 1
 1999 188  7  7 10  9 10.150  94.65    -2.9 0 -9999.9 1 -9999.9 1    -0.1 0   273.4 0   301.0 0   300.1 0   363.6 0   285.5 0   285.4 0     0.0 0     0.0 0 -9999.9 1   -90.2 0 -9999.9 1 -9999.9 1 -9999.9 1 -9999.9 1    33.1 0 -9999.9 1
 1999 188  7  7 10 12 10.200  94.18    -2.9 0 -9999.9 1 -9999.9 1    -0.2 0   271.2 0   300.9 0   299.9 0   361.9 0   285.2 0   285.1 0     0.0 0     0.0 0 -9999.9 1   -90.8 0 -9999.9 1 -9999.9 1 -9999.9 1 -9999.9 1    28.2 0 -9999.9 1
 1999 188  7  7 10 18 10.300  93.23    -2.3 0 -9999.9 1 -9999.9 1     0.6 0   270.8 0   300.8 0   299.5 0   361.1 0   285.0 0   285.0 0     0.0 0     0.3 0 -9999.9 1   -90.3 0 -9999.9 1 -9999.9 1 -9999.9 1 -9999.9 1    22.3 0 -9999.9 1
 1999 188  7  7 10 21 10.350  92.75    -2.1 0 -9999.9 1 -9999.9 1     0.7 0   269.7 0   300.8 0   299.4 0   360.8 0   285.0 0   284.9 0     0.0 2     0.5 0 -9999.9 1   -91.1 0 -9999.9 1 -9999.9 1 -9999.9 1 -9999.9 1    15.3 0 -9999.9 1
 1999 188  7  7 10 24 10.400  92.26    -1.8 0 -9999.9 1 -9999.9 1     1.1 0   267.7 0   300.7 0   299.5 0   359.9 0   284.8 0   284.8 0     0.0 2     0.8 0 -9999.9 1   -92.1 0 -9999.9 1 -9999.9 1 -9999.9 1 -9999.9 1    15.2 0 -9999.9 1
 1999 188  7  7 10 27 10.450  91.78    -1.0 0 -9999.9 1 -9999.9 1     2.2 0   265.0 0   300.7 0   299.8 0   359.8 0   284.8 0   284.8 0     0.0 2     1.2 0 -9999.9 1   -94.8 0 -9999.9 1 -9999.9 1 -9999.9 1 -9999.9 1    21.1 0 -9999.9 1
 1999 188  7  7 10 33 10.550  90.80     1.0 0 -9999.9 1 -9999.9 1     4.6 0   267.3 0   301.1 0   300.2 0   361.4 0   285.2 0   285.1 0     0.0 0     2.4 0 -9999.9 1   -94.1 0 -9999.9 1 -9999.9 1 -9999.9 1 -9999.9 1    24.5 0 -9999.9 1
 1999 188  7  7 10 36 10.600  89.67     2.4 0 -9999.9 1 -9999.9 1     5.7 0   269.2 0   301.2 0   300.4 0   361.8 0   285.3 0   285.2 0     0.2 0     3.3 0 -9999.9 1   -92.6 0 -9999.9 1 -9999.9 1 -9999.9 1 -9999.9 1    22.9 0 -9999.9 1
 1999 188  7  7 10 39 10.650  89.29     3.8 0 -9999.9 1 -9999.9 1     6.9 0   269.5 0   301.2 0   300.2 0   361.8 0   285.2 0   285.2 0     0.3 0     4.2 0 -9999.9 1   -92.3 0 -9999.9 1 -9999.9 1 -9999.9 1 -9999.9 1    22.8 0 -9999.9 1
 1999 188  7  7 10 42 10.700  88.87     5.2 0 -9999.9 1 -9999.9 1     8.0 0   271.9 0   301.3 0   300.1 0   362.1 0   285.3 0   285.3 0     0.3 0     5.3 0 -9999.9 1   -90.2 0 -9999.9 1 -9999.9 1 -9999.9 1 -9999.9 1    26.1 0 -9999.9 1
 1999 188  7  7 10 48 10.800  87.98     9.0 0 -9999.9 1 -9999.9 1    11.9 0   275.4 0   301.6 0   300.1 0   363.6 0   285.5 0   285.5 0     0.6 0     8.7 0 -9999.9 1   -88.2 0 -9999.9 1 -9999.9 1 -9999.9 1 -9999.9 1    23.0 0 -9999.9 1
 1999 188  7  7 10 51 10.850  87.52    10.6 0 -9999.9 1 -9999.9 1    13.7 0   274.4 0   301.7 0   300.4 0   364.2 0   285.5 0   285.6 0     0.7 0    10.6 0 -9999.9 1   -89.8 0 -9999.9 1 -9999.9 1 -9999.9 1 -9999.9 1    29.1 0 -9999.9 1
 1999 188  7  7 10 54 10.900  87.04    14.3 0 -9999.9 1 -9999.9 1    15.5 0   274.1 0   301.9 0   300.7 0   365.0 0   285.6 0   285.6 0     0.8 0    12.8 0 -9999.9 1   -90.9 0 -9999.9 1 -9999.9 1 -9999.9 1 -9999.9 1    26.9 0 -9999.9 1
 1999 188  7  7 10 57 10.950  86.56    21.2 0 -9999.9 1 -9999.9 1    17.3 0   274.0 0   302.1 0   301.0 0   366.1 0   285.7 0   285.7 0     0.9 0    15.3 0 -9999.9 1   -92.1 0 -9999.9 1 -9999.9 1 -9999.9 1 -9999.9 1    30.3 0 -9999.9 1
 1999 188  7  7 11  3 11.050  85.57    38.7 0 -9999.9 1 -9999.9 1    19.7 0   274.0 0   302.5 0   301.4 0   367.8 0   285.8 0   285.9 0     1.3 0    21.2 0 -9999.9 1   -93.8 0 -9999.9 1 -9999.9 1 -9999.9 1 -9999.9 1    28.0 0 -9999.9 1
 1999 188  7  7 11  6 11.100  85.07    45.9 0 -9999.9 1 -9999.9 1    21.0 0   274.2 0   302.8 0   301.8 0   369.5 0   285.9 0   286.0 0     1.5 0    24.5 0 -9999.9 1   -95.2 0 -9999.9 1 -9999.9 1 -9999.9 1 -9999.9 1    24.1 0 -9999.9 1
 1999 188  7  7 11  9 11.150  84.57    52.5 0 -9999.9 1 -9999.9 1    23.0 0   277.0 0   303.0 0   301.9 0   371.4 0   286.1 0   286.1 0     1.8 0    28.0 0 -9999.9 1   -94.5 0 -9999.9 1 -9999.9 1 -9999.9 1 -9999.9 1    20.7 0 -9999.9 1
 1999 188  7  7 11 12 11.200  84.06    59.2 0 -9999.9 1 -9999.9 1    24.7 0   277.4 0   303.3 0   302.1 0   373.2 0   286.1 0   286.2 0     2.1 0    31.8 0 -9999.9 1   -95.8 0 -9999.9 1 -9999.9 1 -9999.9 1 -9999.9 1    19.5 0 -9999.9 1
 1999 188  7  7 11 18 11.300  83.03    73.6 0 -9999.9 1 -9999.9 1    27.8 0   278.3 0   303.8 0   302.7 0   376.4 0   286.3 0   286.3 0     2.7 0    40.1 0 -9999.9 1   -98.1 0 -9999.9 1 -9999.9 1 -9999.9 1 -9999.9 1    15.4 0 -9999.9 1
 1999 188  7  7 11 21 11.350  82.52    81.2 0 -9999.9 1 -9999.9 1    29.3 0   278.3 0   304.1 0   303.0 0   377.8 0   286.4 0   286.4 0     3.1 0    44.4 0 -9999.9 1   -99.5 0 -9999.9 1 -9999.9 1 -9999.9 1 -9999.9 1    14.4 0 -9999.9 1
 1999 188  7  7 11 24 11.400  82.00    89.2 0 -9999.9 1 -9999.9 1    31.0 0   279.4 0   304.5 0   303.1 0   379.4 0   286.5 0   286.6 0     3.4 0    48.7 0 -9999.9 1  -100.0 0 -9999.9 1 -9999.9 1 -9999.9 1 -9999.9 1    14.9 0 -9999.9 1
 1999 188  7  7 11 27 11.450  81.47    97.8 0 -9999.9 1 -9999.9 1    32.1 0   281.3 0   304.8 0   303.4 0   381.0 0   286.7 0   286.7 0     3.8 0    52.9 0 -9999.9 1   -99.7 0 -9999.9 1 -9999.9 1 -9999.9 1 -9999.9 1    12.6 0 -9999.9 1
 1999 188  7  7 11 33 11.550  80.42   116.4 0 -9999.9 1 -9999.9 1    34.2 0   278.1 0   305.4 0   304.3 0   383.8 0   286.9 0   287.0 0     4.6 0    61.0 0 -9999.9 1  -105.7 0 -9999.9 1 -9999.9 1 -9999.9 1 -9999.9 1    21.9 0 -9999.9 1
 1999 188  7  7 11 36 11.600  79.89   125.8 0 -9999.9 1 -9999.9 1    35.4 0   278.0 0   305.7 0   304.7 0   385.1 0   287.0 0   287.1 0     5.1 0    64.9 0 -9999.9 1  -107.1 0 -9999.9 1 -9999.9 1 -9999.9 1 -9999.9 1    23.1 0 -9999.9 1
 1999 188  7  7 11 39 11.650  79.36   136.2 0 -9999.9 1 -9999.9 1    36.6 0   278.8 0   306.0 0   304.8 0   386.3 0   287.1 0   287.2 0     5.6 0    69.1 0 -9999.9 1  -107.5 0 -9999.9 1 -9999.9 1 -9999.9 1 -9999.9 1    21.4 0 -9999.9 1
 1999 188  7  7 11 42 11.700  78.83   146.0 0 -9999.9 1 -9999.9 1    37.9 0   280.4 0   306.3 0   304.9 0   387.7 0   287.3 0   287.4 0     6.1 0    73.3 0 -9999.9 1  -107.3 0 -9999.9 1 -9999.9 1 -9999.9 1 -9999.9 1    17.9 0 -9999.9 1
 1999 188  7  7 11 48 11.800  77.75   166.5 0 -9999.9 1 -9999.9 1    40.0 0   282.0 0   306.9 0   305.3 0   389.6 0   287.6 0   287.7 0     7.3 0    82.4 0 -9999.9 1  -107.7 0 -9999.9 1 -9999.9 1 -9999.9 1 -9999.9 1    17.9 0 -9999.9 1
 1999 188  7  7 11 51 11.850  77.21   176.0 0 -9999.9 1 -9999.9 1    41.1 0   281.8 0   307.2 0   305.7 0   390.8 0   287.7 0   287.9 0     8.1 0    86.7 0 -9999.9 1  -109.0 0 -9999.9 1 -9999.9 1 -9999.9 1 -9999.9 1    19.1 0 -9999.9 1
 1999 188  7  7 11 54 11.900  76.67   185.0 0 -9999.9 1 -9999.9 1    42.4 0   284.9 0   307.6 0   305.8 0   392.3 0   288.0 0   288.1 0     8.7 0    90.5 0 -9999.9 1  -107.5 0 -9999.9 1 -9999.9 1 -9999.9 1 -9999.9 1    26.1 0 -9999.9 1
 1999 188  7  7 11 57 11.950  76.13   194.3 0 -9999.9 1 -9999.9 1    43.0 0   285.5 0   307.9 0   306.2 0   393.8 0   288.3 0   288.4 0     9.4 0    94.7 0 -9999.9 1  -108.3 0 -9999.9 1 -9999.9 1 -9999.9 1 -9999.9 1    31.2 0 -9999.9 1
 1999 188  7  7 12  3 12.050  75.04   216.0 0 -9999.9 1 -9999.9 1    44.5 0   286.5 0   308.3 0   306.4 0   394.7 0   288.5 0   288.7 0    10.9 0   104.0 0 -9999.9 1  -108.2 0 -9999.9 1 -9999.9 1 -9999.9 1 -9999.9 1    25.2 0 -9999.9 1
 1999 188  7  7 12  6 12.100  74.49   226.8 0 -9999.9 1 -9999.9 1    45.3 0   286.6 0   308.6 0   306.6 0   395.5 0   288.7 0   288.8 0    11.8 0   108.8 0 -9999.9 1  -108.9 0 -9999.9 1 -9999.9 1 -9999.9 1 -9999.9 1    29.4 0 -9999.9 1
 1999 188  7  7 12  9 12.150  73.95   237.5 0 -9999.9 1 -9999.9 1    45.7 0   285.0 0   308.8 0   307.1 0   397.4 0   288.9 0   289.0 0    12.5 0   113.4 0 -9999.9 1  -112.4 0 -9999.9 1 -9999.9 1 -9999.9 1 -9999.9 1    30.8 0 -9999.9 1
 1999 188  7  7 12 12 12.200  73.40   247.2 0 -9999.9 1 -9999.9 1    46.4 0   288.0 0   309.1 0   307.2 0   398.9 0   289.1 0   289.3 0    13.4 0   117.9 0 -9999.9 1  -111.0 0 -9999.9 1 -9999.9 1 -9999.9 1 -9999.9 1    35.1 0 -9999.9 1
 1999 188  7  7 12 18 12.300  72.29   268.6 0 -9999.9 1 -9999.9 1    48.3 0   288.7 0   309.4 0   307.2 0   399.6 0   289.4 0   289.5 0    15.1 0   127.8 0 -9999.9 1  -111.0 0 -9999.9 1 -9999.9 1 -9999.9 1 -9999.9 1    29.7 0 -9999.9 1
 1999 188  7  7 12 21 12.350  71.74   280.9 0 -9999.9 1 -9999.9 1    49.2 0   286.2 0   309.3 0   307.2 0   399.5 0   289.3 0   289.5 0    16.0 0   133.4 0 -9999.9 1  -113.3 0 -9999.9 1 -9999.9 1 -9999.9 1 -9999.9 1    34.2 0 -9999.9 1
 1999 188  7  7 12 24 12.400  71.19   291.8 0 -9999.9 1 -9999.9 1    49.6 0   285.8 0   309.5 0   307.6 0   401.3 0   289.5 0   289.7 0    17.4 0   138.2 0 -9999.9 1  -115.5 0 -9999.9 1 -9999.9 1 -9999.9 1 -9999.9 1    30.5 0 -9999.9 1
 1999 188  7  7 12 27 12.450  70.63   302.6 0 -9999.9 1 -9999.9 1    50.3 0   285.7 0   309.7 0   307.8 0   402.3 0   289.8 0   289.9 0    18.4 0   142.3 0 -9999.9 1  -116.5 0 -9999.9 1 -9999.9 1 -9999.9 1 -9999.9 1    30.6 0 -9999.9 1
 1999 188  7  7 12 33 12.550  69.52   325.8 0 -9999.9 1 -9999.9 1    52.4 0   282.9 0   309.8 0   307.8 0   403.5 0   289.9 0   290.1 0    20.7 0   152.9 0 -9999.9 1  -120.6 0 -9999.9 1 -9999.9 1 -9999.9 1 -9999.9 1    41.0 0 -9999.9 1
 1999 188  7  7 12 36 12.600  68.96   337.5 0 -9999.9 1 -9999.9 1    53.0 0   283.2 0   309.7 0   307.5 0   402.3 0   289.9 0   290.1 0    21.9 2   157.4 0 -9999.9 1  -119.2 0 -9999.9 1 -9999.9 1 -9999.9 1 -9999.9 1    45.2 0 -9999.9 1
 1999 188  7  7 12 39 12.650  68.40   350.0 0 -9999.9 1 -9999.9 1    53.9 0   281.1 0   309.7 0   307.6 0   403.2 0   289.9 0   290.1 0    23.1 2   162.6 0 -9999.9 1  -122.1 0 -9999.9 1 -9999.9 1 -9999.9 1 -9999.9 1    44.3 0 -9999.9 1
 1999 188  7  7 12 42 12.700  67.84   361.5 0 -9999.9 1 -9999.9 1    54.3 0   279.2 0   309.8 0   308.1 0   405.1 0   290.1 0   290.3 0    24.7 2   168.2 0 -9999.9 1  -125.9 0 -9999.9 1 -9999.9 1 -9999.9 1 -9999.9 1    48.6 0 -9999.9 1
 1999 188  7  7 12 48 12.800  66.71   383.6 0 -9999.9 1 -9999.9 1    55.8 0   281.3 0   310.0 0   308.1 0   406.0 0   290.5 0   290.7 0    27.2 2   177.1 0 -9999.9 1  -124.6 0 -9999.9 1 -9999.9 1 -9999.9 1 -9999.9 1    43.7 0 -9999.9 1
 1999 188  7  7 12 51 12.850  66.15   392.4 0 -9999.9 1 -9999.9 1    56.6 0   284.9 0   310.3 0   308.3 0   407.9 0   290.8 0   291.0 0    28.5 2   180.6 0 -9999.9 1  -123.0 0 -9999.9 1 -9999.9 1 -9999.9 1 -9999.9 1    43.9 0 -9999.9 1
 1999 188  7  7 12 54 12.900  65.58   402.6 0 -9999.9 1 -9999.9 1    57.3 0   286.6 0   310.4 0   308.4 0   410.2 0   291.1 0   291.3 0    29.7 2   185.1 0 -9999.9 1  -123.6 0 -9999.9 1 -9999.9 1 -9999.9 1 -9999.9 1    44.0 0 -9999.9 1
 1999 188  7  7 12 57 12.950  65.02   413.0 0 -9999.9 1 -9999.9 1    57.6 0   286.1 0   310.6 0   309.0 0   413.6 0   291.4 0   291.6 0    31.2 0   188.1 0 -9999.9 1  -127.5 0 -9999.9 1 -9999.9 1 -9999.9 1 -9999.9 1    36.5 0 -9999.9 1
 1999 188  7  7 13  3 13.050  63.89   434.3 0 -9999.9 1 -9999.9 1    59.3 0   288.0 0   311.0 0   309.4 0   415.8 0   291.8 0   292.1 0    34.8 0   197.8 0 -9999.9 1  -127.8 0 -9999.9 1 -9999.9 1 -9999.9 1 -9999.9 1    24.8 0 -9999.9 1
 1999 188  7  7 13  6 13.100  63.32   444.2 0 -9999.9 1 -9999.9 1    60.4 0   288.9 0   311.3 0   309.8 0   416.3 0   292.1 0   292.4 0    36.5 0   202.2 0 -9999.9 1  -127.4 0 -9999.9 1 -9999.9 1 -9999.9 1 -9999.9 1    28.3 0 -9999.9 1
 1999 188  7  7 13  9 13.150  62.75   454.4 0 -9999.9 1 -9999.9 1    61.2 0   290.7 0   311.5 0   309.9 0   418.3 0   292.3 0   292.6 0    38.0 0   206.9 0 -9999.9 1  -127.6 0 -9999.9 1 -9999.9 1 -9999.9 1 -9999.9 1    26.9 0 -9999.9 1
 1999 188  7  7 13 12 13.200  62.18   465.9 0 -9999.9 1 -9999.9 1    61.4 0   288.7 0   311.6 0   310.0 0   421.1 0   292.4 0   292.7 0    39.4 0   212.0 0 -9999.9 1  -132.4 0 -9999.9 1 -9999.9 1 -9999.9 1 -9999.9 1    38.5 0 -9999.9 1
 1999 188  7  7 13 18 13.300  61.05   486.5 0 -9999.9 1 -9999.9 1    62.9 0   290.9 0   312.0 0   310.8 0   422.2 0   292.9 0   293.2 0    42.9 0   221.8 0 -9999.9 1  -131.3 0 -9999.9 1 -9999.9 1 -9999.9 1 -9999.9 1    20.1 0 -9999.9 1
 1999 188  7  7 13 21 13.350  60.48   496.9 0 -9999.9 1 -9999.9 1    63.2 0   292.3 0   312.3 0   311.1 0   424.4 0   293.2 0   293.4 0    44.8 0   226.3 0 -9999.9 1  -132.1 0 -9999.9 1 -9999.9 1 -9999.9 1 -9999.9 1    20.0 0 -9999.9 1
 1999 188  7  7 13 24 13.400  59.91   508.4 0 -9999.9 1 -9999.9 1    63.7 0   292.0 0   312.5 0   311.3 0   424.9 0   293.4 0   293.6 0    47.2 0   231.3 0 -9999.9 1  -132.9 0 -9999.9 1 -9999.9 1 -9999.9 1 -9999.9 1    11.5 0 -9999.9 1
 1999 188  7  7 13 27 13.450  59.33   518.8 0 -9999.9 1 -9999.9 1    64.8 0   291.2 0   312.8 0   311.6 0   425.7 0   293.5 0   293.8 0    49.0 0   236.0 0 -9999.9 1  -134.5 0 -9999.9 1 -9999.9 1 -9999.9 1 -9999.9 1    18.1 0 -9999.9 1
 1999 188  7  7 13 33 13.550  58.19   540.5 0 -9999.9 1 -9999.9 1    64.3 0   294.4 0   313.5 0   312.2 0   428.6 0   294.1 0   294.4 0    53.2 0   245.2 0 -9999.9 1  -134.2 0 -9999.9 1 -9999.9 1 -9999.9 1 -9999.9 1    33.7 0 -9999.9 1
 1999 188  7  7 13 36 13.600  57.62   550.0 0 -9999.9 1 -9999.9 1    64.6 0   299.1 0   313.8 0   312.0 0   429.0 0   294.4 0   294.6 0    55.3 0   249.4 0 -9999.9 1  -130.0 0 -9999.9 1 -9999.9 1 -9999.9 1 -9999.9 1    43.3 0 -9999.9 1
 1999 188  7  7 13 39 13.650  57.05   559.9 0 -9999.9 1 -9999.9 1    65.0 0   296.0 0   314.0 0   312.2 0   430.0 0   294.6 0   294.8 0    57.4 0   253.8 0 -9999.9 1  -134.0 0 -9999.9 1 -9999.9 1 -9999.9 1 -9999.9 1    38.6 0 -9999.9 1
 1999 188  7  7 13 42 13.700  56.47   570.1 0 -9999.9 1 -9999.9 1    65.9 0   296.1 0   314.2 0   312.5 0   430.8 0   294.7 0   295.0 0    59.4 0   258.2 0 -9999.9 1  -134.7 0 -9999.9 1 -9999.9 1 -9999.9 1 -9999.9 1    47.2 0 -9999.9 1
 1999 188  7  7 13 48 13.800  55.33   587.4 0 -9999.9 1 -9999.9 1    66.9 0   297.5 0   314.6 0   313.0 0   432.4 0   295.2 0   295.5 0    63.8 0   265.6 0 -9999.9 1  -134.9 0 -9999.9 1 -9999.9 1 -9999.9 1 -9999.9 1    65.2 0 -9999.9 1
 1999 188  7  7 13 51 13.850  54.75   598.5 0 -9999.9 1 -9999.9 1    67.9 0   296.1 0   314.6 0   313.2 0   433.0 0   295.3 0   295.6 0    66.5 0   270.4 0 -9999.9 1  -136.9 0 -9999.9 1 -9999.9 1 -9999.9 1 -9999.9 1    64.9 0 -9999.9 1
 1999 188  7  7 13 54 13.900  54.18   608.3 0 -9999.9 1 -9999.9 1    68.2 0   294.7 0   314.8 0   313.7 0   435.1 0   295.5 0   295.8 0    70.2 0   275.1 0 -9999.9 1  -140.4 0 -9999.9 1 -9999.9 1 -9999.9 1 -9999.9 1    44.5 0 -9999.9 1
 1999 188  7  7 13 57 13.950  53.61   618.4 0 -9999.9 1 -9999.9 1    68.9 0   294.5 0   314.9 0   313.7 0   434.5 0   295.7 0   295.9 0    72.8 0   280.1 0 -9999.9 1  -140.0 0 -9999.9 1 -9999.9 1 -9999.9 1 -9999.9 1    49.1 0 -9999.9 1
 1999 188  7  7 14  3 14.050  52.46   642.1 0 -9999.9 1 -9999.9 1    69.6 0   293.2 0   315.1 0   313.8 0   436.3 0   295.8 0   296.1 0    78.6 0   289.8 0 -9999.9 1  -143.2 0 -9999.9 1 -9999.9 1 -9999.9 1 -9999.9 1    48.0 0 -9999.9 1
 1999 188  7  7 14  6 14.100  51.89   652.6 0 -9999.9 1 -9999.9 1    70.8 0   293.9 0   315.2 0   313.8 0   435.6 0   295.9 0   296.2 0    81.0 0   293.8 0 -9999.9 1  -141.6 0 -9999.9 1 -9999.9 1 -9999.9 1 -9999.9 1    39.0 0 -9999.9 1
 1999 188  7  7 14  9 14.150  51.31   660.8 0 -9999.9 1 -9999.9 1    72.0 0   295.0 0   315.4 0   314.2 0   436.3 0   296.1 0   296.4 0    83.9 0   297.6 0 -9999.9 1  -141.4 0 -9999.9 1 -9999.9 1 -9999.9 1 -9999.9 1    40.7 0 -9999.9 1
 1999 188  7  7 14 12 14.200  50.74   668.9 0 -9999.9 1 -9999.9 1    72.4 0   294.1 0   315.7 0   314.9 0   437.5 0   296.4 0   296.7 0    86.3 0   300.5 0 -9999.9 1  -143.4 0 -9999.9 1 -9999.9 1 -9999.9 1 -9999.9 1    12.3 0 -9999.9 1
 1999 188  7  7 14 18 14.300  49.59   687.9 0 -9999.9 1 -9999.9 1    73.7 0   299.4 0   316.2 0   315.0 0   439.8 0   296.8 0   297.1 0    90.7 0   309.2 0 -9999.9 1  -140.4 0 -9999.9 1 -9999.9 1 -9999.9 1 -9999.9 1    35.5 0 -9999.9 1
 1999 188  7  7 14 21 14.350  49.02   700.0 0 -9999.9 1 -9999.9 1    74.4 0   301.3 0   316.4 0   314.8 0   438.4 0   296.9 0   297.2 0    93.1 0   314.4 0 -9999.9 1  -137.1 0 -9999.9 1 -9999.9 1 -9999.9 1 -9999.9 1    24.8 0 -9999.9 1
 1999 188  7  7 14 24 14.400  48.45   706.4 0 -9999.9 1 -9999.9 1    74.8 0   301.3 0   316.7 0   315.5 0   440.9 0   297.1 0   297.4 0    95.2 0   317.0 0 -9999.9 1  -139.6 0 -9999.9 1 -9999.9 1 -9999.9 1 -9999.9 1    21.2 0 -9999.9 1
 1999 188  7  7 14 27 14.450  47.88   715.8 0 -9999.9 1 -9999.9 1    75.5 0   305.5 0   316.9 0   315.3 0   441.3 0   297.3 0   297.6 0    97.4 0   321.0 0 -9999.9 1  -135.8 0 -9999.9 1 -9999.9 1 -9999.9 1 -9999.9 1    28.9 0 -9999.9 1
 1999 188  7  7 14 33 14.550  46.74   733.2 0 -9999.9 1 -9999.9 1    75.9 0   308.9 0   317.4 0   315.7 0   443.0 0   297.6 0   297.9 0   102.4 0   328.2 0 -9999.9 1  -134.2 0 -9999.9 1 -9999.9 1 -9999.9 1 -9999.9 1    51.8 0 -9999.9 1
 1999 188  7  7 14 36 14.600  46.17   743.0 0 -9999.9 1 -9999.9 1    75.7 0   304.4 0   317.3 0   316.0 0   444.0 0   297.5 0   297.8 0   106.4 0   332.5 0 -9999.9 1  -139.7 0 -9999.9 1 -9999.9 1 -9999.9 1 -9999.9 1    52.3 0 -9999.9 1
 1999 188  7  7 14 39 14.650  45.60   752.2 0 -9999.9 1 -9999.9 1    75.7 0   309.8 0   317.5 0   315.9 0   446.1 0   297.8 0   298.0 0   109.9 0   336.5 0 -9999.9 1  -136.3 0 -9999.9 1 -9999.9 1 -9999.9 1 -9999.9 1    38.7 0 -9999.9 1
 1999 188  7  7 14 42 14.700  45.03   764.6 0 -9999.9 1 -9999.9 1    76.8 0   306.9 0   317.5 0   315.9 0   445.0 0   297.7 0   298.0 0   113.1 0   341.7 0 -9999.9 1  -138.1 0 -9999.9 1 -9999.9 1 -9999.9 1 -9999.9 1    37.0 0 -9999.9 1
 1999 188  7  7 14 48 14.800  43.89   782.3 0 -9999.9 1 -9999.9 1    78.0 0   307.3 0   317.4 0   315.6 0   444.5 0   297.6 0   297.9 0   119.9 2   349.1 0 -9999.9 1  -137.1 0 -9999.9 1 -9999.9 1 -9999.9 1 -9999.9 1    49.7 0 -9999.9 1
 1999 188  7  7 14 51 14.850  43.32   794.1 0 -9999.9 1 -9999.9 1    78.7 0   304.4 0   317.4 0   316.1 0   446.4 0   297.7 0   297.9 0   122.7 2   353.6 0 -9999.9 1  -142.0 0 -9999.9 1 -9999.9 1 -9999.9 1 -9999.9 1    37.5 0 -9999.9 1
 1999 188  7  7 14 54 14.900  42.76   803.2 0 -9999.9 1 -9999.9 1    79.7 0   302.2 0   317.5 0   316.6 0   448.0 0   297.8 0   298.1 0   125.5 2   357.4 0 -9999.9 1  -145.8 0 -9999.9 1 -9999.9 1 -9999.9 1 -9999.9 1    36.7 0 -9999.9 1
 1999 188  7  7 14 57 14.950  42.19   810.4 0 -9999.9 1 -9999.9 1    80.9 0   303.0 0   317.5 0   316.3 0   446.9 0   297.8 0   298.0 0   127.2 2   361.0 0 -9999.9 1  -143.9 0 -9999.9 1 -9999.9 1 -9999.9 1 -9999.9 1    53.0 0 -9999.9 1
 1999 188  7  7 15  3 15.050  41.07   830.4 0 -9999.9 1 -9999.9 1    82.1 0   301.8 0   317.7 0   316.7 0   448.6 0   297.9 0   298.2 0   133.1 2   368.3 0 -9999.9 1  -146.7 0 -9999.9 1 -9999.9 1 -9999.9 1 -9999.9 1    20.7 0 -9999.9 1
 1999 188  7  7 15  6 15.100  40.51   839.6 0 -9999.9 1 -9999.9 1    82.3 0   301.2 0   317.8 0   316.8 0   450.3 0   298.0 0   298.2 0   135.4 2   371.6 0 -9999.9 1  -149.1 0 -9999.9 1 -9999.9 1 -9999.9 1 -9999.9 1    45.2 0 -9999.9 1
 1999 188  7  7 15  9 15.150  39.95   846.0 0 -9999.9 1 -9999.9 1    82.2 0   300.9 0   318.0 0   317.3 0   450.6 0   298.3 0   298.5 0   137.7 2   374.2 0 -9999.9 1  -149.7 0 -9999.9 1 -9999.9 1 -9999.9 1 -9999.9 1    15.7 0 -9999.9 1
 1999 188  7  7 15 12 15.200  39.39   853.1 0 -9999.9 1 -9999.9 1    82.2 0   302.5 0   318.3 0   317.2 0   451.1 0   298.5 0   298.7 0   141.3 2   377.4 0 -9999.9 1  -148.6 0 -9999.9 1 -9999.9 1 -9999.9 1 -9999.9 1    69.9 0 -9999.9 1
 1999 188  7  7 15 18 15.300  38.28   865.6 0 -9999.9 1 -9999.9 1    83.0 0   302.5 0   318.7 0   317.9 0   454.5 0   298.9 0   299.2 0   148.5 0   382.0 0 -9999.9 1  -151.9 0 -9999.9 1 -9999.9 1 -9999.9 1 -9999.9 1    60.7 0 -9999.9 1
 1999 188  7  7 15 21 15.350  37.72   871.5 0 -9999.9 1 -9999.9 1    84.6 0   305.9 0   318.8 0   317.7 0   453.4 0   299.1 0   299.3 0   150.5 0   384.9 0 -9999.9 1  -147.5 0 -9999.9 1 -9999.9 1 -9999.9 1 -9999.9 1    55.6 0 -9999.9 1
 1999 188  7  7 15 24 15.400  37.17   880.5 0 -9999.9 1 -9999.9 1    84.5 0   303.3 0   318.9 0   318.0 0   453.9 0   299.1 0   299.3 0   152.7 2   388.9 0 -9999.9 1  -150.6 0 -9999.9 1 -9999.9 1 -9999.9 1 -9999.9 1    33.4 0 -9999.9 1
 1999 188  7  7 15 27 15.450  36.62   885.5 0 -9999.9 1 -9999.9 1    84.2 0   304.4 0   319.2 0   318.6 0   454.4 0   299.4 0   299.6 0   155.3 0   391.0 0 -9999.9 1  -150.0 0 -9999.9 1 -9999.9 1 -9999.9 1 -9999.9 1    32.0 0 -9999.9 1
 1999 188  7  7 15 33 15.550  35.53   899.0 0 -9999.9 1 -9999.9 1    85.5 0   306.6 0   319.5 0   318.3 0   457.4 0   299.5 0   299.7 0   159.6 0   396.6 0 -9999.9 1  -150.7 0 -9999.9 1 -9999.9 1 -9999.9 1 -9999.9 1    62.6 0 -9999.9 1
 1999 188  7  7 15 36 15.600  34.98   902.8 0 -9999.9 1 -9999.9 1    85.6 0   309.8 0   319.7 0   318.8 0   456.8 0   299.7 0   299.9 0   162.0 0   398.5 0 -9999.9 1  -147.0 0 -9999.9 1 -9999.9 1 -9999.9 1 -9999.9 1    32.5 0 -9999.9 1
 1999 188  7  7 15 39 15.650  34.44   909.2 0 -9999.9 1 -9999.9 1    86.5 0   312.9 0   319.9 0   318.7 0   455.7 0   299.8 0   300.0 0   165.6 0   401.4 0 -9999.9 1  -142.7 0 -9999.9 1 -9999.9 1 -9999.9 1 -9999.9 1    29.9 0 -9999.9 1
 1999 188  7  7 15 42 15.700  33.90   914.5 0 -9999.9 1 -9999.9 1    86.8 0   312.1 0   320.0 0   318.9 0   456.7 0   299.9 0   300.1 0   170.6 0   403.2 0 -9999.9 1  -144.7 0 -9999.9 1 -9999.9 1 -9999.9 1 -9999.9 1    15.7 0 -9999.9 1
 1999 188  7  7 15 48 15.800  32.83   924.0 0 -9999.9 1 -9999.9 1    85.7 0   309.8 0   320.5 0   319.9 0   460.3 0   300.4 0   300.5 0   175.2 0   407.0 0 -9999.9 1  -150.5 0 -9999.9 1 -9999.9 1 -9999.9 1 -9999.9 1    57.7 0 -9999.9 1
 1999 188  7  7 15 51 15.850  32.30   930.8 0 -9999.9 1 -9999.9 1    87.4 0   316.6 0   320.5 0   319.5 0   459.2 0   300.4 0   300.6 0   177.0 0   410.1 0 -9999.9 1  -142.6 0 -9999.9 1 -9999.9 1 -9999.9 1 -9999.9 1    10.5 0 -9999.9 1
 1999 188  7  7 15 54 15.900  31.78   938.4 0 -9999.9 1 -9999.9 1    87.4 0   309.8 0   320.6 0   319.9 0   459.6 0   300.4 0   300.6 0   180.0 0   413.0 0 -9999.9 1  -149.8 0 -9999.9 1 -9999.9 1 -9999.9 1 -9999.9 1    52.0 0 -9999.9 1
 1999 188  7  7 15 57 15.950  31.25   945.9 0 -9999.9 1 -9999.9 1    86.5 0   302.3 0   320.8 0   320.5 0   459.7 0   300.5 0   300.7 0   184.5 0   415.6 0 -9999.9 1  -157.4 0 -9999.9 1 -9999.9 1 -9999.9 1 -9999.9 1   216.9 0 -9999.9 1
 1999 188  7  7 16  3 16.050  30.22   958.1 0 -9999.9 1 -9999.9 1    87.9 0   308.7 0   320.9 0   320.4 0   462.9 0   300.7 0   300.9 0   189.8 0   420.5 0 -9999.9 1  -154.2 0 -9999.9 1 -9999.9 1 -9999.9 1 -9999.9 1   122.3 0 -9999.9 1
 1999 188  7  7 16  6 16.100  29.71   963.7 0 -9999.9 1 -9999.9 1    87.3 0   308.2 0   321.1 0   320.8 0   463.7 0   300.9 0   301.1 0   194.6 0   422.9 0 -9999.9 1  -155.5 0 -9999.9 1 -9999.9 1 -9999.9 1 -9999.9 1    37.0 0 -9999.9 1
 1999 188  7  7 16  9 16.150  29.20   967.7 0 -9999.9 1 -9999.9 1    87.6 0   313.1 0   321.3 0   320.8 0   463.5 0   301.1 0   301.2 0   195.2 0   424.4 0 -9999.9 1  -150.4 0 -9999.9 1 -9999.9 1 -9999.9 1 -9999.9 1    19.3 0 -9999.9 1
 1999 188  7  7 16 12 16.200  28.70   975.6 0 -9999.9 1 -9999.9 1    87.0 0   306.7 0   321.4 0   320.7 0   460.0 0   301.1 0   301.1 0   197.2 0   427.2 0 -9999.9 1  -153.3 0 -9999.9 1 -9999.9 1 -9999.9 1 -9999.9 1   197.3 0 -9999.9 1
 1999 188  7  7 16 18 16.300  27.71   989.5 0 -9999.9 1 -9999.9 1    88.4 0   313.1 0   321.6 0   321.0 0   462.1 0   301.1 0   301.3 0   203.7 0   433.5 0 -9999.9 1  -149.0 0 -9999.9 1 -9999.9 1 -9999.9 1 -9999.9 1     0.2 0 -9999.9 1
 1999 188  7  7 16 21 16.350  27.22   994.9 0 -9999.9 1 -9999.9 1    89.2 0   317.7 0   321.7 0   320.6 0   461.4 0   301.1 0   301.2 0   207.1 0   436.2 0 -9999.9 1  -143.7 0 -9999.9 1 -9999.9 1 -9999.9 1 -9999.9 1    13.9 0 -9999.9 1
 1999 188  7  7 16 24 16.400  26.74  1000.0 0 -9999.9 1 -9999.9 1    88.6 0   308.7 0   321.8 0   321.1 0   462.7 0   301.1 0   301.3 0   208.6 0   438.4 0 -9999.9 1  -154.0 0 -9999.9 1 -9999.9 1 -9999.9 1 -9999.9 1    88.7 0 -9999.9 1
 1999 188  7  7 16 27 16.450  26.27  1010.5 0 -9999.9 1 -9999.9 1    86.9 0   303.7 0   321.8 0   322.0 0   461.1 0   301.1 0   301.4 0   211.6 0   442.8 0 -9999.9 1  -157.4 0 -9999.9 1 -9999.9 1 -9999.9 1 -9999.9 1   284.8 0 -9999.9 1
 1999 188  7  7 16 33 16.550  25.34  1013.7 0 -9999.9 1 -9999.9 1    87.0 0   311.1 0   322.2 0   322.0 0   462.8 0   301.5 0   301.7 0   215.4 0   444.3 0 -9999.9 1  -151.7 0 -9999.9 1 -9999.9 1 -9999.9 1 -9999.9 1     1.7 0 -9999.9 1
 1999 188  7  7 16 36 16.600  24.88  1016.6 0 -9999.9 1 -9999.9 1    87.5 0   315.1 0   322.4 0   321.6 0   463.8 0   301.7 0   301.9 0   219.7 0   445.8 0 -9999.9 1  -148.7 0 -9999.9 1 -9999.9 1 -9999.9 1 -9999.9 1   323.0 0 -9999.9 1
 1999 188  7  7 16 39 16.650  24.44  1023.9 0 -9999.9 1 -9999.9 1    87.8 0   313.1 0   322.4 0   321.2 0   463.1 0   301.7 0   301.9 0   220.2 0   448.5 0 -9999.9 1  -149.9 0 -9999.9 1 -9999.9 1 -9999.9 1 -9999.9 1   297.1 0 -9999.9 1
 1999 188  7  7 16 42 16.700  24.00  1033.8 0 -9999.9 1 -9999.9 1    89.6 0   316.0 0   322.1 0   320.7 0   460.1 0   301.4 0   301.6 0   222.4 0   453.0 0 -9999.9 1  -144.1 0 -9999.9 1 -9999.9 1 -9999.9 1 -9999.9 1   299.0 0 -9999.9 1
 1999 188  7  7 16 48 16.800  23.15  1043.0 0 -9999.9 1 -9999.9 1    88.5 0   312.8 0   321.9 0   320.7 0   462.2 0   301.2 0   301.4 0   224.7 2   456.6 0 -9999.9 1  -149.4 0 -9999.9 1 -9999.9 1 -9999.9 1 -9999.9 1   342.2 0 -9999.9 1
 1999 188  7  7 16 51 16.850  22.74  1046.6 0 -9999.9 1 -9999.9 1    87.6 0   316.0 0   321.9 0   320.9 0   462.4 0   301.3 0   301.5 0   227.3 0   457.7 0 -9999.9 1  -146.4 0 -9999.9 1 -9999.9 1 -9999.9 1 -9999.9 1   345.0 0 -9999.9 1
 1999 188  7  7 16 54 16.900  22.34  1051.2 0 -9999.9 1 -9999.9 1    85.5 0   313.9 0   322.0 0   321.4 0   463.9 0   301.4 0   301.7 0   230.9 0   459.3 0 -9999.9 1  -150.0 0 -9999.9 1 -9999.9 1 -9999.9 1 -9999.9 1   346.0 0 -9999.9 1
 1999 188  7  7 16 57 16.950  21.95  1061.1 0 -9999.9 1 -9999.9 1    86.3 0   311.5 0   321.7 0   320.6 0   462.7 0   301.2 0   301.4 0   232.1 2   463.6 0 -9999.9 1  -151.2 0 -9999.9 1 -9999.9 1 -9999.9 1 -9999.9 1   336.0 0 -9999.9 1
 1999 188  7  7 17  3 17.050  21.21  1064.6 0 -9999.9 1 -9999.9 1    86.4 0   316.2 0   321.7 0   320.5 0   461.9 0   301.2 0   301.5 0   234.6 0   465.1 0 -9999.9 1  -145.7 0 -9999.9 1 -9999.9 1 -9999.9 1 -9999.9 1   320.1 0 -9999.9 1
 1999 188  7  7 17  6 17.100  20.85  1064.0 0 -9999.9 1 -9999.9 1    83.5 0   309.0 0   321.6 0   320.9 0   462.9 0   301.1 0   301.4 0   239.0 0   464.4 0 -9999.9 1  -154.0 0 -9999.9 1 -9999.9 1 -9999.9 1 -9999.9 1   295.2 0 -9999.9 1
 1999 188  7  7 17  9 17.150  20.52  1062.5 0 -9999.9 1 -9999.9 1    81.7 0   312.1 0   321.6 0   321.1 0   463.5 0   301.3 0   301.6 0   241.9 0   463.9 0 -9999.9 1  -151.4 0 -9999.9 1 -9999.9 1 -9999.9 1 -9999.9 1   239.0 0 -9999.9 1
 1999 188  7  7 17 12 17.200  20.19  1065.8 0 -9999.9 1 -9999.9 1    80.5 0   310.2 0   321.8 0   321.5 0   465.9 0   301.5 0   301.8 0   244.5 0   465.2 0 -9999.9 1  -155.7 0 -9999.9 1 -9999.9 1 -9999.9 1 -9999.9 1   254.8 0 -9999.9 1
 1999 188  7  7 17 18 17.300  19.58  1062.0 0 -9999.9 1 -9999.9 1    83.9 0   315.7 0   321.5 0   320.6 0   463.6 0   301.5 0   301.7 0   240.1 0   463.4 0 -9999.9 1  -147.9 0 -9999.9 1 -9999.9 1 -9999.9 1 -9999.9 1   335.6 0 -9999.9 1
 1999 188  7  7 17 21 17.350  19.31  1066.7 0 -9999.9 1 -9999.9 1    84.1 0   318.8 0   321.5 0   320.1 0   464.6 0   301.6 0   301.8 0   242.3 0   465.0 0 -9999.9 1  -145.8 0 -9999.9 1 -9999.9 1 -9999.9 1 -9999.9 1   320.0 0 -9999.9 1
 1999 188  7  7 17 24 17.400  19.04  1068.7 0 -9999.9 1 -9999.9 1    83.7 0   315.8 0   321.4 0   320.5 0   464.5 0   301.5 0   301.8 0   243.4 0   465.6 0 -9999.9 1  -148.8 0 -9999.9 1 -9999.9 1 -9999.9 1 -9999.9 1   334.9 0 -9999.9 1
 1999 188  7  7 17 27 17.450  18.80  1071.4 0 -9999.9 1 -9999.9 1    81.2 0   315.6 0   321.4 0   320.3 0   465.5 0   301.6 0   301.8 0   245.0 0   466.3 0 -9999.9 1  -149.9 0 -9999.9 1 -9999.9 1 -9999.9 1 -9999.9 1   326.0 0 -9999.9 1
 1999 188  7  7 17 33 17.550  18.37  1080.5 0 -9999.9 1 -9999.9 1    81.2 0   315.8 0   321.2 0   320.1 0   464.2 0   301.4 0   301.7 0   251.0 0   470.4 0 -9999.9 1  -148.4 0 -9999.9 1 -9999.9 1 -9999.9 1 -9999.9 1   332.5 0 -9999.9 1
 1999 188  7  7 17 36 17.600  18.18  1082.3 0 -9999.9 1 -9999.9 1    78.9 0   311.6 0   321.1 0   320.5 0   465.0 0   301.4 0   301.7 0   255.4 0   471.1 0 -9999.9 1  -153.4 0 -9999.9 1 -9999.9 1 -9999.9 1 -9999.9 1   333.1 0 -9999.9 1
 1999 188  7  7 17 39 17.650  18.02  1088.9 0 -9999.9 1 -9999.9 1    76.6 0   310.9 0   321.0 0   320.0 0   465.0 0   301.3 0   301.6 0   256.1 0   473.7 0 -9999.9 1  -154.1 0 -9999.9 1 -9999.9 1 -9999.9 1 -9999.9 1   288.5 0 -9999.9 1
 1999 188  7  7 17 42 17.700  17.87  1095.6 0 -9999.9 1 -9999.9 1    75.7 0   307.5 0   320.8 0   319.9 0   464.3 0   301.2 0   301.5 0   254.9 2   476.2 0 -9999.9 1  -156.8 0 -9999.9 1 -9999.9 1 -9999.9 1 -9999.9 1   288.8 0 -9999.9 1
 1999 188  7  7 17 48 17.800  17.65  1108.9 0 -9999.9 1 -9999.9 1    74.0 0   303.3 0   320.5 0   319.7 0   466.2 0   301.3 0   301.6 0   261.1 2   480.5 0 -9999.9 1  -162.9 0 -9999.9 1 -9999.9 1 -9999.9 1 -9999.9 1   309.1 0 -9999.9 1
 1999 188  7  7 17 51 17.850  17.57  1112.1 0 -9999.9 1 -9999.9 1    73.9 0   299.5 0   320.5 0   319.9 0   465.7 0   301.4 0   301.6 0   261.2 2   481.2 0 -9999.9 1  -166.2 0 -9999.9 1 -9999.9 1 -9999.9 1 -9999.9 1   311.1 0 -9999.9 1
 1999 188  7  7 17 54 17.900  17.51  1113.7 0 -9999.9 1 -9999.9 1    74.6 0   302.7 0   320.5 0   320.2 0   465.0 0   301.4 0   301.7 0   260.8 2   481.7 0 -9999.9 1  -162.3 0 -9999.9 1 -9999.9 1 -9999.9 1 -9999.9 1   359.5 0 -9999.9 1
 1999 188  7  7 17 57 17.950  17.48  1111.1 0 -9999.9 1 -9999.9 1    75.1 0   301.4 0   320.6 0   320.3 0   464.9 0   301.5 0   301.8 0   258.0 2   481.3 0 -9999.9 1  -163.5 0 -9999.9 1 -9999.9 1 -9999.9 1 -9999.9 1   322.8 0 -9999.9 1
 1999 188  7  7 18  3 18.050  17.48  1107.0 0 -9999.9 1 -9999.9 1    77.5 0   303.6 0   320.8 0   320.2 0   466.2 0   301.8 0   302.0 0   258.1 2   480.8 0 -9999.9 1  -162.6 0 -9999.9 1 -9999.9 1 -9999.9 1 -9999.9 1   242.3 0 -9999.9 1
 1999 188  7  7 18  6 18.100  17.52  1107.4 0 -9999.9 1 -9999.9 1    76.8 0   306.5 0   320.7 0   320.0 0   464.1 0   301.8 0   302.0 0   255.3 2   480.9 0 -9999.9 1  -157.6 0 -9999.9 1 -9999.9 1 -9999.9 1 -9999.9 1   289.7 0 -9999.9 1
 1999 188  7  7 18  9 18.150  17.58  1107.5 0 -9999.9 1 -9999.9 1    76.3 0   304.2 0   320.7 0   320.2 0   464.9 0   301.8 0   302.0 0   257.7 2   481.0 0 -9999.9 1  -160.7 0 -9999.9 1 -9999.9 1 -9999.9 1 -9999.9 1   258.6 0 -9999.9 1
 1999 188  7  7 18 12 18.200  17.66  1105.5 0 -9999.9 1 -9999.9 1    76.4 0   310.5 0   320.8 0   319.5 0   464.2 0   301.8 0   302.0 0   258.2 2   480.4 0 -9999.9 1  -153.7 0 -9999.9 1 -9999.9 1 -9999.9 1 -9999.9 1   336.7 0 -9999.9 1
 1999 188  7  7 18 18 18.300  17.89  1102.6 0 -9999.9 1 -9999.9 1    76.7 0   310.3 0   320.7 0   319.4 0   464.8 0   301.7 0   301.9 0   255.0 2   479.5 0 -9999.9 1  -154.6 0 -9999.9 1 -9999.9 1 -9999.9 1 -9999.9 1   331.8 0 -9999.9 1
 1999 188  7  7 18 21 18.350  18.04  1098.5 0 -9999.9 1 -9999.9 1    76.6 0   311.5 0   320.6 0   319.5 0   465.9 0   301.6 0   301.9 0   254.0 2   477.9 0 -9999.9 1  -154.4 0 -9999.9 1 -9999.9 1 -9999.9 1 -9999.9 1   335.2 0 -9999.9 1
 1999 188  7  7 18 24 18.400  18.20  1098.5 0 -9999.9 1 -9999.9 1    77.4 0   311.8 0   320.6 0   319.6 0   465.7 0   301.5 0   301.8 0   253.8 2   477.5 0 -9999.9 1  -153.9 0 -9999.9 1 -9999.9 1 -9999.9 1 -9999.9 1   347.4 0 -9999.9 1
 1999 188  7  7 18 27 18.450  18.39  1095.3 0 -9999.9 1 -9999.9 1    76.9 0   307.2 0   320.6 0   320.4 0   468.0 0   301.5 0   301.7 0   252.3 2   476.7 0 -9999.9 1  -160.8 0 -9999.9 1 -9999.9 1 -9999.9 1 -9999.9 1     5.8 0 -9999.9 1
 1999 188  7  7 18 33 18.550  18.83  1092.5 0 -9999.9 1 -9999.9 1    76.9 0   310.3 0   320.6 0   319.9 0   466.8 0   301.6 0   301.9 0   250.1 2   475.5 0 -9999.9 1  -156.5 0 -9999.9 1 -9999.9 1 -9999.9 1 -9999.9 1   333.6 0 -9999.9 1
 1999 188  7  7 18 36 18.600  19.08  1087.2 0 -9999.9 1 -9999.9 1    76.9 0   306.8 0   320.7 0   320.5 0   467.2 0   301.8 0   302.0 0   249.0 2   473.3 0 -9999.9 1  -160.3 0 -9999.9 1 -9999.9 1 -9999.9 1 -9999.9 1   283.3 0 -9999.9 1
 1999 188  7  7 18 39 18.650  19.34  1087.9 0 -9999.9 1 -9999.9 1    76.9 0   305.2 0   320.8 0   320.7 0   467.9 0   301.9 0   302.1 0   250.0 2   473.5 0 -9999.9 1  -162.7 0 -9999.9 1 -9999.9 1 -9999.9 1 -9999.9 1   289.7 0 -9999.9 1
 1999 188  7  7 18 42 18.700  19.62  1079.8 0 -9999.9 1 -9999.9 1    79.3 0   314.0 0   320.8 0   320.0 0   467.8 0   301.9 0   302.0 0   247.6 2   470.7 0 -9999.9 1  -153.8 0 -9999.9 1 -9999.9 1 -9999.9 1 -9999.9 1     1.9 0 -9999.9 1
 1999 188  7  7 18 48 18.800  20.23  1062.5 0 -9999.9 1 -9999.9 1    81.2 0   313.4 0   321.0 0   320.7 0   468.9 0   302.0 0   302.2 0   244.7 0   464.4 0 -9999.9 1  -155.5 0 -9999.9 1 -9999.9 1 -9999.9 1 -9999.9 1    24.9 0 -9999.9 1
 1999 188  7  7 18 51 18.850  20.56  1053.4 0 -9999.9 1 -9999.9 1    80.0 0   307.9 0   321.3 0   321.8 0   470.0 0   302.2 0   302.4 0   241.2 0   460.2 0 -9999.9 1  -162.1 0 -9999.9 1 -9999.9 1 -9999.9 1 -9999.9 1   150.8 0 -9999.9 1
 1999 188  7  7 18 54 18.900  20.90  1054.1 0 -9999.9 1 -9999.9 1    80.2 0   312.9 0   321.4 0   321.1 0   470.3 0   302.3 0   302.5 0   237.8 0   460.6 0 -9999.9 1  -157.4 0 -9999.9 1 -9999.9 1 -9999.9 1 -9999.9 1   322.9 0 -9999.9 1
 1999 188  7  7 18 57 18.950  21.25  1051.7 0 -9999.9 1 -9999.9 1    80.1 0   316.2 0   321.4 0   320.5 0   467.3 0   302.4 0   302.6 0   236.3 0   459.9 0 -9999.9 1  -151.2 0 -9999.9 1 -9999.9 1 -9999.9 1 -9999.9 1   323.5 0 -9999.9 1
 1999 188  7  7 19  3 19.050  22.00  1045.1 0 -9999.9 1 -9999.9 1    78.2 0   314.5 0   321.7 0   321.4 0   468.5 0   302.7 0   302.9 0   232.1 0   457.8 0 -9999.9 1  -154.0 0 -9999.9 1 -9999.9 1 -9999.9 1 -9999.9 1   278.4 0 -9999.9 1
 1999 188  7  7 19  6 19.100  22.39  1047.5 0 -9999.9 1 -9999.9 1    77.9 0   318.8 0   321.7 0   320.8 0   469.1 0   302.7 0   302.9 0   236.1 0   458.2 0 -9999.9 1  -150.2 0 -9999.9 1 -9999.9 1 -9999.9 1 -9999.9 1   304.0 0 -9999.9 1
 1999 188  7  7 19  9 19.150  22.79  1044.8 0 -9999.9 1 -9999.9 1    77.4 0   322.9 0   321.7 0   320.1 0   469.4 0   302.5 0   302.7 0   233.7 0   457.4 0 -9999.9 1  -146.5 0 -9999.9 1 -9999.9 1 -9999.9 1 -9999.9 1   339.7 0 -9999.9 1
 1999 188  7  7 19 12 19.200  23.20  1041.7 0 -9999.9 1 -9999.9 1    77.1 0   317.2 0   321.6 0   321.0 0   469.3 0   302.5 0   302.7 0   232.1 0   456.0 0 -9999.9 1  -152.1 0 -9999.9 1 -9999.9 1 -9999.9 1 -9999.9 1     2.3 0 -9999.9 1
 1999 188  7  7 19 18 19.300  24.05  1032.6 0 -9999.9 1 -9999.9 1    75.1 0   314.2 0   321.9 0   321.2 0   469.1 0   302.8 0   303.0 0   226.8 0   452.6 0 -9999.9 1  -154.9 0 -9999.9 1 -9999.9 1 -9999.9 1 -9999.9 1   266.4 0 -9999.9 1
 1999 188  7  7 19 21 19.350  24.49  1029.5 0 -9999.9 1 -9999.9 1    74.5 0   314.1 0   321.8 0   321.2 0   469.3 0   302.9 0   303.1 0   228.5 0   451.2 0 -9999.9 1  -155.2 0 -9999.9 1 -9999.9 1 -9999.9 1 -9999.9 1   299.8 0 -9999.9 1
 1999 188  7  7 19 24 19.400  24.94  1023.2 0 -9999.9 1 -9999.9 1    73.6 0   310.2 0   322.0 0   322.0 0   470.2 0   303.1 0   303.2 0   224.3 0   448.8 0 -9999.9 1  -159.9 0 -9999.9 1 -9999.9 1 -9999.9 1 -9999.9 1   332.7 0 -9999.9 1
 1999 188  7  7 19 27 19.450  25.39  1023.3 0 -9999.9 1 -9999.9 1    73.5 0   317.0 0   321.9 0   320.8 0   466.4 0   302.9 0   303.1 0   223.0 0   449.1 0 -9999.9 1  -149.4 0 -9999.9 1 -9999.9 1 -9999.9 1 -9999.9 1   356.9 0 -9999.9 1
 1999 188  7  7 19 33 19.550  26.32  1013.6 0 -9999.9 1 -9999.9 1    73.0 0   323.4 0   322.0 0   320.7 0   466.9 0   302.8 0   303.0 0   217.5 0   445.7 0 -9999.9 1  -143.5 0 -9999.9 1 -9999.9 1 -9999.9 1 -9999.9 1    11.3 0 -9999.9 1
 1999 188  7  7 19 36 19.600  26.80  1004.9 0 -9999.9 1 -9999.9 1    74.3 0   325.8 0   322.1 0   320.7 0   468.1 0   302.8 0   303.0 0   214.0 0   442.5 0 -9999.9 1  -142.3 0 -9999.9 1 -9999.9 1 -9999.9 1 -9999.9 1    13.3 0 -9999.9 1
 1999 188  7  7 19 39 19.650  27.28   998.9 0 -9999.9 1 -9999.9 1    73.2 0   323.2 0   322.2 0   321.1 0   468.9 0   302.8 0   303.0 0   211.6 0   439.9 0 -9999.9 1  -145.7 0 -9999.9 1 -9999.9 1 -9999.9 1 -9999.9 1   346.5 0 -9999.9 1
 1999 188  7  7 19 42 19.700  27.77   992.0 0 -9999.9 1 -9999.9 1    72.7 0   316.3 0   322.1 0   321.2 0   468.5 0   302.7 0   302.9 0   208.5 0   436.6 0 -9999.9 1  -152.1 0 -9999.9 1 -9999.9 1 -9999.9 1 -9999.9 1   322.0 0 -9999.9 1
 1999 188  7  7 19 48 19.800  28.76   988.1 0 -9999.9 1 -9999.9 1    74.8 0   313.5 0   321.7 0   320.3 0   466.1 0   302.3 0   302.5 0   203.5 0   434.7 0 -9999.9 1  -152.6 0 -9999.9 1 -9999.9 1 -9999.9 1 -9999.9 1   300.7 0 -9999.9 1
 1999 188  7  7 19 51 19.850  29.26   983.2 0 -9999.9 1 -9999.9 1    74.1 0   317.5 0   321.5 0   320.0 0   464.9 0   302.2 0   302.4 0   200.4 0   432.7 0 -9999.9 1  -147.4 0 -9999.9 1 -9999.9 1 -9999.9 1 -9999.9 1   334.9 0 -9999.9 1
 1999 188  7  7 19 54 19.900  29.77   982.3 0 -9999.9 1 -9999.9 1    72.9 0   309.2 0   321.4 0   320.5 0   465.8 0   302.1 0   302.4 0   199.3 0   431.7 0 -9999.9 1  -156.7 0 -9999.9 1 -9999.9 1 -9999.9 1 -9999.9 1   324.7 0 -9999.9 1
 1999 188  7  7 19 57 19.950  30.28   977.9 0 -9999.9 1 -9999.9 1    72.3 0   306.8 0   321.3 0   320.6 0   467.5 0   302.1 0   302.3 0   196.9 2   430.4 0 -9999.9 1  -160.7 0 -9999.9 1 -9999.9 1 -9999.9 1 -9999.9 1   326.7 0 -9999.9 1
 1999 188  7  7 20  3 20.050  31.32   970.1 0 -9999.9 1 -9999.9 1    72.4 0   315.3 0   321.1 0   319.4 0   462.8 0   302.0 0   302.2 0   194.3 2   427.3 0 -9999.9 1  -147.5 0 -9999.9 1 -9999.9 1 -9999.9 1 -9999.9 1     7.8 0 -9999.9 1
 1999 188  7  7 20  6 20.100  31.84   961.6 0 -9999.9 1 -9999.9 1    73.4 0   312.5 0   321.1 0   319.7 0   462.6 0   301.9 0   302.1 0   190.4 2   423.9 0 -9999.9 1  -150.0 0 -9999.9 1 -9999.9 1 -9999.9 1 -9999.9 1    11.0 0 -9999.9 1
 1999 188  7  7 20  9 20.150  32.37   951.4 0 -9999.9 1 -9999.9 1    74.2 0   312.1 0   321.1 0   320.0 0   463.4 0   301.9 0   302.1 0   186.1 2   420.2 0 -9999.9 1  -151.3 0 -9999.9 1 -9999.9 1 -9999.9 1 -9999.9 1     4.8 0 -9999.9 1
 1999 188  7  7 20 12 20.200  32.90   942.2 0 -9999.9 1 -9999.9 1    73.8 0   305.2 0   321.1 0   320.6 0   463.9 0   301.9 0   302.2 0   182.3 2   416.8 0 -9999.9 1  -158.7 0 -9999.9 1 -9999.9 1 -9999.9 1 -9999.9 1   316.9 0 -9999.9 1
 1999 188  7  7 20 18 20.300  33.97   931.9 0 -9999.9 1 -9999.9 1    73.9 0   309.1 0   321.1 0   319.9 0   462.2 0   301.9 0   302.0 0   177.2 2   412.4 0 -9999.9 1  -153.1 0 -9999.9 1 -9999.9 1 -9999.9 1 -9999.9 1   351.9 0 -9999.9 1
 1999 188  7  7 20 21 20.350  34.51   923.5 0 -9999.9 1 -9999.9 1    75.4 0   314.6 0   321.0 0   319.2 0   461.1 0   301.8 0   301.9 0   173.8 2   409.6 0 -9999.9 1  -146.4 0 -9999.9 1 -9999.9 1 -9999.9 1 -9999.9 1   351.9 0 -9999.9 1
 1999 188  7  7 20 24 20.400  35.05   914.7 0 -9999.9 1 -9999.9 1    76.5 0   312.9 0   320.9 0   319.3 0   463.2 0   301.6 0   301.8 0   170.0 2   405.7 0 -9999.9 1  -150.3 0 -9999.9 1 -9999.9 1 -9999.9 1 -9999.9 1   357.2 0 -9999.9 1
 1999 188  7  7 20 27 20.450  35.59   908.8 0 -9999.9 1 -9999.9 1    76.0 0   314.0 0   320.9 0   319.3 0   460.6 0   301.6 0   301.8 0   168.6 2   403.6 0 -9999.9 1  -146.5 0 -9999.9 1 -9999.9 1 -9999.9 1 -9999.9 1     7.6 0 -9999.9 1
 1999 188  7  7 20 33 20.550  36.69   893.4 0 -9999.9 1 -9999.9 1    74.4 0   310.1 0   320.9 0   319.8 0   462.7 0   301.5 0   301.8 0   162.8 2   397.7 0 -9999.9 1  -152.6 0 -9999.9 1 -9999.9 1 -9999.9 1 -9999.9 1     7.4 0 -9999.9 1
 1999 188  7  7 20 36 20.600  37.24   881.5 0 -9999.9 1 -9999.9 1    74.2 0   313.7 0   321.0 0   319.5 0   463.2 0   301.6 0   301.8 0   158.9 2   392.1 0 -9999.9 1  -149.5 0 -9999.9 1 -9999.9 1 -9999.9 1 -9999.9 1     4.2 0 -9999.9 1
 1999 188  7  7 20 39 20.650  37.79   870.8 0 -9999.9 1 -9999.9 1    74.0 0   315.8 0   321.1 0   319.7 0   462.4 0   301.7 0   301.9 0   156.5 0   388.0 0 -9999.9 1  -146.7 0 -9999.9 1 -9999.9 1 -9999.9 1 -9999.9 1    13.5 0 -9999.9 1
 1999 188  7  7 20 42 20.700  38.35   858.1 0 -9999.9 1 -9999.9 1    73.5 0   317.9 0   321.2 0   319.8 0   464.2 0   301.9 0   302.1 0   153.3 0   382.8 0 -9999.9 1  -146.3 0 -9999.9 1 -9999.9 1 -9999.9 1 -9999.9 1    15.8 0 -9999.9 1
 1999 188  7  7 20 48 20.800  39.46   842.3 0 -9999.9 1 -9999.9 1    73.5 0   316.5 0   321.1 0   319.7 0   462.7 0   301.8 0   302.1 0   147.0 0   376.1 0 -9999.9 1  -146.1 0 -9999.9 1 -9999.9 1 -9999.9 1 -9999.9 1   350.6 0 -9999.9 1
 1999 188  7  7 20 51 20.850  40.02   833.8 0 -9999.9 1 -9999.9 1    73.9 0   309.9 0   321.1 0   320.1 0   462.2 0   301.8 0   302.1 0   145.3 0   372.5 0 -9999.9 1  -152.3 0 -9999.9 1 -9999.9 1 -9999.9 1 -9999.9 1   308.3 0 -9999.9 1
 1999 188  7  7 20 54 20.900  40.58   827.6 0 -9999.9 1 -9999.9 1    73.9 0   306.4 0   321.0 0   320.3 0   463.2 0   301.9 0   302.1 0   142.5 0   370.4 0 -9999.9 1  -156.8 0 -9999.9 1 -9999.9 1 -9999.9 1 -9999.9 1   310.8 0 -9999.9 1
 1999 188  7  7 20 57 20.950  41.14   821.3 0 -9999.9 1 -9999.9 1    73.6 0   306.9 0   321.1 0   320.6 0   463.1 0   302.0 0   302.3 0   140.4 0   367.6 0 -9999.9 1  -156.1 0 -9999.9 1 -9999.9 1 -9999.9 1 -9999.9 1   334.4 0 -9999.9 1
 1999 188  7  7 21  3 21.050  42.27   795.0 0 -9999.9 1 -9999.9 1    74.0 0   315.1 0   321.3 0   320.1 0   461.8 0   302.3 0   302.5 0   131.0 0   356.8 0 -9999.9 1  -146.7 0 -9999.9 1 -9999.9 1 -9999.9 1 -9999.9 1   352.6 0 -9999.9 1
 1999 188  7  7 21  6 21.100  42.83   788.6 0 -9999.9 1 -9999.9 1    73.9 0   318.5 0   321.3 0   320.0 0   459.5 0   302.2 0   302.3 0   127.4 2   354.7 0 -9999.9 1  -141.0 0 -9999.9 1 -9999.9 1 -9999.9 1 -9999.9 1     7.4 0 -9999.9 1
 1999 188  7  7 21  9 21.150  43.40   777.8 0 -9999.9 1 -9999.9 1    73.8 0   318.9 0   321.4 0   320.0 0   461.8 0   302.3 0   302.4 0   123.7 0   350.2 0 -9999.9 1  -143.0 0 -9999.9 1 -9999.9 1 -9999.9 1 -9999.9 1   355.6 0 -9999.9 1
 1999 188  7  7 21 12 21.200  43.96   773.5 0 -9999.9 1 -9999.9 1    73.1 0   322.6 0   321.4 0   319.5 0   458.4 0   302.2 0   302.2 0   122.5 0   348.3 0 -9999.9 1  -135.8 0 -9999.9 1 -9999.9 1 -9999.9 1 -9999.9 1     6.9 0 -9999.9 1
 1999 188  7  7 21 18 21.300  45.10   753.0 0 -9999.9 1 -9999.9 1    70.8 0   323.6 0   321.4 0   319.4 0   456.6 0   302.0 0   302.1 0   116.6 0   339.2 0 -9999.9 1  -133.0 0 -9999.9 1 -9999.9 1 -9999.9 1 -9999.9 1     9.8 0 -9999.9 1
 1999 188  7  7 21 21 21.350  45.67   745.1 0 -9999.9 1 -9999.9 1    71.2 0   321.7 0   321.2 0   319.2 0   455.7 0   301.7 0   301.8 0   113.3 0   336.3 0 -9999.9 1  -134.0 0 -9999.9 1 -9999.9 1 -9999.9 1 -9999.9 1     2.6 0 -9999.9 1
 1999 188  7  7 21 24 21.400  46.24   731.6 0 -9999.9 1 -9999.9 1    71.3 0   317.3 0   321.1 0   319.5 0   457.3 0   301.6 0   301.8 0   110.7 0   330.1 0 -9999.9 1  -140.0 0 -9999.9 1 -9999.9 1 -9999.9 1 -9999.9 1   358.6 0 -9999.9 1
 1999 188  7  7 21 27 21.450  46.81   724.0 0 -9999.9 1 -9999.9 1    70.0 0   316.0 0   321.2 0   320.1 0   459.3 0   301.6 0   301.8 0   107.4 0   326.6 0 -9999.9 1  -143.3 0 -9999.9 1 -9999.9 1 -9999.9 1 -9999.9 1   349.5 0 -9999.9 1
 1999 188  7  7 21 33 21.550  47.95   707.0 0 -9999.9 1 -9999.9 1    68.5 0   326.8 0   321.1 0   319.1 0   455.6 0   301.6 0   301.8 0   103.2 0   319.4 0 -9999.9 1  -128.8 0 -9999.9 1 -9999.9 1 -9999.9 1 -9999.9 1    10.3 0 -9999.9 1
 1999 188  7  7 21 36 21.600  48.53   695.4 0 -9999.9 1 -9999.9 1    68.5 0   329.5 0   321.0 0   318.8 0   456.2 0   301.5 0   301.7 0   100.2 0   314.7 0 -9999.9 1  -126.7 0 -9999.9 1 -9999.9 1 -9999.9 1 -9999.9 1    12.4 0 -9999.9 1
 1999 188  7  7 21 39 21.650  49.10   688.8 0 -9999.9 1 -9999.9 1    68.1 0   324.0 0   320.7 0   319.0 0   454.2 0   301.2 0   301.4 0    97.6 0   312.4 0 -9999.9 1  -130.2 0 -9999.9 1 -9999.9 1 -9999.9 1 -9999.9 1    12.5 0 -9999.9 1
 1999 188  7  7 21 42 21.700  49.67   682.3 0 -9999.9 1 -9999.9 1    68.4 0   319.2 0   320.5 0   318.8 0   454.5 0   301.0 0   301.1 0    93.5 2   309.1 0 -9999.9 1  -135.3 0 -9999.9 1 -9999.9 1 -9999.9 1 -9999.9 1     5.8 0 -9999.9 1
 1999 188  7  7 21 48 21.800  50.82   667.9 0 -9999.9 1 -9999.9 1    68.1 0   316.7 0   320.3 0   318.8 0   452.4 0   300.9 0   301.1 0    87.1 2   302.9 0 -9999.9 1  -135.7 0 -9999.9 1 -9999.9 1 -9999.9 1 -9999.9 1    13.1 0 -9999.9 1
 1999 188  7  7 21 51 21.850  51.39   660.1 0 -9999.9 1 -9999.9 1    66.8 0   319.2 0   320.3 0   318.6 0   453.0 0   300.9 0   301.1 0    84.7 2   299.5 0 -9999.9 1  -133.8 0 -9999.9 1 -9999.9 1 -9999.9 1 -9999.9 1    12.8 0 -9999.9 1
 1999 188  7  7 21 54 21.900  51.96   650.7 0 -9999.9 1 -9999.9 1    65.4 0   320.7 0   320.4 0   318.5 0   453.0 0   301.0 0   301.2 0    82.3 2   294.9 0 -9999.9 1  -132.3 0 -9999.9 1 -9999.9 1 -9999.9 1 -9999.9 1   357.8 0 -9999.9 1
 1999 188  7  7 21 57 21.950  52.54   641.0 0 -9999.9 1 -9999.9 1    64.0 0   315.8 0   320.4 0   319.2 0   454.9 0   301.0 0   301.2 0    79.5 2   290.6 0 -9999.9 1  -139.1 0 -9999.9 1 -9999.9 1 -9999.9 1 -9999.9 1     4.2 0 -9999.9 1
 1999 188  7  7 22  3 22.050  53.69   619.8 0 -9999.9 1 -9999.9 1    63.8 0   315.8 0   320.4 0   318.6 0   451.6 0   301.0 0   301.2 0    73.6 2   281.2 0 -9999.9 1  -135.8 0 -9999.9 1 -9999.9 1 -9999.9 1 -9999.9 1   333.2 0 -9999.9 1
 1999 188  7  7 22  6 22.100  54.26   610.1 0 -9999.9 1 -9999.9 1    63.0 0   316.9 0   320.4 0   318.7 0   450.6 0   300.9 0   301.1 0    71.5 2   277.4 0 -9999.9 1  -133.6 0 -9999.9 1 -9999.9 1 -9999.9 1 -9999.9 1   344.5 0 -9999.9 1
 1999 188  7  7 22  9 22.150  54.83   597.9 0 -9999.9 1 -9999.9 1    63.5 0   318.4 0   320.3 0   318.4 0   451.4 0   300.9 0   301.0 0    69.0 2   271.9 0 -9999.9 1  -133.0 0 -9999.9 1 -9999.9 1 -9999.9 1 -9999.9 1   337.6 0 -9999.9 1
 1999 188  7  7 22 12 22.200  55.41   587.8 0 -9999.9 1 -9999.9 1    63.2 0   316.8 0   320.3 0   318.6 0   451.1 0   300.8 0   301.0 0    66.5 2   267.4 0 -9999.9 1  -134.2 0 -9999.9 1 -9999.9 1 -9999.9 1 -9999.9 1   339.9 0 -9999.9 1
 1999 188  7  7 22 18 22.300  56.55   569.1 0 -9999.9 1 -9999.9 1    62.3 0   319.4 0   320.1 0   317.9 0   447.6 0   300.7 0   300.8 0    61.8 2   258.4 0 -9999.9 1  -128.2 0 -9999.9 1 -9999.9 1 -9999.9 1 -9999.9 1   346.3 0 -9999.9 1
 1999 188  7  7 22 21 22.350  57.13   558.3 0 -9999.9 1 -9999.9 1    62.1 0   321.9 0   320.0 0   317.6 0   445.3 0   300.6 0   300.7 0    59.3 2   254.6 0 -9999.9 1  -123.4 0 -9999.9 1 -9999.9 1 -9999.9 1 -9999.9 1   351.5 0 -9999.9 1
 1999 188  7  7 22 24 22.400  57.70   548.7 0 -9999.9 1 -9999.9 1    61.6 0   316.1 0   319.9 0   318.1 0   447.6 0   300.5 0   300.7 0    57.2 2   250.2 0 -9999.9 1  -131.5 0 -9999.9 1 -9999.9 1 -9999.9 1 -9999.9 1   340.9 0 -9999.9 1
 1999 188  7  7 22 27 22.450  58.27   537.2 0 -9999.9 1 -9999.9 1    61.3 0   313.8 0   319.8 0   318.3 0   448.8 0   300.5 0   300.7 0    54.9 2   244.6 0 -9999.9 1  -134.9 0 -9999.9 1 -9999.9 1 -9999.9 1 -9999.9 1   338.6 0 -9999.9 1
 1999 188  7  7 22 33 22.550  59.41   511.7 0 -9999.9 1 -9999.9 1    61.0 0   316.3 0   319.9 0   317.8 0   446.6 0   300.6 0   300.7 0    50.4 2   233.4 0 -9999.9 1  -130.3 0 -9999.9 1 -9999.9 1 -9999.9 1 -9999.9 1   346.3 0 -9999.9 1
 1999 188  7  7 22 36 22.600  59.99   502.5 0 -9999.9 1 -9999.9 1    60.4 0   316.3 0   319.8 0   317.8 0   445.5 0   300.5 0   300.6 0    48.4 2   229.7 0 -9999.9 1  -129.1 0 -9999.9 1 -9999.9 1 -9999.9 1 -9999.9 1   351.3 0 -9999.9 1
 1999 188  7  7 22 39 22.650  60.56   492.9 0 -9999.9 1 -9999.9 1    59.6 0   314.4 0   319.8 0   318.0 0   447.0 0   300.4 0   300.6 0    46.8 2   225.4 0 -9999.9 1  -132.6 0 -9999.9 1 -9999.9 1 -9999.9 1 -9999.9 1   348.5 0 -9999.9 1
 1999 188  7  7 22 42 22.700  61.13   482.3 0 -9999.9 1 -9999.9 1    58.2 0   315.0 0   319.7 0   317.8 0   445.1 0   300.4 0   300.5 0    45.3 2   220.8 0 -9999.9 1  -130.1 0 -9999.9 1 -9999.9 1 -9999.9 1 -9999.9 1     2.8 0 -9999.9 1
 1999 188  7  7 22 48 22.800  62.27   458.2 0 -9999.9 1 -9999.9 1    57.6 0   318.6 0   319.7 0   317.5 0   442.4 0   300.3 0   300.4 0    41.2 2   210.1 0 -9999.9 1  -123.8 0 -9999.9 1 -9999.9 1 -9999.9 1 -9999.9 1   354.1 0 -9999.9 1
 1999 188  7  7 22 51 22.850  62.83   447.3 0 -9999.9 1 -9999.9 1    57.3 0   318.1 0   319.6 0   317.5 0   443.3 0   300.2 0   300.4 0    39.4 2   205.3 0 -9999.9 1  -125.2 0 -9999.9 1 -9999.9 1 -9999.9 1 -9999.9 1   350.1 0 -9999.9 1
 1999 188  7  7 22 54 22.900  63.40   437.5 0 -9999.9 1 -9999.9 1    56.7 0   318.3 0   319.4 0   317.3 0   441.7 0   300.1 0   300.2 0    37.6 2   201.2 0 -9999.9 1  -123.4 0 -9999.9 1 -9999.9 1 -9999.9 1 -9999.9 1   349.7 0 -9999.9 1
 1999 188  7  7 22 57 22.950  63.97   428.4 0 -9999.9 1 -9999.9 1    56.4 0   318.6 0   319.4 0   317.2 0   442.0 0   300.0 0   300.1 0    35.9 2   196.9 0 -9999.9 1  -123.4 0 -9999.9 1 -9999.9 1 -9999.9 1 -9999.9 1   353.6 0 -9999.9 1
 1999 188  7  7 23  3 23.050  65.10   408.7 0 -9999.9 1 -9999.9 1    54.5 0   318.7 0   319.2 0   316.9 0   440.0 0   299.9 0   300.0 0    32.7 2   187.8 0 -9999.9 1  -121.2 0 -9999.9 1 -9999.9 1 -9999.9 1 -9999.9 1   356.7 0 -9999.9 1
 1999 188  7  7 23  6 23.100  65.67   396.6 0 -9999.9 1 -9999.9 1    53.5 0   318.8 0   319.1 0   317.0 0   440.1 0   299.9 0   300.0 0    31.1 2   182.5 0 -9999.9 1  -121.3 0 -9999.9 1 -9999.9 1 -9999.9 1 -9999.9 1   359.7 0 -9999.9 1
 1999 188  7  7 23  9 23.150  66.23   385.7 0 -9999.9 1 -9999.9 1    52.8 0   318.8 0   319.1 0   316.9 0   439.5 0   299.8 0   299.9 0    29.5 2   177.7 0 -9999.9 1  -120.7 0 -9999.9 1 -9999.9 1 -9999.9 1 -9999.9 1     0.2 0 -9999.9 1
 1999 188  7  7 23 12 23.200  66.80   374.5 0 -9999.9 1 -9999.9 1    52.2 0   320.9 0   319.1 0   316.8 0   439.4 0   299.9 0   300.0 0    28.4 2   172.3 0 -9999.9 1  -118.5 0 -9999.9 1 -9999.9 1 -9999.9 1 -9999.9 1     2.1 0 -9999.9 1
 1999 188  7  7 23 18 23.300  67.92   351.4 0 -9999.9 1 -9999.9 1    50.9 0   317.4 0   319.0 0   316.9 0   438.2 0   299.7 0   299.8 0    25.6 2   162.0 0 -9999.9 1  -120.7 0 -9999.9 1 -9999.9 1 -9999.9 1 -9999.9 1   359.8 0 -9999.9 1
 1999 188  7  7 23 21 23.350  68.48   342.4 0 -9999.9 1 -9999.9 1    50.3 0   317.6 0   318.9 0   316.7 0   437.8 0   299.6 0   299.7 0    24.2 2   158.1 0 -9999.9 1  -120.2 0 -9999.9 1 -9999.9 1 -9999.9 1 -9999.9 1     0.6 0 -9999.9 1
 1999 188  7  7 23 24 23.400  69.04   331.6 0 -9999.9 1 -9999.9 1    49.3 0   314.9 0   318.9 0   316.9 0   438.3 0   299.6 0   299.7 0    22.8 2   153.1 0 -9999.9 1  -123.4 0 -9999.9 1 -9999.9 1 -9999.9 1 -9999.9 1     3.9 0 -9999.9 1
 1999 188  7  7 23 27 23.450  69.60   319.4 0 -9999.9 1 -9999.9 1    48.2 0   316.1 0   319.0 0   317.2 0   439.4 0   299.7 0   299.8 0    21.4 0   147.6 0 -9999.9 1  -123.3 0 -9999.9 1 -9999.9 1 -9999.9 1 -9999.9 1   355.2 0 -9999.9 1
 1999 188  7  7 23 33 23.550  70.72   300.2 0 -9999.9 1 -9999.9 1    47.9 0   313.5 0   318.6 0   316.5 0   434.7 0   299.3 0   299.3 0    19.0 2   139.0 0 -9999.9 1  -121.2 0 -9999.9 1 -9999.9 1 -9999.9 1 -9999.9 1   353.5 0 -9999.9 1
 1999 188  7  7 23 36 23.600  71.27   288.8 0 -9999.9 1 -9999.9 1    47.1 0   319.2 0   318.7 0   316.3 0   433.9 0   299.3 0   299.3 0    18.1 2   133.6 0 -9999.9 1  -114.8 0 -9999.9 1 -9999.9 1 -9999.9 1 -9999.9 1   356.9 0 -9999.9 1
 1999 188  7  7 23 39 23.650  71.83   278.1 0 -9999.9 1 -9999.9 1    46.6 0   318.3 0   318.7 0   316.4 0   433.2 0   299.2 0   299.3 0    17.3 2   128.6 0 -9999.9 1  -114.8 0 -9999.9 1 -9999.9 1 -9999.9 1 -9999.9 1     3.5 0 -9999.9 1
 1999 188  7  7 23 42 23.700  72.38   268.7 0 -9999.9 1 -9999.9 1    45.8 0   313.9 0   318.5 0   316.2 0   431.8 0   299.0 0   299.0 0    16.2 2   124.5 0 -9999.9 1  -118.0 0 -9999.9 1 -9999.9 1 -9999.9 1 -9999.9 1     8.5 0 -9999.9 1
 1999 188  7  7 23 48 23.800  73.48   249.3 0 -9999.9 1 -9999.9 1    44.1 0   305.2 0   318.2 0   316.3 0   429.4 0   298.5 0   298.6 0    14.1 2   115.7 0 -9999.9 1  -124.2 0 -9999.9 1 -9999.9 1 -9999.9 1 -9999.9 1     8.0 0 -9999.9 1
 1999 188  7  7 23 51 23.850  74.03   238.5 0 -9999.9 1 -9999.9 1    43.3 0   306.4 0   318.2 0   316.3 0   428.3 0   298.5 0   298.6 0    13.2 2   111.1 0 -9999.9 1  -121.9 0 -9999.9 1 -9999.9 1 -9999.9 1 -9999.9 1     9.9 0 -9999.9 1
 1999 188  7  7 23 54 23.900  74.58   226.7 0 -9999.9 1 -9999.9 1    42.5 0   308.2 0   318.3 0   316.3 0   427.1 0   298.5 0   298.6 0    12.4 2   105.9 0 -9999.9 1  -118.9 0 -9999.9 1 -9999.9 1 -9999.9 1 -9999.9 1    10.2 0 -9999.9 1
 1999 188  7  7 23 57 23.950  75.13   215.6 0 -9999.9 1 -9999.9 1    41.4 0   308.4 0   318.4 0   316.6 0   427.1 0   298.6 0   298.6 0    11.5 2   100.7 0 -9999.9 1  -118.7 0 -9999.9 1 -9999.9 1 -9999.9 1 -9999.9 1    10.5 0 -9999.9 1
