 Bondville
   40.05  -88.37  213 m version 1
 1999 176  6 25  0  3  0.050  76.14   219.3 0 -9999.9 1 -9999.9 1    92.1 0   346.6 0   311.8 0   309.2 0   431.5 0   297.3 0   297.3 0    11.1 2   105.9 0 -9999.9 1   -85.0 0 -9999.9 1 -9999.9 1 -9999.9 1 -9999.9 1    34.5 0 -9999.9 1
 1999 176  6 25  0  6  0.100  76.68   209.6 0 -9999.9 1 -9999.9 1    85.9 0   342.7 0   311.6 0   309.1 0   429.7 0   297.1 0   297.2 0    10.1 2   101.3 0 -9999.9 1   -87.0 0 -9999.9 1 -9999.9 1 -9999.9 1 -9999.9 1    34.0 0 -9999.9 1
 1999 176  6 25  0  9  0.150  77.22   197.5 0 -9999.9 1 -9999.9 1    79.3 0   340.9 0   311.5 0   309.0 0   429.5 0   297.1 0   297.1 0     9.2 2    94.5 0 -9999.9 1   -88.6 0 -9999.9 1 -9999.9 1 -9999.9 1 -9999.9 1    37.9 0 -9999.9 1
 1999 176  6 25  0 12  0.200  77.76   182.7 0 -9999.9 1 -9999.9 1    73.8 0   341.1 0   311.4 0   308.7 0   428.3 0   297.0 0   297.0 0     8.3 2    88.0 0 -9999.9 1   -87.1 0 -9999.9 1 -9999.9 1 -9999.9 1 -9999.9 1    39.9 0 -9999.9 1
 1999 176  6 25  0 18  0.300  78.82   148.8 0 -9999.9 1 -9999.9 1    63.1 0   337.2 0   311.1 0   308.6 0   426.2 0   296.8 0   296.8 0     6.7 2    71.1 0 -9999.9 1   -89.0 0 -9999.9 1 -9999.9 1 -9999.9 1 -9999.9 1    37.3 0 -9999.9 1
 1999 176  6 25  0 21  0.350  79.35   132.1 0 -9999.9 1 -9999.9 1    59.2 0   335.7 0   310.9 0   308.6 0   424.9 0   296.7 0   296.7 0     6.0 2    63.1 0 -9999.9 1   -89.1 0 -9999.9 1 -9999.9 1 -9999.9 1 -9999.9 1    39.5 0 -9999.9 1
 1999 176  6 25  0 24  0.400  79.88   116.3 0 -9999.9 1 -9999.9 1    55.5 0   339.4 0   310.9 0   308.5 0   424.7 0   296.8 0   296.8 0     5.4 2    55.0 0 -9999.9 1   -85.3 0 -9999.9 1 -9999.9 1 -9999.9 1 -9999.9 1    38.2 0 -9999.9 1
 1999 176  6 25  0 27  0.450  80.41   104.6 0 -9999.9 1 -9999.9 1    52.7 0   339.8 0   310.8 0   308.5 0   423.9 0   296.8 0   296.7 0     4.8 2    49.9 0 -9999.9 1   -84.2 0 -9999.9 1 -9999.9 1 -9999.9 1 -9999.9 1    34.9 0 -9999.9 1
 1999 176  6 25  0 33  0.550  81.45    90.5 0 -9999.9 1 -9999.9 1    49.9 0   339.3 0   310.4 0   308.1 0   423.0 0   296.5 0   296.5 0     3.9 2    44.8 0 -9999.9 1   -83.7 0 -9999.9 1 -9999.9 1 -9999.9 1 -9999.9 1    22.8 0 -9999.9 1
 1999 176  6 25  0 36  0.600  81.97    80.2 0 -9999.9 1 -9999.9 1    47.0 0   341.1 0   310.4 0   308.0 0   423.0 0   296.6 0   296.5 0     3.5 0    40.9 0 -9999.9 1   -81.8 0 -9999.9 1 -9999.9 1 -9999.9 1 -9999.9 1    32.2 0 -9999.9 1
 1999 176  6 25  0 39  0.650  82.49    79.9 0 -9999.9 1 -9999.9 1    43.3 0   339.3 0   310.4 0   308.2 0   421.8 0   296.5 0   296.5 0     3.1 0    39.7 0 -9999.9 1   -82.5 0 -9999.9 1 -9999.9 1 -9999.9 1 -9999.9 1    31.1 0 -9999.9 1
 1999 176  6 25  0 42  0.700  83.00    73.9 0 -9999.9 1 -9999.9 1    40.3 0   339.2 0   310.4 0   308.3 0   422.0 0   296.5 0   296.5 0     2.8 0    36.8 0 -9999.9 1   -82.8 0 -9999.9 1 -9999.9 1 -9999.9 1 -9999.9 1    33.3 0 -9999.9 1
 1999 176  6 25  0 48  0.800  84.02    58.2 0 -9999.9 1 -9999.9 1    34.2 0   335.6 0   310.4 0   308.6 0   420.2 0   296.3 0   296.3 0     2.2 0    28.3 0 -9999.9 1   -84.6 0 -9999.9 1 -9999.9 1 -9999.9 1 -9999.9 1    24.5 0 -9999.9 1
 1999 176  6 25  0 51  0.850  84.52    50.9 0 -9999.9 1 -9999.9 1    32.1 0   335.6 0   310.5 0   308.9 0   419.6 0   296.3 0   296.3 0     1.9 0    24.6 0 -9999.9 1   -84.0 0 -9999.9 1 -9999.9 1 -9999.9 1 -9999.9 1    12.3 0 -9999.9 1
 1999 176  6 25  0 54  0.900  85.02    45.9 0 -9999.9 1 -9999.9 1    30.6 0   338.1 0   310.5 0   308.9 0   419.4 0   296.3 0   296.3 0     1.6 0    22.1 0 -9999.9 1   -81.3 0 -9999.9 1 -9999.9 1 -9999.9 1 -9999.9 1    12.7 0 -9999.9 1
 1999 176  6 25  0 57  0.950  85.52    28.0 0 -9999.9 1 -9999.9 1    25.3 0   339.2 0   310.5 0   308.8 0   419.0 0   296.2 0   296.2 0     1.4 0    16.7 0 -9999.9 1   -79.8 0 -9999.9 1 -9999.9 1 -9999.9 1 -9999.9 1    10.0 0 -9999.9 1
 1999 176  6 25  1  3  1.050  86.50    13.1 0 -9999.9 1 -9999.9 1    13.7 0   339.2 0   310.4 0   308.4 0   415.6 0   296.0 0   295.9 0     1.1 0     9.3 0 -9999.9 1   -76.4 0 -9999.9 1 -9999.9 1 -9999.9 1 -9999.9 1    24.0 0 -9999.9 1
 1999 176  6 25  1  6  1.100  86.98     9.4 0 -9999.9 1 -9999.9 1    10.5 0   338.7 0   310.4 0   308.4 0   414.4 0   295.9 0   295.8 0     0.9 0     7.4 0 -9999.9 1   -75.7 0 -9999.9 1 -9999.9 1 -9999.9 1 -9999.9 1    22.5 0 -9999.9 1
 1999 176  6 25  1  9  1.150  87.45     7.2 0 -9999.9 1 -9999.9 1     8.7 0   337.3 0   310.3 0   308.4 0   413.7 0   295.8 0   295.7 0     0.8 0     6.0 0 -9999.9 1   -76.3 0 -9999.9 1 -9999.9 1 -9999.9 1 -9999.9 1    20.0 0 -9999.9 1
 1999 176  6 25  1 12  1.200  87.91     5.4 0 -9999.9 1 -9999.9 1     6.9 0   335.5 0   310.0 0   308.0 0   411.5 0   295.4 0   295.3 0     0.7 0     5.0 0 -9999.9 1   -76.0 0 -9999.9 1 -9999.9 1 -9999.9 1 -9999.9 1    20.6 0 -9999.9 1
 1999 176  6 25  1 18  1.300  88.80     3.6 0 -9999.9 1 -9999.9 1     5.9 0   331.8 0   309.7 0   308.1 0   410.1 0   295.1 0   295.0 0     0.4 0     3.4 0 -9999.9 1   -78.3 0 -9999.9 1 -9999.9 1 -9999.9 1 -9999.9 1    15.8 0 -9999.9 1
 1999 176  6 25  1 21  1.350  89.21     3.5 0 -9999.9 1 -9999.9 1     5.6 0   332.3 0   309.7 0   308.0 0   409.9 0   295.0 0   294.9 0     0.3 0     3.1 0 -9999.9 1   -77.7 0 -9999.9 1 -9999.9 1 -9999.9 1 -9999.9 1    16.0 0 -9999.9 1
 1999 176  6 25  1 24  1.400  89.60     2.7 0 -9999.9 1 -9999.9 1     5.2 0   334.8 0   309.7 0   307.8 0   409.1 0   295.0 0   294.9 0     0.3 0     2.6 0 -9999.9 1   -74.2 0 -9999.9 1 -9999.9 1 -9999.9 1 -9999.9 1    24.5 0 -9999.9 1
 1999 176  6 25  1 27  1.450  89.95     1.7 0 -9999.9 1 -9999.9 1     3.8 0   331.2 0   309.6 0   308.0 0   406.8 0   294.9 0   294.8 0     0.2 0     2.0 0 -9999.9 1   -75.5 0 -9999.9 1 -9999.9 1 -9999.9 1 -9999.9 1    22.8 0 -9999.9 1
 1999 176  6 25  1 33  1.550  91.66    -0.3 0 -9999.9 1 -9999.9 1     2.1 0   334.8 0   309.5 0   307.7 0   406.7 0   294.7 0   294.6 0     0.0 0     1.1 0 -9999.9 1   -71.9 0 -9999.9 1 -9999.9 1 -9999.9 1 -9999.9 1     8.2 0 -9999.9 1
 1999 176  6 25  1 36  1.600  92.14    -1.3 0 -9999.9 1 -9999.9 1     1.5 0   331.3 0   309.3 0   307.4 0   405.9 0   294.5 0   294.4 0     0.0 0     0.7 0 -9999.9 1   -74.6 0 -9999.9 1 -9999.9 1 -9999.9 1 -9999.9 1     4.5 0 -9999.9 1
 1999 176  6 25  1 39  1.650  92.62    -2.0 0 -9999.9 1 -9999.9 1     0.5 0   327.4 0   309.0 0   307.1 0   404.6 0   294.1 0   294.0 0     0.0 0     0.5 0 -9999.9 1   -77.2 0 -9999.9 1 -9999.9 1 -9999.9 1 -9999.9 1     2.8 0 -9999.9 1
 1999 176  6 25  1 42  1.700  93.10    -2.2 0 -9999.9 1 -9999.9 1     0.1 0   326.1 0   309.0 0   307.3 0   403.1 0   294.1 0   294.0 0     0.0 0     0.3 0 -9999.9 1   -77.0 0 -9999.9 1 -9999.9 1 -9999.9 1 -9999.9 1     2.7 0 -9999.9 1
 1999 176  6 25  1 48  1.800  94.04    -2.6 0 -9999.9 1 -9999.9 1    -0.5 0   329.9 0   308.8 0   307.1 0   402.3 0   293.9 0   293.8 0     0.0 0     0.1 0 -9999.9 1   -72.4 0 -9999.9 1 -9999.9 1 -9999.9 1 -9999.9 1    17.2 0 -9999.9 1
 1999 176  6 25  1 51  1.850  94.50    -2.8 0 -9999.9 1 -9999.9 1    -0.7 0   331.2 0   308.7 0   307.1 0   402.6 0   293.9 0   293.8 0     0.0 0     0.0 0 -9999.9 1   -71.4 0 -9999.9 1 -9999.9 1 -9999.9 1 -9999.9 1    13.5 0 -9999.9 1
 1999 176  6 25  1 54  1.900  94.97    -3.1 0 -9999.9 1 -9999.9 1    -0.5 0   333.2 0   308.6 0   307.0 0   403.3 0   293.9 0   293.8 0     0.0 0    -0.1 0 -9999.9 1   -70.1 0 -9999.9 1 -9999.9 1 -9999.9 1 -9999.9 1     5.6 0 -9999.9 1
 1999 176  6 25  1 57  1.950  95.43    -3.1 0 -9999.9 1 -9999.9 1    -0.4 0   334.3 0   308.6 0   307.1 0   403.1 0   293.8 0   293.8 0     0.0 0    -0.1 0 -9999.9 1   -68.8 0 -9999.9 1 -9999.9 1 -9999.9 1 -9999.9 1   355.5 0 -9999.9 1
 1999 176  6 25  2  3  2.050  96.34    -3.1 0 -9999.9 1 -9999.9 1    -0.4 0   327.6 0   308.2 0   306.7 0   400.3 0   293.5 0   293.4 0     0.0 0    -0.1 0 -9999.9 1   -72.7 0 -9999.9 1 -9999.9 1 -9999.9 1 -9999.9 1   344.8 0 -9999.9 1
 1999 176  6 25  2  6  2.100  96.79    -3.4 0 -9999.9 1 -9999.9 1    -0.5 0   326.4 0   308.1 0   306.5 0   400.3 0   293.4 0   293.3 0     0.0 0    -0.1 0 -9999.9 1   -73.9 0 -9999.9 1 -9999.9 1 -9999.9 1 -9999.9 1   340.5 0 -9999.9 1
 1999 176  6 25  2  9  2.150  97.24    -3.2 0 -9999.9 1 -9999.9 1    -0.8 0   322.7 0   308.1 0   306.7 0   399.9 0   293.4 0   293.3 0     0.0 0    -0.2 0 -9999.9 1   -77.2 0 -9999.9 1 -9999.9 1 -9999.9 1 -9999.9 1   346.0 0 -9999.9 1
 1999 176  6 25  2 12  2.200  97.68    -2.9 0 -9999.9 1 -9999.9 1    -0.9 0   317.6 0   308.1 0   307.1 0   397.6 0   293.4 0   293.3 0     0.0 0    -0.2 0 -9999.9 1   -79.9 0 -9999.9 1 -9999.9 1 -9999.9 1 -9999.9 1   353.8 0 -9999.9 1
 1999 176  6 25  2 18  2.300  98.56    -2.7 0 -9999.9 1 -9999.9 1    -0.9 0   316.0 0   307.8 0   306.3 0   394.2 0   292.9 0   292.7 0     0.0 0    -0.2 0 -9999.9 1   -78.2 0 -9999.9 1 -9999.9 1 -9999.9 1 -9999.9 1     8.0 0 -9999.9 1
 1999 176  6 25  2 21  2.350  98.99    -3.3 0 -9999.9 1 -9999.9 1    -1.2 0   318.8 0   307.7 0   305.8 0   397.0 0   292.7 0   292.6 0     0.0 2    -0.2 0 -9999.9 1   -78.2 0 -9999.9 1 -9999.9 1 -9999.9 1 -9999.9 1    11.9 0 -9999.9 1
 1999 176  6 25  2 24  2.400  99.42    -3.7 0 -9999.9 1 -9999.9 1    -0.7 0   317.3 0   307.6 0   305.7 0   396.6 0   292.5 0   292.4 0     0.0 2    -0.1 0 -9999.9 1   -79.3 0 -9999.9 1 -9999.9 1 -9999.9 1 -9999.9 1    15.8 0 -9999.9 1
 1999 176  6 25  2 27  2.450  99.85    -3.6 0 -9999.9 1 -9999.9 1    -0.3 0   315.9 0   307.5 0   305.8 0   395.2 0   292.3 0   292.2 0     0.0 2    -0.2 0 -9999.9 1   -79.4 0 -9999.9 1 -9999.9 1 -9999.9 1 -9999.9 1    12.6 0 -9999.9 1
 1999 176  6 25  2 33  2.550 100.69    -3.5 0 -9999.9 1 -9999.9 1    -0.1 0   319.2 0   307.3 0   305.3 0   394.7 0   292.1 0   292.0 0     0.0 2    -0.1 0 -9999.9 1   -75.4 0 -9999.9 1 -9999.9 1 -9999.9 1 -9999.9 1    18.6 0 -9999.9 1
 1999 176  6 25  2 36  2.600 101.11    -3.7 0 -9999.9 1 -9999.9 1    -0.1 0   319.2 0   307.3 0   305.4 0   395.1 0   292.0 0   291.9 0     0.0 2    -0.2 0 -9999.9 1   -75.9 0 -9999.9 1 -9999.9 1 -9999.9 1 -9999.9 1    23.0 0 -9999.9 1
 1999 176  6 25  2 39  2.650 101.52    -3.6 0 -9999.9 1 -9999.9 1     0.0 0   316.5 0   307.1 0   305.4 0   394.0 0   291.9 0   291.8 0     0.0 2    -0.2 0 -9999.9 1   -77.5 0 -9999.9 1 -9999.9 1 -9999.9 1 -9999.9 1    24.3 0 -9999.9 1
 1999 176  6 25  2 42  2.700 101.93    -3.6 0 -9999.9 1 -9999.9 1     0.2 0   315.9 0   307.0 0   305.5 0   394.2 0   291.8 0   291.7 0     0.0 2    -0.2 0 -9999.9 1   -78.3 0 -9999.9 1 -9999.9 1 -9999.9 1 -9999.9 1    20.7 0 -9999.9 1
 1999 176  6 25  2 48  2.800 102.73    -3.6 0 -9999.9 1 -9999.9 1     0.2 0   318.6 0   307.0 0   305.4 0   394.2 0   291.9 0   291.8 0     0.0 2    -0.2 0 -9999.9 1   -75.6 0 -9999.9 1 -9999.9 1 -9999.9 1 -9999.9 1     9.5 0 -9999.9 1
 1999 176  6 25  2 51  2.850 103.12    -3.7 0 -9999.9 1 -9999.9 1     0.2 0   319.0 0   307.1 0   305.7 0   394.4 0   292.0 0   291.9 0     0.0 0    -0.2 0 -9999.9 1   -75.4 0 -9999.9 1 -9999.9 1 -9999.9 1 -9999.9 1     7.2 0 -9999.9 1
 1999 176  6 25  2 54  2.900 103.52    -3.6 0 -9999.9 1 -9999.9 1     0.1 0   321.2 0   307.1 0   305.5 0   393.4 0   292.0 0   291.8 0     0.0 0    -0.2 0 -9999.9 1   -72.2 0 -9999.9 1 -9999.9 1 -9999.9 1 -9999.9 1     9.2 0 -9999.9 1
 1999 176  6 25  2 57  2.950 103.90    -3.7 0 -9999.9 1 -9999.9 1     0.0 0   322.2 0   307.0 0   305.4 0   392.9 0   291.9 0   291.7 0     0.0 0    -0.2 0 -9999.9 1   -70.7 0 -9999.9 1 -9999.9 1 -9999.9 1 -9999.9 1     9.8 0 -9999.9 1
 1999 176  6 25  3  3  3.050 104.66    -3.5 0 -9999.9 1 -9999.9 1    -0.2 0   318.9 0   307.1 0   306.1 0   392.1 0   291.9 0   291.8 0     0.0 0    -0.1 0 -9999.9 1   -73.2 0 -9999.9 1 -9999.9 1 -9999.9 1 -9999.9 1    15.4 0 -9999.9 1
 1999 176  6 25  3  6  3.100 105.04    -3.5 0 -9999.9 1 -9999.9 1    -0.1 0   320.0 0   307.2 0   306.1 0   392.2 0   291.9 0   291.8 0     0.0 0    -0.1 0 -9999.9 1   -72.1 0 -9999.9 1 -9999.9 1 -9999.9 1 -9999.9 1     3.0 0 -9999.9 1
 1999 176  6 25  3  9  3.150 105.40    -3.4 0 -9999.9 1 -9999.9 1     0.1 0   323.3 0   307.2 0   305.7 0   392.9 0   291.8 0   291.7 0     0.0 0    -0.2 0 -9999.9 1   -69.6 0 -9999.9 1 -9999.9 1 -9999.9 1 -9999.9 1    12.9 0 -9999.9 1
 1999 176  6 25  3 12  3.200 105.77    -3.2 0 -9999.9 1 -9999.9 1    -0.2 0   322.8 0   307.2 0   305.8 0   392.4 0   291.8 0   291.7 0     0.0 0    -0.2 0 -9999.9 1   -69.6 0 -9999.9 1 -9999.9 1 -9999.9 1 -9999.9 1    11.1 0 -9999.9 1
 1999 176  6 25  3 18  3.300 106.48    -3.4 0 -9999.9 1 -9999.9 1    -0.2 0   324.9 0   307.3 0   305.9 0   393.2 0   291.8 0   291.7 0     0.0 0    -0.2 0 -9999.9 1   -68.3 0 -9999.9 1 -9999.9 1 -9999.9 1 -9999.9 1     0.0 0 -9999.9 1
 1999 176  6 25  3 21  3.350 106.83    -3.5 0 -9999.9 1 -9999.9 1     0.1 0   323.9 0   307.3 0   305.9 0   393.7 0   291.7 0   291.6 0     0.0 0    -0.2 0 -9999.9 1   -69.8 0 -9999.9 1 -9999.9 1 -9999.9 1 -9999.9 1     2.1 0 -9999.9 1
 1999 176  6 25  3 24  3.400 107.18    -3.6 0 -9999.9 1 -9999.9 1     0.2 0   324.4 0   307.2 0   305.7 0   393.8 0   291.7 0   291.6 0     0.0 0    -0.2 0 -9999.9 1   -69.4 0 -9999.9 1 -9999.9 1 -9999.9 1 -9999.9 1     1.4 0 -9999.9 1
 1999 176  6 25  3 27  3.450 107.52    -3.2 0 -9999.9 1 -9999.9 1     0.3 0   324.2 0   307.1 0   305.6 0   392.5 0   291.5 0   291.5 0     0.0 0    -0.2 0 -9999.9 1   -68.2 0 -9999.9 1 -9999.9 1 -9999.9 1 -9999.9 1     4.8 0 -9999.9 1
 1999 176  6 25  3 33  3.550 108.18    -3.3 0 -9999.9 1 -9999.9 1     0.0 0   323.2 0   307.2 0   305.4 0   391.4 0   291.6 0   291.5 0     0.0 0    -0.2 0 -9999.9 1   -68.1 0 -9999.9 1 -9999.9 1 -9999.9 1 -9999.9 1    26.8 0 -9999.9 1
 1999 176  6 25  3 36  3.600 108.51    -3.6 0 -9999.9 1 -9999.9 1    -0.5 0   324.7 0   307.2 0   305.4 0   391.7 0   291.5 0   291.4 0     0.0 0    -0.2 0 -9999.9 1   -67.0 0 -9999.9 1 -9999.9 1 -9999.9 1 -9999.9 1    37.6 0 -9999.9 1
 1999 176  6 25  3 39  3.650 108.82    -3.9 0 -9999.9 1 -9999.9 1     0.1 0   326.3 0   307.1 0   305.2 0   392.0 0   291.4 0   291.4 0     0.0 0    -0.2 0 -9999.9 1   -65.7 0 -9999.9 1 -9999.9 1 -9999.9 1 -9999.9 1    42.8 0 -9999.9 1
 1999 176  6 25  3 42  3.700 109.14    -4.1 0 -9999.9 1 -9999.9 1     0.6 0   325.0 0   307.0 0   305.1 0   392.7 0   291.4 0   291.3 0     0.0 0    -0.1 0 -9999.9 1   -67.6 0 -9999.9 1 -9999.9 1 -9999.9 1 -9999.9 1    49.8 0 -9999.9 1
 1999 176  6 25  3 48  3.800 109.75    -4.0 0 -9999.9 1 -9999.9 1     0.3 0   320.1 0   306.7 0   304.7 0   394.1 0   291.1 0   291.0 0     0.0 0    -0.2 0 -9999.9 1   -74.0 0 -9999.9 1 -9999.9 1 -9999.9 1 -9999.9 1    61.1 0 -9999.9 1
 1999 176  6 25  3 51  3.850 110.04    -4.1 0 -9999.9 1 -9999.9 1     0.0 0   319.5 0   306.6 0   304.6 0   394.1 0   291.0 0   290.9 0     0.0 0    -0.2 0 -9999.9 1   -74.6 0 -9999.9 1 -9999.9 1 -9999.9 1 -9999.9 1    66.2 0 -9999.9 1
 1999 176  6 25  3 54  3.900 110.34    -4.1 0 -9999.9 1 -9999.9 1     0.3 0   320.7 0   306.5 0   304.6 0   394.1 0   291.0 0   290.9 0     0.0 0    -0.1 0 -9999.9 1   -73.4 0 -9999.9 1 -9999.9 1 -9999.9 1 -9999.9 1    57.4 0 -9999.9 1
 1999 176  6 25  3 57  3.950 110.62    -4.1 0 -9999.9 1 -9999.9 1     0.4 0   322.1 0   306.5 0   304.5 0   393.3 0   291.0 0   290.9 0     0.0 0    -0.2 0 -9999.9 1   -71.2 0 -9999.9 1 -9999.9 1 -9999.9 1 -9999.9 1    52.2 0 -9999.9 1
 1999 176  6 25  4  3  4.050 111.17    -3.6 0 -9999.9 1 -9999.9 1     0.0 0   317.8 0   306.0 0   304.4 0   388.9 0   290.5 0   290.4 0     0.0 0    -0.1 0 -9999.9 1   -71.1 0 -9999.9 1 -9999.9 1 -9999.9 1 -9999.9 1    25.5 0 -9999.9 1
 1999 176  6 25  4  6  4.100 111.44    -3.9 0 -9999.9 1 -9999.9 1     0.0 0   321.7 0   306.1 0   304.3 0   391.2 0   290.5 0   290.4 0     0.0 0    -0.2 0 -9999.9 1   -69.6 0 -9999.9 1 -9999.9 1 -9999.9 1 -9999.9 1    27.0 0 -9999.9 1
 1999 176  6 25  4  9  4.150 111.70    -3.6 0 -9999.9 1 -9999.9 1     0.0 0   318.9 0   306.1 0   304.9 0   391.1 0   290.6 0   290.5 0     0.0 0    -0.1 0 -9999.9 1   -72.3 0 -9999.9 1 -9999.9 1 -9999.9 1 -9999.9 1    52.4 0 -9999.9 1
 1999 176  6 25  4 12  4.200 111.96    -3.5 0 -9999.9 1 -9999.9 1    -0.2 0   320.3 0   306.1 0   304.9 0   390.8 0   290.6 0   290.6 0     0.0 0    -0.2 0 -9999.9 1   -70.5 0 -9999.9 1 -9999.9 1 -9999.9 1 -9999.9 1    76.5 0 -9999.9 1
 1999 176  6 25  4 18  4.300 112.45    -3.4 0 -9999.9 1 -9999.9 1     0.3 0   320.4 0   306.2 0   305.0 0   390.0 0   290.7 0   290.6 0     0.0 0    -0.2 0 -9999.9 1   -69.6 0 -9999.9 1 -9999.9 1 -9999.9 1 -9999.9 1    92.9 0 -9999.9 1
 1999 176  6 25  4 21  4.350 112.69    -3.4 0 -9999.9 1 -9999.9 1     0.3 0   320.5 0   306.0 0   304.8 0   389.7 0   290.5 0   290.4 0     0.0 0    -0.2 0 -9999.9 1   -69.2 0 -9999.9 1 -9999.9 1 -9999.9 1 -9999.9 1   102.0 0 -9999.9 1
 1999 176  6 25  4 24  4.400 112.92    -3.4 0 -9999.9 1 -9999.9 1     0.3 0   321.9 0   306.0 0   304.8 0   390.2 0   290.5 0   290.5 0     0.0 0    -0.2 0 -9999.9 1   -68.3 0 -9999.9 1 -9999.9 1 -9999.9 1 -9999.9 1   119.0 0 -9999.9 1
 1999 176  6 25  4 27  4.450 113.14    -3.4 0 -9999.9 1 -9999.9 1     0.3 0   319.6 0   305.9 0   304.7 0   389.2 0   290.4 0   290.3 0     0.0 0    -0.1 0 -9999.9 1   -69.6 0 -9999.9 1 -9999.9 1 -9999.9 1 -9999.9 1   138.5 0 -9999.9 1
 1999 176  6 25  4 33  4.550 113.57    -3.3 0 -9999.9 1 -9999.9 1     0.1 0   317.7 0   305.8 0   304.9 0   387.7 0   290.2 0   290.1 0     0.0 0    -0.1 0 -9999.9 1   -70.0 0 -9999.9 1 -9999.9 1 -9999.9 1 -9999.9 1   117.4 0 -9999.9 1
 1999 176  6 25  4 36  4.600 113.77    -3.3 0 -9999.9 1 -9999.9 1     0.3 0   318.6 0   305.7 0   304.4 0   386.7 0   290.0 0   289.9 0     0.0 2    -0.2 0 -9999.9 1   -68.1 0 -9999.9 1 -9999.9 1 -9999.9 1 -9999.9 1    94.4 0 -9999.9 1
 1999 176  6 25  4 39  4.650 113.97    -3.4 0 -9999.9 1 -9999.9 1     0.1 0   317.9 0   305.6 0   304.5 0   386.4 0   289.9 0   289.8 0     0.0 2    -0.2 0 -9999.9 1   -68.5 0 -9999.9 1 -9999.9 1 -9999.9 1 -9999.9 1    83.6 0 -9999.9 1
 1999 176  6 25  4 42  4.700 114.16    -3.2 0 -9999.9 1 -9999.9 1     0.0 0   316.1 0   305.8 0   305.0 0   386.6 0   290.0 0   289.9 0     0.0 2    -0.2 0 -9999.9 1   -70.5 0 -9999.9 1 -9999.9 1 -9999.9 1 -9999.9 1    80.8 0 -9999.9 1
 1999 176  6 25  4 48  4.800 114.52    -3.3 0 -9999.9 1 -9999.9 1     0.4 0   318.0 0   306.0 0   305.0 0   386.7 0   290.2 0   290.1 0     0.0 0    -0.2 0 -9999.9 1   -68.7 0 -9999.9 1 -9999.9 1 -9999.9 1 -9999.9 1    80.7 0 -9999.9 1
 1999 176  6 25  4 51  4.850 114.69    -3.3 0 -9999.9 1 -9999.9 1     0.0 0   316.7 0   306.0 0   304.9 0   386.0 0   290.0 0   290.0 0     0.0 0    -0.1 0 -9999.9 1   -69.2 0 -9999.9 1 -9999.9 1 -9999.9 1 -9999.9 1    75.8 0 -9999.9 1
 1999 176  6 25  4 54  4.900 114.85    -3.4 0 -9999.9 1 -9999.9 1    -0.3 0   320.0 0   306.1 0   304.5 0   386.7 0   290.0 0   289.9 0     0.0 0    -0.2 0 -9999.9 1   -66.7 0 -9999.9 1 -9999.9 1 -9999.9 1 -9999.9 1    74.9 0 -9999.9 1
 1999 176  6 25  4 57  4.950 115.00    -3.4 0 -9999.9 1 -9999.9 1    -0.4 0   319.1 0   306.0 0   304.4 0   386.7 0   289.9 0   289.8 0     0.0 0    -0.2 0 -9999.9 1   -67.6 0 -9999.9 1 -9999.9 1 -9999.9 1 -9999.9 1    33.2 0 -9999.9 1
 1999 176  6 25  5  3  5.050 115.29    -3.4 0 -9999.9 1 -9999.9 1     0.1 0   322.4 0   306.2 0   304.8 0   388.7 0   290.2 0   290.1 0     0.0 0    -0.2 0 -9999.9 1   -66.3 0 -9999.9 1 -9999.9 1 -9999.9 1 -9999.9 1    10.3 0 -9999.9 1
 1999 176  6 25  5  6  5.100 115.43    -3.4 0 -9999.9 1 -9999.9 1     0.0 0   324.8 0   306.3 0   304.8 0   389.5 0   290.3 0   290.2 0     0.0 0    -0.1 0 -9999.9 1   -64.6 0 -9999.9 1 -9999.9 1 -9999.9 1 -9999.9 1    16.2 0 -9999.9 1
 1999 176  6 25  5  9  5.150 115.55    -3.3 0 -9999.9 1 -9999.9 1     0.0 0   321.5 0   306.4 0   305.5 0   389.6 0   290.4 0   290.3 0     0.0 0     0.0 0 -9999.9 1   -68.1 0 -9999.9 1 -9999.9 1 -9999.9 1 -9999.9 1    27.3 0 -9999.9 1
 1999 176  6 25  5 12  5.200 115.67    -3.3 0 -9999.9 1 -9999.9 1     0.2 0   320.1 0   306.5 0   305.7 0   389.0 0   290.4 0   290.3 0     0.0 0    -0.2 0 -9999.9 1   -69.0 0 -9999.9 1 -9999.9 1 -9999.9 1 -9999.9 1    18.7 0 -9999.9 1
 1999 176  6 25  5 18  5.300 115.89    -3.3 0 -9999.9 1 -9999.9 1     0.0 0   323.2 0   306.5 0   305.2 0   388.9 0   290.4 0   290.3 0     0.0 0    -0.1 0 -9999.9 1   -65.6 0 -9999.9 1 -9999.9 1 -9999.9 1 -9999.9 1    16.3 0 -9999.9 1
 1999 176  6 25  5 21  5.350 115.98    -3.2 0 -9999.9 1 -9999.9 1     0.0 0   320.6 0   306.5 0   305.6 0   388.7 0   290.3 0   290.3 0     0.0 0    -0.2 0 -9999.9 1   -68.1 0 -9999.9 1 -9999.9 1 -9999.9 1 -9999.9 1    16.5 0 -9999.9 1
 1999 176  6 25  5 24  5.400 116.07    -3.2 0 -9999.9 1 -9999.9 1     0.2 0   318.9 0   306.5 0   305.6 0   387.5 0   290.2 0   290.1 0     0.0 0    -0.1 0 -9999.9 1   -68.6 0 -9999.9 1 -9999.9 1 -9999.9 1 -9999.9 1     9.3 0 -9999.9 1
 1999 176  6 25  5 27  5.450 116.15    -3.3 0 -9999.9 1 -9999.9 1     0.2 0   317.7 0   306.4 0   305.5 0   386.2 0   290.0 0   289.9 0     0.0 0    -0.1 0 -9999.9 1   -68.5 0 -9999.9 1 -9999.9 1 -9999.9 1 -9999.9 1     2.3 0 -9999.9 1
 1999 176  6 25  5 33  5.550 116.30    -3.3 0 -9999.9 1 -9999.9 1    -0.1 0   317.2 0   306.5 0   305.7 0   386.5 0   290.0 0   289.9 0     0.0 0    -0.2 0 -9999.9 1   -69.3 0 -9999.9 1 -9999.9 1 -9999.9 1 -9999.9 1     9.3 0 -9999.9 1
 1999 176  6 25  5 36  5.600 116.35    -3.4 0 -9999.9 1 -9999.9 1    -0.1 0   317.6 0   306.5 0   305.4 0   386.3 0   289.9 0   289.8 0     0.0 0    -0.2 0 -9999.9 1   -68.6 0 -9999.9 1 -9999.9 1 -9999.9 1 -9999.9 1     7.9 0 -9999.9 1
 1999 176  6 25  5 39  5.650 116.41    -3.4 0 -9999.9 1 -9999.9 1    -0.2 0   316.9 0   306.4 0   305.3 0   385.6 0   289.7 0   289.6 0     0.0 0    -0.2 0 -9999.9 1   -68.7 0 -9999.9 1 -9999.9 1 -9999.9 1 -9999.9 1     8.1 0 -9999.9 1
 1999 176  6 25  5 42  5.700 116.45    -3.4 0 -9999.9 1 -9999.9 1    -0.1 0   315.6 0   306.3 0   305.2 0   384.7 0   289.6 0   289.5 0     0.0 0    -0.2 0 -9999.9 1   -69.1 0 -9999.9 1 -9999.9 1 -9999.9 1 -9999.9 1    11.1 0 -9999.9 1
 1999 176  6 25  5 48  5.800 116.51    -3.3 0 -9999.9 1 -9999.9 1    -0.5 0   320.9 0   306.5 0   305.0 0   386.1 0   289.7 0   289.6 0     0.0 0    -0.2 0 -9999.9 1   -65.2 0 -9999.9 1 -9999.9 1 -9999.9 1 -9999.9 1     9.1 0 -9999.9 1
 1999 176  6 25  5 51  5.850 116.53    -3.4 0 -9999.9 1 -9999.9 1    -0.5 0   325.1 0   306.6 0   304.9 0   387.6 0   289.8 0   289.7 0     0.0 0    -0.2 0 -9999.9 1   -62.5 0 -9999.9 1 -9999.9 1 -9999.9 1 -9999.9 1     3.0 0 -9999.9 1
 1999 176  6 25  5 54  5.900 116.55    -3.4 0 -9999.9 1 -9999.9 1    -0.4 0   324.0 0   306.6 0   305.1 0   387.5 0   289.8 0   289.8 0     0.0 0    -0.1 0 -9999.9 1   -63.5 0 -9999.9 1 -9999.9 1 -9999.9 1 -9999.9 1     3.3 0 -9999.9 1
 1999 176  6 25  5 57  5.950 116.55    -3.5 0 -9999.9 1 -9999.9 1    -0.1 0   323.5 0   306.7 0   305.3 0   387.1 0   289.9 0   289.8 0     0.0 0    -0.1 0 -9999.9 1   -63.6 0 -9999.9 1 -9999.9 1 -9999.9 1 -9999.9 1    22.1 0 -9999.9 1
 1999 176  6 25  6  3  6.050 116.54    -3.7 0 -9999.9 1 -9999.9 1    -0.2 0   327.0 0   306.7 0   304.9 0   389.0 0   289.9 0   289.8 0     0.0 0    -0.2 0 -9999.9 1   -62.0 0 -9999.9 1 -9999.9 1 -9999.9 1 -9999.9 1     7.9 0 -9999.9 1
 1999 176  6 25  6  6  6.100 116.52    -3.8 0 -9999.9 1 -9999.9 1    -0.4 0   328.4 0   306.6 0   304.6 0   391.8 0   289.9 0   289.9 0     0.0 0    -0.2 0 -9999.9 1   -63.4 0 -9999.9 1 -9999.9 1 -9999.9 1 -9999.9 1    11.8 0 -9999.9 1
 1999 176  6 25  6  9  6.150 116.49    -4.0 0 -9999.9 1 -9999.9 1    -0.6 0   327.5 0   306.6 0   304.8 0   392.4 0   290.0 0   289.9 0     0.0 0    -0.2 0 -9999.9 1   -64.9 0 -9999.9 1 -9999.9 1 -9999.9 1 -9999.9 1     7.9 0 -9999.9 1
 1999 176  6 25  6 12  6.200 116.46    -4.2 0 -9999.9 1 -9999.9 1    -0.6 0   327.9 0   306.6 0   304.7 0   393.2 0   290.0 0   290.0 0     0.0 0    -0.2 0 -9999.9 1   -65.3 0 -9999.9 1 -9999.9 1 -9999.9 1 -9999.9 1     1.4 0 -9999.9 1
 1999 176  6 25  6 18  6.300 116.37    -4.0 0 -9999.9 1 -9999.9 1    -0.5 0   327.3 0   306.2 0   304.3 0   393.0 0   289.9 0   289.8 0     0.0 0    -0.2 0 -9999.9 1   -65.6 0 -9999.9 1 -9999.9 1 -9999.9 1 -9999.9 1   359.0 0 -9999.9 1
 1999 176  6 25  6 21  6.350 116.31    -4.2 0 -9999.9 1 -9999.9 1    -0.1 0   326.6 0   306.2 0   304.2 0   392.5 0   289.9 0   289.8 0     0.0 0    -0.2 0 -9999.9 1   -65.9 0 -9999.9 1 -9999.9 1 -9999.9 1 -9999.9 1   354.9 0 -9999.9 1
 1999 176  6 25  6 24  6.400 116.25    -4.1 0 -9999.9 1 -9999.9 1     0.3 0   323.2 0   305.9 0   304.3 0   391.1 0   289.7 0   289.6 0     0.0 0    -0.1 0 -9999.9 1   -67.9 0 -9999.9 1 -9999.9 1 -9999.9 1 -9999.9 1     5.7 0 -9999.9 1
 1999 176  6 25  6 27  6.450 116.18    -3.8 0 -9999.9 1 -9999.9 1     0.5 0   322.6 0   306.0 0   304.6 0   390.1 0   289.7 0   289.6 0     0.0 0    -0.2 0 -9999.9 1   -67.6 0 -9999.9 1 -9999.9 1 -9999.9 1 -9999.9 1     7.2 0 -9999.9 1
 1999 176  6 25  6 33  6.550 116.01    -3.7 0 -9999.9 1 -9999.9 1     0.5 0   323.5 0   305.7 0   304.0 0   388.5 0   289.4 0   289.4 0     0.0 0    -0.2 0 -9999.9 1   -65.0 0 -9999.9 1 -9999.9 1 -9999.9 1 -9999.9 1     5.1 0 -9999.9 1
 1999 176  6 25  6 36  6.600 115.92    -3.9 0 -9999.9 1 -9999.9 1     0.4 0   324.1 0   305.5 0   303.5 0   388.9 0   289.2 0   289.1 0     0.0 0    -0.1 0 -9999.9 1   -64.8 0 -9999.9 1 -9999.9 1 -9999.9 1 -9999.9 1   358.9 0 -9999.9 1
 1999 176  6 25  6 39  6.650 115.82    -4.3 0 -9999.9 1 -9999.9 1     0.1 0   323.9 0   305.3 0   303.4 0   390.0 0   289.1 0   289.0 0     0.0 0    -0.2 0 -9999.9 1   -66.1 0 -9999.9 1 -9999.9 1 -9999.9 1 -9999.9 1   354.2 0 -9999.9 1
 1999 176  6 25  6 42  6.700 115.71    -4.2 0 -9999.9 1 -9999.9 1     0.0 0   323.8 0   305.4 0   303.6 0   390.7 0   289.2 0   289.1 0     0.0 0    -0.2 0 -9999.9 1   -66.9 0 -9999.9 1 -9999.9 1 -9999.9 1 -9999.9 1   348.9 0 -9999.9 1
 1999 176  6 25  6 48  6.800 115.47    -3.9 0 -9999.9 1 -9999.9 1    -0.2 0   322.5 0   305.2 0   303.5 0   390.4 0   289.2 0   289.1 0     0.0 0    -0.1 0 -9999.9 1   -67.9 0 -9999.9 1 -9999.9 1 -9999.9 1 -9999.9 1   350.8 0 -9999.9 1
 1999 176  6 25  6 51  6.850 115.34    -4.0 0 -9999.9 1 -9999.9 1    -0.2 0   324.9 0   305.2 0   303.3 0   391.3 0   289.3 0   289.2 0     0.0 0    -0.2 0 -9999.9 1   -66.5 0 -9999.9 1 -9999.9 1 -9999.9 1 -9999.9 1   348.0 0 -9999.9 1
 1999 176  6 25  6 54  6.900 115.20    -4.2 0 -9999.9 1 -9999.9 1    -0.5 0   325.7 0   305.0 0   303.0 0   391.3 0   289.2 0   289.1 0     0.0 0    -0.2 0 -9999.9 1   -65.7 0 -9999.9 1 -9999.9 1 -9999.9 1 -9999.9 1   349.2 0 -9999.9 1
 1999 176  6 25  6 57  6.950 115.05    -4.2 0 -9999.9 1 -9999.9 1    -0.3 0   324.9 0   304.8 0   302.7 0   390.4 0   289.0 0   288.9 0     0.0 2    -0.1 0 -9999.9 1   -65.5 0 -9999.9 1 -9999.9 1 -9999.9 1 -9999.9 1   350.4 0 -9999.9 1
 1999 176  6 25  7  3  7.050 114.74    -4.0 0 -9999.9 1 -9999.9 1     0.1 0   320.7 0   304.5 0   302.9 0   388.7 0   288.9 0   288.8 0     0.0 2    -0.2 0 -9999.9 1   -68.0 0 -9999.9 1 -9999.9 1 -9999.9 1 -9999.9 1   354.5 0 -9999.9 1
 1999 176  6 25  7  6  7.100 114.57    -3.8 0 -9999.9 1 -9999.9 1     0.2 0   318.6 0   304.5 0   303.3 0   388.0 0   288.9 0   288.9 0     0.0 0    -0.3 0 -9999.9 1   -69.3 0 -9999.9 1 -9999.9 1 -9999.9 1 -9999.9 1   358.0 0 -9999.9 1
 1999 176  6 25  7  9  7.150 114.40    -3.5 0 -9999.9 1 -9999.9 1     0.4 0   319.8 0   304.5 0   303.4 0   387.4 0   289.0 0   288.9 0     0.0 0    -0.1 0 -9999.9 1   -67.6 0 -9999.9 1 -9999.9 1 -9999.9 1 -9999.9 1     0.8 0 -9999.9 1
 1999 176  6 25  7 12  7.200 114.22    -3.5 0 -9999.9 1 -9999.9 1     0.5 0   321.7 0   304.5 0   303.4 0   387.0 0   289.1 0   289.0 0     0.0 0    -0.1 0 -9999.9 1   -65.3 0 -9999.9 1 -9999.9 1 -9999.9 1 -9999.9 1   358.9 0 -9999.9 1
 1999 176  6 25  7 18  7.300 113.83    -3.5 0 -9999.9 1 -9999.9 1     0.4 0   323.7 0   304.5 0   303.0 0   386.8 0   289.0 0   289.0 0     0.0 0    -0.1 0 -9999.9 1   -63.0 0 -9999.9 1 -9999.9 1 -9999.9 1 -9999.9 1   355.9 0 -9999.9 1
 1999 176  6 25  7 21  7.350 113.63    -3.4 0 -9999.9 1 -9999.9 1     0.2 0   323.3 0   304.4 0   302.9 0   386.4 0   289.0 0   288.9 0     0.0 0    -0.2 0 -9999.9 1   -63.1 0 -9999.9 1 -9999.9 1 -9999.9 1 -9999.9 1   352.5 0 -9999.9 1
 1999 176  6 25  7 24  7.400 113.42    -3.5 0 -9999.9 1 -9999.9 1     0.0 0   322.4 0   304.3 0   302.9 0   385.5 0   288.9 0   288.8 0     0.0 0    -0.2 0 -9999.9 1   -63.1 0 -9999.9 1 -9999.9 1 -9999.9 1 -9999.9 1   350.3 0 -9999.9 1
 1999 176  6 25  7 27  7.450 113.21    -3.4 0 -9999.9 1 -9999.9 1     0.0 0   323.1 0   304.4 0   302.9 0   385.4 0   288.9 0   288.8 0     0.0 0    -0.1 0 -9999.9 1   -62.4 0 -9999.9 1 -9999.9 1 -9999.9 1 -9999.9 1   353.8 0 -9999.9 1
 1999 176  6 25  7 33  7.550 112.76    -3.5 0 -9999.9 1 -9999.9 1     0.0 0   320.7 0   304.4 0   303.1 0   384.9 0   288.8 0   288.7 0     0.0 2    -0.2 0 -9999.9 1   -64.2 0 -9999.9 1 -9999.9 1 -9999.9 1 -9999.9 1   357.4 0 -9999.9 1
 1999 176  6 25  7 36  7.600 112.52    -3.3 0 -9999.9 1 -9999.9 1     0.0 0   321.0 0   304.4 0   303.1 0   385.6 0   288.8 0   288.7 0     0.0 0    -0.1 0 -9999.9 1   -64.5 0 -9999.9 1 -9999.9 1 -9999.9 1 -9999.9 1     3.9 0 -9999.9 1
 1999 176  6 25  7 39  7.650 112.28    -3.4 0 -9999.9 1 -9999.9 1     0.0 0   319.5 0   304.4 0   303.5 0   384.6 0   288.8 0   288.7 0     0.0 0    -0.2 0 -9999.9 1   -65.1 0 -9999.9 1 -9999.9 1 -9999.9 1 -9999.9 1     4.3 0 -9999.9 1
 1999 176  6 25  7 42  7.700 112.04    -3.3 0 -9999.9 1 -9999.9 1     0.1 0   319.9 0   304.6 0   303.7 0   384.4 0   288.8 0   288.8 0     0.0 0    -0.1 0 -9999.9 1   -64.5 0 -9999.9 1 -9999.9 1 -9999.9 1 -9999.9 1     3.6 0 -9999.9 1
 1999 176  6 25  7 48  7.800 111.52    -3.1 0 -9999.9 1 -9999.9 1     0.3 0   320.0 0   304.7 0   303.8 0   383.9 0   288.8 0   288.7 0     0.0 0    -0.2 0 -9999.9 1   -63.8 0 -9999.9 1 -9999.9 1 -9999.9 1 -9999.9 1   358.5 0 -9999.9 1
 1999 176  6 25  7 51  7.850 111.26    -3.4 0 -9999.9 1 -9999.9 1     0.3 0   319.3 0   304.7 0   303.9 0   383.5 0   288.8 0   288.7 0     0.0 0    -0.2 0 -9999.9 1   -64.2 0 -9999.9 1 -9999.9 1 -9999.9 1 -9999.9 1   358.0 0 -9999.9 1
 1999 176  6 25  7 54  7.900 110.99    -3.5 0 -9999.9 1 -9999.9 1     0.1 0   319.0 0   304.8 0   303.8 0   383.4 0   288.7 0   288.7 0     0.0 0    -0.2 0 -9999.9 1   -64.4 0 -9999.9 1 -9999.9 1 -9999.9 1 -9999.9 1   354.7 0 -9999.9 1
 1999 176  6 25  7 57  7.950 110.71    -3.3 0 -9999.9 1 -9999.9 1    -0.1 0   323.2 0   304.9 0   303.3 0   385.2 0   288.8 0   288.7 0     0.0 0    -0.2 0 -9999.9 1   -61.9 0 -9999.9 1 -9999.9 1 -9999.9 1 -9999.9 1   352.2 0 -9999.9 1
 1999 176  6 25  8  3  8.050 110.14    -3.6 0 -9999.9 1 -9999.9 1    -0.4 0   324.6 0   305.1 0   303.6 0   387.4 0   289.1 0   289.0 0     0.0 0    -0.2 0 -9999.9 1   -62.8 0 -9999.9 1 -9999.9 1 -9999.9 1 -9999.9 1   350.1 0 -9999.9 1
 1999 176  6 25  8  6  8.100 109.84    -3.6 0 -9999.9 1 -9999.9 1     0.0 0   323.8 0   305.1 0   303.6 0   387.3 0   289.0 0   289.0 0     0.0 0    -0.1 0 -9999.9 1   -63.5 0 -9999.9 1 -9999.9 1 -9999.9 1 -9999.9 1   351.7 0 -9999.9 1
 1999 176  6 25  8  9  8.150 109.54    -3.7 0 -9999.9 1 -9999.9 1    -0.1 0   324.7 0   305.1 0   303.5 0   386.9 0   289.0 0   289.0 0     0.0 0    -0.3 0 -9999.9 1   -62.2 0 -9999.9 1 -9999.9 1 -9999.9 1 -9999.9 1   348.0 0 -9999.9 1
 1999 176  6 25  8 12  8.200 109.23    -3.7 0 -9999.9 1 -9999.9 1    -0.4 0   324.9 0   305.1 0   303.4 0   387.0 0   288.9 0   288.8 0     0.0 0    -0.2 0 -9999.9 1   -62.2 0 -9999.9 1 -9999.9 1 -9999.9 1 -9999.9 1   345.4 0 -9999.9 1
 1999 176  6 25  8 18  8.300 108.61    -3.6 0 -9999.9 1 -9999.9 1    -0.3 0   322.2 0   304.9 0   303.3 0   386.1 0   288.8 0   288.7 0     0.0 2    -0.3 0 -9999.9 1   -63.9 0 -9999.9 1 -9999.9 1 -9999.9 1 -9999.9 1   348.7 0 -9999.9 1
 1999 176  6 25  8 21  8.350 108.28    -3.7 0 -9999.9 1 -9999.9 1    -0.2 0   321.9 0   304.9 0   303.2 0   386.0 0   288.8 0   288.7 0     0.0 2    -0.1 0 -9999.9 1   -64.1 0 -9999.9 1 -9999.9 1 -9999.9 1 -9999.9 1   356.9 0 -9999.9 1
 1999 176  6 25  8 24  8.400 107.95    -3.8 0 -9999.9 1 -9999.9 1    -0.2 0   322.8 0   305.0 0   303.4 0   386.4 0   288.9 0   288.8 0     0.0 0    -0.1 0 -9999.9 1   -63.6 0 -9999.9 1 -9999.9 1 -9999.9 1 -9999.9 1     0.3 0 -9999.9 1
 1999 176  6 25  8 27  8.450 107.62    -3.8 0 -9999.9 1 -9999.9 1    -0.1 0   321.8 0   305.0 0   303.5 0   386.0 0   288.8 0   288.7 0     0.0 0    -0.2 0 -9999.9 1   -64.2 0 -9999.9 1 -9999.9 1 -9999.9 1 -9999.9 1   356.6 0 -9999.9 1
 1999 176  6 25  8 33  8.550 106.94    -3.4 0 -9999.9 1 -9999.9 1     0.1 0   321.8 0   305.0 0   303.5 0   385.4 0   288.8 0   288.7 0     0.0 0    -0.1 0 -9999.9 1   -63.6 0 -9999.9 1 -9999.9 1 -9999.9 1 -9999.9 1   357.7 0 -9999.9 1
 1999 176  6 25  8 36  8.600 106.59    -3.7 0 -9999.9 1 -9999.9 1    -0.1 0   323.0 0   304.9 0   303.0 0   385.6 0   288.6 0   288.5 0     0.0 2    -0.1 0 -9999.9 1   -62.7 0 -9999.9 1 -9999.9 1 -9999.9 1 -9999.9 1   357.0 0 -9999.9 1
 1999 176  6 25  8 39  8.650 106.24    -4.0 0 -9999.9 1 -9999.9 1    -0.1 0   324.8 0   305.0 0   303.1 0   387.0 0   288.8 0   288.7 0     0.0 0    -0.1 0 -9999.9 1   -62.2 0 -9999.9 1 -9999.9 1 -9999.9 1 -9999.9 1   357.7 0 -9999.9 1
 1999 176  6 25  8 42  8.700 105.88    -3.7 0 -9999.9 1 -9999.9 1     0.1 0   323.4 0   305.1 0   303.5 0   386.8 0   288.8 0   288.7 0     0.0 0    -0.1 0 -9999.9 1   -63.4 0 -9999.9 1 -9999.9 1 -9999.9 1 -9999.9 1     1.0 0 -9999.9 1
 1999 176  6 25  8 48  8.800 105.15    -3.7 0 -9999.9 1 -9999.9 1     0.0 0   321.2 0   304.8 0   303.2 0   385.4 0   288.4 0   288.4 0     0.0 2    -0.1 0 -9999.9 1   -64.3 0 -9999.9 1 -9999.9 1 -9999.9 1 -9999.9 1   357.6 0 -9999.9 1
 1999 176  6 25  8 51  8.850 104.78    -3.6 0 -9999.9 1 -9999.9 1    -0.1 0   318.1 0   304.9 0   303.7 0   384.8 0   288.5 0   288.4 0     0.0 0    -0.1 0 -9999.9 1   -66.7 0 -9999.9 1 -9999.9 1 -9999.9 1 -9999.9 1   359.0 0 -9999.9 1
 1999 176  6 25  8 54  8.900 104.40    -3.5 0 -9999.9 1 -9999.9 1    -0.1 0   316.2 0   304.9 0   304.0 0   382.9 0   288.4 0   288.3 0     0.0 0    -0.1 0 -9999.9 1   -66.7 0 -9999.9 1 -9999.9 1 -9999.9 1 -9999.9 1    21.2 0 -9999.9 1
 1999 176  6 25  8 57  8.950 104.02    -3.2 0 -9999.9 1 -9999.9 1     0.0 0   314.4 0   304.8 0   304.0 0   381.5 0   288.3 0   288.2 0     0.0 2    -0.1 0 -9999.9 1   -67.2 0 -9999.9 1 -9999.9 1 -9999.9 1 -9999.9 1     7.2 0 -9999.9 1
 1999 176  6 25  9  3  9.050 103.25    -3.4 0 -9999.9 1 -9999.9 1    -0.2 0   317.5 0   305.0 0   303.9 0   382.3 0   288.4 0   288.3 0     0.0 0    -0.1 0 -9999.9 1   -64.8 0 -9999.9 1 -9999.9 1 -9999.9 1 -9999.9 1   353.7 0 -9999.9 1
 1999 176  6 25  9  6  9.100 102.85    -3.4 0 -9999.9 1 -9999.9 1    -0.2 0   315.8 0   305.0 0   303.9 0   381.8 0   288.3 0   288.3 0     0.0 0    -0.1 0 -9999.9 1   -66.0 0 -9999.9 1 -9999.9 1 -9999.9 1 -9999.9 1   352.8 0 -9999.9 1
 1999 176  6 25  9  9  9.150 102.46    -3.2 0 -9999.9 1 -9999.9 1     0.4 0   316.3 0   305.0 0   303.7 0   381.6 0   288.3 0   288.2 0     0.0 0    -0.2 0 -9999.9 1   -65.3 0 -9999.9 1 -9999.9 1 -9999.9 1 -9999.9 1   353.9 0 -9999.9 1
 1999 176  6 25  9 12  9.200 102.05    -3.1 0 -9999.9 1 -9999.9 1     0.4 0   317.4 0   305.1 0   303.8 0   381.8 0   288.3 0   288.2 0     0.0 0    -0.1 0 -9999.9 1   -64.5 0 -9999.9 1 -9999.9 1 -9999.9 1 -9999.9 1   339.6 0 -9999.9 1
 1999 176  6 25  9 18  9.300 101.24    -3.1 0 -9999.9 1 -9999.9 1     0.0 0   319.6 0   305.2 0   304.0 0   382.7 0   288.4 0   288.3 0     0.0 0    -0.2 0 -9999.9 1   -63.1 0 -9999.9 1 -9999.9 1 -9999.9 1 -9999.9 1   313.8 0 -9999.9 1
 1999 176  6 25  9 21  9.350 100.82    -3.2 0 -9999.9 1 -9999.9 1    -0.4 0   319.8 0   305.2 0   304.1 0   382.6 0   288.3 0   288.3 0     0.0 0    -0.1 0 -9999.9 1   -62.9 0 -9999.9 1 -9999.9 1 -9999.9 1 -9999.9 1   316.5 0 -9999.9 1
 1999 176  6 25  9 24  9.400 100.40    -3.3 0 -9999.9 1 -9999.9 1    -0.3 0   317.2 0   305.1 0   304.3 0   381.5 0   288.2 0   288.1 0     0.0 0    -0.1 0 -9999.9 1   -64.3 0 -9999.9 1 -9999.9 1 -9999.9 1 -9999.9 1   333.3 0 -9999.9 1
 1999 176  6 25  9 27  9.450  99.98    -3.3 0 -9999.9 1 -9999.9 1    -0.1 0   316.4 0   305.1 0   304.4 0   381.3 0   288.1 0   288.1 0     0.0 0    -0.1 0 -9999.9 1   -64.9 0 -9999.9 1 -9999.9 1 -9999.9 1 -9999.9 1   346.6 0 -9999.9 1
 1999 176  6 25  9 33  9.550  99.13    -3.2 0 -9999.9 1 -9999.9 1     0.0 0   315.9 0   305.1 0   304.0 0   380.5 0   288.1 0   288.0 0     0.0 2    -0.1 0 -9999.9 1   -64.7 0 -9999.9 1 -9999.9 1 -9999.9 1 -9999.9 1   351.3 0 -9999.9 1
 1999 176  6 25  9 36  9.600  98.70    -3.2 0 -9999.9 1 -9999.9 1    -0.3 0   316.9 0   305.2 0   303.8 0   380.5 0   288.1 0   288.0 0     0.0 2    -0.1 0 -9999.9 1   -63.6 0 -9999.9 1 -9999.9 1 -9999.9 1 -9999.9 1   357.0 0 -9999.9 1
 1999 176  6 25  9 39  9.650  98.26    -3.2 0 -9999.9 1 -9999.9 1    -0.4 0   315.8 0   305.2 0   304.1 0   380.3 0   288.1 0   288.0 0     0.0 2    -0.2 0 -9999.9 1   -64.4 0 -9999.9 1 -9999.9 1 -9999.9 1 -9999.9 1     3.0 0 -9999.9 1
 1999 176  6 25  9 42  9.700  97.82    -3.1 0 -9999.9 1 -9999.9 1    -0.4 0   316.0 0   305.3 0   304.1 0   380.4 0   288.2 0   288.1 0     0.0 0    -0.2 0 -9999.9 1   -64.4 0 -9999.9 1 -9999.9 1 -9999.9 1 -9999.9 1     5.2 0 -9999.9 1
 1999 176  6 25  9 48  9.800  96.93    -3.5 0 -9999.9 1 -9999.9 1    -0.3 0   318.2 0   305.3 0   303.8 0   380.3 0   288.2 0   288.1 0     0.0 0    -0.1 0 -9999.9 1   -62.0 0 -9999.9 1 -9999.9 1 -9999.9 1 -9999.9 1     0.7 0 -9999.9 1
 1999 176  6 25  9 51  9.850  96.48    -3.3 0 -9999.9 1 -9999.9 1    -0.6 0   315.8 0   305.4 0   304.1 0   380.1 0   288.2 0   288.2 0     0.0 0    -0.2 0 -9999.9 1   -64.3 0 -9999.9 1 -9999.9 1 -9999.9 1 -9999.9 1     2.1 0 -9999.9 1
 1999 176  6 25  9 54  9.900  96.03    -3.1 0 -9999.9 1 -9999.9 1    -0.5 0   316.1 0   305.5 0   304.4 0   380.6 0   288.4 0   288.3 0     0.0 0    -0.1 0 -9999.9 1   -64.5 0 -9999.9 1 -9999.9 1 -9999.9 1 -9999.9 1     5.6 0 -9999.9 1
 1999 176  6 25  9 57  9.950  95.57    -3.4 0 -9999.9 1 -9999.9 1    -0.4 0   320.2 0   305.6 0   304.2 0   381.6 0   288.5 0   288.4 0     0.0 0     0.0 0 -9999.9 1   -61.4 0 -9999.9 1 -9999.9 1 -9999.9 1 -9999.9 1     7.8 0 -9999.9 1
 1999 176  6 25 10  3 10.050  94.65    -3.3 0 -9999.9 1 -9999.9 1    -0.7 0   322.6 0   305.7 0   304.0 0   382.8 0   288.5 0   288.4 0     0.0 0    -0.1 0 -9999.9 1   -60.3 0 -9999.9 1 -9999.9 1 -9999.9 1 -9999.9 1     1.6 0 -9999.9 1
 1999 176  6 25 10  6 10.100  94.18    -3.3 0 -9999.9 1 -9999.9 1    -0.8 0   319.8 0   305.5 0   303.9 0   381.9 0   288.3 0   288.2 0     0.0 0     0.0 0 -9999.9 1   -62.1 0 -9999.9 1 -9999.9 1 -9999.9 1 -9999.9 1     2.5 0 -9999.9 1
 1999 176  6 25 10  9 10.150  93.71    -2.8 0 -9999.9 1 -9999.9 1    -0.3 0   317.9 0   305.4 0   303.9 0   381.0 0   288.2 0   288.1 0     0.0 0     0.0 0 -9999.9 1   -63.1 0 -9999.9 1 -9999.9 1 -9999.9 1 -9999.9 1     1.6 0 -9999.9 1
 1999 176  6 25 10 12 10.200  93.24    -2.6 0 -9999.9 1 -9999.9 1     0.1 0   319.7 0   305.4 0   303.8 0   381.4 0   288.2 0   288.1 0     0.0 0     0.2 0 -9999.9 1   -61.7 0 -9999.9 1 -9999.9 1 -9999.9 1 -9999.9 1   356.8 0 -9999.9 1
 1999 176  6 25 10 18 10.300  92.29    -1.4 0 -9999.9 1 -9999.9 1     1.1 0   319.6 0   305.3 0   303.7 0   382.7 0   288.2 0   288.2 0     0.0 0     0.6 0 -9999.9 1   -63.1 0 -9999.9 1 -9999.9 1 -9999.9 1 -9999.9 1   355.3 0 -9999.9 1
 1999 176  6 25 10 21 10.350  91.81    -0.9 0 -9999.9 1 -9999.9 1     1.8 0   320.8 0   305.3 0   303.4 0   383.9 0   288.2 0   288.1 0     0.0 0     1.0 0 -9999.9 1   -63.0 0 -9999.9 1 -9999.9 1 -9999.9 1 -9999.9 1   354.6 0 -9999.9 1
 1999 176  6 25 10 24 10.400  91.33    -0.3 0 -9999.9 1 -9999.9 1     2.5 0   320.8 0   305.2 0   303.5 0   384.4 0   288.2 0   288.2 0     0.0 0     1.4 0 -9999.9 1   -63.6 0 -9999.9 1 -9999.9 1 -9999.9 1 -9999.9 1   355.3 0 -9999.9 1
 1999 176  6 25 10 27 10.450  90.85     1.2 0 -9999.9 1 -9999.9 1     4.0 0   321.0 0   305.2 0   303.4 0   384.4 0   288.2 0   288.2 0     0.0 0     2.1 0 -9999.9 1   -63.4 0 -9999.9 1 -9999.9 1 -9999.9 1 -9999.9 1   355.2 0 -9999.9 1
 1999 176  6 25 10 33 10.550  89.33     6.0 0 -9999.9 1 -9999.9 1     8.9 0   322.1 0   305.0 0   303.2 0   385.2 0   288.1 0   288.1 0     0.3 2     4.1 0 -9999.9 1   -63.1 0 -9999.9 1 -9999.9 1 -9999.9 1 -9999.9 1   355.9 0 -9999.9 1
 1999 176  6 25 10 36 10.600  88.93     9.3 0 -9999.9 1 -9999.9 1    12.4 0   320.4 0   305.0 0   303.6 0   385.0 0   288.2 0   288.1 0     0.3 0     5.6 0 -9999.9 1   -64.5 0 -9999.9 1 -9999.9 1 -9999.9 1 -9999.9 1     1.7 0 -9999.9 1
 1999 176  6 25 10 39 10.650  88.50    13.1 0 -9999.9 1 -9999.9 1    15.6 0   321.3 0   305.1 0   303.8 0   385.4 0   288.3 0   288.3 0     0.4 0     7.0 0 -9999.9 1   -64.2 0 -9999.9 1 -9999.9 1 -9999.9 1 -9999.9 1     7.8 0 -9999.9 1
 1999 176  6 25 10 42 10.700  88.05    16.5 0 -9999.9 1 -9999.9 1    18.1 0   323.1 0   305.2 0   303.9 0   385.5 0   288.4 0   288.4 0     0.6 0     8.6 0 -9999.9 1   -62.4 0 -9999.9 1 -9999.9 1 -9999.9 1 -9999.9 1     9.5 0 -9999.9 1
 1999 176  6 25 10 48 10.800  87.12    22.5 0 -9999.9 1 -9999.9 1    23.9 0   322.1 0   305.2 0   303.9 0   385.6 0   288.4 0   288.4 0     0.8 0    11.7 0 -9999.9 1   -63.5 0 -9999.9 1 -9999.9 1 -9999.9 1 -9999.9 1     1.6 0 -9999.9 1
 1999 176  6 25 10 51 10.850  86.65    28.3 0 -9999.9 1 -9999.9 1    27.4 0   318.9 0   305.1 0   304.0 0   384.9 0   288.2 0   288.2 0     0.9 0    14.1 0 -9999.9 1   -66.0 0 -9999.9 1 -9999.9 1 -9999.9 1 -9999.9 1     9.3 0 -9999.9 1
 1999 176  6 25 10 54 10.900  86.16    30.3 0 -9999.9 1 -9999.9 1    29.1 0   320.8 0   305.4 0   304.4 0   386.3 0   288.3 0   288.3 0     1.0 0    15.2 0 -9999.9 1   -65.5 0 -9999.9 1 -9999.9 1 -9999.9 1 -9999.9 1    14.9 0 -9999.9 1
 1999 176  6 25 10 57 10.950  85.67    30.6 0 -9999.9 1 -9999.9 1    31.2 0   319.8 0   305.4 0   304.2 0   386.3 0   288.2 0   288.2 0     1.3 0    15.8 0 -9999.9 1   -66.5 0 -9999.9 1 -9999.9 1 -9999.9 1 -9999.9 1    30.1 0 -9999.9 1
 1999 176  6 25 11  3 11.050  84.68    35.6 0 -9999.9 1 -9999.9 1    36.2 0   319.5 0   305.5 0   304.6 0   387.7 0   288.3 0   288.3 0     1.7 0    19.0 0 -9999.9 1   -68.2 0 -9999.9 1 -9999.9 1 -9999.9 1 -9999.9 1    26.8 0 -9999.9 1
 1999 176  6 25 11  6 11.100  84.18    38.3 0 -9999.9 1 -9999.9 1    38.7 0   319.4 0   305.4 0   304.1 0   387.4 0   288.1 0   288.1 0     1.9 0    20.6 0 -9999.9 1   -68.0 0 -9999.9 1 -9999.9 1 -9999.9 1 -9999.9 1    27.8 0 -9999.9 1
 1999 176  6 25 11  9 11.150  83.67    41.9 0 -9999.9 1 -9999.9 1    41.5 0   322.4 0   305.4 0   303.7 0   388.2 0   288.1 0   288.1 0     2.2 0    22.7 0 -9999.9 1   -65.8 0 -9999.9 1 -9999.9 1 -9999.9 1 -9999.9 1    31.8 0 -9999.9 1
 1999 176  6 25 11 12 11.200  83.16    45.4 0 -9999.9 1 -9999.9 1    43.9 0   322.2 0   305.5 0   303.8 0   388.7 0   288.1 0   288.1 0     2.5 0    25.1 0 -9999.9 1   -66.6 0 -9999.9 1 -9999.9 1 -9999.9 1 -9999.9 1    35.8 0 -9999.9 1
 1999 176  6 25 11 18 11.300  82.13    63.6 0 -9999.9 1 -9999.9 1    49.6 0   321.3 0   305.8 0   304.6 0   392.4 0   288.4 0   288.4 0     3.1 0    34.5 0 -9999.9 1   -71.0 0 -9999.9 1 -9999.9 1 -9999.9 1 -9999.9 1    37.7 0 -9999.9 1
 1999 176  6 25 11 21 11.350  81.61    78.1 0 -9999.9 1 -9999.9 1    52.7 0   319.9 0   305.8 0   304.7 0   393.2 0   288.4 0   288.5 0     3.5 0    41.3 0 -9999.9 1   -73.4 0 -9999.9 1 -9999.9 1 -9999.9 1 -9999.9 1    41.7 0 -9999.9 1
 1999 176  6 25 11 24 11.400  81.09    86.9 0 -9999.9 1 -9999.9 1    54.6 0   320.0 0   306.0 0   304.8 0   395.0 0   288.5 0   288.5 0     3.9 0    45.8 0 -9999.9 1   -75.0 0 -9999.9 1 -9999.9 1 -9999.9 1 -9999.9 1    41.5 0 -9999.9 1
 1999 176  6 25 11 27 11.450  80.57   102.1 0 -9999.9 1 -9999.9 1    57.6 0   321.0 0   306.1 0   304.9 0   396.5 0   288.6 0   288.6 0     4.3 0    53.1 0 -9999.9 1   -75.4 0 -9999.9 1 -9999.9 1 -9999.9 1 -9999.9 1    37.8 0 -9999.9 1
 1999 176  6 25 11 33 11.550  79.52   123.3 0 -9999.9 1 -9999.9 1    61.3 0   324.1 0   306.6 0   305.0 0   399.6 0   288.7 0   288.8 0     5.2 2    63.9 0 -9999.9 1   -75.5 0 -9999.9 1 -9999.9 1 -9999.9 1 -9999.9 1    36.7 0 -9999.9 1
 1999 176  6 25 11 36 11.600  78.99   134.6 0 -9999.9 1 -9999.9 1    63.2 0   326.6 0   307.0 0   305.3 0   401.9 0   289.0 0   289.1 0     5.7 0    69.5 0 -9999.9 1   -75.2 0 -9999.9 1 -9999.9 1 -9999.9 1 -9999.9 1    37.8 0 -9999.9 1
 1999 176  6 25 11 39 11.650  78.46   148.4 0 -9999.9 1 -9999.9 1    64.7 0   327.4 0   307.4 0   305.6 0   403.8 0   289.2 0   289.3 0     6.2 0    75.7 0 -9999.9 1   -76.4 0 -9999.9 1 -9999.9 1 -9999.9 1 -9999.9 1    38.1 0 -9999.9 1
 1999 176  6 25 11 42 11.700  77.92   155.7 0 -9999.9 1 -9999.9 1    65.9 0   327.9 0   307.7 0   305.9 0   405.5 0   289.5 0   289.6 0     6.9 0    79.3 0 -9999.9 1   -77.7 0 -9999.9 1 -9999.9 1 -9999.9 1 -9999.9 1    40.5 0 -9999.9 1
 1999 176  6 25 11 48 11.800  76.85   172.9 0 -9999.9 1 -9999.9 1    67.8 0   330.1 0   308.3 0   306.5 0   408.7 0   289.9 0   290.1 0     8.0 0    87.4 0 -9999.9 1   -78.6 0 -9999.9 1 -9999.9 1 -9999.9 1 -9999.9 1    31.7 0 -9999.9 1
 1999 176  6 25 11 51 11.850  76.31   182.5 0 -9999.9 1 -9999.9 1    68.8 0   331.0 0   308.6 0   306.6 0   410.0 0   290.1 0   290.3 0     8.6 0    92.2 0 -9999.9 1   -79.0 0 -9999.9 1 -9999.9 1 -9999.9 1 -9999.9 1    32.3 0 -9999.9 1
 1999 176  6 25 11 54 11.900  75.77   192.0 0 -9999.9 1 -9999.9 1    70.6 0   330.3 0   308.7 0   306.8 0   410.8 0   290.2 0   290.3 0     9.2 0    97.2 0 -9999.9 1   -80.5 0 -9999.9 1 -9999.9 1 -9999.9 1 -9999.9 1    26.0 0 -9999.9 1
 1999 176  6 25 11 57 11.950  75.23   202.2 0 -9999.9 1 -9999.9 1    71.6 0   327.2 0   308.8 0   307.1 0   410.8 0   290.2 0   290.3 0     9.9 0   101.9 0 -9999.9 1   -83.6 0 -9999.9 1 -9999.9 1 -9999.9 1 -9999.9 1    21.7 0 -9999.9 1
 1999 176  6 25 12  3 12.050  74.14   220.5 0 -9999.9 1 -9999.9 1    73.9 0   327.0 0   309.2 0   307.4 0   412.7 0   290.5 0   290.7 0    11.5 0   110.3 0 -9999.9 1   -85.7 0 -9999.9 1 -9999.9 1 -9999.9 1 -9999.9 1    27.5 0 -9999.9 1
 1999 176  6 25 12  6 12.100  73.60   229.2 0 -9999.9 1 -9999.9 1    74.6 0   328.2 0   309.5 0   307.7 0   414.4 0   290.8 0   290.9 0    12.2 0   114.6 0 -9999.9 1   -86.2 0 -9999.9 1 -9999.9 1 -9999.9 1 -9999.9 1    32.2 0 -9999.9 1
 1999 176  6 25 12  9 12.150  73.05   236.7 0 -9999.9 1 -9999.9 1    75.6 0   328.3 0   309.8 0   308.0 0   415.7 0   291.0 0   291.2 0    13.1 0   118.3 0 -9999.9 1   -87.5 0 -9999.9 1 -9999.9 1 -9999.9 1 -9999.9 1    39.5 0 -9999.9 1
 1999 176  6 25 12 12 12.200  72.50   244.7 0 -9999.9 1 -9999.9 1    76.4 0   327.4 0   309.9 0   308.1 0   416.2 0   291.1 0   291.3 0    14.2 0   121.6 0 -9999.9 1   -88.8 0 -9999.9 1 -9999.9 1 -9999.9 1 -9999.9 1    42.0 0 -9999.9 1
 1999 176  6 25 12 18 12.300  71.40   257.7 0 -9999.9 1 -9999.9 1    77.4 0   326.7 0   310.3 0   308.5 0   417.8 0   291.6 0   291.7 0    16.2 0   128.1 0 -9999.9 1   -91.2 0 -9999.9 1 -9999.9 1 -9999.9 1 -9999.9 1    43.3 0 -9999.9 1
 1999 176  6 25 12 21 12.350  70.85   270.6 0 -9999.9 1 -9999.9 1    80.1 0   325.3 0   310.3 0   308.5 0   418.2 0   291.6 0   291.8 0    17.1 0   134.2 0 -9999.9 1   -92.8 0 -9999.9 1 -9999.9 1 -9999.9 1 -9999.9 1    50.2 0 -9999.9 1
 1999 176  6 25 12 24 12.400  70.29   279.4 0 -9999.9 1 -9999.9 1    82.2 0   325.8 0   310.5 0   308.8 0   419.3 0   291.8 0   292.0 0    17.8 0   138.7 0 -9999.9 1   -93.6 0 -9999.9 1 -9999.9 1 -9999.9 1 -9999.9 1    54.2 0 -9999.9 1
 1999 176  6 25 12 27 12.450  69.74   291.4 0 -9999.9 1 -9999.9 1    83.2 0   326.1 0   310.7 0   309.2 0   421.7 0   292.1 0   292.3 0    18.8 0   144.0 0 -9999.9 1   -95.6 0 -9999.9 1 -9999.9 1 -9999.9 1 -9999.9 1    64.9 0 -9999.9 1
 1999 176  6 25 12 33 12.550  68.62   306.2 0 -9999.9 1 -9999.9 1    84.1 0   330.5 0   311.2 0   309.6 0   423.9 0   292.7 0   292.9 0    20.9 0   151.5 0 -9999.9 1   -93.5 0 -9999.9 1 -9999.9 1 -9999.9 1 -9999.9 1    64.1 0 -9999.9 1
 1999 176  6 25 12 36 12.600  68.07   308.8 0 -9999.9 1 -9999.9 1    84.7 0   331.7 0   311.4 0   309.9 0   425.2 0   293.0 0   293.1 0    22.0 0   153.1 0 -9999.9 1   -93.5 0 -9999.9 1 -9999.9 1 -9999.9 1 -9999.9 1    56.2 0 -9999.9 1
 1999 176  6 25 12 39 12.650  67.51   338.1 0 -9999.9 1 -9999.9 1    86.9 0   333.5 0   311.6 0   310.2 0   427.3 0   293.2 0   293.4 0    23.3 0   166.1 0 -9999.9 1   -93.8 0 -9999.9 1 -9999.9 1 -9999.9 1 -9999.9 1    49.8 0 -9999.9 1
 1999 176  6 25 12 42 12.700  66.95   353.2 0 -9999.9 1 -9999.9 1    89.3 0   332.7 0   311.7 0   310.1 0   428.0 0   293.2 0   293.4 0    25.0 0   173.1 0 -9999.9 1   -95.3 0 -9999.9 1 -9999.9 1 -9999.9 1 -9999.9 1    45.6 0 -9999.9 1
 1999 176  6 25 12 48 12.800  65.82   366.0 0 -9999.9 1 -9999.9 1    93.5 0   330.2 0   312.0 0   310.4 0   428.4 0   293.6 0   293.8 0    27.6 0   178.6 0 -9999.9 1   -98.2 0 -9999.9 1 -9999.9 1 -9999.9 1 -9999.9 1    37.7 0 -9999.9 1
 1999 176  6 25 12 51 12.850  65.26   384.3 0 -9999.9 1 -9999.9 1    98.3 0   330.0 0   312.1 0   310.3 0   428.5 0   293.6 0   293.8 0    28.7 0   186.7 0 -9999.9 1   -98.5 0 -9999.9 1 -9999.9 1 -9999.9 1 -9999.9 1    43.5 0 -9999.9 1
 1999 176  6 25 12 54 12.900  64.70   400.8 0 -9999.9 1 -9999.9 1   102.8 0   328.1 0   312.1 0   310.6 0   429.5 0   293.6 0   293.9 0    30.4 2   194.5 0 -9999.9 1  -101.4 0 -9999.9 1 -9999.9 1 -9999.9 1 -9999.9 1    43.5 0 -9999.9 1
 1999 176  6 25 12 57 12.950  64.13   411.5 0 -9999.9 1 -9999.9 1   107.0 0   328.4 0   312.2 0   310.7 0   430.3 0   293.8 0   294.0 0    32.0 2   199.1 0 -9999.9 1  -101.9 0 -9999.9 1 -9999.9 1 -9999.9 1 -9999.9 1    45.2 0 -9999.9 1
 1999 176  6 25 13  3 13.050  63.00   428.4 0 -9999.9 1 -9999.9 1   117.0 0   329.4 0   312.6 0   310.8 0   430.5 0   294.1 0   294.4 0    36.1 2   205.8 0 -9999.9 1  -101.1 0 -9999.9 1 -9999.9 1 -9999.9 1 -9999.9 1    38.3 0 -9999.9 1
 1999 176  6 25 13  6 13.100  62.43   448.8 0 -9999.9 1 -9999.9 1   124.4 0   329.1 0   312.7 0   310.9 0   429.9 0   294.2 0   294.4 0    38.4 2   213.9 0 -9999.9 1  -100.8 0 -9999.9 1 -9999.9 1 -9999.9 1 -9999.9 1    48.4 0 -9999.9 1
 1999 176  6 25 13  9 13.150  61.87   464.7 0 -9999.9 1 -9999.9 1   131.7 0   330.6 0   312.8 0   311.0 0   432.0 0   294.3 0   294.5 0    40.2 2   219.8 0 -9999.9 1  -101.4 0 -9999.9 1 -9999.9 1 -9999.9 1 -9999.9 1    46.9 0 -9999.9 1
 1999 176  6 25 13 12 13.200  61.30   464.1 0 -9999.9 1 -9999.9 1   137.7 0   329.3 0   312.8 0   311.1 0   431.2 0   294.4 0   294.6 0    42.1 2   219.8 0 -9999.9 1  -101.9 0 -9999.9 1 -9999.9 1 -9999.9 1 -9999.9 1    53.2 0 -9999.9 1
 1999 176  6 25 13 18 13.300  60.16   504.3 0 -9999.9 1 -9999.9 1   150.4 0   329.1 0   313.0 0   311.1 0   433.3 0   294.6 0   294.9 0    45.3 2   237.6 0 -9999.9 1  -104.2 0 -9999.9 1 -9999.9 1 -9999.9 1 -9999.9 1    54.0 0 -9999.9 1
 1999 176  6 25 13 21 13.350  59.59   498.0 0 -9999.9 1 -9999.9 1   155.3 0   328.2 0   313.0 0   311.3 0   434.0 0   294.8 0   295.0 0    46.4 2   236.0 0 -9999.9 1  -105.8 0 -9999.9 1 -9999.9 1 -9999.9 1 -9999.9 1    55.3 0 -9999.9 1
 1999 176  6 25 13 24 13.400  59.02   534.1 0 -9999.9 1 -9999.9 1   159.3 0   328.9 0   313.1 0   311.5 0   435.1 0   294.9 0   295.2 0    49.4 2   252.2 0 -9999.9 1  -106.2 0 -9999.9 1 -9999.9 1 -9999.9 1 -9999.9 1    44.5 0 -9999.9 1
 1999 176  6 25 13 27 13.450  58.45   555.6 0 -9999.9 1 -9999.9 1   159.8 0   327.3 0   313.3 0   311.6 0   434.8 0   295.0 0   295.3 0    51.9 2   261.3 0 -9999.9 1  -107.5 0 -9999.9 1 -9999.9 1 -9999.9 1 -9999.9 1    45.9 0 -9999.9 1
 1999 176  6 25 13 33 13.550  57.31   530.7 0 -9999.9 1 -9999.9 1   155.0 0   330.6 0   313.4 0   311.4 0   435.1 0   295.3 0   295.5 0    53.1 2   249.6 0 -9999.9 1  -104.5 0 -9999.9 1 -9999.9 1 -9999.9 1 -9999.9 1    43.2 0 -9999.9 1
 1999 176  6 25 13 36 13.600  56.74   488.5 0 -9999.9 1 -9999.9 1   150.9 0   331.0 0   313.6 0   311.6 0   435.0 0   295.5 0   295.7 0    53.0 2   231.3 0 -9999.9 1  -104.0 0 -9999.9 1 -9999.9 1 -9999.9 1 -9999.9 1    43.1 0 -9999.9 1
 1999 176  6 25 13 39 13.650  56.16   509.3 0 -9999.9 1 -9999.9 1   150.2 0   333.9 0   313.7 0   311.8 0   436.8 0   295.7 0   295.9 0    55.6 2   241.2 0 -9999.9 1  -102.9 0 -9999.9 1 -9999.9 1 -9999.9 1 -9999.9 1    37.5 0 -9999.9 1
 1999 176  6 25 13 42 13.700  55.59   556.3 0 -9999.9 1 -9999.9 1   151.7 0   334.8 0   313.7 0   311.8 0   438.4 0   295.7 0   296.0 0    59.3 2   262.0 0 -9999.9 1  -103.6 0 -9999.9 1 -9999.9 1 -9999.9 1 -9999.9 1    43.5 0 -9999.9 1
 1999 176  6 25 13 48 13.800  54.44   602.1 0 -9999.9 1 -9999.9 1   152.5 0   338.2 0   314.1 0   312.5 0   445.1 0   296.3 0   296.6 0    65.4 0   282.3 0 -9999.9 1  -106.9 0 -9999.9 1 -9999.9 1 -9999.9 1 -9999.9 1    38.5 0 -9999.9 1
 1999 176  6 25 13 51 13.850  53.87   619.7 0 -9999.9 1 -9999.9 1   154.0 0   339.4 0   314.3 0   312.6 0   447.9 0   296.6 0   296.8 0    68.5 0   289.8 0 -9999.9 1  -108.4 0 -9999.9 1 -9999.9 1 -9999.9 1 -9999.9 1    45.7 0 -9999.9 1
 1999 176  6 25 13 54 13.900  53.30   635.0 0 -9999.9 1 -9999.9 1   154.6 0   340.7 0   314.5 0   312.9 0   449.2 0   296.8 0   297.1 0    71.0 0   296.4 0 -9999.9 1  -108.5 0 -9999.9 1 -9999.9 1 -9999.9 1 -9999.9 1    38.5 0 -9999.9 1
 1999 176  6 25 13 57 13.950  52.72   632.5 0 -9999.9 1 -9999.9 1   154.0 0   342.6 0   314.7 0   313.0 0   449.8 0   297.1 0   297.3 0    72.6 0   295.0 0 -9999.9 1  -107.2 0 -9999.9 1 -9999.9 1 -9999.9 1 -9999.9 1    44.7 0 -9999.9 1
 1999 176  6 25 14  3 14.050  51.58   658.4 0 -9999.9 1 -9999.9 1   157.5 0   343.6 0   314.9 0   313.3 0   452.1 0   297.3 0   297.6 0    78.1 0   306.3 0 -9999.9 1  -108.5 0 -9999.9 1 -9999.9 1 -9999.9 1 -9999.9 1    52.6 0 -9999.9 1
 1999 176  6 25 14  6 14.100  51.00   668.3 0 -9999.9 1 -9999.9 1   159.7 0   343.1 0   315.0 0   313.6 0   455.3 0   297.5 0   297.7 0    80.5 0   310.4 0 -9999.9 1  -112.2 0 -9999.9 1 -9999.9 1 -9999.9 1 -9999.9 1    47.0 0 -9999.9 1
 1999 176  6 25 14  9 14.150  50.43   692.6 0 -9999.9 1 -9999.9 1   163.1 0   343.2 0   315.0 0   313.7 0   455.8 0   297.6 0   297.8 0    84.1 0   321.4 0 -9999.9 1  -112.6 0 -9999.9 1 -9999.9 1 -9999.9 1 -9999.9 1    52.3 0 -9999.9 1
 1999 176  6 25 14 12 14.200  49.86   714.5 0 -9999.9 1 -9999.9 1   166.4 0   340.5 0   315.0 0   313.7 0   457.0 0   297.6 0   297.8 0    88.2 0   331.0 0 -9999.9 1  -116.5 0 -9999.9 1 -9999.9 1 -9999.9 1 -9999.9 1    54.6 0 -9999.9 1
 1999 176  6 25 14 18 14.300  48.71   735.7 0 -9999.9 1 -9999.9 1   177.4 0   366.2 0   315.0 0   311.7 0   457.2 0   297.7 0   298.0 0    93.6 0   340.0 0 -9999.9 1   -91.0 0 -9999.9 1 -9999.9 1 -9999.9 1 -9999.9 1    86.2 0 -9999.9 1
 1999 176  6 25 14 21 14.350  48.14   765.4 0 -9999.9 1 -9999.9 1   185.7 0   374.9 0   314.2 0   309.9 0   457.5 0   297.7 0   298.0 0    97.6 0   348.0 0 -9999.9 1   -82.6 0 -9999.9 1 -9999.9 1 -9999.9 1 -9999.9 1    80.8 0 -9999.9 1
 1999 176  6 25 14 24 14.400  47.57   792.2 0 -9999.9 1 -9999.9 1   196.2 0   355.4 0   314.0 0   311.0 0   458.2 0   297.8 0   298.0 0   101.6 2   361.3 0 -9999.9 1  -102.7 0 -9999.9 1 -9999.9 1 -9999.9 1 -9999.9 1    64.3 0 -9999.9 1
 1999 176  6 25 14 27 14.450  46.99   784.3 0 -9999.9 1 -9999.9 1   206.3 0   348.2 0   314.1 0   311.9 0   458.7 0   297.9 0   298.2 0   103.5 2   357.0 0 -9999.9 1  -110.5 0 -9999.9 1 -9999.9 1 -9999.9 1 -9999.9 1    52.7 0 -9999.9 1
 1999 176  6 25 14 33 14.550  45.85   834.7 0 -9999.9 1 -9999.9 1   240.9 0   343.8 0   314.4 0   312.6 0   460.3 0   298.2 0   298.5 0   110.5 2   378.4 0 -9999.9 1  -116.5 0 -9999.9 1 -9999.9 1 -9999.9 1 -9999.9 1    52.7 0 -9999.9 1
 1999 176  6 25 14 36 14.600  45.28   849.9 0 -9999.9 1 -9999.9 1   257.3 0   343.6 0   314.7 0   313.4 0   464.1 0   298.4 0   298.7 0   114.0 0   385.6 0 -9999.9 1  -120.5 0 -9999.9 1 -9999.9 1 -9999.9 1 -9999.9 1    56.1 0 -9999.9 1
 1999 176  6 25 14 39 14.650  44.71   817.3 0 -9999.9 1 -9999.9 1   269.0 0   339.9 0   314.9 0   313.7 0   466.0 0   298.5 0   298.8 0   112.4 0   368.8 0 -9999.9 1  -126.1 0 -9999.9 1 -9999.9 1 -9999.9 1 -9999.9 1    73.0 0 -9999.9 1
 1999 176  6 25 14 42 14.700  44.14   637.6 0 -9999.9 1 -9999.9 1   269.6 0   339.3 0   315.0 0   313.3 0   455.4 0   298.7 0   298.9 0   101.5 0   292.8 0 -9999.9 1  -116.1 0 -9999.9 1 -9999.9 1 -9999.9 1 -9999.9 1    89.3 0 -9999.9 1
 1999 176  6 25 14 48 14.800  43.00   713.4 0 -9999.9 1 -9999.9 1   282.1 0   337.9 0   315.2 0   313.7 0   458.3 0   298.6 0   298.9 0   111.1 2   324.2 0 -9999.9 1  -120.4 0 -9999.9 1 -9999.9 1 -9999.9 1 -9999.9 1    70.4 0 -9999.9 1
 1999 176  6 25 14 51 14.850  42.43   670.0 0 -9999.9 1 -9999.9 1   279.5 0   340.6 0   315.4 0   313.8 0   454.6 0   298.7 0   298.9 0   109.2 2   307.2 0 -9999.9 1  -114.0 0 -9999.9 1 -9999.9 1 -9999.9 1 -9999.9 1    78.8 0 -9999.9 1
 1999 176  6 25 14 54 14.900  41.87   621.2 0 -9999.9 1 -9999.9 1   274.1 0   341.0 0   315.6 0   314.2 0   456.4 0   298.9 0   299.1 0   105.9 0   284.8 0 -9999.9 1  -115.3 0 -9999.9 1 -9999.9 1 -9999.9 1 -9999.9 1   104.1 0 -9999.9 1
 1999 176  6 25 14 57 14.950  41.30   622.9 0 -9999.9 1 -9999.9 1   270.2 0   340.4 0   315.8 0   314.5 0   457.6 0   299.0 0   299.2 0   106.4 0   284.8 0 -9999.9 1  -117.2 0 -9999.9 1 -9999.9 1 -9999.9 1 -9999.9 1   119.6 0 -9999.9 1
 1999 176  6 25 15  3 15.050  40.17   611.7 0 -9999.9 1 -9999.9 1   266.3 0   346.7 0   316.1 0   314.7 0   457.4 0   299.4 0   299.5 0   108.8 0   280.0 0 -9999.9 1  -110.6 0 -9999.9 1 -9999.9 1 -9999.9 1 -9999.9 1    81.7 0 -9999.9 1
 1999 176  6 25 15  6 15.100  39.61   595.8 0 -9999.9 1 -9999.9 1   264.0 0   349.3 0   316.4 0   315.2 0   457.9 0   299.4 0   299.6 0   109.6 0   272.7 0 -9999.9 1  -108.6 0 -9999.9 1 -9999.9 1 -9999.9 1 -9999.9 1    63.3 0 -9999.9 1
 1999 176  6 25 15  9 15.150  39.05   648.6 0 -9999.9 1 -9999.9 1   268.0 0   349.2 0   316.4 0   315.1 0   457.8 0   299.4 0   299.6 0   116.6 0   296.7 0 -9999.9 1  -108.6 0 -9999.9 1 -9999.9 1 -9999.9 1 -9999.9 1    66.1 0 -9999.9 1
 1999 176  6 25 15 12 15.200  38.49   684.4 0 -9999.9 1 -9999.9 1   269.3 0   348.7 0   316.7 0   315.6 0   461.1 0   299.5 0   299.7 0   121.6 0   312.1 0 -9999.9 1  -112.4 0 -9999.9 1 -9999.9 1 -9999.9 1 -9999.9 1    71.6 0 -9999.9 1
 1999 176  6 25 15 18 15.300  37.37   697.0 0 -9999.9 1 -9999.9 1   267.4 0   345.3 0   316.7 0   315.5 0   461.1 0   299.3 0   299.4 0   124.9 2   317.5 0 -9999.9 1  -115.8 0 -9999.9 1 -9999.9 1 -9999.9 1 -9999.9 1    59.5 0 -9999.9 1
 1999 176  6 25 15 21 15.350  36.82   652.0 0 -9999.9 1 -9999.9 1   263.2 0   342.6 0   316.8 0   315.5 0   458.1 0   299.2 0   299.4 0   123.2 2   297.8 0 -9999.9 1  -115.6 0 -9999.9 1 -9999.9 1 -9999.9 1 -9999.9 1    82.5 0 -9999.9 1
 1999 176  6 25 15 24 15.400  36.26   736.5 0 -9999.9 1 -9999.9 1   265.8 0   344.8 0   316.9 0   315.5 0   459.8 0   299.2 0   299.4 0   134.0 2   335.1 0 -9999.9 1  -115.0 0 -9999.9 1 -9999.9 1 -9999.9 1 -9999.9 1    52.6 0 -9999.9 1
 1999 176  6 25 15 27 15.450  35.71   753.2 0 -9999.9 1 -9999.9 1   263.8 0   340.7 0   317.0 0   316.0 0   462.4 0   299.3 0   299.5 0   138.5 2   344.8 0 -9999.9 1  -121.7 0 -9999.9 1 -9999.9 1 -9999.9 1 -9999.9 1    82.6 0 -9999.9 1
 1999 176  6 25 15 33 15.550  34.62   793.1 0 -9999.9 1 -9999.9 1   251.2 0   340.7 0   317.3 0   316.2 0   463.1 0   299.4 0   299.6 0   148.0 2   360.4 0 -9999.9 1  -122.4 0 -9999.9 1 -9999.9 1 -9999.9 1 -9999.9 1    63.3 0 -9999.9 1
 1999 176  6 25 15 36 15.600  34.07   836.3 0 -9999.9 1 -9999.9 1   242.3 0   338.1 0   317.5 0   316.4 0   465.9 0   299.5 0   299.7 0   154.2 2   379.7 0 -9999.9 1  -127.9 0 -9999.9 1 -9999.9 1 -9999.9 1 -9999.9 1   102.5 0 -9999.9 1
 1999 176  6 25 15 39 15.650  33.53   749.4 0 -9999.9 1 -9999.9 1   226.3 0   342.7 0   317.8 0   316.5 0   464.0 0   299.8 0   300.0 0   146.9 2   341.4 0 -9999.9 1  -121.3 0 -9999.9 1 -9999.9 1 -9999.9 1 -9999.9 1   100.9 0 -9999.9 1
 1999 176  6 25 15 42 15.700  32.99   856.3 0 -9999.9 1 -9999.9 1   221.4 0   340.5 0   317.8 0   316.7 0   467.0 0   299.8 0   300.1 0   159.8 2   389.5 0 -9999.9 1  -126.5 0 -9999.9 1 -9999.9 1 -9999.9 1 -9999.9 1   112.7 0 -9999.9 1
 1999 176  6 25 15 48 15.800  31.91   916.2 0 -9999.9 1 -9999.9 1   208.8 0   344.7 0   318.3 0   317.2 0   472.7 0   300.2 0   300.5 0   173.3 0   415.8 0 -9999.9 1  -128.1 0 -9999.9 1 -9999.9 1 -9999.9 1 -9999.9 1   106.7 0 -9999.9 1
 1999 176  6 25 15 51 15.850  31.38   863.6 0 -9999.9 1 -9999.9 1   203.2 0   342.5 0   318.3 0   317.1 0   469.3 0   300.3 0   300.5 0   171.3 2   393.0 0 -9999.9 1  -126.8 0 -9999.9 1 -9999.9 1 -9999.9 1 -9999.9 1   118.4 0 -9999.9 1
 1999 176  6 25 15 54 15.900  30.85   874.3 0 -9999.9 1 -9999.9 1   198.6 0   343.6 0   318.4 0   317.3 0   471.0 0   300.3 0   300.4 0   173.5 2   397.2 0 -9999.9 1  -127.4 0 -9999.9 1 -9999.9 1 -9999.9 1 -9999.9 1    95.6 0 -9999.9 1
 1999 176  6 25 15 57 15.950  30.33   921.1 0 -9999.9 1 -9999.9 1   197.0 0   341.8 0   318.4 0   317.3 0   471.3 0   300.3 0   300.6 0   179.7 2   418.3 0 -9999.9 1  -129.5 0 -9999.9 1 -9999.9 1 -9999.9 1 -9999.9 1   115.0 0 -9999.9 1
 1999 176  6 25 16  3 16.050  29.29   983.3 0 -9999.9 1 -9999.9 1   188.3 0   342.2 0   318.8 0   318.1 0   475.5 0   300.7 0   301.0 0   192.1 2   446.0 0 -9999.9 1  -133.3 0 -9999.9 1 -9999.9 1 -9999.9 1 -9999.9 1    61.2 0 -9999.9 1
 1999 176  6 25 16  6 16.100  28.78   973.6 0 -9999.9 1 -9999.9 1   181.1 0   344.1 0   319.2 0   318.6 0   477.6 0   301.0 0   301.3 0   196.0 0   440.7 0 -9999.9 1  -133.5 0 -9999.9 1 -9999.9 1 -9999.9 1 -9999.9 1    47.9 0 -9999.9 1
 1999 176  6 25 16  9 16.150  28.27   960.9 0 -9999.9 1 -9999.9 1   176.3 0   341.0 0   319.5 0   318.9 0   479.5 0   301.2 0   301.4 0   195.7 0   435.1 0 -9999.9 1  -138.5 0 -9999.9 1 -9999.9 1 -9999.9 1 -9999.9 1    97.2 0 -9999.9 1
 1999 176  6 25 16 12 16.200  27.76   994.0 0 -9999.9 1 -9999.9 1   175.0 0   343.8 0   319.8 0   319.2 0   480.6 0   301.5 0   301.7 0   200.6 0   449.6 0 -9999.9 1  -136.7 0 -9999.9 1 -9999.9 1 -9999.9 1 -9999.9 1   120.4 0 -9999.9 1
 1999 176  6 25 16 18 16.300  26.77  1003.7 0 -9999.9 1 -9999.9 1   172.3 0   342.7 0   320.2 0   320.0 0   483.2 0   301.8 0   302.1 0   204.0 0   453.2 0 -9999.9 1  -140.5 0 -9999.9 1 -9999.9 1 -9999.9 1 -9999.9 1    88.8 0 -9999.9 1
 1999 176  6 25 16 21 16.350  26.28  1011.2 0 -9999.9 1 -9999.9 1   170.8 0   340.9 0   320.3 0   320.3 0   481.2 0   301.9 0   302.2 0   206.9 0   456.2 0 -9999.9 1  -140.2 0 -9999.9 1 -9999.9 1 -9999.9 1 -9999.9 1    41.1 0 -9999.9 1
 1999 176  6 25 16 24 16.400  25.80  1003.1 0 -9999.9 1 -9999.9 1   169.7 0   341.5 0   320.3 0   319.6 0   479.4 0   301.8 0   302.0 0   207.1 2   452.3 0 -9999.9 1  -137.8 0 -9999.9 1 -9999.9 1 -9999.9 1 -9999.9 1    78.5 0 -9999.9 1
 1999 176  6 25 16 27 16.450  25.32  1000.0 0 -9999.9 1 -9999.9 1   168.8 0   346.1 0   320.4 0   319.0 0   476.3 0   301.7 0   302.0 0   207.9 2   451.6 0 -9999.9 1  -130.2 0 -9999.9 1 -9999.9 1 -9999.9 1 -9999.9 1    64.5 0 -9999.9 1
 1999 176  6 25 16 33 16.550  24.38   955.6 0 -9999.9 1 -9999.9 1   165.7 0   338.8 0   320.8 0   320.0 0   480.0 0   302.0 0   302.3 0   204.5 0   431.7 0 -9999.9 1  -141.2 0 -9999.9 1 -9999.9 1 -9999.9 1 -9999.9 1   122.7 0 -9999.9 1
 1999 176  6 25 16 36 16.600  23.93  1037.2 0 -9999.9 1 -9999.9 1   171.0 0   346.1 0   320.9 0   319.9 0   481.2 0   302.1 0   302.4 0   216.9 0   466.8 0 -9999.9 1  -135.1 0 -9999.9 1 -9999.9 1 -9999.9 1 -9999.9 1   126.7 0 -9999.9 1
 1999 176  6 25 16 39 16.650  23.48  1034.1 0 -9999.9 1 -9999.9 1   169.2 0   343.3 0   321.0 0   319.9 0   483.0 0   302.1 0   302.3 0   218.0 0   464.9 0 -9999.9 1  -139.7 0 -9999.9 1 -9999.9 1 -9999.9 1 -9999.9 1   142.4 0 -9999.9 1
 1999 176  6 25 16 42 16.700  23.04  1024.9 0 -9999.9 1 -9999.9 1   171.0 0   349.6 0   320.9 0   319.4 0   482.1 0   302.1 0   302.3 0   218.1 0   460.6 0 -9999.9 1  -132.5 0 -9999.9 1 -9999.9 1 -9999.9 1 -9999.9 1    97.7 0 -9999.9 1
 1999 176  6 25 16 48 16.800  22.19  1068.2 0 -9999.9 1 -9999.9 1   180.6 0   351.5 0   320.9 0   319.6 0   484.0 0   302.0 0   302.3 0   227.8 0   480.1 0 -9999.9 1  -132.5 0 -9999.9 1 -9999.9 1 -9999.9 1 -9999.9 1   103.7 0 -9999.9 1
 1999 176  6 25 16 51 16.850  21.78  1072.4 0 -9999.9 1 -9999.9 1   187.8 0   351.1 0   320.9 0   319.6 0   484.4 0   302.0 0   302.3 0   228.4 0   481.2 0 -9999.9 1  -133.4 0 -9999.9 1 -9999.9 1 -9999.9 1 -9999.9 1   101.8 0 -9999.9 1
 1999 176  6 25 16 54 16.900  21.38  1074.6 0 -9999.9 1 -9999.9 1   194.8 0   347.9 0   320.8 0   319.6 0   485.4 0   302.0 0   302.2 0   228.7 0   481.5 0 -9999.9 1  -137.5 0 -9999.9 1 -9999.9 1 -9999.9 1 -9999.9 1   134.5 0 -9999.9 1
 1999 176  6 25 16 57 16.950  20.99   934.5 0 -9999.9 1 -9999.9 1   191.4 0   349.7 0   320.6 0   318.9 0   478.5 0   301.9 0   302.0 0   207.2 0   419.4 0 -9999.9 1  -128.8 0 -9999.9 1 -9999.9 1 -9999.9 1 -9999.9 1   122.1 0 -9999.9 1
 1999 176  6 25 17  3 17.050  20.24   940.1 0 -9999.9 1 -9999.9 1   186.9 0   352.8 0   320.2 0   318.4 0   475.6 0   301.6 0   301.8 0   208.3 0   422.7 0 -9999.9 1  -122.8 0 -9999.9 1 -9999.9 1 -9999.9 1 -9999.9 1    85.6 0 -9999.9 1
 1999 176  6 25 17  6 17.100  19.89   990.3 0 -9999.9 1 -9999.9 1   184.6 0   347.8 0   320.1 0   318.9 0   481.9 0   301.6 0   301.9 0   218.4 0   445.1 0 -9999.9 1  -134.1 0 -9999.9 1 -9999.9 1 -9999.9 1 -9999.9 1   107.6 0 -9999.9 1
 1999 176  6 25 17  9 17.150  19.55  1044.3 0 -9999.9 1 -9999.9 1   182.2 0   350.0 0   320.1 0   318.7 0   483.1 0   301.6 0   301.9 0   229.0 0   468.0 0 -9999.9 1  -133.1 0 -9999.9 1 -9999.9 1 -9999.9 1 -9999.9 1    93.2 0 -9999.9 1
 1999 176  6 25 17 12 17.200  19.23  1091.1 0 -9999.9 1 -9999.9 1   180.8 0   352.6 0   319.8 0   318.1 0   482.1 0   301.4 0   301.7 0   236.7 0   488.9 0 -9999.9 1  -129.5 0 -9999.9 1 -9999.9 1 -9999.9 1 -9999.9 1    88.1 0 -9999.9 1
 1999 176  6 25 17 18 17.300  18.63  1100.5 0 -9999.9 1 -9999.9 1   183.3 0   349.0 0   319.4 0   317.9 0   484.5 0   301.2 0   301.5 0   238.6 2   493.6 0 -9999.9 1  -135.5 0 -9999.9 1 -9999.9 1 -9999.9 1 -9999.9 1   104.2 0 -9999.9 1
 1999 176  6 25 17 21 17.350  18.36  1106.3 0 -9999.9 1 -9999.9 1   189.2 0   347.3 0   319.3 0   318.3 0   487.4 0   301.3 0   301.5 0   240.3 2   496.2 0 -9999.9 1  -140.1 0 -9999.9 1 -9999.9 1 -9999.9 1 -9999.9 1   116.7 0 -9999.9 1
 1999 176  6 25 17 24 17.400  18.10  1063.2 0 -9999.9 1 -9999.9 1   203.9 0   348.9 0   319.2 0   318.2 0   487.3 0   301.4 0   301.7 0   230.4 2   474.8 0 -9999.9 1  -138.4 0 -9999.9 1 -9999.9 1 -9999.9 1 -9999.9 1   113.9 0 -9999.9 1
 1999 176  6 25 17 27 17.450  17.86  1104.5 0 -9999.9 1 -9999.9 1   217.1 0   352.3 0   319.2 0   318.0 0   485.4 0   301.5 0   301.8 0   238.5 0   494.6 0 -9999.9 1  -133.2 0 -9999.9 1 -9999.9 1 -9999.9 1 -9999.9 1   115.5 0 -9999.9 1
 1999 176  6 25 17 33 17.550  17.45  1142.4 0 -9999.9 1 -9999.9 1   247.7 0   355.3 0   319.0 0   317.8 0   486.8 0   301.4 0   301.7 0   242.9 2   508.2 0 -9999.9 1  -131.5 0 -9999.9 1 -9999.9 1 -9999.9 1 -9999.9 1    86.7 0 -9999.9 1
 1999 176  6 25 17 36 17.600  17.27  1128.7 0 -9999.9 1 -9999.9 1   237.5 0   350.5 0   319.0 0   317.9 0   488.0 0   301.5 0   301.8 0   246.7 2   502.2 0 -9999.9 1  -137.5 0 -9999.9 1 -9999.9 1 -9999.9 1 -9999.9 1   120.5 0 -9999.9 1
 1999 176  6 25 17 39 17.650  17.11  1088.4 0 -9999.9 1 -9999.9 1   235.1 0   354.8 0   319.1 0   317.5 0   485.2 0   301.7 0   302.0 0   240.4 0   484.9 0 -9999.9 1  -130.4 0 -9999.9 1 -9999.9 1 -9999.9 1 -9999.9 1   114.3 0 -9999.9 1
 1999 176  6 25 17 42 17.700  16.98  1105.1 0 -9999.9 1 -9999.9 1   242.7 0   358.3 0   319.0 0   317.6 0   486.1 0   301.8 0   302.1 0   241.7 0   492.3 0 -9999.9 1  -127.9 0 -9999.9 1 -9999.9 1 -9999.9 1 -9999.9 1   108.9 0 -9999.9 1
 1999 176  6 25 17 48 17.800  16.78   809.2 0 -9999.9 1 -9999.9 1   251.7 0   350.2 0   318.8 0   317.5 0   478.6 0   301.7 0   301.9 0   202.2 0   365.4 0 -9999.9 1  -128.4 0 -9999.9 1 -9999.9 1 -9999.9 1 -9999.9 1   136.5 0 -9999.9 1
 1999 176  6 25 17 51 17.850  16.72  1088.8 0 -9999.9 1 -9999.9 1   215.3 0   350.7 0   318.5 0   317.7 0   487.0 0   301.5 0   301.8 0   237.1 2   483.0 0 -9999.9 1  -136.3 0 -9999.9 1 -9999.9 1 -9999.9 1 -9999.9 1   110.9 0 -9999.9 1
 1999 176  6 25 17 54 17.900  16.68  1112.2 0 -9999.9 1 -9999.9 1   217.1 0   350.7 0   318.4 0   317.4 0   486.2 0   301.4 0   301.7 0   245.8 2   494.6 0 -9999.9 1  -135.5 0 -9999.9 1 -9999.9 1 -9999.9 1 -9999.9 1    83.5 0 -9999.9 1
 1999 176  6 25 17 57 17.950  16.66   913.2 0 -9999.9 1 -9999.9 1   251.0 0   346.8 0   318.4 0   317.2 0   477.5 0   301.4 0   301.5 0   225.9 2   411.7 0 -9999.9 1  -130.7 0 -9999.9 1 -9999.9 1 -9999.9 1 -9999.9 1   114.1 0 -9999.9 1
 1999 176  6 25 18  3 18.050  16.70  1135.3 0 -9999.9 1 -9999.9 1   244.4 0   348.6 0   318.2 0   317.2 0   484.6 0   301.2 0   301.5 0   250.6 2   506.1 0 -9999.9 1  -135.9 0 -9999.9 1 -9999.9 1 -9999.9 1 -9999.9 1   101.4 0 -9999.9 1
 1999 176  6 25 18  6 18.100  16.75  1145.7 0 -9999.9 1 -9999.9 1   278.1 0   348.8 0   318.5 0   318.0 0   489.4 0   301.4 0   301.8 0   244.5 2   508.8 0 -9999.9 1  -140.7 0 -9999.9 1 -9999.9 1 -9999.9 1 -9999.9 1   101.3 0 -9999.9 1
 1999 176  6 25 18  9 18.150  16.83  1115.2 0 -9999.9 1 -9999.9 1   255.2 0   347.2 0   318.6 0   318.0 0   490.0 0   301.6 0   301.9 0   243.6 2   496.5 0 -9999.9 1  -142.7 0 -9999.9 1 -9999.9 1 -9999.9 1 -9999.9 1    95.6 0 -9999.9 1
 1999 176  6 25 18 12 18.200  16.94  1128.8 0 -9999.9 1 -9999.9 1   267.3 0   355.6 0   318.9 0   317.8 0   487.7 0   301.9 0   302.2 0   245.9 2   501.3 0 -9999.9 1  -132.1 0 -9999.9 1 -9999.9 1 -9999.9 1 -9999.9 1    92.6 0 -9999.9 1
 1999 176  6 25 18 18 18.300  17.21  1050.6 0 -9999.9 1 -9999.9 1   407.1 0   375.0 0   319.1 0   318.3 0   489.8 0   302.0 0   302.3 0   215.8 2   456.3 0 -9999.9 1  -114.8 0 -9999.9 1 -9999.9 1 -9999.9 1 -9999.9 1    80.5 0 -9999.9 1
 1999 176  6 25 18 21 18.350  17.38   575.9 0 -9999.9 1 -9999.9 1   401.6 0   370.4 0   318.9 0   317.2 0   464.1 0   301.8 0   301.8 0   150.7 2   265.1 0 -9999.9 1   -93.6 0 -9999.9 1 -9999.9 1 -9999.9 1 -9999.9 1   110.4 0 -9999.9 1
 1999 176  6 25 18 24 18.400  17.57  1180.6 0 -9999.9 1 -9999.9 1   447.5 0   370.9 0   318.9 0   318.0 0   491.5 0   301.7 0   302.0 0   226.9 2   511.9 0 -9999.9 1  -120.6 0 -9999.9 1 -9999.9 1 -9999.9 1 -9999.9 1   121.3 0 -9999.9 1
 1999 176  6 25 18 27 18.450  17.78   573.9 0 -9999.9 1 -9999.9 1   414.7 0   367.6 0   319.0 0   317.0 0   465.3 0   301.8 0   301.8 0   160.6 2   268.2 0 -9999.9 1   -97.7 0 -9999.9 1 -9999.9 1 -9999.9 1 -9999.9 1   125.4 0 -9999.9 1
 1999 176  6 25 18 33 18.550  18.26  1016.9 0 -9999.9 1 -9999.9 1   449.2 0   382.5 0   319.0 0   317.6 0   483.3 0   301.9 0   302.1 0   201.0 2   444.6 0 -9999.9 1  -100.8 0 -9999.9 1 -9999.9 1 -9999.9 1 -9999.9 1   113.2 0 -9999.9 1
 1999 176  6 25 18 36 18.600  18.53  1221.1 0 -9999.9 1 -9999.9 1   379.0 0   378.9 0   319.2 0   318.1 0   492.2 0   302.0 0   302.3 0   236.9 0   539.3 0 -9999.9 1  -113.2 0 -9999.9 1 -9999.9 1 -9999.9 1 -9999.9 1   110.7 0 -9999.9 1
 1999 176  6 25 18 39 18.650  18.81   881.5 0 -9999.9 1 -9999.9 1   345.9 0   374.4 0   319.3 0   317.9 0   483.7 0   302.1 0   302.4 0   191.3 0   385.6 0 -9999.9 1  -109.3 0 -9999.9 1 -9999.9 1 -9999.9 1 -9999.9 1   119.2 0 -9999.9 1
 1999 176  6 25 18 42 18.700  19.11   699.6 0 -9999.9 1 -9999.9 1   332.3 0   370.9 0   319.1 0   317.4 0   468.9 0   302.0 0   302.1 0   169.9 0   323.0 0 -9999.9 1   -97.9 0 -9999.9 1 -9999.9 1 -9999.9 1 -9999.9 1   119.3 0 -9999.9 1
 1999 176  6 25 18 48 18.800  19.77  1017.7 0 -9999.9 1 -9999.9 1   411.7 0   377.8 0   319.2 0   317.9 0   485.1 0   302.0 0   302.3 0   207.7 0   454.2 0 -9999.9 1  -107.3 0 -9999.9 1 -9999.9 1 -9999.9 1 -9999.9 1    87.6 0 -9999.9 1
 1999 176  6 25 18 51 18.850  20.11   894.1 0 -9999.9 1 -9999.9 1   432.3 0   379.2 0   319.2 0   318.1 0   484.4 0   301.9 0   302.2 0   185.3 0   395.7 0 -9999.9 1  -105.1 0 -9999.9 1 -9999.9 1 -9999.9 1 -9999.9 1    87.5 0 -9999.9 1
 1999 176  6 25 18 54 18.900  20.47   877.0 0 -9999.9 1 -9999.9 1   418.7 0   381.9 0   319.2 0   318.3 0   484.7 0   302.0 0   302.2 0   173.2 0   387.5 0 -9999.9 1  -102.8 0 -9999.9 1 -9999.9 1 -9999.9 1 -9999.9 1   110.3 0 -9999.9 1
 1999 176  6 25 18 57 18.950  20.85   482.7 0 -9999.9 1 -9999.9 1   374.8 0   376.5 0   319.2 0   317.9 0   469.0 0   302.0 0   302.0 0   122.9 0   217.4 0 -9999.9 1   -92.5 0 -9999.9 1 -9999.9 1 -9999.9 1 -9999.9 1    98.0 0 -9999.9 1
 1999 176  6 25 19  3 19.050  21.63   761.4 0 -9999.9 1 -9999.9 1   419.9 0   373.8 0   318.9 0   317.1 0   472.1 0   301.7 0   301.8 0   167.0 2   345.0 0 -9999.9 1   -98.3 0 -9999.9 1 -9999.9 1 -9999.9 1 -9999.9 1    95.6 0 -9999.9 1
 1999 176  6 25 19  6 19.100  22.04   842.8 0 -9999.9 1 -9999.9 1   459.8 0   377.2 0   319.0 0   317.4 0   479.1 0   301.6 0   301.9 0   177.4 0   377.2 0 -9999.9 1  -101.9 0 -9999.9 1 -9999.9 1 -9999.9 1 -9999.9 1    86.8 0 -9999.9 1
 1999 176  6 25 19  9 19.150  22.45   821.1 0 -9999.9 1 -9999.9 1   442.9 0   374.3 0   319.0 0   317.4 0   476.7 0   301.7 0   301.9 0   169.6 0   364.3 0 -9999.9 1  -102.4 0 -9999.9 1 -9999.9 1 -9999.9 1 -9999.9 1   105.4 0 -9999.9 1
 1999 176  6 25 19 12 19.200  22.88   735.2 0 -9999.9 1 -9999.9 1   409.2 0   377.5 0   319.0 0   316.8 0   470.5 0   301.6 0   301.7 0   161.7 0   334.0 0 -9999.9 1   -92.9 0 -9999.9 1 -9999.9 1 -9999.9 1 -9999.9 1   103.1 0 -9999.9 1
 1999 176  6 25 19 18 19.300  23.76   701.2 0 -9999.9 1 -9999.9 1   400.2 0   371.1 0   318.8 0   317.0 0   471.7 0   301.5 0   301.7 0   150.3 0   313.8 0 -9999.9 1  -100.5 0 -9999.9 1 -9999.9 1 -9999.9 1 -9999.9 1   117.4 0 -9999.9 1
 1999 176  6 25 19 21 19.350  24.22   815.1 0 -9999.9 1 -9999.9 1   398.9 0   365.4 0   318.7 0   317.2 0   477.6 0   301.4 0   301.6 0   166.0 0   364.8 0 -9999.9 1  -112.2 0 -9999.9 1 -9999.9 1 -9999.9 1 -9999.9 1   112.0 0 -9999.9 1
 1999 176  6 25 19 24 19.400  24.68   825.1 0 -9999.9 1 -9999.9 1   394.5 0   365.1 0   318.7 0   317.2 0   478.8 0   301.5 0   301.8 0   170.0 0   373.8 0 -9999.9 1  -113.7 0 -9999.9 1 -9999.9 1 -9999.9 1 -9999.9 1   112.2 0 -9999.9 1
 1999 176  6 25 19 27 19.450  25.15   881.6 0 -9999.9 1 -9999.9 1   406.7 0   368.3 0   318.7 0   317.4 0   482.6 0   301.6 0   301.9 0   175.5 0   394.1 0 -9999.9 1  -114.4 0 -9999.9 1 -9999.9 1 -9999.9 1 -9999.9 1   109.0 0 -9999.9 1
 1999 176  6 25 19 33 19.550  26.10   770.6 0 -9999.9 1 -9999.9 1   389.9 0   374.7 0   318.6 0   316.9 0   476.4 0   301.7 0   301.9 0   156.2 0   346.3 0 -9999.9 1  -101.8 0 -9999.9 1 -9999.9 1 -9999.9 1 -9999.9 1   104.6 0 -9999.9 1
 1999 176  6 25 19 36 19.600  26.59   990.3 0 -9999.9 1 -9999.9 1   423.0 0   370.7 0   318.6 0   317.5 0   486.4 0   301.6 0   301.9 0   187.2 0   445.7 0 -9999.9 1  -115.7 0 -9999.9 1 -9999.9 1 -9999.9 1 -9999.9 1    82.9 0 -9999.9 1
 1999 176  6 25 19 39 19.650  27.08  1003.4 0 -9999.9 1 -9999.9 1   434.1 0   365.6 0   318.4 0   317.3 0   484.0 0   301.5 0   301.8 0   190.5 2   449.6 0 -9999.9 1  -118.4 0 -9999.9 1 -9999.9 1 -9999.9 1 -9999.9 1    90.4 0 -9999.9 1
 1999 176  6 25 19 42 19.700  27.58   926.0 0 -9999.9 1 -9999.9 1   433.2 0   360.0 0   318.4 0   317.2 0   481.7 0   301.4 0   301.6 0   181.3 2   414.4 0 -9999.9 1  -121.6 0 -9999.9 1 -9999.9 1 -9999.9 1 -9999.9 1    92.8 0 -9999.9 1
 1999 176  6 25 19 48 19.800  28.59   741.3 0 -9999.9 1 -9999.9 1   403.8 0   355.9 0   318.4 0   316.8 0   472.7 0   301.4 0   301.6 0   155.1 2   338.2 0 -9999.9 1  -116.8 0 -9999.9 1 -9999.9 1 -9999.9 1 -9999.9 1   115.0 0 -9999.9 1
 1999 176  6 25 19 51 19.850  29.10   766.1 0 -9999.9 1 -9999.9 1   409.5 0   358.8 0   318.5 0   317.1 0   475.7 0   301.5 0   301.8 0   152.9 2   346.7 0 -9999.9 1  -117.0 0 -9999.9 1 -9999.9 1 -9999.9 1 -9999.9 1   101.0 0 -9999.9 1
 1999 176  6 25 19 54 19.900  29.62   737.8 0 -9999.9 1 -9999.9 1   422.3 0   363.0 0   318.7 0   317.2 0   473.5 0   301.7 0   301.9 0   144.8 2   333.3 0 -9999.9 1  -110.5 0 -9999.9 1 -9999.9 1 -9999.9 1 -9999.9 1   108.2 0 -9999.9 1
 1999 176  6 25 19 57 19.950  30.14   625.6 0 -9999.9 1 -9999.9 1   445.7 0   374.2 0   318.7 0   316.6 0   468.2 0   301.8 0   301.9 0   131.4 0   283.4 0 -9999.9 1   -94.0 0 -9999.9 1 -9999.9 1 -9999.9 1 -9999.9 1    88.3 0 -9999.9 1
 1999 176  6 25 20  3 20.050  31.19   538.6 0 -9999.9 1 -9999.9 1   384.5 0   373.5 0   318.6 0   316.4 0   466.2 0   301.6 0   301.8 0   112.5 0   242.1 0 -9999.9 1   -92.7 0 -9999.9 1 -9999.9 1 -9999.9 1 -9999.9 1   117.8 0 -9999.9 1
 1999 176  6 25 20  6 20.100  31.72   513.0 0 -9999.9 1 -9999.9 1   399.5 0   364.7 0   318.2 0   316.0 0   460.1 0   301.3 0   301.4 0   111.4 0   233.7 0 -9999.9 1   -95.4 0 -9999.9 1 -9999.9 1 -9999.9 1 -9999.9 1   131.7 0 -9999.9 1
 1999 176  6 25 20  9 20.150  32.25   616.3 0 -9999.9 1 -9999.9 1   424.8 0   361.0 0   317.8 0   316.1 0   464.4 0   301.0 0   301.2 0   121.1 2   279.9 0 -9999.9 1  -103.4 0 -9999.9 1 -9999.9 1 -9999.9 1 -9999.9 1   113.7 0 -9999.9 1
 1999 176  6 25 20 12 20.200  32.79   677.8 0 -9999.9 1 -9999.9 1   441.7 0   362.6 0   317.6 0   315.8 0   465.7 0   300.9 0   301.1 0   127.5 2   305.4 0 -9999.9 1  -103.1 0 -9999.9 1 -9999.9 1 -9999.9 1 -9999.9 1   105.6 0 -9999.9 1
 1999 176  6 25 20 18 20.300  33.87   822.4 0 -9999.9 1 -9999.9 1   445.7 0   365.8 0   317.6 0   315.8 0   471.6 0   301.0 0   301.2 0   140.6 2   369.4 0 -9999.9 1  -105.7 0 -9999.9 1 -9999.9 1 -9999.9 1 -9999.9 1   117.2 0 -9999.9 1
 1999 176  6 25 20 21 20.350  34.42   761.8 0 -9999.9 1 -9999.9 1   440.2 0   363.4 0   317.6 0   316.0 0   471.8 0   301.0 0   301.3 0   132.4 2   342.9 0 -9999.9 1  -108.4 0 -9999.9 1 -9999.9 1 -9999.9 1 -9999.9 1   119.8 0 -9999.9 1
 1999 176  6 25 20 24 20.400  34.96   669.9 0 -9999.9 1 -9999.9 1   428.4 0   360.3 0   317.5 0   315.5 0   465.4 0   301.0 0   301.1 0   125.3 2   304.1 0 -9999.9 1  -105.1 0 -9999.9 1 -9999.9 1 -9999.9 1 -9999.9 1   104.4 0 -9999.9 1
 1999 176  6 25 20 27 20.450  35.51   714.1 0 -9999.9 1 -9999.9 1   425.2 0   356.5 0   317.4 0   315.5 0   468.4 0   301.0 0   301.1 0   133.4 2   329.3 0 -9999.9 1  -111.8 0 -9999.9 1 -9999.9 1 -9999.9 1 -9999.9 1    93.7 0 -9999.9 1
 1999 176  6 25 20 33 20.550  36.62   984.0 0 -9999.9 1 -9999.9 1   393.8 0   356.1 0   317.6 0   316.3 0   480.8 0   301.3 0   301.7 0   160.1 2   444.0 0 -9999.9 1  -124.6 0 -9999.9 1 -9999.9 1 -9999.9 1 -9999.9 1   100.8 0 -9999.9 1
 1999 176  6 25 20 36 20.600  37.17   968.4 0 -9999.9 1 -9999.9 1   379.3 0   358.8 0   317.8 0   316.6 0   484.0 0   301.5 0   301.9 0   157.6 0   436.0 0 -9999.9 1  -125.2 0 -9999.9 1 -9999.9 1 -9999.9 1 -9999.9 1    95.5 0 -9999.9 1
 1999 176  6 25 20 39 20.650  37.73   882.2 0 -9999.9 1 -9999.9 1   365.8 0   359.0 0   318.0 0   316.6 0   478.0 0   301.7 0   302.0 0   146.2 0   398.3 0 -9999.9 1  -119.0 0 -9999.9 1 -9999.9 1 -9999.9 1 -9999.9 1    96.1 0 -9999.9 1
 1999 176  6 25 20 42 20.700  38.29   819.0 0 -9999.9 1 -9999.9 1   352.3 0   356.9 0   318.1 0   316.7 0   478.3 0   301.8 0   302.1 0   137.0 0   371.5 0 -9999.9 1  -121.4 0 -9999.9 1 -9999.9 1 -9999.9 1 -9999.9 1   107.6 0 -9999.9 1
 1999 176  6 25 20 48 20.800  39.41   839.0 0 -9999.9 1 -9999.9 1   332.7 0   358.8 0   318.2 0   317.1 0   481.2 0   301.9 0   302.2 0   132.2 0   376.0 0 -9999.9 1  -122.4 0 -9999.9 1 -9999.9 1 -9999.9 1 -9999.9 1    94.7 0 -9999.9 1
 1999 176  6 25 20 51 20.850  39.97   614.4 0 -9999.9 1 -9999.9 1   313.8 0   359.7 0   318.2 0   316.6 0   469.9 0   301.9 0   302.0 0   111.2 0   281.3 0 -9999.9 1  -110.3 0 -9999.9 1 -9999.9 1 -9999.9 1 -9999.9 1    88.9 0 -9999.9 1
 1999 176  6 25 20 54 20.900  40.53   640.9 0 -9999.9 1 -9999.9 1   307.3 0   362.7 0   318.2 0   316.3 0   466.8 0   301.8 0   301.9 0   111.3 0   293.1 0 -9999.9 1  -104.1 0 -9999.9 1 -9999.9 1 -9999.9 1 -9999.9 1    92.3 0 -9999.9 1
 1999 176  6 25 20 57 20.950  41.10   775.0 0 -9999.9 1 -9999.9 1   313.7 0   360.6 0   318.3 0   316.7 0   472.9 0   301.9 0   302.1 0   121.6 0   350.8 0 -9999.9 1  -112.3 0 -9999.9 1 -9999.9 1 -9999.9 1 -9999.9 1   118.7 0 -9999.9 1
 1999 176  6 25 21  3 21.050  42.23   875.9 0 -9999.9 1 -9999.9 1   333.5 0   368.5 0   318.5 0   317.0 0   478.4 0   302.0 0   302.3 0   127.7 0   394.7 0 -9999.9 1  -110.0 0 -9999.9 1 -9999.9 1 -9999.9 1 -9999.9 1    87.4 0 -9999.9 1
 1999 176  6 25 21  6 21.100  42.79   815.3 0 -9999.9 1 -9999.9 1   303.8 0   367.1 0   318.6 0   316.6 0   475.4 0   302.0 0   302.2 0   121.4 0   369.2 0 -9999.9 1  -108.4 0 -9999.9 1 -9999.9 1 -9999.9 1 -9999.9 1    98.4 0 -9999.9 1
 1999 176  6 25 21  9 21.150  43.36   826.7 0 -9999.9 1 -9999.9 1   278.4 0   363.6 0   318.6 0   316.6 0   474.6 0   302.0 0   302.2 0   120.9 0   373.0 0 -9999.9 1  -111.0 0 -9999.9 1 -9999.9 1 -9999.9 1 -9999.9 1   109.3 0 -9999.9 1
 1999 176  6 25 21 12 21.200  43.93   802.0 0 -9999.9 1 -9999.9 1   253.9 0   361.0 0   318.6 0   316.8 0   474.4 0   302.0 0   302.3 0   118.0 0   365.7 0 -9999.9 1  -113.3 0 -9999.9 1 -9999.9 1 -9999.9 1 -9999.9 1    98.8 0 -9999.9 1
 1999 176  6 25 21 18 21.300  45.07   767.4 0 -9999.9 1 -9999.9 1   223.7 0   358.8 0   318.7 0   316.9 0   476.5 0   302.1 0   302.4 0   111.0 0   351.7 0 -9999.9 1  -117.6 0 -9999.9 1 -9999.9 1 -9999.9 1 -9999.9 1   100.6 0 -9999.9 1
 1999 176  6 25 21 21 21.350  45.64   745.8 0 -9999.9 1 -9999.9 1   215.7 0   359.1 0   318.5 0   316.8 0   472.9 0   302.0 0   302.2 0   106.8 0   343.3 0 -9999.9 1  -113.8 0 -9999.9 1 -9999.9 1 -9999.9 1 -9999.9 1    80.8 0 -9999.9 1
 1999 176  6 25 21 24 21.400  46.21   742.7 0 -9999.9 1 -9999.9 1   207.6 0   354.8 0   318.3 0   316.5 0   470.0 0   301.6 0   301.8 0   103.1 0   340.2 0 -9999.9 1  -115.2 0 -9999.9 1 -9999.9 1 -9999.9 1 -9999.9 1    82.1 0 -9999.9 1
 1999 176  6 25 21 27 21.450  46.79   741.5 0 -9999.9 1 -9999.9 1   196.0 0   352.3 0   318.3 0   316.7 0   473.4 0   301.6 0   301.8 0   101.3 0   339.9 0 -9999.9 1  -121.1 0 -9999.9 1 -9999.9 1 -9999.9 1 -9999.9 1    98.0 0 -9999.9 1
 1999 176  6 25 21 33 21.550  47.93   704.8 0 -9999.9 1 -9999.9 1   184.0 0   352.1 0   318.5 0   316.7 0   472.7 0   301.7 0   302.0 0    94.3 0   323.5 0 -9999.9 1  -120.6 0 -9999.9 1 -9999.9 1 -9999.9 1 -9999.9 1   120.6 0 -9999.9 1
 1999 176  6 25 21 36 21.600  48.50   703.3 0 -9999.9 1 -9999.9 1   181.7 0   351.2 0   318.5 0   316.8 0   472.5 0   301.9 0   302.1 0    91.8 0   322.7 0 -9999.9 1  -121.3 0 -9999.9 1 -9999.9 1 -9999.9 1 -9999.9 1   111.9 0 -9999.9 1
 1999 176  6 25 21 39 21.650  49.08   679.9 0 -9999.9 1 -9999.9 1   181.4 0   352.9 0   318.6 0   316.8 0   472.0 0   301.9 0   302.2 0    87.3 0   309.4 0 -9999.9 1  -119.1 0 -9999.9 1 -9999.9 1 -9999.9 1 -9999.9 1   107.8 0 -9999.9 1
 1999 176  6 25 21 42 21.700  49.65   664.3 0 -9999.9 1 -9999.9 1   177.2 0   353.9 0   318.5 0   316.6 0   470.3 0   301.9 0   302.1 0    84.0 0   302.5 0 -9999.9 1  -116.4 0 -9999.9 1 -9999.9 1 -9999.9 1 -9999.9 1   100.6 0 -9999.9 1
 1999 176  6 25 21 48 21.800  50.80   673.4 0 -9999.9 1 -9999.9 1   167.0 0   355.3 0   318.7 0   317.2 0   473.9 0   302.0 0   302.2 0    81.7 0   309.3 0 -9999.9 1  -118.7 0 -9999.9 1 -9999.9 1 -9999.9 1 -9999.9 1   110.0 0 -9999.9 1
 1999 176  6 25 21 51 21.850  51.37   673.6 0 -9999.9 1 -9999.9 1   161.5 0   356.4 0   318.8 0   316.9 0   471.7 0   302.1 0   302.3 0    79.9 0   309.7 0 -9999.9 1  -115.3 0 -9999.9 1 -9999.9 1 -9999.9 1 -9999.9 1    89.9 0 -9999.9 1
 1999 176  6 25 21 54 21.900  51.94   657.3 0 -9999.9 1 -9999.9 1   151.0 0   356.7 0   318.8 0   316.8 0   471.0 0   302.1 0   302.3 0    77.4 0   302.3 0 -9999.9 1  -114.3 0 -9999.9 1 -9999.9 1 -9999.9 1 -9999.9 1    99.7 0 -9999.9 1
 1999 176  6 25 21 57 21.950  52.52   636.9 0 -9999.9 1 -9999.9 1   144.7 0   356.3 0   318.8 0   316.8 0   469.2 0   302.1 0   302.3 0    74.3 0   292.9 0 -9999.9 1  -112.9 0 -9999.9 1 -9999.9 1 -9999.9 1 -9999.9 1   103.4 0 -9999.9 1
 1999 176  6 25 22  3 22.050  53.66   613.0 0 -9999.9 1 -9999.9 1   142.1 0   352.8 0   318.7 0   316.8 0   467.7 0   301.9 0   302.1 0    69.1 0   282.3 0 -9999.9 1  -114.9 0 -9999.9 1 -9999.9 1 -9999.9 1 -9999.9 1   113.1 0 -9999.9 1
 1999 176  6 25 22  6 22.100  54.24   515.3 0 -9999.9 1 -9999.9 1   141.5 0   350.5 0   318.5 0   316.6 0   463.6 0   301.7 0   301.9 0    61.7 0   240.0 0 -9999.9 1  -113.1 0 -9999.9 1 -9999.9 1 -9999.9 1 -9999.9 1   125.7 0 -9999.9 1
 1999 176  6 25 22  9 22.150  54.81   510.3 0 -9999.9 1 -9999.9 1   143.8 0   348.4 0   318.3 0   316.3 0   459.8 0   301.6 0   301.7 0    58.6 0   236.5 0 -9999.9 1  -111.5 0 -9999.9 1 -9999.9 1 -9999.9 1 -9999.9 1   140.6 0 -9999.9 1
 1999 176  6 25 22 12 22.200  55.38   518.8 0 -9999.9 1 -9999.9 1   148.8 0   347.8 0   318.3 0   316.3 0   461.5 0   301.5 0   301.6 0    57.3 0   240.0 0 -9999.9 1  -113.8 0 -9999.9 1 -9999.9 1 -9999.9 1 -9999.9 1   119.8 0 -9999.9 1
 1999 176  6 25 22 18 22.300  56.53   386.0 0 -9999.9 1 -9999.9 1   149.1 0   348.6 0   318.2 0   315.9 0   456.1 0   301.5 0   301.6 0    50.7 0   183.8 0 -9999.9 1  -107.5 0 -9999.9 1 -9999.9 1 -9999.9 1 -9999.9 1   118.9 0 -9999.9 1
 1999 176  6 25 22 21 22.350  57.10   402.8 0 -9999.9 1 -9999.9 1   155.0 0   346.0 0   318.0 0   315.7 0   452.3 0   301.3 0   301.3 0    48.1 2   189.6 0 -9999.9 1  -106.3 0 -9999.9 1 -9999.9 1 -9999.9 1 -9999.9 1   118.4 0 -9999.9 1
 1999 176  6 25 22 24 22.400  57.67   388.4 0 -9999.9 1 -9999.9 1   159.9 0   343.6 0   317.8 0   315.7 0   452.6 0   301.1 0   301.2 0    46.2 2   183.5 0 -9999.9 1  -109.0 0 -9999.9 1 -9999.9 1 -9999.9 1 -9999.9 1   111.0 0 -9999.9 1
 1999 176  6 25 22 27 22.450  58.24   417.7 0 -9999.9 1 -9999.9 1   167.3 0   342.5 0   317.7 0   315.9 0   455.4 0   301.0 0   301.1 0    45.3 2   195.5 0 -9999.9 1  -112.9 0 -9999.9 1 -9999.9 1 -9999.9 1 -9999.9 1   110.0 0 -9999.9 1
 1999 176  6 25 22 33 22.550  59.39   405.5 0 -9999.9 1 -9999.9 1   168.7 0   344.3 0   317.7 0   315.9 0   454.3 0   300.9 0   301.1 0    41.4 2   187.4 0 -9999.9 1  -110.0 0 -9999.9 1 -9999.9 1 -9999.9 1 -9999.9 1   120.1 0 -9999.9 1
 1999 176  6 25 22 36 22.600  59.96   365.7 0 -9999.9 1 -9999.9 1   167.3 0   348.6 0   317.8 0   315.7 0   450.6 0   301.0 0   301.1 0    38.7 2   171.8 0 -9999.9 1  -102.0 0 -9999.9 1 -9999.9 1 -9999.9 1 -9999.9 1   121.7 0 -9999.9 1
 1999 176  6 25 22 39 22.650  60.52   437.2 0 -9999.9 1 -9999.9 1   173.1 0   351.6 0   317.8 0   315.6 0   454.6 0   301.0 0   301.1 0    39.7 0   202.6 0 -9999.9 1  -102.9 0 -9999.9 1 -9999.9 1 -9999.9 1 -9999.9 1   119.7 0 -9999.9 1
 1999 176  6 25 22 42 22.700  61.09   500.2 0 -9999.9 1 -9999.9 1   173.6 0   352.0 0   317.8 0   315.9 0   459.2 0   301.0 0   301.2 0    40.7 0   228.0 0 -9999.9 1  -107.1 0 -9999.9 1 -9999.9 1 -9999.9 1 -9999.9 1   114.4 0 -9999.9 1
 1999 176  6 25 22 48 22.800  62.23   293.1 0 -9999.9 1 -9999.9 1   155.6 0   356.5 0   317.8 0   315.1 0   450.1 0   301.0 0   301.0 0    33.2 0   139.6 0 -9999.9 1   -93.6 0 -9999.9 1 -9999.9 1 -9999.9 1 -9999.9 1   106.2 0 -9999.9 1
 1999 176  6 25 22 51 22.850  62.80   283.3 0 -9999.9 1 -9999.9 1   151.0 0   352.4 0   317.6 0   315.4 0   448.1 0   300.9 0   300.8 0    31.5 0   134.9 0 -9999.9 1   -95.6 0 -9999.9 1 -9999.9 1 -9999.9 1 -9999.9 1   110.8 0 -9999.9 1
 1999 176  6 25 22 54 22.900  63.36   332.3 0 -9999.9 1 -9999.9 1   148.3 0   350.5 0   317.5 0   315.6 0   451.2 0   300.7 0   300.7 0    30.9 0   155.0 0 -9999.9 1  -100.7 0 -9999.9 1 -9999.9 1 -9999.9 1 -9999.9 1   106.3 0 -9999.9 1
 1999 176  6 25 22 57 22.950  63.93   335.4 0 -9999.9 1 -9999.9 1   146.3 0   353.3 0   317.4 0   315.5 0   451.9 0   300.6 0   300.7 0    29.7 0   156.1 0 -9999.9 1   -98.6 0 -9999.9 1 -9999.9 1 -9999.9 1 -9999.9 1   107.6 0 -9999.9 1
 1999 176  6 25 23  3 23.050  65.06   304.5 0 -9999.9 1 -9999.9 1   141.4 0   352.7 0   317.2 0   315.0 0   450.5 0   300.4 0   300.5 0    26.7 0   143.4 0 -9999.9 1   -97.8 0 -9999.9 1 -9999.9 1 -9999.9 1 -9999.9 1   123.6 0 -9999.9 1
 1999 176  6 25 23  6 23.100  65.62   323.6 0 -9999.9 1 -9999.9 1   140.7 0   352.2 0   317.2 0   315.1 0   450.2 0   300.4 0   300.5 0    25.9 0   150.8 0 -9999.9 1   -98.0 0 -9999.9 1 -9999.9 1 -9999.9 1 -9999.9 1   128.0 0 -9999.9 1
 1999 176  6 25 23  9 23.150  66.18   305.6 0 -9999.9 1 -9999.9 1   138.5 0   350.5 0   317.1 0   315.2 0   450.6 0   300.3 0   300.4 0    24.7 0   142.6 0 -9999.9 1  -100.1 0 -9999.9 1 -9999.9 1 -9999.9 1 -9999.9 1   133.9 0 -9999.9 1
 1999 176  6 25 23 12 23.200  66.75   288.4 0 -9999.9 1 -9999.9 1   136.1 0   352.3 0   317.0 0   314.9 0   449.2 0   300.3 0   300.4 0    23.4 0   134.8 0 -9999.9 1   -96.9 0 -9999.9 1 -9999.9 1 -9999.9 1 -9999.9 1   136.2 0 -9999.9 1
 1999 176  6 25 23 18 23.300  67.87   178.4 0 -9999.9 1 -9999.9 1   122.8 0   350.4 0   316.8 0   314.7 0   443.4 0   300.1 0   300.1 0    20.2 0    87.8 0 -9999.9 1   -93.0 0 -9999.9 1 -9999.9 1 -9999.9 1 -9999.9 1   131.7 0 -9999.9 1
 1999 176  6 25 23 21 23.350  68.42   219.4 0 -9999.9 1 -9999.9 1   119.8 0   349.6 0   316.6 0   314.5 0   444.4 0   300.0 0   300.0 0    19.4 0   103.9 0 -9999.9 1   -94.8 0 -9999.9 1 -9999.9 1 -9999.9 1 -9999.9 1   126.1 0 -9999.9 1
 1999 176  6 25 23 24 23.400  68.98   224.8 0 -9999.9 1 -9999.9 1   118.3 0   350.4 0   316.5 0   314.4 0   445.2 0   299.9 0   299.9 0    18.5 0   105.6 0 -9999.9 1   -94.8 0 -9999.9 1 -9999.9 1 -9999.9 1 -9999.9 1   131.6 0 -9999.9 1
 1999 176  6 25 23 27 23.450  69.54   229.4 0 -9999.9 1 -9999.9 1   116.4 0   348.8 0   316.5 0   314.6 0   446.0 0   299.9 0   299.9 0    17.6 0   106.7 0 -9999.9 1   -97.2 0 -9999.9 1 -9999.9 1 -9999.9 1 -9999.9 1   128.4 0 -9999.9 1
 1999 176  6 25 23 33 23.550  70.65   204.8 0 -9999.9 1 -9999.9 1   112.7 0   346.4 0   316.3 0   314.5 0   445.0 0   299.7 0   299.7 0    15.6 0    95.8 0 -9999.9 1   -98.5 0 -9999.9 1 -9999.9 1 -9999.9 1 -9999.9 1   129.2 0 -9999.9 1
 1999 176  6 25 23 36 23.600  71.20   190.0 0 -9999.9 1 -9999.9 1   108.3 0   345.7 0   316.2 0   314.5 0   443.7 0   299.7 0   299.7 0    14.5 0    89.6 0 -9999.9 1   -98.1 0 -9999.9 1 -9999.9 1 -9999.9 1 -9999.9 1   126.8 0 -9999.9 1
 1999 176  6 25 23 39 23.650  71.75   174.7 0 -9999.9 1 -9999.9 1   104.4 0   345.9 0   316.2 0   314.4 0   442.9 0   299.7 0   299.7 0    13.5 0    82.7 0 -9999.9 1   -97.0 0 -9999.9 1 -9999.9 1 -9999.9 1 -9999.9 1   131.1 0 -9999.9 1
 1999 176  6 25 23 42 23.700  72.30   159.2 0 -9999.9 1 -9999.9 1   102.1 0   344.9 0   316.1 0   314.2 0   441.1 0   299.6 0   299.5 0    12.5 0    75.8 0 -9999.9 1   -96.1 0 -9999.9 1 -9999.9 1 -9999.9 1 -9999.9 1   132.8 0 -9999.9 1
 1999 176  6 25 23 48 23.800  73.40   119.1 0 -9999.9 1 -9999.9 1    95.3 0   343.5 0   315.8 0   313.9 0   436.2 0   299.4 0   299.3 0    10.7 0    58.1 0 -9999.9 1   -92.7 0 -9999.9 1 -9999.9 1 -9999.9 1 -9999.9 1   130.1 0 -9999.9 1
 1999 176  6 25 23 51 23.850  73.95   113.2 0 -9999.9 1 -9999.9 1    91.9 0   344.1 0   315.7 0   313.9 0   436.2 0   299.3 0   299.3 0    10.0 0    55.1 0 -9999.9 1   -92.2 0 -9999.9 1 -9999.9 1 -9999.9 1 -9999.9 1   132.0 0 -9999.9 1
 1999 176  6 25 23 54 23.900  74.49   106.4 0 -9999.9 1 -9999.9 1    88.6 0   344.5 0   315.6 0   313.9 0   436.0 0   299.2 0   299.2 0     9.4 0    51.7 0 -9999.9 1   -91.5 0 -9999.9 1 -9999.9 1 -9999.9 1 -9999.9 1   130.3 0 -9999.9 1
 1999 176  6 25 23 57 23.950  75.04    97.8 0 -9999.9 1 -9999.9 1    85.2 0   345.8 0   315.4 0   313.7 0   434.9 0   299.1 0   299.0 0     8.7 0    47.6 0 -9999.9 1   -89.2 0 -9999.9 1 -9999.9 1 -9999.9 1 -9999.9 1   127.8 0 -9999.9 1
