 Bondville
   40.05  -88.37  213 m version 1
 1999 184  7  3  0  3  0.050  76.09   162.4 0 -9999.9 1 -9999.9 1   114.7 0   376.4 0   314.2 0   312.2 0   445.8 0   298.9 0   299.0 0     9.3 2    75.5 0 -9999.9 1   -69.4 0 -9999.9 1 -9999.9 1 -9999.9 1 -9999.9 1   166.3 0 -9999.9 1
 1999 184  7  3  0  6  0.100  76.63   165.2 0 -9999.9 1 -9999.9 1   112.3 0   374.8 0   314.2 0   312.1 0   445.3 0   298.9 0   298.9 0     8.7 2    75.8 0 -9999.9 1   -70.5 0 -9999.9 1 -9999.9 1 -9999.9 1 -9999.9 1   162.1 0 -9999.9 1
 1999 184  7  3  0  9  0.150  77.17   157.2 0 -9999.9 1 -9999.9 1   105.6 0   376.6 0   314.1 0   312.0 0   445.0 0   298.8 0   298.9 0     8.1 2    72.4 0 -9999.9 1   -68.3 0 -9999.9 1 -9999.9 1 -9999.9 1 -9999.9 1   164.6 0 -9999.9 1
 1999 184  7  3  0 12  0.200  77.71   139.6 0 -9999.9 1 -9999.9 1    96.6 0   374.1 0   314.0 0   312.0 0   444.3 0   298.8 0   298.8 0     7.4 2    66.1 0 -9999.9 1   -70.2 0 -9999.9 1 -9999.9 1 -9999.9 1 -9999.9 1   163.1 0 -9999.9 1
 1999 184  7  3  0 18  0.300  78.78   135.2 0 -9999.9 1 -9999.9 1    91.5 0   375.3 0   313.8 0   311.6 0   442.8 0   298.6 0   298.6 0     6.3 2    63.1 0 -9999.9 1   -67.5 0 -9999.9 1 -9999.9 1 -9999.9 1 -9999.9 1   168.0 0 -9999.9 1
 1999 184  7  3  0 21  0.350  79.31   126.1 0 -9999.9 1 -9999.9 1    87.3 0   375.1 0   313.7 0   311.4 0   441.8 0   298.4 0   298.4 0     5.8 2    58.9 0 -9999.9 1   -66.7 0 -9999.9 1 -9999.9 1 -9999.9 1 -9999.9 1   171.8 0 -9999.9 1
 1999 184  7  3  0 24  0.400  79.84   113.6 0 -9999.9 1 -9999.9 1    79.7 0   373.9 0   313.6 0   311.5 0   442.0 0   298.4 0   298.4 0     5.3 2    53.3 0 -9999.9 1   -68.1 0 -9999.9 1 -9999.9 1 -9999.9 1 -9999.9 1   173.7 0 -9999.9 1
 1999 184  7  3  0 27  0.450  80.37   103.1 0 -9999.9 1 -9999.9 1    73.3 0   372.3 0   313.5 0   311.4 0   441.0 0   298.3 0   298.3 0     4.9 2    48.6 0 -9999.9 1   -68.7 0 -9999.9 1 -9999.9 1 -9999.9 1 -9999.9 1   174.9 0 -9999.9 1
 1999 184  7  3  0 33  0.550  81.42    65.6 0 -9999.9 1 -9999.9 1    57.6 0   370.1 0   313.3 0   311.3 0   439.3 0   298.2 0   298.1 0     4.0 2    36.4 0 -9999.9 1   -69.2 0 -9999.9 1 -9999.9 1 -9999.9 1 -9999.9 1   177.1 0 -9999.9 1
 1999 184  7  3  0 36  0.600  81.94    53.9 0 -9999.9 1 -9999.9 1    47.2 0   372.9 0   313.2 0   311.0 0   439.7 0   298.2 0   298.2 0     3.6 2    30.3 0 -9999.9 1   -66.8 0 -9999.9 1 -9999.9 1 -9999.9 1 -9999.9 1   179.4 0 -9999.9 1
 1999 184  7  3  0 39  0.650  82.46    42.4 0 -9999.9 1 -9999.9 1    38.9 0   374.5 0   313.2 0   311.0 0   439.9 0   298.3 0   298.2 0     3.2 0    24.9 0 -9999.9 1   -65.3 0 -9999.9 1 -9999.9 1 -9999.9 1 -9999.9 1   183.1 0 -9999.9 1
 1999 184  7  3  0 42  0.700  82.98    45.3 0 -9999.9 1 -9999.9 1    35.9 0   375.7 0   313.0 0   310.8 0   439.9 0   298.2 0   298.1 0     2.8 0    23.5 0 -9999.9 1   -64.2 0 -9999.9 1 -9999.9 1 -9999.9 1 -9999.9 1   188.1 0 -9999.9 1
 1999 184  7  3  0 48  0.800  84.00    35.8 0 -9999.9 1 -9999.9 1    32.7 0   378.6 0   312.8 0   310.6 0   440.6 0   298.2 0   298.1 0     2.1 0    19.7 0 -9999.9 1   -62.0 0 -9999.9 1 -9999.9 1 -9999.9 1 -9999.9 1   186.6 0 -9999.9 1
 1999 184  7  3  0 51  0.850  84.51    28.9 0 -9999.9 1 -9999.9 1    26.8 0   380.1 0   312.6 0   310.4 0   440.7 0   298.1 0   298.0 0     1.8 0    16.2 0 -9999.9 1   -60.6 0 -9999.9 1 -9999.9 1 -9999.9 1 -9999.9 1   183.4 0 -9999.9 1
 1999 184  7  3  0 54  0.900  85.01    28.4 0 -9999.9 1 -9999.9 1    25.1 0   377.9 0   312.3 0   310.3 0   440.0 0   298.0 0   297.9 0     1.6 0    14.9 0 -9999.9 1   -62.1 0 -9999.9 1 -9999.9 1 -9999.9 1 -9999.9 1   185.2 0 -9999.9 1
 1999 184  7  3  0 57  0.950  85.51    22.5 0 -9999.9 1 -9999.9 1    22.7 0   377.7 0   312.0 0   309.9 0   439.0 0   297.8 0   297.7 0     1.4 0    13.3 0 -9999.9 1   -61.3 0 -9999.9 1 -9999.9 1 -9999.9 1 -9999.9 1   182.7 0 -9999.9 1
 1999 184  7  3  1  3  1.050  86.49    15.4 0 -9999.9 1 -9999.9 1    15.8 0   374.8 0   311.3 0   309.3 0   436.8 0   297.3 0   297.2 0     1.0 2     9.7 0 -9999.9 1   -62.0 0 -9999.9 1 -9999.9 1 -9999.9 1 -9999.9 1   183.0 0 -9999.9 1
 1999 184  7  3  1  6  1.100  86.97    12.4 0 -9999.9 1 -9999.9 1    12.8 0   374.9 0   311.1 0   309.1 0   435.9 0   297.2 0   297.1 0     0.8 2     8.0 0 -9999.9 1   -61.1 0 -9999.9 1 -9999.9 1 -9999.9 1 -9999.9 1   177.5 0 -9999.9 1
 1999 184  7  3  1  9  1.150  87.45     8.0 0 -9999.9 1 -9999.9 1     8.7 0   378.1 0   310.9 0   309.0 0   435.8 0   297.2 0   297.1 0     0.7 2     6.1 0 -9999.9 1   -57.7 0 -9999.9 1 -9999.9 1 -9999.9 1 -9999.9 1   175.6 0 -9999.9 1
 1999 184  7  3  1 12  1.200  87.91     5.0 0 -9999.9 1 -9999.9 1     5.6 0   384.4 0   310.9 0   308.9 0   436.5 0   297.3 0   297.2 0     0.6 0     4.6 0 -9999.9 1   -52.1 0 -9999.9 1 -9999.9 1 -9999.9 1 -9999.9 1   174.3 0 -9999.9 1
 1999 184  7  3  1 18  1.300  88.80     0.8 0 -9999.9 1 -9999.9 1     1.2 0   393.4 0   310.5 0   308.6 0   436.4 0   297.2 0   297.1 0     0.3 0     2.4 0 -9999.9 1   -43.0 0 -9999.9 1 -9999.9 1 -9999.9 1 -9999.9 1   172.9 0 -9999.9 1
 1999 184  7  3  1 21  1.350  89.22    -1.0 0 -9999.9 1 -9999.9 1    -0.1 0   395.7 0   310.4 0   308.4 0   436.4 0   297.1 0   297.0 0     0.3 2     1.5 0 -9999.9 1   -40.7 0 -9999.9 1 -9999.9 1 -9999.9 1 -9999.9 1   173.8 0 -9999.9 1
 1999 184  7  3  1 24  1.400  89.61    -2.4 0 -9999.9 1 -9999.9 1    -1.9 0   397.2 0   310.1 0   308.2 0   435.5 0   296.9 0   296.9 0     0.2 2     0.9 0 -9999.9 1   -38.3 0 -9999.9 1 -9999.9 1 -9999.9 1 -9999.9 1   173.2 0 -9999.9 1
 1999 184  7  3  1 27  1.450  89.96    -3.1 0 -9999.9 1 -9999.9 1    -1.5 0   397.3 0   309.9 0   308.1 0   435.0 0   296.8 0   296.7 0     0.1 2     0.5 0 -9999.9 1   -37.7 0 -9999.9 1 -9999.9 1 -9999.9 1 -9999.9 1   178.1 0 -9999.9 1
 1999 184  7  3  1 33  1.550  91.68    -3.8 0 -9999.9 1 -9999.9 1    -1.2 0   397.8 0   309.7 0   307.8 0   434.4 0   296.6 0   296.5 0     0.0 2     0.1 0 -9999.9 1   -36.7 0 -9999.9 1 -9999.9 1 -9999.9 1 -9999.9 1   178.2 0 -9999.9 1
 1999 184  7  3  1 36  1.600  92.17    -4.0 0 -9999.9 1 -9999.9 1    -1.0 0   398.5 0   309.6 0   307.7 0   434.2 0   296.5 0   296.5 0     0.0 2     0.1 0 -9999.9 1   -35.7 0 -9999.9 1 -9999.9 1 -9999.9 1 -9999.9 1   179.8 0 -9999.9 1
 1999 184  7  3  1 39  1.650  92.65    -4.1 0 -9999.9 1 -9999.9 1    -0.6 0   398.3 0   309.5 0   307.6 0   434.3 0   296.5 0   296.5 0     0.0 2     0.0 0 -9999.9 1   -36.0 0 -9999.9 1 -9999.9 1 -9999.9 1 -9999.9 1   178.6 0 -9999.9 1
 1999 184  7  3  1 42  1.700  93.13    -4.2 0 -9999.9 1 -9999.9 1    -0.6 0   397.6 0   309.5 0   307.6 0   434.6 0   296.5 0   296.5 0     0.0 2     0.0 0 -9999.9 1   -37.0 0 -9999.9 1 -9999.9 1 -9999.9 1 -9999.9 1   177.0 0 -9999.9 1
 1999 184  7  3  1 48  1.800  94.07    -4.4 0 -9999.9 1 -9999.9 1    -0.8 0   392.0 0   309.4 0   307.5 0   434.1 0   296.5 0   296.5 0     0.0 2     0.0 0 -9999.9 1   -42.1 0 -9999.9 1 -9999.9 1 -9999.9 1 -9999.9 1   175.8 0 -9999.9 1
 1999 184  7  3  1 51  1.850  94.54    -4.5 0 -9999.9 1 -9999.9 1    -1.1 0   385.5 0   309.3 0   307.3 0   433.0 0   296.4 0   296.3 0     0.0 2    -0.1 0 -9999.9 1   -47.5 0 -9999.9 1 -9999.9 1 -9999.9 1 -9999.9 1   175.1 0 -9999.9 1
 1999 184  7  3  1 54  1.900  95.01    -4.6 0 -9999.9 1 -9999.9 1    -1.1 0   380.3 0   309.1 0   307.2 0   432.0 0   296.3 0   296.3 0     0.0 2     0.0 0 -9999.9 1   -51.7 0 -9999.9 1 -9999.9 1 -9999.9 1 -9999.9 1   177.9 0 -9999.9 1
 1999 184  7  3  1 57  1.950  95.47    -4.6 0 -9999.9 1 -9999.9 1    -1.0 0   377.2 0   309.0 0   307.1 0   431.5 0   296.2 0   296.1 0     0.0 2    -0.1 0 -9999.9 1   -54.4 0 -9999.9 1 -9999.9 1 -9999.9 1 -9999.9 1   181.0 0 -9999.9 1
 1999 184  7  3  2  3  2.050  96.39    -4.7 0 -9999.9 1 -9999.9 1    -1.2 0   374.5 0   308.8 0   307.0 0   430.4 0   296.0 0   295.9 0     0.0 2    -0.1 0 -9999.9 1   -55.8 0 -9999.9 1 -9999.9 1 -9999.9 1 -9999.9 1   183.7 0 -9999.9 1
 1999 184  7  3  2  6  2.100  96.85    -4.7 0 -9999.9 1 -9999.9 1    -1.2 0   375.2 0   308.7 0   306.9 0   430.0 0   295.9 0   295.9 0     0.0 2    -0.1 0 -9999.9 1   -54.9 0 -9999.9 1 -9999.9 1 -9999.9 1 -9999.9 1   184.8 0 -9999.9 1
 1999 184  7  3  2  9  2.150  97.30    -4.6 0 -9999.9 1 -9999.9 1    -1.2 0   375.4 0   308.7 0   307.0 0   429.8 0   296.0 0   295.9 0     0.0 2    -0.1 0 -9999.9 1   -54.5 0 -9999.9 1 -9999.9 1 -9999.9 1 -9999.9 1   181.7 0 -9999.9 1
 1999 184  7  3  2 12  2.200  97.75    -4.6 0 -9999.9 1 -9999.9 1    -1.5 0   375.3 0   308.7 0   306.9 0   430.0 0   295.9 0   295.9 0     0.0 2    -0.1 0 -9999.9 1   -54.7 0 -9999.9 1 -9999.9 1 -9999.9 1 -9999.9 1   182.7 0 -9999.9 1
 1999 184  7  3  2 18  2.300  98.63    -4.8 0 -9999.9 1 -9999.9 1    -0.4 0   376.9 0   308.7 0   306.8 0   430.6 0   296.0 0   296.0 0     0.0 2    -0.1 0 -9999.9 1   -53.7 0 -9999.9 1 -9999.9 1 -9999.9 1 -9999.9 1   182.1 0 -9999.9 1
 1999 184  7  3  2 21  2.350  99.07    -4.7 0 -9999.9 1 -9999.9 1    -0.6 0   375.2 0   308.6 0   306.8 0   430.4 0   295.9 0   295.9 0     0.0 2    -0.1 0 -9999.9 1   -55.2 0 -9999.9 1 -9999.9 1 -9999.9 1 -9999.9 1   184.8 0 -9999.9 1
 1999 184  7  3  2 24  2.400  99.50    -4.8 0 -9999.9 1 -9999.9 1    -0.7 0   376.3 0   308.7 0   306.9 0   430.8 0   296.0 0   295.9 0     0.0 2    -0.1 0 -9999.9 1   -54.5 0 -9999.9 1 -9999.9 1 -9999.9 1 -9999.9 1   185.3 0 -9999.9 1
 1999 184  7  3  2 27  2.450  99.93    -4.6 0 -9999.9 1 -9999.9 1    -0.9 0   374.9 0   308.6 0   306.9 0   430.7 0   295.9 0   295.9 0     0.0 2    -0.1 0 -9999.9 1   -55.8 0 -9999.9 1 -9999.9 1 -9999.9 1 -9999.9 1   181.8 0 -9999.9 1
 1999 184  7  3  2 33  2.550 100.78    -4.7 0 -9999.9 1 -9999.9 1    -0.7 0   375.1 0   308.7 0   306.9 0   430.8 0   296.0 0   296.0 0     0.0 2    -0.2 0 -9999.9 1   -55.7 0 -9999.9 1 -9999.9 1 -9999.9 1 -9999.9 1   182.9 0 -9999.9 1
 1999 184  7  3  2 36  2.600 101.20    -4.8 0 -9999.9 1 -9999.9 1    -0.5 0   373.9 0   308.6 0   306.8 0   430.7 0   296.0 0   295.9 0     0.0 2    -0.2 0 -9999.9 1   -56.7 0 -9999.9 1 -9999.9 1 -9999.9 1 -9999.9 1   180.5 0 -9999.9 1
 1999 184  7  3  2 39  2.650 101.62    -4.7 0 -9999.9 1 -9999.9 1    -0.9 0   373.7 0   308.6 0   306.8 0   430.6 0   295.9 0   295.9 0     0.0 2    -0.1 0 -9999.9 1   -56.9 0 -9999.9 1 -9999.9 1 -9999.9 1 -9999.9 1   180.1 0 -9999.9 1
 1999 184  7  3  2 42  2.700 102.03    -4.7 0 -9999.9 1 -9999.9 1    -0.6 0   371.2 0   308.4 0   306.6 0   430.2 0   295.8 0   295.8 0     0.0 2    -0.2 0 -9999.9 1   -59.1 0 -9999.9 1 -9999.9 1 -9999.9 1 -9999.9 1   183.6 0 -9999.9 1
 1999 184  7  3  2 48  2.800 102.84    -5.0 0 -9999.9 1 -9999.9 1     0.0 0   370.5 0   308.4 0   306.5 0   431.1 0   295.8 0   295.8 0     0.0 2    -0.1 0 -9999.9 1   -60.6 0 -9999.9 1 -9999.9 1 -9999.9 1 -9999.9 1   184.1 0 -9999.9 1
 1999 184  7  3  2 51  2.850 103.24    -5.1 0 -9999.9 1 -9999.9 1     0.1 0   370.3 0   308.3 0   306.3 0   431.1 0   295.7 0   295.7 0     0.0 2    -0.2 0 -9999.9 1   -60.8 0 -9999.9 1 -9999.9 1 -9999.9 1 -9999.9 1   188.4 0 -9999.9 1
 1999 184  7  3  2 54  2.900 103.63    -5.1 0 -9999.9 1 -9999.9 1     0.2 0   369.2 0   308.1 0   306.1 0   431.1 0   295.7 0   295.7 0     0.0 2    -0.2 0 -9999.9 1   -61.9 0 -9999.9 1 -9999.9 1 -9999.9 1 -9999.9 1   193.3 0 -9999.9 1
 1999 184  7  3  2 57  2.950 104.02    -5.3 0 -9999.9 1 -9999.9 1     0.2 0   372.3 0   308.3 0   306.3 0   432.8 0   295.9 0   295.9 0     0.0 2    -0.1 0 -9999.9 1   -60.6 0 -9999.9 1 -9999.9 1 -9999.9 1 -9999.9 1   191.0 0 -9999.9 1
 1999 184  7  3  3  3  3.050 104.79    -5.3 0 -9999.9 1 -9999.9 1     0.5 0   377.5 0   308.4 0   306.5 0   435.4 0   296.4 0   296.4 0     0.0 0    -0.1 0 -9999.9 1   -57.9 0 -9999.9 1 -9999.9 1 -9999.9 1 -9999.9 1   190.2 0 -9999.9 1
 1999 184  7  3  3  6  3.100 105.17    -5.2 0 -9999.9 1 -9999.9 1     0.6 0   379.0 0   308.3 0   306.5 0   435.8 0   296.4 0   296.5 0     0.0 0    -0.1 0 -9999.9 1   -56.8 0 -9999.9 1 -9999.9 1 -9999.9 1 -9999.9 1   189.5 0 -9999.9 1
 1999 184  7  3  3  9  3.150 105.54    -5.3 0 -9999.9 1 -9999.9 1     0.3 0   377.2 0   308.1 0   306.4 0   434.7 0   296.4 0   296.4 0     0.0 0    -0.1 0 -9999.9 1   -57.6 0 -9999.9 1 -9999.9 1 -9999.9 1 -9999.9 1   191.9 0 -9999.9 1
 1999 184  7  3  3 12  3.200 105.91    -5.3 0 -9999.9 1 -9999.9 1     0.4 0   375.9 0   307.9 0   306.1 0   434.2 0   296.2 0   296.2 0     0.0 2    -0.2 0 -9999.9 1   -58.3 0 -9999.9 1 -9999.9 1 -9999.9 1 -9999.9 1   194.8 0 -9999.9 1
 1999 184  7  3  3 18  3.300 106.64    -5.3 0 -9999.9 1 -9999.9 1     0.4 0   374.1 0   307.6 0   305.7 0   432.8 0   296.1 0   296.1 0     0.0 2    -0.2 0 -9999.9 1   -58.8 0 -9999.9 1 -9999.9 1 -9999.9 1 -9999.9 1   194.9 0 -9999.9 1
 1999 184  7  3  3 21  3.350 106.99    -5.4 0 -9999.9 1 -9999.9 1     0.6 0   375.4 0   307.6 0   305.7 0   433.6 0   296.2 0   296.2 0     0.0 2    -0.2 0 -9999.9 1   -58.3 0 -9999.9 1 -9999.9 1 -9999.9 1 -9999.9 1   194.6 0 -9999.9 1
 1999 184  7  3  3 24  3.400 107.34    -5.3 0 -9999.9 1 -9999.9 1     0.4 0   375.2 0   307.5 0   305.7 0   433.1 0   296.2 0   296.2 0     0.0 2    -0.1 0 -9999.9 1   -57.9 0 -9999.9 1 -9999.9 1 -9999.9 1 -9999.9 1   194.7 0 -9999.9 1
 1999 184  7  3  3 27  3.450 107.68    -5.3 0 -9999.9 1 -9999.9 1     0.7 0   377.3 0   307.5 0   305.6 0   433.7 0   296.3 0   296.3 0     0.0 2    -0.2 0 -9999.9 1   -56.4 0 -9999.9 1 -9999.9 1 -9999.9 1 -9999.9 1   193.6 0 -9999.9 1
 1999 184  7  3  3 33  3.550 108.36    -5.2 0 -9999.9 1 -9999.9 1     0.6 0   374.9 0   307.2 0   305.4 0   432.1 0   296.2 0   296.1 0     0.0 2    -0.3 0 -9999.9 1   -57.2 0 -9999.9 1 -9999.9 1 -9999.9 1 -9999.9 1   191.0 0 -9999.9 1
 1999 184  7  3  3 36  3.600 108.68    -5.1 0 -9999.9 1 -9999.9 1     0.6 0   375.2 0   307.1 0   305.4 0   432.0 0   296.1 0   296.1 0     0.0 2    -0.2 0 -9999.9 1   -56.7 0 -9999.9 1 -9999.9 1 -9999.9 1 -9999.9 1   190.7 0 -9999.9 1
 1999 184  7  3  3 39  3.650 109.01    -5.1 0 -9999.9 1 -9999.9 1     0.3 0   375.9 0   307.1 0   305.5 0   431.8 0   296.2 0   296.1 0     0.0 2    -0.1 0 -9999.9 1   -55.9 0 -9999.9 1 -9999.9 1 -9999.9 1 -9999.9 1   195.3 0 -9999.9 1
 1999 184  7  3  3 42  3.700 109.33    -5.1 0 -9999.9 1 -9999.9 1     0.3 0   374.5 0   307.0 0   305.4 0   431.1 0   296.1 0   296.0 0     0.0 2    -0.1 0 -9999.9 1   -56.6 0 -9999.9 1 -9999.9 1 -9999.9 1 -9999.9 1   196.1 0 -9999.9 1
 1999 184  7  3  3 48  3.800 109.95    -4.9 0 -9999.9 1 -9999.9 1     0.3 0   375.5 0   307.0 0   305.3 0   431.2 0   296.1 0   296.0 0     0.0 2    -0.2 0 -9999.9 1   -55.7 0 -9999.9 1 -9999.9 1 -9999.9 1 -9999.9 1   196.6 0 -9999.9 1
 1999 184  7  3  3 51  3.850 110.25    -5.0 0 -9999.9 1 -9999.9 1     0.4 0   376.0 0   307.0 0   305.3 0   431.7 0   296.1 0   296.1 0     0.0 2    -0.1 0 -9999.9 1   -55.7 0 -9999.9 1 -9999.9 1 -9999.9 1 -9999.9 1   196.1 0 -9999.9 1
 1999 184  7  3  3 54  3.900 110.54    -5.1 0 -9999.9 1 -9999.9 1     0.5 0   376.0 0   307.0 0   305.3 0   431.5 0   296.1 0   296.1 0     0.0 2    -0.2 0 -9999.9 1   -55.6 0 -9999.9 1 -9999.9 1 -9999.9 1 -9999.9 1   194.9 0 -9999.9 1
 1999 184  7  3  3 57  3.950 110.83    -5.0 0 -9999.9 1 -9999.9 1     0.4 0   375.1 0   306.9 0   305.2 0   431.0 0   296.0 0   296.0 0     0.0 2    -0.2 0 -9999.9 1   -56.0 0 -9999.9 1 -9999.9 1 -9999.9 1 -9999.9 1   196.4 0 -9999.9 1
 1999 184  7  3  4  3  4.050 111.40    -5.1 0 -9999.9 1 -9999.9 1     0.4 0   373.5 0   306.8 0   305.1 0   430.5 0   295.9 0   295.9 0     0.0 2    -0.2 0 -9999.9 1   -57.1 0 -9999.9 1 -9999.9 1 -9999.9 1 -9999.9 1   196.7 0 -9999.9 1
 1999 184  7  3  4  6  4.100 111.67    -5.1 0 -9999.9 1 -9999.9 1     0.5 0   374.6 0   306.8 0   305.1 0   430.8 0   295.9 0   295.9 0     0.0 2    -0.2 0 -9999.9 1   -56.1 0 -9999.9 1 -9999.9 1 -9999.9 1 -9999.9 1   197.8 0 -9999.9 1
 1999 184  7  3  4  9  4.150 111.93    -5.1 0 -9999.9 1 -9999.9 1     0.3 0   374.7 0   306.8 0   305.1 0   430.6 0   295.9 0   295.8 0     0.0 2    -0.2 0 -9999.9 1   -55.9 0 -9999.9 1 -9999.9 1 -9999.9 1 -9999.9 1   198.1 0 -9999.9 1
 1999 184  7  3  4 12  4.200 112.20    -5.0 0 -9999.9 1 -9999.9 1     0.3 0   374.8 0   306.7 0   305.0 0   430.7 0   295.9 0   295.8 0     0.0 2    -0.2 0 -9999.9 1   -56.0 0 -9999.9 1 -9999.9 1 -9999.9 1 -9999.9 1   196.3 0 -9999.9 1
 1999 184  7  3  4 18  4.300 112.70    -4.8 0 -9999.9 1 -9999.9 1     0.1 0   372.8 0   306.6 0   305.1 0   429.5 0   295.7 0   295.7 0     0.0 2    -0.2 0 -9999.9 1   -56.7 0 -9999.9 1 -9999.9 1 -9999.9 1 -9999.9 1   196.6 0 -9999.9 1
 1999 184  7  3  4 21  4.350 112.94    -4.9 0 -9999.9 1 -9999.9 1     0.2 0   375.3 0   306.7 0   305.1 0   430.3 0   295.8 0   295.8 0     0.0 2    -0.2 0 -9999.9 1   -55.0 0 -9999.9 1 -9999.9 1 -9999.9 1 -9999.9 1   195.8 0 -9999.9 1
 1999 184  7  3  4 24  4.400 113.17    -4.9 0 -9999.9 1 -9999.9 1     0.3 0   376.8 0   306.8 0   305.1 0   431.2 0   295.9 0   295.9 0     0.0 2    -0.2 0 -9999.9 1   -54.3 0 -9999.9 1 -9999.9 1 -9999.9 1 -9999.9 1   193.6 0 -9999.9 1
 1999 184  7  3  4 27  4.450 113.40    -5.0 0 -9999.9 1 -9999.9 1     0.2 0   379.7 0   306.9 0   305.3 0   432.4 0   296.0 0   296.0 0     0.0 0    -0.2 0 -9999.9 1   -52.7 0 -9999.9 1 -9999.9 1 -9999.9 1 -9999.9 1   194.2 0 -9999.9 1
 1999 184  7  3  4 33  4.550 113.84    -5.0 0 -9999.9 1 -9999.9 1     0.4 0   380.7 0   306.9 0   305.2 0   432.5 0   296.0 0   295.9 0     0.0 0    -0.2 0 -9999.9 1   -51.8 0 -9999.9 1 -9999.9 1 -9999.9 1 -9999.9 1   196.1 0 -9999.9 1
 1999 184  7  3  4 36  4.600 114.05    -5.0 0 -9999.9 1 -9999.9 1     0.3 0   379.2 0   306.8 0   305.1 0   432.4 0   295.9 0   295.9 0     0.0 2    -0.2 0 -9999.9 1   -53.2 0 -9999.9 1 -9999.9 1 -9999.9 1 -9999.9 1   194.9 0 -9999.9 1
 1999 184  7  3  4 39  4.650 114.25    -5.1 0 -9999.9 1 -9999.9 1     0.4 0   379.0 0   306.8 0   305.1 0   432.2 0   295.9 0   295.9 0     0.0 0    -0.2 0 -9999.9 1   -53.2 0 -9999.9 1 -9999.9 1 -9999.9 1 -9999.9 1   194.5 0 -9999.9 1
 1999 184  7  3  4 42  4.700 114.44    -5.1 0 -9999.9 1 -9999.9 1     0.5 0   378.1 0   306.7 0   305.0 0   431.9 0   295.9 0   295.8 0     0.0 2    -0.2 0 -9999.9 1   -53.8 0 -9999.9 1 -9999.9 1 -9999.9 1 -9999.9 1   196.1 0 -9999.9 1
 1999 184  7  3  4 48  4.800 114.81    -5.1 0 -9999.9 1 -9999.9 1     0.4 0   380.3 0   306.8 0   305.1 0   432.8 0   296.0 0   296.0 0     0.0 0    -0.2 0 -9999.9 1   -52.6 0 -9999.9 1 -9999.9 1 -9999.9 1 -9999.9 1   198.9 0 -9999.9 1
 1999 184  7  3  4 51  4.850 114.99    -5.1 0 -9999.9 1 -9999.9 1     0.4 0   379.1 0   306.8 0   305.1 0   432.7 0   296.0 0   296.0 0     0.0 0    -0.2 0 -9999.9 1   -53.6 0 -9999.9 1 -9999.9 1 -9999.9 1 -9999.9 1   198.7 0 -9999.9 1
 1999 184  7  3  4 54  4.900 115.16    -5.1 0 -9999.9 1 -9999.9 1     0.3 0   376.8 0   306.7 0   305.0 0   432.0 0   295.9 0   295.9 0     0.0 2    -0.2 0 -9999.9 1   -55.3 0 -9999.9 1 -9999.9 1 -9999.9 1 -9999.9 1   198.5 0 -9999.9 1
 1999 184  7  3  4 57  4.950 115.32    -5.1 0 -9999.9 1 -9999.9 1     0.3 0   375.2 0   306.7 0   305.0 0   431.6 0   295.9 0   295.9 0     0.0 2    -0.2 0 -9999.9 1   -56.4 0 -9999.9 1 -9999.9 1 -9999.9 1 -9999.9 1   199.4 0 -9999.9 1
 1999 184  7  3  5  3  5.050 115.61    -5.1 0 -9999.9 1 -9999.9 1     0.4 0   376.0 0   306.6 0   304.9 0   431.7 0   295.9 0   295.9 0     0.0 2    -0.2 0 -9999.9 1   -55.7 0 -9999.9 1 -9999.9 1 -9999.9 1 -9999.9 1   204.7 0 -9999.9 1
 1999 184  7  3  5  6  5.100 115.75    -5.1 0 -9999.9 1 -9999.9 1     0.3 0   376.1 0   306.5 0   304.8 0   431.3 0   295.8 0   295.8 0     0.0 2    -0.2 0 -9999.9 1   -55.3 0 -9999.9 1 -9999.9 1 -9999.9 1 -9999.9 1   203.2 0 -9999.9 1
 1999 184  7  3  5  9  5.150 115.88    -5.1 0 -9999.9 1 -9999.9 1     0.3 0   377.0 0   306.5 0   304.9 0   431.7 0   295.8 0   295.8 0     0.0 2    -0.2 0 -9999.9 1   -54.7 0 -9999.9 1 -9999.9 1 -9999.9 1 -9999.9 1   201.2 0 -9999.9 1
 1999 184  7  3  5 12  5.200 116.01    -4.9 0 -9999.9 1 -9999.9 1     0.3 0   378.7 0   306.6 0   305.0 0   432.3 0   295.9 0   295.9 0     0.0 0    -0.1 0 -9999.9 1   -53.6 0 -9999.9 1 -9999.9 1 -9999.9 1 -9999.9 1   200.2 0 -9999.9 1
 1999 184  7  3  5 18  5.300 116.23    -4.8 0 -9999.9 1 -9999.9 1     0.1 0   382.9 0   306.8 0   305.3 0   433.4 0   296.1 0   296.0 0     0.0 0    -0.2 0 -9999.9 1   -50.5 0 -9999.9 1 -9999.9 1 -9999.9 1 -9999.9 1   203.5 0 -9999.9 1
 1999 184  7  3  5 21  5.350 116.33    -4.8 0 -9999.9 1 -9999.9 1     0.2 0   384.3 0   306.9 0   305.4 0   434.0 0   296.2 0   296.1 0     0.0 0    -0.2 0 -9999.9 1   -49.7 0 -9999.9 1 -9999.9 1 -9999.9 1 -9999.9 1   198.2 0 -9999.9 1
 1999 184  7  3  5 24  5.400 116.43    -4.8 0 -9999.9 1 -9999.9 1     0.2 0   384.9 0   306.9 0   305.3 0   434.2 0   296.2 0   296.1 0     0.0 0    -0.2 0 -9999.9 1   -49.2 0 -9999.9 1 -9999.9 1 -9999.9 1 -9999.9 1   195.0 0 -9999.9 1
 1999 184  7  3  5 27  5.450 116.51    -5.1 0 -9999.9 1 -9999.9 1     0.3 0   384.3 0   306.8 0   305.2 0   433.2 0   296.0 0   296.0 0     0.0 0    -0.3 0 -9999.9 1   -48.9 0 -9999.9 1 -9999.9 1 -9999.9 1 -9999.9 1   196.9 0 -9999.9 1
 1999 184  7  3  5 33  5.550 116.66    -5.1 0 -9999.9 1 -9999.9 1     0.2 0   384.6 0   306.6 0   305.0 0   432.3 0   295.8 0   295.8 0     0.0 2    -0.2 0 -9999.9 1   -47.7 0 -9999.9 1 -9999.9 1 -9999.9 1 -9999.9 1   200.8 0 -9999.9 1
 1999 184  7  3  5 36  5.600 116.73    -5.0 0 -9999.9 1 -9999.9 1     0.3 0   385.1 0   306.6 0   305.1 0   432.1 0   295.8 0   295.8 0     0.0 2    -0.2 0 -9999.9 1   -47.0 0 -9999.9 1 -9999.9 1 -9999.9 1 -9999.9 1   203.5 0 -9999.9 1
 1999 184  7  3  5 39  5.650 116.78    -4.7 0 -9999.9 1 -9999.9 1     0.1 0   384.4 0   306.7 0   305.3 0   431.6 0   295.8 0   295.8 0     0.0 2    -0.2 0 -9999.9 1   -47.2 0 -9999.9 1 -9999.9 1 -9999.9 1 -9999.9 1   198.8 0 -9999.9 1
 1999 184  7  3  5 42  5.700 116.83    -4.8 0 -9999.9 1 -9999.9 1     0.2 0   386.1 0   306.7 0   305.1 0   432.2 0   295.8 0   295.8 0     0.0 2    -0.2 0 -9999.9 1   -46.1 0 -9999.9 1 -9999.9 1 -9999.9 1 -9999.9 1   196.2 0 -9999.9 1
 1999 184  7  3  5 48  5.800 116.90    -4.8 0 -9999.9 1 -9999.9 1     0.3 0   379.3 0   306.8 0   305.1 0   431.3 0   295.8 0   295.7 0     0.0 2    -0.2 0 -9999.9 1   -52.0 0 -9999.9 1 -9999.9 1 -9999.9 1 -9999.9 1   196.1 0 -9999.9 1
 1999 184  7  3  5 51  5.850 116.93    -5.0 0 -9999.9 1 -9999.9 1     0.3 0   376.4 0   306.7 0   305.0 0   431.1 0   295.7 0   295.7 0     0.0 2    -0.1 0 -9999.9 1   -54.7 0 -9999.9 1 -9999.9 1 -9999.9 1 -9999.9 1   195.4 0 -9999.9 1
 1999 184  7  3  5 54  5.900 116.95    -5.1 0 -9999.9 1 -9999.9 1     0.1 0   374.4 0   306.8 0   305.0 0   431.0 0   295.7 0   295.7 0     0.0 2    -0.3 0 -9999.9 1   -56.6 0 -9999.9 1 -9999.9 1 -9999.9 1 -9999.9 1   197.6 0 -9999.9 1
 1999 184  7  3  5 57  5.950 116.96    -4.9 0 -9999.9 1 -9999.9 1     0.1 0   374.2 0   306.8 0   305.2 0   431.3 0   295.8 0   295.7 0     0.0 2    -0.1 0 -9999.9 1   -57.1 0 -9999.9 1 -9999.9 1 -9999.9 1 -9999.9 1   201.7 0 -9999.9 1
 1999 184  7  3  6  3  6.050 116.95    -5.0 0 -9999.9 1 -9999.9 1     0.2 0   373.4 0   306.8 0   305.0 0   431.5 0   295.8 0   295.7 0     0.0 2    -0.1 0 -9999.9 1   -58.1 0 -9999.9 1 -9999.9 1 -9999.9 1 -9999.9 1   204.6 0 -9999.9 1
 1999 184  7  3  6  6  6.100 116.94    -5.1 0 -9999.9 1 -9999.9 1     0.3 0   373.9 0   306.7 0   305.0 0   431.5 0   295.8 0   295.7 0     0.0 2    -0.2 0 -9999.9 1   -57.6 0 -9999.9 1 -9999.9 1 -9999.9 1 -9999.9 1   205.8 0 -9999.9 1
 1999 184  7  3  6  9  6.150 116.92    -5.1 0 -9999.9 1 -9999.9 1     0.3 0   373.3 0   306.7 0   304.9 0   431.3 0   295.7 0   295.7 0     0.0 2    -0.3 0 -9999.9 1   -58.0 0 -9999.9 1 -9999.9 1 -9999.9 1 -9999.9 1   206.1 0 -9999.9 1
 1999 184  7  3  6 12  6.200 116.89    -5.2 0 -9999.9 1 -9999.9 1     0.4 0   373.2 0   306.6 0   304.8 0   431.4 0   295.7 0   295.7 0     0.0 2    -0.2 0 -9999.9 1   -58.3 0 -9999.9 1 -9999.9 1 -9999.9 1 -9999.9 1   206.6 0 -9999.9 1
 1999 184  7  3  6 18  6.300 116.80    -5.2 0 -9999.9 1 -9999.9 1     0.6 0   373.8 0   306.6 0   304.7 0   431.8 0   295.8 0   295.8 0     0.0 2    -0.2 0 -9999.9 1   -58.1 0 -9999.9 1 -9999.9 1 -9999.9 1 -9999.9 1   206.0 0 -9999.9 1
 1999 184  7  3  6 21  6.350 116.75    -5.2 0 -9999.9 1 -9999.9 1     0.4 0   373.3 0   306.7 0   304.9 0   432.2 0   296.0 0   295.9 0     0.0 0    -0.2 0 -9999.9 1   -58.9 0 -9999.9 1 -9999.9 1 -9999.9 1 -9999.9 1   204.5 0 -9999.9 1
 1999 184  7  3  6 24  6.400 116.69    -5.1 0 -9999.9 1 -9999.9 1     0.4 0   373.0 0   306.6 0   304.8 0   432.4 0   296.0 0   295.9 0     0.0 0    -0.2 0 -9999.9 1   -59.4 0 -9999.9 1 -9999.9 1 -9999.9 1 -9999.9 1   204.2 0 -9999.9 1
 1999 184  7  3  6 27  6.450 116.62    -5.2 0 -9999.9 1 -9999.9 1     0.5 0   372.0 0   306.5 0   304.7 0   432.2 0   295.9 0   295.9 0     0.0 0    -0.2 0 -9999.9 1   -60.2 0 -9999.9 1 -9999.9 1 -9999.9 1 -9999.9 1   203.9 0 -9999.9 1
 1999 184  7  3  6 33  6.550 116.47    -5.1 0 -9999.9 1 -9999.9 1     0.3 0   372.5 0   306.4 0   304.8 0   431.6 0   295.9 0   295.8 0     0.0 0    -0.2 0 -9999.9 1   -59.1 0 -9999.9 1 -9999.9 1 -9999.9 1 -9999.9 1   208.1 0 -9999.9 1
 1999 184  7  3  6 36  6.600 116.37    -5.0 0 -9999.9 1 -9999.9 1     0.2 0   371.3 0   306.2 0   304.7 0   430.6 0   295.7 0   295.7 0     0.0 2    -0.2 0 -9999.9 1   -59.3 0 -9999.9 1 -9999.9 1 -9999.9 1 -9999.9 1   212.1 0 -9999.9 1
 1999 184  7  3  6 39  6.650 116.28    -5.0 0 -9999.9 1 -9999.9 1     0.1 0   369.4 0   306.2 0   304.7 0   429.7 0   295.6 0   295.6 0     0.0 2    -0.2 0 -9999.9 1   -60.3 0 -9999.9 1 -9999.9 1 -9999.9 1 -9999.9 1   210.8 0 -9999.9 1
 1999 184  7  3  6 42  6.700 116.17    -4.9 0 -9999.9 1 -9999.9 1     0.1 0   370.2 0   306.2 0   304.7 0   430.2 0   295.6 0   295.6 0     0.0 2    -0.2 0 -9999.9 1   -59.9 0 -9999.9 1 -9999.9 1 -9999.9 1 -9999.9 1   207.2 0 -9999.9 1
 1999 184  7  3  6 48  6.800 115.94    -4.9 0 -9999.9 1 -9999.9 1    -0.1 0   369.7 0   306.2 0   304.6 0   429.2 0   295.5 0   295.5 0     0.0 2    -0.1 0 -9999.9 1   -59.5 0 -9999.9 1 -9999.9 1 -9999.9 1 -9999.9 1   210.4 0 -9999.9 1
 1999 184  7  3  6 51  6.850 115.81    -4.9 0 -9999.9 1 -9999.9 1     0.1 0   369.2 0   306.2 0   304.6 0   429.1 0   295.5 0   295.5 0     0.0 2    -0.2 0 -9999.9 1   -59.9 0 -9999.9 1 -9999.9 1 -9999.9 1 -9999.9 1   208.7 0 -9999.9 1
 1999 184  7  3  6 54  6.900 115.67    -4.9 0 -9999.9 1 -9999.9 1     0.0 0   367.6 0   306.2 0   304.7 0   428.5 0   295.5 0   295.4 0     0.0 2    -0.1 0 -9999.9 1   -60.9 0 -9999.9 1 -9999.9 1 -9999.9 1 -9999.9 1   209.5 0 -9999.9 1
 1999 184  7  3  6 57  6.950 115.53    -4.8 0 -9999.9 1 -9999.9 1     0.0 0   366.1 0   306.3 0   304.8 0   428.1 0   295.5 0   295.4 0     0.0 2    -0.2 0 -9999.9 1   -61.9 0 -9999.9 1 -9999.9 1 -9999.9 1 -9999.9 1   208.8 0 -9999.9 1
 1999 184  7  3  7  3  7.050 115.22    -4.7 0 -9999.9 1 -9999.9 1    -0.4 0   367.5 0   306.6 0   305.1 0   428.5 0   295.6 0   295.5 0     0.0 2    -0.2 0 -9999.9 1   -61.0 0 -9999.9 1 -9999.9 1 -9999.9 1 -9999.9 1   209.2 0 -9999.9 1
 1999 184  7  3  7  6  7.100 115.06    -4.6 0 -9999.9 1 -9999.9 1    -0.6 0   367.5 0   306.6 0   305.1 0   428.4 0   295.5 0   295.5 0     0.0 2    -0.1 0 -9999.9 1   -61.0 0 -9999.9 1 -9999.9 1 -9999.9 1 -9999.9 1   207.6 0 -9999.9 1
 1999 184  7  3  7  9  7.150 114.89    -4.7 0 -9999.9 1 -9999.9 1    -0.5 0   366.3 0   306.7 0   305.2 0   428.1 0   295.5 0   295.5 0     0.0 2    -0.2 0 -9999.9 1   -61.8 0 -9999.9 1 -9999.9 1 -9999.9 1 -9999.9 1   205.7 0 -9999.9 1
 1999 184  7  3  7 12  7.200 114.71    -4.6 0 -9999.9 1 -9999.9 1    -0.4 0   367.7 0   306.9 0   305.4 0   429.0 0   295.7 0   295.6 0     0.0 2    -0.2 0 -9999.9 1   -61.3 0 -9999.9 1 -9999.9 1 -9999.9 1 -9999.9 1   208.7 0 -9999.9 1
 1999 184  7  3  7 18  7.300 114.33    -4.4 0 -9999.9 1 -9999.9 1    -0.8 0   368.8 0   307.2 0   305.7 0   429.2 0   295.7 0   295.7 0     0.0 0    -0.2 0 -9999.9 1   -60.4 0 -9999.9 1 -9999.9 1 -9999.9 1 -9999.9 1   206.1 0 -9999.9 1
 1999 184  7  3  7 21  7.350 114.13    -4.4 0 -9999.9 1 -9999.9 1    -0.9 0   367.5 0   307.2 0   305.7 0   428.3 0   295.6 0   295.5 0     0.0 0    -0.2 0 -9999.9 1   -60.8 0 -9999.9 1 -9999.9 1 -9999.9 1 -9999.9 1   206.0 0 -9999.9 1
 1999 184  7  3  7 24  7.400 113.93    -4.4 0 -9999.9 1 -9999.9 1    -0.5 0   368.7 0   307.3 0   305.8 0   428.4 0   295.6 0   295.6 0     0.0 0    -0.2 0 -9999.9 1   -59.6 0 -9999.9 1 -9999.9 1 -9999.9 1 -9999.9 1   206.6 0 -9999.9 1
 1999 184  7  3  7 27  7.450 113.71    -4.4 0 -9999.9 1 -9999.9 1    -0.9 0   369.3 0   307.5 0   306.0 0   429.1 0   295.7 0   295.6 0     0.0 0    -0.2 0 -9999.9 1   -59.8 0 -9999.9 1 -9999.9 1 -9999.9 1 -9999.9 1   206.9 0 -9999.9 1
 1999 184  7  3  7 33  7.550 113.27    -4.3 0 -9999.9 1 -9999.9 1    -0.9 0   368.3 0   307.5 0   306.0 0   428.1 0   295.5 0   295.4 0     0.0 0    -0.2 0 -9999.9 1   -59.8 0 -9999.9 1 -9999.9 1 -9999.9 1 -9999.9 1   210.0 0 -9999.9 1
 1999 184  7  3  7 36  7.600 113.04    -4.5 0 -9999.9 1 -9999.9 1    -0.6 0   366.3 0   307.4 0   305.7 0   426.4 0   295.2 0   295.2 0     0.0 2    -0.1 0 -9999.9 1   -60.1 0 -9999.9 1 -9999.9 1 -9999.9 1 -9999.9 1   208.7 0 -9999.9 1
 1999 184  7  3  7 39  7.650 112.80    -4.5 0 -9999.9 1 -9999.9 1    -1.0 0   365.9 0   307.3 0   305.6 0   425.8 0   295.0 0   295.0 0     0.0 2    -0.1 0 -9999.9 1   -60.0 0 -9999.9 1 -9999.9 1 -9999.9 1 -9999.9 1   206.2 0 -9999.9 1
 1999 184  7  3  7 42  7.700 112.55    -4.6 0 -9999.9 1 -9999.9 1    -0.9 0   365.3 0   307.3 0   305.6 0   425.5 0   294.9 0   294.9 0     0.0 2    -0.1 0 -9999.9 1   -60.2 0 -9999.9 1 -9999.9 1 -9999.9 1 -9999.9 1   204.6 0 -9999.9 1
 1999 184  7  3  7 48  7.800 112.04    -4.6 0 -9999.9 1 -9999.9 1    -0.7 0   371.4 0   307.5 0   305.8 0   427.4 0   295.2 0   295.1 0     0.0 2    -0.2 0 -9999.9 1   -56.0 0 -9999.9 1 -9999.9 1 -9999.9 1 -9999.9 1   201.1 0 -9999.9 1
 1999 184  7  3  7 51  7.850 111.78    -4.7 0 -9999.9 1 -9999.9 1    -0.5 0   372.6 0   307.5 0   305.8 0   427.8 0   295.2 0   295.1 0     0.0 2    -0.1 0 -9999.9 1   -55.2 0 -9999.9 1 -9999.9 1 -9999.9 1 -9999.9 1   204.9 0 -9999.9 1
 1999 184  7  3  7 54  7.900 111.51    -4.7 0 -9999.9 1 -9999.9 1    -0.6 0   373.4 0   307.4 0   305.7 0   426.9 0   295.0 0   295.0 0     0.0 2    -0.2 0 -9999.9 1   -53.6 0 -9999.9 1 -9999.9 1 -9999.9 1 -9999.9 1   203.6 0 -9999.9 1
 1999 184  7  3  7 57  7.950 111.24    -4.6 0 -9999.9 1 -9999.9 1    -0.5 0   378.2 0   307.4 0   305.7 0   427.0 0   295.0 0   294.9 0     0.0 2    -0.2 0 -9999.9 1   -48.8 0 -9999.9 1 -9999.9 1 -9999.9 1 -9999.9 1   204.6 0 -9999.9 1
 1999 184  7  3  8  3  8.050 110.67    -4.6 0 -9999.9 1 -9999.9 1     0.0 0   388.7 0   307.3 0   305.5 0   427.8 0   295.0 0   294.9 0     0.0 2    -0.2 0 -9999.9 1   -39.1 0 -9999.9 1 -9999.9 1 -9999.9 1 -9999.9 1   203.7 0 -9999.9 1
 1999 184  7  3  8  6  8.100 110.37    -4.7 0 -9999.9 1 -9999.9 1     0.2 0   390.7 0   307.4 0   305.6 0   428.9 0   295.1 0   295.1 0     0.0 2    -0.2 0 -9999.9 1   -38.2 0 -9999.9 1 -9999.9 1 -9999.9 1 -9999.9 1   205.4 0 -9999.9 1
 1999 184  7  3  8  9  8.150 110.07    -4.7 0 -9999.9 1 -9999.9 1     0.3 0   390.4 0   307.4 0   305.6 0   429.0 0   295.2 0   295.1 0     0.0 0    -0.2 0 -9999.9 1   -38.5 0 -9999.9 1 -9999.9 1 -9999.9 1 -9999.9 1   201.4 0 -9999.9 1
 1999 184  7  3  8 12  8.200 109.77    -4.5 0 -9999.9 1 -9999.9 1     0.2 0   389.8 0   307.2 0   305.5 0   428.6 0   295.1 0   295.0 0     0.0 2    -0.1 0 -9999.9 1   -38.8 0 -9999.9 1 -9999.9 1 -9999.9 1 -9999.9 1   202.4 0 -9999.9 1
 1999 184  7  3  8 18  8.300 109.14    -4.5 0 -9999.9 1 -9999.9 1     0.0 0   389.9 0   307.1 0   305.5 0   428.0 0   295.0 0   294.9 0     0.0 2    -0.1 0 -9999.9 1   -38.1 0 -9999.9 1 -9999.9 1 -9999.9 1 -9999.9 1   210.9 0 -9999.9 1
 1999 184  7  3  8 21  8.350 108.82    -4.4 0 -9999.9 1 -9999.9 1    -0.2 0   388.4 0   307.0 0   305.4 0   427.4 0   294.9 0   294.9 0     0.0 2    -0.2 0 -9999.9 1   -39.0 0 -9999.9 1 -9999.9 1 -9999.9 1 -9999.9 1   211.0 0 -9999.9 1
 1999 184  7  3  8 24  8.400 108.49    -4.4 0 -9999.9 1 -9999.9 1    -0.1 0   388.7 0   306.9 0   305.2 0   427.3 0   294.8 0   294.8 0     0.0 2    -0.2 0 -9999.9 1   -38.6 0 -9999.9 1 -9999.9 1 -9999.9 1 -9999.9 1   210.7 0 -9999.9 1
 1999 184  7  3  8 27  8.450 108.16    -4.5 0 -9999.9 1 -9999.9 1    -0.1 0   387.9 0   306.9 0   305.3 0   427.2 0   294.8 0   294.8 0     0.0 2    -0.1 0 -9999.9 1   -39.2 0 -9999.9 1 -9999.9 1 -9999.9 1 -9999.9 1   209.4 0 -9999.9 1
 1999 184  7  3  8 33  8.550 107.48    -4.3 0 -9999.9 1 -9999.9 1     0.0 0   391.2 0   307.2 0   305.5 0   428.5 0   295.1 0   295.0 0     0.0 2    -0.2 0 -9999.9 1   -37.2 0 -9999.9 1 -9999.9 1 -9999.9 1 -9999.9 1   207.6 0 -9999.9 1
 1999 184  7  3  8 36  8.600 107.14    -4.4 0 -9999.9 1 -9999.9 1    -0.2 0   391.8 0   307.1 0   305.5 0   428.1 0   295.0 0   294.9 0     0.0 2    -0.2 0 -9999.9 1   -36.3 0 -9999.9 1 -9999.9 1 -9999.9 1 -9999.9 1   209.5 0 -9999.9 1
 1999 184  7  3  8 39  8.650 106.78    -4.3 0 -9999.9 1 -9999.9 1    -0.2 0   391.7 0   307.2 0   305.6 0   428.4 0   295.1 0   295.0 0     0.0 2    -0.2 0 -9999.9 1   -36.7 0 -9999.9 1 -9999.9 1 -9999.9 1 -9999.9 1   208.9 0 -9999.9 1
 1999 184  7  3  8 42  8.700 106.43    -4.3 0 -9999.9 1 -9999.9 1    -0.3 0   389.1 0   307.2 0   305.7 0   428.1 0   295.1 0   295.0 0     0.0 2    -0.1 0 -9999.9 1   -39.0 0 -9999.9 1 -9999.9 1 -9999.9 1 -9999.9 1   203.8 0 -9999.9 1
 1999 184  7  3  8 48  8.800 105.70    -4.3 0 -9999.9 1 -9999.9 1    -0.2 0   386.7 0   307.2 0   305.7 0   427.8 0   295.0 0   294.9 0     0.0 2    -0.1 0 -9999.9 1   -41.2 0 -9999.9 1 -9999.9 1 -9999.9 1 -9999.9 1   198.6 0 -9999.9 1
 1999 184  7  3  8 51  8.850 105.33    -4.3 0 -9999.9 1 -9999.9 1    -0.1 0   386.7 0   307.3 0   305.7 0   427.9 0   295.0 0   295.0 0     0.0 2    -0.2 0 -9999.9 1   -41.2 0 -9999.9 1 -9999.9 1 -9999.9 1 -9999.9 1   199.0 0 -9999.9 1
 1999 184  7  3  8 54  8.900 104.95    -4.3 0 -9999.9 1 -9999.9 1    -0.3 0   388.7 0   307.3 0   305.7 0   427.8 0   295.0 0   294.9 0     0.0 2    -0.1 0 -9999.9 1   -39.1 0 -9999.9 1 -9999.9 1 -9999.9 1 -9999.9 1   203.7 0 -9999.9 1
 1999 184  7  3  8 57  8.950 104.57    -4.3 0 -9999.9 1 -9999.9 1    -0.3 0   390.5 0   307.4 0   305.9 0   428.2 0   295.1 0   295.0 0     0.0 2    -0.1 0 -9999.9 1   -37.7 0 -9999.9 1 -9999.9 1 -9999.9 1 -9999.9 1   200.7 0 -9999.9 1
 1999 184  7  3  9  3  9.050 103.80    -4.2 0 -9999.9 1 -9999.9 1    -0.5 0   390.0 0   307.5 0   306.0 0   428.1 0   295.1 0   295.0 0     0.0 2    -0.2 0 -9999.9 1   -38.1 0 -9999.9 1 -9999.9 1 -9999.9 1 -9999.9 1   201.4 0 -9999.9 1
 1999 184  7  3  9  6  9.100 103.40    -4.3 0 -9999.9 1 -9999.9 1    -0.4 0   387.9 0   307.4 0   305.9 0   427.3 0   295.0 0   294.9 0     0.0 2    -0.2 0 -9999.9 1   -39.4 0 -9999.9 1 -9999.9 1 -9999.9 1 -9999.9 1   197.6 0 -9999.9 1
 1999 184  7  3  9  9  9.150 103.01    -4.2 0 -9999.9 1 -9999.9 1    -0.6 0   386.8 0   307.6 0   306.1 0   427.5 0   295.1 0   295.0 0     0.0 2    -0.2 0 -9999.9 1   -40.7 0 -9999.9 1 -9999.9 1 -9999.9 1 -9999.9 1   199.1 0 -9999.9 1
 1999 184  7  3  9 12  9.200 102.61    -4.1 0 -9999.9 1 -9999.9 1    -0.8 0   388.0 0   307.8 0   306.3 0   428.4 0   295.2 0   295.1 0     0.0 0    -0.1 0 -9999.9 1   -40.4 0 -9999.9 1 -9999.9 1 -9999.9 1 -9999.9 1   202.3 0 -9999.9 1
 1999 184  7  3  9 18  9.300 101.79    -4.2 0 -9999.9 1 -9999.9 1    -0.8 0   391.2 0   307.8 0   306.3 0   428.1 0   295.1 0   295.1 0     0.0 2    -0.1 0 -9999.9 1   -36.9 0 -9999.9 1 -9999.9 1 -9999.9 1 -9999.9 1   203.7 0 -9999.9 1
 1999 184  7  3  9 21  9.350 101.38    -4.2 0 -9999.9 1 -9999.9 1    -0.8 0   390.8 0   307.8 0   306.3 0   427.1 0   295.0 0   294.9 0     0.0 2    -0.2 0 -9999.9 1   -36.3 0 -9999.9 1 -9999.9 1 -9999.9 1 -9999.9 1   204.3 0 -9999.9 1
 1999 184  7  3  9 24  9.400 100.96    -4.1 0 -9999.9 1 -9999.9 1    -1.2 0   390.9 0   307.9 0   306.4 0   427.3 0   295.0 0   294.9 0     0.0 2    -0.1 0 -9999.9 1   -36.4 0 -9999.9 1 -9999.9 1 -9999.9 1 -9999.9 1   204.7 0 -9999.9 1
 1999 184  7  3  9 27  9.450 100.54    -4.0 0 -9999.9 1 -9999.9 1    -1.0 0   392.8 0   308.1 0   306.6 0   428.2 0   295.2 0   295.1 0     0.0 0    -0.2 0 -9999.9 1   -35.3 0 -9999.9 1 -9999.9 1 -9999.9 1 -9999.9 1   203.4 0 -9999.9 1
 1999 184  7  3  9 33  9.550  99.68    -4.0 0 -9999.9 1 -9999.9 1    -1.0 0   390.7 0   308.0 0   306.5 0   426.5 0   294.9 0   294.8 0     0.0 2    -0.1 0 -9999.9 1   -35.8 0 -9999.9 1 -9999.9 1 -9999.9 1 -9999.9 1   200.7 0 -9999.9 1
 1999 184  7  3  9 36  9.600  99.25    -4.0 0 -9999.9 1 -9999.9 1    -1.2 0   395.5 0   307.9 0   306.5 0   426.0 0   294.8 0   294.7 0     0.0 2    -0.2 0 -9999.9 1   -30.4 0 -9999.9 1 -9999.9 1 -9999.9 1 -9999.9 1   204.7 0 -9999.9 1
 1999 184  7  3  9 39  9.650  98.81    -3.9 0 -9999.9 1 -9999.9 1    -1.2 0   401.7 0   308.1 0   306.6 0   427.0 0   294.8 0   294.8 0     0.0 2    -0.1 0 -9999.9 1   -25.3 0 -9999.9 1 -9999.9 1 -9999.9 1 -9999.9 1   206.7 0 -9999.9 1
 1999 184  7  3  9 42  9.700  98.38    -3.9 0 -9999.9 1 -9999.9 1    -1.3 0   405.4 0   308.1 0   306.6 0   427.0 0   294.7 0   294.7 0     0.0 2    -0.2 0 -9999.9 1   -21.6 0 -9999.9 1 -9999.9 1 -9999.9 1 -9999.9 1   209.0 0 -9999.9 1
 1999 184  7  3  9 48  9.800  97.49    -3.8 0 -9999.9 1 -9999.9 1    -0.8 0   401.8 0   308.4 0   306.8 0   428.5 0   295.0 0   294.9 0     0.0 0    -0.1 0 -9999.9 1   -26.7 0 -9999.9 1 -9999.9 1 -9999.9 1 -9999.9 1   202.6 0 -9999.9 1
 1999 184  7  3  9 51  9.850  97.04    -3.9 0 -9999.9 1 -9999.9 1    -0.9 0   399.1 0   308.4 0   306.8 0   428.1 0   294.9 0   294.8 0     0.0 2    -0.2 0 -9999.9 1   -29.0 0 -9999.9 1 -9999.9 1 -9999.9 1 -9999.9 1   202.1 0 -9999.9 1
 1999 184  7  3  9 54  9.900  96.58    -3.9 0 -9999.9 1 -9999.9 1    -1.3 0   404.6 0   308.4 0   306.9 0   427.5 0   294.8 0   294.8 0     0.0 2    -0.2 0 -9999.9 1   -22.9 0 -9999.9 1 -9999.9 1 -9999.9 1 -9999.9 1   207.4 0 -9999.9 1
 1999 184  7  3  9 57  9.950  96.13    -3.9 0 -9999.9 1 -9999.9 1    -1.1 0   404.4 0   308.3 0   306.8 0   426.9 0   294.7 0   294.6 0     0.0 2    -0.1 0 -9999.9 1   -22.5 0 -9999.9 1 -9999.9 1 -9999.9 1 -9999.9 1   204.4 0 -9999.9 1
 1999 184  7  3 10  3 10.050  95.21    -3.7 0 -9999.9 1 -9999.9 1    -1.4 0   403.7 0   308.5 0   307.0 0   427.6 0   294.8 0   294.7 0     0.0 2    -0.1 0 -9999.9 1   -23.9 0 -9999.9 1 -9999.9 1 -9999.9 1 -9999.9 1   201.0 0 -9999.9 1
 1999 184  7  3 10  6 10.100  94.74    -3.7 0 -9999.9 1 -9999.9 1    -1.6 0   403.1 0   308.6 0   307.1 0   428.1 0   294.8 0   294.8 0     0.0 2    -0.1 0 -9999.9 1   -25.0 0 -9999.9 1 -9999.9 1 -9999.9 1 -9999.9 1   203.0 0 -9999.9 1
 1999 184  7  3 10  9 10.150  94.27    -3.8 0 -9999.9 1 -9999.9 1    -1.6 0   404.7 0   308.7 0   307.2 0   428.3 0   294.9 0   294.8 0     0.0 2    -0.1 0 -9999.9 1   -23.6 0 -9999.9 1 -9999.9 1 -9999.9 1 -9999.9 1   206.1 0 -9999.9 1
 1999 184  7  3 10 12 10.200  93.80    -3.7 0 -9999.9 1 -9999.9 1    -1.5 0   406.8 0   308.7 0   307.2 0   428.5 0   294.9 0   294.8 0     0.0 2    -0.1 0 -9999.9 1   -21.7 0 -9999.9 1 -9999.9 1 -9999.9 1 -9999.9 1   204.2 0 -9999.9 1
 1999 184  7  3 10 18 10.300  92.85    -3.6 0 -9999.9 1 -9999.9 1    -1.4 0   410.3 0   308.9 0   307.4 0   429.2 0   295.0 0   294.9 0     0.0 0    -0.1 0 -9999.9 1   -18.9 0 -9999.9 1 -9999.9 1 -9999.9 1 -9999.9 1   208.4 0 -9999.9 1
 1999 184  7  3 10 21 10.350  92.37    -3.6 0 -9999.9 1 -9999.9 1    -1.2 0   410.6 0   308.9 0   307.3 0   429.0 0   294.9 0   294.8 0     0.0 0     0.0 0 -9999.9 1   -18.4 0 -9999.9 1 -9999.9 1 -9999.9 1 -9999.9 1   213.8 0 -9999.9 1
 1999 184  7  3 10 24 10.400  91.89    -3.5 0 -9999.9 1 -9999.9 1    -1.3 0   410.6 0   308.8 0   307.3 0   428.5 0   294.8 0   294.8 0     0.0 2     0.0 0 -9999.9 1   -17.9 0 -9999.9 1 -9999.9 1 -9999.9 1 -9999.9 1   216.5 0 -9999.9 1
 1999 184  7  3 10 27 10.450  91.40    -3.5 0 -9999.9 1 -9999.9 1    -1.4 0   409.3 0   308.8 0   307.3 0   428.4 0   294.8 0   294.7 0     0.0 2     0.0 0 -9999.9 1   -19.1 0 -9999.9 1 -9999.9 1 -9999.9 1 -9999.9 1   217.5 0 -9999.9 1
 1999 184  7  3 10 33 10.550  89.76    -3.0 0 -9999.9 1 -9999.9 1    -0.9 0   404.6 0   308.7 0   307.1 0   427.0 0   294.6 0   294.5 0     0.0 2     0.2 0 -9999.9 1   -22.4 0 -9999.9 1 -9999.9 1 -9999.9 1 -9999.9 1   218.2 0 -9999.9 1
 1999 184  7  3 10 36 10.600  89.38    -2.8 0 -9999.9 1 -9999.9 1    -0.6 0   404.6 0   308.7 0   307.2 0   427.2 0   294.6 0   294.5 0     0.1 2     0.4 0 -9999.9 1   -22.7 0 -9999.9 1 -9999.9 1 -9999.9 1 -9999.9 1   214.9 0 -9999.9 1
 1999 184  7  3 10 39 10.650  88.98    -2.1 0 -9999.9 1 -9999.9 1    -0.8 0   402.8 0   308.8 0   307.2 0   426.8 0   294.6 0   294.5 0     0.1 2     0.6 0 -9999.9 1   -24.0 0 -9999.9 1 -9999.9 1 -9999.9 1 -9999.9 1   215.3 0 -9999.9 1
 1999 184  7  3 10 42 10.700  88.55    -1.3 0 -9999.9 1 -9999.9 1    -0.1 0   403.0 0   308.8 0   307.0 0   427.1 0   294.6 0   294.5 0     0.2 2     1.0 0 -9999.9 1   -24.1 0 -9999.9 1 -9999.9 1 -9999.9 1 -9999.9 1   215.8 0 -9999.9 1
 1999 184  7  3 10 48 10.800  87.64     0.3 0 -9999.9 1 -9999.9 1     1.0 0   404.2 0   308.8 0   307.1 0   427.5 0   294.6 0   294.6 0     0.3 2     1.8 0 -9999.9 1   -23.3 0 -9999.9 1 -9999.9 1 -9999.9 1 -9999.9 1   221.4 0 -9999.9 1
 1999 184  7  3 10 51 10.850  87.17     1.2 0 -9999.9 1 -9999.9 1     2.3 0   405.3 0   308.9 0   307.0 0   427.8 0   294.7 0   294.6 0     0.3 2     2.1 0 -9999.9 1   -22.5 0 -9999.9 1 -9999.9 1 -9999.9 1 -9999.9 1   221.3 0 -9999.9 1
 1999 184  7  3 10 54 10.900  86.69     2.2 0 -9999.9 1 -9999.9 1     3.2 0   405.4 0   308.8 0   306.9 0   427.7 0   294.7 0   294.6 0     0.3 2     2.5 0 -9999.9 1   -22.2 0 -9999.9 1 -9999.9 1 -9999.9 1 -9999.9 1   217.5 0 -9999.9 1
 1999 184  7  3 10 57 10.950  86.21     3.3 0 -9999.9 1 -9999.9 1     4.0 0   405.4 0   308.7 0   306.9 0   427.5 0   294.6 0   294.6 0     0.4 2     3.0 0 -9999.9 1   -22.1 0 -9999.9 1 -9999.9 1 -9999.9 1 -9999.9 1   213.5 0 -9999.9 1
 1999 184  7  3 11  3 11.050  85.22     4.8 0 -9999.9 1 -9999.9 1     5.1 0   404.1 0   308.7 0   307.0 0   427.8 0   294.7 0   294.6 0     0.6 2     3.7 0 -9999.9 1   -23.7 0 -9999.9 1 -9999.9 1 -9999.9 1 -9999.9 1   216.1 0 -9999.9 1
 1999 184  7  3 11  6 11.100  84.72     6.2 0 -9999.9 1 -9999.9 1     6.8 0   405.0 0   308.7 0   307.0 0   427.9 0   294.7 0   294.7 0     0.7 2     4.4 0 -9999.9 1   -22.8 0 -9999.9 1 -9999.9 1 -9999.9 1 -9999.9 1   214.9 0 -9999.9 1
 1999 184  7  3 11  9 11.150  84.21     8.1 0 -9999.9 1 -9999.9 1     8.8 0   407.3 0   308.8 0   306.9 0   428.5 0   294.9 0   294.8 0     0.8 2     5.3 0 -9999.9 1   -21.2 0 -9999.9 1 -9999.9 1 -9999.9 1 -9999.9 1   213.9 0 -9999.9 1
 1999 184  7  3 11 12 11.200  83.70     9.2 0 -9999.9 1 -9999.9 1     9.9 0   407.6 0   308.7 0   306.9 0   428.8 0   294.9 0   294.9 0     0.9 2     5.8 0 -9999.9 1   -21.2 0 -9999.9 1 -9999.9 1 -9999.9 1 -9999.9 1   214.1 0 -9999.9 1
 1999 184  7  3 11 18 11.300  82.68    11.7 0 -9999.9 1 -9999.9 1    11.4 0   408.9 0   308.6 0   306.8 0   429.5 0   294.9 0   294.9 0     1.3 2     7.0 0 -9999.9 1   -20.6 0 -9999.9 1 -9999.9 1 -9999.9 1 -9999.9 1   215.2 0 -9999.9 1
 1999 184  7  3 11 21 11.350  82.16    13.7 0 -9999.9 1 -9999.9 1    13.1 0   409.0 0   308.5 0   306.7 0   429.3 0   294.9 0   294.9 0     1.4 2     8.0 0 -9999.9 1   -20.3 0 -9999.9 1 -9999.9 1 -9999.9 1 -9999.9 1   212.8 0 -9999.9 1
 1999 184  7  3 11 24 11.400  81.64    17.0 0 -9999.9 1 -9999.9 1    16.1 0   409.7 0   308.6 0   306.8 0   430.2 0   295.0 0   295.0 0     1.6 0     9.4 0 -9999.9 1   -20.5 0 -9999.9 1 -9999.9 1 -9999.9 1 -9999.9 1   212.4 0 -9999.9 1
 1999 184  7  3 11 27 11.450  81.12    18.2 0 -9999.9 1 -9999.9 1    17.6 0   410.7 0   308.5 0   306.7 0   430.4 0   295.1 0   295.0 0     1.7 0    10.1 0 -9999.9 1   -19.7 0 -9999.9 1 -9999.9 1 -9999.9 1 -9999.9 1   210.9 0 -9999.9 1
 1999 184  7  3 11 33 11.550  80.06    25.2 0 -9999.9 1 -9999.9 1    24.1 0   408.8 0   308.4 0   306.7 0   430.6 0   295.1 0   295.1 0     2.5 2    13.6 0 -9999.9 1   -21.7 0 -9999.9 1 -9999.9 1 -9999.9 1 -9999.9 1   207.3 0 -9999.9 1
 1999 184  7  3 11 36 11.600  79.53    35.0 0 -9999.9 1 -9999.9 1    33.8 0   409.2 0   308.4 0   306.6 0   431.3 0   295.2 0   295.2 0     3.0 0    18.2 0 -9999.9 1   -22.1 0 -9999.9 1 -9999.9 1 -9999.9 1 -9999.9 1   206.4 0 -9999.9 1
 1999 184  7  3 11 39 11.650  79.00    49.3 0 -9999.9 1 -9999.9 1    48.0 0   402.3 0   308.5 0   306.7 0   432.1 0   295.3 0   295.3 0     4.2 0    25.2 0 -9999.9 1   -29.9 0 -9999.9 1 -9999.9 1 -9999.9 1 -9999.9 1   207.6 0 -9999.9 1
 1999 184  7  3 11 42 11.700  78.47    63.2 0 -9999.9 1 -9999.9 1    61.1 0   387.9 0   308.5 0   306.8 0   432.7 0   295.5 0   295.5 0     5.5 0    32.6 0 -9999.9 1   -44.8 0 -9999.9 1 -9999.9 1 -9999.9 1 -9999.9 1   205.8 0 -9999.9 1
 1999 184  7  3 11 48 11.800  77.40    71.3 0 -9999.9 1 -9999.9 1    68.7 0   375.1 0   308.5 0   306.7 0   432.4 0   295.6 0   295.5 0     7.1 0    39.3 0 -9999.9 1   -57.3 0 -9999.9 1 -9999.9 1 -9999.9 1 -9999.9 1   204.2 0 -9999.9 1
 1999 184  7  3 11 51 11.850  76.86    82.2 0 -9999.9 1 -9999.9 1    78.8 0   372.1 0   308.3 0   306.6 0   431.6 0   295.4 0   295.4 0     7.9 0    45.8 0 -9999.9 1   -59.5 0 -9999.9 1 -9999.9 1 -9999.9 1 -9999.9 1   204.4 0 -9999.9 1
 1999 184  7  3 11 54 11.900  76.32    99.5 0 -9999.9 1 -9999.9 1    85.0 0   369.7 0   308.1 0   306.5 0   431.4 0   295.3 0   295.3 0     8.6 0    53.0 0 -9999.9 1   -61.7 0 -9999.9 1 -9999.9 1 -9999.9 1 -9999.9 1   203.5 0 -9999.9 1
 1999 184  7  3 11 57 11.950  75.78   123.0 0 -9999.9 1 -9999.9 1    88.3 0   370.4 0   308.3 0   306.8 0   432.8 0   295.5 0   295.5 0     9.3 0    60.7 0 -9999.9 1   -62.4 0 -9999.9 1 -9999.9 1 -9999.9 1 -9999.9 1   206.4 0 -9999.9 1
 1999 184  7  3 12  3 12.050  74.69   140.1 0 -9999.9 1 -9999.9 1    94.1 0   370.0 0   308.5 0   306.9 0   433.6 0   295.6 0   295.7 0    11.0 0    70.2 0 -9999.9 1   -63.6 0 -9999.9 1 -9999.9 1 -9999.9 1 -9999.9 1   202.9 0 -9999.9 1
 1999 184  7  3 12  6 12.100  74.14   161.7 0 -9999.9 1 -9999.9 1   103.0 0   368.7 0   308.5 0   307.0 0   433.9 0   295.6 0   295.7 0    11.9 0    80.7 0 -9999.9 1   -65.2 0 -9999.9 1 -9999.9 1 -9999.9 1 -9999.9 1   202.2 0 -9999.9 1
 1999 184  7  3 12  9 12.150  73.59   187.5 0 -9999.9 1 -9999.9 1   111.8 0   367.5 0   308.6 0   306.9 0   433.8 0   295.6 0   295.7 0    13.0 2    92.4 0 -9999.9 1   -66.3 0 -9999.9 1 -9999.9 1 -9999.9 1 -9999.9 1   197.5 0 -9999.9 1
 1999 184  7  3 12 12 12.200  73.05   210.6 0 -9999.9 1 -9999.9 1   119.8 0   365.4 0   308.6 0   307.0 0   433.9 0   295.5 0   295.6 0    14.1 2   102.9 0 -9999.9 1   -68.5 0 -9999.9 1 -9999.9 1 -9999.9 1 -9999.9 1   200.4 0 -9999.9 1
 1999 184  7  3 12 18 12.300  71.94   242.7 0 -9999.9 1 -9999.9 1   128.0 0   366.8 0   309.0 0   307.4 0   435.5 0   295.8 0   296.0 0    16.2 2   118.8 0 -9999.9 1   -68.7 0 -9999.9 1 -9999.9 1 -9999.9 1 -9999.9 1   192.0 0 -9999.9 1
 1999 184  7  3 12 21 12.350  71.39   255.6 0 -9999.9 1 -9999.9 1   133.6 0   367.2 0   309.2 0   307.6 0   436.5 0   295.9 0   296.1 0    17.4 2   124.7 0 -9999.9 1   -69.2 0 -9999.9 1 -9999.9 1 -9999.9 1 -9999.9 1   196.1 0 -9999.9 1
 1999 184  7  3 12 24 12.400  70.84   268.5 0 -9999.9 1 -9999.9 1   137.2 0   366.8 0   309.4 0   307.8 0   437.3 0   296.1 0   296.2 0    18.7 2   130.9 0 -9999.9 1   -70.5 0 -9999.9 1 -9999.9 1 -9999.9 1 -9999.9 1   198.0 0 -9999.9 1
 1999 184  7  3 12 27 12.450  70.28   283.0 0 -9999.9 1 -9999.9 1   140.9 0   366.3 0   309.6 0   308.0 0   438.0 0   296.2 0   296.3 0    19.7 2   137.7 0 -9999.9 1   -71.6 0 -9999.9 1 -9999.9 1 -9999.9 1 -9999.9 1   198.3 0 -9999.9 1
 1999 184  7  3 12 33 12.550  69.17   310.8 0 -9999.9 1 -9999.9 1   145.0 0   364.6 0   309.8 0   308.2 0   438.3 0   296.2 0   296.4 0    22.0 2   150.9 0 -9999.9 1   -73.7 0 -9999.9 1 -9999.9 1 -9999.9 1 -9999.9 1   203.7 0 -9999.9 1
 1999 184  7  3 12 36 12.600  68.61   321.9 0 -9999.9 1 -9999.9 1   147.1 0   364.4 0   309.9 0   308.2 0   438.1 0   296.3 0   296.5 0    23.1 2   155.7 0 -9999.9 1   -73.7 0 -9999.9 1 -9999.9 1 -9999.9 1 -9999.9 1   204.4 0 -9999.9 1
 1999 184  7  3 12 39 12.650  68.05   333.8 0 -9999.9 1 -9999.9 1   148.9 0   363.8 0   310.1 0   308.5 0   439.2 0   296.4 0   296.6 0    24.1 2   161.4 0 -9999.9 1   -75.4 0 -9999.9 1 -9999.9 1 -9999.9 1 -9999.9 1   202.7 0 -9999.9 1
 1999 184  7  3 12 42 12.700  67.49   342.1 0 -9999.9 1 -9999.9 1   150.5 0   366.0 0   310.3 0   308.6 0   440.1 0   296.6 0   296.8 0    25.3 2   165.1 0 -9999.9 1   -74.2 0 -9999.9 1 -9999.9 1 -9999.9 1 -9999.9 1   203.4 0 -9999.9 1
 1999 184  7  3 12 48 12.800  66.37   362.9 0 -9999.9 1 -9999.9 1   153.4 0   368.4 0   310.8 0   309.3 0   442.8 0   297.0 0   297.2 0    27.8 0   174.7 0 -9999.9 1   -74.5 0 -9999.9 1 -9999.9 1 -9999.9 1 -9999.9 1   207.2 0 -9999.9 1
 1999 184  7  3 12 51 12.850  65.80   371.2 0 -9999.9 1 -9999.9 1   154.3 0   369.2 0   311.0 0   309.3 0   442.3 0   297.1 0   297.2 0    29.2 0   178.9 0 -9999.9 1   -73.1 0 -9999.9 1 -9999.9 1 -9999.9 1 -9999.9 1   207.2 0 -9999.9 1
 1999 184  7  3 12 54 12.900  65.24   375.3 0 -9999.9 1 -9999.9 1   156.5 0   369.1 0   311.1 0   309.4 0   442.8 0   297.1 0   297.3 0    30.5 0   180.6 0 -9999.9 1   -73.7 0 -9999.9 1 -9999.9 1 -9999.9 1 -9999.9 1   206.9 0 -9999.9 1
 1999 184  7  3 12 57 12.950  64.68   364.5 0 -9999.9 1 -9999.9 1   148.5 0   368.0 0   311.1 0   309.4 0   442.5 0   297.1 0   297.2 0    31.2 2   175.8 0 -9999.9 1   -74.5 0 -9999.9 1 -9999.9 1 -9999.9 1 -9999.9 1   211.0 0 -9999.9 1
 1999 184  7  3 13  3 13.050  63.54   313.0 0 -9999.9 1 -9999.9 1   139.5 0   369.6 0   311.3 0   309.2 0   440.2 0   297.2 0   297.3 0    32.7 2   152.8 0 -9999.9 1   -70.6 0 -9999.9 1 -9999.9 1 -9999.9 1 -9999.9 1   212.9 0 -9999.9 1
 1999 184  7  3 13  6 13.100  62.98   306.5 0 -9999.9 1 -9999.9 1   137.1 0   369.7 0   311.2 0   309.2 0   440.2 0   297.1 0   297.2 0    33.7 2   149.8 0 -9999.9 1   -70.5 0 -9999.9 1 -9999.9 1 -9999.9 1 -9999.9 1   217.9 0 -9999.9 1
 1999 184  7  3 13  9 13.150  62.41   294.1 0 -9999.9 1 -9999.9 1   135.0 0   369.2 0   311.2 0   309.3 0   440.4 0   297.1 0   297.3 0    35.3 2   144.5 0 -9999.9 1   -71.2 0 -9999.9 1 -9999.9 1 -9999.9 1 -9999.9 1   217.7 0 -9999.9 1
 1999 184  7  3 13 12 13.200  61.84   341.8 0 -9999.9 1 -9999.9 1   141.7 0   368.7 0   311.2 0   309.3 0   441.8 0   297.2 0   297.3 0    37.8 2   165.7 0 -9999.9 1   -73.2 0 -9999.9 1 -9999.9 1 -9999.9 1 -9999.9 1   215.2 0 -9999.9 1
 1999 184  7  3 13 18 13.300  60.70   364.4 0 -9999.9 1 -9999.9 1   150.3 0   369.0 0   311.4 0   309.7 0   445.1 0   297.5 0   297.6 0    41.4 0   176.0 0 -9999.9 1   -76.1 0 -9999.9 1 -9999.9 1 -9999.9 1 -9999.9 1   218.1 0 -9999.9 1
 1999 184  7  3 13 21 13.350  60.13   351.8 0 -9999.9 1 -9999.9 1   165.6 0   369.2 0   311.5 0   309.8 0   445.3 0   297.5 0   297.7 0    42.7 0   170.2 0 -9999.9 1   -76.1 0 -9999.9 1 -9999.9 1 -9999.9 1 -9999.9 1   222.5 0 -9999.9 1
 1999 184  7  3 13 24 13.400  59.56   432.3 0 -9999.9 1 -9999.9 1   184.9 0   372.7 0   311.6 0   309.9 0   447.6 0   297.7 0   297.9 0    46.5 0   203.9 0 -9999.9 1   -74.9 0 -9999.9 1 -9999.9 1 -9999.9 1 -9999.9 1   220.8 0 -9999.9 1
 1999 184  7  3 13 27 13.450  58.99   392.0 0 -9999.9 1 -9999.9 1   167.1 0   370.2 0   311.6 0   309.8 0   446.8 0   297.8 0   297.9 0    48.1 0   192.0 0 -9999.9 1   -76.6 0 -9999.9 1 -9999.9 1 -9999.9 1 -9999.9 1   219.0 0 -9999.9 1
 1999 184  7  3 13 33 13.550  57.85   496.2 0 -9999.9 1 -9999.9 1   195.7 0   370.9 0   311.7 0   310.1 0   450.5 0   297.9 0   298.1 0    54.7 0   233.0 0 -9999.9 1   -79.6 0 -9999.9 1 -9999.9 1 -9999.9 1 -9999.9 1   228.7 0 -9999.9 1
 1999 184  7  3 13 36 13.600  57.28   485.2 0 -9999.9 1 -9999.9 1   199.1 0   371.5 0   311.9 0   310.4 0   451.8 0   298.1 0   298.3 0    56.1 0   231.2 0 -9999.9 1   -80.3 0 -9999.9 1 -9999.9 1 -9999.9 1 -9999.9 1   222.3 0 -9999.9 1
 1999 184  7  3 13 39 13.650  56.70   488.2 0 -9999.9 1 -9999.9 1   184.4 0   369.3 0   312.1 0   310.5 0   452.1 0   298.3 0   298.5 0    58.4 0   229.5 0 -9999.9 1   -82.8 0 -9999.9 1 -9999.9 1 -9999.9 1 -9999.9 1   226.3 0 -9999.9 1
 1999 184  7  3 13 42 13.700  56.13   520.1 0 -9999.9 1 -9999.9 1   193.6 0   373.2 0   312.2 0   310.5 0   452.8 0   298.4 0   298.6 0    61.2 0   246.3 0 -9999.9 1   -79.6 0 -9999.9 1 -9999.9 1 -9999.9 1 -9999.9 1   224.7 0 -9999.9 1
 1999 184  7  3 13 48 13.800  54.99   452.2 0 -9999.9 1 -9999.9 1   202.8 0   373.4 0   312.2 0   310.2 0   449.8 0   298.4 0   298.6 0    62.0 0   216.5 0 -9999.9 1   -76.5 0 -9999.9 1 -9999.9 1 -9999.9 1 -9999.9 1   223.1 0 -9999.9 1
 1999 184  7  3 13 51 13.850  54.41   552.9 0 -9999.9 1 -9999.9 1   227.1 0   375.1 0   312.3 0   310.4 0   453.0 0   298.5 0   298.7 0    67.8 0   258.7 0 -9999.9 1   -77.9 0 -9999.9 1 -9999.9 1 -9999.9 1 -9999.9 1   228.0 0 -9999.9 1
 1999 184  7  3 13 54 13.900  53.84   553.1 0 -9999.9 1 -9999.9 1   192.8 0   370.8 0   312.3 0   310.6 0   453.5 0   298.6 0   298.8 0    70.8 0   260.2 0 -9999.9 1   -82.6 0 -9999.9 1 -9999.9 1 -9999.9 1 -9999.9 1   225.4 0 -9999.9 1
 1999 184  7  3 13 57 13.950  53.27   579.9 0 -9999.9 1 -9999.9 1   191.2 0   370.7 0   312.4 0   310.9 0   455.5 0   298.7 0   298.9 0    74.6 0   271.2 0 -9999.9 1   -84.7 0 -9999.9 1 -9999.9 1 -9999.9 1 -9999.9 1   224.7 0 -9999.9 1
 1999 184  7  3 14  3 14.050  52.12   605.2 0 -9999.9 1 -9999.9 1   175.4 0   368.9 0   312.4 0   310.7 0   455.0 0   298.7 0   298.9 0    80.7 0   283.9 0 -9999.9 1   -86.1 0 -9999.9 1 -9999.9 1 -9999.9 1 -9999.9 1   226.0 0 -9999.9 1
 1999 184  7  3 14  6 14.100  51.55   618.3 0 -9999.9 1 -9999.9 1   174.5 0   371.3 0   312.6 0   311.0 0   456.5 0   298.9 0   299.1 0    85.0 0   290.1 0 -9999.9 1   -85.2 0 -9999.9 1 -9999.9 1 -9999.9 1 -9999.9 1   232.4 0 -9999.9 1
 1999 184  7  3 14  9 14.150  50.97   625.1 0 -9999.9 1 -9999.9 1   184.4 0   372.7 0   312.7 0   311.2 0   458.6 0   299.0 0   299.3 0    87.2 0   292.3 0 -9999.9 1   -85.9 0 -9999.9 1 -9999.9 1 -9999.9 1 -9999.9 1   226.8 0 -9999.9 1
 1999 184  7  3 14 12 14.200  50.40   618.9 0 -9999.9 1 -9999.9 1   172.0 0   372.6 0   312.8 0   311.1 0   457.5 0   299.2 0   299.4 0    88.6 0   290.2 0 -9999.9 1   -84.9 0 -9999.9 1 -9999.9 1 -9999.9 1 -9999.9 1   221.5 0 -9999.9 1
 1999 184  7  3 14 18 14.300  49.25   642.1 0 -9999.9 1 -9999.9 1   178.5 0   371.0 0   312.5 0   310.8 0   456.1 0   298.9 0   299.1 0    93.2 0   301.7 0 -9999.9 1   -85.2 0 -9999.9 1 -9999.9 1 -9999.9 1 -9999.9 1   222.9 0 -9999.9 1
 1999 184  7  3 14 21 14.350  48.68   656.3 0 -9999.9 1 -9999.9 1   180.2 0   369.3 0   312.5 0   310.9 0   457.6 0   298.9 0   299.1 0    96.0 0   306.9 0 -9999.9 1   -88.3 0 -9999.9 1 -9999.9 1 -9999.9 1 -9999.9 1   222.3 0 -9999.9 1
 1999 184  7  3 14 24 14.400  48.11   660.7 0 -9999.9 1 -9999.9 1   188.0 0   371.2 0   312.5 0   310.9 0   457.9 0   299.0 0   299.2 0    97.9 0   308.5 0 -9999.9 1   -86.7 0 -9999.9 1 -9999.9 1 -9999.9 1 -9999.9 1   226.0 0 -9999.9 1
 1999 184  7  3 14 27 14.450  47.54   617.3 0 -9999.9 1 -9999.9 1   195.2 0   373.7 0   312.5 0   310.8 0   457.8 0   299.1 0   299.3 0    97.2 0   290.2 0 -9999.9 1   -84.1 0 -9999.9 1 -9999.9 1 -9999.9 1 -9999.9 1   229.8 0 -9999.9 1
 1999 184  7  3 14 33 14.550  46.39   710.2 0 -9999.9 1 -9999.9 1   222.5 0   374.0 0   312.4 0   310.8 0   459.5 0   299.1 0   299.3 0   108.8 0   329.5 0 -9999.9 1   -85.5 0 -9999.9 1 -9999.9 1 -9999.9 1 -9999.9 1   235.5 0 -9999.9 1
 1999 184  7  3 14 36 14.600  45.82   707.0 0 -9999.9 1 -9999.9 1   239.9 0   374.9 0   312.4 0   311.1 0   462.0 0   299.2 0   299.4 0   110.5 2   327.2 0 -9999.9 1   -87.0 0 -9999.9 1 -9999.9 1 -9999.9 1 -9999.9 1   232.2 0 -9999.9 1
 1999 184  7  3 14 39 14.650  45.25   763.5 0 -9999.9 1 -9999.9 1   283.0 0   378.2 0   312.5 0   311.3 0   462.7 0   299.2 0   299.5 0   116.4 2   351.7 0 -9999.9 1   -84.5 0 -9999.9 1 -9999.9 1 -9999.9 1 -9999.9 1   239.2 0 -9999.9 1
 1999 184  7  3 14 42 14.700  44.68   783.8 0 -9999.9 1 -9999.9 1   288.6 0   378.1 0   312.6 0   311.2 0   461.9 0   299.3 0   299.6 0   119.4 2   359.2 0 -9999.9 1   -83.8 0 -9999.9 1 -9999.9 1 -9999.9 1 -9999.9 1   236.8 0 -9999.9 1
 1999 184  7  3 14 48 14.800  43.55   669.4 0 -9999.9 1 -9999.9 1   279.7 0   381.0 0   312.8 0   311.4 0   461.3 0   299.4 0   299.7 0   113.0 2   306.3 0 -9999.9 1   -80.2 0 -9999.9 1 -9999.9 1 -9999.9 1 -9999.9 1   233.7 0 -9999.9 1
 1999 184  7  3 14 51 14.850  42.98   737.9 0 -9999.9 1 -9999.9 1   336.2 0   383.2 0   312.9 0   311.3 0   461.2 0   299.5 0   299.7 0   121.0 2   341.2 0 -9999.9 1   -77.9 0 -9999.9 1 -9999.9 1 -9999.9 1 -9999.9 1   231.7 0 -9999.9 1
 1999 184  7  3 14 54 14.900  42.41   627.4 0 -9999.9 1 -9999.9 1   349.4 0   386.2 0   313.0 0   311.4 0   459.8 0   299.6 0   299.8 0   112.9 2   286.7 0 -9999.9 1   -73.6 0 -9999.9 1 -9999.9 1 -9999.9 1 -9999.9 1   230.4 0 -9999.9 1
 1999 184  7  3 14 57 14.950  41.85   754.2 0 -9999.9 1 -9999.9 1   354.7 0   385.9 0   313.0 0   311.3 0   459.1 0   299.5 0   299.7 0   126.6 2   346.6 0 -9999.9 1   -73.2 0 -9999.9 1 -9999.9 1 -9999.9 1 -9999.9 1   228.7 0 -9999.9 1
 1999 184  7  3 15  3 15.050  40.72   777.2 0 -9999.9 1 -9999.9 1   348.7 0   378.5 0   313.1 0   311.6 0   462.6 0   299.5 0   299.8 0   136.9 2   356.5 0 -9999.9 1   -84.1 0 -9999.9 1 -9999.9 1 -9999.9 1 -9999.9 1   233.6 0 -9999.9 1
 1999 184  7  3 15  6 15.100  40.16   781.9 0 -9999.9 1 -9999.9 1   374.7 0   384.9 0   313.0 0   311.5 0   461.9 0   299.5 0   299.7 0   133.3 2   355.1 0 -9999.9 1   -77.0 0 -9999.9 1 -9999.9 1 -9999.9 1 -9999.9 1   235.5 0 -9999.9 1
 1999 184  7  3 15  9 15.150  39.60   577.8 0 -9999.9 1 -9999.9 1   376.3 0   381.5 0   313.0 0   311.2 0   458.4 0   299.4 0   299.6 0   117.8 2   268.2 0 -9999.9 1   -77.0 0 -9999.9 1 -9999.9 1 -9999.9 1 -9999.9 1   239.2 0 -9999.9 1
 1999 184  7  3 15 12 15.200  39.04   704.8 0 -9999.9 1 -9999.9 1   369.6 0   380.5 0   313.0 0   311.4 0   460.5 0   299.5 0   299.7 0   132.2 2   323.5 0 -9999.9 1   -80.0 0 -9999.9 1 -9999.9 1 -9999.9 1 -9999.9 1   239.0 0 -9999.9 1
 1999 184  7  3 15 18 15.300  37.92   608.5 0 -9999.9 1 -9999.9 1   372.4 0   379.9 0   312.8 0   311.1 0   457.2 0   299.5 0   299.6 0   121.4 2   280.5 0 -9999.9 1   -77.3 0 -9999.9 1 -9999.9 1 -9999.9 1 -9999.9 1   230.1 0 -9999.9 1
 1999 184  7  3 15 21 15.350  37.37   679.5 0 -9999.9 1 -9999.9 1   403.2 0   382.1 0   312.9 0   311.6 0   461.6 0   299.6 0   299.8 0   129.9 2   311.5 0 -9999.9 1   -79.6 0 -9999.9 1 -9999.9 1 -9999.9 1 -9999.9 1   234.6 0 -9999.9 1
 1999 184  7  3 15 24 15.400  36.82   666.4 0 -9999.9 1 -9999.9 1   399.2 0   379.3 0   313.1 0   311.7 0   463.4 0   299.8 0   300.0 0   134.6 0   305.4 0 -9999.9 1   -84.1 0 -9999.9 1 -9999.9 1 -9999.9 1 -9999.9 1   235.0 0 -9999.9 1
 1999 184  7  3 15 27 15.450  36.26   752.1 0 -9999.9 1 -9999.9 1   404.1 0   379.2 0   313.2 0   311.8 0   464.0 0   300.0 0   300.2 0   146.9 0   345.4 0 -9999.9 1   -84.7 0 -9999.9 1 -9999.9 1 -9999.9 1 -9999.9 1   235.3 0 -9999.9 1
 1999 184  7  3 15 33 15.550  35.17   565.6 0 -9999.9 1 -9999.9 1   417.3 0   387.3 0   313.5 0   312.1 0   464.3 0   300.3 0   300.5 0   126.3 0   260.6 0 -9999.9 1   -77.0 0 -9999.9 1 -9999.9 1 -9999.9 1 -9999.9 1   229.8 0 -9999.9 1
 1999 184  7  3 15 36 15.600  34.62   793.4 0 -9999.9 1 -9999.9 1   402.6 0   383.6 0   313.5 0   312.2 0   467.2 0   300.3 0   300.5 0   155.8 0   361.9 0 -9999.9 1   -83.6 0 -9999.9 1 -9999.9 1 -9999.9 1 -9999.9 1   238.5 0 -9999.9 1
 1999 184  7  3 15 39 15.650  34.08   801.5 0 -9999.9 1 -9999.9 1   396.1 0   380.3 0   313.5 0   312.3 0   468.5 0   300.3 0   300.6 0   160.7 0   365.4 0 -9999.9 1   -88.2 0 -9999.9 1 -9999.9 1 -9999.9 1 -9999.9 1   238.2 0 -9999.9 1
 1999 184  7  3 15 42 15.700  33.54   757.2 0 -9999.9 1 -9999.9 1   394.6 0   377.9 0   313.7 0   312.5 0   467.8 0   300.4 0   300.6 0   157.3 0   348.1 0 -9999.9 1   -89.9 0 -9999.9 1 -9999.9 1 -9999.9 1 -9999.9 1   224.3 0 -9999.9 1
 1999 184  7  3 15 48 15.800  32.47   780.3 0 -9999.9 1 -9999.9 1   409.0 0   384.3 0   313.9 0   312.5 0   468.5 0   300.5 0   300.8 0   160.1 0   352.5 0 -9999.9 1   -84.2 0 -9999.9 1 -9999.9 1 -9999.9 1 -9999.9 1   231.8 0 -9999.9 1
 1999 184  7  3 15 51 15.850  31.94   535.1 0 -9999.9 1 -9999.9 1   380.7 0   387.7 0   313.8 0   312.0 0   459.8 0   300.4 0   300.5 0   128.8 0   245.2 0 -9999.9 1   -72.2 0 -9999.9 1 -9999.9 1 -9999.9 1 -9999.9 1   233.6 0 -9999.9 1
 1999 184  7  3 15 54 15.900  31.41   803.5 0 -9999.9 1 -9999.9 1   391.4 0   380.3 0   313.7 0   312.3 0   465.7 0   300.2 0   300.5 0   167.6 2   368.8 0 -9999.9 1   -85.4 0 -9999.9 1 -9999.9 1 -9999.9 1 -9999.9 1   240.4 0 -9999.9 1
 1999 184  7  3 15 57 15.950  30.89   827.8 0 -9999.9 1 -9999.9 1   370.8 0   378.9 0   313.9 0   312.7 0   470.5 0   300.5 0   300.8 0   175.2 0   377.5 0 -9999.9 1   -91.5 0 -9999.9 1 -9999.9 1 -9999.9 1 -9999.9 1   240.7 0 -9999.9 1
 1999 184  7  3 16  3 16.050  29.85   844.1 0 -9999.9 1 -9999.9 1   363.2 0   382.2 0   314.3 0   313.0 0   470.8 0   300.9 0   301.2 0   179.4 0   384.6 0 -9999.9 1   -88.6 0 -9999.9 1 -9999.9 1 -9999.9 1 -9999.9 1   236.6 0 -9999.9 1
 1999 184  7  3 16  6 16.100  29.34   837.8 0 -9999.9 1 -9999.9 1   363.7 0   381.6 0   314.5 0   313.3 0   471.9 0   301.1 0   301.3 0   180.6 0   380.9 0 -9999.9 1   -90.4 0 -9999.9 1 -9999.9 1 -9999.9 1 -9999.9 1   234.0 0 -9999.9 1
 1999 184  7  3 16  9 16.150  28.83   883.6 0 -9999.9 1 -9999.9 1   360.7 0   385.9 0   314.6 0   313.1 0   471.0 0   301.1 0   301.4 0   189.1 0   402.3 0 -9999.9 1   -85.1 0 -9999.9 1 -9999.9 1 -9999.9 1 -9999.9 1   241.3 0 -9999.9 1
 1999 184  7  3 16 12 16.200  28.32   922.8 0 -9999.9 1 -9999.9 1   364.9 0   388.3 0   314.6 0   313.3 0   472.4 0   301.2 0   301.5 0   196.0 0   418.7 0 -9999.9 1   -84.1 0 -9999.9 1 -9999.9 1 -9999.9 1 -9999.9 1   236.9 0 -9999.9 1
 1999 184  7  3 16 18 16.300  27.33   956.1 0 -9999.9 1 -9999.9 1   350.5 0   388.4 0   314.9 0   313.8 0   475.9 0   301.3 0   301.6 0   205.5 0   433.3 0 -9999.9 1   -87.5 0 -9999.9 1 -9999.9 1 -9999.9 1 -9999.9 1   228.6 0 -9999.9 1
 1999 184  7  3 16 21 16.350  26.84   967.6 0 -9999.9 1 -9999.9 1   359.9 0   390.9 0   315.1 0   314.0 0   477.0 0   301.5 0   301.8 0   212.5 0   438.2 0 -9999.9 1   -86.1 0 -9999.9 1 -9999.9 1 -9999.9 1 -9999.9 1   234.5 0 -9999.9 1
 1999 184  7  3 16 24 16.400  26.36   961.1 0 -9999.9 1 -9999.9 1   343.1 0   388.8 0   315.3 0   314.1 0   477.8 0   301.6 0   301.9 0   213.9 0   435.9 0 -9999.9 1   -89.0 0 -9999.9 1 -9999.9 1 -9999.9 1 -9999.9 1   231.0 0 -9999.9 1
 1999 184  7  3 16 27 16.450  25.88   967.0 0 -9999.9 1 -9999.9 1   341.6 0   389.8 0   315.4 0   314.1 0   477.2 0   301.7 0   302.0 0   215.6 0   438.3 0 -9999.9 1   -87.4 0 -9999.9 1 -9999.9 1 -9999.9 1 -9999.9 1   231.0 0 -9999.9 1
 1999 184  7  3 16 33 16.550  24.95   990.5 0 -9999.9 1 -9999.9 1   341.5 0   390.7 0   315.6 0   314.4 0   478.5 0   301.7 0   302.0 0   219.8 0   447.8 0 -9999.9 1   -87.8 0 -9999.9 1 -9999.9 1 -9999.9 1 -9999.9 1   234.4 0 -9999.9 1
 1999 184  7  3 16 36 16.600  24.49   906.8 0 -9999.9 1 -9999.9 1   379.9 0   394.2 0   315.6 0   314.3 0   476.0 0   301.7 0   302.0 0   209.9 0   412.4 0 -9999.9 1   -81.8 0 -9999.9 1 -9999.9 1 -9999.9 1 -9999.9 1   232.8 0 -9999.9 1
 1999 184  7  3 16 39 16.650  24.05   623.5 0 -9999.9 1 -9999.9 1   340.0 0   390.2 0   315.7 0   314.3 0   470.6 0   301.7 0   301.9 0   172.0 0   287.5 0 -9999.9 1   -80.4 0 -9999.9 1 -9999.9 1 -9999.9 1 -9999.9 1   231.9 0 -9999.9 1
 1999 184  7  3 16 42 16.700  23.61   956.0 0 -9999.9 1 -9999.9 1   396.0 0   394.4 0   315.6 0   314.3 0   475.6 0   301.6 0   301.8 0   218.2 0   431.2 0 -9999.9 1   -81.2 0 -9999.9 1 -9999.9 1 -9999.9 1 -9999.9 1   231.6 0 -9999.9 1
 1999 184  7  3 16 48 16.800  22.75   985.7 0 -9999.9 1 -9999.9 1   304.3 0   384.7 0   315.6 0   314.6 0   479.0 0   301.5 0   301.8 0   235.6 2   448.8 0 -9999.9 1   -94.2 0 -9999.9 1 -9999.9 1 -9999.9 1 -9999.9 1   237.9 0 -9999.9 1
 1999 184  7  3 16 51 16.850  22.34   960.5 0 -9999.9 1 -9999.9 1   337.5 0   386.0 0   315.7 0   314.8 0   479.9 0   301.6 0   301.9 0   233.1 2   437.4 0 -9999.9 1   -93.9 0 -9999.9 1 -9999.9 1 -9999.9 1 -9999.9 1   237.3 0 -9999.9 1
 1999 184  7  3 16 54 16.900  21.94   831.8 0 -9999.9 1 -9999.9 1   361.5 0   393.8 0   315.8 0   314.7 0   476.7 0   301.7 0   302.0 0   210.7 2   376.9 0 -9999.9 1   -82.9 0 -9999.9 1 -9999.9 1 -9999.9 1 -9999.9 1   235.0 0 -9999.9 1
 1999 184  7  3 16 57 16.950  21.55  1108.9 0 -9999.9 1 -9999.9 1   310.1 0   388.7 0   315.9 0   314.7 0   479.6 0   301.7 0   302.1 0   263.0 2   499.9 0 -9999.9 1   -90.9 0 -9999.9 1 -9999.9 1 -9999.9 1 -9999.9 1   246.9 0 -9999.9 1
 1999 184  7  3 17  3 17.050  20.80  1089.0 0 -9999.9 1 -9999.9 1   296.7 0   390.3 0   316.0 0   315.0 0   481.9 0   301.9 0   302.3 0   263.0 2   491.2 0 -9999.9 1   -91.6 0 -9999.9 1 -9999.9 1 -9999.9 1 -9999.9 1   249.8 0 -9999.9 1
 1999 184  7  3 17  6 17.100  20.45  1032.4 0 -9999.9 1 -9999.9 1   347.3 0   394.0 0   316.2 0   315.2 0   480.2 0   302.1 0   302.4 0   252.0 2   464.2 0 -9999.9 1   -86.2 0 -9999.9 1 -9999.9 1 -9999.9 1 -9999.9 1   253.5 0 -9999.9 1
 1999 184  7  3 17  9 17.150  20.11  1121.1 0 -9999.9 1 -9999.9 1   434.7 0   402.6 0   316.3 0   315.1 0   481.3 0   302.1 0   302.5 0   259.8 2   498.3 0 -9999.9 1   -78.7 0 -9999.9 1 -9999.9 1 -9999.9 1 -9999.9 1   252.7 0 -9999.9 1
 1999 184  7  3 17 12 17.200  19.78  1136.2 0 -9999.9 1 -9999.9 1   411.5 0   402.6 0   316.3 0   315.2 0   483.1 0   302.1 0   302.5 0   261.4 2   510.8 0 -9999.9 1   -80.5 0 -9999.9 1 -9999.9 1 -9999.9 1 -9999.9 1   239.0 0 -9999.9 1
 1999 184  7  3 17 18 17.300  19.18  1192.3 0 -9999.9 1 -9999.9 1   379.8 0   400.3 0   316.6 0   315.7 0   485.1 0   302.3 0   302.7 0   273.9 2   531.9 0 -9999.9 1   -84.8 0 -9999.9 1 -9999.9 1 -9999.9 1 -9999.9 1   233.1 0 -9999.9 1
 1999 184  7  3 17 21 17.350  18.90  1113.5 0 -9999.9 1 -9999.9 1   329.3 0   393.9 0   316.7 0   315.8 0   484.7 0   302.4 0   302.7 0   266.9 2   500.0 0 -9999.9 1   -90.9 0 -9999.9 1 -9999.9 1 -9999.9 1 -9999.9 1   249.7 0 -9999.9 1
 1999 184  7  3 17 24 17.400  18.64   840.6 0 -9999.9 1 -9999.9 1   392.7 0   397.2 0   316.8 0   315.5 0   478.0 0   302.4 0   302.6 0   210.9 2   378.0 0 -9999.9 1   -80.8 0 -9999.9 1 -9999.9 1 -9999.9 1 -9999.9 1   244.6 0 -9999.9 1
 1999 184  7  3 17 27 17.450  18.39   932.8 0 -9999.9 1 -9999.9 1   387.2 0   399.6 0   316.8 0   315.8 0   481.0 0   302.3 0   302.6 0   225.7 2   416.8 0 -9999.9 1   -81.4 0 -9999.9 1 -9999.9 1 -9999.9 1 -9999.9 1   231.6 0 -9999.9 1
 1999 184  7  3 17 33 17.550  17.96   953.2 0 -9999.9 1 -9999.9 1   323.2 0   391.5 0   317.0 0   315.6 0   476.8 0   302.3 0   302.5 0   242.2 2   436.0 0 -9999.9 1   -85.2 0 -9999.9 1 -9999.9 1 -9999.9 1 -9999.9 1   244.7 0 -9999.9 1
 1999 184  7  3 17 36 17.600  17.78  1073.5 0 -9999.9 1 -9999.9 1   322.3 0   392.7 0   317.1 0   315.8 0   484.1 0   302.4 0   302.8 0   263.8 2   484.4 0 -9999.9 1   -91.4 0 -9999.9 1 -9999.9 1 -9999.9 1 -9999.9 1   239.9 0 -9999.9 1
 1999 184  7  3 17 39 17.650  17.61   788.2 0 -9999.9 1 -9999.9 1   359.2 0   398.6 0   317.2 0   315.8 0   478.1 0   302.5 0   302.8 0   208.8 0   350.9 0 -9999.9 1   -79.4 0 -9999.9 1 -9999.9 1 -9999.9 1 -9999.9 1   223.6 0 -9999.9 1
 1999 184  7  3 17 42 17.700  17.47   567.4 0 -9999.9 1 -9999.9 1   362.7 0   403.6 0   317.1 0   315.4 0   470.3 0   302.4 0   302.5 0   168.9 2   257.2 0 -9999.9 1   -66.7 0 -9999.9 1 -9999.9 1 -9999.9 1 -9999.9 1   228.9 0 -9999.9 1
 1999 184  7  3 17 48 17.800  17.25   968.2 0 -9999.9 1 -9999.9 1   333.9 0   395.0 0   317.0 0   316.0 0   483.8 0   302.3 0   302.7 0   246.0 2   440.2 0 -9999.9 1   -88.8 0 -9999.9 1 -9999.9 1 -9999.9 1 -9999.9 1   234.8 0 -9999.9 1
 1999 184  7  3 17 51 17.850  17.18   805.2 0 -9999.9 1 -9999.9 1   421.3 0   401.5 0   317.2 0   316.1 0   480.4 0   302.5 0   302.8 0   206.9 2   358.2 0 -9999.9 1   -78.9 0 -9999.9 1 -9999.9 1 -9999.9 1 -9999.9 1   222.7 0 -9999.9 1
 1999 184  7  3 17 54 17.900  17.13   439.5 0 -9999.9 1 -9999.9 1   353.6 0   409.3 0   317.2 0   315.2 0   465.7 0   302.5 0   302.5 0   137.5 0   201.5 0 -9999.9 1   -56.4 0 -9999.9 1 -9999.9 1 -9999.9 1 -9999.9 1   214.5 0 -9999.9 1
 1999 184  7  3 17 57 17.950  17.10  1124.5 0 -9999.9 1 -9999.9 1   400.6 0   404.7 0   317.3 0   316.2 0   485.9 0   302.5 0   302.9 0   259.1 0   502.0 0 -9999.9 1   -81.1 0 -9999.9 1 -9999.9 1 -9999.9 1 -9999.9 1   225.1 0 -9999.9 1
 1999 184  7  3 18  3 18.050  17.11  1005.1 0 -9999.9 1 -9999.9 1   389.1 0   399.9 0   317.5 0   316.8 0   487.6 0   302.8 0   303.1 0   238.8 0   443.8 0 -9999.9 1   -87.8 0 -9999.9 1 -9999.9 1 -9999.9 1 -9999.9 1   218.7 0 -9999.9 1
 1999 184  7  3 18  6 18.100  17.15   633.5 0 -9999.9 1 -9999.9 1   395.8 0   401.0 0   317.4 0   315.9 0   474.3 0   302.7 0   302.8 0   183.8 0   293.1 0 -9999.9 1   -73.3 0 -9999.9 1 -9999.9 1 -9999.9 1 -9999.9 1   222.6 0 -9999.9 1
 1999 184  7  3 18  9 18.150  17.22   808.3 0 -9999.9 1 -9999.9 1   419.3 0   402.2 0   317.5 0   316.1 0   477.7 0   302.7 0   303.0 0   211.7 0   368.8 0 -9999.9 1   -75.5 0 -9999.9 1 -9999.9 1 -9999.9 1 -9999.9 1   220.1 0 -9999.9 1
 1999 184  7  3 18 12 18.200  17.31   989.9 0 -9999.9 1 -9999.9 1   385.3 0   398.3 0   317.6 0   316.7 0   488.0 0   302.9 0   303.2 0   241.0 0   441.8 0 -9999.9 1   -89.7 0 -9999.9 1 -9999.9 1 -9999.9 1 -9999.9 1   222.7 0 -9999.9 1
 1999 184  7  3 18 18 18.300  17.55  1084.9 0 -9999.9 1 -9999.9 1   324.1 0   396.2 0   317.9 0   316.9 0   486.4 0   303.2 0   303.5 0   262.8 0   487.6 0 -9999.9 1   -90.1 0 -9999.9 1 -9999.9 1 -9999.9 1 -9999.9 1   217.3 0 -9999.9 1
 1999 184  7  3 18 21 18.350  17.71   832.3 0 -9999.9 1 -9999.9 1   401.1 0   408.4 0   318.0 0   316.7 0   483.5 0   303.3 0   303.6 0   207.9 0   374.0 0 -9999.9 1   -75.0 0 -9999.9 1 -9999.9 1 -9999.9 1 -9999.9 1   221.2 0 -9999.9 1
 1999 184  7  3 18 24 18.400  17.88   469.7 0 -9999.9 1 -9999.9 1   385.2 0   418.9 0   318.0 0   316.1 0   473.4 0   303.3 0   303.4 0   136.7 0   208.3 0 -9999.9 1   -54.5 0 -9999.9 1 -9999.9 1 -9999.9 1 -9999.9 1   219.2 0 -9999.9 1
 1999 184  7  3 18 27 18.450  18.08   644.2 0 -9999.9 1 -9999.9 1   426.3 0   416.7 0   317.6 0   315.9 0   473.4 0   302.9 0   303.0 0   160.3 0   286.4 0 -9999.9 1   -56.7 0 -9999.9 1 -9999.9 1 -9999.9 1 -9999.9 1   222.2 0 -9999.9 1
 1999 184  7  3 18 33 18.550  18.53   893.0 0 -9999.9 1 -9999.9 1   378.2 0   399.1 0   317.8 0   316.9 0   485.1 0   302.9 0   303.3 0   219.7 0   400.3 0 -9999.9 1   -86.0 0 -9999.9 1 -9999.9 1 -9999.9 1 -9999.9 1   211.0 0 -9999.9 1
 1999 184  7  3 18 36 18.600  18.78   765.1 0 -9999.9 1 -9999.9 1   374.8 0   401.4 0   318.0 0   316.8 0   479.9 0   303.1 0   303.3 0   199.0 0   343.3 0 -9999.9 1   -78.5 0 -9999.9 1 -9999.9 1 -9999.9 1 -9999.9 1   206.4 0 -9999.9 1
 1999 184  7  3 18 39 18.650  19.06   491.4 0 -9999.9 1 -9999.9 1   353.5 0   421.5 0   317.9 0   316.1 0   470.5 0   303.1 0   303.1 0   131.5 0   221.0 0 -9999.9 1   -49.0 0 -9999.9 1 -9999.9 1 -9999.9 1 -9999.9 1   215.5 0 -9999.9 1
 1999 184  7  3 18 42 18.700  19.34  1049.8 0 -9999.9 1 -9999.9 1   489.7 0   414.4 0   317.8 0   316.6 0   483.3 0   302.9 0   303.2 0   229.0 0   466.8 0 -9999.9 1   -68.9 0 -9999.9 1 -9999.9 1 -9999.9 1 -9999.9 1   228.7 0 -9999.9 1
 1999 184  7  3 18 48 18.800  19.97   600.6 0 -9999.9 1 -9999.9 1   416.8 0   412.3 0   317.8 0   316.0 0   470.3 0   303.0 0   303.1 0   164.5 0   274.6 0 -9999.9 1   -57.9 0 -9999.9 1 -9999.9 1 -9999.9 1 -9999.9 1   210.1 0 -9999.9 1
 1999 184  7  3 18 51 18.850  20.30  1066.0 0 -9999.9 1 -9999.9 1   416.7 0   399.5 0   317.7 0   316.8 0   484.2 0   302.8 0   303.2 0   239.3 2   475.4 0 -9999.9 1   -84.7 0 -9999.9 1 -9999.9 1 -9999.9 1 -9999.9 1   208.5 0 -9999.9 1
 1999 184  7  3 18 54 18.900  20.65   660.2 0 -9999.9 1 -9999.9 1   355.0 0   400.6 0   317.9 0   316.5 0   477.1 0   303.0 0   303.2 0   173.8 2   295.2 0 -9999.9 1   -76.5 0 -9999.9 1 -9999.9 1 -9999.9 1 -9999.9 1   225.6 0 -9999.9 1
 1999 184  7  3 18 57 18.950  21.01   739.7 0 -9999.9 1 -9999.9 1   380.0 0   403.2 0   317.8 0   316.1 0   473.9 0   302.9 0   303.0 0   187.9 2   339.4 0 -9999.9 1   -70.7 0 -9999.9 1 -9999.9 1 -9999.9 1 -9999.9 1   217.4 0 -9999.9 1
 1999 184  7  3 19  3 19.050  21.77   805.1 0 -9999.9 1 -9999.9 1   370.5 0   399.8 0   317.9 0   316.3 0   476.3 0   303.0 0   303.2 0   203.2 2   371.1 0 -9999.9 1   -76.6 0 -9999.9 1 -9999.9 1 -9999.9 1 -9999.9 1   225.9 0 -9999.9 1
 1999 184  7  3 19  6 19.100  22.17   999.3 0 -9999.9 1 -9999.9 1   313.0 0   395.1 0   317.8 0   316.7 0   484.0 0   303.0 0   303.3 0   230.6 2   446.1 0 -9999.9 1   -89.0 0 -9999.9 1 -9999.9 1 -9999.9 1 -9999.9 1   230.7 0 -9999.9 1
 1999 184  7  3 19  9 19.150  22.58   890.1 0 -9999.9 1 -9999.9 1   321.5 0   395.6 0   317.8 0   316.6 0   480.9 0   303.0 0   303.3 0   219.9 2   408.6 0 -9999.9 1   -85.3 0 -9999.9 1 -9999.9 1 -9999.9 1 -9999.9 1   236.8 0 -9999.9 1
 1999 184  7  3 19 12 19.200  23.00  1038.2 0 -9999.9 1 -9999.9 1   288.7 0   391.5 0   317.9 0   316.9 0   485.3 0   303.1 0   303.4 0   241.4 2   470.3 0 -9999.9 1   -93.8 0 -9999.9 1 -9999.9 1 -9999.9 1 -9999.9 1   222.7 0 -9999.9 1
 1999 184  7  3 19 18 19.300  23.86   931.0 0 -9999.9 1 -9999.9 1   345.9 0   397.5 0   318.2 0   317.2 0   487.2 0   303.4 0   303.8 0   220.9 2   417.4 0 -9999.9 1   -89.8 0 -9999.9 1 -9999.9 1 -9999.9 1 -9999.9 1   226.0 0 -9999.9 1
 1999 184  7  3 19 21 19.350  24.30   761.7 0 -9999.9 1 -9999.9 1   404.2 0   399.6 0   318.2 0   316.7 0   477.8 0   303.4 0   303.6 0   193.5 2   347.7 0 -9999.9 1   -78.2 0 -9999.9 1 -9999.9 1 -9999.9 1 -9999.9 1   229.8 0 -9999.9 1
 1999 184  7  3 19 24 19.400  24.76   834.8 0 -9999.9 1 -9999.9 1   379.1 0   401.0 0   318.2 0   316.6 0   476.0 0   303.3 0   303.5 0   203.1 2   385.1 0 -9999.9 1   -74.9 0 -9999.9 1 -9999.9 1 -9999.9 1 -9999.9 1   227.2 0 -9999.9 1
 1999 184  7  3 19 27 19.450  25.22   500.4 0 -9999.9 1 -9999.9 1   338.9 0   408.6 0   318.1 0   316.1 0   471.0 0   303.3 0   303.4 0   144.9 2   224.6 0 -9999.9 1   -62.5 0 -9999.9 1 -9999.9 1 -9999.9 1 -9999.9 1   231.1 0 -9999.9 1
 1999 184  7  3 19 33 19.550  26.16   830.6 0 -9999.9 1 -9999.9 1   396.6 0   412.6 0   317.8 0   316.1 0   474.4 0   302.9 0   303.1 0   191.2 0   379.9 0 -9999.9 1   -61.8 0 -9999.9 1 -9999.9 1 -9999.9 1 -9999.9 1   232.8 0 -9999.9 1
 1999 184  7  3 19 36 19.600  26.64  1014.3 0 -9999.9 1 -9999.9 1   335.4 0   400.8 0   317.8 0   316.6 0   485.2 0   303.0 0   303.4 0   224.1 0   460.1 0 -9999.9 1   -84.4 0 -9999.9 1 -9999.9 1 -9999.9 1 -9999.9 1   237.8 0 -9999.9 1
 1999 184  7  3 19 39 19.650  27.12   884.5 0 -9999.9 1 -9999.9 1   353.1 0   400.7 0   317.9 0   316.6 0   483.7 0   303.2 0   303.6 0   205.1 0   402.8 0 -9999.9 1   -83.0 0 -9999.9 1 -9999.9 1 -9999.9 1 -9999.9 1   233.0 0 -9999.9 1
 1999 184  7  3 19 42 19.700  27.62   823.7 0 -9999.9 1 -9999.9 1   376.9 0   404.6 0   318.0 0   316.7 0   484.4 0   303.4 0   303.7 0   186.6 0   371.4 0 -9999.9 1   -79.9 0 -9999.9 1 -9999.9 1 -9999.9 1 -9999.9 1   229.9 0 -9999.9 1
 1999 184  7  3 19 48 19.800  28.62   609.8 0 -9999.9 1 -9999.9 1   354.9 0   404.3 0   318.1 0   316.6 0   476.3 0   303.5 0   303.7 0   154.7 0   276.4 0 -9999.9 1   -72.0 0 -9999.9 1 -9999.9 1 -9999.9 1 -9999.9 1   221.1 0 -9999.9 1
 1999 184  7  3 19 51 19.850  29.12   853.0 0 -9999.9 1 -9999.9 1   388.9 0   412.8 0   318.0 0   316.4 0   476.9 0   303.4 0   303.6 0   177.8 0   386.8 0 -9999.9 1   -64.1 0 -9999.9 1 -9999.9 1 -9999.9 1 -9999.9 1   221.9 0 -9999.9 1
 1999 184  7  3 19 54 19.900  29.63   980.5 0 -9999.9 1 -9999.9 1   401.1 0   410.3 0   318.1 0   316.8 0   483.4 0   303.4 0   303.8 0   194.8 0   442.8 0 -9999.9 1   -73.1 0 -9999.9 1 -9999.9 1 -9999.9 1 -9999.9 1   219.1 0 -9999.9 1
 1999 184  7  3 19 57 19.950  30.15  1001.8 0 -9999.9 1 -9999.9 1   345.6 0   403.1 0   318.3 0   317.2 0   487.1 0   303.6 0   304.0 0   203.6 0   456.0 0 -9999.9 1   -84.0 0 -9999.9 1 -9999.9 1 -9999.9 1 -9999.9 1   218.4 0 -9999.9 1
 1999 184  7  3 20  3 20.050  31.19   963.4 0 -9999.9 1 -9999.9 1   372.6 0   410.5 0   318.2 0   316.9 0   482.4 0   303.5 0   303.8 0   188.1 0   439.7 0 -9999.9 1   -71.9 0 -9999.9 1 -9999.9 1 -9999.9 1 -9999.9 1   222.9 0 -9999.9 1
 1999 184  7  3 20  6 20.100  31.72   939.4 0 -9999.9 1 -9999.9 1   330.9 0   402.6 0   318.4 0   317.5 0   488.8 0   303.7 0   304.1 0   190.7 0   429.5 0 -9999.9 1   -86.2 0 -9999.9 1 -9999.9 1 -9999.9 1 -9999.9 1   218.1 0 -9999.9 1
 1999 184  7  3 20  9 20.150  32.25   781.4 0 -9999.9 1 -9999.9 1   331.0 0   403.0 0   318.3 0   317.0 0   483.0 0   303.7 0   304.0 0   166.1 0   357.5 0 -9999.9 1   -79.9 0 -9999.9 1 -9999.9 1 -9999.9 1 -9999.9 1   226.6 0 -9999.9 1
 1999 184  7  3 20 12 20.200  32.78   876.3 0 -9999.9 1 -9999.9 1   339.2 0   402.8 0   318.4 0   317.0 0   483.8 0   303.8 0   304.1 0   174.7 0   400.3 0 -9999.9 1   -81.0 0 -9999.9 1 -9999.9 1 -9999.9 1 -9999.9 1   224.6 0 -9999.9 1
 1999 184  7  3 20 18 20.300  33.85   647.0 0 -9999.9 1 -9999.9 1   307.1 0   397.5 0   318.5 0   317.1 0   480.5 0   303.8 0   304.0 0   144.7 0   295.4 0 -9999.9 1   -83.0 0 -9999.9 1 -9999.9 1 -9999.9 1 -9999.9 1   216.4 0 -9999.9 1
 1999 184  7  3 20 21 20.350  34.40   622.1 0 -9999.9 1 -9999.9 1   327.2 0   403.7 0   318.3 0   316.6 0   474.4 0   303.7 0   303.8 0   134.4 0   287.1 0 -9999.9 1   -70.7 0 -9999.9 1 -9999.9 1 -9999.9 1 -9999.9 1   217.1 0 -9999.9 1
 1999 184  7  3 20 24 20.400  34.94   845.8 0 -9999.9 1 -9999.9 1   339.2 0   399.8 0   318.2 0   316.8 0   479.1 0   303.5 0   303.7 0   159.9 2   389.9 0 -9999.9 1   -79.3 0 -9999.9 1 -9999.9 1 -9999.9 1 -9999.9 1   213.8 0 -9999.9 1
 1999 184  7  3 20 27 20.450  35.49   829.9 0 -9999.9 1 -9999.9 1   314.4 0   395.8 0   318.4 0   317.4 0   486.0 0   303.7 0   304.0 0   158.2 0   378.1 0 -9999.9 1   -90.3 0 -9999.9 1 -9999.9 1 -9999.9 1 -9999.9 1   215.7 0 -9999.9 1
 1999 184  7  3 20 33 20.550  36.58   790.4 0 -9999.9 1 -9999.9 1   319.7 0   401.7 0   318.5 0   317.0 0   478.9 0   303.8 0   303.9 0   148.1 0   363.9 0 -9999.9 1   -77.2 0 -9999.9 1 -9999.9 1 -9999.9 1 -9999.9 1   207.1 0 -9999.9 1
 1999 184  7  3 20 36 20.600  37.14   774.1 0 -9999.9 1 -9999.9 1   281.4 0   394.4 0   318.6 0   317.3 0   482.5 0   303.8 0   304.0 0   147.5 0   356.3 0 -9999.9 1   -88.1 0 -9999.9 1 -9999.9 1 -9999.9 1 -9999.9 1   211.2 0 -9999.9 1
 1999 184  7  3 20 39 20.650  37.69   753.4 0 -9999.9 1 -9999.9 1   275.1 0   391.7 0   318.4 0   316.9 0   479.9 0   303.6 0   303.8 0   142.9 0   347.1 0 -9999.9 1   -88.2 0 -9999.9 1 -9999.9 1 -9999.9 1 -9999.9 1   215.5 0 -9999.9 1
 1999 184  7  3 20 42 20.700  38.25   689.4 0 -9999.9 1 -9999.9 1   274.8 0   395.7 0   318.4 0   316.6 0   477.2 0   303.7 0   303.9 0   133.4 0   317.1 0 -9999.9 1   -81.5 0 -9999.9 1 -9999.9 1 -9999.9 1 -9999.9 1   215.0 0 -9999.9 1
 1999 184  7  3 20 48 20.800  39.36   690.6 0 -9999.9 1 -9999.9 1   268.0 0   392.8 0   318.0 0   316.6 0   477.4 0   303.4 0   303.6 0   127.3 0   318.6 0 -9999.9 1   -84.6 0 -9999.9 1 -9999.9 1 -9999.9 1 -9999.9 1   217.9 0 -9999.9 1
 1999 184  7  3 20 51 20.850  39.92   671.1 0 -9999.9 1 -9999.9 1   256.0 0   389.0 0   317.9 0   316.5 0   476.7 0   303.3 0   303.5 0   124.1 2   310.0 0 -9999.9 1   -87.7 0 -9999.9 1 -9999.9 1 -9999.9 1 -9999.9 1   209.2 0 -9999.9 1
 1999 184  7  3 20 54 20.900  40.48   695.0 0 -9999.9 1 -9999.9 1   277.0 0   392.8 0   317.9 0   316.3 0   476.7 0   303.4 0   303.6 0   123.5 2   318.6 0 -9999.9 1   -83.9 0 -9999.9 1 -9999.9 1 -9999.9 1 -9999.9 1   212.8 0 -9999.9 1
 1999 184  7  3 20 57 20.950  41.05   731.1 0 -9999.9 1 -9999.9 1   285.5 0   393.0 0   317.9 0   316.4 0   477.4 0   303.4 0   303.6 0   128.2 2   341.1 0 -9999.9 1   -84.3 0 -9999.9 1 -9999.9 1 -9999.9 1 -9999.9 1   216.1 0 -9999.9 1
 1999 184  7  3 21  3 21.050  42.18   835.5 0 -9999.9 1 -9999.9 1   295.8 0   395.1 0   318.0 0   316.9 0   483.3 0   303.6 0   303.9 0   134.9 2   383.3 0 -9999.9 1   -88.2 0 -9999.9 1 -9999.9 1 -9999.9 1 -9999.9 1   222.7 0 -9999.9 1
 1999 184  7  3 21  6 21.100  42.74   605.8 0 -9999.9 1 -9999.9 1   292.2 0   402.4 0   318.1 0   316.5 0   477.1 0   303.7 0   303.9 0   109.4 2   278.2 0 -9999.9 1   -74.7 0 -9999.9 1 -9999.9 1 -9999.9 1 -9999.9 1   229.1 0 -9999.9 1
 1999 184  7  3 21  9 21.150  43.31   773.7 0 -9999.9 1 -9999.9 1   339.8 0   407.7 0   318.0 0   316.4 0   476.1 0   303.6 0   303.8 0   120.2 2   353.6 0 -9999.9 1   -68.4 0 -9999.9 1 -9999.9 1 -9999.9 1 -9999.9 1   228.6 0 -9999.9 1
 1999 184  7  3 21 12 21.200  43.88   554.5 0 -9999.9 1 -9999.9 1   314.8 0   401.3 0   318.1 0   316.3 0   473.2 0   303.6 0   303.8 0   103.2 2   257.3 0 -9999.9 1   -71.9 0 -9999.9 1 -9999.9 1 -9999.9 1 -9999.9 1   217.3 0 -9999.9 1
 1999 184  7  3 21 18 21.300  45.02   476.3 0 -9999.9 1 -9999.9 1   265.3 0   399.5 0   317.9 0   315.8 0   469.6 0   303.4 0   303.5 0    94.8 2   221.2 0 -9999.9 1   -70.0 0 -9999.9 1 -9999.9 1 -9999.9 1 -9999.9 1   237.4 0 -9999.9 1
 1999 184  7  3 21 21 21.350  45.59   564.3 0 -9999.9 1 -9999.9 1   314.8 0   404.9 0   317.7 0   315.8 0   469.2 0   303.3 0   303.4 0    95.1 2   263.9 0 -9999.9 1   -64.2 0 -9999.9 1 -9999.9 1 -9999.9 1 -9999.9 1   228.6 0 -9999.9 1
 1999 184  7  3 21 24 21.400  46.16   733.2 0 -9999.9 1 -9999.9 1   274.3 0   393.2 0   317.8 0   316.5 0   478.2 0   303.3 0   303.5 0   108.7 2   335.8 0 -9999.9 1   -84.9 0 -9999.9 1 -9999.9 1 -9999.9 1 -9999.9 1   220.4 0 -9999.9 1
 1999 184  7  3 21 27 21.450  46.73   713.2 0 -9999.9 1 -9999.9 1   231.2 0   391.1 0   317.9 0   316.6 0   478.9 0   303.4 0   303.7 0   106.9 2   329.5 0 -9999.9 1   -87.8 0 -9999.9 1 -9999.9 1 -9999.9 1 -9999.9 1   221.8 0 -9999.9 1
 1999 184  7  3 21 33 21.550  47.87   622.6 0 -9999.9 1 -9999.9 1   235.6 0   394.6 0   317.9 0   316.1 0   473.4 0   303.4 0   303.6 0    95.4 2   288.0 0 -9999.9 1   -78.8 0 -9999.9 1 -9999.9 1 -9999.9 1 -9999.9 1   224.8 0 -9999.9 1
 1999 184  7  3 21 36 21.600  48.44   680.6 0 -9999.9 1 -9999.9 1   239.2 0   395.1 0   317.9 0   316.3 0   475.1 0   303.4 0   303.6 0    96.1 2   313.8 0 -9999.9 1   -80.0 0 -9999.9 1 -9999.9 1 -9999.9 1 -9999.9 1   232.4 0 -9999.9 1
 1999 184  7  3 21 39 21.650  49.02   695.6 0 -9999.9 1 -9999.9 1   234.3 0   392.6 0   317.9 0   316.5 0   475.9 0   303.4 0   303.7 0    96.4 2   323.6 0 -9999.9 1   -83.3 0 -9999.9 1 -9999.9 1 -9999.9 1 -9999.9 1   226.6 0 -9999.9 1
 1999 184  7  3 21 42 21.700  49.59   621.6 0 -9999.9 1 -9999.9 1   231.8 0   393.4 0   318.0 0   316.3 0   473.2 0   303.4 0   303.6 0    89.2 2   286.9 0 -9999.9 1   -79.8 0 -9999.9 1 -9999.9 1 -9999.9 1 -9999.9 1   230.5 0 -9999.9 1
 1999 184  7  3 21 48 21.800  50.74   639.9 0 -9999.9 1 -9999.9 1   242.8 0   394.1 0   318.0 0   316.3 0   473.8 0   303.4 0   303.6 0    82.7 2   293.5 0 -9999.9 1   -79.7 0 -9999.9 1 -9999.9 1 -9999.9 1 -9999.9 1   224.5 0 -9999.9 1
 1999 184  7  3 21 51 21.850  51.31   557.7 0 -9999.9 1 -9999.9 1   236.1 0   392.3 0   318.0 0   316.2 0   471.7 0   303.4 0   303.6 0    77.1 2   257.8 0 -9999.9 1   -79.4 0 -9999.9 1 -9999.9 1 -9999.9 1 -9999.9 1   222.6 0 -9999.9 1
 1999 184  7  3 21 54 21.900  51.88   417.9 0 -9999.9 1 -9999.9 1   212.9 0   393.8 0   317.9 0   315.7 0   465.3 0   303.3 0   303.4 0    69.1 2   201.5 0 -9999.9 1   -71.5 0 -9999.9 1 -9999.9 1 -9999.9 1 -9999.9 1   225.1 0 -9999.9 1
 1999 184  7  3 21 57 21.950  52.46   581.0 0 -9999.9 1 -9999.9 1   210.9 0   390.7 0   317.8 0   316.0 0   471.4 0   303.2 0   303.4 0    74.5 2   268.5 0 -9999.9 1   -80.7 0 -9999.9 1 -9999.9 1 -9999.9 1 -9999.9 1   223.5 0 -9999.9 1
 1999 184  7  3 22  3 22.050  53.60   558.7 0 -9999.9 1 -9999.9 1   199.0 0   392.1 0   317.9 0   316.3 0   473.1 0   303.4 0   303.6 0    70.8 2   260.1 0 -9999.9 1   -81.0 0 -9999.9 1 -9999.9 1 -9999.9 1 -9999.9 1   227.7 0 -9999.9 1
 1999 184  7  3 22  6 22.100  54.18   550.7 0 -9999.9 1 -9999.9 1   207.6 0   395.3 0   318.0 0   316.3 0   472.2 0   303.5 0   303.7 0    67.6 2   255.9 0 -9999.9 1   -76.9 0 -9999.9 1 -9999.9 1 -9999.9 1 -9999.9 1   223.7 0 -9999.9 1
 1999 184  7  3 22  9 22.150  54.75   483.7 0 -9999.9 1 -9999.9 1   212.3 0   394.4 0   318.0 0   316.4 0   472.0 0   303.5 0   303.7 0    63.3 2   222.5 0 -9999.9 1   -77.6 0 -9999.9 1 -9999.9 1 -9999.9 1 -9999.9 1   231.0 0 -9999.9 1
 1999 184  7  3 22 12 22.200  55.32   496.8 0 -9999.9 1 -9999.9 1   195.3 0   396.5 0   318.1 0   316.2 0   470.5 0   303.5 0   303.7 0    63.6 0   236.3 0 -9999.9 1   -74.0 0 -9999.9 1 -9999.9 1 -9999.9 1 -9999.9 1   231.4 0 -9999.9 1
 1999 184  7  3 22 18 22.300  56.47   521.9 0 -9999.9 1 -9999.9 1   229.4 0   401.6 0   318.1 0   316.4 0   472.1 0   303.5 0   303.7 0    58.0 0   240.9 0 -9999.9 1   -70.4 0 -9999.9 1 -9999.9 1 -9999.9 1 -9999.9 1   230.3 0 -9999.9 1
 1999 184  7  3 22 21 22.350  57.04   556.7 0 -9999.9 1 -9999.9 1   242.8 0   402.9 0   318.1 0   316.5 0   473.2 0   303.5 0   303.7 0    57.8 2   255.0 0 -9999.9 1   -70.3 0 -9999.9 1 -9999.9 1 -9999.9 1 -9999.9 1   226.4 0 -9999.9 1
 1999 184  7  3 22 24 22.400  57.62   459.4 0 -9999.9 1 -9999.9 1   205.4 0   396.2 0   318.2 0   316.4 0   471.0 0   303.5 0   303.7 0    53.8 2   213.4 0 -9999.9 1   -74.8 0 -9999.9 1 -9999.9 1 -9999.9 1 -9999.9 1   230.6 0 -9999.9 1
 1999 184  7  3 22 27 22.450  58.19   433.8 0 -9999.9 1 -9999.9 1   195.1 0   396.4 0   318.2 0   316.2 0   467.4 0   303.5 0   303.6 0    50.7 0   206.6 0 -9999.9 1   -71.0 0 -9999.9 1 -9999.9 1 -9999.9 1 -9999.9 1   231.3 0 -9999.9 1
 1999 184  7  3 22 33 22.550  59.33   477.1 0 -9999.9 1 -9999.9 1   200.7 0   396.6 0   318.2 0   316.4 0   470.0 0   303.4 0   303.6 0    48.1 0   221.9 0 -9999.9 1   -73.4 0 -9999.9 1 -9999.9 1 -9999.9 1 -9999.9 1   226.6 0 -9999.9 1
 1999 184  7  3 22 36 22.600  59.90   467.8 0 -9999.9 1 -9999.9 1   195.0 0   395.8 0   318.3 0   316.8 0   471.7 0   303.5 0   303.7 0    46.4 0   217.9 0 -9999.9 1   -75.8 0 -9999.9 1 -9999.9 1 -9999.9 1 -9999.9 1   222.6 0 -9999.9 1
 1999 184  7  3 22 39 22.650  60.47   449.9 0 -9999.9 1 -9999.9 1   200.9 0   398.6 0   318.6 0   316.8 0   471.9 0   303.6 0   303.8 0    44.0 0   210.4 0 -9999.9 1   -73.3 0 -9999.9 1 -9999.9 1 -9999.9 1 -9999.9 1   224.4 0 -9999.9 1
 1999 184  7  3 22 42 22.700  61.04   442.0 0 -9999.9 1 -9999.9 1   212.6 0   401.1 0   318.6 0   316.7 0   471.5 0   303.7 0   303.9 0    41.5 0   203.0 0 -9999.9 1   -70.4 0 -9999.9 1 -9999.9 1 -9999.9 1 -9999.9 1   223.1 0 -9999.9 1
 1999 184  7  3 22 48 22.800  62.18   274.5 0 -9999.9 1 -9999.9 1   199.8 0   409.8 0   318.5 0   316.2 0   464.6 0   303.5 0   303.5 0    32.4 0   129.9 0 -9999.9 1   -54.8 0 -9999.9 1 -9999.9 1 -9999.9 1 -9999.9 1   223.9 0 -9999.9 1
 1999 184  7  3 22 51 22.850  62.75   303.8 0 -9999.9 1 -9999.9 1   195.4 0   401.2 0   318.4 0   316.5 0   467.4 0   303.5 0   303.5 0    33.7 0   143.8 0 -9999.9 1   -66.2 0 -9999.9 1 -9999.9 1 -9999.9 1 -9999.9 1   219.7 0 -9999.9 1
 1999 184  7  3 22 54 22.900  63.31   250.8 0 -9999.9 1 -9999.9 1   174.7 0   399.9 0   318.2 0   316.1 0   464.2 0   303.3 0   303.3 0    31.7 0   126.3 0 -9999.9 1   -64.4 0 -9999.9 1 -9999.9 1 -9999.9 1 -9999.9 1   222.9 0 -9999.9 1
 1999 184  7  3 22 57 22.950  63.88   403.1 0 -9999.9 1 -9999.9 1   193.3 0   397.8 0   318.1 0   316.4 0   468.9 0   303.1 0   303.2 0    33.7 0   187.4 0 -9999.9 1   -71.1 0 -9999.9 1 -9999.9 1 -9999.9 1 -9999.9 1   223.8 0 -9999.9 1
 1999 184  7  3 23  3 23.050  65.01   341.7 0 -9999.9 1 -9999.9 1   153.8 0   394.6 0   318.2 0   316.4 0   467.7 0   303.2 0   303.3 0    30.9 0   160.0 0 -9999.9 1   -73.2 0 -9999.9 1 -9999.9 1 -9999.9 1 -9999.9 1   225.7 0 -9999.9 1
 1999 184  7  3 23  6 23.100  65.58   329.5 0 -9999.9 1 -9999.9 1   146.9 0   394.8 0   318.2 0   316.4 0   466.8 0   303.1 0   303.2 0    29.4 0   155.9 0 -9999.9 1   -72.0 0 -9999.9 1 -9999.9 1 -9999.9 1 -9999.9 1   223.4 0 -9999.9 1
 1999 184  7  3 23  9 23.150  66.14   319.6 0 -9999.9 1 -9999.9 1   139.5 0   395.2 0   318.3 0   316.4 0   466.4 0   303.1 0   303.2 0    28.4 0   152.5 0 -9999.9 1   -71.2 0 -9999.9 1 -9999.9 1 -9999.9 1 -9999.9 1   224.6 0 -9999.9 1
 1999 184  7  3 23 12 23.200  66.70   299.5 0 -9999.9 1 -9999.9 1   135.5 0   395.4 0   318.2 0   316.3 0   465.1 0   303.1 0   303.2 0    27.1 0   143.1 0 -9999.9 1   -69.7 0 -9999.9 1 -9999.9 1 -9999.9 1 -9999.9 1   229.8 0 -9999.9 1
 1999 184  7  3 23 18 23.300  67.83   270.3 0 -9999.9 1 -9999.9 1   131.8 0   394.8 0   318.2 0   316.3 0   463.9 0   302.9 0   303.0 0    24.2 0   130.1 0 -9999.9 1   -69.1 0 -9999.9 1 -9999.9 1 -9999.9 1 -9999.9 1   234.6 0 -9999.9 1
 1999 184  7  3 23 21 23.350  68.39   278.4 0 -9999.9 1 -9999.9 1   131.7 0   393.3 0   318.1 0   316.3 0   463.7 0   302.8 0   302.9 0    23.1 0   133.5 0 -9999.9 1   -70.5 0 -9999.9 1 -9999.9 1 -9999.9 1 -9999.9 1   231.8 0 -9999.9 1
 1999 184  7  3 23 24 23.400  68.95   265.7 0 -9999.9 1 -9999.9 1   124.1 0   392.8 0   318.1 0   316.2 0   462.7 0   302.7 0   302.8 0    22.0 2   127.2 0 -9999.9 1   -69.9 0 -9999.9 1 -9999.9 1 -9999.9 1 -9999.9 1   227.1 0 -9999.9 1
 1999 184  7  3 23 27 23.450  69.50   260.6 0 -9999.9 1 -9999.9 1   118.3 0   392.8 0   318.0 0   316.0 0   461.6 0   302.6 0   302.7 0    21.1 2   126.3 0 -9999.9 1   -68.8 0 -9999.9 1 -9999.9 1 -9999.9 1 -9999.9 1   227.5 0 -9999.9 1
 1999 184  7  3 23 33 23.550  70.62   247.0 0 -9999.9 1 -9999.9 1   112.8 0   394.1 0   318.0 0   315.7 0   460.5 0   302.6 0   302.7 0    18.9 2   118.8 0 -9999.9 1   -66.4 0 -9999.9 1 -9999.9 1 -9999.9 1 -9999.9 1   225.8 0 -9999.9 1
 1999 184  7  3 23 36 23.600  71.17   242.3 0 -9999.9 1 -9999.9 1   112.0 0   391.5 0   317.9 0   315.7 0   459.9 0   302.5 0   302.5 0    18.1 2   116.4 0 -9999.9 1   -68.3 0 -9999.9 1 -9999.9 1 -9999.9 1 -9999.9 1   227.0 0 -9999.9 1
 1999 184  7  3 23 39 23.650  71.72   236.2 0 -9999.9 1 -9999.9 1   108.7 0   388.4 0   317.7 0   315.7 0   459.6 0   302.3 0   302.4 0    17.2 2   113.9 0 -9999.9 1   -71.3 0 -9999.9 1 -9999.9 1 -9999.9 1 -9999.9 1   232.2 0 -9999.9 1
 1999 184  7  3 23 42 23.700  72.28   224.7 0 -9999.9 1 -9999.9 1   104.4 0   387.0 0   317.7 0   315.6 0   459.2 0   302.3 0   302.3 0    16.0 2   107.9 0 -9999.9 1   -72.2 0 -9999.9 1 -9999.9 1 -9999.9 1 -9999.9 1   231.1 0 -9999.9 1
 1999 184  7  3 23 48 23.800  73.38   199.6 0 -9999.9 1 -9999.9 1    99.2 0   388.7 0   317.7 0   315.5 0   458.8 0   302.3 0   302.3 0    14.0 2    95.2 0 -9999.9 1   -70.1 0 -9999.9 1 -9999.9 1 -9999.9 1 -9999.9 1   228.9 0 -9999.9 1
 1999 184  7  3 23 51 23.850  73.93   188.0 0 -9999.9 1 -9999.9 1    96.5 0   387.6 0   317.6 0   315.4 0   457.6 0   302.2 0   302.2 0    13.0 2    89.5 0 -9999.9 1   -69.9 0 -9999.9 1 -9999.9 1 -9999.9 1 -9999.9 1   228.9 0 -9999.9 1
 1999 184  7  3 23 54 23.900  74.47   182.5 0 -9999.9 1 -9999.9 1    93.5 0   385.8 0   317.4 0   315.3 0   456.9 0   302.1 0   302.1 0    11.9 2    87.0 0 -9999.9 1   -71.0 0 -9999.9 1 -9999.9 1 -9999.9 1 -9999.9 1   227.4 0 -9999.9 1
 1999 184  7  3 23 57 23.950  75.02   166.0 0 -9999.9 1 -9999.9 1    87.7 0   386.7 0   317.3 0   315.1 0   456.2 0   302.0 0   302.0 0    11.1 2    79.6 0 -9999.9 1   -69.5 0 -9999.9 1 -9999.9 1 -9999.9 1 -9999.9 1   226.8 0 -9999.9 1
