 Bondville
   40.05  -88.37  213 m version 1
 1999 196  7 15  0  3  0.050  76.61   156.7 0 -9999.9 1 -9999.9 1    77.4 0   318.9 0   314.2 0   312.2 0   424.6 0   297.4 0   297.4 0     7.7 2    70.5 0 -9999.9 1  -105.6 0 -9999.9 1 -9999.9 1 -9999.9 1 -9999.9 1   220.1 0 -9999.9 1
 1999 196  7 15  0  6  0.100  77.16   148.2 0 -9999.9 1 -9999.9 1    75.1 0   319.6 0   314.1 0   312.0 0   423.9 0   297.3 0   297.3 0     7.2 2    67.0 0 -9999.9 1  -104.3 0 -9999.9 1 -9999.9 1 -9999.9 1 -9999.9 1   222.5 0 -9999.9 1
 1999 196  7 15  0  9  0.150  77.70   140.6 0 -9999.9 1 -9999.9 1    72.3 0   318.6 0   314.1 0   312.1 0   423.0 0   297.2 0   297.2 0     6.7 2    63.7 0 -9999.9 1  -104.4 0 -9999.9 1 -9999.9 1 -9999.9 1 -9999.9 1   227.4 0 -9999.9 1
 1999 196  7 15  0 12  0.200  78.24   132.0 0 -9999.9 1 -9999.9 1    69.3 0   317.6 0   314.0 0   312.1 0   422.2 0   297.1 0   297.1 0     6.2 2    59.9 0 -9999.9 1  -104.5 0 -9999.9 1 -9999.9 1 -9999.9 1 -9999.9 1   224.6 0 -9999.9 1
 1999 196  7 15  0 18  0.300  79.32   115.3 0 -9999.9 1 -9999.9 1    63.6 0   317.1 0   314.0 0   312.1 0   420.5 0   296.9 0   296.9 0     5.1 2    52.3 0 -9999.9 1  -103.4 0 -9999.9 1 -9999.9 1 -9999.9 1 -9999.9 1   218.6 0 -9999.9 1
 1999 196  7 15  0 21  0.350  79.86   106.7 0 -9999.9 1 -9999.9 1    61.2 0   317.0 0   313.9 0   312.0 0   419.4 0   296.8 0   296.8 0     4.7 2    48.5 0 -9999.9 1  -102.4 0 -9999.9 1 -9999.9 1 -9999.9 1 -9999.9 1   219.3 0 -9999.9 1
 1999 196  7 15  0 24  0.400  80.39    98.3 0 -9999.9 1 -9999.9 1    57.3 0   316.2 0   313.8 0   312.1 0   418.0 0   296.7 0   296.6 0     4.3 2    44.7 0 -9999.9 1  -101.8 0 -9999.9 1 -9999.9 1 -9999.9 1 -9999.9 1   218.8 0 -9999.9 1
 1999 196  7 15  0 27  0.450  80.93    90.8 0 -9999.9 1 -9999.9 1    54.2 0   313.8 0   313.7 0   312.0 0   416.6 0   296.5 0   296.4 0     3.9 2    41.5 0 -9999.9 1  -102.7 0 -9999.9 1 -9999.9 1 -9999.9 1 -9999.9 1   221.4 0 -9999.9 1
 1999 196  7 15  0 33  0.550  81.98    76.0 0 -9999.9 1 -9999.9 1    47.1 0   312.3 0   313.6 0   312.1 0   413.7 0   296.3 0   296.2 0     3.2 2    34.9 0 -9999.9 1  -101.3 0 -9999.9 1 -9999.9 1 -9999.9 1 -9999.9 1   223.8 0 -9999.9 1
 1999 196  7 15  0 36  0.600  82.51    68.9 0 -9999.9 1 -9999.9 1    43.1 0   311.3 0   313.6 0   312.1 0   412.0 0   296.1 0   296.0 0     2.9 2    31.8 0 -9999.9 1  -100.6 0 -9999.9 1 -9999.9 1 -9999.9 1 -9999.9 1   223.2 0 -9999.9 1
 1999 196  7 15  0 39  0.650  83.03    62.7 0 -9999.9 1 -9999.9 1    40.0 0   310.5 0   313.5 0   312.1 0   410.3 0   296.0 0   295.9 0     2.6 2    28.8 0 -9999.9 1   -99.8 0 -9999.9 1 -9999.9 1 -9999.9 1 -9999.9 1   223.1 0 -9999.9 1
 1999 196  7 15  0 42  0.700  83.55    56.4 0 -9999.9 1 -9999.9 1    36.3 0   311.1 0   313.5 0   312.1 0   409.2 0   295.9 0   295.8 0     2.3 2    26.1 0 -9999.9 1   -98.1 0 -9999.9 1 -9999.9 1 -9999.9 1 -9999.9 1   219.6 0 -9999.9 1
 1999 196  7 15  0 48  0.800  84.59    44.5 0 -9999.9 1 -9999.9 1    29.2 0   310.8 0   313.4 0   312.1 0   406.8 0   295.6 0   295.5 0     1.7 2    20.6 0 -9999.9 1   -96.0 0 -9999.9 1 -9999.9 1 -9999.9 1 -9999.9 1   217.1 0 -9999.9 1
 1999 196  7 15  0 51  0.850  85.10    38.9 0 -9999.9 1 -9999.9 1    26.2 0   311.2 0   313.4 0   311.9 0   405.8 0   295.5 0   295.4 0     1.5 2    18.3 0 -9999.9 1   -94.6 0 -9999.9 1 -9999.9 1 -9999.9 1 -9999.9 1   218.1 0 -9999.9 1
 1999 196  7 15  0 54  0.900  85.60    33.5 0 -9999.9 1 -9999.9 1    23.1 0   309.9 0   313.3 0   311.8 0   404.2 0   295.3 0   295.2 0     1.3 2    16.0 0 -9999.9 1   -94.3 0 -9999.9 1 -9999.9 1 -9999.9 1 -9999.9 1   219.4 0 -9999.9 1
 1999 196  7 15  0 57  0.950  86.10    27.8 0 -9999.9 1 -9999.9 1    20.4 0   309.2 0   313.2 0   311.7 0   402.4 0   295.2 0   295.1 0     1.1 2    13.9 0 -9999.9 1   -93.1 0 -9999.9 1 -9999.9 1 -9999.9 1 -9999.9 1   221.2 0 -9999.9 1
 1999 196  7 15  1  3  1.050  87.09    17.8 0 -9999.9 1 -9999.9 1    15.1 0   308.3 0   313.0 0   311.5 0   399.5 0   294.9 0   294.8 0     0.8 2    10.2 0 -9999.9 1   -91.2 0 -9999.9 1 -9999.9 1 -9999.9 1 -9999.9 1   220.9 0 -9999.9 1
 1999 196  7 15  1  6  1.100  87.57    14.6 0 -9999.9 1 -9999.9 1    12.1 0   307.8 0   312.9 0   311.4 0   398.2 0   294.7 0   294.6 0     0.7 2     8.6 0 -9999.9 1   -90.4 0 -9999.9 1 -9999.9 1 -9999.9 1 -9999.9 1   221.8 0 -9999.9 1
 1999 196  7 15  1  9  1.150  88.04    12.1 0 -9999.9 1 -9999.9 1     9.1 0   307.5 0   312.8 0   311.3 0   397.0 0   294.6 0   294.4 0     0.6 2     7.1 0 -9999.9 1   -89.5 0 -9999.9 1 -9999.9 1 -9999.9 1 -9999.9 1   218.1 0 -9999.9 1
 1999 196  7 15  1 12  1.200  88.49     9.7 0 -9999.9 1 -9999.9 1     6.5 0   306.2 0   312.7 0   311.3 0   395.3 0   294.4 0   294.2 0     0.5 2     5.7 0 -9999.9 1   -89.1 0 -9999.9 1 -9999.9 1 -9999.9 1 -9999.9 1   214.2 0 -9999.9 1
 1999 196  7 15  1 18  1.300  89.35     5.5 0 -9999.9 1 -9999.9 1     2.7 0   304.4 0   312.3 0   310.9 0   392.1 0   294.0 0   293.9 0     0.3 2     3.5 0 -9999.9 1   -87.8 0 -9999.9 1 -9999.9 1 -9999.9 1 -9999.9 1   207.2 0 -9999.9 1
 1999 196  7 15  1 21  1.350  89.74     3.8 0 -9999.9 1 -9999.9 1     0.9 0   305.1 0   312.2 0   310.8 0   391.1 0   293.9 0   293.7 0     0.2 2     2.7 0 -9999.9 1   -86.0 0 -9999.9 1 -9999.9 1 -9999.9 1 -9999.9 1   204.4 0 -9999.9 1
 1999 196  7 15  1 24  1.400  90.89     2.4 0 -9999.9 1 -9999.9 1    -0.5 0   306.1 0   312.1 0   310.8 0   390.4 0   293.7 0   293.6 0     0.0 2     2.0 0 -9999.9 1   -84.2 0 -9999.9 1 -9999.9 1 -9999.9 1 -9999.9 1   203.2 0 -9999.9 1
 1999 196  7 15  1 27  1.450  91.39     1.2 0 -9999.9 1 -9999.9 1    -1.0 0   306.2 0   311.9 0   310.5 0   389.4 0   293.6 0   293.4 0     0.0 2     1.5 0 -9999.9 1   -83.2 0 -9999.9 1 -9999.9 1 -9999.9 1 -9999.9 1   199.0 0 -9999.9 1
 1999 196  7 15  1 33  1.550  92.38    -0.7 0 -9999.9 1 -9999.9 1    -1.6 0   306.4 0   311.5 0   309.8 0   389.3 0   293.2 0   293.1 0     0.0 2     0.6 0 -9999.9 1   -82.9 0 -9999.9 1 -9999.9 1 -9999.9 1 -9999.9 1   202.3 0 -9999.9 1
 1999 196  7 15  1 36  1.600  92.87    -1.3 0 -9999.9 1 -9999.9 1    -1.9 0   307.1 0   311.4 0   309.7 0   389.6 0   293.1 0   293.0 0     0.0 2     0.3 0 -9999.9 1   -82.6 0 -9999.9 1 -9999.9 1 -9999.9 1 -9999.9 1   201.1 0 -9999.9 1
 1999 196  7 15  1 39  1.650  93.36    -1.8 0 -9999.9 1 -9999.9 1    -2.7 0   307.0 0   311.3 0   309.8 0   389.4 0   293.1 0   292.9 0     0.0 2     0.2 0 -9999.9 1   -82.5 0 -9999.9 1 -9999.9 1 -9999.9 1 -9999.9 1   200.7 0 -9999.9 1
 1999 196  7 15  1 42  1.700  93.84    -2.0 0 -9999.9 1 -9999.9 1    -2.9 0   306.8 0   311.2 0   309.7 0   388.8 0   293.0 0   292.8 0     0.0 2     0.0 0 -9999.9 1   -82.0 0 -9999.9 1 -9999.9 1 -9999.9 1 -9999.9 1   201.7 0 -9999.9 1
 1999 196  7 15  1 48  1.800  94.80    -2.6 0 -9999.9 1 -9999.9 1    -1.9 0   308.3 0   310.9 0   309.1 0   389.4 0   292.7 0   292.6 0     0.0 2    -0.1 0 -9999.9 1   -81.1 0 -9999.9 1 -9999.9 1 -9999.9 1 -9999.9 1   200.3 0 -9999.9 1
 1999 196  7 15  1 51  1.850  95.28    -2.7 0 -9999.9 1 -9999.9 1    -1.9 0   307.5 0   310.7 0   309.0 0   389.0 0   292.6 0   292.5 0     0.0 2    -0.1 0 -9999.9 1   -81.5 0 -9999.9 1 -9999.9 1 -9999.9 1 -9999.9 1   200.9 0 -9999.9 1
 1999 196  7 15  1 54  1.900  95.75    -2.7 0 -9999.9 1 -9999.9 1    -2.2 0   305.9 0   310.5 0   309.0 0   388.5 0   292.4 0   292.3 0     0.0 2    -0.1 0 -9999.9 1   -82.6 0 -9999.9 1 -9999.9 1 -9999.9 1 -9999.9 1   199.6 0 -9999.9 1
 1999 196  7 15  1 57  1.950  96.22    -2.7 0 -9999.9 1 -9999.9 1    -1.9 0   304.7 0   310.3 0   308.7 0   387.8 0   292.3 0   292.2 0     0.0 2    -0.1 0 -9999.9 1   -83.1 0 -9999.9 1 -9999.9 1 -9999.9 1 -9999.9 1   200.2 0 -9999.9 1
 1999 196  7 15  2  3  2.050  97.16    -2.9 0 -9999.9 1 -9999.9 1    -1.9 0   303.9 0   309.9 0   308.3 0   387.7 0   292.0 0   291.9 0     0.0 2    -0.2 0 -9999.9 1   -83.8 0 -9999.9 1 -9999.9 1 -9999.9 1 -9999.9 1   203.7 0 -9999.9 1
 1999 196  7 15  2  6  2.100  97.62    -3.1 0 -9999.9 1 -9999.9 1    -1.5 0   303.9 0   309.8 0   308.2 0   387.6 0   291.9 0   291.8 0     0.0 2    -0.2 0 -9999.9 1   -83.8 0 -9999.9 1 -9999.9 1 -9999.9 1 -9999.9 1   199.5 0 -9999.9 1
 1999 196  7 15  2  9  2.150  98.08    -3.1 0 -9999.9 1 -9999.9 1    -1.7 0   303.3 0   309.6 0   308.1 0   387.1 0   291.8 0   291.6 0     0.0 2    -0.2 0 -9999.9 1   -83.9 0 -9999.9 1 -9999.9 1 -9999.9 1 -9999.9 1   200.8 0 -9999.9 1
 1999 196  7 15  2 12  2.200  98.53    -3.1 0 -9999.9 1 -9999.9 1    -1.8 0   302.7 0   309.4 0   308.1 0   385.9 0   291.6 0   291.5 0     0.0 2    -0.2 0 -9999.9 1   -83.2 0 -9999.9 1 -9999.9 1 -9999.9 1 -9999.9 1   197.9 0 -9999.9 1
 1999 196  7 15  2 18  2.300  99.44    -3.1 0 -9999.9 1 -9999.9 1    -1.5 0   303.2 0   309.1 0   307.5 0   384.4 0   291.4 0   291.3 0     0.0 2    -0.2 0 -9999.9 1   -81.2 0 -9999.9 1 -9999.9 1 -9999.9 1 -9999.9 1   194.7 0 -9999.9 1
 1999 196  7 15  2 21  2.350  99.88    -3.2 0 -9999.9 1 -9999.9 1    -1.1 0   302.9 0   309.0 0   307.3 0   384.1 0   291.3 0   291.2 0     0.0 2    -0.2 0 -9999.9 1   -81.2 0 -9999.9 1 -9999.9 1 -9999.9 1 -9999.9 1   197.8 0 -9999.9 1
 1999 196  7 15  2 24  2.400 100.32    -3.2 0 -9999.9 1 -9999.9 1    -1.2 0   304.1 0   308.8 0   307.2 0   384.9 0   291.3 0   291.2 0     0.0 2    -0.2 0 -9999.9 1   -80.8 0 -9999.9 1 -9999.9 1 -9999.9 1 -9999.9 1   198.4 0 -9999.9 1
 1999 196  7 15  2 27  2.450 100.76    -3.0 0 -9999.9 1 -9999.9 1    -1.5 0   304.4 0   308.8 0   307.3 0   384.9 0   291.3 0   291.2 0     0.0 2    -0.1 0 -9999.9 1   -80.5 0 -9999.9 1 -9999.9 1 -9999.9 1 -9999.9 1   198.3 0 -9999.9 1
 1999 196  7 15  2 33  2.550 101.63    -3.0 0 -9999.9 1 -9999.9 1    -1.4 0   305.2 0   308.5 0   307.0 0   384.7 0   291.2 0   291.1 0     0.0 2    -0.1 0 -9999.9 1   -79.5 0 -9999.9 1 -9999.9 1 -9999.9 1 -9999.9 1   200.3 0 -9999.9 1
 1999 196  7 15  2 36  2.600 102.06    -3.2 0 -9999.9 1 -9999.9 1    -1.2 0   305.3 0   308.4 0   306.9 0   384.1 0   291.2 0   291.1 0     0.0 2    -0.1 0 -9999.9 1   -78.8 0 -9999.9 1 -9999.9 1 -9999.9 1 -9999.9 1   199.1 0 -9999.9 1
 1999 196  7 15  2 39  2.650 102.48    -3.3 0 -9999.9 1 -9999.9 1    -1.2 0   305.4 0   308.3 0   307.0 0   383.7 0   291.1 0   291.0 0     0.0 2    -0.1 0 -9999.9 1   -78.4 0 -9999.9 1 -9999.9 1 -9999.9 1 -9999.9 1   200.3 0 -9999.9 1
 1999 196  7 15  2 42  2.700 102.90    -3.2 0 -9999.9 1 -9999.9 1    -1.2 0   305.3 0   308.2 0   306.9 0   383.3 0   291.1 0   291.0 0     0.0 2    -0.1 0 -9999.9 1   -78.0 0 -9999.9 1 -9999.9 1 -9999.9 1 -9999.9 1   201.7 0 -9999.9 1
 1999 196  7 15  2 48  2.800 103.73    -3.3 0 -9999.9 1 -9999.9 1    -1.0 0   305.5 0   308.0 0   306.4 0   383.4 0   290.9 0   290.8 0     0.0 2    -0.1 0 -9999.9 1   -78.0 0 -9999.9 1 -9999.9 1 -9999.9 1 -9999.9 1   202.8 0 -9999.9 1
 1999 196  7 15  2 51  2.850 104.13    -3.3 0 -9999.9 1 -9999.9 1    -1.1 0   305.7 0   307.9 0   306.4 0   382.9 0   290.9 0   290.8 0     0.0 2    -0.1 0 -9999.9 1   -77.2 0 -9999.9 1 -9999.9 1 -9999.9 1 -9999.9 1   204.0 0 -9999.9 1
 1999 196  7 15  2 54  2.900 104.54    -3.3 0 -9999.9 1 -9999.9 1    -1.0 0   305.3 0   307.8 0   306.4 0   382.7 0   290.9 0   290.8 0     0.0 2    -0.2 0 -9999.9 1   -77.3 0 -9999.9 1 -9999.9 1 -9999.9 1 -9999.9 1   204.3 0 -9999.9 1
 1999 196  7 15  2 57  2.950 104.94    -3.4 0 -9999.9 1 -9999.9 1    -1.1 0   305.0 0   307.7 0   306.3 0   382.1 0   290.9 0   290.8 0     0.0 2    -0.2 0 -9999.9 1   -77.1 0 -9999.9 1 -9999.9 1 -9999.9 1 -9999.9 1   205.0 0 -9999.9 1
 1999 196  7 15  3  3  3.050 105.72    -3.4 0 -9999.9 1 -9999.9 1    -1.1 0   304.2 0   307.6 0   306.2 0   381.2 0   290.8 0   290.7 0     0.0 2    -0.2 0 -9999.9 1   -77.0 0 -9999.9 1 -9999.9 1 -9999.9 1 -9999.9 1   203.5 0 -9999.9 1
 1999 196  7 15  3  6  3.100 106.11    -3.4 0 -9999.9 1 -9999.9 1    -1.2 0   304.3 0   307.5 0   306.2 0   380.7 0   290.7 0   290.6 0     0.0 2    -0.1 0 -9999.9 1   -76.4 0 -9999.9 1 -9999.9 1 -9999.9 1 -9999.9 1   202.2 0 -9999.9 1
 1999 196  7 15  3  9  3.150 106.49    -3.5 0 -9999.9 1 -9999.9 1    -1.2 0   304.0 0   307.4 0   306.1 0   379.8 0   290.6 0   290.6 0     0.0 2    -0.2 0 -9999.9 1   -75.8 0 -9999.9 1 -9999.9 1 -9999.9 1 -9999.9 1   199.0 0 -9999.9 1
 1999 196  7 15  3 12  3.200 106.87    -3.5 0 -9999.9 1 -9999.9 1    -1.0 0   304.7 0   307.4 0   305.7 0   380.0 0   290.6 0   290.5 0     0.0 2    -0.2 0 -9999.9 1   -75.2 0 -9999.9 1 -9999.9 1 -9999.9 1 -9999.9 1   193.4 0 -9999.9 1
 1999 196  7 15  3 18  3.300 107.61    -3.5 0 -9999.9 1 -9999.9 1    -0.7 0   305.2 0   307.3 0   305.6 0   380.8 0   290.5 0   290.4 0     0.0 2    -0.2 0 -9999.9 1   -75.6 0 -9999.9 1 -9999.9 1 -9999.9 1 -9999.9 1   186.7 0 -9999.9 1
 1999 196  7 15  3 21  3.350 107.97    -3.4 0 -9999.9 1 -9999.9 1    -1.1 0   304.2 0   307.2 0   305.9 0   379.8 0   290.5 0   290.3 0     0.0 2    -0.2 0 -9999.9 1   -75.6 0 -9999.9 1 -9999.9 1 -9999.9 1 -9999.9 1   188.1 0 -9999.9 1
 1999 196  7 15  3 24  3.400 108.33    -3.3 0 -9999.9 1 -9999.9 1    -1.3 0   304.3 0   307.2 0   305.9 0   379.0 0   290.4 0   290.3 0     0.0 2    -0.2 0 -9999.9 1   -74.7 0 -9999.9 1 -9999.9 1 -9999.9 1 -9999.9 1   188.0 0 -9999.9 1
 1999 196  7 15  3 27  3.450 108.68    -3.3 0 -9999.9 1 -9999.9 1    -1.5 0   304.4 0   307.1 0   306.0 0   378.6 0   290.3 0   290.2 0     0.0 2    -0.2 0 -9999.9 1   -74.2 0 -9999.9 1 -9999.9 1 -9999.9 1 -9999.9 1   189.5 0 -9999.9 1
 1999 196  7 15  3 33  3.550 109.38    -3.3 0 -9999.9 1 -9999.9 1    -1.5 0   305.1 0   307.1 0   305.6 0   378.2 0   290.2 0   290.1 0     0.0 2    -0.2 0 -9999.9 1   -73.1 0 -9999.9 1 -9999.9 1 -9999.9 1 -9999.9 1   185.1 0 -9999.9 1
 1999 196  7 15  3 36  3.600 109.71    -3.3 0 -9999.9 1 -9999.9 1    -1.6 0   305.0 0   306.9 0   305.4 0   377.7 0   290.1 0   290.0 0     0.0 2    -0.1 0 -9999.9 1   -72.6 0 -9999.9 1 -9999.9 1 -9999.9 1 -9999.9 1   181.7 0 -9999.9 1
 1999 196  7 15  3 39  3.650 110.05    -3.2 0 -9999.9 1 -9999.9 1    -1.8 0   303.7 0   306.8 0   305.5 0   376.5 0   290.0 0   289.8 0     0.0 2    -0.1 0 -9999.9 1   -72.9 0 -9999.9 1 -9999.9 1 -9999.9 1 -9999.9 1   180.4 0 -9999.9 1
 1999 196  7 15  3 42  3.700 110.37    -3.1 0 -9999.9 1 -9999.9 1    -1.9 0   302.5 0   306.7 0   305.4 0   375.9 0   289.8 0   289.7 0     0.0 2    -0.2 0 -9999.9 1   -73.5 0 -9999.9 1 -9999.9 1 -9999.9 1 -9999.9 1   178.6 0 -9999.9 1
 1999 196  7 15  3 48  3.800 111.01    -3.2 0 -9999.9 1 -9999.9 1    -1.8 0   302.5 0   306.7 0   305.6 0   375.6 0   289.6 0   289.5 0     0.0 2    -0.1 0 -9999.9 1   -73.1 0 -9999.9 1 -9999.9 1 -9999.9 1 -9999.9 1   182.3 0 -9999.9 1
 1999 196  7 15  3 51  3.850 111.32    -3.2 0 -9999.9 1 -9999.9 1    -1.7 0   302.0 0   306.6 0   305.5 0   375.5 0   289.6 0   289.4 0     0.0 2    -0.2 0 -9999.9 1   -73.4 0 -9999.9 1 -9999.9 1 -9999.9 1 -9999.9 1   178.8 0 -9999.9 1
 1999 196  7 15  3 54  3.900 111.63    -3.2 0 -9999.9 1 -9999.9 1    -1.4 0   303.0 0   306.6 0   305.3 0   375.9 0   289.5 0   289.4 0     0.0 2    -0.2 0 -9999.9 1   -72.8 0 -9999.9 1 -9999.9 1 -9999.9 1 -9999.9 1   177.4 0 -9999.9 1
 1999 196  7 15  3 57  3.950 111.93    -3.2 0 -9999.9 1 -9999.9 1    -1.5 0   302.5 0   306.6 0   305.4 0   376.1 0   289.4 0   289.3 0     0.0 2    -0.1 0 -9999.9 1   -73.6 0 -9999.9 1 -9999.9 1 -9999.9 1 -9999.9 1   179.4 0 -9999.9 1
 1999 196  7 15  4  3  4.050 112.51    -3.3 0 -9999.9 1 -9999.9 1    -1.2 0   303.2 0   306.5 0   304.9 0   376.3 0   289.2 0   289.1 0     0.0 2    -0.1 0 -9999.9 1   -73.1 0 -9999.9 1 -9999.9 1 -9999.9 1 -9999.9 1   185.8 0 -9999.9 1
 1999 196  7 15  4  6  4.100 112.79    -3.4 0 -9999.9 1 -9999.9 1    -1.1 0   304.0 0   306.4 0   304.7 0   377.1 0   289.2 0   289.1 0     0.0 2    -0.1 0 -9999.9 1   -73.1 0 -9999.9 1 -9999.9 1 -9999.9 1 -9999.9 1   185.7 0 -9999.9 1
 1999 196  7 15  4  9  4.150 113.06    -3.5 0 -9999.9 1 -9999.9 1    -0.9 0   303.4 0   306.3 0   304.6 0   377.7 0   289.1 0   289.0 0     0.0 2    -0.1 0 -9999.9 1   -74.4 0 -9999.9 1 -9999.9 1 -9999.9 1 -9999.9 1   184.1 0 -9999.9 1
 1999 196  7 15  4 12  4.200 113.33    -3.6 0 -9999.9 1 -9999.9 1    -0.6 0   302.7 0   306.3 0   304.5 0   378.6 0   289.0 0   289.0 0     0.0 2    -0.2 0 -9999.9 1   -75.8 0 -9999.9 1 -9999.9 1 -9999.9 1 -9999.9 1   183.2 0 -9999.9 1
 1999 196  7 15  4 18  4.300 113.85    -3.7 0 -9999.9 1 -9999.9 1     0.1 0   302.2 0   306.2 0   304.4 0   380.8 0   289.0 0   289.0 0     0.0 2    -0.1 0 -9999.9 1   -78.6 0 -9999.9 1 -9999.9 1 -9999.9 1 -9999.9 1   189.1 0 -9999.9 1
 1999 196  7 15  4 21  4.350 114.10    -3.9 0 -9999.9 1 -9999.9 1     0.9 0   303.7 0   306.1 0   304.1 0   382.4 0   289.0 0   288.9 0     0.0 2    -0.2 0 -9999.9 1   -78.7 0 -9999.9 1 -9999.9 1 -9999.9 1 -9999.9 1   193.4 0 -9999.9 1
 1999 196  7 15  4 24  4.400 114.35    -4.1 0 -9999.9 1 -9999.9 1     1.3 0   304.3 0   306.0 0   304.0 0   383.1 0   289.0 0   288.9 0     0.0 2    -0.2 0 -9999.9 1   -78.9 0 -9999.9 1 -9999.9 1 -9999.9 1 -9999.9 1   191.9 0 -9999.9 1
 1999 196  7 15  4 27  4.450 114.58    -4.2 0 -9999.9 1 -9999.9 1     1.3 0   303.5 0   305.9 0   304.1 0   383.6 0   289.0 0   288.9 0     0.0 2    -0.2 0 -9999.9 1   -80.2 0 -9999.9 1 -9999.9 1 -9999.9 1 -9999.9 1   191.8 0 -9999.9 1
 1999 196  7 15  4 33  4.550 115.04    -4.1 0 -9999.9 1 -9999.9 1     1.6 0   303.6 0   305.7 0   304.0 0   384.1 0   289.0 0   289.0 0     0.0 2    -0.2 0 -9999.9 1   -80.4 0 -9999.9 1 -9999.9 1 -9999.9 1 -9999.9 1   189.5 0 -9999.9 1
 1999 196  7 15  4 36  4.600 115.26    -4.3 0 -9999.9 1 -9999.9 1     2.0 0   304.3 0   305.6 0   303.8 0   384.4 0   289.1 0   289.0 0     0.0 2    -0.2 0 -9999.9 1   -80.0 0 -9999.9 1 -9999.9 1 -9999.9 1 -9999.9 1   190.0 0 -9999.9 1
 1999 196  7 15  4 39  4.650 115.47    -4.3 0 -9999.9 1 -9999.9 1     2.2 0   303.9 0   305.5 0   303.7 0   384.6 0   289.0 0   289.0 0     0.0 2    -0.2 0 -9999.9 1   -80.7 0 -9999.9 1 -9999.9 1 -9999.9 1 -9999.9 1   191.3 0 -9999.9 1
 1999 196  7 15  4 42  4.700 115.67    -4.4 0 -9999.9 1 -9999.9 1     2.2 0   304.5 0   305.4 0   303.6 0   384.5 0   289.0 0   289.0 0     0.0 2    -0.2 0 -9999.9 1   -80.0 0 -9999.9 1 -9999.9 1 -9999.9 1 -9999.9 1   191.2 0 -9999.9 1
 1999 196  7 15  4 48  4.800 116.06    -4.2 0 -9999.9 1 -9999.9 1     1.9 0   303.4 0   305.3 0   303.6 0   382.9 0   289.0 0   288.9 0     0.0 2    -0.2 0 -9999.9 1   -79.5 0 -9999.9 1 -9999.9 1 -9999.9 1 -9999.9 1   193.8 0 -9999.9 1
 1999 196  7 15  4 51  4.850 116.24    -4.1 0 -9999.9 1 -9999.9 1     1.5 0   303.0 0   305.2 0   303.6 0   382.2 0   289.0 0   288.9 0     0.0 2    -0.2 0 -9999.9 1   -79.1 0 -9999.9 1 -9999.9 1 -9999.9 1 -9999.9 1   192.6 0 -9999.9 1
 1999 196  7 15  4 54  4.900 116.41    -4.0 0 -9999.9 1 -9999.9 1     1.5 0   303.8 0   305.2 0   303.5 0   381.9 0   289.0 0   288.9 0     0.0 2    -0.2 0 -9999.9 1   -78.2 0 -9999.9 1 -9999.9 1 -9999.9 1 -9999.9 1   190.9 0 -9999.9 1
 1999 196  7 15  4 57  4.950 116.58    -3.9 0 -9999.9 1 -9999.9 1     1.6 0   304.1 0   305.1 0   303.5 0   381.7 0   289.0 0   288.9 0     0.0 2    -0.2 0 -9999.9 1   -77.6 0 -9999.9 1 -9999.9 1 -9999.9 1 -9999.9 1   190.5 0 -9999.9 1
 1999 196  7 15  5  3  5.050 116.90    -3.7 0 -9999.9 1 -9999.9 1     1.1 0   304.0 0   305.1 0   303.7 0   380.2 0   289.0 0   288.9 0     0.0 2    -0.2 0 -9999.9 1   -76.2 0 -9999.9 1 -9999.9 1 -9999.9 1 -9999.9 1   192.1 0 -9999.9 1
 1999 196  7 15  5  6  5.100 117.04    -3.6 0 -9999.9 1 -9999.9 1     0.5 0   303.3 0   305.0 0   303.9 0   379.2 0   289.0 0   288.9 0     0.0 2    -0.2 0 -9999.9 1   -75.9 0 -9999.9 1 -9999.9 1 -9999.9 1 -9999.9 1   193.0 0 -9999.9 1
 1999 196  7 15  5  9  5.150 117.18    -3.5 0 -9999.9 1 -9999.9 1     0.1 0   302.3 0   305.0 0   303.9 0   378.1 0   288.9 0   288.9 0     0.0 2    -0.2 0 -9999.9 1   -75.8 0 -9999.9 1 -9999.9 1 -9999.9 1 -9999.9 1   190.9 0 -9999.9 1
 1999 196  7 15  5 12  5.200 117.31    -3.6 0 -9999.9 1 -9999.9 1    -0.2 0   302.3 0   304.9 0   303.8 0   377.2 0   288.9 0   288.8 0     0.0 2    -0.2 0 -9999.9 1   -75.0 0 -9999.9 1 -9999.9 1 -9999.9 1 -9999.9 1   191.1 0 -9999.9 1
 1999 196  7 15  5 18  5.300 117.55    -3.4 0 -9999.9 1 -9999.9 1     0.0 0   302.1 0   304.9 0   303.7 0   376.1 0   288.8 0   288.7 0     0.0 2    -0.2 0 -9999.9 1   -74.0 0 -9999.9 1 -9999.9 1 -9999.9 1 -9999.9 1   194.6 0 -9999.9 1
 1999 196  7 15  5 21  5.350 117.66    -3.3 0 -9999.9 1 -9999.9 1     0.5 0   302.5 0   304.9 0   303.5 0   376.0 0   288.8 0   288.7 0     0.0 2    -0.2 0 -9999.9 1   -73.5 0 -9999.9 1 -9999.9 1 -9999.9 1 -9999.9 1   192.8 0 -9999.9 1
 1999 196  7 15  5 24  5.400 117.76    -3.4 0 -9999.9 1 -9999.9 1     0.1 0   302.7 0   304.9 0   303.6 0   375.3 0   288.8 0   288.7 0     0.0 2    -0.2 0 -9999.9 1   -72.6 0 -9999.9 1 -9999.9 1 -9999.9 1 -9999.9 1   191.3 0 -9999.9 1
 1999 196  7 15  5 27  5.450 117.85    -3.3 0 -9999.9 1 -9999.9 1    -0.7 0   302.0 0   304.9 0   304.0 0   374.6 0   288.7 0   288.7 0     0.0 2    -0.2 0 -9999.9 1   -72.6 0 -9999.9 1 -9999.9 1 -9999.9 1 -9999.9 1   193.5 0 -9999.9 1
 1999 196  7 15  5 33  5.550 118.02    -3.2 0 -9999.9 1 -9999.9 1    -0.8 0   302.4 0   305.0 0   303.7 0   374.1 0   288.7 0   288.6 0     0.0 2    -0.2 0 -9999.9 1   -71.7 0 -9999.9 1 -9999.9 1 -9999.9 1 -9999.9 1   194.1 0 -9999.9 1
 1999 196  7 15  5 36  5.600 118.09    -3.2 0 -9999.9 1 -9999.9 1    -0.9 0   302.7 0   305.0 0   303.6 0   374.4 0   288.6 0   288.6 0     0.0 2    -0.2 0 -9999.9 1   -71.7 0 -9999.9 1 -9999.9 1 -9999.9 1 -9999.9 1   193.4 0 -9999.9 1
 1999 196  7 15  5 39  5.650 118.15    -3.1 0 -9999.9 1 -9999.9 1    -0.6 0   303.5 0   305.0 0   303.6 0   374.4 0   288.6 0   288.5 0     0.0 2    -0.2 0 -9999.9 1   -70.8 0 -9999.9 1 -9999.9 1 -9999.9 1 -9999.9 1   192.6 0 -9999.9 1
 1999 196  7 15  5 42  5.700 118.20    -3.0 0 -9999.9 1 -9999.9 1    -0.7 0   302.7 0   305.0 0   303.8 0   374.1 0   288.6 0   288.5 0     0.0 2    -0.1 0 -9999.9 1   -71.4 0 -9999.9 1 -9999.9 1 -9999.9 1 -9999.9 1   195.3 0 -9999.9 1
 1999 196  7 15  5 48  5.800 118.29    -3.0 0 -9999.9 1 -9999.9 1    -1.2 0   302.2 0   305.0 0   303.7 0   373.6 0   288.5 0   288.4 0     0.0 2    -0.1 0 -9999.9 1   -71.4 0 -9999.9 1 -9999.9 1 -9999.9 1 -9999.9 1   190.3 0 -9999.9 1
 1999 196  7 15  5 51  5.850 118.32    -3.0 0 -9999.9 1 -9999.9 1    -1.2 0   303.0 0   305.0 0   303.4 0   373.8 0   288.4 0   288.4 0     0.0 2    -0.2 0 -9999.9 1   -70.8 0 -9999.9 1 -9999.9 1 -9999.9 1 -9999.9 1   187.7 0 -9999.9 1
 1999 196  7 15  5 54  5.900 118.34    -3.1 0 -9999.9 1 -9999.9 1    -0.7 0   303.9 0   305.0 0   303.3 0   374.1 0   288.4 0   288.4 0     0.0 2    -0.2 0 -9999.9 1   -70.2 0 -9999.9 1 -9999.9 1 -9999.9 1 -9999.9 1   186.6 0 -9999.9 1
 1999 196  7 15  5 57  5.950 118.35    -3.2 0 -9999.9 1 -9999.9 1    -0.7 0   303.0 0   304.9 0   303.3 0   374.1 0   288.4 0   288.4 0     0.0 2    -0.2 0 -9999.9 1   -71.2 0 -9999.9 1 -9999.9 1 -9999.9 1 -9999.9 1   184.6 0 -9999.9 1
 1999 196  7 15  6  3  6.050 118.36    -3.4 0 -9999.9 1 -9999.9 1    -0.3 0   303.1 0   304.9 0   303.2 0   374.5 0   288.5 0   288.4 0     0.0 2    -0.2 0 -9999.9 1   -71.4 0 -9999.9 1 -9999.9 1 -9999.9 1 -9999.9 1   182.9 0 -9999.9 1
 1999 196  7 15  6  6  6.100 118.35    -3.5 0 -9999.9 1 -9999.9 1    -0.3 0   302.6 0   304.9 0   303.4 0   374.2 0   288.4 0   288.4 0     0.0 2    -0.1 0 -9999.9 1   -71.6 0 -9999.9 1 -9999.9 1 -9999.9 1 -9999.9 1   181.6 0 -9999.9 1
 1999 196  7 15  6  9  6.150 118.33    -3.4 0 -9999.9 1 -9999.9 1    -0.8 0   302.0 0   304.9 0   303.7 0   373.2 0   288.4 0   288.3 0     0.0 2    -0.2 0 -9999.9 1   -71.2 0 -9999.9 1 -9999.9 1 -9999.9 1 -9999.9 1   179.9 0 -9999.9 1
 1999 196  7 15  6 12  6.200 118.31    -3.4 0 -9999.9 1 -9999.9 1    -0.9 0   301.4 0   304.8 0   303.6 0   372.5 0   288.3 0   288.3 0     0.0 2    -0.1 0 -9999.9 1   -71.0 0 -9999.9 1 -9999.9 1 -9999.9 1 -9999.9 1   177.1 0 -9999.9 1
 1999 196  7 15  6 18  6.300 118.23    -3.4 0 -9999.9 1 -9999.9 1    -0.8 0   301.3 0   304.7 0   303.2 0   372.2 0   288.2 0   288.1 0     0.0 2    -0.2 0 -9999.9 1   -70.8 0 -9999.9 1 -9999.9 1 -9999.9 1 -9999.9 1   178.2 0 -9999.9 1
 1999 196  7 15  6 21  6.350 118.19    -3.4 0 -9999.9 1 -9999.9 1    -0.7 0   302.2 0   304.7 0   303.1 0   372.1 0   288.2 0   288.1 0     0.0 2    -0.2 0 -9999.9 1   -69.9 0 -9999.9 1 -9999.9 1 -9999.9 1 -9999.9 1   177.7 0 -9999.9 1
 1999 196  7 15  6 24  6.400 118.13    -3.3 0 -9999.9 1 -9999.9 1    -0.5 0   301.6 0   304.7 0   303.1 0   372.2 0   288.1 0   288.0 0     0.0 2    -0.2 0 -9999.9 1   -70.6 0 -9999.9 1 -9999.9 1 -9999.9 1 -9999.9 1   177.9 0 -9999.9 1
 1999 196  7 15  6 27  6.450 118.06    -3.4 0 -9999.9 1 -9999.9 1    -0.7 0   301.0 0   304.6 0   303.3 0   372.2 0   288.1 0   288.0 0     0.0 2    -0.1 0 -9999.9 1   -71.2 0 -9999.9 1 -9999.9 1 -9999.9 1 -9999.9 1   182.4 0 -9999.9 1
 1999 196  7 15  6 33  6.550 117.91    -3.5 0 -9999.9 1 -9999.9 1    -0.8 0   300.6 0   304.6 0   303.5 0   371.5 0   288.0 0   287.9 0     0.0 2    -0.1 0 -9999.9 1   -70.9 0 -9999.9 1 -9999.9 1 -9999.9 1 -9999.9 1   181.0 0 -9999.9 1
 1999 196  7 15  6 36  6.600 117.82    -3.4 0 -9999.9 1 -9999.9 1    -0.9 0   300.7 0   304.6 0   303.3 0   371.3 0   287.9 0   287.8 0     0.0 2    -0.1 0 -9999.9 1   -70.6 0 -9999.9 1 -9999.9 1 -9999.9 1 -9999.9 1   183.6 0 -9999.9 1
 1999 196  7 15  6 39  6.650 117.73    -3.4 0 -9999.9 1 -9999.9 1    -0.9 0   301.6 0   304.5 0   303.1 0   371.0 0   287.8 0   287.7 0     0.0 2    -0.1 0 -9999.9 1   -69.4 0 -9999.9 1 -9999.9 1 -9999.9 1 -9999.9 1   185.6 0 -9999.9 1
 1999 196  7 15  6 42  6.700 117.62    -3.5 0 -9999.9 1 -9999.9 1    -0.2 0   301.1 0   304.5 0   302.8 0   371.2 0   287.7 0   287.6 0     0.0 2    -0.2 0 -9999.9 1   -70.0 0 -9999.9 1 -9999.9 1 -9999.9 1 -9999.9 1   186.7 0 -9999.9 1
 1999 196  7 15  6 48  6.800 117.39    -3.4 0 -9999.9 1 -9999.9 1    -0.2 0   300.5 0   304.4 0   302.7 0   371.3 0   287.6 0   287.5 0     0.0 2    -0.2 0 -9999.9 1   -70.8 0 -9999.9 1 -9999.9 1 -9999.9 1 -9999.9 1   184.1 0 -9999.9 1
 1999 196  7 15  6 51  6.850 117.27    -3.4 0 -9999.9 1 -9999.9 1    -0.4 0   300.5 0   304.3 0   302.8 0   371.2 0   287.5 0   287.4 0     0.0 2    -0.2 0 -9999.9 1   -70.8 0 -9999.9 1 -9999.9 1 -9999.9 1 -9999.9 1   185.3 0 -9999.9 1
 1999 196  7 15  6 54  6.900 117.13    -3.3 0 -9999.9 1 -9999.9 1    -0.6 0   299.9 0   304.3 0   302.9 0   370.9 0   287.5 0   287.4 0     0.0 2    -0.2 0 -9999.9 1   -71.0 0 -9999.9 1 -9999.9 1 -9999.9 1 -9999.9 1   186.6 0 -9999.9 1
 1999 196  7 15  6 57  6.950 116.99    -3.4 0 -9999.9 1 -9999.9 1    -0.9 0   299.3 0   304.2 0   303.0 0   370.4 0   287.4 0   287.3 0     0.0 2    -0.2 0 -9999.9 1   -71.1 0 -9999.9 1 -9999.9 1 -9999.9 1 -9999.9 1   186.2 0 -9999.9 1
 1999 196  7 15  7  3  7.050 116.69    -3.5 0 -9999.9 1 -9999.9 1    -0.9 0   300.5 0   304.2 0   302.6 0   370.4 0   287.3 0   287.3 0     0.0 2    -0.2 0 -9999.9 1   -69.9 0 -9999.9 1 -9999.9 1 -9999.9 1 -9999.9 1   181.3 0 -9999.9 1
 1999 196  7 15  7  6  7.100 116.53    -3.4 0 -9999.9 1 -9999.9 1    -0.9 0   300.2 0   304.1 0   302.6 0   370.1 0   287.3 0   287.2 0     0.0 2    -0.2 0 -9999.9 1   -69.9 0 -9999.9 1 -9999.9 1 -9999.9 1 -9999.9 1   179.3 0 -9999.9 1
 1999 196  7 15  7  9  7.150 116.35    -3.4 0 -9999.9 1 -9999.9 1    -0.7 0   299.8 0   304.1 0   302.6 0   370.0 0   287.3 0   287.2 0     0.0 2    -0.2 0 -9999.9 1   -70.2 0 -9999.9 1 -9999.9 1 -9999.9 1 -9999.9 1   183.0 0 -9999.9 1
 1999 196  7 15  7 12  7.200 116.18    -3.5 0 -9999.9 1 -9999.9 1    -0.3 0   299.5 0   304.0 0   302.5 0   370.4 0   287.2 0   287.1 0     0.0 2    -0.2 0 -9999.9 1   -70.9 0 -9999.9 1 -9999.9 1 -9999.9 1 -9999.9 1   185.2 0 -9999.9 1
 1999 196  7 15  7 18  7.300 115.80    -3.7 0 -9999.9 1 -9999.9 1     0.5 0   301.2 0   304.0 0   302.4 0   372.9 0   287.2 0   287.1 0     0.0 2    -0.2 0 -9999.9 1   -71.7 0 -9999.9 1 -9999.9 1 -9999.9 1 -9999.9 1   186.0 0 -9999.9 1
 1999 196  7 15  7 21  7.350 115.60    -3.7 0 -9999.9 1 -9999.9 1     0.6 0   301.8 0   304.0 0   302.4 0   374.9 0   287.2 0   287.2 0     0.0 2    -0.2 0 -9999.9 1   -73.1 0 -9999.9 1 -9999.9 1 -9999.9 1 -9999.9 1   185.8 0 -9999.9 1
 1999 196  7 15  7 24  7.400 115.40    -4.0 0 -9999.9 1 -9999.9 1     1.2 0   302.1 0   304.0 0   302.2 0   376.9 0   287.2 0   287.2 0     0.0 2    -0.2 0 -9999.9 1   -74.8 0 -9999.9 1 -9999.9 1 -9999.9 1 -9999.9 1   188.4 0 -9999.9 1
 1999 196  7 15  7 27  7.450 115.18    -4.1 0 -9999.9 1 -9999.9 1     1.4 0   301.9 0   304.0 0   302.3 0   377.5 0   287.3 0   287.2 0     0.0 2    -0.2 0 -9999.9 1   -75.6 0 -9999.9 1 -9999.9 1 -9999.9 1 -9999.9 1   191.5 0 -9999.9 1
 1999 196  7 15  7 33  7.550 114.74    -4.0 0 -9999.9 1 -9999.9 1     1.5 0   302.0 0   304.0 0   302.3 0   377.7 0   287.4 0   287.4 0     0.0 2    -0.2 0 -9999.9 1   -75.7 0 -9999.9 1 -9999.9 1 -9999.9 1 -9999.9 1   190.7 0 -9999.9 1
 1999 196  7 15  7 36  7.600 114.50    -4.0 0 -9999.9 1 -9999.9 1     1.6 0   302.7 0   304.0 0   302.3 0   377.8 0   287.5 0   287.4 0     0.0 2    -0.2 0 -9999.9 1   -75.1 0 -9999.9 1 -9999.9 1 -9999.9 1 -9999.9 1   190.1 0 -9999.9 1
 1999 196  7 15  7 39  7.650 114.26    -4.0 0 -9999.9 1 -9999.9 1     1.6 0   303.3 0   303.9 0   302.2 0   377.6 0   287.5 0   287.4 0     0.0 2    -0.2 0 -9999.9 1   -74.2 0 -9999.9 1 -9999.9 1 -9999.9 1 -9999.9 1   188.1 0 -9999.9 1
 1999 196  7 15  7 42  7.700 114.02    -4.0 0 -9999.9 1 -9999.9 1     1.6 0   303.3 0   303.9 0   302.2 0   377.5 0   287.5 0   287.4 0     0.0 2    -0.2 0 -9999.9 1   -74.3 0 -9999.9 1 -9999.9 1 -9999.9 1 -9999.9 1   184.5 0 -9999.9 1
 1999 196  7 15  7 48  7.800 113.51    -3.9 0 -9999.9 1 -9999.9 1     1.3 0   303.9 0   303.9 0   302.3 0   377.6 0   287.5 0   287.5 0     0.0 2    -0.2 0 -9999.9 1   -73.8 0 -9999.9 1 -9999.9 1 -9999.9 1 -9999.9 1   202.7 0 -9999.9 1
 1999 196  7 15  7 51  7.850 113.24    -4.1 0 -9999.9 1 -9999.9 1     0.7 0   304.3 0   303.8 0   302.2 0   377.4 0   287.5 0   287.4 0     0.0 2    -0.2 0 -9999.9 1   -73.1 0 -9999.9 1 -9999.9 1 -9999.9 1 -9999.9 1   222.3 0 -9999.9 1
 1999 196  7 15  7 54  7.900 112.97    -4.0 0 -9999.9 1 -9999.9 1     0.7 0   304.4 0   303.7 0   302.0 0   377.0 0   287.5 0   287.4 0     0.0 2    -0.2 0 -9999.9 1   -72.6 0 -9999.9 1 -9999.9 1 -9999.9 1 -9999.9 1   232.0 0 -9999.9 1
 1999 196  7 15  7 57  7.950 112.69    -4.0 0 -9999.9 1 -9999.9 1     0.2 0   303.3 0   303.6 0   302.1 0   377.1 0   287.5 0   287.4 0     0.0 2    -0.2 0 -9999.9 1   -73.9 0 -9999.9 1 -9999.9 1 -9999.9 1 -9999.9 1   228.6 0 -9999.9 1
 1999 196  7 15  8  3  8.050 112.12    -3.5 0 -9999.9 1 -9999.9 1     0.6 0   301.6 0   303.5 0   302.2 0   375.8 0   287.5 0   287.4 0     0.0 2    -0.2 0 -9999.9 1   -74.3 0 -9999.9 1 -9999.9 1 -9999.9 1 -9999.9 1   211.7 0 -9999.9 1
 1999 196  7 15  8  6  8.100 111.82    -3.5 0 -9999.9 1 -9999.9 1     0.7 0   301.5 0   303.5 0   302.1 0   375.4 0   287.4 0   287.4 0     0.0 2    -0.2 0 -9999.9 1   -73.9 0 -9999.9 1 -9999.9 1 -9999.9 1 -9999.9 1   207.4 0 -9999.9 1
 1999 196  7 15  8  9  8.150 111.52    -3.4 0 -9999.9 1 -9999.9 1     0.6 0   301.8 0   303.5 0   302.2 0   375.5 0   287.5 0   287.4 0     0.0 2    -0.2 0 -9999.9 1   -73.7 0 -9999.9 1 -9999.9 1 -9999.9 1 -9999.9 1   205.6 0 -9999.9 1
 1999 196  7 15  8 12  8.200 111.22    -3.4 0 -9999.9 1 -9999.9 1     0.6 0   301.4 0   303.5 0   302.2 0   374.7 0   287.4 0   287.4 0     0.0 2    -0.2 0 -9999.9 1   -73.3 0 -9999.9 1 -9999.9 1 -9999.9 1 -9999.9 1   206.2 0 -9999.9 1
 1999 196  7 15  8 18  8.300 110.58    -3.5 0 -9999.9 1 -9999.9 1    -0.2 0   301.4 0   303.5 0   302.3 0   373.1 0   287.4 0   287.4 0     0.0 2    -0.2 0 -9999.9 1   -71.7 0 -9999.9 1 -9999.9 1 -9999.9 1 -9999.9 1   210.2 0 -9999.9 1
 1999 196  7 15  8 21  8.350 110.26    -3.4 0 -9999.9 1 -9999.9 1     0.5 0   302.4 0   303.5 0   302.2 0   373.2 0   287.5 0   287.4 0     0.0 2    -0.2 0 -9999.9 1   -70.7 0 -9999.9 1 -9999.9 1 -9999.9 1 -9999.9 1   209.2 0 -9999.9 1
 1999 196  7 15  8 24  8.400 109.93    -3.3 0 -9999.9 1 -9999.9 1     0.7 0   302.5 0   303.5 0   302.2 0   373.4 0   287.5 0   287.4 0     0.0 2    -0.2 0 -9999.9 1   -70.9 0 -9999.9 1 -9999.9 1 -9999.9 1 -9999.9 1   208.0 0 -9999.9 1
 1999 196  7 15  8 27  8.450 109.60    -3.4 0 -9999.9 1 -9999.9 1     0.7 0   303.0 0   303.5 0   302.1 0   374.5 0   287.5 0   287.5 0     0.0 2    -0.2 0 -9999.9 1   -71.4 0 -9999.9 1 -9999.9 1 -9999.9 1 -9999.9 1   209.2 0 -9999.9 1
 1999 196  7 15  8 33  8.550 108.91    -3.6 0 -9999.9 1 -9999.9 1     0.9 0   303.2 0   303.6 0   302.1 0   375.6 0   287.6 0   287.6 0     0.0 2    -0.2 0 -9999.9 1   -72.4 0 -9999.9 1 -9999.9 1 -9999.9 1 -9999.9 1   213.4 0 -9999.9 1
 1999 196  7 15  8 36  8.600 108.56    -3.6 0 -9999.9 1 -9999.9 1     1.4 0   303.1 0   303.6 0   302.0 0   376.3 0   287.6 0   287.5 0     0.0 2    -0.2 0 -9999.9 1   -73.2 0 -9999.9 1 -9999.9 1 -9999.9 1 -9999.9 1   212.0 0 -9999.9 1
 1999 196  7 15  8 39  8.650 108.21    -3.7 0 -9999.9 1 -9999.9 1     1.5 0   303.0 0   303.6 0   302.1 0   376.5 0   287.6 0   287.5 0     0.0 2    -0.2 0 -9999.9 1   -73.5 0 -9999.9 1 -9999.9 1 -9999.9 1 -9999.9 1   211.3 0 -9999.9 1
 1999 196  7 15  8 42  8.700 107.85    -3.7 0 -9999.9 1 -9999.9 1     1.2 0   302.4 0   303.6 0   302.1 0   376.0 0   287.5 0   287.4 0     0.0 2    -0.2 0 -9999.9 1   -73.7 0 -9999.9 1 -9999.9 1 -9999.9 1 -9999.9 1   212.5 0 -9999.9 1
 1999 196  7 15  8 48  8.800 107.11    -3.6 0 -9999.9 1 -9999.9 1     1.1 0   302.0 0   303.6 0   302.3 0   375.7 0   287.5 0   287.4 0     0.0 2    -0.2 0 -9999.9 1   -73.6 0 -9999.9 1 -9999.9 1 -9999.9 1 -9999.9 1   211.5 0 -9999.9 1
 1999 196  7 15  8 51  8.850 106.74    -3.7 0 -9999.9 1 -9999.9 1     0.8 0   301.8 0   303.6 0   302.2 0   375.0 0   287.4 0   287.3 0     0.0 2    -0.1 0 -9999.9 1   -73.2 0 -9999.9 1 -9999.9 1 -9999.9 1 -9999.9 1   213.1 0 -9999.9 1
 1999 196  7 15  8 54  8.900 106.36    -3.6 0 -9999.9 1 -9999.9 1     0.7 0   302.0 0   303.6 0   302.2 0   374.8 0   287.4 0   287.3 0     0.0 2    -0.2 0 -9999.9 1   -72.7 0 -9999.9 1 -9999.9 1 -9999.9 1 -9999.9 1   211.8 0 -9999.9 1
 1999 196  7 15  8 57  8.950 105.98    -3.6 0 -9999.9 1 -9999.9 1     1.1 0   302.6 0   303.6 0   302.2 0   374.9 0   287.4 0   287.3 0     0.0 2    -0.1 0 -9999.9 1   -72.3 0 -9999.9 1 -9999.9 1 -9999.9 1 -9999.9 1   211.2 0 -9999.9 1
 1999 196  7 15  9  3  9.050 105.20    -3.5 0 -9999.9 1 -9999.9 1     1.3 0   303.0 0   303.7 0   302.2 0   375.8 0   287.4 0   287.3 0     0.0 2    -0.1 0 -9999.9 1   -72.8 0 -9999.9 1 -9999.9 1 -9999.9 1 -9999.9 1   212.7 0 -9999.9 1
 1999 196  7 15  9  6  9.100 104.80    -3.6 0 -9999.9 1 -9999.9 1     1.3 0   303.1 0   303.7 0   302.2 0   376.1 0   287.3 0   287.3 0     0.0 2    -0.2 0 -9999.9 1   -73.0 0 -9999.9 1 -9999.9 1 -9999.9 1 -9999.9 1   213.8 0 -9999.9 1
 1999 196  7 15  9  9  9.150 104.40    -3.7 0 -9999.9 1 -9999.9 1     1.2 0   303.3 0   303.7 0   302.2 0   376.7 0   287.3 0   287.2 0     0.0 2    -0.1 0 -9999.9 1   -73.5 0 -9999.9 1 -9999.9 1 -9999.9 1 -9999.9 1   213.7 0 -9999.9 1
 1999 196  7 15  9 12  9.200 103.99    -3.7 0 -9999.9 1 -9999.9 1     1.2 0   303.4 0   303.6 0   302.2 0   376.9 0   287.3 0   287.2 0     0.0 2    -0.1 0 -9999.9 1   -73.5 0 -9999.9 1 -9999.9 1 -9999.9 1 -9999.9 1   214.2 0 -9999.9 1
 1999 196  7 15  9 18  9.300 103.17    -3.8 0 -9999.9 1 -9999.9 1     1.3 0   302.3 0   303.5 0   302.2 0   376.4 0   287.1 0   287.1 0     0.0 2    -0.2 0 -9999.9 1   -74.0 0 -9999.9 1 -9999.9 1 -9999.9 1 -9999.9 1   214.8 0 -9999.9 1
 1999 196  7 15  9 21  9.350 102.75    -3.7 0 -9999.9 1 -9999.9 1     1.3 0   302.1 0   303.5 0   302.1 0   376.1 0   287.1 0   287.1 0     0.0 2    -0.2 0 -9999.9 1   -74.1 0 -9999.9 1 -9999.9 1 -9999.9 1 -9999.9 1   215.8 0 -9999.9 1
 1999 196  7 15  9 24  9.400 102.33    -3.7 0 -9999.9 1 -9999.9 1     1.4 0   302.2 0   303.6 0   302.1 0   376.1 0   287.1 0   287.1 0     0.0 2    -0.2 0 -9999.9 1   -73.9 0 -9999.9 1 -9999.9 1 -9999.9 1 -9999.9 1   216.6 0 -9999.9 1
 1999 196  7 15  9 27  9.450 101.91    -3.7 0 -9999.9 1 -9999.9 1     1.3 0   302.2 0   303.6 0   302.1 0   375.8 0   287.1 0   287.0 0     0.0 2    -0.2 0 -9999.9 1   -73.6 0 -9999.9 1 -9999.9 1 -9999.9 1 -9999.9 1   217.2 0 -9999.9 1
 1999 196  7 15  9 33  9.550 101.05    -3.7 0 -9999.9 1 -9999.9 1     0.7 0   302.3 0   303.6 0   302.3 0   375.1 0   287.1 0   287.0 0     0.0 2    -0.2 0 -9999.9 1   -72.8 0 -9999.9 1 -9999.9 1 -9999.9 1 -9999.9 1   213.0 0 -9999.9 1
 1999 196  7 15  9 36  9.600 100.61    -3.5 0 -9999.9 1 -9999.9 1     0.7 0   302.8 0   303.6 0   302.3 0   374.8 0   287.1 0   287.0 0     0.0 2    -0.2 0 -9999.9 1   -72.0 0 -9999.9 1 -9999.9 1 -9999.9 1 -9999.9 1   212.3 0 -9999.9 1
 1999 196  7 15  9 39  9.650 100.17    -3.5 0 -9999.9 1 -9999.9 1     0.6 0   302.5 0   303.6 0   302.3 0   374.7 0   287.0 0   287.0 0     0.0 2    -0.2 0 -9999.9 1   -72.1 0 -9999.9 1 -9999.9 1 -9999.9 1 -9999.9 1   211.5 0 -9999.9 1
 1999 196  7 15  9 42  9.700  99.73    -3.5 0 -9999.9 1 -9999.9 1     0.6 0   302.2 0   303.5 0   302.3 0   374.4 0   287.0 0   287.0 0     0.0 2    -0.1 0 -9999.9 1   -72.2 0 -9999.9 1 -9999.9 1 -9999.9 1 -9999.9 1   211.6 0 -9999.9 1
 1999 196  7 15  9 48  9.800  98.83    -3.5 0 -9999.9 1 -9999.9 1     0.9 0   303.1 0   303.6 0   302.2 0   375.1 0   287.1 0   287.0 0     0.0 2    -0.2 0 -9999.9 1   -71.9 0 -9999.9 1 -9999.9 1 -9999.9 1 -9999.9 1   212.1 0 -9999.9 1
 1999 196  7 15  9 51  9.850  98.38    -3.5 0 -9999.9 1 -9999.9 1     0.8 0   303.2 0   303.6 0   302.2 0   375.0 0   287.1 0   287.0 0     0.0 2    -0.2 0 -9999.9 1   -71.9 0 -9999.9 1 -9999.9 1 -9999.9 1 -9999.9 1   211.0 0 -9999.9 1
 1999 196  7 15  9 54  9.900  97.92    -3.5 0 -9999.9 1 -9999.9 1     0.9 0   302.9 0   303.6 0   302.2 0   375.1 0   287.1 0   287.0 0     0.0 2    -0.1 0 -9999.9 1   -72.1 0 -9999.9 1 -9999.9 1 -9999.9 1 -9999.9 1   212.8 0 -9999.9 1
 1999 196  7 15  9 57  9.950  97.46    -3.6 0 -9999.9 1 -9999.9 1     1.3 0   302.9 0   303.6 0   302.1 0   375.6 0   287.1 0   287.1 0     0.0 2    -0.2 0 -9999.9 1   -72.8 0 -9999.9 1 -9999.9 1 -9999.9 1 -9999.9 1   215.4 0 -9999.9 1
 1999 196  7 15 10  3 10.050  96.53    -3.6 0 -9999.9 1 -9999.9 1     1.3 0   302.5 0   303.6 0   302.1 0   376.0 0   287.1 0   287.1 0     0.0 2    -0.2 0 -9999.9 1   -73.5 0 -9999.9 1 -9999.9 1 -9999.9 1 -9999.9 1   219.4 0 -9999.9 1
 1999 196  7 15 10  6 10.100  96.06    -3.5 0 -9999.9 1 -9999.9 1     0.9 0   301.8 0   303.6 0   302.3 0   375.9 0   287.2 0   287.1 0     0.0 2    -0.2 0 -9999.9 1   -74.1 0 -9999.9 1 -9999.9 1 -9999.9 1 -9999.9 1   221.3 0 -9999.9 1
 1999 196  7 15 10  9 10.150  95.59    -3.4 0 -9999.9 1 -9999.9 1     0.6 0   301.0 0   303.6 0   302.3 0   374.8 0   287.1 0   287.1 0     0.0 2    -0.2 0 -9999.9 1   -73.7 0 -9999.9 1 -9999.9 1 -9999.9 1 -9999.9 1   218.8 0 -9999.9 1
 1999 196  7 15 10 12 10.200  95.12    -3.5 0 -9999.9 1 -9999.9 1     0.5 0   301.4 0   303.6 0   302.4 0   374.0 0   287.1 0   287.0 0     0.0 2    -0.1 0 -9999.9 1   -72.7 0 -9999.9 1 -9999.9 1 -9999.9 1 -9999.9 1   217.0 0 -9999.9 1
 1999 196  7 15 10 18 10.300  94.16    -3.2 0 -9999.9 1 -9999.9 1     0.6 0   301.5 0   303.6 0   302.2 0   372.7 0   287.1 0   287.1 0     0.0 2     0.0 0 -9999.9 1   -71.2 0 -9999.9 1 -9999.9 1 -9999.9 1 -9999.9 1   211.3 0 -9999.9 1
 1999 196  7 15 10 21 10.350  93.67    -3.0 0 -9999.9 1 -9999.9 1     1.1 0   301.6 0   303.5 0   302.1 0   372.3 0   287.1 0   287.0 0     0.0 2     0.0 0 -9999.9 1   -70.7 0 -9999.9 1 -9999.9 1 -9999.9 1 -9999.9 1   209.4 0 -9999.9 1
 1999 196  7 15 10 24 10.400  93.19    -2.7 0 -9999.9 1 -9999.9 1     1.4 0   302.1 0   303.6 0   302.3 0   372.2 0   287.2 0   287.1 0     0.0 2     0.2 0 -9999.9 1   -70.2 0 -9999.9 1 -9999.9 1 -9999.9 1 -9999.9 1   209.6 0 -9999.9 1
 1999 196  7 15 10 27 10.450  92.70    -2.2 0 -9999.9 1 -9999.9 1     1.9 0   301.7 0   303.6 0   302.2 0   372.1 0   287.1 0   287.1 0     0.0 2     0.4 0 -9999.9 1   -70.5 0 -9999.9 1 -9999.9 1 -9999.9 1 -9999.9 1   208.7 0 -9999.9 1
 1999 196  7 15 10 33 10.550  91.71    -1.1 0 -9999.9 1 -9999.9 1     2.8 0   301.0 0   303.6 0   302.2 0   372.8 0   287.1 0   287.1 0     0.0 2     1.1 0 -9999.9 1   -71.8 0 -9999.9 1 -9999.9 1 -9999.9 1 -9999.9 1   215.1 0 -9999.9 1
 1999 196  7 15 10 36 10.600  91.22    -0.2 0 -9999.9 1 -9999.9 1     3.6 0   301.2 0   303.6 0   302.2 0   372.9 0   287.1 0   287.0 0     0.0 2     1.5 0 -9999.9 1   -71.7 0 -9999.9 1 -9999.9 1 -9999.9 1 -9999.9 1   216.1 0 -9999.9 1
 1999 196  7 15 10 39 10.650  89.97     0.8 0 -9999.9 1 -9999.9 1     4.7 0   300.7 0   303.6 0   302.2 0   373.2 0   287.1 0   287.0 0     0.1 2     2.0 0 -9999.9 1   -72.5 0 -9999.9 1 -9999.9 1 -9999.9 1 -9999.9 1   214.3 0 -9999.9 1
 1999 196  7 15 10 42 10.700  89.61     2.3 0 -9999.9 1 -9999.9 1     5.8 0   300.6 0   303.6 0   302.2 0   373.4 0   287.1 0   287.0 0     0.2 2     2.7 0 -9999.9 1   -72.9 0 -9999.9 1 -9999.9 1 -9999.9 1 -9999.9 1   212.2 0 -9999.9 1
 1999 196  7 15 10 48 10.800  88.78     5.5 0 -9999.9 1 -9999.9 1     7.7 0   300.0 0   303.6 0   302.3 0   373.3 0   287.1 0   287.0 0     0.4 2     4.4 0 -9999.9 1   -73.3 0 -9999.9 1 -9999.9 1 -9999.9 1 -9999.9 1   214.2 0 -9999.9 1
 1999 196  7 15 10 51 10.850  88.34     7.0 0 -9999.9 1 -9999.9 1     8.9 0   301.7 0   303.6 0   302.1 0   374.3 0   287.1 0   287.0 0     0.5 2     5.3 0 -9999.9 1   -72.6 0 -9999.9 1 -9999.9 1 -9999.9 1 -9999.9 1   213.9 0 -9999.9 1
 1999 196  7 15 10 54 10.900  87.88     9.3 0 -9999.9 1 -9999.9 1    11.1 0   301.8 0   303.7 0   302.1 0   375.1 0   287.1 0   287.1 0     0.6 2     6.7 0 -9999.9 1   -73.3 0 -9999.9 1 -9999.9 1 -9999.9 1 -9999.9 1   214.5 0 -9999.9 1
 1999 196  7 15 10 57 10.950  87.40    11.4 0 -9999.9 1 -9999.9 1    13.4 0   302.2 0   303.7 0   302.2 0   376.0 0   287.1 0   287.1 0     0.8 2     8.2 0 -9999.9 1   -73.9 0 -9999.9 1 -9999.9 1 -9999.9 1 -9999.9 1   217.1 0 -9999.9 1
 1999 196  7 15 11  3 11.050  86.43    20.8 0 -9999.9 1 -9999.9 1    20.6 0   300.7 0   303.7 0   302.5 0   377.0 0   287.1 0   287.1 0     0.9 2    11.8 0 -9999.9 1   -76.3 0 -9999.9 1 -9999.9 1 -9999.9 1 -9999.9 1   215.2 0 -9999.9 1
 1999 196  7 15 11  6 11.100  85.93    26.3 0 -9999.9 1 -9999.9 1    24.2 0   300.6 0   303.8 0   302.6 0   377.6 0   287.1 0   287.1 0     1.1 2    13.8 0 -9999.9 1   -77.0 0 -9999.9 1 -9999.9 1 -9999.9 1 -9999.9 1   217.3 0 -9999.9 1
 1999 196  7 15 11  9 11.150  85.43    31.5 0 -9999.9 1 -9999.9 1    27.2 0   301.0 0   303.9 0   302.7 0   378.7 0   287.2 0   287.1 0     1.3 2    15.8 0 -9999.9 1   -77.7 0 -9999.9 1 -9999.9 1 -9999.9 1 -9999.9 1   215.3 0 -9999.9 1
 1999 196  7 15 11 12 11.200  84.92    36.8 0 -9999.9 1 -9999.9 1    29.9 0   301.1 0   303.9 0   302.6 0   379.6 0   287.2 0   287.1 0     1.6 2    18.0 0 -9999.9 1   -78.5 0 -9999.9 1 -9999.9 1 -9999.9 1 -9999.9 1   211.5 0 -9999.9 1
 1999 196  7 15 11 18 11.300  83.89    48.4 0 -9999.9 1 -9999.9 1    36.9 0   301.2 0   304.1 0   302.8 0   381.6 0   287.2 0   287.2 0     2.0 2    23.1 0 -9999.9 1   -80.3 0 -9999.9 1 -9999.9 1 -9999.9 1 -9999.9 1   208.4 0 -9999.9 1
 1999 196  7 15 11 21 11.350  83.38    54.3 0 -9999.9 1 -9999.9 1    40.6 0   301.8 0   304.3 0   302.9 0   382.8 0   287.3 0   287.3 0     2.3 2    25.8 0 -9999.9 1   -80.9 0 -9999.9 1 -9999.9 1 -9999.9 1 -9999.9 1   209.3 0 -9999.9 1
 1999 196  7 15 11 24 11.400  82.85    60.0 0 -9999.9 1 -9999.9 1    43.9 0   301.6 0   304.4 0   303.1 0   384.0 0   287.3 0   287.3 0     2.6 2    28.5 0 -9999.9 1   -82.4 0 -9999.9 1 -9999.9 1 -9999.9 1 -9999.9 1   209.3 0 -9999.9 1
 1999 196  7 15 11 27 11.450  82.33    66.2 0 -9999.9 1 -9999.9 1    46.9 0   302.0 0   304.5 0   303.2 0   385.2 0   287.4 0   287.4 0     2.9 2    31.2 0 -9999.9 1   -83.3 0 -9999.9 1 -9999.9 1 -9999.9 1 -9999.9 1   206.9 0 -9999.9 1
 1999 196  7 15 11 33 11.550  81.28    79.5 0 -9999.9 1 -9999.9 1    53.6 0   302.9 0   304.9 0   303.5 0   387.4 0   287.6 0   287.6 0     3.6 2    37.1 0 -9999.9 1   -84.5 0 -9999.9 1 -9999.9 1 -9999.9 1 -9999.9 1   210.7 0 -9999.9 1
 1999 196  7 15 11 36 11.600  80.74    87.6 0 -9999.9 1 -9999.9 1    57.6 0   302.6 0   305.0 0   303.8 0   388.2 0   287.7 0   287.7 0     4.0 2    40.6 0 -9999.9 1   -85.6 0 -9999.9 1 -9999.9 1 -9999.9 1 -9999.9 1   211.9 0 -9999.9 1
 1999 196  7 15 11 39 11.650  80.21    95.3 0 -9999.9 1 -9999.9 1    60.7 0   302.2 0   305.2 0   304.0 0   389.0 0   287.7 0   287.7 0     4.4 2    44.1 0 -9999.9 1   -86.8 0 -9999.9 1 -9999.9 1 -9999.9 1 -9999.9 1   211.3 0 -9999.9 1
 1999 196  7 15 11 42 11.700  79.68   103.4 0 -9999.9 1 -9999.9 1    64.1 0   301.4 0   305.3 0   304.2 0   389.8 0   287.8 0   287.8 0     4.8 2    47.6 0 -9999.9 1   -88.5 0 -9999.9 1 -9999.9 1 -9999.9 1 -9999.9 1   209.3 0 -9999.9 1
 1999 196  7 15 11 48 11.800  78.60   120.2 0 -9999.9 1 -9999.9 1    70.9 0   302.0 0   305.7 0   304.5 0   391.6 0   287.9 0   288.0 0     5.9 2    54.8 0 -9999.9 1   -89.6 0 -9999.9 1 -9999.9 1 -9999.9 1 -9999.9 1   212.6 0 -9999.9 1
 1999 196  7 15 11 51 11.850  78.06   127.8 0 -9999.9 1 -9999.9 1    73.9 0   302.6 0   305.9 0   304.7 0   392.8 0   288.1 0   288.2 0     6.4 2    58.1 0 -9999.9 1   -90.2 0 -9999.9 1 -9999.9 1 -9999.9 1 -9999.9 1   207.7 0 -9999.9 1
 1999 196  7 15 11 54 11.900  77.52   136.4 0 -9999.9 1 -9999.9 1    77.2 0   303.0 0   306.1 0   304.9 0   394.1 0   288.2 0   288.3 0     6.9 2    61.9 0 -9999.9 1   -91.0 0 -9999.9 1 -9999.9 1 -9999.9 1 -9999.9 1   204.9 0 -9999.9 1
 1999 196  7 15 11 57 11.950  76.97   144.8 0 -9999.9 1 -9999.9 1    80.8 0   303.9 0   306.4 0   305.1 0   395.1 0   288.4 0   288.5 0     7.4 2    65.6 0 -9999.9 1   -91.1 0 -9999.9 1 -9999.9 1 -9999.9 1 -9999.9 1   210.2 0 -9999.9 1
 1999 196  7 15 12  3 12.050  75.88   161.6 0 -9999.9 1 -9999.9 1    86.7 0   304.7 0   306.9 0   305.7 0   397.5 0   288.7 0   288.9 0     8.6 2    73.1 0 -9999.9 1   -92.8 0 -9999.9 1 -9999.9 1 -9999.9 1 -9999.9 1   206.0 0 -9999.9 1
 1999 196  7 15 12  6 12.100  75.33   171.4 0 -9999.9 1 -9999.9 1    90.1 0   304.2 0   307.1 0   305.9 0   398.5 0   288.9 0   289.0 0     9.4 2    77.3 0 -9999.9 1   -94.4 0 -9999.9 1 -9999.9 1 -9999.9 1 -9999.9 1   209.0 0 -9999.9 1
 1999 196  7 15 12  9 12.150  74.78   181.2 0 -9999.9 1 -9999.9 1    93.2 0   303.5 0   307.3 0   306.1 0   399.3 0   289.0 0   289.1 0    10.1 2    81.3 0 -9999.9 1   -95.8 0 -9999.9 1 -9999.9 1 -9999.9 1 -9999.9 1   211.4 0 -9999.9 1
 1999 196  7 15 12 12 12.200  74.23   190.0 0 -9999.9 1 -9999.9 1    96.6 0   303.6 0   307.5 0   306.2 0   400.0 0   289.1 0   289.3 0    10.9 2    85.0 0 -9999.9 1   -96.4 0 -9999.9 1 -9999.9 1 -9999.9 1 -9999.9 1   213.6 0 -9999.9 1
 1999 196  7 15 12 18 12.300  73.12   208.3 0 -9999.9 1 -9999.9 1   102.1 0   302.7 0   308.0 0   306.7 0   402.0 0   289.5 0   289.6 0    12.7 2    93.8 0 -9999.9 1   -99.3 0 -9999.9 1 -9999.9 1 -9999.9 1 -9999.9 1   208.9 0 -9999.9 1
 1999 196  7 15 12 21 12.350  72.57   219.5 0 -9999.9 1 -9999.9 1   105.2 0   302.9 0   308.2 0   307.0 0   403.1 0   289.7 0   289.8 0    13.6 2    99.1 0 -9999.9 1  -100.2 0 -9999.9 1 -9999.9 1 -9999.9 1 -9999.9 1   210.3 0 -9999.9 1
 1999 196  7 15 12 24 12.400  72.01   229.0 0 -9999.9 1 -9999.9 1   107.7 0   303.5 0   308.5 0   307.2 0   404.6 0   289.9 0   290.0 0    14.4 2   103.3 0 -9999.9 1  -101.1 0 -9999.9 1 -9999.9 1 -9999.9 1 -9999.9 1   211.3 0 -9999.9 1
 1999 196  7 15 12 27 12.450  71.46   239.1 0 -9999.9 1 -9999.9 1   110.6 0   303.7 0   308.7 0   307.4 0   405.3 0   290.1 0   290.2 0    15.3 2   107.9 0 -9999.9 1  -101.6 0 -9999.9 1 -9999.9 1 -9999.9 1 -9999.9 1   211.1 0 -9999.9 1
 1999 196  7 15 12 33 12.550  70.34   261.5 0 -9999.9 1 -9999.9 1   116.0 0   303.5 0   309.2 0   307.8 0   407.3 0   290.4 0   290.6 0    16.9 2   117.7 0 -9999.9 1  -103.8 0 -9999.9 1 -9999.9 1 -9999.9 1 -9999.9 1   211.6 0 -9999.9 1
 1999 196  7 15 12 36 12.600  69.78   272.1 0 -9999.9 1 -9999.9 1   118.5 0   303.3 0   309.4 0   308.0 0   408.3 0   290.6 0   290.8 0    17.8 2   122.6 0 -9999.9 1  -105.0 0 -9999.9 1 -9999.9 1 -9999.9 1 -9999.9 1   215.3 0 -9999.9 1
 1999 196  7 15 12 39 12.650  69.22   282.1 0 -9999.9 1 -9999.9 1   120.9 0   304.4 0   309.7 0   308.2 0   409.2 0   290.8 0   291.0 0    18.7 2   127.2 0 -9999.9 1  -104.9 0 -9999.9 1 -9999.9 1 -9999.9 1 -9999.9 1   213.8 0 -9999.9 1
 1999 196  7 15 12 42 12.700  68.65   292.0 0 -9999.9 1 -9999.9 1   123.1 0   305.6 0   309.9 0   308.2 0   409.8 0   291.1 0   291.2 0    19.7 2   131.7 0 -9999.9 1  -104.2 0 -9999.9 1 -9999.9 1 -9999.9 1 -9999.9 1   213.4 0 -9999.9 1
 1999 196  7 15 12 48 12.800  67.53   312.4 0 -9999.9 1 -9999.9 1   127.5 0   306.9 0   310.3 0   308.6 0   411.6 0   291.5 0   291.7 0    21.8 2   139.8 0 -9999.9 1  -104.7 0 -9999.9 1 -9999.9 1 -9999.9 1 -9999.9 1   212.6 0 -9999.9 1
 1999 196  7 15 12 51 12.850  66.96   323.8 0 -9999.9 1 -9999.9 1   129.5 0   306.6 0   310.5 0   308.8 0   412.8 0   291.6 0   291.8 0    23.3 2   145.1 0 -9999.9 1  -106.2 0 -9999.9 1 -9999.9 1 -9999.9 1 -9999.9 1   216.0 0 -9999.9 1
 1999 196  7 15 12 54 12.900  66.40   334.3 0 -9999.9 1 -9999.9 1   132.4 0   307.5 0   310.6 0   308.9 0   413.7 0   291.8 0   292.0 0    24.8 2   149.6 0 -9999.9 1  -106.2 0 -9999.9 1 -9999.9 1 -9999.9 1 -9999.9 1   217.1 0 -9999.9 1
 1999 196  7 15 12 57 12.950  65.83   344.5 0 -9999.9 1 -9999.9 1   135.2 0   309.2 0   310.7 0   308.8 0   413.7 0   292.0 0   292.2 0    26.3 2   154.2 0 -9999.9 1  -104.5 0 -9999.9 1 -9999.9 1 -9999.9 1 -9999.9 1   224.3 0 -9999.9 1
 1999 196  7 15 13  3 13.050  64.70   368.6 0 -9999.9 1 -9999.9 1   140.5 0   308.5 0   310.9 0   309.2 0   415.6 0   292.3 0   292.5 0    29.4 2   165.3 0 -9999.9 1  -107.1 0 -9999.9 1 -9999.9 1 -9999.9 1 -9999.9 1   228.6 0 -9999.9 1
 1999 196  7 15 13  6 13.100  64.13   379.9 0 -9999.9 1 -9999.9 1   143.1 0   307.2 0   311.0 0   309.3 0   417.4 0   292.4 0   292.6 0    31.0 2   170.4 0 -9999.9 1  -110.1 0 -9999.9 1 -9999.9 1 -9999.9 1 -9999.9 1   230.6 0 -9999.9 1
 1999 196  7 15 13  9 13.150  63.56   390.5 0 -9999.9 1 -9999.9 1   145.3 0   307.3 0   311.1 0   309.5 0   418.8 0   292.6 0   292.8 0    32.6 2   175.2 0 -9999.9 1  -111.6 0 -9999.9 1 -9999.9 1 -9999.9 1 -9999.9 1   234.1 0 -9999.9 1
 1999 196  7 15 13 12 13.200  62.99   402.3 0 -9999.9 1 -9999.9 1   147.7 0   308.1 0   311.2 0   309.5 0   420.1 0   292.7 0   293.0 0    34.3 2   180.8 0 -9999.9 1  -112.0 0 -9999.9 1 -9999.9 1 -9999.9 1 -9999.9 1   233.8 0 -9999.9 1
 1999 196  7 15 13 18 13.300  61.85   424.2 0 -9999.9 1 -9999.9 1   152.5 0   311.6 0   311.4 0   309.6 0   421.6 0   293.1 0   293.4 0    37.7 2   190.6 0 -9999.9 1  -110.1 0 -9999.9 1 -9999.9 1 -9999.9 1 -9999.9 1   241.5 0 -9999.9 1
 1999 196  7 15 13 21 13.350  61.28   435.7 0 -9999.9 1 -9999.9 1   154.8 0   313.0 0   311.6 0   309.9 0   423.4 0   293.3 0   293.6 0    39.5 2   195.8 0 -9999.9 1  -110.4 0 -9999.9 1 -9999.9 1 -9999.9 1 -9999.9 1   242.7 0 -9999.9 1
 1999 196  7 15 13 24 13.400  60.71   445.6 0 -9999.9 1 -9999.9 1   156.9 0   313.4 0   311.7 0   309.9 0   424.7 0   293.6 0   293.8 0    41.2 2   200.2 0 -9999.9 1  -111.3 0 -9999.9 1 -9999.9 1 -9999.9 1 -9999.9 1   242.1 0 -9999.9 1
 1999 196  7 15 13 27 13.450  60.14   455.4 0 -9999.9 1 -9999.9 1   160.0 0   315.1 0   311.8 0   309.9 0   425.4 0   293.8 0   294.0 0    42.9 2   204.6 0 -9999.9 1  -110.3 0 -9999.9 1 -9999.9 1 -9999.9 1 -9999.9 1   240.7 0 -9999.9 1
 1999 196  7 15 13 33 13.550  58.99   476.7 0 -9999.9 1 -9999.9 1   164.0 0   313.6 0   311.8 0   309.7 0   424.8 0   294.0 0   294.3 0    46.7 2   214.2 0 -9999.9 1  -111.2 0 -9999.9 1 -9999.9 1 -9999.9 1 -9999.9 1   247.4 0 -9999.9 1
 1999 196  7 15 13 36 13.600  58.42   487.9 0 -9999.9 1 -9999.9 1   166.2 0   312.7 0   311.8 0   309.9 0   426.9 0   294.2 0   294.4 0    48.7 2   219.3 0 -9999.9 1  -114.2 0 -9999.9 1 -9999.9 1 -9999.9 1 -9999.9 1   243.5 0 -9999.9 1
 1999 196  7 15 13 39 13.650  57.85   497.5 0 -9999.9 1 -9999.9 1   167.5 0   314.6 0   311.8 0   309.9 0   426.6 0   294.3 0   294.6 0    50.4 2   223.5 0 -9999.9 1  -112.0 0 -9999.9 1 -9999.9 1 -9999.9 1 -9999.9 1   234.4 0 -9999.9 1
 1999 196  7 15 13 42 13.700  57.27   510.0 0 -9999.9 1 -9999.9 1   169.1 0   313.1 0   311.8 0   310.0 0   427.2 0   294.4 0   294.7 0    51.9 2   229.3 0 -9999.9 1  -114.1 0 -9999.9 1 -9999.9 1 -9999.9 1 -9999.9 1   231.3 0 -9999.9 1
 1999 196  7 15 13 48 13.800  56.13   531.2 0 -9999.9 1 -9999.9 1   172.8 0   316.5 0   311.8 0   309.6 0   428.0 0   294.7 0   294.9 0    55.6 2   238.6 0 -9999.9 1  -111.6 0 -9999.9 1 -9999.9 1 -9999.9 1 -9999.9 1   235.2 0 -9999.9 1
 1999 196  7 15 13 51 13.850  55.55   541.2 0 -9999.9 1 -9999.9 1   173.4 0   315.2 0   311.7 0   310.1 0   430.8 0   294.8 0   295.0 0    57.6 2   242.9 0 -9999.9 1  -115.5 0 -9999.9 1 -9999.9 1 -9999.9 1 -9999.9 1   238.7 0 -9999.9 1
 1999 196  7 15 13 54 13.900  54.98   552.3 0 -9999.9 1 -9999.9 1   175.3 0   314.4 0   311.8 0   310.3 0   432.1 0   294.9 0   295.2 0    59.2 2   247.7 0 -9999.9 1  -117.8 0 -9999.9 1 -9999.9 1 -9999.9 1 -9999.9 1   232.2 0 -9999.9 1
 1999 196  7 15 13 57 13.950  54.41   564.4 0 -9999.9 1 -9999.9 1   177.1 0   315.6 0   311.9 0   310.5 0   435.4 0   295.1 0   295.4 0    60.9 2   253.0 0 -9999.9 1  -119.8 0 -9999.9 1 -9999.9 1 -9999.9 1 -9999.9 1   230.1 0 -9999.9 1
 1999 196  7 15 14  3 14.050  53.26   582.1 0 -9999.9 1 -9999.9 1   179.6 0   317.1 0   312.0 0   310.3 0   434.7 0   295.4 0   295.6 0    63.5 2   260.9 0 -9999.9 1  -117.6 0 -9999.9 1 -9999.9 1 -9999.9 1 -9999.9 1   225.2 0 -9999.9 1
 1999 196  7 15 14  6 14.100  52.69   594.1 0 -9999.9 1 -9999.9 1   181.2 0   315.6 0   312.1 0   310.8 0   437.8 0   295.5 0   295.8 0    65.1 2   266.4 0 -9999.9 1  -122.2 0 -9999.9 1 -9999.9 1 -9999.9 1 -9999.9 1   223.1 0 -9999.9 1
 1999 196  7 15 14  9 14.150  52.12   604.1 0 -9999.9 1 -9999.9 1   182.4 0   317.8 0   312.3 0   310.5 0   436.5 0   295.7 0   295.9 0    67.2 2   270.6 0 -9999.9 1  -118.6 0 -9999.9 1 -9999.9 1 -9999.9 1 -9999.9 1   230.4 0 -9999.9 1
 1999 196  7 15 14 12 14.200  51.54   616.0 0 -9999.9 1 -9999.9 1   182.6 0   318.0 0   312.3 0   310.8 0   437.6 0   295.8 0   296.1 0    70.3 2   276.3 0 -9999.9 1  -119.6 0 -9999.9 1 -9999.9 1 -9999.9 1 -9999.9 1   223.1 0 -9999.9 1
 1999 196  7 15 14 18 14.300  50.40   637.3 0 -9999.9 1 -9999.9 1   184.7 0   318.3 0   312.4 0   310.7 0   437.0 0   295.9 0   296.2 0    77.0 2   286.6 0 -9999.9 1  -118.7 0 -9999.9 1 -9999.9 1 -9999.9 1 -9999.9 1   225.4 0 -9999.9 1
 1999 196  7 15 14 21 14.350  49.83   644.6 0 -9999.9 1 -9999.9 1   185.2 0   318.5 0   312.5 0   310.9 0   438.4 0   296.0 0   296.3 0    80.2 2   289.5 0 -9999.9 1  -119.9 0 -9999.9 1 -9999.9 1 -9999.9 1 -9999.9 1   228.0 0 -9999.9 1
 1999 196  7 15 14 24 14.400  49.25   654.1 0 -9999.9 1 -9999.9 1   187.5 0   320.1 0   312.6 0   311.0 0   440.3 0   296.1 0   296.4 0    82.6 2   293.7 0 -9999.9 1  -120.2 0 -9999.9 1 -9999.9 1 -9999.9 1 -9999.9 1   232.5 0 -9999.9 1
 1999 196  7 15 14 27 14.450  48.68   666.3 0 -9999.9 1 -9999.9 1   188.1 0   319.9 0   312.6 0   310.9 0   440.6 0   296.2 0   296.5 0    84.3 2   299.2 0 -9999.9 1  -120.6 0 -9999.9 1 -9999.9 1 -9999.9 1 -9999.9 1   234.7 0 -9999.9 1
 1999 196  7 15 14 33 14.550  47.54   687.4 0 -9999.9 1 -9999.9 1   187.8 0   319.5 0   312.7 0   311.0 0   439.9 0   296.4 0   296.7 0    90.5 2   308.6 0 -9999.9 1  -120.4 0 -9999.9 1 -9999.9 1 -9999.9 1 -9999.9 1   229.2 0 -9999.9 1
 1999 196  7 15 14 36 14.600  46.97   694.5 0 -9999.9 1 -9999.9 1   190.4 0   320.9 0   312.7 0   311.2 0   443.1 0   296.5 0   296.8 0    92.1 2   311.5 0 -9999.9 1  -122.3 0 -9999.9 1 -9999.9 1 -9999.9 1 -9999.9 1   229.9 0 -9999.9 1
 1999 196  7 15 14 39 14.650  46.41   703.7 0 -9999.9 1 -9999.9 1   192.9 0   319.8 0   312.8 0   311.6 0   445.8 0   296.6 0   296.9 0    95.1 2   315.5 0 -9999.9 1  -126.0 0 -9999.9 1 -9999.9 1 -9999.9 1 -9999.9 1   227.7 0 -9999.9 1
 1999 196  7 15 14 42 14.700  45.84   714.2 0 -9999.9 1 -9999.9 1   191.5 0   319.9 0   312.9 0   311.6 0   444.3 0   296.7 0   297.0 0    98.8 2   319.8 0 -9999.9 1  -124.4 0 -9999.9 1 -9999.9 1 -9999.9 1 -9999.9 1   228.4 0 -9999.9 1
 1999 196  7 15 14 48 14.800  44.71   733.1 0 -9999.9 1 -9999.9 1   196.4 0   320.1 0   313.1 0   311.6 0   444.5 0   296.8 0   297.1 0   104.7 2   328.5 0 -9999.9 1  -124.4 0 -9999.9 1 -9999.9 1 -9999.9 1 -9999.9 1   227.3 0 -9999.9 1
 1999 196  7 15 14 51 14.850  44.14   743.7 0 -9999.9 1 -9999.9 1   199.1 0   320.3 0   313.1 0   311.7 0   445.5 0   296.9 0   297.1 0   107.8 2   333.0 0 -9999.9 1  -125.2 0 -9999.9 1 -9999.9 1 -9999.9 1 -9999.9 1   231.5 0 -9999.9 1
 1999 196  7 15 14 54 14.900  43.58   747.4 0 -9999.9 1 -9999.9 1   201.0 0   323.0 0   313.2 0   311.6 0   445.2 0   297.0 0   297.2 0   110.8 2   334.3 0 -9999.9 1  -122.3 0 -9999.9 1 -9999.9 1 -9999.9 1 -9999.9 1   233.4 0 -9999.9 1
 1999 196  7 15 14 57 14.950  43.01   756.4 0 -9999.9 1 -9999.9 1   199.9 0   321.5 0   313.2 0   311.8 0   446.4 0   297.0 0   297.3 0   112.8 2   337.8 0 -9999.9 1  -124.9 0 -9999.9 1 -9999.9 1 -9999.9 1 -9999.9 1   228.2 0 -9999.9 1
 1999 196  7 15 15  3 15.050  41.89   778.6 0 -9999.9 1 -9999.9 1   204.9 0   322.0 0   313.4 0   312.2 0   448.3 0   297.2 0   297.5 0   120.8 2   348.1 0 -9999.9 1  -126.3 0 -9999.9 1 -9999.9 1 -9999.9 1 -9999.9 1   226.7 0 -9999.9 1
 1999 196  7 15 15  6 15.100  41.33   790.3 0 -9999.9 1 -9999.9 1   204.5 0   321.5 0   313.5 0   312.1 0   447.1 0   297.3 0   297.5 0   122.7 2   353.9 0 -9999.9 1  -125.6 0 -9999.9 1 -9999.9 1 -9999.9 1 -9999.9 1   218.8 0 -9999.9 1
 1999 196  7 15 15  9 15.150  40.78   795.3 0 -9999.9 1 -9999.9 1   202.5 0   320.8 0   313.6 0   312.4 0   449.5 0   297.3 0   297.6 0   124.6 2   355.1 0 -9999.9 1  -128.8 0 -9999.9 1 -9999.9 1 -9999.9 1 -9999.9 1   228.2 0 -9999.9 1
 1999 196  7 15 15 12 15.200  40.22   803.7 0 -9999.9 1 -9999.9 1   205.4 0   322.4 0   313.7 0   312.2 0   448.8 0   297.4 0   297.7 0   125.1 2   358.7 0 -9999.9 1  -126.4 0 -9999.9 1 -9999.9 1 -9999.9 1 -9999.9 1   235.4 0 -9999.9 1
 1999 196  7 15 15 18 15.300  39.11   819.5 0 -9999.9 1 -9999.9 1   205.6 0   322.8 0   313.8 0   312.3 0   451.0 0   297.6 0   297.9 0   131.2 2   365.2 0 -9999.9 1  -128.2 0 -9999.9 1 -9999.9 1 -9999.9 1 -9999.9 1   233.9 0 -9999.9 1
 1999 196  7 15 15 21 15.350  38.56   823.3 0 -9999.9 1 -9999.9 1   206.3 0   322.3 0   313.8 0   312.4 0   449.9 0   297.7 0   297.9 0   134.5 2   366.4 0 -9999.9 1  -127.5 0 -9999.9 1 -9999.9 1 -9999.9 1 -9999.9 1   236.7 0 -9999.9 1
 1999 196  7 15 15 24 15.400  38.01   835.4 0 -9999.9 1 -9999.9 1   208.2 0   323.5 0   313.8 0   312.4 0   450.8 0   297.7 0   298.0 0   137.4 2   372.3 0 -9999.9 1  -127.3 0 -9999.9 1 -9999.9 1 -9999.9 1 -9999.9 1   239.2 0 -9999.9 1
 1999 196  7 15 15 27 15.450  37.47   846.6 0 -9999.9 1 -9999.9 1   206.2 0   322.3 0   313.9 0   312.5 0   450.4 0   297.8 0   298.0 0   139.3 2   377.4 0 -9999.9 1  -128.1 0 -9999.9 1 -9999.9 1 -9999.9 1 -9999.9 1   230.2 0 -9999.9 1
 1999 196  7 15 15 33 15.550  36.38   860.8 0 -9999.9 1 -9999.9 1   210.3 0   325.1 0   314.1 0   312.6 0   452.1 0   297.9 0   298.2 0   142.6 2   384.1 0 -9999.9 1  -127.0 0 -9999.9 1 -9999.9 1 -9999.9 1 -9999.9 1   225.2 0 -9999.9 1
 1999 196  7 15 15 36 15.600  35.84   870.3 0 -9999.9 1 -9999.9 1   206.2 0   324.1 0   314.2 0   313.0 0   454.8 0   298.1 0   298.4 0   146.0 2   388.1 0 -9999.9 1  -130.7 0 -9999.9 1 -9999.9 1 -9999.9 1 -9999.9 1   222.3 0 -9999.9 1
 1999 196  7 15 15 39 15.650  35.30   881.6 0 -9999.9 1 -9999.9 1   205.1 0   325.1 0   314.3 0   313.1 0   453.7 0   298.2 0   298.5 0   151.8 2   393.3 0 -9999.9 1  -128.7 0 -9999.9 1 -9999.9 1 -9999.9 1 -9999.9 1   224.0 0 -9999.9 1
 1999 196  7 15 15 42 15.700  34.77   887.5 0 -9999.9 1 -9999.9 1   209.4 0   326.3 0   314.4 0   312.9 0   451.2 0   298.2 0   298.5 0   154.7 2   396.1 0 -9999.9 1  -124.9 0 -9999.9 1 -9999.9 1 -9999.9 1 -9999.9 1   225.5 0 -9999.9 1
 1999 196  7 15 15 48 15.800  33.71   897.0 0 -9999.9 1 -9999.9 1   213.1 0   326.9 0   314.4 0   313.0 0   455.0 0   298.2 0   298.5 0   160.3 2   399.6 0 -9999.9 1  -128.0 0 -9999.9 1 -9999.9 1 -9999.9 1 -9999.9 1   228.0 0 -9999.9 1
 1999 196  7 15 15 51 15.850  33.18   909.3 0 -9999.9 1 -9999.9 1   212.4 0   326.6 0   314.4 0   313.0 0   454.7 0   298.3 0   298.6 0   161.9 2   405.4 0 -9999.9 1  -128.2 0 -9999.9 1 -9999.9 1 -9999.9 1 -9999.9 1   229.4 0 -9999.9 1
 1999 196  7 15 15 54 15.900  32.66   907.7 0 -9999.9 1 -9999.9 1   216.1 0   329.2 0   314.4 0   312.8 0   454.3 0   298.4 0   298.6 0   162.1 2   403.7 0 -9999.9 1  -125.1 0 -9999.9 1 -9999.9 1 -9999.9 1 -9999.9 1   238.5 0 -9999.9 1
 1999 196  7 15 15 57 15.950  32.14   911.2 0 -9999.9 1 -9999.9 1   220.4 0   329.6 0   314.4 0   313.0 0   456.3 0   298.4 0   298.7 0   165.6 2   405.2 0 -9999.9 1  -126.7 0 -9999.9 1 -9999.9 1 -9999.9 1 -9999.9 1   230.9 0 -9999.9 1
 1999 196  7 15 16  3 16.050  31.12   932.4 0 -9999.9 1 -9999.9 1   225.1 0   330.4 0   314.4 0   313.2 0   457.0 0   298.5 0   298.8 0   169.9 2   415.5 0 -9999.9 1  -126.7 0 -9999.9 1 -9999.9 1 -9999.9 1 -9999.9 1   227.3 0 -9999.9 1
 1999 196  7 15 16  6 16.100  30.61   934.1 0 -9999.9 1 -9999.9 1   222.7 0   330.2 0   314.5 0   313.4 0   459.5 0   298.5 0   298.9 0   171.6 2   415.0 0 -9999.9 1  -129.2 0 -9999.9 1 -9999.9 1 -9999.9 1 -9999.9 1   222.6 0 -9999.9 1
 1999 196  7 15 16  9 16.150  30.11   949.9 0 -9999.9 1 -9999.9 1   218.3 0   328.4 0   314.5 0   313.1 0   455.7 0   298.6 0   298.9 0   178.4 2   422.6 0 -9999.9 1  -127.3 0 -9999.9 1 -9999.9 1 -9999.9 1 -9999.9 1   228.8 0 -9999.9 1
 1999 196  7 15 16 12 16.200  29.62   946.8 0 -9999.9 1 -9999.9 1   217.2 0   328.1 0   314.5 0   313.3 0   456.4 0   298.6 0   298.9 0   178.5 2   420.5 0 -9999.9 1  -128.3 0 -9999.9 1 -9999.9 1 -9999.9 1 -9999.9 1   222.1 0 -9999.9 1
 1999 196  7 15 16 18 16.300  28.64   948.1 0 -9999.9 1 -9999.9 1   224.8 0   329.8 0   314.7 0   313.4 0   458.9 0   298.8 0   299.1 0   180.9 2   419.4 0 -9999.9 1  -129.1 0 -9999.9 1 -9999.9 1 -9999.9 1 -9999.9 1   233.3 0 -9999.9 1
 1999 196  7 15 16 21 16.350  28.16   925.2 0 -9999.9 1 -9999.9 1   242.9 0   331.7 0   314.7 0   313.4 0   459.0 0   298.9 0   299.1 0   177.8 2   404.9 0 -9999.9 1  -127.3 0 -9999.9 1 -9999.9 1 -9999.9 1 -9999.9 1   238.4 0 -9999.9 1
 1999 196  7 15 16 24 16.400  27.69   972.7 0 -9999.9 1 -9999.9 1   220.4 0   331.0 0   314.7 0   313.4 0   459.4 0   298.9 0   299.2 0   189.4 2   431.4 0 -9999.9 1  -128.3 0 -9999.9 1 -9999.9 1 -9999.9 1 -9999.9 1   237.8 0 -9999.9 1
 1999 196  7 15 16 27 16.450  27.22   984.5 0 -9999.9 1 -9999.9 1   216.2 0   330.3 0   314.8 0   313.7 0   460.7 0   299.0 0   299.3 0   191.1 2   437.4 0 -9999.9 1  -130.4 0 -9999.9 1 -9999.9 1 -9999.9 1 -9999.9 1   217.5 0 -9999.9 1
 1999 196  7 15 16 33 16.550  26.30   987.3 0 -9999.9 1 -9999.9 1   212.9 0   330.2 0   315.0 0   313.6 0   458.9 0   299.1 0   299.4 0   194.8 2   437.5 0 -9999.9 1  -128.7 0 -9999.9 1 -9999.9 1 -9999.9 1 -9999.9 1   222.3 0 -9999.9 1
 1999 196  7 15 16 36 16.600  25.86   991.0 0 -9999.9 1 -9999.9 1   210.1 0   331.0 0   315.0 0   313.9 0   461.6 0   299.2 0   299.4 0   198.4 2   438.3 0 -9999.9 1  -130.6 0 -9999.9 1 -9999.9 1 -9999.9 1 -9999.9 1   223.8 0 -9999.9 1
 1999 196  7 15 16 39 16.650  25.42   997.9 0 -9999.9 1 -9999.9 1   209.0 0   332.1 0   315.1 0   313.5 0   459.7 0   299.2 0   299.5 0   199.3 2   442.3 0 -9999.9 1  -127.7 0 -9999.9 1 -9999.9 1 -9999.9 1 -9999.9 1   228.3 0 -9999.9 1
 1999 196  7 15 16 42 16.700  24.99   995.9 0 -9999.9 1 -9999.9 1   212.2 0   330.8 0   315.0 0   313.7 0   459.2 0   299.2 0   299.5 0   200.3 2   440.6 0 -9999.9 1  -128.3 0 -9999.9 1 -9999.9 1 -9999.9 1 -9999.9 1   223.1 0 -9999.9 1
 1999 196  7 15 16 48 16.800  24.15   998.2 0 -9999.9 1 -9999.9 1   219.0 0   333.9 0   315.1 0   313.8 0   462.7 0   299.3 0   299.6 0   202.7 2   441.8 0 -9999.9 1  -128.8 0 -9999.9 1 -9999.9 1 -9999.9 1 -9999.9 1   225.7 0 -9999.9 1
 1999 196  7 15 16 51 16.850  23.75  1011.4 0 -9999.9 1 -9999.9 1   214.6 0   333.2 0   315.1 0   314.0 0   464.9 0   299.4 0   299.7 0   209.8 2   449.0 0 -9999.9 1  -131.7 0 -9999.9 1 -9999.9 1 -9999.9 1 -9999.9 1   210.5 0 -9999.9 1
 1999 196  7 15 16 54 16.900  23.36  1010.8 0 -9999.9 1 -9999.9 1   217.1 0   333.8 0   315.1 0   313.9 0   461.8 0   299.5 0   299.7 0   208.9 2   448.0 0 -9999.9 1  -128.0 0 -9999.9 1 -9999.9 1 -9999.9 1 -9999.9 1   218.5 0 -9999.9 1
 1999 196  7 15 16 57 16.950  22.98  1021.9 0 -9999.9 1 -9999.9 1   212.3 0   333.1 0   315.2 0   314.1 0   462.5 0   299.5 0   299.8 0   210.5 2   453.4 0 -9999.9 1  -129.4 0 -9999.9 1 -9999.9 1 -9999.9 1 -9999.9 1   211.1 0 -9999.9 1
 1999 196  7 15 17  3 17.050  22.25  1016.3 0 -9999.9 1 -9999.9 1   225.0 0   337.2 0   315.2 0   313.7 0   461.5 0   299.5 0   299.7 0   211.4 2   449.5 0 -9999.9 1  -124.3 0 -9999.9 1 -9999.9 1 -9999.9 1 -9999.9 1   230.4 0 -9999.9 1
 1999 196  7 15 17  6 17.100  21.90   993.2 0 -9999.9 1 -9999.9 1   235.0 0   337.9 0   315.2 0   313.7 0   462.2 0   299.5 0   299.8 0   204.9 2   437.1 0 -9999.9 1  -124.3 0 -9999.9 1 -9999.9 1 -9999.9 1 -9999.9 1   225.9 0 -9999.9 1
 1999 196  7 15 17  9 17.150  21.57  1014.7 0 -9999.9 1 -9999.9 1   235.5 0   338.7 0   315.1 0   313.7 0   461.8 0   299.5 0   299.8 0   211.4 2   448.2 0 -9999.9 1  -123.1 0 -9999.9 1 -9999.9 1 -9999.9 1 -9999.9 1   222.1 0 -9999.9 1
 1999 196  7 15 17 12 17.200  21.25  1022.8 0 -9999.9 1 -9999.9 1   236.6 0   338.7 0   315.0 0   313.9 0   465.4 0   299.4 0   299.8 0   213.0 2   452.8 0 -9999.9 1  -126.7 0 -9999.9 1 -9999.9 1 -9999.9 1 -9999.9 1   218.9 0 -9999.9 1
 1999 196  7 15 17 18 17.300  20.66  1018.1 0 -9999.9 1 -9999.9 1   263.7 0   338.8 0   315.1 0   314.1 0   465.7 0   299.6 0   299.9 0   209.5 2   447.5 0 -9999.9 1  -127.0 0 -9999.9 1 -9999.9 1 -9999.9 1 -9999.9 1   221.2 0 -9999.9 1
 1999 196  7 15 17 21 17.350  20.38  1038.4 0 -9999.9 1 -9999.9 1   241.8 0   338.8 0   315.2 0   314.1 0   466.0 0   299.6 0   299.9 0   218.0 2   459.1 0 -9999.9 1  -127.1 0 -9999.9 1 -9999.9 1 -9999.9 1 -9999.9 1   214.3 0 -9999.9 1
 1999 196  7 15 17 24 17.400  20.13  1031.1 0 -9999.9 1 -9999.9 1   242.7 0   339.3 0   315.2 0   314.0 0   464.6 0   299.7 0   300.0 0   217.9 2   454.8 0 -9999.9 1  -125.3 0 -9999.9 1 -9999.9 1 -9999.9 1 -9999.9 1   207.8 0 -9999.9 1
 1999 196  7 15 17 27 17.450  19.89  1041.3 0 -9999.9 1 -9999.9 1   238.4 0   337.5 0   315.2 0   314.2 0   468.2 0   299.7 0   300.0 0   222.7 2   459.5 0 -9999.9 1  -130.7 0 -9999.9 1 -9999.9 1 -9999.9 1 -9999.9 1   222.9 0 -9999.9 1
 1999 196  7 15 17 33 17.550  19.46  1049.7 0 -9999.9 1 -9999.9 1   233.4 0   336.7 0   315.3 0   314.2 0   466.7 0   299.8 0   300.1 0   224.7 2   463.3 0 -9999.9 1  -130.0 0 -9999.9 1 -9999.9 1 -9999.9 1 -9999.9 1   220.6 0 -9999.9 1
 1999 196  7 15 17 36 17.600  19.27  1049.5 0 -9999.9 1 -9999.9 1   235.3 0   338.3 0   315.3 0   314.0 0   463.0 0   299.8 0   300.1 0   221.4 2   463.1 0 -9999.9 1  -124.8 0 -9999.9 1 -9999.9 1 -9999.9 1 -9999.9 1   218.4 0 -9999.9 1
 1999 196  7 15 17 39 17.650  19.11  1040.5 0 -9999.9 1 -9999.9 1   247.0 0   337.3 0   315.3 0   314.3 0   466.0 0   299.8 0   300.1 0   216.9 2   459.0 0 -9999.9 1  -128.7 0 -9999.9 1 -9999.9 1 -9999.9 1 -9999.9 1   215.1 0 -9999.9 1
 1999 196  7 15 17 42 17.700  18.96  1046.3 0 -9999.9 1 -9999.9 1   260.4 0   341.3 0   315.3 0   314.0 0   465.0 0   299.8 0   300.1 0   219.3 2   461.3 0 -9999.9 1  -123.7 0 -9999.9 1 -9999.9 1 -9999.9 1 -9999.9 1   222.6 0 -9999.9 1
 1999 196  7 15 17 48 17.800  18.74  1057.6 0 -9999.9 1 -9999.9 1   240.9 0   339.7 0   315.4 0   314.2 0   465.9 0   299.9 0   300.2 0   226.4 2   468.6 0 -9999.9 1  -126.1 0 -9999.9 1 -9999.9 1 -9999.9 1 -9999.9 1   211.4 0 -9999.9 1
 1999 196  7 15 17 51 17.850  18.65  1052.5 0 -9999.9 1 -9999.9 1   233.7 0   339.9 0   315.3 0   314.1 0   465.0 0   300.0 0   300.2 0   226.6 2   465.1 0 -9999.9 1  -125.1 0 -9999.9 1 -9999.9 1 -9999.9 1 -9999.9 1   224.6 0 -9999.9 1
 1999 196  7 15 17 54 17.900  18.59  1045.7 0 -9999.9 1 -9999.9 1   233.4 0   340.0 0   315.3 0   314.3 0   468.9 0   300.0 0   300.3 0   223.4 2   461.1 0 -9999.9 1  -128.9 0 -9999.9 1 -9999.9 1 -9999.9 1 -9999.9 1   212.9 0 -9999.9 1
 1999 196  7 15 17 57 17.950  18.55  1050.0 0 -9999.9 1 -9999.9 1   236.1 0   339.4 0   315.4 0   314.5 0   469.4 0   300.1 0   300.4 0   226.8 2   464.0 0 -9999.9 1  -130.0 0 -9999.9 1 -9999.9 1 -9999.9 1 -9999.9 1   215.9 0 -9999.9 1
 1999 196  7 15 18  3 18.050  18.54  1042.4 0 -9999.9 1 -9999.9 1   248.8 0   342.9 0   315.4 0   314.1 0   466.0 0   300.2 0   300.4 0   222.8 2   459.6 0 -9999.9 1  -123.1 0 -9999.9 1 -9999.9 1 -9999.9 1 -9999.9 1   200.3 0 -9999.9 1
 1999 196  7 15 18  6 18.100  18.57  1040.4 0 -9999.9 1 -9999.9 1   250.1 0   342.5 0   315.4 0   314.3 0   466.5 0   300.2 0   300.4 0   220.7 2   459.0 0 -9999.9 1  -124.0 0 -9999.9 1 -9999.9 1 -9999.9 1 -9999.9 1   216.0 0 -9999.9 1
 1999 196  7 15 18  9 18.150  18.62  1049.6 0 -9999.9 1 -9999.9 1   246.8 0   341.9 0   315.4 0   314.2 0   467.8 0   300.1 0   300.4 0   223.8 2   463.1 0 -9999.9 1  -125.9 0 -9999.9 1 -9999.9 1 -9999.9 1 -9999.9 1   228.4 0 -9999.9 1
 1999 196  7 15 18 12 18.200  18.69  1048.2 0 -9999.9 1 -9999.9 1   256.4 0   343.8 0   315.3 0   314.0 0   466.9 0   300.1 0   300.3 0   223.5 2   462.7 0 -9999.9 1  -123.1 0 -9999.9 1 -9999.9 1 -9999.9 1 -9999.9 1   229.9 0 -9999.9 1
 1999 196  7 15 18 18 18.300  18.89  1046.8 0 -9999.9 1 -9999.9 1   267.7 0   342.4 0   315.4 0   314.2 0   467.4 0   300.2 0   300.5 0   222.6 2   461.0 0 -9999.9 1  -125.0 0 -9999.9 1 -9999.9 1 -9999.9 1 -9999.9 1   210.4 0 -9999.9 1
 1999 196  7 15 18 21 18.350  19.02  1051.2 0 -9999.9 1 -9999.9 1   250.0 0   342.8 0   315.3 0   314.0 0   466.0 0   300.2 0   300.5 0   224.0 2   465.3 0 -9999.9 1  -123.2 0 -9999.9 1 -9999.9 1 -9999.9 1 -9999.9 1   224.4 0 -9999.9 1
 1999 196  7 15 18 24 18.400  19.18  1046.0 0 -9999.9 1 -9999.9 1   248.6 0   341.3 0   315.3 0   314.3 0   468.8 0   300.2 0   300.5 0   223.8 2   462.1 0 -9999.9 1  -127.5 0 -9999.9 1 -9999.9 1 -9999.9 1 -9999.9 1   210.7 0 -9999.9 1
 1999 196  7 15 18 27 18.450  19.35  1041.1 0 -9999.9 1 -9999.9 1   247.7 0   341.2 0   315.3 0   314.0 0   466.7 0   300.2 0   300.5 0   216.6 2   459.1 0 -9999.9 1  -125.6 0 -9999.9 1 -9999.9 1 -9999.9 1 -9999.9 1   222.7 0 -9999.9 1
 1999 196  7 15 18 33 18.550  19.76  1042.6 0 -9999.9 1 -9999.9 1   250.1 0   344.2 0   315.2 0   313.7 0   464.8 0   300.2 0   300.4 0   220.0 2   459.6 0 -9999.9 1  -120.6 0 -9999.9 1 -9999.9 1 -9999.9 1 -9999.9 1   225.3 0 -9999.9 1
 1999 196  7 15 18 36 18.600  19.98  1031.3 0 -9999.9 1 -9999.9 1   245.9 0   342.8 0   315.2 0   314.1 0   469.3 0   300.2 0   300.5 0   217.4 2   454.3 0 -9999.9 1  -126.4 0 -9999.9 1 -9999.9 1 -9999.9 1 -9999.9 1   217.6 0 -9999.9 1
 1999 196  7 15 18 39 18.650  20.23  1042.1 0 -9999.9 1 -9999.9 1   237.9 0   342.2 0   315.2 0   314.0 0   467.9 0   300.3 0   300.6 0   217.9 2   460.5 0 -9999.9 1  -125.8 0 -9999.9 1 -9999.9 1 -9999.9 1 -9999.9 1   209.3 0 -9999.9 1
 1999 196  7 15 18 42 18.700  20.50  1031.5 0 -9999.9 1 -9999.9 1   244.7 0   342.6 0   315.2 0   313.9 0   466.3 0   300.3 0   300.5 0   215.7 2   454.4 0 -9999.9 1  -123.7 0 -9999.9 1 -9999.9 1 -9999.9 1 -9999.9 1   212.1 0 -9999.9 1
 1999 196  7 15 18 48 18.800  21.07  1039.8 0 -9999.9 1 -9999.9 1   246.7 0   341.1 0   315.3 0   314.5 0   473.0 0   300.5 0   300.8 0   217.7 2   460.6 0 -9999.9 1  -131.9 0 -9999.9 1 -9999.9 1 -9999.9 1 -9999.9 1   206.8 0 -9999.9 1
 1999 196  7 15 18 51 18.850  21.38  1043.8 0 -9999.9 1 -9999.9 1   256.2 0   341.6 0   315.4 0   314.3 0   468.6 0   300.5 0   300.8 0   216.8 2   461.4 0 -9999.9 1  -126.9 0 -9999.9 1 -9999.9 1 -9999.9 1 -9999.9 1   214.7 0 -9999.9 1
 1999 196  7 15 18 54 18.900  21.71  1050.4 0 -9999.9 1 -9999.9 1   281.5 0   342.5 0   315.4 0   314.5 0   470.0 0   300.5 0   300.8 0   214.0 2   462.4 0 -9999.9 1  -127.5 0 -9999.9 1 -9999.9 1 -9999.9 1 -9999.9 1   222.1 0 -9999.9 1
 1999 196  7 15 18 57 18.950  22.05   998.7 0 -9999.9 1 -9999.9 1   287.7 0   343.4 0   315.4 0   314.1 0   468.0 0   300.5 0   300.8 0   207.1 2   438.2 0 -9999.9 1  -124.6 0 -9999.9 1 -9999.9 1 -9999.9 1 -9999.9 1   226.2 0 -9999.9 1
 1999 196  7 15 19  3 19.050  22.76  1034.1 0 -9999.9 1 -9999.9 1   265.7 0   340.9 0   315.5 0   314.6 0   469.3 0   300.5 0   300.8 0   216.1 2   458.2 0 -9999.9 1  -128.4 0 -9999.9 1 -9999.9 1 -9999.9 1 -9999.9 1   217.5 0 -9999.9 1
 1999 196  7 15 19  6 19.100  23.13   993.3 0 -9999.9 1 -9999.9 1   277.6 0   341.5 0   315.6 0   314.6 0   469.2 0   300.6 0   300.9 0   208.7 2   434.6 0 -9999.9 1  -127.8 0 -9999.9 1 -9999.9 1 -9999.9 1 -9999.9 1   233.8 0 -9999.9 1
 1999 196  7 15 19  9 19.150  23.52   963.9 0 -9999.9 1 -9999.9 1   295.4 0   344.3 0   315.7 0   314.6 0   469.1 0   300.7 0   301.0 0   202.0 2   419.4 0 -9999.9 1  -124.7 0 -9999.9 1 -9999.9 1 -9999.9 1 -9999.9 1   216.2 0 -9999.9 1
 1999 196  7 15 19 12 19.200  23.92   684.1 0 -9999.9 1 -9999.9 1   310.0 0   342.5 0   315.8 0   314.5 0   460.4 0   300.7 0   300.9 0   165.7 2   312.2 0 -9999.9 1  -117.9 0 -9999.9 1 -9999.9 1 -9999.9 1 -9999.9 1   196.0 0 -9999.9 1
 1999 196  7 15 19 18 19.300  24.74   902.2 0 -9999.9 1 -9999.9 1   319.6 0   343.1 0   315.9 0   314.8 0   468.2 0   300.8 0   301.1 0   191.3 2   398.8 0 -9999.9 1  -125.0 0 -9999.9 1 -9999.9 1 -9999.9 1 -9999.9 1   190.7 0 -9999.9 1
 1999 196  7 15 19 21 19.350  25.17   651.9 0 -9999.9 1 -9999.9 1   379.8 0   349.4 0   315.8 0   313.9 0   455.7 0   300.7 0   300.7 0   161.3 2   300.9 0 -9999.9 1  -106.3 0 -9999.9 1 -9999.9 1 -9999.9 1 -9999.9 1   187.3 0 -9999.9 1
 1999 196  7 15 19 24 19.400  25.60  1050.7 0 -9999.9 1 -9999.9 1   330.0 0   349.6 0   315.8 0   314.7 0   469.5 0   300.6 0   300.9 0   195.5 2   461.0 0 -9999.9 1  -119.9 0 -9999.9 1 -9999.9 1 -9999.9 1 -9999.9 1   225.7 0 -9999.9 1
 1999 196  7 15 19 27 19.450  26.04   902.3 0 -9999.9 1 -9999.9 1   294.0 0   342.4 0   316.0 0   315.0 0   469.4 0   300.7 0   301.1 0   187.3 2   403.8 0 -9999.9 1  -126.9 0 -9999.9 1 -9999.9 1 -9999.9 1 -9999.9 1   208.3 0 -9999.9 1
 1999 196  7 15 19 33 19.550  26.95   965.5 0 -9999.9 1 -9999.9 1   259.0 0   342.6 0   316.2 0   315.1 0   469.0 0   300.9 0   301.2 0   189.7 2   425.6 0 -9999.9 1  -126.4 0 -9999.9 1 -9999.9 1 -9999.9 1 -9999.9 1   205.3 0 -9999.9 1
 1999 196  7 15 19 36 19.600  27.42   963.8 0 -9999.9 1 -9999.9 1   258.2 0   341.9 0   316.3 0   315.4 0   471.0 0   301.0 0   301.3 0   186.4 2   426.4 0 -9999.9 1  -129.1 0 -9999.9 1 -9999.9 1 -9999.9 1 -9999.9 1   203.0 0 -9999.9 1
 1999 196  7 15 19 39 19.650  27.89   946.4 0 -9999.9 1 -9999.9 1   272.9 0   343.3 0   316.4 0   315.2 0   465.7 0   301.1 0   301.3 0   182.1 2   416.8 0 -9999.9 1  -122.4 0 -9999.9 1 -9999.9 1 -9999.9 1 -9999.9 1   200.7 0 -9999.9 1
 1999 196  7 15 19 42 19.700  28.36   974.2 0 -9999.9 1 -9999.9 1   286.3 0   342.9 0   316.5 0   315.6 0   470.4 0   301.0 0   301.3 0   181.2 2   430.0 0 -9999.9 1  -127.5 0 -9999.9 1 -9999.9 1 -9999.9 1 -9999.9 1   205.1 0 -9999.9 1
 1999 196  7 15 19 48 19.800  29.33   917.4 0 -9999.9 1 -9999.9 1   271.7 0   345.2 0   316.7 0   315.3 0   466.3 0   301.1 0   301.3 0   177.8 2   407.0 0 -9999.9 1  -121.0 0 -9999.9 1 -9999.9 1 -9999.9 1 -9999.9 1   223.8 0 -9999.9 1
 1999 196  7 15 19 51 19.850  29.83   971.7 0 -9999.9 1 -9999.9 1   275.8 0   344.8 0   316.7 0   315.6 0   468.2 0   301.1 0   301.4 0   180.3 2   431.4 0 -9999.9 1  -123.4 0 -9999.9 1 -9999.9 1 -9999.9 1 -9999.9 1   207.5 0 -9999.9 1
 1999 196  7 15 19 54 19.900  30.33   872.6 0 -9999.9 1 -9999.9 1   290.6 0   345.7 0   316.8 0   315.7 0   467.1 0   301.1 0   301.4 0   169.1 2   388.6 0 -9999.9 1  -121.4 0 -9999.9 1 -9999.9 1 -9999.9 1 -9999.9 1   207.2 0 -9999.9 1
 1999 196  7 15 19 57 19.950  30.83   970.8 0 -9999.9 1 -9999.9 1   319.6 0   350.2 0   317.0 0   315.8 0   470.6 0   301.2 0   301.5 0   170.4 2   425.1 0 -9999.9 1  -120.4 0 -9999.9 1 -9999.9 1 -9999.9 1 -9999.9 1   187.7 0 -9999.9 1
 1999 196  7 15 20  3 20.050  31.85   915.6 0 -9999.9 1 -9999.9 1   279.5 0   344.5 0   317.1 0   315.9 0   467.0 0   301.2 0   301.5 0   165.8 2   402.8 0 -9999.9 1  -122.6 0 -9999.9 1 -9999.9 1 -9999.9 1 -9999.9 1   222.7 0 -9999.9 1
 1999 196  7 15 20  6 20.100  32.37   930.3 0 -9999.9 1 -9999.9 1   279.1 0   344.0 0   317.2 0   316.0 0   468.1 0   301.2 0   301.5 0   166.0 2   410.9 0 -9999.9 1  -124.1 0 -9999.9 1 -9999.9 1 -9999.9 1 -9999.9 1   199.9 0 -9999.9 1
 1999 196  7 15 20  9 20.150  32.89   919.7 0 -9999.9 1 -9999.9 1   264.0 0   344.6 0   317.2 0   315.8 0   468.2 0   301.3 0   301.5 0   163.7 2   409.2 0 -9999.9 1  -123.6 0 -9999.9 1 -9999.9 1 -9999.9 1 -9999.9 1   195.2 0 -9999.9 1
 1999 196  7 15 20 12 20.200  33.41   909.0 0 -9999.9 1 -9999.9 1   263.6 0   343.2 0   317.3 0   315.8 0   465.3 0   301.3 0   301.5 0   160.3 2   403.3 0 -9999.9 1  -122.1 0 -9999.9 1 -9999.9 1 -9999.9 1 -9999.9 1   214.4 0 -9999.9 1
 1999 196  7 15 20 18 20.300  34.46   892.0 0 -9999.9 1 -9999.9 1   297.1 0   343.6 0   317.4 0   316.1 0   465.4 0   301.3 0   301.5 0   151.4 2   390.2 0 -9999.9 1  -121.9 0 -9999.9 1 -9999.9 1 -9999.9 1 -9999.9 1   199.9 0 -9999.9 1
 1999 196  7 15 20 21 20.350  35.00   605.3 0 -9999.9 1 -9999.9 1   302.2 0   346.2 0   317.3 0   315.2 0   455.4 0   301.2 0   301.2 0   129.1 2   280.6 0 -9999.9 1  -109.2 0 -9999.9 1 -9999.9 1 -9999.9 1 -9999.9 1   192.5 0 -9999.9 1
 1999 196  7 15 20 24 20.400  35.53   884.3 0 -9999.9 1 -9999.9 1   278.6 0   347.0 0   317.2 0   315.4 0   462.6 0   301.0 0   301.2 0   151.4 2   391.3 0 -9999.9 1  -115.6 0 -9999.9 1 -9999.9 1 -9999.9 1 -9999.9 1   207.7 0 -9999.9 1
 1999 196  7 15 20 27 20.450  36.07   878.1 0 -9999.9 1 -9999.9 1   247.8 0   342.7 0   317.1 0   315.7 0   464.1 0   300.9 0   301.2 0   153.7 2   392.8 0 -9999.9 1  -121.4 0 -9999.9 1 -9999.9 1 -9999.9 1 -9999.9 1   215.6 0 -9999.9 1
 1999 196  7 15 20 33 20.550  37.16   844.4 0 -9999.9 1 -9999.9 1   255.5 0   338.2 0   317.2 0   316.3 0   467.8 0   301.1 0   301.4 0   145.4 2   373.1 0 -9999.9 1  -129.6 0 -9999.9 1 -9999.9 1 -9999.9 1 -9999.9 1   216.6 0 -9999.9 1
 1999 196  7 15 20 36 20.600  37.70   849.6 0 -9999.9 1 -9999.9 1   243.0 0   339.1 0   317.3 0   316.0 0   465.3 0   301.2 0   301.4 0   146.3 2   379.2 0 -9999.9 1  -126.2 0 -9999.9 1 -9999.9 1 -9999.9 1 -9999.9 1   214.1 0 -9999.9 1
 1999 196  7 15 20 39 20.650  38.25   835.8 0 -9999.9 1 -9999.9 1   241.9 0   341.3 0   317.3 0   315.6 0   462.1 0   301.2 0   301.4 0   141.3 2   372.4 0 -9999.9 1  -120.8 0 -9999.9 1 -9999.9 1 -9999.9 1 -9999.9 1   199.0 0 -9999.9 1
 1999 196  7 15 20 42 20.700  38.80   823.6 0 -9999.9 1 -9999.9 1   245.1 0   341.9 0   317.3 0   315.8 0   462.7 0   301.1 0   301.4 0   137.7 2   367.0 0 -9999.9 1  -120.9 0 -9999.9 1 -9999.9 1 -9999.9 1 -9999.9 1   211.6 0 -9999.9 1
 1999 196  7 15 20 48 20.800  39.90   809.9 0 -9999.9 1 -9999.9 1   253.6 0   341.6 0   317.3 0   315.8 0   461.3 0   301.1 0   301.3 0   131.3 2   359.4 0 -9999.9 1  -119.7 0 -9999.9 1 -9999.9 1 -9999.9 1 -9999.9 1   203.4 0 -9999.9 1
 1999 196  7 15 20 51 20.850  40.46   808.6 0 -9999.9 1 -9999.9 1   247.1 0   340.3 0   317.3 0   315.8 0   461.3 0   301.0 0   301.3 0   129.0 2   359.6 0 -9999.9 1  -121.0 0 -9999.9 1 -9999.9 1 -9999.9 1 -9999.9 1   210.1 0 -9999.9 1
 1999 196  7 15 20 54 20.900  41.02   798.9 0 -9999.9 1 -9999.9 1   253.8 0   341.7 0   317.2 0   315.7 0   461.9 0   301.0 0   301.3 0   125.1 2   354.8 0 -9999.9 1  -120.2 0 -9999.9 1 -9999.9 1 -9999.9 1 -9999.9 1   213.6 0 -9999.9 1
 1999 196  7 15 20 57 20.950  41.57   801.6 0 -9999.9 1 -9999.9 1   263.1 0   342.1 0   317.3 0   315.8 0   462.1 0   301.0 0   301.3 0   122.9 2   355.9 0 -9999.9 1  -120.0 0 -9999.9 1 -9999.9 1 -9999.9 1 -9999.9 1   211.5 0 -9999.9 1
 1999 196  7 15 21  3 21.050  42.70   799.3 0 -9999.9 1 -9999.9 1   267.8 0   343.2 0   317.3 0   315.8 0   460.9 0   301.0 0   301.2 0   117.0 2   354.7 0 -9999.9 1  -117.7 0 -9999.9 1 -9999.9 1 -9999.9 1 -9999.9 1   207.3 0 -9999.9 1
 1999 196  7 15 21  6 21.100  43.26   781.4 0 -9999.9 1 -9999.9 1   264.4 0   343.6 0   317.3 0   315.8 0   461.2 0   301.0 0   301.3 0   111.9 2   347.3 0 -9999.9 1  -117.6 0 -9999.9 1 -9999.9 1 -9999.9 1 -9999.9 1   209.3 0 -9999.9 1
 1999 196  7 15 21  9 21.150  43.82   569.3 0 -9999.9 1 -9999.9 1   247.0 0   341.6 0   317.4 0   316.0 0   460.2 0   301.1 0   301.3 0    99.8 2   262.8 0 -9999.9 1  -118.7 0 -9999.9 1 -9999.9 1 -9999.9 1 -9999.9 1   209.5 0 -9999.9 1
 1999 196  7 15 21 12 21.200  44.39   631.8 0 -9999.9 1 -9999.9 1   259.1 0   343.4 0   317.3 0   315.5 0   453.1 0   301.0 0   301.0 0    98.0 2   285.5 0 -9999.9 1  -109.7 0 -9999.9 1 -9999.9 1 -9999.9 1 -9999.9 1   205.2 0 -9999.9 1
 1999 196  7 15 21 18 21.300  45.52   754.0 0 -9999.9 1 -9999.9 1   262.2 0   344.1 0   317.3 0   315.9 0   460.8 0   300.9 0   301.1 0   103.0 2   335.7 0 -9999.9 1  -116.6 0 -9999.9 1 -9999.9 1 -9999.9 1 -9999.9 1   208.0 0 -9999.9 1
 1999 196  7 15 21 21 21.350  46.09   733.5 0 -9999.9 1 -9999.9 1   242.3 0   343.8 0   317.4 0   316.0 0   462.1 0   301.0 0   301.2 0   101.0 2   328.0 0 -9999.9 1  -118.3 0 -9999.9 1 -9999.9 1 -9999.9 1 -9999.9 1   221.0 0 -9999.9 1
 1999 196  7 15 21 24 21.400  46.65   717.6 0 -9999.9 1 -9999.9 1   219.5 0   340.5 0   317.5 0   316.0 0   460.1 0   301.0 0   301.3 0    97.7 2   322.3 0 -9999.9 1  -119.6 0 -9999.9 1 -9999.9 1 -9999.9 1 -9999.9 1   218.0 0 -9999.9 1
 1999 196  7 15 21 27 21.450  47.22   701.3 0 -9999.9 1 -9999.9 1   228.6 0   341.5 0   317.5 0   315.9 0   459.1 0   301.0 0   301.2 0    95.1 2   313.1 0 -9999.9 1  -117.6 0 -9999.9 1 -9999.9 1 -9999.9 1 -9999.9 1   207.4 0 -9999.9 1
 1999 196  7 15 21 33 21.550  48.36   662.9 0 -9999.9 1 -9999.9 1   223.4 0   341.3 0   317.5 0   315.8 0   456.8 0   301.0 0   301.2 0    86.5 2   295.1 0 -9999.9 1  -115.5 0 -9999.9 1 -9999.9 1 -9999.9 1 -9999.9 1   207.5 0 -9999.9 1
 1999 196  7 15 21 36 21.600  48.93   596.1 0 -9999.9 1 -9999.9 1   230.6 0   340.2 0   317.4 0   315.8 0   455.7 0   300.9 0   301.1 0    80.5 2   264.6 0 -9999.9 1  -115.5 0 -9999.9 1 -9999.9 1 -9999.9 1 -9999.9 1   207.0 0 -9999.9 1
 1999 196  7 15 21 39 21.650  49.51   435.4 0 -9999.9 1 -9999.9 1   227.9 0   341.8 0   317.4 0   315.2 0   448.9 0   300.9 0   300.9 0    73.1 2   205.8 0 -9999.9 1  -107.1 0 -9999.9 1 -9999.9 1 -9999.9 1 -9999.9 1   208.2 0 -9999.9 1
 1999 196  7 15 21 42 21.700  50.08   544.7 0 -9999.9 1 -9999.9 1   216.3 0   341.3 0   317.2 0   315.2 0   448.8 0   300.7 0   300.7 0    74.1 2   250.9 0 -9999.9 1  -107.4 0 -9999.9 1 -9999.9 1 -9999.9 1 -9999.9 1   212.5 0 -9999.9 1
 1999 196  7 15 21 48 21.800  51.22   631.1 0 -9999.9 1 -9999.9 1   235.3 0   341.5 0   317.1 0   315.5 0   457.2 0   300.7 0   300.9 0    73.9 2   280.3 0 -9999.9 1  -115.7 0 -9999.9 1 -9999.9 1 -9999.9 1 -9999.9 1   207.3 0 -9999.9 1
 1999 196  7 15 21 51 21.850  51.80   609.3 0 -9999.9 1 -9999.9 1   219.7 0   340.3 0   317.2 0   315.6 0   457.1 0   300.7 0   301.0 0    71.4 2   272.5 0 -9999.9 1  -116.8 0 -9999.9 1 -9999.9 1 -9999.9 1 -9999.9 1   196.1 0 -9999.9 1
 1999 196  7 15 21 54 21.900  52.37   580.3 0 -9999.9 1 -9999.9 1   208.8 0   338.9 0   317.2 0   315.6 0   456.3 0   300.8 0   301.0 0    69.2 2   260.1 0 -9999.9 1  -117.4 0 -9999.9 1 -9999.9 1 -9999.9 1 -9999.9 1   202.1 0 -9999.9 1
 1999 196  7 15 21 57 21.950  52.94   592.3 0 -9999.9 1 -9999.9 1   207.6 0   338.9 0   317.2 0   315.7 0   455.5 0   300.8 0   301.0 0    66.9 2   266.4 0 -9999.9 1  -116.6 0 -9999.9 1 -9999.9 1 -9999.9 1 -9999.9 1   197.9 0 -9999.9 1
 1999 196  7 15 22  3 22.050  54.09   574.4 0 -9999.9 1 -9999.9 1   215.2 0   341.3 0   317.2 0   315.4 0   453.3 0   300.8 0   300.9 0    61.5 2   257.8 0 -9999.9 1  -112.1 0 -9999.9 1 -9999.9 1 -9999.9 1 -9999.9 1   199.3 0 -9999.9 1
 1999 196  7 15 22  6 22.100  54.66   563.7 0 -9999.9 1 -9999.9 1   220.4 0   343.1 0   317.3 0   315.5 0   453.5 0   300.8 0   300.9 0    60.2 2   251.6 0 -9999.9 1  -110.4 0 -9999.9 1 -9999.9 1 -9999.9 1 -9999.9 1   200.1 0 -9999.9 1
 1999 196  7 15 22  9 22.150  55.24   547.4 0 -9999.9 1 -9999.9 1   214.8 0   341.3 0   317.2 0   315.4 0   452.9 0   300.7 0   300.9 0    58.2 2   244.8 0 -9999.9 1  -111.6 0 -9999.9 1 -9999.9 1 -9999.9 1 -9999.9 1   211.6 0 -9999.9 1
 1999 196  7 15 22 12 22.200  55.81   535.3 0 -9999.9 1 -9999.9 1   217.8 0   343.6 0   317.2 0   315.2 0   450.9 0   300.7 0   300.8 0    55.4 2   238.7 0 -9999.9 1  -107.3 0 -9999.9 1 -9999.9 1 -9999.9 1 -9999.9 1   210.8 0 -9999.9 1
 1999 196  7 15 22 18 22.300  56.96   566.3 0 -9999.9 1 -9999.9 1   269.4 0   356.5 0   317.2 0   315.7 0   455.4 0   300.6 0   300.8 0    52.2 2   247.9 0 -9999.9 1   -98.9 0 -9999.9 1 -9999.9 1 -9999.9 1 -9999.9 1   212.2 0 -9999.9 1
 1999 196  7 15 22 21 22.350  57.53   526.3 0 -9999.9 1 -9999.9 1   236.3 0   347.7 0   317.3 0   315.5 0   453.5 0   300.7 0   300.9 0    50.2 2   232.7 0 -9999.9 1  -105.7 0 -9999.9 1 -9999.9 1 -9999.9 1 -9999.9 1   200.4 0 -9999.9 1
 1999 196  7 15 22 24 22.400  58.10   477.8 0 -9999.9 1 -9999.9 1   210.2 0   345.2 0   317.2 0   315.1 0   448.9 0   300.6 0   300.8 0    46.9 2   209.9 0 -9999.9 1  -103.8 0 -9999.9 1 -9999.9 1 -9999.9 1 -9999.9 1   200.6 0 -9999.9 1
 1999 196  7 15 22 27 22.450  58.68   428.8 0 -9999.9 1 -9999.9 1   198.1 0   344.5 0   317.1 0   315.2 0   447.9 0   300.6 0   300.7 0    43.3 2   186.8 0 -9999.9 1  -103.4 0 -9999.9 1 -9999.9 1 -9999.9 1 -9999.9 1   199.6 0 -9999.9 1
 1999 196  7 15 22 33 22.550  59.82   449.9 0 -9999.9 1 -9999.9 1   195.6 0   343.6 0   317.0 0   315.0 0   448.3 0   300.5 0   300.6 0    41.6 2   199.9 0 -9999.9 1  -104.7 0 -9999.9 1 -9999.9 1 -9999.9 1 -9999.9 1   198.1 0 -9999.9 1
 1999 196  7 15 22 36 22.600  60.40   440.7 0 -9999.9 1 -9999.9 1   191.2 0   343.4 0   316.9 0   315.0 0   448.2 0   300.4 0   300.5 0    40.3 2   196.4 0 -9999.9 1  -104.8 0 -9999.9 1 -9999.9 1 -9999.9 1 -9999.9 1   200.4 0 -9999.9 1
 1999 196  7 15 22 39 22.650  60.97   428.3 0 -9999.9 1 -9999.9 1   190.0 0   344.3 0   316.9 0   314.9 0   447.8 0   300.4 0   300.5 0    38.6 2   190.1 0 -9999.9 1  -103.5 0 -9999.9 1 -9999.9 1 -9999.9 1 -9999.9 1   207.3 0 -9999.9 1
 1999 196  7 15 22 42 22.700  61.54   422.6 0 -9999.9 1 -9999.9 1   189.2 0   344.5 0   316.8 0   314.9 0   447.9 0   300.3 0   300.4 0    37.1 2   187.9 0 -9999.9 1  -103.4 0 -9999.9 1 -9999.9 1 -9999.9 1 -9999.9 1   213.2 0 -9999.9 1
 1999 196  7 15 22 48 22.800  62.68   402.7 0 -9999.9 1 -9999.9 1   182.2 0   343.8 0   316.7 0   314.8 0   447.4 0   300.2 0   300.4 0    34.6 2   179.3 0 -9999.9 1  -103.6 0 -9999.9 1 -9999.9 1 -9999.9 1 -9999.9 1   218.3 0 -9999.9 1
 1999 196  7 15 22 51 22.850  63.25   385.8 0 -9999.9 1 -9999.9 1   173.0 0   341.1 0   316.7 0   314.8 0   446.7 0   300.2 0   300.3 0    32.6 2   171.6 0 -9999.9 1  -105.6 0 -9999.9 1 -9999.9 1 -9999.9 1 -9999.9 1   217.1 0 -9999.9 1
 1999 196  7 15 22 54 22.900  63.82   371.6 0 -9999.9 1 -9999.9 1   169.3 0   342.6 0   316.6 0   314.6 0   445.7 0   300.1 0   300.2 0    31.0 2   165.4 0 -9999.9 1  -103.0 0 -9999.9 1 -9999.9 1 -9999.9 1 -9999.9 1   200.7 0 -9999.9 1
 1999 196  7 15 22 57 22.950  64.39   361.1 0 -9999.9 1 -9999.9 1   168.6 0   342.7 0   316.6 0   314.5 0   444.7 0   300.1 0   300.2 0    29.5 2   160.9 0 -9999.9 1  -101.9 0 -9999.9 1 -9999.9 1 -9999.9 1 -9999.9 1   212.4 0 -9999.9 1
 1999 196  7 15 23  3 23.050  65.53   341.9 0 -9999.9 1 -9999.9 1   172.5 0   344.2 0   316.4 0   314.4 0   444.1 0   300.0 0   300.1 0    26.7 2   151.7 0 -9999.9 1   -99.9 0 -9999.9 1 -9999.9 1 -9999.9 1 -9999.9 1   201.2 0 -9999.9 1
 1999 196  7 15 23  6 23.100  66.09   326.9 0 -9999.9 1 -9999.9 1   165.7 0   342.3 0   316.3 0   314.6 0   444.3 0   299.9 0   300.0 0    24.9 2   144.9 0 -9999.9 1  -102.0 0 -9999.9 1 -9999.9 1 -9999.9 1 -9999.9 1   201.7 0 -9999.9 1
 1999 196  7 15 23  9 23.150  66.66   316.1 0 -9999.9 1 -9999.9 1   161.0 0   341.3 0   316.3 0   314.7 0   444.6 0   299.9 0   300.0 0    23.9 2   140.3 0 -9999.9 1  -103.3 0 -9999.9 1 -9999.9 1 -9999.9 1 -9999.9 1   205.1 0 -9999.9 1
 1999 196  7 15 23 12 23.200  67.22   307.1 0 -9999.9 1 -9999.9 1   157.4 0   340.9 0   316.3 0   314.6 0   444.2 0   299.9 0   300.0 0    23.3 2   136.3 0 -9999.9 1  -103.3 0 -9999.9 1 -9999.9 1 -9999.9 1 -9999.9 1   205.7 0 -9999.9 1
 1999 196  7 15 23 18 23.300  68.35   289.2 0 -9999.9 1 -9999.9 1   152.4 0   342.4 0   316.3 0   314.2 0   441.9 0   299.8 0   299.9 0    20.7 2   128.7 0 -9999.9 1   -99.4 0 -9999.9 1 -9999.9 1 -9999.9 1 -9999.9 1   194.4 0 -9999.9 1
 1999 196  7 15 23 21 23.350  68.92   277.7 0 -9999.9 1 -9999.9 1   149.1 0   342.0 0   316.2 0   314.3 0   441.4 0   299.8 0   299.8 0    19.5 2   123.8 0 -9999.9 1   -99.5 0 -9999.9 1 -9999.9 1 -9999.9 1 -9999.9 1   193.3 0 -9999.9 1
 1999 196  7 15 23 24 23.400  69.48   265.1 0 -9999.9 1 -9999.9 1   145.5 0   342.9 0   316.2 0   314.2 0   440.6 0   299.7 0   299.8 0    17.9 2   117.7 0 -9999.9 1   -97.8 0 -9999.9 1 -9999.9 1 -9999.9 1 -9999.9 1   196.2 0 -9999.9 1
 1999 196  7 15 23 27 23.450  70.04   254.2 0 -9999.9 1 -9999.9 1   142.0 0   342.1 0   316.1 0   314.2 0   440.2 0   299.6 0   299.6 0    16.9 2   113.0 0 -9999.9 1   -98.1 0 -9999.9 1 -9999.9 1 -9999.9 1 -9999.9 1   194.2 0 -9999.9 1
 1999 196  7 15 23 33 23.550  71.16   235.4 0 -9999.9 1 -9999.9 1   136.3 0   343.1 0   316.0 0   314.0 0   439.0 0   299.5 0   299.5 0    15.5 2   104.2 0 -9999.9 1   -95.9 0 -9999.9 1 -9999.9 1 -9999.9 1 -9999.9 1   202.1 0 -9999.9 1
 1999 196  7 15 23 36 23.600  71.72   228.1 0 -9999.9 1 -9999.9 1   132.6 0   342.1 0   316.0 0   314.1 0   439.0 0   299.4 0   299.5 0    14.7 2   101.0 0 -9999.9 1   -97.0 0 -9999.9 1 -9999.9 1 -9999.9 1 -9999.9 1   201.9 0 -9999.9 1
 1999 196  7 15 23 39 23.650  72.28   217.3 0 -9999.9 1 -9999.9 1   128.1 0   341.8 0   315.9 0   314.2 0   438.7 0   299.4 0   299.5 0    13.5 2    96.5 0 -9999.9 1   -96.8 0 -9999.9 1 -9999.9 1 -9999.9 1 -9999.9 1   198.9 0 -9999.9 1
 1999 196  7 15 23 42 23.700  72.83   206.5 0 -9999.9 1 -9999.9 1   122.5 0   341.9 0   315.9 0   314.1 0   438.2 0   299.4 0   299.4 0    13.1 2    91.1 0 -9999.9 1   -96.3 0 -9999.9 1 -9999.9 1 -9999.9 1 -9999.9 1   200.6 0 -9999.9 1
 1999 196  7 15 23 48 23.800  73.94   182.7 0 -9999.9 1 -9999.9 1   114.9 0   341.7 0   315.9 0   313.9 0   437.0 0   299.3 0   299.3 0    11.2 2    80.6 0 -9999.9 1   -95.2 0 -9999.9 1 -9999.9 1 -9999.9 1 -9999.9 1   200.5 0 -9999.9 1
 1999 196  7 15 23 51 23.850  74.49   178.0 0 -9999.9 1 -9999.9 1   112.1 0   340.8 0   315.8 0   314.0 0   436.1 0   299.2 0   299.2 0    10.4 2    78.8 0 -9999.9 1   -95.3 0 -9999.9 1 -9999.9 1 -9999.9 1 -9999.9 1   199.6 0 -9999.9 1
 1999 196  7 15 23 54 23.900  75.04   171.0 0 -9999.9 1 -9999.9 1   108.2 0   339.9 0   315.8 0   314.0 0   435.8 0   299.1 0   299.1 0     9.5 2    75.6 0 -9999.9 1   -96.0 0 -9999.9 1 -9999.9 1 -9999.9 1 -9999.9 1   200.6 0 -9999.9 1
 1999 196  7 15 23 57 23.950  75.59   161.1 0 -9999.9 1 -9999.9 1   103.9 0   340.5 0   315.8 0   313.9 0   434.9 0   299.0 0   299.0 0     9.2 2    70.8 0 -9999.9 1   -94.4 0 -9999.9 1 -9999.9 1 -9999.9 1 -9999.9 1   202.2 0 -9999.9 1
