 Bondville
   40.05  -88.37  213 m version 1
 1999 194  7 13  0  3  0.050  76.47   185.6 0 -9999.9 1 -9999.9 1    55.6 0   311.0 0   318.1 0   316.1 0   421.4 0   297.7 0   297.7 0     8.4 0    84.4 0 -9999.9 1  -110.3 0 -9999.9 1 -9999.9 1 -9999.9 1 -9999.9 1    27.6 0 -9999.9 1
 1999 194  7 13  0  6  0.100  77.02   175.2 0 -9999.9 1 -9999.9 1    54.1 0   310.0 0   318.1 0   316.2 0   420.2 0   297.6 0   297.6 0     7.8 0    79.9 0 -9999.9 1  -110.2 0 -9999.9 1 -9999.9 1 -9999.9 1 -9999.9 1    19.9 0 -9999.9 1
 1999 194  7 13  0  9  0.150  77.56   167.0 0 -9999.9 1 -9999.9 1    53.0 0   307.9 0   318.1 0   316.4 0   419.2 0   297.5 0   297.5 0     7.3 0    75.7 0 -9999.9 1  -111.3 0 -9999.9 1 -9999.9 1 -9999.9 1 -9999.9 1    16.1 0 -9999.9 1
 1999 194  7 13  0 12  0.200  78.10   160.1 0 -9999.9 1 -9999.9 1    51.4 0   307.3 0   318.2 0   316.4 0   418.2 0   297.4 0   297.4 0     6.7 0    72.5 0 -9999.9 1  -110.9 0 -9999.9 1 -9999.9 1 -9999.9 1 -9999.9 1    21.6 0 -9999.9 1
 1999 194  7 13  0 18  0.300  79.18   134.9 0 -9999.9 1 -9999.9 1    45.8 0   308.6 0   318.2 0   316.5 0   416.5 0   297.2 0   297.2 0     5.7 0    61.8 0 -9999.9 1  -107.9 0 -9999.9 1 -9999.9 1 -9999.9 1 -9999.9 1    25.6 0 -9999.9 1
 1999 194  7 13  0 21  0.350  79.71   128.4 0 -9999.9 1 -9999.9 1    43.0 0   308.4 0   318.2 0   316.5 0   415.9 0   297.2 0   297.1 0     5.2 0    58.5 0 -9999.9 1  -107.5 0 -9999.9 1 -9999.9 1 -9999.9 1 -9999.9 1    27.0 0 -9999.9 1
 1999 194  7 13  0 24  0.400  80.25   117.0 0 -9999.9 1 -9999.9 1    40.8 0   308.9 0   318.3 0   316.5 0   414.6 0   297.1 0   297.0 0     4.8 0    53.7 0 -9999.9 1  -105.7 0 -9999.9 1 -9999.9 1 -9999.9 1 -9999.9 1    25.7 0 -9999.9 1
 1999 194  7 13  0 27  0.450  80.78   109.4 0 -9999.9 1 -9999.9 1    39.2 0   310.2 0   318.3 0   316.4 0   413.4 0   297.0 0   296.9 0     4.4 0    50.3 0 -9999.9 1  -103.2 0 -9999.9 1 -9999.9 1 -9999.9 1 -9999.9 1    27.3 0 -9999.9 1
 1999 194  7 13  0 33  0.550  81.84    88.2 0 -9999.9 1 -9999.9 1    34.7 0   303.1 0   318.0 0   316.5 0   408.9 0   296.6 0   296.5 0     3.5 0    41.5 0 -9999.9 1  -105.9 0 -9999.9 1 -9999.9 1 -9999.9 1 -9999.9 1    22.4 0 -9999.9 1
 1999 194  7 13  0 36  0.600  82.36    84.6 0 -9999.9 1 -9999.9 1    33.7 0   303.0 0   318.0 0   316.6 0   408.4 0   296.4 0   296.4 0     3.2 0    39.3 0 -9999.9 1  -105.3 0 -9999.9 1 -9999.9 1 -9999.9 1 -9999.9 1    19.1 0 -9999.9 1
 1999 194  7 13  0 39  0.650  82.89    78.3 0 -9999.9 1 -9999.9 1    32.4 0   299.6 0   317.8 0   316.4 0   406.5 0   296.2 0   296.1 0     2.8 0    36.2 0 -9999.9 1  -106.9 0 -9999.9 1 -9999.9 1 -9999.9 1 -9999.9 1    21.1 0 -9999.9 1
 1999 194  7 13  0 42  0.700  83.40    70.4 0 -9999.9 1 -9999.9 1    31.1 0   298.6 0   317.8 0   316.5 0   405.5 0   296.1 0   296.0 0     2.5 0    32.5 0 -9999.9 1  -106.9 0 -9999.9 1 -9999.9 1 -9999.9 1 -9999.9 1    22.1 0 -9999.9 1
 1999 194  7 13  0 48  0.800  84.43    59.2 0 -9999.9 1 -9999.9 1    29.1 0   299.0 0   317.5 0   316.0 0   402.3 0   295.7 0   295.7 0     2.0 0    26.9 0 -9999.9 1  -103.3 0 -9999.9 1 -9999.9 1 -9999.9 1 -9999.9 1    19.5 0 -9999.9 1
 1999 194  7 13  0 51  0.850  84.94    53.9 0 -9999.9 1 -9999.9 1    28.2 0   299.2 0   317.3 0   315.8 0   400.6 0   295.6 0   295.5 0     1.7 0    24.4 0 -9999.9 1  -101.4 0 -9999.9 1 -9999.9 1 -9999.9 1 -9999.9 1    17.9 0 -9999.9 1
 1999 194  7 13  0 54  0.900  85.45    47.8 0 -9999.9 1 -9999.9 1    26.4 0   293.7 0   317.2 0   316.1 0   398.9 0   295.4 0   295.3 0     1.5 0    21.7 0 -9999.9 1  -105.1 0 -9999.9 1 -9999.9 1 -9999.9 1 -9999.9 1    19.5 0 -9999.9 1
 1999 194  7 13  0 57  0.950  85.95    41.7 0 -9999.9 1 -9999.9 1    24.3 0   290.9 0   317.0 0   316.0 0   396.5 0   295.2 0   295.2 0     1.3 0    19.0 0 -9999.9 1  -105.6 0 -9999.9 1 -9999.9 1 -9999.9 1 -9999.9 1    21.6 0 -9999.9 1
 1999 194  7 13  1  3  1.050  86.94    26.8 0 -9999.9 1 -9999.9 1    19.1 0   294.0 0   316.9 0   315.7 0   394.4 0   295.1 0   295.0 0     0.9 0    13.9 0 -9999.9 1  -100.4 0 -9999.9 1 -9999.9 1 -9999.9 1 -9999.9 1    28.3 0 -9999.9 1
 1999 194  7 13  1  6  1.100  87.42    21.4 0 -9999.9 1 -9999.9 1    17.6 0   300.8 0   316.7 0   314.3 0   392.2 0   294.9 0   294.8 0     0.8 0    11.7 0 -9999.9 1   -91.4 0 -9999.9 1 -9999.9 1 -9999.9 1 -9999.9 1    78.8 0 -9999.9 1
 1999 194  7 13  1  9  1.150  87.89    17.6 0 -9999.9 1 -9999.9 1    14.4 0   303.1 0   316.4 0   314.1 0   391.7 0   294.7 0   294.5 0     0.7 0     9.7 0 -9999.9 1   -88.6 0 -9999.9 1 -9999.9 1 -9999.9 1 -9999.9 1    58.6 0 -9999.9 1
 1999 194  7 13  1 12  1.200  88.35    14.5 0 -9999.9 1 -9999.9 1    11.1 0   301.1 0   316.1 0   314.1 0   390.8 0   294.6 0   294.4 0     0.6 0     8.0 0 -9999.9 1   -89.6 0 -9999.9 1 -9999.9 1 -9999.9 1 -9999.9 1    54.9 0 -9999.9 1
 1999 194  7 13  1 18  1.300  89.22     9.5 0 -9999.9 1 -9999.9 1     7.1 0   294.5 0   315.6 0   314.4 0   388.5 0   294.2 0   294.0 0     0.3 0     5.1 0 -9999.9 1   -94.0 0 -9999.9 1 -9999.9 1 -9999.9 1 -9999.9 1    54.4 0 -9999.9 1
 1999 194  7 13  1 21  1.350  89.61     6.9 0 -9999.9 1 -9999.9 1     5.5 0   294.6 0   315.3 0   314.2 0   387.6 0   294.1 0   293.9 0     0.3 0     3.9 0 -9999.9 1   -93.0 0 -9999.9 1 -9999.9 1 -9999.9 1 -9999.9 1    57.5 0 -9999.9 1
 1999 194  7 13  1 24  1.400  89.97     5.2 0 -9999.9 1 -9999.9 1     3.8 0   294.7 0   315.0 0   313.7 0   386.1 0   293.9 0   293.8 0     0.2 0     3.1 0 -9999.9 1   -91.4 0 -9999.9 1 -9999.9 1 -9999.9 1 -9999.9 1    58.6 0 -9999.9 1
 1999 194  7 13  1 27  1.450  91.22     4.2 0 -9999.9 1 -9999.9 1     2.3 0   294.0 0   314.7 0   313.7 0   385.8 0   293.8 0   293.6 0     0.0 0     2.3 0 -9999.9 1   -91.8 0 -9999.9 1 -9999.9 1 -9999.9 1 -9999.9 1    60.8 0 -9999.9 1
 1999 194  7 13  1 33  1.550  92.21     2.2 0 -9999.9 1 -9999.9 1     1.9 0   294.8 0   314.2 0   313.2 0   385.2 0   293.5 0   293.4 0     0.0 0     1.2 0 -9999.9 1   -90.5 0 -9999.9 1 -9999.9 1 -9999.9 1 -9999.9 1    69.9 0 -9999.9 1
 1999 194  7 13  1 36  1.600  92.69     1.0 0 -9999.9 1 -9999.9 1     1.3 0   294.5 0   314.0 0   313.0 0   385.0 0   293.5 0   293.4 0     0.0 0     0.8 0 -9999.9 1   -90.6 0 -9999.9 1 -9999.9 1 -9999.9 1 -9999.9 1    84.9 0 -9999.9 1
 1999 194  7 13  1 39  1.650  93.18    -0.1 0 -9999.9 1 -9999.9 1     0.5 0   294.9 0   313.8 0   312.8 0   383.9 0   293.5 0   293.3 0     0.0 0     0.4 0 -9999.9 1   -89.0 0 -9999.9 1 -9999.9 1 -9999.9 1 -9999.9 1    83.6 0 -9999.9 1
 1999 194  7 13  1 42  1.700  93.66    -1.0 0 -9999.9 1 -9999.9 1    -0.3 0   294.6 0   313.6 0   312.6 0   383.8 0   293.4 0   293.3 0     0.0 0     0.2 0 -9999.9 1   -89.2 0 -9999.9 1 -9999.9 1 -9999.9 1 -9999.9 1    88.1 0 -9999.9 1
 1999 194  7 13  1 48  1.800  94.62    -2.1 0 -9999.9 1 -9999.9 1    -2.3 0   288.6 0   312.8 0   311.8 0   379.2 0   292.8 0   292.7 0     0.0 0     0.0 0 -9999.9 1   -90.6 0 -9999.9 1 -9999.9 1 -9999.9 1 -9999.9 1    86.9 0 -9999.9 1
 1999 194  7 13  1 51  1.850  95.10    -2.2 0 -9999.9 1 -9999.9 1    -1.9 0   288.3 0   312.6 0   311.6 0   378.2 0   292.7 0   292.6 0     0.0 0     0.0 0 -9999.9 1   -89.9 0 -9999.9 1 -9999.9 1 -9999.9 1 -9999.9 1    88.4 0 -9999.9 1
 1999 194  7 13  1 54  1.900  95.57    -2.0 0 -9999.9 1 -9999.9 1    -1.6 0   289.5 0   312.5 0   311.5 0   378.5 0   292.8 0   292.6 0     0.0 0    -0.2 0 -9999.9 1   -89.0 0 -9999.9 1 -9999.9 1 -9999.9 1 -9999.9 1    88.5 0 -9999.9 1
 1999 194  7 13  1 57  1.950  96.04    -2.2 0 -9999.9 1 -9999.9 1    -1.3 0   290.0 0   312.4 0   311.4 0   378.6 0   292.8 0   292.6 0     0.0 0    -0.2 0 -9999.9 1   -88.6 0 -9999.9 1 -9999.9 1 -9999.9 1 -9999.9 1    88.8 0 -9999.9 1
 1999 194  7 13  2  3  2.050  96.97    -2.3 0 -9999.9 1 -9999.9 1    -1.8 0   291.5 0   312.0 0   311.0 0   378.3 0   292.6 0   292.5 0     0.0 0    -0.2 0 -9999.9 1   -86.8 0 -9999.9 1 -9999.9 1 -9999.9 1 -9999.9 1    88.5 0 -9999.9 1
 1999 194  7 13  2  6  2.100  97.43    -2.5 0 -9999.9 1 -9999.9 1    -1.7 0   291.8 0   311.9 0   310.9 0   378.0 0   292.5 0   292.4 0     0.0 0    -0.2 0 -9999.9 1   -86.2 0 -9999.9 1 -9999.9 1 -9999.9 1 -9999.9 1    88.2 0 -9999.9 1
 1999 194  7 13  2  9  2.150  97.89    -2.4 0 -9999.9 1 -9999.9 1    -1.4 0   292.0 0   311.7 0   310.7 0   377.8 0   292.5 0   292.3 0     0.0 0    -0.2 0 -9999.9 1   -85.8 0 -9999.9 1 -9999.9 1 -9999.9 1 -9999.9 1    88.0 0 -9999.9 1
 1999 194  7 13  2 12  2.200  98.34    -2.4 0 -9999.9 1 -9999.9 1    -1.8 0   292.5 0   311.6 0   310.6 0   377.7 0   292.4 0   292.2 0     0.0 0    -0.2 0 -9999.9 1   -85.1 0 -9999.9 1 -9999.9 1 -9999.9 1 -9999.9 1    87.7 0 -9999.9 1
 1999 194  7 13  2 18  2.300  99.24    -2.4 0 -9999.9 1 -9999.9 1    -2.4 0   292.3 0   311.2 0   310.0 0   376.8 0   292.1 0   292.0 0     0.0 0    -0.2 0 -9999.9 1   -84.5 0 -9999.9 1 -9999.9 1 -9999.9 1 -9999.9 1    88.2 0 -9999.9 1
 1999 194  7 13  2 21  2.350  99.69    -2.6 0 -9999.9 1 -9999.9 1    -2.8 0   292.6 0   310.9 0   309.7 0   374.9 0   292.0 0   291.8 0     0.0 0    -0.1 0 -9999.9 1   -82.3 0 -9999.9 1 -9999.9 1 -9999.9 1 -9999.9 1    87.8 0 -9999.9 1
 1999 194  7 13  2 24  2.400 100.13    -2.6 0 -9999.9 1 -9999.9 1    -2.6 0   290.5 0   310.6 0   309.6 0   374.1 0   291.7 0   291.6 0     0.0 0    -0.2 0 -9999.9 1   -83.7 0 -9999.9 1 -9999.9 1 -9999.9 1 -9999.9 1    87.8 0 -9999.9 1
 1999 194  7 13  2 27  2.450 100.56    -2.6 0 -9999.9 1 -9999.9 1    -1.6 0   290.5 0   310.4 0   309.5 0   374.2 0   291.5 0   291.4 0     0.0 0    -0.2 0 -9999.9 1   -83.7 0 -9999.9 1 -9999.9 1 -9999.9 1 -9999.9 1    89.0 0 -9999.9 1
 1999 194  7 13  2 33  2.550 101.43    -2.4 0 -9999.9 1 -9999.9 1    -1.1 0   291.2 0   310.2 0   309.1 0   374.6 0   291.4 0   291.2 0     0.0 0    -0.2 0 -9999.9 1   -83.4 0 -9999.9 1 -9999.9 1 -9999.9 1 -9999.9 1    88.8 0 -9999.9 1
 1999 194  7 13  2 36  2.600 101.85    -2.5 0 -9999.9 1 -9999.9 1    -1.3 0   291.1 0   310.0 0   309.0 0   374.5 0   291.3 0   291.1 0     0.0 0    -0.2 0 -9999.9 1   -83.4 0 -9999.9 1 -9999.9 1 -9999.9 1 -9999.9 1    89.9 0 -9999.9 1
 1999 194  7 13  2 39  2.650 102.28    -2.6 0 -9999.9 1 -9999.9 1    -1.3 0   290.0 0   309.8 0   308.7 0   373.7 0   291.1 0   290.9 0     0.0 0    -0.1 0 -9999.9 1   -83.7 0 -9999.9 1 -9999.9 1 -9999.9 1 -9999.9 1    89.8 0 -9999.9 1
 1999 194  7 13  2 42  2.700 102.69    -2.6 0 -9999.9 1 -9999.9 1    -1.5 0   290.5 0   309.7 0   308.6 0   374.0 0   291.0 0   290.9 0     0.0 0    -0.1 0 -9999.9 1   -83.5 0 -9999.9 1 -9999.9 1 -9999.9 1 -9999.9 1    90.8 0 -9999.9 1
 1999 194  7 13  2 48  2.800 103.52    -2.6 0 -9999.9 1 -9999.9 1    -1.4 0   288.5 0   309.2 0   308.2 0   372.7 0   290.8 0   290.6 0     0.0 0    -0.1 0 -9999.9 1   -84.2 0 -9999.9 1 -9999.9 1 -9999.9 1 -9999.9 1    89.7 0 -9999.9 1
 1999 194  7 13  2 51  2.850 103.92    -2.8 0 -9999.9 1 -9999.9 1    -1.1 0   289.0 0   309.1 0   308.2 0   372.8 0   290.8 0   290.7 0     0.0 0    -0.2 0 -9999.9 1   -83.9 0 -9999.9 1 -9999.9 1 -9999.9 1 -9999.9 1    90.0 0 -9999.9 1
 1999 194  7 13  2 54  2.900 104.33    -2.8 0 -9999.9 1 -9999.9 1    -0.5 0   290.6 0   309.0 0   308.1 0   373.1 0   290.8 0   290.7 0     0.0 0    -0.1 0 -9999.9 1   -82.5 0 -9999.9 1 -9999.9 1 -9999.9 1 -9999.9 1   105.2 0 -9999.9 1
 1999 194  7 13  2 57  2.950 104.72    -2.9 0 -9999.9 1 -9999.9 1    -0.1 0   290.7 0   308.9 0   307.9 0   372.4 0   290.8 0   290.7 0     0.0 0    -0.2 0 -9999.9 1   -81.8 0 -9999.9 1 -9999.9 1 -9999.9 1 -9999.9 1   110.0 0 -9999.9 1
 1999 194  7 13  3  3  3.050 105.51    -2.9 0 -9999.9 1 -9999.9 1    -0.5 0   290.4 0   308.6 0   307.6 0   371.2 0   290.6 0   290.4 0     0.0 0    -0.2 0 -9999.9 1   -80.8 0 -9999.9 1 -9999.9 1 -9999.9 1 -9999.9 1   109.2 0 -9999.9 1
 1999 194  7 13  3  6  3.100 105.89    -2.9 0 -9999.9 1 -9999.9 1    -0.8 0   289.9 0   308.4 0   307.3 0   370.1 0   290.4 0   290.3 0     0.0 0    -0.2 0 -9999.9 1   -80.1 0 -9999.9 1 -9999.9 1 -9999.9 1 -9999.9 1   108.8 0 -9999.9 1
 1999 194  7 13  3  9  3.150 106.27    -3.0 0 -9999.9 1 -9999.9 1    -1.2 0   290.5 0   308.3 0   307.3 0   370.1 0   290.4 0   290.3 0     0.0 0    -0.1 0 -9999.9 1   -79.6 0 -9999.9 1 -9999.9 1 -9999.9 1 -9999.9 1   110.4 0 -9999.9 1
 1999 194  7 13  3 12  3.200 106.65    -2.9 0 -9999.9 1 -9999.9 1    -1.2 0   291.4 0   308.2 0   307.2 0   370.5 0   290.3 0   290.2 0     0.0 0    -0.1 0 -9999.9 1   -79.1 0 -9999.9 1 -9999.9 1 -9999.9 1 -9999.9 1   111.6 0 -9999.9 1
 1999 194  7 13  3 18  3.300 107.39    -2.9 0 -9999.9 1 -9999.9 1    -1.2 0   290.7 0   308.0 0   307.0 0   369.6 0   290.2 0   290.0 0     0.0 0    -0.1 0 -9999.9 1   -78.8 0 -9999.9 1 -9999.9 1 -9999.9 1 -9999.9 1   110.1 0 -9999.9 1
 1999 194  7 13  3 21  3.350 107.75    -2.9 0 -9999.9 1 -9999.9 1    -1.2 0   289.2 0   307.8 0   306.8 0   369.4 0   290.0 0   289.9 0     0.0 0    -0.2 0 -9999.9 1   -80.2 0 -9999.9 1 -9999.9 1 -9999.9 1 -9999.9 1   111.1 0 -9999.9 1
 1999 194  7 13  3 24  3.400 108.10    -2.9 0 -9999.9 1 -9999.9 1    -1.3 0   287.0 0   307.6 0   306.6 0   368.4 0   289.8 0   289.7 0     0.0 2    -0.2 0 -9999.9 1   -81.4 0 -9999.9 1 -9999.9 1 -9999.9 1 -9999.9 1   110.4 0 -9999.9 1
 1999 194  7 13  3 27  3.450 108.46    -2.9 0 -9999.9 1 -9999.9 1    -1.3 0   285.6 0   307.5 0   306.5 0   368.0 0   289.7 0   289.6 0     0.0 2    -0.2 0 -9999.9 1   -82.4 0 -9999.9 1 -9999.9 1 -9999.9 1 -9999.9 1   109.8 0 -9999.9 1
 1999 194  7 13  3 33  3.550 109.14    -3.0 0 -9999.9 1 -9999.9 1    -1.2 0   283.0 0   307.2 0   306.2 0   367.0 0   289.5 0   289.3 0     0.0 2    -0.2 0 -9999.9 1   -84.0 0 -9999.9 1 -9999.9 1 -9999.9 1 -9999.9 1    98.8 0 -9999.9 1
 1999 194  7 13  3 36  3.600 109.48    -2.9 0 -9999.9 1 -9999.9 1    -0.8 0   282.8 0   307.1 0   306.1 0   366.4 0   289.5 0   289.3 0     0.0 2    -0.2 0 -9999.9 1   -83.6 0 -9999.9 1 -9999.9 1 -9999.9 1 -9999.9 1    87.1 0 -9999.9 1
 1999 194  7 13  3 39  3.650 109.81    -2.9 0 -9999.9 1 -9999.9 1    -1.1 0   284.6 0   307.1 0   305.9 0   367.2 0   289.5 0   289.4 0     0.0 2    -0.2 0 -9999.9 1   -82.6 0 -9999.9 1 -9999.9 1 -9999.9 1 -9999.9 1    88.4 0 -9999.9 1
 1999 194  7 13  3 42  3.700 110.14    -2.9 0 -9999.9 1 -9999.9 1    -1.3 0   285.3 0   307.0 0   305.8 0   367.5 0   289.4 0   289.3 0     0.0 0    -0.2 0 -9999.9 1   -82.1 0 -9999.9 1 -9999.9 1 -9999.9 1 -9999.9 1    89.1 0 -9999.9 1
 1999 194  7 13  3 48  3.800 110.77    -3.0 0 -9999.9 1 -9999.9 1    -1.2 0   285.2 0   306.9 0   305.8 0   367.7 0   289.4 0   289.3 0     0.0 0    -0.2 0 -9999.9 1   -82.5 0 -9999.9 1 -9999.9 1 -9999.9 1 -9999.9 1    87.6 0 -9999.9 1
 1999 194  7 13  3 51  3.850 111.08    -3.1 0 -9999.9 1 -9999.9 1    -1.1 0   284.4 0   306.7 0   305.7 0   366.7 0   289.3 0   289.2 0     0.0 0    -0.2 0 -9999.9 1   -82.3 0 -9999.9 1 -9999.9 1 -9999.9 1 -9999.9 1    86.8 0 -9999.9 1
 1999 194  7 13  3 54  3.900 111.38    -3.1 0 -9999.9 1 -9999.9 1    -1.1 0   282.8 0   306.5 0   305.4 0   364.9 0   289.0 0   288.9 0     0.0 2    -0.2 0 -9999.9 1   -82.1 0 -9999.9 1 -9999.9 1 -9999.9 1 -9999.9 1    86.1 0 -9999.9 1
 1999 194  7 13  3 57  3.950 111.68    -3.2 0 -9999.9 1 -9999.9 1    -0.9 0   282.5 0   306.3 0   305.2 0   364.3 0   288.9 0   288.8 0     0.0 2    -0.2 0 -9999.9 1   -81.8 0 -9999.9 1 -9999.9 1 -9999.9 1 -9999.9 1    85.6 0 -9999.9 1
 1999 194  7 13  4  3  4.050 112.26    -3.2 0 -9999.9 1 -9999.9 1    -1.1 0   286.2 0   306.4 0   305.4 0   366.0 0   289.0 0   288.9 0     0.0 0    -0.2 0 -9999.9 1   -79.8 0 -9999.9 1 -9999.9 1 -9999.9 1 -9999.9 1    84.6 0 -9999.9 1
 1999 194  7 13  4  6  4.100 112.54    -3.1 0 -9999.9 1 -9999.9 1    -1.1 0   285.9 0   306.3 0   305.3 0   365.7 0   289.0 0   288.8 0     0.0 0    -0.2 0 -9999.9 1   -79.7 0 -9999.9 1 -9999.9 1 -9999.9 1 -9999.9 1    52.2 0 -9999.9 1
 1999 194  7 13  4  9  4.150 112.81    -3.2 0 -9999.9 1 -9999.9 1    -0.7 0   287.2 0   306.3 0   305.3 0   366.2 0   289.0 0   288.9 0     0.0 0    -0.1 0 -9999.9 1   -78.9 0 -9999.9 1 -9999.9 1 -9999.9 1 -9999.9 1     1.9 0 -9999.9 1
 1999 194  7 13  4 12  4.200 113.08    -3.1 0 -9999.9 1 -9999.9 1    -0.5 0   288.9 0   306.4 0   305.4 0   366.8 0   289.1 0   289.0 0     0.0 0    -0.1 0 -9999.9 1   -77.9 0 -9999.9 1 -9999.9 1 -9999.9 1 -9999.9 1     1.8 0 -9999.9 1
 1999 194  7 13  4 18  4.300 113.60    -3.0 0 -9999.9 1 -9999.9 1    -0.5 0   287.1 0   306.2 0   305.1 0   365.0 0   289.0 0   288.9 0     0.0 0    -0.2 0 -9999.9 1   -77.9 0 -9999.9 1 -9999.9 1 -9999.9 1 -9999.9 1    17.0 0 -9999.9 1
 1999 194  7 13  4 21  4.350 113.84    -3.1 0 -9999.9 1 -9999.9 1    -0.5 0   285.8 0   306.1 0   305.0 0   363.7 0   288.9 0   288.8 0     0.0 0    -0.1 0 -9999.9 1   -77.9 0 -9999.9 1 -9999.9 1 -9999.9 1 -9999.9 1     8.1 0 -9999.9 1
 1999 194  7 13  4 24  4.400 114.09    -3.0 0 -9999.9 1 -9999.9 1    -0.5 0   286.1 0   306.0 0   304.9 0   363.4 0   288.8 0   288.7 0     0.0 0    -0.2 0 -9999.9 1   -77.3 0 -9999.9 1 -9999.9 1 -9999.9 1 -9999.9 1     4.7 0 -9999.9 1
 1999 194  7 13  4 27  4.450 114.32    -3.1 0 -9999.9 1 -9999.9 1    -0.3 0   282.8 0   305.8 0   304.8 0   362.6 0   288.6 0   288.5 0     0.0 0    -0.2 0 -9999.9 1   -79.8 0 -9999.9 1 -9999.9 1 -9999.9 1 -9999.9 1     5.3 0 -9999.9 1
 1999 194  7 13  4 33  4.550 114.77    -3.0 0 -9999.9 1 -9999.9 1     0.0 0   281.2 0   305.6 0   304.6 0   363.1 0   288.5 0   288.4 0     0.0 0    -0.2 0 -9999.9 1   -81.9 0 -9999.9 1 -9999.9 1 -9999.9 1 -9999.9 1     0.5 0 -9999.9 1
 1999 194  7 13  4 36  4.600 114.99    -3.0 0 -9999.9 1 -9999.9 1    -0.3 0   281.1 0   305.5 0   304.5 0   363.2 0   288.4 0   288.3 0     0.0 0    -0.2 0 -9999.9 1   -82.0 0 -9999.9 1 -9999.9 1 -9999.9 1 -9999.9 1     5.9 0 -9999.9 1
 1999 194  7 13  4 39  4.650 115.20    -2.9 0 -9999.9 1 -9999.9 1    -0.4 0   283.7 0   305.6 0   304.6 0   364.6 0   288.5 0   288.4 0     0.0 0    -0.2 0 -9999.9 1   -80.9 0 -9999.9 1 -9999.9 1 -9999.9 1 -9999.9 1     5.2 0 -9999.9 1
 1999 194  7 13  4 42  4.700 115.40    -3.1 0 -9999.9 1 -9999.9 1    -0.4 0   284.5 0   305.5 0   304.6 0   364.6 0   288.6 0   288.5 0     0.0 0    -0.2 0 -9999.9 1   -80.1 0 -9999.9 1 -9999.9 1 -9999.9 1 -9999.9 1     1.8 0 -9999.9 1
 1999 194  7 13  4 48  4.800 115.78    -3.0 0 -9999.9 1 -9999.9 1     0.0 0   283.8 0   305.4 0   304.5 0   363.6 0   288.6 0   288.4 0     0.0 0    -0.2 0 -9999.9 1   -79.8 0 -9999.9 1 -9999.9 1 -9999.9 1 -9999.9 1   347.8 0 -9999.9 1
 1999 194  7 13  4 51  4.850 115.97    -3.0 0 -9999.9 1 -9999.9 1    -0.2 0   281.3 0   305.2 0   304.2 0   362.2 0   288.3 0   288.2 0     0.0 0    -0.2 0 -9999.9 1   -81.0 0 -9999.9 1 -9999.9 1 -9999.9 1 -9999.9 1   351.6 0 -9999.9 1
 1999 194  7 13  4 54  4.900 116.14    -3.2 0 -9999.9 1 -9999.9 1    -0.3 0   281.8 0   305.2 0   304.1 0   362.5 0   288.4 0   288.2 0     0.0 0    -0.2 0 -9999.9 1   -80.7 0 -9999.9 1 -9999.9 1 -9999.9 1 -9999.9 1   350.5 0 -9999.9 1
 1999 194  7 13  4 57  4.950 116.31    -3.2 0 -9999.9 1 -9999.9 1    -0.7 0   282.3 0   305.0 0   303.9 0   362.2 0   288.3 0   288.1 0     0.0 0    -0.1 0 -9999.9 1   -79.9 0 -9999.9 1 -9999.9 1 -9999.9 1 -9999.9 1   347.7 0 -9999.9 1
 1999 194  7 13  5  3  5.050 116.62    -3.0 0 -9999.9 1 -9999.9 1    -0.1 0   285.0 0   305.2 0   304.2 0   362.9 0   288.4 0   288.3 0     0.0 0    -0.1 0 -9999.9 1   -77.9 0 -9999.9 1 -9999.9 1 -9999.9 1 -9999.9 1   346.8 0 -9999.9 1
 1999 194  7 13  5  6  5.100 116.76    -3.0 0 -9999.9 1 -9999.9 1     0.2 0   283.4 0   305.0 0   303.9 0   361.6 0   288.3 0   288.1 0     0.0 0    -0.1 0 -9999.9 1   -78.2 0 -9999.9 1 -9999.9 1 -9999.9 1 -9999.9 1   352.6 0 -9999.9 1
 1999 194  7 13  5  9  5.150 116.90    -3.0 0 -9999.9 1 -9999.9 1    -0.1 0   282.7 0   304.9 0   303.8 0   360.2 0   288.1 0   288.0 0     0.0 0    -0.2 0 -9999.9 1   -77.5 0 -9999.9 1 -9999.9 1 -9999.9 1 -9999.9 1     1.4 0 -9999.9 1
 1999 194  7 13  5 12  5.200 117.03    -3.2 0 -9999.9 1 -9999.9 1    -0.5 0   283.0 0   304.9 0   303.8 0   361.5 0   288.0 0   287.9 0     0.0 0    -0.2 0 -9999.9 1   -78.5 0 -9999.9 1 -9999.9 1 -9999.9 1 -9999.9 1    21.2 0 -9999.9 1
 1999 194  7 13  5 18  5.300 117.27    -3.0 0 -9999.9 1 -9999.9 1    -0.1 0   281.7 0   304.7 0   303.8 0   360.4 0   287.7 0   287.6 0     0.0 0    -0.2 0 -9999.9 1   -78.8 0 -9999.9 1 -9999.9 1 -9999.9 1 -9999.9 1    15.3 0 -9999.9 1
 1999 194  7 13  5 21  5.350 117.37    -3.0 0 -9999.9 1 -9999.9 1     0.5 0   282.5 0   304.7 0   303.7 0   361.1 0   287.7 0   287.6 0     0.0 0    -0.1 0 -9999.9 1   -78.6 0 -9999.9 1 -9999.9 1 -9999.9 1 -9999.9 1    19.9 0 -9999.9 1
 1999 194  7 13  5 24  5.400 117.47    -2.9 0 -9999.9 1 -9999.9 1     0.3 0   282.8 0   304.7 0   303.6 0   361.0 0   287.6 0   287.5 0     0.0 0    -0.2 0 -9999.9 1   -78.1 0 -9999.9 1 -9999.9 1 -9999.9 1 -9999.9 1    16.9 0 -9999.9 1
 1999 194  7 13  5 27  5.450 117.57    -2.9 0 -9999.9 1 -9999.9 1    -0.2 0   284.1 0   304.7 0   303.8 0   362.1 0   287.6 0   287.5 0     0.0 0    -0.2 0 -9999.9 1   -78.1 0 -9999.9 1 -9999.9 1 -9999.9 1 -9999.9 1    21.1 0 -9999.9 1
 1999 194  7 13  5 33  5.550 117.73    -2.9 0 -9999.9 1 -9999.9 1     0.6 0   284.6 0   304.7 0   303.8 0   362.2 0   287.5 0   287.4 0     0.0 0    -0.2 0 -9999.9 1   -77.6 0 -9999.9 1 -9999.9 1 -9999.9 1 -9999.9 1    22.8 0 -9999.9 1
 1999 194  7 13  5 36  5.600 117.80    -3.0 0 -9999.9 1 -9999.9 1     0.5 0   283.7 0   304.6 0   303.6 0   361.9 0   287.4 0   287.3 0     0.0 0    -0.1 0 -9999.9 1   -78.3 0 -9999.9 1 -9999.9 1 -9999.9 1 -9999.9 1    25.1 0 -9999.9 1
 1999 194  7 13  5 39  5.650 117.86    -3.1 0 -9999.9 1 -9999.9 1     0.0 0   283.6 0   304.5 0   303.6 0   361.8 0   287.3 0   287.2 0     0.0 0    -0.1 0 -9999.9 1   -78.2 0 -9999.9 1 -9999.9 1 -9999.9 1 -9999.9 1    21.2 0 -9999.9 1
 1999 194  7 13  5 42  5.700 117.91    -3.0 0 -9999.9 1 -9999.9 1    -0.2 0   286.4 0   304.5 0   303.1 0   361.4 0   287.3 0   287.2 0     0.0 0    -0.1 0 -9999.9 1   -75.1 0 -9999.9 1 -9999.9 1 -9999.9 1 -9999.9 1    17.7 0 -9999.9 1
 1999 194  7 13  5 48  5.800 117.99    -3.1 0 -9999.9 1 -9999.9 1    -0.4 0   284.7 0   304.3 0   303.1 0   361.0 0   287.3 0   287.2 0     0.0 0    -0.2 0 -9999.9 1   -76.3 0 -9999.9 1 -9999.9 1 -9999.9 1 -9999.9 1    12.6 0 -9999.9 1
 1999 194  7 13  5 51  5.850 118.02    -3.1 0 -9999.9 1 -9999.9 1    -0.4 0   282.6 0   304.1 0   303.1 0   360.5 0   287.2 0   287.1 0     0.0 0    -0.2 0 -9999.9 1   -77.9 0 -9999.9 1 -9999.9 1 -9999.9 1 -9999.9 1    11.3 0 -9999.9 1
 1999 194  7 13  5 54  5.900 118.04    -3.2 0 -9999.9 1 -9999.9 1    -0.2 0   281.9 0   304.0 0   302.9 0   359.8 0   287.1 0   287.0 0     0.0 0    -0.2 0 -9999.9 1   -77.9 0 -9999.9 1 -9999.9 1 -9999.9 1 -9999.9 1    10.3 0 -9999.9 1
 1999 194  7 13  5 57  5.950 118.06    -3.1 0 -9999.9 1 -9999.9 1     0.0 0   282.7 0   303.9 0   302.5 0   358.9 0   287.0 0   286.9 0     0.0 2    -0.2 0 -9999.9 1   -76.1 0 -9999.9 1 -9999.9 1 -9999.9 1 -9999.9 1    12.2 0 -9999.9 1
 1999 194  7 13  6  3  6.050 118.06    -3.1 0 -9999.9 1 -9999.9 1    -0.3 0   283.1 0   303.8 0   302.4 0   358.9 0   287.1 0   287.0 0     0.0 0    -0.1 0 -9999.9 1   -75.8 0 -9999.9 1 -9999.9 1 -9999.9 1 -9999.9 1    16.5 0 -9999.9 1
 1999 194  7 13  6  6  6.100 118.05    -3.1 0 -9999.9 1 -9999.9 1    -0.5 0   283.7 0   303.8 0   302.6 0   359.7 0   287.2 0   287.1 0     0.0 0    -0.2 0 -9999.9 1   -76.0 0 -9999.9 1 -9999.9 1 -9999.9 1 -9999.9 1    16.9 0 -9999.9 1
 1999 194  7 13  6  9  6.150 118.03    -3.5 0 -9999.9 1 -9999.9 1    -0.3 0   283.6 0   303.8 0   302.6 0   359.6 0   287.2 0   287.1 0     0.0 0    -0.1 0 -9999.9 1   -76.0 0 -9999.9 1 -9999.9 1 -9999.9 1 -9999.9 1    18.7 0 -9999.9 1
 1999 194  7 13  6 12  6.200 118.01    -3.3 0 -9999.9 1 -9999.9 1     0.2 0   282.9 0   303.7 0   302.8 0   360.1 0   287.2 0   287.1 0     0.0 0    -0.2 0 -9999.9 1   -77.2 0 -9999.9 1 -9999.9 1 -9999.9 1 -9999.9 1    15.8 0 -9999.9 1
 1999 194  7 13  6 18  6.300 117.93    -3.3 0 -9999.9 1 -9999.9 1     0.7 0   281.9 0   303.7 0   302.8 0   359.1 0   287.2 0   287.1 0     0.0 0    -0.2 0 -9999.9 1   -77.3 0 -9999.9 1 -9999.9 1 -9999.9 1 -9999.9 1    11.6 0 -9999.9 1
 1999 194  7 13  6 21  6.350 117.88    -3.0 0 -9999.9 1 -9999.9 1     1.1 0   283.0 0   303.8 0   302.9 0   359.8 0   287.3 0   287.2 0     0.0 0    -0.3 0 -9999.9 1   -76.8 0 -9999.9 1 -9999.9 1 -9999.9 1 -9999.9 1    13.4 0 -9999.9 1
 1999 194  7 13  6 24  6.400 117.83    -3.1 0 -9999.9 1 -9999.9 1     1.2 0   282.1 0   303.7 0   302.8 0   359.4 0   287.2 0   287.1 0     0.0 0    -0.2 0 -9999.9 1   -77.3 0 -9999.9 1 -9999.9 1 -9999.9 1 -9999.9 1    15.1 0 -9999.9 1
 1999 194  7 13  6 27  6.450 117.76    -3.1 0 -9999.9 1 -9999.9 1     1.3 0   281.1 0   303.6 0   302.8 0   358.4 0   287.1 0   287.0 0     0.0 0    -0.2 0 -9999.9 1   -77.4 0 -9999.9 1 -9999.9 1 -9999.9 1 -9999.9 1    13.0 0 -9999.9 1
 1999 194  7 13  6 33  6.550 117.61    -2.9 0 -9999.9 1 -9999.9 1     0.7 0   282.3 0   303.6 0   302.3 0   356.8 0   287.1 0   287.0 0     0.0 0    -0.2 0 -9999.9 1   -74.5 0 -9999.9 1 -9999.9 1 -9999.9 1 -9999.9 1    26.9 0 -9999.9 1
 1999 194  7 13  6 36  6.600 117.52    -2.9 0 -9999.9 1 -9999.9 1     0.1 0   283.1 0   303.6 0   302.3 0   357.7 0   287.0 0   286.9 0     0.0 0    -0.1 0 -9999.9 1   -74.5 0 -9999.9 1 -9999.9 1 -9999.9 1 -9999.9 1    21.6 0 -9999.9 1
 1999 194  7 13  6 39  6.650 117.43    -3.2 0 -9999.9 1 -9999.9 1    -0.2 0   283.0 0   303.5 0   302.2 0   358.0 0   286.9 0   286.8 0     0.0 0    -0.2 0 -9999.9 1   -75.0 0 -9999.9 1 -9999.9 1 -9999.9 1 -9999.9 1    20.6 0 -9999.9 1
 1999 194  7 13  6 42  6.700 117.32    -3.4 0 -9999.9 1 -9999.9 1    -0.4 0   282.1 0   303.5 0   302.3 0   358.8 0   286.9 0   286.8 0     0.0 0    -0.3 0 -9999.9 1   -76.6 0 -9999.9 1 -9999.9 1 -9999.9 1 -9999.9 1    20.4 0 -9999.9 1
 1999 194  7 13  6 48  6.800 117.09    -3.4 0 -9999.9 1 -9999.9 1    -0.1 0   281.5 0   303.4 0   302.4 0   358.1 0   286.9 0   286.8 0     0.0 0    -0.1 0 -9999.9 1   -76.7 0 -9999.9 1 -9999.9 1 -9999.9 1 -9999.9 1    14.5 0 -9999.9 1
 1999 194  7 13  6 51  6.850 116.97    -3.2 0 -9999.9 1 -9999.9 1    -0.1 0   280.8 0   303.3 0   302.3 0   357.8 0   286.8 0   286.7 0     0.0 0    -0.2 0 -9999.9 1   -76.9 0 -9999.9 1 -9999.9 1 -9999.9 1 -9999.9 1    14.1 0 -9999.9 1
 1999 194  7 13  6 54  6.900 116.83    -3.1 0 -9999.9 1 -9999.9 1     0.1 0   279.0 0   303.2 0   302.2 0   357.2 0   286.6 0   286.5 0     0.0 0    -0.2 0 -9999.9 1   -78.2 0 -9999.9 1 -9999.9 1 -9999.9 1 -9999.9 1    11.4 0 -9999.9 1
 1999 194  7 13  6 57  6.950 116.69    -2.9 0 -9999.9 1 -9999.9 1     0.5 0   278.7 0   303.1 0   301.9 0   357.0 0   286.6 0   286.5 0     0.0 0    -0.1 0 -9999.9 1   -78.3 0 -9999.9 1 -9999.9 1 -9999.9 1 -9999.9 1     9.4 0 -9999.9 1
 1999 194  7 13  7  3  7.050 116.39    -3.1 0 -9999.9 1 -9999.9 1     0.0 0   282.0 0   303.2 0   302.0 0   358.1 0   286.7 0   286.6 0     0.0 0    -0.1 0 -9999.9 1   -76.2 0 -9999.9 1 -9999.9 1 -9999.9 1 -9999.9 1    18.8 0 -9999.9 1
 1999 194  7 13  7  6  7.100 116.22    -3.1 0 -9999.9 1 -9999.9 1    -0.2 0   281.4 0   303.2 0   302.1 0   358.1 0   286.7 0   286.6 0     0.0 0    -0.1 0 -9999.9 1   -76.7 0 -9999.9 1 -9999.9 1 -9999.9 1 -9999.9 1    22.9 0 -9999.9 1
 1999 194  7 13  7  9  7.150 116.05    -3.1 0 -9999.9 1 -9999.9 1     0.1 0   279.3 0   303.0 0   302.0 0   356.5 0   286.5 0   286.4 0     0.0 0    -0.1 0 -9999.9 1   -77.2 0 -9999.9 1 -9999.9 1 -9999.9 1 -9999.9 1    19.5 0 -9999.9 1
 1999 194  7 13  7 12  7.200 115.88    -2.9 0 -9999.9 1 -9999.9 1     0.6 0   278.4 0   302.8 0   301.5 0   354.5 0   286.3 0   286.2 0     0.0 0    -0.2 0 -9999.9 1   -76.1 0 -9999.9 1 -9999.9 1 -9999.9 1 -9999.9 1    15.2 0 -9999.9 1
 1999 194  7 13  7 18  7.300 115.50    -2.8 0 -9999.9 1 -9999.9 1    -0.1 0   274.8 0   302.5 0   301.1 0   351.9 0   285.8 0   285.7 0     0.0 2    -0.1 0 -9999.9 1   -77.1 0 -9999.9 1 -9999.9 1 -9999.9 1 -9999.9 1    19.4 0 -9999.9 1
 1999 194  7 13  7 21  7.350 115.30    -2.9 0 -9999.9 1 -9999.9 1    -0.7 0   272.9 0   302.4 0   301.3 0   352.3 0   285.7 0   285.6 0     0.0 2    -0.1 0 -9999.9 1   -79.3 0 -9999.9 1 -9999.9 1 -9999.9 1 -9999.9 1    21.3 0 -9999.9 1
 1999 194  7 13  7 24  7.400 115.09    -2.8 0 -9999.9 1 -9999.9 1    -0.4 0   272.2 0   302.3 0   301.3 0   353.2 0   285.5 0   285.4 0     0.0 2    -0.2 0 -9999.9 1   -81.0 0 -9999.9 1 -9999.9 1 -9999.9 1 -9999.9 1    20.8 0 -9999.9 1
 1999 194  7 13  7 27  7.450 114.88    -3.0 0 -9999.9 1 -9999.9 1     0.2 0   273.7 0   302.3 0   301.3 0   354.5 0   285.5 0   285.4 0     0.0 2    -0.1 0 -9999.9 1   -80.8 0 -9999.9 1 -9999.9 1 -9999.9 1 -9999.9 1    20.7 0 -9999.9 1
 1999 194  7 13  7 33  7.550 114.44    -3.1 0 -9999.9 1 -9999.9 1     1.4 0   278.4 0   302.5 0   300.9 0   358.0 0   285.8 0   285.7 0     0.0 0    -0.2 0 -9999.9 1   -79.6 0 -9999.9 1 -9999.9 1 -9999.9 1 -9999.9 1    20.6 0 -9999.9 1
 1999 194  7 13  7 36  7.600 114.20    -3.0 0 -9999.9 1 -9999.9 1     1.3 0   278.0 0   302.4 0   300.9 0   358.2 0   285.8 0   285.7 0     0.0 0    -0.1 0 -9999.9 1   -80.3 0 -9999.9 1 -9999.9 1 -9999.9 1 -9999.9 1    20.9 0 -9999.9 1
 1999 194  7 13  7 39  7.650 113.97    -2.9 0 -9999.9 1 -9999.9 1     1.0 0   278.5 0   302.3 0   300.8 0   358.9 0   285.8 0   285.8 0     0.0 0    -0.2 0 -9999.9 1   -80.4 0 -9999.9 1 -9999.9 1 -9999.9 1 -9999.9 1   154.1 0 -9999.9 1
 1999 194  7 13  7 42  7.700 113.72    -3.5 0 -9999.9 1 -9999.9 1     1.4 0   280.3 0   302.3 0   300.8 0   359.6 0   286.1 0   286.0 0     0.0 0    -0.1 0 -9999.9 1   -79.3 0 -9999.9 1 -9999.9 1 -9999.9 1 -9999.9 1   182.1 0 -9999.9 1
 1999 194  7 13  7 48  7.800 113.21    -3.4 0 -9999.9 1 -9999.9 1     1.4 0   280.2 0   302.1 0   300.1 0   354.3 0   286.0 0   285.9 0     0.0 0    -0.1 0 -9999.9 1   -74.1 0 -9999.9 1 -9999.9 1 -9999.9 1 -9999.9 1     9.0 0 -9999.9 1
 1999 194  7 13  7 51  7.850 112.95    -3.4 0 -9999.9 1 -9999.9 1     0.8 0   277.6 0   302.1 0   300.5 0   354.2 0   286.0 0   285.8 0     0.0 0    -0.2 0 -9999.9 1   -76.6 0 -9999.9 1 -9999.9 1 -9999.9 1 -9999.9 1     9.9 0 -9999.9 1
 1999 194  7 13  7 54  7.900 112.67    -3.3 0 -9999.9 1 -9999.9 1     1.2 0   277.9 0   302.1 0   300.7 0   354.9 0   286.0 0   285.8 0     0.0 0    -0.4 0 -9999.9 1   -77.0 0 -9999.9 1 -9999.9 1 -9999.9 1 -9999.9 1     6.3 0 -9999.9 1
 1999 194  7 13  7 57  7.950 112.40    -3.3 0 -9999.9 1 -9999.9 1     1.2 0   277.8 0   302.0 0   300.8 0   355.3 0   285.9 0   285.8 0     0.0 0    -0.2 0 -9999.9 1   -77.6 0 -9999.9 1 -9999.9 1 -9999.9 1 -9999.9 1    17.9 0 -9999.9 1
 1999 194  7 13  8  3  8.050 111.83    -3.3 0 -9999.9 1 -9999.9 1     1.2 0   277.8 0   302.0 0   301.1 0   356.4 0   285.9 0   285.8 0     0.0 0    -0.2 0 -9999.9 1   -78.6 0 -9999.9 1 -9999.9 1 -9999.9 1 -9999.9 1   354.4 0 -9999.9 1
 1999 194  7 13  8  6  8.100 111.53    -3.5 0 -9999.9 1 -9999.9 1     1.4 0   277.8 0   301.8 0   300.8 0   355.5 0   285.8 0   285.7 0     0.0 0    -0.1 0 -9999.9 1   -77.7 0 -9999.9 1 -9999.9 1 -9999.9 1 -9999.9 1   346.5 0 -9999.9 1
 1999 194  7 13  8  9  8.150 111.23    -3.5 0 -9999.9 1 -9999.9 1     1.4 0   277.4 0   301.7 0   300.7 0   355.0 0   285.8 0   285.6 0     0.0 0    -0.2 0 -9999.9 1   -77.5 0 -9999.9 1 -9999.9 1 -9999.9 1 -9999.9 1   333.7 0 -9999.9 1
 1999 194  7 13  8 12  8.200 110.92    -3.4 0 -9999.9 1 -9999.9 1     1.4 0   275.6 0   301.7 0   300.7 0   352.9 0   285.7 0   285.6 0     0.0 0    -0.2 0 -9999.9 1   -77.4 0 -9999.9 1 -9999.9 1 -9999.9 1 -9999.9 1   332.3 0 -9999.9 1
 1999 194  7 13  8 18  8.300 110.30    -3.1 0 -9999.9 1 -9999.9 1     1.7 0   279.8 0   301.5 0   299.6 0   350.7 0   285.5 0   285.3 0     0.0 0    -0.2 0 -9999.9 1   -71.0 0 -9999.9 1 -9999.9 1 -9999.9 1 -9999.9 1     8.1 0 -9999.9 1
 1999 194  7 13  8 21  8.350 109.97    -3.0 0 -9999.9 1 -9999.9 1     1.0 0   275.7 0   301.5 0   300.1 0   351.1 0   285.3 0   285.1 0     0.0 0    -0.3 0 -9999.9 1   -75.4 0 -9999.9 1 -9999.9 1 -9999.9 1 -9999.9 1     3.1 0 -9999.9 1
 1999 194  7 13  8 24  8.400 109.64    -3.1 0 -9999.9 1 -9999.9 1     0.5 0   275.9 0   301.4 0   300.1 0   351.4 0   285.2 0   285.1 0     0.0 0    -0.2 0 -9999.9 1   -75.5 0 -9999.9 1 -9999.9 1 -9999.9 1 -9999.9 1     3.7 0 -9999.9 1
 1999 194  7 13  8 27  8.450 109.31    -2.9 0 -9999.9 1 -9999.9 1     0.4 0   275.4 0   301.4 0   300.3 0   351.5 0   285.1 0   285.0 0     0.0 0    -0.1 0 -9999.9 1   -76.2 0 -9999.9 1 -9999.9 1 -9999.9 1 -9999.9 1    23.4 0 -9999.9 1
 1999 194  7 13  8 33  8.550 108.63    -3.0 0 -9999.9 1 -9999.9 1     1.1 0   273.6 0   301.3 0   300.2 0   351.0 0   284.9 0   284.8 0     0.0 0    -0.2 0 -9999.9 1   -77.4 0 -9999.9 1 -9999.9 1 -9999.9 1 -9999.9 1   355.3 0 -9999.9 1
 1999 194  7 13  8 36  8.600 108.28    -3.3 0 -9999.9 1 -9999.9 1     1.1 0   273.7 0   301.2 0   300.1 0   351.1 0   284.8 0   284.7 0     0.0 0    -0.2 0 -9999.9 1   -77.4 0 -9999.9 1 -9999.9 1 -9999.9 1 -9999.9 1   349.7 0 -9999.9 1
 1999 194  7 13  8 39  8.650 107.92    -3.2 0 -9999.9 1 -9999.9 1     1.0 0   273.8 0   301.2 0   300.3 0   351.4 0   284.9 0   284.7 0     0.0 0    -0.2 0 -9999.9 1   -77.6 0 -9999.9 1 -9999.9 1 -9999.9 1 -9999.9 1   350.2 0 -9999.9 1
 1999 194  7 13  8 42  8.700 107.57    -3.3 0 -9999.9 1 -9999.9 1     1.1 0   275.4 0   301.3 0   300.1 0   351.7 0   284.9 0   284.8 0     0.0 0    -0.2 0 -9999.9 1   -76.2 0 -9999.9 1 -9999.9 1 -9999.9 1 -9999.9 1   346.7 0 -9999.9 1
 1999 194  7 13  8 48  8.800 106.83    -3.4 0 -9999.9 1 -9999.9 1     1.1 0   274.8 0   301.1 0   300.0 0   350.2 0   284.8 0   284.6 0     0.0 0    -0.2 0 -9999.9 1   -75.3 0 -9999.9 1 -9999.9 1 -9999.9 1 -9999.9 1   336.2 0 -9999.9 1
 1999 194  7 13  8 51  8.850 106.46    -3.3 0 -9999.9 1 -9999.9 1     1.1 0   274.6 0   301.2 0   300.1 0   350.4 0   284.8 0   284.7 0     0.0 0    -0.2 0 -9999.9 1   -75.8 0 -9999.9 1 -9999.9 1 -9999.9 1 -9999.9 1   333.6 0 -9999.9 1
 1999 194  7 13  8 54  8.900 106.08    -3.3 0 -9999.9 1 -9999.9 1     1.1 0   274.1 0   301.1 0   300.2 0   350.5 0   284.7 0   284.6 0     0.0 0    -0.2 0 -9999.9 1   -76.4 0 -9999.9 1 -9999.9 1 -9999.9 1 -9999.9 1   334.4 0 -9999.9 1
 1999 194  7 13  8 57  8.950 105.70    -3.3 0 -9999.9 1 -9999.9 1     1.2 0   274.0 0   301.2 0   300.3 0   350.8 0   284.7 0   284.6 0     0.0 0    -0.2 0 -9999.9 1   -76.8 0 -9999.9 1 -9999.9 1 -9999.9 1 -9999.9 1   333.4 0 -9999.9 1
 1999 194  7 13  9  3  9.050 104.92    -3.2 0 -9999.9 1 -9999.9 1     1.3 0   272.9 0   301.1 0   299.8 0   349.0 0   284.5 0   284.4 0     0.0 0    -0.2 0 -9999.9 1   -76.1 0 -9999.9 1 -9999.9 1 -9999.9 1 -9999.9 1   348.2 0 -9999.9 1
 1999 194  7 13  9  6  9.100 104.53    -3.3 0 -9999.9 1 -9999.9 1     0.6 0   274.7 0   300.9 0   299.0 0   347.1 0   284.3 0   284.1 0     0.0 0    -0.2 0 -9999.9 1   -72.4 0 -9999.9 1 -9999.9 1 -9999.9 1 -9999.9 1     7.3 0 -9999.9 1
 1999 194  7 13  9  9  9.150 104.12    -3.1 0 -9999.9 1 -9999.9 1     0.0 0   273.8 0   301.0 0   299.7 0   348.4 0   284.3 0   284.2 0     0.0 0    -0.1 0 -9999.9 1   -74.5 0 -9999.9 1 -9999.9 1 -9999.9 1 -9999.9 1   348.6 0 -9999.9 1
 1999 194  7 13  9 12  9.200 103.72    -3.2 0 -9999.9 1 -9999.9 1    -0.2 0   273.5 0   301.0 0   300.0 0   349.7 0   284.3 0   284.2 0     0.0 0    -0.2 0 -9999.9 1   -76.2 0 -9999.9 1 -9999.9 1 -9999.9 1 -9999.9 1   342.2 0 -9999.9 1
 1999 194  7 13  9 18  9.300 102.90    -3.0 0 -9999.9 1 -9999.9 1     0.9 0   270.4 0   300.9 0   299.9 0   348.2 0   284.2 0   284.1 0     0.0 0    -0.1 0 -9999.9 1   -77.8 0 -9999.9 1 -9999.9 1 -9999.9 1 -9999.9 1   340.4 0 -9999.9 1
 1999 194  7 13  9 21  9.350 102.48    -3.0 0 -9999.9 1 -9999.9 1     0.7 0   271.3 0   300.9 0   300.0 0   348.5 0   284.2 0   284.1 0     0.0 0    -0.2 0 -9999.9 1   -77.2 0 -9999.9 1 -9999.9 1 -9999.9 1 -9999.9 1   341.3 0 -9999.9 1
 1999 194  7 13  9 24  9.400 102.06    -2.9 0 -9999.9 1 -9999.9 1     1.4 0   272.9 0   301.0 0   299.8 0   349.7 0   284.3 0   284.2 0     0.0 0    -0.2 0 -9999.9 1   -76.8 0 -9999.9 1 -9999.9 1 -9999.9 1 -9999.9 1   338.6 0 -9999.9 1
 1999 194  7 13  9 27  9.450 101.64    -3.2 0 -9999.9 1 -9999.9 1     0.8 0   274.8 0   300.9 0   299.7 0   350.3 0   284.3 0   284.2 0     0.0 0    -0.1 0 -9999.9 1   -75.5 0 -9999.9 1 -9999.9 1 -9999.9 1 -9999.9 1   337.7 0 -9999.9 1
 1999 194  7 13  9 33  9.550 100.78    -2.9 0 -9999.9 1 -9999.9 1     0.6 0   272.7 0   300.8 0   299.9 0   350.1 0   284.3 0   284.2 0     0.0 0    -0.2 0 -9999.9 1   -77.4 0 -9999.9 1 -9999.9 1 -9999.9 1 -9999.9 1   338.2 0 -9999.9 1
 1999 194  7 13  9 36  9.600 100.34    -3.1 0 -9999.9 1 -9999.9 1     0.7 0   271.3 0   300.8 0   299.8 0   349.1 0   284.3 0   284.2 0     0.0 0    -0.2 0 -9999.9 1   -77.8 0 -9999.9 1 -9999.9 1 -9999.9 1 -9999.9 1   337.4 0 -9999.9 1
 1999 194  7 13  9 39  9.650  99.91    -3.1 0 -9999.9 1 -9999.9 1     1.2 0   269.4 0   300.7 0   299.5 0   347.3 0   284.3 0   284.1 0     0.0 0    -0.2 0 -9999.9 1   -77.9 0 -9999.9 1 -9999.9 1 -9999.9 1 -9999.9 1   335.0 0 -9999.9 1
 1999 194  7 13  9 42  9.700  99.46    -2.9 0 -9999.9 1 -9999.9 1     1.0 0   268.8 0   300.6 0   299.3 0   346.5 0   284.1 0   284.0 0     0.0 0    -0.3 0 -9999.9 1   -77.6 0 -9999.9 1 -9999.9 1 -9999.9 1 -9999.9 1   336.0 0 -9999.9 1
 1999 194  7 13  9 48  9.800  98.57    -2.8 0 -9999.9 1 -9999.9 1     0.6 0   270.5 0   300.7 0   299.7 0   347.5 0   284.2 0   284.1 0     0.0 0    -0.2 0 -9999.9 1   -77.0 0 -9999.9 1 -9999.9 1 -9999.9 1 -9999.9 1   333.4 0 -9999.9 1
 1999 194  7 13  9 51  9.850  98.12    -3.1 0 -9999.9 1 -9999.9 1     1.1 0   272.5 0   300.6 0   299.2 0   349.5 0   284.2 0   284.1 0     0.0 0    -0.2 0 -9999.9 1   -77.0 0 -9999.9 1 -9999.9 1 -9999.9 1 -9999.9 1   324.3 0 -9999.9 1
 1999 194  7 13  9 54  9.900  97.66    -3.6 0 -9999.9 1 -9999.9 1     1.1 0   275.8 0   300.5 0   298.9 0   351.7 0   284.3 0   284.3 0     0.0 0    -0.1 0 -9999.9 1   -75.9 0 -9999.9 1 -9999.9 1 -9999.9 1 -9999.9 1   324.8 0 -9999.9 1
 1999 194  7 13  9 57  9.950  97.20    -3.2 0 -9999.9 1 -9999.9 1     0.7 0   270.7 0   300.4 0   299.3 0   348.4 0   284.4 0   284.3 0     0.0 0    -0.1 0 -9999.9 1   -77.7 0 -9999.9 1 -9999.9 1 -9999.9 1 -9999.9 1   334.5 0 -9999.9 1
 1999 194  7 13 10  3 10.050  96.27    -3.1 0 -9999.9 1 -9999.9 1     0.8 0   270.0 0   300.4 0   299.4 0   347.3 0   284.4 0   284.3 0     0.0 0    -0.1 0 -9999.9 1   -77.2 0 -9999.9 1 -9999.9 1 -9999.9 1 -9999.9 1   337.8 0 -9999.9 1
 1999 194  7 13 10  6 10.100  95.81    -3.1 0 -9999.9 1 -9999.9 1     0.6 0   270.7 0   300.3 0   299.1 0   345.8 0   284.4 0   284.3 0     0.0 0    -0.1 0 -9999.9 1   -75.1 0 -9999.9 1 -9999.9 1 -9999.9 1 -9999.9 1   346.2 0 -9999.9 1
 1999 194  7 13 10  9 10.150  95.34    -2.9 0 -9999.9 1 -9999.9 1     0.2 0   271.1 0   300.4 0   299.3 0   347.5 0   284.5 0   284.4 0     0.0 0    -0.1 0 -9999.9 1   -76.4 0 -9999.9 1 -9999.9 1 -9999.9 1 -9999.9 1   345.0 0 -9999.9 1
 1999 194  7 13 10 12 10.200  94.86    -2.8 0 -9999.9 1 -9999.9 1     0.4 0   273.1 0   300.5 0   299.1 0   345.8 0   284.6 0   284.5 0     0.0 0    -0.1 0 -9999.9 1   -72.6 0 -9999.9 1 -9999.9 1 -9999.9 1 -9999.9 1     3.1 0 -9999.9 1
 1999 194  7 13 10 18 10.300  93.90    -2.4 0 -9999.9 1 -9999.9 1     0.5 0   271.6 0   300.4 0   299.5 0   345.8 0   284.4 0   284.2 0     0.0 0    -0.1 0 -9999.9 1   -74.2 0 -9999.9 1 -9999.9 1 -9999.9 1 -9999.9 1   354.7 0 -9999.9 1
 1999 194  7 13 10 21 10.350  93.42    -2.2 0 -9999.9 1 -9999.9 1     1.2 0   271.5 0   300.4 0   299.3 0   345.7 0   284.3 0   284.2 0     0.0 0     0.1 0 -9999.9 1   -74.2 0 -9999.9 1 -9999.9 1 -9999.9 1 -9999.9 1    13.0 0 -9999.9 1
 1999 194  7 13 10 24 10.400  92.94    -2.1 0 -9999.9 1 -9999.9 1     1.6 0   274.3 0   300.4 0   298.9 0   346.1 0   284.2 0   284.1 0     0.0 0     0.2 0 -9999.9 1   -71.8 0 -9999.9 1 -9999.9 1 -9999.9 1 -9999.9 1    19.5 0 -9999.9 1
 1999 194  7 13 10 27 10.450  92.45    -1.6 0 -9999.9 1 -9999.9 1     1.7 0   270.9 0   300.3 0   298.9 0   345.3 0   284.0 0   283.9 0     0.0 0     0.5 0 -9999.9 1   -74.5 0 -9999.9 1 -9999.9 1 -9999.9 1 -9999.9 1    24.4 0 -9999.9 1
 1999 194  7 13 10 33 10.550  91.47    -0.3 0 -9999.9 1 -9999.9 1     3.4 0   269.9 0   300.0 0   298.6 0   344.3 0   283.7 0   283.5 0     0.0 2     1.2 0 -9999.9 1   -74.4 0 -9999.9 1 -9999.9 1 -9999.9 1 -9999.9 1    10.4 0 -9999.9 1
 1999 194  7 13 10 36 10.600  90.97     0.5 0 -9999.9 1 -9999.9 1     4.9 0   270.4 0   300.0 0   298.4 0   344.3 0   283.5 0   283.4 0     0.0 2     1.8 0 -9999.9 1   -73.9 0 -9999.9 1 -9999.9 1 -9999.9 1 -9999.9 1    13.4 0 -9999.9 1
 1999 194  7 13 10 39 10.650  89.80     1.7 0 -9999.9 1 -9999.9 1     6.3 0   269.6 0   299.9 0   298.4 0   344.0 0   283.4 0   283.3 0     0.1 2     2.5 0 -9999.9 1   -74.4 0 -9999.9 1 -9999.9 1 -9999.9 1 -9999.9 1     0.2 0 -9999.9 1
 1999 194  7 13 10 42 10.700  89.42     3.4 0 -9999.9 1 -9999.9 1     7.4 0   265.9 0   299.9 0   298.8 0   344.0 0   283.3 0   283.2 0     0.1 2     3.4 0 -9999.9 1   -78.1 0 -9999.9 1 -9999.9 1 -9999.9 1 -9999.9 1     2.2 0 -9999.9 1
 1999 194  7 13 10 48 10.800  88.57     6.9 0 -9999.9 1 -9999.9 1    10.5 0   264.5 0   300.0 0   299.2 0   345.8 0   283.4 0   283.4 0     0.3 0     5.6 0 -9999.9 1   -81.4 0 -9999.9 1 -9999.9 1 -9999.9 1 -9999.9 1    12.8 0 -9999.9 1
 1999 194  7 13 10 51 10.850  88.12     8.7 0 -9999.9 1 -9999.9 1    12.8 0   264.9 0   300.2 0   299.4 0   346.9 0   283.5 0   283.5 0     0.4 0     6.9 0 -9999.9 1   -82.1 0 -9999.9 1 -9999.9 1 -9999.9 1 -9999.9 1     4.8 0 -9999.9 1
 1999 194  7 13 10 54 10.900  87.65    10.8 0 -9999.9 1 -9999.9 1    14.8 0   266.1 0   300.3 0   299.5 0   348.4 0   283.7 0   283.7 0     0.5 0     8.5 0 -9999.9 1   -82.3 0 -9999.9 1 -9999.9 1 -9999.9 1 -9999.9 1     2.4 0 -9999.9 1
 1999 194  7 13 10 57 10.950  87.18    13.2 0 -9999.9 1 -9999.9 1    17.1 0   265.8 0   300.4 0   299.6 0   348.2 0   283.7 0   283.7 0     0.6 0    10.4 0 -9999.9 1   -82.4 0 -9999.9 1 -9999.9 1 -9999.9 1 -9999.9 1     4.6 0 -9999.9 1
 1999 194  7 13 11  3 11.050  86.20    24.5 0 -9999.9 1 -9999.9 1    20.1 0   268.9 0   300.8 0   300.0 0   350.9 0   284.0 0   284.0 0     0.8 0    14.8 0 -9999.9 1   -82.1 0 -9999.9 1 -9999.9 1 -9999.9 1 -9999.9 1     3.0 0 -9999.9 1
 1999 194  7 13 11  6 11.100  85.70    32.2 0 -9999.9 1 -9999.9 1    21.7 0   270.1 0   301.0 0   300.2 0   352.5 0   284.1 0   284.1 0     1.0 0    17.5 0 -9999.9 1   -82.3 0 -9999.9 1 -9999.9 1 -9999.9 1 -9999.9 1     6.2 0 -9999.9 1
 1999 194  7 13 11  9 11.150  85.20    39.6 0 -9999.9 1 -9999.9 1    23.6 0   269.5 0   301.2 0   300.4 0   353.3 0   284.1 0   284.1 0     1.2 0    20.3 0 -9999.9 1   -83.8 0 -9999.9 1 -9999.9 1 -9999.9 1 -9999.9 1     1.2 0 -9999.9 1
 1999 194  7 13 11 12 11.200  84.69    46.3 0 -9999.9 1 -9999.9 1    25.4 0   272.2 0   301.4 0   300.3 0   354.4 0   284.2 0   284.2 0     1.4 0    23.5 0 -9999.9 1   -82.2 0 -9999.9 1 -9999.9 1 -9999.9 1 -9999.9 1     4.0 0 -9999.9 1
 1999 194  7 13 11 18 11.300  83.66    59.4 0 -9999.9 1 -9999.9 1    28.7 0   270.8 0   301.9 0   301.2 0   356.7 0   284.3 0   284.3 0     2.0 0    30.5 0 -9999.9 1   -85.9 0 -9999.9 1 -9999.9 1 -9999.9 1 -9999.9 1     4.2 0 -9999.9 1
 1999 194  7 13 11 21 11.350  83.15    66.1 0 -9999.9 1 -9999.9 1    30.5 0   270.2 0   302.2 0   301.6 0   358.4 0   284.4 0   284.4 0     2.2 0    34.4 0 -9999.9 1   -88.1 0 -9999.9 1 -9999.9 1 -9999.9 1 -9999.9 1     2.6 0 -9999.9 1
 1999 194  7 13 11 24 11.400  82.62    73.6 0 -9999.9 1 -9999.9 1    32.4 0   269.1 0   302.4 0   301.9 0   359.7 0   284.4 0   284.4 0     2.5 0    38.7 0 -9999.9 1   -90.6 0 -9999.9 1 -9999.9 1 -9999.9 1 -9999.9 1    12.8 0 -9999.9 1
 1999 194  7 13 11 27 11.450  82.10    81.2 0 -9999.9 1 -9999.9 1    34.2 0   269.7 0   302.7 0   302.2 0   361.9 0   284.4 0   284.5 0     2.8 0    42.9 0 -9999.9 1   -92.1 0 -9999.9 1 -9999.9 1 -9999.9 1 -9999.9 1    14.4 0 -9999.9 1
 1999 194  7 13 11 33 11.550  81.05    97.9 0 -9999.9 1 -9999.9 1    37.1 0   272.1 0   303.4 0   302.7 0   365.2 0   284.6 0   284.7 0     3.6 0    50.7 0 -9999.9 1   -93.1 0 -9999.9 1 -9999.9 1 -9999.9 1 -9999.9 1    14.4 0 -9999.9 1
 1999 194  7 13 11 36 11.600  80.51   106.9 0 -9999.9 1 -9999.9 1    38.4 0   273.0 0   303.7 0   303.2 0   367.8 0   284.8 0   284.9 0     4.0 0    54.7 0 -9999.9 1   -94.8 0 -9999.9 1 -9999.9 1 -9999.9 1 -9999.9 1     0.1 0 -9999.9 1
 1999 194  7 13 11 39 11.650  79.98   116.0 0 -9999.9 1 -9999.9 1    40.0 0   272.8 0   304.0 0   303.5 0   370.6 0   285.0 0   285.1 0     4.4 0    58.7 0 -9999.9 1   -97.8 0 -9999.9 1 -9999.9 1 -9999.9 1 -9999.9 1   340.6 0 -9999.9 1
 1999 194  7 13 11 42 11.700  79.45   125.6 0 -9999.9 1 -9999.9 1    41.3 0   272.6 0   304.3 0   303.7 0   371.5 0   285.2 0   285.3 0     4.8 0    62.7 0 -9999.9 1   -98.9 0 -9999.9 1 -9999.9 1 -9999.9 1 -9999.9 1     0.3 0 -9999.9 1
 1999 194  7 13 11 48 11.800  78.37   144.9 0 -9999.9 1 -9999.9 1    43.8 0   274.7 0   305.1 0   304.6 0   375.2 0   285.6 0   285.7 0     5.9 0    70.9 0 -9999.9 1  -100.5 0 -9999.9 1 -9999.9 1 -9999.9 1 -9999.9 1   353.4 0 -9999.9 1
 1999 194  7 13 11 51 11.850  77.83   155.6 0 -9999.9 1 -9999.9 1    45.6 0   271.7 0   305.3 0   304.7 0   375.5 0   285.5 0   285.6 0     6.3 0    75.7 0 -9999.9 1  -103.7 0 -9999.9 1 -9999.9 1 -9999.9 1 -9999.9 1   358.4 0 -9999.9 1
 1999 194  7 13 11 54 11.900  77.29   165.7 0 -9999.9 1 -9999.9 1    47.2 0   273.5 0   305.5 0   304.5 0   376.1 0   285.6 0   285.7 0     6.8 0    80.3 0 -9999.9 1  -102.6 0 -9999.9 1 -9999.9 1 -9999.9 1 -9999.9 1     6.8 0 -9999.9 1
 1999 194  7 13 11 57 11.950  76.75   175.1 0 -9999.9 1 -9999.9 1    48.3 0   271.9 0   305.9 0   305.3 0   377.7 0   285.8 0   285.9 0     7.4 0    84.0 0 -9999.9 1  -105.8 0 -9999.9 1 -9999.9 1 -9999.9 1 -9999.9 1     6.0 0 -9999.9 1
 1999 194  7 13 12  3 12.050  75.65   194.7 0 -9999.9 1 -9999.9 1    50.5 0   272.7 0   306.7 0   305.9 0   381.1 0   286.2 0   286.3 0     8.5 0    92.8 0 -9999.9 1  -108.3 0 -9999.9 1 -9999.9 1 -9999.9 1 -9999.9 1     7.7 0 -9999.9 1
 1999 194  7 13 12  6 12.100  75.11   204.9 0 -9999.9 1 -9999.9 1    52.1 0   274.8 0   307.1 0   306.0 0   381.8 0   286.4 0   286.5 0     9.0 0    97.0 0 -9999.9 1  -107.0 0 -9999.9 1 -9999.9 1 -9999.9 1 -9999.9 1    13.5 0 -9999.9 1
 1999 194  7 13 12  9 12.150  74.56   214.6 0 -9999.9 1 -9999.9 1    53.2 0   274.6 0   307.5 0   306.7 0   384.3 0   286.7 0   286.8 0     9.6 0   101.5 0 -9999.9 1  -109.7 0 -9999.9 1 -9999.9 1 -9999.9 1 -9999.9 1    17.5 0 -9999.9 1
 1999 194  7 13 12 12 12.200  74.01   225.4 0 -9999.9 1 -9999.9 1    54.2 0   274.8 0   307.9 0   307.0 0   386.8 0   286.9 0   287.0 0    10.5 0   105.5 0 -9999.9 1  -112.0 0 -9999.9 1 -9999.9 1 -9999.9 1 -9999.9 1    17.2 0 -9999.9 1
 1999 194  7 13 12 18 12.300  72.90   248.1 0 -9999.9 1 -9999.9 1    57.0 0   271.5 0   308.4 0   307.8 0   390.8 0   287.2 0   287.4 0    11.9 0   115.6 0 -9999.9 1  -119.3 0 -9999.9 1 -9999.9 1 -9999.9 1 -9999.9 1   346.7 0 -9999.9 1
 1999 194  7 13 12 21 12.350  72.35   258.2 0 -9999.9 1 -9999.9 1    58.5 0   271.3 0   308.7 0   308.0 0   391.3 0   287.4 0   287.6 0    12.8 0   120.2 0 -9999.9 1  -120.0 0 -9999.9 1 -9999.9 1 -9999.9 1 -9999.9 1     5.1 0 -9999.9 1
 1999 194  7 13 12 24 12.400  71.79   269.3 0 -9999.9 1 -9999.9 1    60.1 0   274.7 0   309.1 0   307.8 0   391.5 0   287.7 0   287.9 0    13.7 0   124.7 0 -9999.9 1  -116.8 0 -9999.9 1 -9999.9 1 -9999.9 1 -9999.9 1    16.8 0 -9999.9 1
 1999 194  7 13 12 27 12.450  71.24   280.2 0 -9999.9 1 -9999.9 1    61.4 0   274.3 0   309.5 0   308.3 0   392.6 0   288.0 0   288.2 0    14.5 0   129.2 0 -9999.9 1  -118.4 0 -9999.9 1 -9999.9 1 -9999.9 1 -9999.9 1     5.7 0 -9999.9 1
 1999 194  7 13 12 33 12.550  70.12   300.8 0 -9999.9 1 -9999.9 1    62.6 0   269.3 0   310.2 0   309.9 0   395.2 0   288.5 0   288.7 0    16.5 0   138.5 0 -9999.9 1  -125.9 0 -9999.9 1 -9999.9 1 -9999.9 1 -9999.9 1   305.6 0 -9999.9 1
 1999 194  7 13 12 36 12.600  69.56   311.0 0 -9999.9 1 -9999.9 1    63.1 0   272.1 0   310.7 0   310.2 0   398.3 0   288.9 0   289.1 0    17.5 0   142.9 0 -9999.9 1  -126.2 0 -9999.9 1 -9999.9 1 -9999.9 1 -9999.9 1    11.6 0 -9999.9 1
 1999 194  7 13 12 39 12.650  69.00   321.4 0 -9999.9 1 -9999.9 1    63.7 0   272.0 0   311.1 0   310.6 0   400.0 0   289.2 0   289.5 0    18.6 0   147.6 0 -9999.9 1  -128.0 0 -9999.9 1 -9999.9 1 -9999.9 1 -9999.9 1     1.8 0 -9999.9 1
 1999 194  7 13 12 42 12.700  68.44   332.5 0 -9999.9 1 -9999.9 1    64.7 0   271.8 0   311.5 0   311.0 0   402.3 0   289.6 0   289.8 0    20.0 0   152.3 0 -9999.9 1  -130.5 0 -9999.9 1 -9999.9 1 -9999.9 1 -9999.9 1    32.6 0 -9999.9 1
 1999 194  7 13 12 48 12.800  67.31   354.1 0 -9999.9 1 -9999.9 1    66.9 0   272.6 0   312.3 0   311.4 0   404.8 0   290.1 0   290.4 0    22.1 0   161.7 0 -9999.9 1  -132.1 0 -9999.9 1 -9999.9 1 -9999.9 1 -9999.9 1    12.5 0 -9999.9 1
 1999 194  7 13 12 51 12.850  66.75   363.8 0 -9999.9 1 -9999.9 1    67.7 0   272.4 0   312.7 0   311.8 0   405.7 0   290.5 0   290.7 0    22.9 0   165.5 0 -9999.9 1  -133.2 0 -9999.9 1 -9999.9 1 -9999.9 1 -9999.9 1    21.8 0 -9999.9 1
 1999 194  7 13 12 54 12.900  66.18   376.0 0 -9999.9 1 -9999.9 1    68.9 0   271.8 0   313.0 0   312.0 0   405.2 0   290.7 0   290.9 0    24.3 0   169.9 0 -9999.9 1  -133.4 0 -9999.9 1 -9999.9 1 -9999.9 1 -9999.9 1   351.1 0 -9999.9 1
 1999 194  7 13 12 57 12.950  65.61   387.7 0 -9999.9 1 -9999.9 1    70.2 0   272.6 0   313.3 0   312.1 0   406.3 0   290.9 0   291.1 0    25.5 0   175.0 0 -9999.9 1  -133.7 0 -9999.9 1 -9999.9 1 -9999.9 1 -9999.9 1     5.9 0 -9999.9 1
 1999 194  7 13 13  3 13.050  64.48   411.9 0 -9999.9 1 -9999.9 1    71.7 0   270.2 0   313.8 0   312.9 0   407.8 0   291.3 0   291.5 0    28.1 0   185.4 0 -9999.9 1  -137.6 0 -9999.9 1 -9999.9 1 -9999.9 1 -9999.9 1    34.2 0 -9999.9 1
 1999 194  7 13 13  6 13.100  63.91   422.8 0 -9999.9 1 -9999.9 1    72.1 0   271.9 0   314.1 0   313.4 0   410.1 0   291.7 0   291.9 0    29.1 0   190.0 0 -9999.9 1  -138.2 0 -9999.9 1 -9999.9 1 -9999.9 1 -9999.9 1    25.5 0 -9999.9 1
 1999 194  7 13 13  9 13.150  63.34   432.0 0 -9999.9 1 -9999.9 1    72.4 0   272.4 0   314.5 0   314.1 0   411.3 0   292.1 0   292.3 0    32.3 0   194.3 0 -9999.9 1  -138.9 0 -9999.9 1 -9999.9 1 -9999.9 1 -9999.9 1    20.0 0 -9999.9 1
 1999 194  7 13 13 12 13.200  62.78   440.8 0 -9999.9 1 -9999.9 1    72.3 0   271.2 0   315.0 0   314.8 0   413.2 0   292.5 0   292.7 0    33.8 0   198.0 0 -9999.9 1  -142.0 0 -9999.9 1 -9999.9 1 -9999.9 1 -9999.9 1    58.3 0 -9999.9 1
 1999 194  7 13 13 18 13.300  61.64   462.2 0 -9999.9 1 -9999.9 1    73.7 0   274.4 0   315.7 0   315.2 0   416.2 0   293.0 0   293.2 0    36.5 0   207.9 0 -9999.9 1  -141.8 0 -9999.9 1 -9999.9 1 -9999.9 1 -9999.9 1   141.3 0 -9999.9 1
 1999 194  7 13 13 21 13.350  61.07   474.4 0 -9999.9 1 -9999.9 1    74.7 0   276.6 0   315.9 0   314.9 0   416.8 0   293.2 0   293.3 0    38.3 0   213.2 0 -9999.9 1  -140.2 0 -9999.9 1 -9999.9 1 -9999.9 1 -9999.9 1   106.6 0 -9999.9 1
 1999 194  7 13 13 24 13.400  60.49   485.1 0 -9999.9 1 -9999.9 1    74.9 0   277.0 0   316.1 0   315.5 0   416.9 0   293.4 0   293.6 0    39.9 0   217.9 0 -9999.9 1  -139.9 0 -9999.9 1 -9999.9 1 -9999.9 1 -9999.9 1   117.8 0 -9999.9 1
 1999 194  7 13 13 27 13.450  59.92   497.3 0 -9999.9 1 -9999.9 1    75.2 0   276.5 0   316.4 0   315.9 0   418.0 0   293.6 0   293.8 0    42.1 0   223.3 0 -9999.9 1  -141.5 0 -9999.9 1 -9999.9 1 -9999.9 1 -9999.9 1    46.5 0 -9999.9 1
 1999 194  7 13 13 33 13.550  58.78   517.9 0 -9999.9 1 -9999.9 1    77.3 0   272.4 0   317.0 0   316.5 0   420.2 0   294.1 0   294.3 0    45.5 0   232.3 0 -9999.9 1  -147.9 0 -9999.9 1 -9999.9 1 -9999.9 1 -9999.9 1    84.6 0 -9999.9 1
 1999 194  7 13 13 36 13.600  58.21   529.9 0 -9999.9 1 -9999.9 1    77.6 0   275.5 0   317.3 0   316.5 0   421.5 0   294.4 0   294.6 0    47.3 0   237.5 0 -9999.9 1  -145.9 0 -9999.9 1 -9999.9 1 -9999.9 1 -9999.9 1    55.8 0 -9999.9 1
 1999 194  7 13 13 39 13.650  57.63   542.3 0 -9999.9 1 -9999.9 1    78.1 0   273.6 0   317.5 0   316.7 0   421.7 0   294.5 0   294.7 0    50.4 0   243.3 0 -9999.9 1  -148.1 0 -9999.9 1 -9999.9 1 -9999.9 1 -9999.9 1    10.9 0 -9999.9 1
 1999 194  7 13 13 42 13.700  57.06   555.4 0 -9999.9 1 -9999.9 1    78.4 0   270.4 0   317.7 0   317.4 0   422.1 0   294.6 0   294.8 0    52.4 0   248.6 0 -9999.9 1  -151.7 0 -9999.9 1 -9999.9 1 -9999.9 1 -9999.9 1   347.3 0 -9999.9 1
 1999 194  7 13 13 48 13.800  55.91   579.6 0 -9999.9 1 -9999.9 1    80.2 0   269.7 0   318.1 0   317.3 0   423.4 0   294.9 0   295.1 0    56.7 2   259.0 0 -9999.9 1  -153.7 0 -9999.9 1 -9999.9 1 -9999.9 1 -9999.9 1   127.2 0 -9999.9 1
 1999 194  7 13 13 51 13.850  55.34   586.9 0 -9999.9 1 -9999.9 1    79.4 0   271.4 0   318.5 0   318.4 0   425.1 0   295.3 0   295.6 0    58.6 0   261.6 0 -9999.9 1  -153.7 0 -9999.9 1 -9999.9 1 -9999.9 1 -9999.9 1    93.7 0 -9999.9 1
 1999 194  7 13 13 54 13.900  54.77   596.2 0 -9999.9 1 -9999.9 1    79.6 0   271.5 0   318.9 0   318.7 0   427.6 0   295.7 0   295.9 0    60.3 0   266.3 0 -9999.9 1  -156.2 0 -9999.9 1 -9999.9 1 -9999.9 1 -9999.9 1    99.1 0 -9999.9 1
 1999 194  7 13 13 57 13.950  54.19   606.0 0 -9999.9 1 -9999.9 1    80.3 0   272.4 0   319.2 0   318.9 0   429.1 0   296.0 0   296.2 0    62.2 0   270.9 0 -9999.9 1  -156.8 0 -9999.9 1 -9999.9 1 -9999.9 1 -9999.9 1   143.3 0 -9999.9 1
 1999 194  7 13 14  3 14.050  53.05   625.1 0 -9999.9 1 -9999.9 1    81.7 0   281.1 0   319.7 0   318.9 0   430.4 0   296.4 0   296.6 0    66.6 0   278.9 0 -9999.9 1  -149.4 0 -9999.9 1 -9999.9 1 -9999.9 1 -9999.9 1    42.8 0 -9999.9 1
 1999 194  7 13 14  6 14.100  52.47   637.0 0 -9999.9 1 -9999.9 1    82.0 0   275.2 0   319.8 0   319.4 0   430.8 0   296.5 0   296.6 0    68.7 0   283.3 0 -9999.9 1  -155.6 0 -9999.9 1 -9999.9 1 -9999.9 1 -9999.9 1   356.8 0 -9999.9 1
 1999 194  7 13 14  9 14.150  51.90   646.5 0 -9999.9 1 -9999.9 1    81.7 0   273.1 0   320.2 0   320.1 0   430.3 0   296.8 0   297.0 0    72.4 0   286.8 0 -9999.9 1  -157.2 0 -9999.9 1 -9999.9 1 -9999.9 1 -9999.9 1   295.2 0 -9999.9 1
 1999 194  7 13 14 12 14.200  51.33   656.8 0 -9999.9 1 -9999.9 1    81.8 0   271.7 0   320.4 0   320.0 0   431.8 0   297.0 0   297.2 0    74.3 0   291.3 0 -9999.9 1  -160.2 0 -9999.9 1 -9999.9 1 -9999.9 1 -9999.9 1   204.7 0 -9999.9 1
 1999 194  7 13 14 18 14.300  50.18   678.4 0 -9999.9 1 -9999.9 1    82.4 0   272.6 0   320.8 0   320.5 0   432.6 0   297.3 0   297.5 0    78.6 0   300.8 0 -9999.9 1  -160.0 0 -9999.9 1 -9999.9 1 -9999.9 1 -9999.9 1   206.1 0 -9999.9 1
 1999 194  7 13 14 21 14.350  49.61   688.9 0 -9999.9 1 -9999.9 1    83.2 0   274.7 0   321.0 0   320.5 0   433.9 0   297.5 0   297.7 0    80.8 0   305.1 0 -9999.9 1  -159.3 0 -9999.9 1 -9999.9 1 -9999.9 1 -9999.9 1   265.6 0 -9999.9 1
 1999 194  7 13 14 24 14.400  49.04   696.5 0 -9999.9 1 -9999.9 1    83.9 0   276.8 0   321.2 0   320.7 0   434.9 0   297.8 0   298.0 0    83.1 0   308.3 0 -9999.9 1  -158.1 0 -9999.9 1 -9999.9 1 -9999.9 1 -9999.9 1   260.5 0 -9999.9 1
 1999 194  7 13 14 27 14.450  48.47   705.2 0 -9999.9 1 -9999.9 1    84.7 0   281.4 0   321.4 0   320.5 0   434.8 0   298.0 0   298.2 0    85.9 0   312.3 0 -9999.9 1  -153.4 0 -9999.9 1 -9999.9 1 -9999.9 1 -9999.9 1   309.9 0 -9999.9 1
 1999 194  7 13 14 33 14.550  47.33   728.3 0 -9999.9 1 -9999.9 1    84.9 0   272.9 0   321.6 0   321.0 0   435.9 0   298.2 0   298.4 0    92.0 0   322.0 0 -9999.9 1  -163.0 0 -9999.9 1 -9999.9 1 -9999.9 1 -9999.9 1   231.7 0 -9999.9 1
 1999 194  7 13 14 36 14.600  46.76   737.9 0 -9999.9 1 -9999.9 1    85.8 0   275.2 0   321.7 0   320.8 0   436.0 0   298.3 0   298.5 0    94.2 0   326.5 0 -9999.9 1  -160.7 0 -9999.9 1 -9999.9 1 -9999.9 1 -9999.9 1   223.9 0 -9999.9 1
 1999 194  7 13 14 39 14.650  46.19   746.1 0 -9999.9 1 -9999.9 1    86.5 0   277.0 0   321.8 0   321.1 0   436.6 0   298.4 0   298.6 0    96.6 0   329.9 0 -9999.9 1  -159.7 0 -9999.9 1 -9999.9 1 -9999.9 1 -9999.9 1   253.8 0 -9999.9 1
 1999 194  7 13 14 42 14.700  45.62   753.3 0 -9999.9 1 -9999.9 1    86.0 0   276.2 0   322.1 0   321.5 0   438.3 0   298.6 0   298.8 0    99.0 0   332.4 0 -9999.9 1  -162.2 0 -9999.9 1 -9999.9 1 -9999.9 1 -9999.9 1   244.6 0 -9999.9 1
 1999 194  7 13 14 48 14.800  44.49   775.3 0 -9999.9 1 -9999.9 1    86.3 0   276.4 0   322.3 0   321.5 0   439.2 0   298.8 0   299.0 0   105.0 0   342.1 0 -9999.9 1  -162.7 0 -9999.9 1 -9999.9 1 -9999.9 1 -9999.9 1   214.6 0 -9999.9 1
 1999 194  7 13 14 51 14.850  43.92   784.7 0 -9999.9 1 -9999.9 1    86.8 0   275.6 0   322.3 0   321.5 0   440.0 0   298.8 0   299.0 0   108.2 0   345.9 0 -9999.9 1  -164.4 0 -9999.9 1 -9999.9 1 -9999.9 1 -9999.9 1   208.1 0 -9999.9 1
 1999 194  7 13 14 54 14.900  43.36   793.1 0 -9999.9 1 -9999.9 1    87.0 0   276.9 0   322.4 0   321.7 0   439.1 0   298.9 0   299.2 0   112.4 0   349.5 0 -9999.9 1  -162.2 0 -9999.9 1 -9999.9 1 -9999.9 1 -9999.9 1   208.4 0 -9999.9 1
 1999 194  7 13 14 57 14.950  42.79   804.8 0 -9999.9 1 -9999.9 1    87.5 0   277.4 0   322.5 0   321.7 0   439.8 0   299.0 0   299.2 0   115.9 2   354.9 0 -9999.9 1  -162.4 0 -9999.9 1 -9999.9 1 -9999.9 1 -9999.9 1   211.3 0 -9999.9 1
 1999 194  7 13 15  3 15.050  41.67   821.3 0 -9999.9 1 -9999.9 1    88.6 0   278.9 0   322.6 0   321.7 0   442.4 0   299.2 0   299.4 0   122.1 2   363.0 0 -9999.9 1  -163.5 0 -9999.9 1 -9999.9 1 -9999.9 1 -9999.9 1   167.9 0 -9999.9 1
 1999 194  7 13 15  6 15.100  41.11   828.0 0 -9999.9 1 -9999.9 1    88.2 0   279.5 0   322.7 0   322.3 0   441.8 0   299.4 0   299.6 0   124.2 0   365.9 0 -9999.9 1  -162.4 0 -9999.9 1 -9999.9 1 -9999.9 1 -9999.9 1   162.4 0 -9999.9 1
 1999 194  7 13 15  9 15.150  40.55   834.1 0 -9999.9 1 -9999.9 1    89.8 0   284.8 0   322.8 0   321.3 0   442.9 0   299.6 0   299.7 0   126.0 0   369.0 0 -9999.9 1  -158.1 0 -9999.9 1 -9999.9 1 -9999.9 1 -9999.9 1   141.3 0 -9999.9 1
 1999 194  7 13 15 12 15.200  40.00   840.0 0 -9999.9 1 -9999.9 1    89.3 0   285.8 0   322.9 0   321.9 0   444.1 0   299.7 0   299.9 0   128.3 0   371.4 0 -9999.9 1  -158.3 0 -9999.9 1 -9999.9 1 -9999.9 1 -9999.9 1   155.1 0 -9999.9 1
 1999 194  7 13 15 18 15.300  38.89   862.1 0 -9999.9 1 -9999.9 1    91.0 0   289.0 0   322.7 0   321.1 0   445.9 0   299.7 0   299.8 0   132.9 2   380.2 0 -9999.9 1  -156.9 0 -9999.9 1 -9999.9 1 -9999.9 1 -9999.9 1   133.5 0 -9999.9 1
 1999 194  7 13 15 21 15.350  38.34   868.5 0 -9999.9 1 -9999.9 1    91.6 0   291.1 0   322.7 0   321.1 0   446.0 0   299.7 0   299.8 0   135.4 2   383.4 0 -9999.9 1  -154.9 0 -9999.9 1 -9999.9 1 -9999.9 1 -9999.9 1   139.2 0 -9999.9 1
 1999 194  7 13 15 24 15.400  37.79   877.6 0 -9999.9 1 -9999.9 1    92.1 0   288.4 0   322.5 0   320.8 0   445.6 0   299.6 0   299.7 0   138.5 2   388.1 0 -9999.9 1  -157.2 0 -9999.9 1 -9999.9 1 -9999.9 1 -9999.9 1   160.6 0 -9999.9 1
 1999 194  7 13 15 27 15.450  37.24   884.8 0 -9999.9 1 -9999.9 1    91.5 0   284.7 0   322.5 0   321.6 0   446.9 0   299.6 0   299.8 0   140.9 2   391.2 0 -9999.9 1  -162.2 0 -9999.9 1 -9999.9 1 -9999.9 1 -9999.9 1   124.3 0 -9999.9 1
 1999 194  7 13 15 33 15.550  36.15   899.1 0 -9999.9 1 -9999.9 1    91.9 0   285.0 0   322.7 0   322.0 0   450.2 0   299.9 0   300.0 0   147.6 0   395.6 0 -9999.9 1  -165.2 0 -9999.9 1 -9999.9 1 -9999.9 1 -9999.9 1   147.6 0 -9999.9 1
 1999 194  7 13 15 36 15.600  35.61   903.1 0 -9999.9 1 -9999.9 1    92.6 0   288.1 0   322.8 0   322.3 0   448.7 0   300.0 0   300.3 0   150.8 0   398.1 0 -9999.9 1  -160.6 0 -9999.9 1 -9999.9 1 -9999.9 1 -9999.9 1   193.7 0 -9999.9 1
 1999 194  7 13 15 39 15.650  35.07   913.1 0 -9999.9 1 -9999.9 1    93.2 0   289.9 0   322.8 0   321.9 0   448.6 0   300.1 0   300.3 0   153.2 0   402.5 0 -9999.9 1  -158.8 0 -9999.9 1 -9999.9 1 -9999.9 1 -9999.9 1   180.8 0 -9999.9 1
 1999 194  7 13 15 42 15.700  34.53   925.5 0 -9999.9 1 -9999.9 1    93.7 0   285.2 0   322.7 0   322.1 0   451.2 0   300.0 0   300.2 0   155.5 2   407.4 0 -9999.9 1  -166.0 0 -9999.9 1 -9999.9 1 -9999.9 1 -9999.9 1   155.1 0 -9999.9 1
 1999 194  7 13 15 48 15.800  33.47   942.3 0 -9999.9 1 -9999.9 1   101.5 0   293.8 0   322.7 0   321.1 0   451.7 0   300.2 0   300.4 0   162.0 0   414.2 0 -9999.9 1  -158.0 0 -9999.9 1 -9999.9 1 -9999.9 1 -9999.9 1   143.7 0 -9999.9 1
 1999 194  7 13 15 51 15.850  32.95   950.0 0 -9999.9 1 -9999.9 1   101.0 0   290.4 0   322.6 0   321.1 0   450.4 0   300.1 0   300.3 0   164.6 0   417.2 0 -9999.9 1  -160.0 0 -9999.9 1 -9999.9 1 -9999.9 1 -9999.9 1   176.6 0 -9999.9 1
 1999 194  7 13 15 54 15.900  32.42   955.5 0 -9999.9 1 -9999.9 1   103.5 0   292.8 0   322.6 0   321.3 0   452.1 0   300.1 0   300.3 0   165.9 0   418.3 0 -9999.9 1  -159.3 0 -9999.9 1 -9999.9 1 -9999.9 1 -9999.9 1   182.3 0 -9999.9 1
 1999 194  7 13 15 57 15.950  31.90   963.2 0 -9999.9 1 -9999.9 1   114.8 0   294.7 0   322.5 0   321.0 0   451.6 0   300.1 0   300.2 0   167.5 0   421.2 0 -9999.9 1  -156.9 0 -9999.9 1 -9999.9 1 -9999.9 1 -9999.9 1   195.5 0 -9999.9 1
 1999 194  7 13 16  3 16.050  30.88   994.2 0 -9999.9 1 -9999.9 1   134.1 0   301.0 0   322.4 0   320.8 0   454.6 0   300.1 0   300.3 0   175.7 0   433.7 0 -9999.9 1  -153.7 0 -9999.9 1 -9999.9 1 -9999.9 1 -9999.9 1   153.1 0 -9999.9 1
 1999 194  7 13 16  6 16.100  30.37  1012.4 0 -9999.9 1 -9999.9 1   135.4 0   297.4 0   322.0 0   321.0 0   454.5 0   299.8 0   300.1 0   178.2 0   440.9 0 -9999.9 1  -157.0 0 -9999.9 1 -9999.9 1 -9999.9 1 -9999.9 1   144.8 0 -9999.9 1
 1999 194  7 13 16  9 16.150  29.87  1022.3 0 -9999.9 1 -9999.9 1   138.6 0   293.4 0   322.2 0   322.0 0   455.2 0   300.1 0   300.4 0   182.7 0   445.2 0 -9999.9 1  -161.8 0 -9999.9 1 -9999.9 1 -9999.9 1 -9999.9 1   187.1 0 -9999.9 1
 1999 194  7 13 16 12 16.200  29.37  1015.4 0 -9999.9 1 -9999.9 1   133.2 0   292.2 0   322.3 0   321.6 0   455.7 0   300.3 0   300.6 0   183.2 0   442.2 0 -9999.9 1  -163.5 0 -9999.9 1 -9999.9 1 -9999.9 1 -9999.9 1   240.4 0 -9999.9 1
 1999 194  7 13 16 18 16.300  28.39  1009.0 0 -9999.9 1 -9999.9 1   118.1 0   292.9 0   322.2 0   321.3 0   455.5 0   300.3 0   300.5 0   185.7 0   441.1 0 -9999.9 1  -162.6 0 -9999.9 1 -9999.9 1 -9999.9 1 -9999.9 1   207.6 0 -9999.9 1
 1999 194  7 13 16 21 16.350  27.90  1008.8 0 -9999.9 1 -9999.9 1   117.6 0   292.8 0   322.3 0   321.2 0   456.2 0   300.4 0   300.6 0   190.3 0   440.3 0 -9999.9 1  -163.4 0 -9999.9 1 -9999.9 1 -9999.9 1 -9999.9 1   190.3 0 -9999.9 1
 1999 194  7 13 16 24 16.400  27.43  1014.0 0 -9999.9 1 -9999.9 1   114.6 0   296.0 0   322.3 0   321.0 0   454.2 0   300.4 0   300.6 0   193.0 0   442.7 0 -9999.9 1  -158.2 0 -9999.9 1 -9999.9 1 -9999.9 1 -9999.9 1   190.4 0 -9999.9 1
 1999 194  7 13 16 27 16.450  26.96  1020.4 0 -9999.9 1 -9999.9 1   112.1 0   294.4 0   322.2 0   321.1 0   456.1 0   300.3 0   300.5 0   195.1 0   445.4 0 -9999.9 1  -161.7 0 -9999.9 1 -9999.9 1 -9999.9 1 -9999.9 1   198.4 0 -9999.9 1
 1999 194  7 13 16 33 16.550  26.04  1023.5 0 -9999.9 1 -9999.9 1   109.3 0   296.9 0   322.0 0   321.1 0   456.2 0   300.2 0   300.4 0   199.5 0   445.9 0 -9999.9 1  -159.4 0 -9999.9 1 -9999.9 1 -9999.9 1 -9999.9 1   299.6 0 -9999.9 1
 1999 194  7 13 16 36 16.600  25.59  1033.5 0 -9999.9 1 -9999.9 1   110.7 0   293.2 0   321.9 0   321.1 0   456.0 0   300.2 0   300.4 0   205.2 0   450.3 0 -9999.9 1  -162.8 0 -9999.9 1 -9999.9 1 -9999.9 1 -9999.9 1   246.0 0 -9999.9 1
 1999 194  7 13 16 39 16.650  25.15  1036.9 0 -9999.9 1 -9999.9 1   112.9 0   293.0 0   322.0 0   321.9 0   457.6 0   300.4 0   300.6 0   205.8 0   451.5 0 -9999.9 1  -164.6 0 -9999.9 1 -9999.9 1 -9999.9 1 -9999.9 1   163.7 0 -9999.9 1
 1999 194  7 13 16 42 16.700  24.72  1037.5 0 -9999.9 1 -9999.9 1   117.5 0   295.7 0   322.0 0   321.3 0   457.5 0   300.4 0   300.6 0   207.8 0   451.7 0 -9999.9 1  -161.8 0 -9999.9 1 -9999.9 1 -9999.9 1 -9999.9 1   243.6 0 -9999.9 1
 1999 194  7 13 16 48 16.800  23.88  1058.2 0 -9999.9 1 -9999.9 1   132.7 0   294.8 0   322.1 0   321.7 0   456.9 0   300.5 0   300.8 0   212.5 0   460.1 0 -9999.9 1  -162.1 0 -9999.9 1 -9999.9 1 -9999.9 1 -9999.9 1   269.7 0 -9999.9 1
 1999 194  7 13 16 51 16.850  23.47  1017.5 0 -9999.9 1 -9999.9 1   143.8 0   298.5 0   322.2 0   321.5 0   456.0 0   300.6 0   300.9 0   207.0 0   443.8 0 -9999.9 1  -157.6 0 -9999.9 1 -9999.9 1 -9999.9 1 -9999.9 1   337.0 0 -9999.9 1
 1999 194  7 13 16 54 16.900  23.08   997.8 0 -9999.9 1 -9999.9 1   153.2 0   293.9 0   322.1 0   321.3 0   456.0 0   300.7 0   300.8 0   202.9 2   435.3 0 -9999.9 1  -162.1 0 -9999.9 1 -9999.9 1 -9999.9 1 -9999.9 1   250.9 0 -9999.9 1
 1999 194  7 13 16 57 16.950  22.69   995.4 0 -9999.9 1 -9999.9 1   160.5 0   296.4 0   322.0 0   320.9 0   453.9 0   300.6 0   300.8 0   204.2 2   435.2 0 -9999.9 1  -157.5 0 -9999.9 1 -9999.9 1 -9999.9 1 -9999.9 1   262.9 0 -9999.9 1
 1999 194  7 13 17  3 17.050  21.96  1035.1 0 -9999.9 1 -9999.9 1   169.0 0   290.4 0   322.1 0   321.9 0   455.2 0   300.9 0   301.1 0   213.5 2   450.8 0 -9999.9 1  -164.8 0 -9999.9 1 -9999.9 1 -9999.9 1 -9999.9 1   176.9 0 -9999.9 1
 1999 194  7 13 17  6 17.100  21.61  1034.6 0 -9999.9 1 -9999.9 1   171.7 0   295.6 0   322.2 0   321.2 0   456.7 0   301.0 0   301.1 0   216.3 0   451.6 0 -9999.9 1  -161.1 0 -9999.9 1 -9999.9 1 -9999.9 1 -9999.9 1   182.1 0 -9999.9 1
 1999 194  7 13 17  9 17.150  21.28  1038.6 0 -9999.9 1 -9999.9 1   173.6 0   296.9 0   322.2 0   320.8 0   456.3 0   300.8 0   300.9 0   215.4 0   453.3 0 -9999.9 1  -159.4 0 -9999.9 1 -9999.9 1 -9999.9 1 -9999.9 1   166.1 0 -9999.9 1
 1999 194  7 13 17 12 17.200  20.95  1063.8 0 -9999.9 1 -9999.9 1   172.1 0   299.7 0   322.1 0   321.1 0   457.7 0   300.7 0   300.9 0   220.7 0   463.7 0 -9999.9 1  -158.0 0 -9999.9 1 -9999.9 1 -9999.9 1 -9999.9 1   158.1 0 -9999.9 1
 1999 194  7 13 17 18 17.300  20.36  1070.1 0 -9999.9 1 -9999.9 1   164.2 0   298.9 0   322.0 0   321.1 0   460.1 0   300.7 0   301.0 0   223.0 0   466.4 0 -9999.9 1  -161.2 0 -9999.9 1 -9999.9 1 -9999.9 1 -9999.9 1   148.4 0 -9999.9 1
 1999 194  7 13 17 21 17.350  20.08  1065.4 0 -9999.9 1 -9999.9 1   159.7 0   302.5 0   321.9 0   320.5 0   460.2 0   300.7 0   300.9 0   221.9 0   463.8 0 -9999.9 1  -157.7 0 -9999.9 1 -9999.9 1 -9999.9 1 -9999.9 1   121.7 0 -9999.9 1
 1999 194  7 13 17 24 17.400  19.82  1085.6 0 -9999.9 1 -9999.9 1   155.8 0   301.4 0   321.7 0   320.9 0   460.5 0   300.7 0   300.9 0   224.8 0   471.7 0 -9999.9 1  -159.1 0 -9999.9 1 -9999.9 1 -9999.9 1 -9999.9 1   123.1 0 -9999.9 1
 1999 194  7 13 17 27 17.450  19.58  1071.4 0 -9999.9 1 -9999.9 1   147.9 0   302.3 0   321.7 0   320.9 0   462.3 0   300.8 0   300.9 0   222.2 0   465.5 0 -9999.9 1  -160.0 0 -9999.9 1 -9999.9 1 -9999.9 1 -9999.9 1    69.6 0 -9999.9 1
 1999 194  7 13 17 33 17.550  19.15  1090.4 0 -9999.9 1 -9999.9 1   143.2 0   307.2 0   321.8 0   321.1 0   464.0 0   301.1 0   301.2 0   227.2 0   474.2 0 -9999.9 1  -156.8 0 -9999.9 1 -9999.9 1 -9999.9 1 -9999.9 1    17.9 0 -9999.9 1
 1999 194  7 13 17 36 17.600  18.97  1079.2 0 -9999.9 1 -9999.9 1   143.6 0   305.3 0   322.0 0   321.9 0   461.9 0   301.2 0   301.4 0   225.6 0   468.5 0 -9999.9 1  -156.6 0 -9999.9 1 -9999.9 1 -9999.9 1 -9999.9 1   354.8 0 -9999.9 1
 1999 194  7 13 17 39 17.650  18.80  1079.2 0 -9999.9 1 -9999.9 1   145.0 0   300.7 0   322.1 0   321.9 0   462.2 0   301.2 0   301.4 0   227.1 0   468.2 0 -9999.9 1  -161.6 0 -9999.9 1 -9999.9 1 -9999.9 1 -9999.9 1   110.1 0 -9999.9 1
 1999 194  7 13 17 42 17.700  18.66  1082.4 0 -9999.9 1 -9999.9 1   148.6 0   302.1 0   322.2 0   322.3 0   462.6 0   301.4 0   301.6 0   229.5 0   469.9 0 -9999.9 1  -160.5 0 -9999.9 1 -9999.9 1 -9999.9 1 -9999.9 1    80.4 0 -9999.9 1
 1999 194  7 13 17 48 17.800  18.43  1075.0 0 -9999.9 1 -9999.9 1   166.9 0   303.9 0   322.4 0   321.4 0   462.1 0   301.4 0   301.6 0   227.2 0   466.8 0 -9999.9 1  -158.3 0 -9999.9 1 -9999.9 1 -9999.9 1 -9999.9 1   238.7 0 -9999.9 1
 1999 194  7 13 17 51 17.850  18.35  1089.3 0 -9999.9 1 -9999.9 1   177.3 0   302.9 0   322.4 0   321.4 0   461.9 0   301.3 0   301.5 0   228.7 0   472.6 0 -9999.9 1  -159.1 0 -9999.9 1 -9999.9 1 -9999.9 1 -9999.9 1   205.1 0 -9999.9 1
 1999 194  7 13 17 54 17.900  18.29  1081.6 0 -9999.9 1 -9999.9 1   189.8 0   302.4 0   322.3 0   321.1 0   460.6 0   301.1 0   301.3 0   226.2 0   469.3 0 -9999.9 1  -158.1 0 -9999.9 1 -9999.9 1 -9999.9 1 -9999.9 1   187.3 0 -9999.9 1
 1999 194  7 13 17 57 17.950  18.25   976.1 0 -9999.9 1 -9999.9 1   199.6 0   303.5 0   322.3 0   320.7 0   457.2 0   300.9 0   301.0 0   211.1 0   425.6 0 -9999.9 1  -153.6 0 -9999.9 1 -9999.9 1 -9999.9 1 -9999.9 1   211.7 0 -9999.9 1
 1999 194  7 13 18  3 18.050  18.24  1016.0 0 -9999.9 1 -9999.9 1   217.5 0   304.2 0   321.9 0   320.3 0   456.6 0   300.4 0   300.5 0   214.1 0   442.4 0 -9999.9 1  -152.4 0 -9999.9 1 -9999.9 1 -9999.9 1 -9999.9 1   223.9 0 -9999.9 1
 1999 194  7 13 18  6 18.100  18.27  1004.0 0 -9999.9 1 -9999.9 1   215.6 0   305.5 0   321.7 0   320.4 0   457.2 0   300.3 0   300.5 0   212.6 0   436.9 0 -9999.9 1  -151.6 0 -9999.9 1 -9999.9 1 -9999.9 1 -9999.9 1   232.2 0 -9999.9 1
 1999 194  7 13 18  9 18.150  18.32  1002.7 0 -9999.9 1 -9999.9 1   207.8 0   301.8 0   321.6 0   320.8 0   460.0 0   300.3 0   300.6 0   212.8 0   436.2 0 -9999.9 1  -158.2 0 -9999.9 1 -9999.9 1 -9999.9 1 -9999.9 1   246.1 0 -9999.9 1
 1999 194  7 13 18 12 18.200  18.39  1024.8 0 -9999.9 1 -9999.9 1   195.5 0   304.2 0   321.6 0   321.2 0   462.8 0   300.5 0   300.7 0   217.1 0   445.4 0 -9999.9 1  -158.6 0 -9999.9 1 -9999.9 1 -9999.9 1 -9999.9 1   122.7 0 -9999.9 1
 1999 194  7 13 18 18 18.300  18.60  1089.3 0 -9999.9 1 -9999.9 1   164.5 0   304.1 0   321.7 0   321.2 0   465.3 0   300.8 0   301.1 0   228.7 0   472.6 0 -9999.9 1  -161.2 0 -9999.9 1 -9999.9 1 -9999.9 1 -9999.9 1   187.6 0 -9999.9 1
 1999 194  7 13 18 21 18.350  18.74  1096.9 0 -9999.9 1 -9999.9 1   149.7 0   306.9 0   321.8 0   321.0 0   466.7 0   300.9 0   301.1 0   230.1 0   475.4 0 -9999.9 1  -159.8 0 -9999.9 1 -9999.9 1 -9999.9 1 -9999.9 1   227.1 0 -9999.9 1
 1999 194  7 13 18 24 18.400  18.89  1113.4 0 -9999.9 1 -9999.9 1   137.8 0   302.3 0   321.6 0   321.1 0   465.0 0   300.9 0   301.1 0   233.1 0   482.8 0 -9999.9 1  -162.7 0 -9999.9 1 -9999.9 1 -9999.9 1 -9999.9 1   241.4 0 -9999.9 1
 1999 194  7 13 18 27 18.450  19.07  1109.4 0 -9999.9 1 -9999.9 1   129.5 0   297.5 0   321.5 0   321.2 0   464.3 0   300.9 0   301.2 0   231.6 0   481.0 0 -9999.9 1  -166.8 0 -9999.9 1 -9999.9 1 -9999.9 1 -9999.9 1   230.8 0 -9999.9 1
 1999 194  7 13 18 33 18.550  19.48  1103.5 0 -9999.9 1 -9999.9 1   121.6 0   299.8 0   321.5 0   320.8 0   461.1 0   301.0 0   301.2 0   227.5 2   478.9 0 -9999.9 1  -161.3 0 -9999.9 1 -9999.9 1 -9999.9 1 -9999.9 1   256.8 0 -9999.9 1
 1999 194  7 13 18 36 18.600  19.72  1085.3 0 -9999.9 1 -9999.9 1   119.5 0   294.1 0   321.6 0   321.5 0   461.0 0   301.1 0   301.3 0   224.6 2   471.1 0 -9999.9 1  -167.0 0 -9999.9 1 -9999.9 1 -9999.9 1 -9999.9 1   216.6 0 -9999.9 1
 1999 194  7 13 18 39 18.650  19.97  1082.1 0 -9999.9 1 -9999.9 1   119.3 0   299.5 0   321.7 0   320.9 0   461.2 0   301.3 0   301.5 0   228.1 0   470.2 0 -9999.9 1  -161.7 0 -9999.9 1 -9999.9 1 -9999.9 1 -9999.9 1   258.7 0 -9999.9 1
 1999 194  7 13 18 42 18.700  20.24  1087.1 0 -9999.9 1 -9999.9 1   120.6 0   301.3 0   321.6 0   320.0 0   458.2 0   301.3 0   301.4 0   230.3 2   472.2 0 -9999.9 1  -156.9 0 -9999.9 1 -9999.9 1 -9999.9 1 -9999.9 1   244.3 0 -9999.9 1
 1999 194  7 13 18 48 18.800  20.82  1050.7 0 -9999.9 1 -9999.9 1   119.7 0   301.2 0   321.3 0   319.8 0   460.0 0   300.9 0   301.1 0   220.9 0   458.1 0 -9999.9 1  -158.8 0 -9999.9 1 -9999.9 1 -9999.9 1 -9999.9 1   249.5 0 -9999.9 1
 1999 194  7 13 18 51 18.850  21.14  1064.1 0 -9999.9 1 -9999.9 1   119.4 0   302.9 0   321.1 0   319.8 0   460.6 0   300.8 0   301.0 0   220.9 0   463.5 0 -9999.9 1  -157.7 0 -9999.9 1 -9999.9 1 -9999.9 1 -9999.9 1   277.1 0 -9999.9 1
 1999 194  7 13 18 54 18.900  21.46  1066.1 0 -9999.9 1 -9999.9 1   115.8 0   307.6 0   321.0 0   319.7 0   462.1 0   300.8 0   301.1 0   220.2 0   464.3 0 -9999.9 1  -154.5 0 -9999.9 1 -9999.9 1 -9999.9 1 -9999.9 1   309.1 0 -9999.9 1
 1999 194  7 13 18 57 18.950  21.81  1070.2 0 -9999.9 1 -9999.9 1   113.2 0   300.4 0   320.9 0   320.3 0   463.6 0   300.8 0   301.1 0   219.2 0   466.1 0 -9999.9 1  -163.2 0 -9999.9 1 -9999.9 1 -9999.9 1 -9999.9 1   256.1 0 -9999.9 1
 1999 194  7 13 19  3 19.050  22.53  1065.0 0 -9999.9 1 -9999.9 1   109.7 0   308.5 0   320.6 0   319.1 0   461.1 0   300.7 0   301.0 0   215.0 2   464.8 0 -9999.9 1  -152.6 0 -9999.9 1 -9999.9 1 -9999.9 1 -9999.9 1   335.1 0 -9999.9 1
 1999 194  7 13 19  6 19.100  22.91  1059.2 0 -9999.9 1 -9999.9 1   108.9 0   307.0 0   320.5 0   319.2 0   458.7 0   300.6 0   300.9 0   211.5 2   462.4 0 -9999.9 1  -151.7 0 -9999.9 1 -9999.9 1 -9999.9 1 -9999.9 1     6.4 0 -9999.9 1
 1999 194  7 13 19  9 19.150  23.30  1056.4 0 -9999.9 1 -9999.9 1   106.1 0   299.4 0   320.6 0   320.2 0   460.5 0   300.8 0   301.1 0   210.9 2   461.4 0 -9999.9 1  -161.1 0 -9999.9 1 -9999.9 1 -9999.9 1 -9999.9 1   347.1 0 -9999.9 1
 1999 194  7 13 19 12 19.200  23.70  1050.6 0 -9999.9 1 -9999.9 1   102.9 0   296.6 0   320.8 0   320.5 0   462.6 0   301.0 0   301.3 0   212.1 0   458.6 0 -9999.9 1  -166.1 0 -9999.9 1 -9999.9 1 -9999.9 1 -9999.9 1   313.3 0 -9999.9 1
 1999 194  7 13 19 18 19.300  24.53  1042.7 0 -9999.9 1 -9999.9 1    99.5 0   292.6 0   320.8 0   320.8 0   459.9 0   301.2 0   301.5 0   207.1 2   455.5 0 -9999.9 1  -167.3 0 -9999.9 1 -9999.9 1 -9999.9 1 -9999.9 1   224.2 0 -9999.9 1
 1999 194  7 13 19 21 19.350  24.96  1041.4 0 -9999.9 1 -9999.9 1    99.5 0   294.6 0   320.9 0   320.3 0   460.9 0   301.3 0   301.5 0   206.0 2   455.7 0 -9999.9 1  -166.3 0 -9999.9 1 -9999.9 1 -9999.9 1 -9999.9 1   127.7 0 -9999.9 1
 1999 194  7 13 19 24 19.400  25.40  1036.3 0 -9999.9 1 -9999.9 1    98.0 0   298.0 0   320.9 0   320.7 0   461.9 0   301.4 0   301.5 0   205.2 2   453.3 0 -9999.9 1  -163.9 0 -9999.9 1 -9999.9 1 -9999.9 1 -9999.9 1   346.4 0 -9999.9 1
 1999 194  7 13 19 27 19.450  25.84  1033.3 0 -9999.9 1 -9999.9 1    96.7 0   298.4 0   321.1 0   320.7 0   461.8 0   301.4 0   301.6 0   204.1 2   451.8 0 -9999.9 1  -163.4 0 -9999.9 1 -9999.9 1 -9999.9 1 -9999.9 1   349.0 0 -9999.9 1
 1999 194  7 13 19 33 19.550  26.76  1021.3 0 -9999.9 1 -9999.9 1    95.2 0   294.2 0   321.5 0   321.1 0   461.7 0   301.7 0   301.9 0   201.0 2   447.0 0 -9999.9 1  -167.5 0 -9999.9 1 -9999.9 1 -9999.9 1 -9999.9 1   253.8 0 -9999.9 1
 1999 194  7 13 19 36 19.600  27.22  1015.8 0 -9999.9 1 -9999.9 1    95.5 0   294.2 0   321.5 0   320.5 0   459.4 0   301.6 0   301.7 0   198.2 2   444.8 0 -9999.9 1  -165.2 0 -9999.9 1 -9999.9 1 -9999.9 1 -9999.9 1   219.3 0 -9999.9 1
 1999 194  7 13 19 39 19.650  27.70  1007.6 0 -9999.9 1 -9999.9 1    96.0 0   297.9 0   321.5 0   320.3 0   459.6 0   301.5 0   301.7 0   193.6 2   441.4 0 -9999.9 1  -161.7 0 -9999.9 1 -9999.9 1 -9999.9 1 -9999.9 1   250.0 0 -9999.9 1
 1999 194  7 13 19 42 19.700  28.18  1003.2 0 -9999.9 1 -9999.9 1    96.3 0   303.1 0   321.5 0   319.9 0   458.2 0   301.4 0   301.6 0   192.3 0   439.4 0 -9999.9 1  -155.1 0 -9999.9 1 -9999.9 1 -9999.9 1 -9999.9 1   252.0 0 -9999.9 1
 1999 194  7 13 19 48 19.800  29.15   997.3 0 -9999.9 1 -9999.9 1    93.7 0   292.2 0   321.6 0   321.3 0   460.7 0   301.4 0   301.7 0   189.3 0   436.7 0 -9999.9 1  -168.5 0 -9999.9 1 -9999.9 1 -9999.9 1 -9999.9 1   219.8 0 -9999.9 1
 1999 194  7 13 19 51 19.850  29.65   990.2 0 -9999.9 1 -9999.9 1    92.8 0   293.9 0   321.8 0   321.3 0   459.9 0   301.6 0   301.9 0   185.4 0   433.5 0 -9999.9 1  -166.0 0 -9999.9 1 -9999.9 1 -9999.9 1 -9999.9 1   228.6 0 -9999.9 1
 1999 194  7 13 19 54 19.900  30.15   989.3 0 -9999.9 1 -9999.9 1    94.2 0   298.3 0   321.8 0   320.9 0   459.3 0   301.6 0   301.9 0   182.9 0   433.4 0 -9999.9 1  -161.0 0 -9999.9 1 -9999.9 1 -9999.9 1 -9999.9 1   274.5 0 -9999.9 1
 1999 194  7 13 19 57 19.950  30.66   980.8 0 -9999.9 1 -9999.9 1    93.1 0   302.1 0   321.9 0   321.1 0   458.8 0   301.8 0   302.1 0   181.5 0   429.8 0 -9999.9 1  -156.7 0 -9999.9 1 -9999.9 1 -9999.9 1 -9999.9 1   329.3 0 -9999.9 1
 1999 194  7 13 20  3 20.050  31.68   968.3 0 -9999.9 1 -9999.9 1    93.7 0   294.3 0   322.2 0   322.0 0   461.3 0   302.0 0   302.2 0   175.3 0   426.0 0 -9999.9 1  -167.0 0 -9999.9 1 -9999.9 1 -9999.9 1 -9999.9 1   319.2 0 -9999.9 1
 1999 194  7 13 20  6 20.100  32.20   968.1 0 -9999.9 1 -9999.9 1    96.4 0   291.5 0   322.2 0   321.2 0   459.2 0   301.9 0   302.1 0   173.8 0   426.8 0 -9999.9 1  -167.7 0 -9999.9 1 -9999.9 1 -9999.9 1 -9999.9 1   233.8 0 -9999.9 1
 1999 194  7 13 20  9 20.150  32.72   956.2 0 -9999.9 1 -9999.9 1    98.6 0   299.1 0   322.3 0   321.1 0   458.6 0   301.9 0   302.2 0   170.8 0   422.0 0 -9999.9 1  -159.5 0 -9999.9 1 -9999.9 1 -9999.9 1 -9999.9 1   281.9 0 -9999.9 1
 1999 194  7 13 20 12 20.200  33.25   938.2 0 -9999.9 1 -9999.9 1   100.7 0   301.3 0   322.3 0   321.1 0   458.1 0   301.9 0   302.1 0   167.3 0   414.2 0 -9999.9 1  -156.8 0 -9999.9 1 -9999.9 1 -9999.9 1 -9999.9 1   318.1 0 -9999.9 1
 1999 194  7 13 20 18 20.300  34.31   906.1 0 -9999.9 1 -9999.9 1   103.4 0   293.1 0   322.6 0   322.4 0   457.8 0   302.3 0   302.5 0   158.1 0   400.0 0 -9999.9 1  -164.7 0 -9999.9 1 -9999.9 1 -9999.9 1 -9999.9 1   249.9 0 -9999.9 1
 1999 194  7 13 20 21 20.350  34.84   895.4 0 -9999.9 1 -9999.9 1   105.2 0   299.7 0   322.7 0   321.4 0   458.4 0   302.4 0   302.5 0   153.9 0   395.9 0 -9999.9 1  -158.8 0 -9999.9 1 -9999.9 1 -9999.9 1 -9999.9 1   255.9 0 -9999.9 1
 1999 194  7 13 20 24 20.400  35.38   892.5 0 -9999.9 1 -9999.9 1   105.5 0   297.5 0   322.4 0   321.0 0   456.3 0   302.1 0   302.2 0   150.6 0   395.3 0 -9999.9 1  -158.8 0 -9999.9 1 -9999.9 1 -9999.9 1 -9999.9 1   251.7 0 -9999.9 1
 1999 194  7 13 20 27 20.450  35.92   894.3 0 -9999.9 1 -9999.9 1   103.9 0   299.5 0   322.4 0   321.1 0   457.1 0   302.1 0   302.3 0   148.8 0   396.6 0 -9999.9 1  -157.6 0 -9999.9 1 -9999.9 1 -9999.9 1 -9999.9 1   257.6 0 -9999.9 1
 1999 194  7 13 20 33 20.550  37.01   890.9 0 -9999.9 1 -9999.9 1    97.0 0   303.4 0   322.3 0   320.9 0   455.6 0   302.1 0   302.2 0   143.1 0   394.7 0 -9999.9 1  -152.2 0 -9999.9 1 -9999.9 1 -9999.9 1 -9999.9 1    91.1 0 -9999.9 1
 1999 194  7 13 20 36 20.600  37.55   880.0 0 -9999.9 1 -9999.9 1    95.5 0   301.7 0   322.3 0   320.8 0   456.7 0   302.0 0   302.2 0   142.6 0   390.8 0 -9999.9 1  -154.9 0 -9999.9 1 -9999.9 1 -9999.9 1 -9999.9 1    82.7 0 -9999.9 1
 1999 194  7 13 20 39 20.650  38.10   875.8 0 -9999.9 1 -9999.9 1    92.9 0   290.9 0   322.0 0   321.0 0   456.0 0   301.8 0   301.9 0   138.8 2   389.1 0 -9999.9 1  -165.1 0 -9999.9 1 -9999.9 1 -9999.9 1 -9999.9 1   228.7 0 -9999.9 1
 1999 194  7 13 20 42 20.700  38.65   872.6 0 -9999.9 1 -9999.9 1    91.8 0   291.7 0   322.0 0   321.0 0   453.8 0   301.6 0   301.8 0   136.0 2   388.2 0 -9999.9 1  -162.1 0 -9999.9 1 -9999.9 1 -9999.9 1 -9999.9 1   226.9 0 -9999.9 1
 1999 194  7 13 20 48 20.800  39.76   853.3 0 -9999.9 1 -9999.9 1    90.8 0   289.2 0   321.9 0   320.8 0   452.2 0   301.6 0   301.7 0   128.6 2   379.9 0 -9999.9 1  -163.0 0 -9999.9 1 -9999.9 1 -9999.9 1 -9999.9 1   186.9 0 -9999.9 1
 1999 194  7 13 20 51 20.850  40.32   839.7 0 -9999.9 1 -9999.9 1    90.4 0   293.4 0   322.1 0   320.5 0   450.1 0   301.6 0   301.7 0   125.4 2   374.0 0 -9999.9 1  -156.8 0 -9999.9 1 -9999.9 1 -9999.9 1 -9999.9 1   222.5 0 -9999.9 1
 1999 194  7 13 20 54 20.900  40.87   835.2 0 -9999.9 1 -9999.9 1    88.1 0   292.1 0   322.1 0   321.4 0   452.3 0   301.5 0   301.6 0   123.3 2   372.4 0 -9999.9 1  -160.2 0 -9999.9 1 -9999.9 1 -9999.9 1 -9999.9 1   252.4 0 -9999.9 1
 1999 194  7 13 20 57 20.950  41.43   829.3 0 -9999.9 1 -9999.9 1    87.2 0   292.8 0   322.1 0   321.4 0   453.0 0   301.6 0   301.8 0   123.1 2   369.6 0 -9999.9 1  -160.1 0 -9999.9 1 -9999.9 1 -9999.9 1 -9999.9 1   292.8 0 -9999.9 1
 1999 194  7 13 21  3 21.050  42.56   810.2 0 -9999.9 1 -9999.9 1    86.9 0   299.9 0   322.3 0   320.9 0   452.8 0   301.9 0   302.2 0   118.2 2   361.7 0 -9999.9 1  -152.9 0 -9999.9 1 -9999.9 1 -9999.9 1 -9999.9 1   310.3 0 -9999.9 1
 1999 194  7 13 21  6 21.100  43.12   796.7 0 -9999.9 1 -9999.9 1    86.7 0   300.3 0   322.3 0   321.2 0   453.2 0   301.9 0   302.1 0   114.1 2   356.1 0 -9999.9 1  -153.0 0 -9999.9 1 -9999.9 1 -9999.9 1 -9999.9 1   345.9 0 -9999.9 1
 1999 194  7 13 21  9 21.150  43.68   787.5 0 -9999.9 1 -9999.9 1    86.3 0   297.8 0   322.4 0   321.6 0   453.4 0   301.9 0   302.0 0   111.0 2   352.4 0 -9999.9 1  -155.6 0 -9999.9 1 -9999.9 1 -9999.9 1 -9999.9 1     8.4 0 -9999.9 1
 1999 194  7 13 21 12 21.200  44.25   777.7 0 -9999.9 1 -9999.9 1    86.8 0   300.3 0   322.6 0   321.6 0   451.7 0   301.8 0   302.0 0   107.6 2   348.3 0 -9999.9 1  -151.3 0 -9999.9 1 -9999.9 1 -9999.9 1 -9999.9 1    16.9 0 -9999.9 1
 1999 194  7 13 21 18 21.300  45.38   756.3 0 -9999.9 1 -9999.9 1    86.2 0   299.1 0   323.0 0   322.3 0   452.4 0   302.0 0   302.2 0   101.4 0   338.9 0 -9999.9 1  -153.4 0 -9999.9 1 -9999.9 1 -9999.9 1 -9999.9 1   326.2 0 -9999.9 1
 1999 194  7 13 21 21 21.350  45.95   744.6 0 -9999.9 1 -9999.9 1    86.5 0   298.4 0   323.1 0   321.9 0   452.5 0   302.1 0   302.2 0    98.2 0   333.7 0 -9999.9 1  -154.1 0 -9999.9 1 -9999.9 1 -9999.9 1 -9999.9 1   259.8 0 -9999.9 1
 1999 194  7 13 21 24 21.400  46.52   734.7 0 -9999.9 1 -9999.9 1    85.9 0   298.2 0   323.2 0   322.4 0   452.7 0   302.1 0   302.3 0    95.9 0   329.5 0 -9999.9 1  -154.6 0 -9999.9 1 -9999.9 1 -9999.9 1 -9999.9 1   277.1 0 -9999.9 1
 1999 194  7 13 21 27 21.450  47.09   726.3 0 -9999.9 1 -9999.9 1    86.8 0   300.6 0   323.2 0   321.9 0   451.7 0   302.0 0   302.1 0    94.0 0   325.6 0 -9999.9 1  -151.1 0 -9999.9 1 -9999.9 1 -9999.9 1 -9999.9 1   243.4 0 -9999.9 1
 1999 194  7 13 21 33 21.550  48.23   709.2 0 -9999.9 1 -9999.9 1    86.7 0   300.0 0   323.2 0   321.7 0   449.7 0   301.9 0   302.0 0    87.9 0   318.4 0 -9999.9 1  -149.7 0 -9999.9 1 -9999.9 1 -9999.9 1 -9999.9 1   230.8 0 -9999.9 1
 1999 194  7 13 21 36 21.600  48.80   697.6 0 -9999.9 1 -9999.9 1    87.1 0   296.6 0   323.1 0   321.9 0   449.7 0   301.7 0   301.9 0    84.8 0   313.6 0 -9999.9 1  -153.1 0 -9999.9 1 -9999.9 1 -9999.9 1 -9999.9 1   192.7 0 -9999.9 1
 1999 194  7 13 21 39 21.650  49.37   687.4 0 -9999.9 1 -9999.9 1    86.8 0   295.5 0   323.1 0   322.3 0   449.6 0   301.7 0   301.8 0    82.0 0   308.5 0 -9999.9 1  -154.1 0 -9999.9 1 -9999.9 1 -9999.9 1 -9999.9 1   213.1 0 -9999.9 1
 1999 194  7 13 21 42 21.700  49.94   675.6 0 -9999.9 1 -9999.9 1    86.3 0   300.7 0   323.3 0   322.1 0   449.2 0   301.8 0   301.9 0    79.0 0   302.9 0 -9999.9 1  -148.5 0 -9999.9 1 -9999.9 1 -9999.9 1 -9999.9 1   283.9 0 -9999.9 1
 1999 194  7 13 21 48 21.800  51.09   656.8 0 -9999.9 1 -9999.9 1    87.7 0   309.7 0   323.0 0   321.3 0   447.4 0   301.6 0   301.7 0    74.0 0   295.3 0 -9999.9 1  -137.7 0 -9999.9 1 -9999.9 1 -9999.9 1 -9999.9 1   312.2 0 -9999.9 1
 1999 194  7 13 21 51 21.850  51.66   644.5 0 -9999.9 1 -9999.9 1    87.9 0   306.0 0   323.1 0   321.5 0   448.2 0   301.5 0   301.7 0    72.2 0   289.6 0 -9999.9 1  -142.2 0 -9999.9 1 -9999.9 1 -9999.9 1 -9999.9 1   279.9 0 -9999.9 1
 1999 194  7 13 21 54 21.900  52.24   635.7 0 -9999.9 1 -9999.9 1    88.6 0   305.5 0   323.0 0   321.5 0   447.2 0   301.5 0   301.7 0    70.9 0   285.7 0 -9999.9 1  -141.7 0 -9999.9 1 -9999.9 1 -9999.9 1 -9999.9 1   266.3 0 -9999.9 1
 1999 194  7 13 21 57 21.950  52.81   624.1 0 -9999.9 1 -9999.9 1    87.5 0   299.6 0   323.0 0   322.2 0   447.4 0   301.6 0   301.8 0    68.7 0   280.8 0 -9999.9 1  -147.8 0 -9999.9 1 -9999.9 1 -9999.9 1 -9999.9 1   259.6 0 -9999.9 1
 1999 194  7 13 22  3 22.050  53.96   604.9 0 -9999.9 1 -9999.9 1    87.0 0   297.2 0   323.2 0   322.6 0   446.3 0   301.9 0   302.0 0    63.4 0   271.9 0 -9999.9 1  -149.1 0 -9999.9 1 -9999.9 1 -9999.9 1 -9999.9 1    86.2 0 -9999.9 1
 1999 194  7 13 22  6 22.100  54.53   594.5 0 -9999.9 1 -9999.9 1    87.6 0   302.4 0   323.4 0   322.3 0   446.3 0   302.0 0   302.1 0    61.0 0   267.7 0 -9999.9 1  -143.9 0 -9999.9 1 -9999.9 1 -9999.9 1 -9999.9 1   124.7 0 -9999.9 1
 1999 194  7 13 22  9 22.150  55.10   584.9 0 -9999.9 1 -9999.9 1    88.3 0   305.8 0   323.4 0   321.7 0   444.5 0   302.0 0   302.0 0    58.7 0   264.0 0 -9999.9 1  -138.7 0 -9999.9 1 -9999.9 1 -9999.9 1 -9999.9 1   127.1 0 -9999.9 1
 1999 194  7 13 22 12 22.200  55.68   574.2 0 -9999.9 1 -9999.9 1    88.5 0   305.7 0   323.3 0   321.4 0   444.0 0   301.9 0   302.0 0    56.9 0   259.5 0 -9999.9 1  -138.4 0 -9999.9 1 -9999.9 1 -9999.9 1 -9999.9 1   166.2 0 -9999.9 1
 1999 194  7 13 22 18 22.300  56.83   556.2 0 -9999.9 1 -9999.9 1    88.5 0   301.8 0   323.1 0   321.8 0   443.4 0   301.7 0   301.8 0    52.5 0   251.5 0 -9999.9 1  -141.6 0 -9999.9 1 -9999.9 1 -9999.9 1 -9999.9 1   146.9 0 -9999.9 1
 1999 194  7 13 22 21 22.350  57.40   543.9 0 -9999.9 1 -9999.9 1    87.7 0   299.1 0   323.1 0   322.3 0   442.8 0   301.6 0   301.7 0    50.6 2   245.0 0 -9999.9 1  -143.7 0 -9999.9 1 -9999.9 1 -9999.9 1 -9999.9 1   101.9 0 -9999.9 1
 1999 194  7 13 22 24 22.400  57.97   526.2 0 -9999.9 1 -9999.9 1    87.3 0   310.4 0   323.3 0   321.4 0   443.3 0   301.7 0   301.8 0    48.2 0   237.3 0 -9999.9 1  -132.9 0 -9999.9 1 -9999.9 1 -9999.9 1 -9999.9 1   316.6 0 -9999.9 1
 1999 194  7 13 22 27 22.450  58.55   513.3 0 -9999.9 1 -9999.9 1    87.8 0   303.2 0   323.4 0   322.1 0   444.1 0   301.9 0   301.9 0    46.2 0   232.0 0 -9999.9 1  -140.9 0 -9999.9 1 -9999.9 1 -9999.9 1 -9999.9 1   150.0 0 -9999.9 1
 1999 194  7 13 22 33 22.550  59.69   498.5 0 -9999.9 1 -9999.9 1    88.8 0   301.4 0   323.4 0   322.0 0   442.0 0   301.8 0   301.7 0    42.5 0   224.9 0 -9999.9 1  -140.6 0 -9999.9 1 -9999.9 1 -9999.9 1 -9999.9 1   129.8 0 -9999.9 1
 1999 194  7 13 22 36 22.600  60.26   489.9 0 -9999.9 1 -9999.9 1    88.9 0   300.1 0   323.4 0   322.4 0   441.3 0   301.8 0   301.8 0    40.7 0   221.1 0 -9999.9 1  -141.2 0 -9999.9 1 -9999.9 1 -9999.9 1 -9999.9 1   116.9 0 -9999.9 1
 1999 194  7 13 22 39 22.650  60.83   479.6 0 -9999.9 1 -9999.9 1    89.9 0   303.1 0   323.4 0   321.9 0   439.5 0   301.7 0   301.8 0    38.9 0   216.4 0 -9999.9 1  -136.4 0 -9999.9 1 -9999.9 1 -9999.9 1 -9999.9 1   168.8 0 -9999.9 1
 1999 194  7 13 22 42 22.700  61.41   470.4 0 -9999.9 1 -9999.9 1    91.6 0   297.9 0   323.2 0   321.7 0   437.1 0   301.5 0   301.5 0    37.3 2   212.4 0 -9999.9 1  -139.2 0 -9999.9 1 -9999.9 1 -9999.9 1 -9999.9 1   175.5 0 -9999.9 1
 1999 194  7 13 22 48 22.800  62.55   451.3 0 -9999.9 1 -9999.9 1    92.4 0   301.5 0   323.3 0   321.5 0   437.2 0   301.3 0   301.3 0    34.8 2   204.6 0 -9999.9 1  -135.6 0 -9999.9 1 -9999.9 1 -9999.9 1 -9999.9 1   237.6 0 -9999.9 1
 1999 194  7 13 22 51 22.850  63.12   440.1 0 -9999.9 1 -9999.9 1    93.0 0   301.1 0   323.1 0   321.3 0   435.7 0   301.0 0   301.1 0    32.9 2   198.8 0 -9999.9 1  -134.7 0 -9999.9 1 -9999.9 1 -9999.9 1 -9999.9 1   251.3 0 -9999.9 1
 1999 194  7 13 22 54 22.900  63.69   431.2 0 -9999.9 1 -9999.9 1    94.5 0   297.6 0   323.0 0   321.6 0   435.0 0   300.9 0   301.0 0    31.8 2   194.4 0 -9999.9 1  -137.5 0 -9999.9 1 -9999.9 1 -9999.9 1 -9999.9 1   261.5 0 -9999.9 1
 1999 194  7 13 22 57 22.950  64.25   420.0 0 -9999.9 1 -9999.9 1    96.8 0   298.9 0   323.0 0   321.5 0   434.7 0   300.9 0   300.9 0    30.6 2   188.9 0 -9999.9 1  -135.8 0 -9999.9 1 -9999.9 1 -9999.9 1 -9999.9 1   222.9 0 -9999.9 1
 1999 194  7 13 23  3 23.050  65.39   386.7 0 -9999.9 1 -9999.9 1    99.4 0   294.5 0   322.6 0   320.8 0   430.4 0   300.5 0   300.5 0    26.8 2   171.8 0 -9999.9 1  -135.9 0 -9999.9 1 -9999.9 1 -9999.9 1 -9999.9 1   243.6 0 -9999.9 1
 1999 194  7 13 23  6 23.100  65.96   357.5 0 -9999.9 1 -9999.9 1    99.4 0   296.7 0   322.5 0   320.4 0   428.0 0   300.3 0   300.3 0    25.0 2   158.1 0 -9999.9 1  -131.4 0 -9999.9 1 -9999.9 1 -9999.9 1 -9999.9 1   236.7 0 -9999.9 1
 1999 194  7 13 23  9 23.150  66.52   322.3 0 -9999.9 1 -9999.9 1    99.1 0   298.6 0   322.5 0   320.4 0   427.8 0   300.2 0   300.2 0    23.6 2   141.9 0 -9999.9 1  -129.1 0 -9999.9 1 -9999.9 1 -9999.9 1 -9999.9 1   253.9 0 -9999.9 1
 1999 194  7 13 23 12 23.200  67.09   297.3 0 -9999.9 1 -9999.9 1    98.7 0   298.9 0   322.3 0   320.4 0   426.0 0   300.0 0   300.0 0    22.0 2   129.8 0 -9999.9 1  -127.1 0 -9999.9 1 -9999.9 1 -9999.9 1 -9999.9 1   249.8 0 -9999.9 1
 1999 194  7 13 23 18 23.300  68.21   237.9 0 -9999.9 1 -9999.9 1   100.1 0   298.6 0   322.1 0   320.3 0   424.7 0   299.8 0   299.8 0    19.2 2   108.1 0 -9999.9 1  -126.1 0 -9999.9 1 -9999.9 1 -9999.9 1 -9999.9 1   227.3 0 -9999.9 1
 1999 194  7 13 23 21 23.350  68.78   225.3 0 -9999.9 1 -9999.9 1    98.5 0   300.7 0   322.0 0   320.3 0   425.0 0   299.7 0   299.6 0    18.2 2   100.5 0 -9999.9 1  -124.3 0 -9999.9 1 -9999.9 1 -9999.9 1 -9999.9 1   234.4 0 -9999.9 1
 1999 194  7 13 23 24 23.400  69.34   210.4 0 -9999.9 1 -9999.9 1    96.3 0   303.6 0   321.8 0   319.9 0   424.3 0   299.5 0   299.5 0    17.2 0    93.6 0 -9999.9 1  -120.8 0 -9999.9 1 -9999.9 1 -9999.9 1 -9999.9 1   238.0 0 -9999.9 1
 1999 194  7 13 23 27 23.450  69.90   199.0 0 -9999.9 1 -9999.9 1    92.7 0   302.0 0   321.6 0   319.9 0   423.5 0   299.3 0   299.3 0    16.0 0    88.2 0 -9999.9 1  -121.4 0 -9999.9 1 -9999.9 1 -9999.9 1 -9999.9 1   237.2 0 -9999.9 1
 1999 194  7 13 23 33 23.550  71.02   145.7 0 -9999.9 1 -9999.9 1    83.3 0   298.7 0   321.1 0   319.7 0   420.4 0   298.8 0   298.8 0    13.8 2    67.5 0 -9999.9 1  -121.7 0 -9999.9 1 -9999.9 1 -9999.9 1 -9999.9 1   241.9 0 -9999.9 1
 1999 194  7 13 23 36 23.600  71.58   129.5 0 -9999.9 1 -9999.9 1    76.7 0   299.8 0   320.8 0   319.3 0   418.8 0   298.6 0   298.5 0    12.8 2    60.1 0 -9999.9 1  -119.0 0 -9999.9 1 -9999.9 1 -9999.9 1 -9999.9 1   245.4 0 -9999.9 1
 1999 194  7 13 23 39 23.650  72.13   100.9 0 -9999.9 1 -9999.9 1    70.2 0   299.9 0   320.5 0   319.0 0   415.4 0   298.3 0   298.2 0    11.9 2    49.4 0 -9999.9 1  -115.5 0 -9999.9 1 -9999.9 1 -9999.9 1 -9999.9 1   246.1 0 -9999.9 1
 1999 194  7 13 23 42 23.700  72.69    94.2 0 -9999.9 1 -9999.9 1    65.7 0   299.9 0   320.2 0   318.9 0   413.6 0   298.0 0   297.9 0    11.0 2    45.6 0 -9999.9 1  -113.7 0 -9999.9 1 -9999.9 1 -9999.9 1 -9999.9 1   239.0 0 -9999.9 1
 1999 194  7 13 23 48 23.800  73.80   101.4 0 -9999.9 1 -9999.9 1    64.6 0   301.2 0   319.8 0   318.9 0   414.9 0   297.8 0   297.7 0     9.5 2    45.7 0 -9999.9 1  -113.7 0 -9999.9 1 -9999.9 1 -9999.9 1 -9999.9 1   242.0 0 -9999.9 1
 1999 194  7 13 23 51 23.850  74.35   120.0 0 -9999.9 1 -9999.9 1    68.6 0   299.4 0   319.6 0   318.8 0   415.9 0   297.6 0   297.6 0     9.0 2    51.8 0 -9999.9 1  -116.5 0 -9999.9 1 -9999.9 1 -9999.9 1 -9999.9 1   237.2 0 -9999.9 1
 1999 194  7 13 23 54 23.900  74.90   116.5 0 -9999.9 1 -9999.9 1    73.5 0   300.1 0   319.6 0   318.8 0   417.3 0   297.5 0   297.5 0     8.5 2    52.1 0 -9999.9 1  -117.2 0 -9999.9 1 -9999.9 1 -9999.9 1 -9999.9 1   238.0 0 -9999.9 1
 1999 194  7 13 23 57 23.950  75.45   111.6 0 -9999.9 1 -9999.9 1    74.1 0   303.0 0   319.6 0   318.7 0   418.5 0   297.6 0   297.5 0     8.1 0    50.8 0 -9999.9 1  -115.5 0 -9999.9 1 -9999.9 1 -9999.9 1 -9999.9 1   233.1 0 -9999.9 1
