 Bondville
   40.05  -88.37  213 m version 1
 1999 191  7 10  0  3  0.050  76.30   243.2 0 -9999.9 1 -9999.9 1   121.5 0   372.5 0   315.0 0   313.0 0   448.3 0   299.9 0   300.0 0    10.6 0   112.8 0 -9999.9 1   -75.7 0 -9999.9 1 -9999.9 1 -9999.9 1 -9999.9 1   316.3 0 -9999.9 1
 1999 191  7 10  0  6  0.100  76.85   230.5 0 -9999.9 1 -9999.9 1   111.4 0   370.9 0   315.0 0   312.8 0   446.0 0   299.8 0   299.8 0     9.7 0   107.1 0 -9999.9 1   -75.2 0 -9999.9 1 -9999.9 1 -9999.9 1 -9999.9 1   322.9 0 -9999.9 1
 1999 191  7 10  0  9  0.150  77.39   212.0 0 -9999.9 1 -9999.9 1   102.1 0   371.1 0   315.0 0   312.6 0   444.3 0   299.7 0   299.7 0     8.8 0    98.6 0 -9999.9 1   -73.2 0 -9999.9 1 -9999.9 1 -9999.9 1 -9999.9 1   329.0 0 -9999.9 1
 1999 191  7 10  0 12  0.200  77.93   196.3 0 -9999.9 1 -9999.9 1    93.8 0   366.3 0   314.8 0   312.4 0   441.7 0   299.5 0   299.5 0     8.0 0    91.5 0 -9999.9 1   -75.4 0 -9999.9 1 -9999.9 1 -9999.9 1 -9999.9 1   332.5 0 -9999.9 1
 1999 191  7 10  0 18  0.300  79.00   161.1 0 -9999.9 1 -9999.9 1    73.9 0   359.2 0   314.7 0   312.4 0   439.7 0   299.3 0   299.3 0     6.3 0    75.2 0 -9999.9 1   -80.5 0 -9999.9 1 -9999.9 1 -9999.9 1 -9999.9 1   340.6 0 -9999.9 1
 1999 191  7 10  0 21  0.350  79.54   146.7 0 -9999.9 1 -9999.9 1    68.4 0   359.1 0   314.6 0   311.9 0   436.9 0   299.1 0   299.1 0     5.6 0    68.7 0 -9999.9 1   -77.8 0 -9999.9 1 -9999.9 1 -9999.9 1 -9999.9 1   340.9 0 -9999.9 1
 1999 191  7 10  0 24  0.400  80.07   129.9 0 -9999.9 1 -9999.9 1    64.0 0   356.8 0   314.4 0   311.8 0   435.7 0   299.0 0   298.9 0     5.0 0    61.3 0 -9999.9 1   -78.9 0 -9999.9 1 -9999.9 1 -9999.9 1 -9999.9 1   336.8 0 -9999.9 1
 1999 191  7 10  0 27  0.450  80.60    99.1 0 -9999.9 1 -9999.9 1    62.4 0   354.9 0   314.2 0   311.5 0   434.1 0   298.8 0   298.7 0     4.5 0    49.0 0 -9999.9 1   -79.2 0 -9999.9 1 -9999.9 1 -9999.9 1 -9999.9 1   333.6 0 -9999.9 1
 1999 191  7 10  0 33  0.550  81.66    94.0 0 -9999.9 1 -9999.9 1    61.2 0   349.8 0   313.3 0   310.8 0   430.7 0   298.2 0   298.0 0     3.8 0    44.6 0 -9999.9 1   -80.9 0 -9999.9 1 -9999.9 1 -9999.9 1 -9999.9 1   326.8 0 -9999.9 1
 1999 191  7 10  0 36  0.600  82.18    82.2 0 -9999.9 1 -9999.9 1    58.9 0   348.4 0   313.0 0   310.6 0   429.6 0   297.9 0   297.8 0     3.4 0    39.5 0 -9999.9 1   -81.1 0 -9999.9 1 -9999.9 1 -9999.9 1 -9999.9 1   327.5 0 -9999.9 1
 1999 191  7 10  0 39  0.650  82.70    57.9 0 -9999.9 1 -9999.9 1    52.0 0   345.3 0   312.6 0   310.4 0   426.4 0   297.7 0   297.5 0     2.9 2    29.2 0 -9999.9 1   -81.2 0 -9999.9 1 -9999.9 1 -9999.9 1 -9999.9 1   326.9 0 -9999.9 1
 1999 191  7 10  0 42  0.700  83.22    47.8 0 -9999.9 1 -9999.9 1    47.3 0   343.0 0   312.3 0   310.1 0   424.2 0   297.5 0   297.3 0     2.6 2    24.8 0 -9999.9 1   -81.3 0 -9999.9 1 -9999.9 1 -9999.9 1 -9999.9 1   324.6 0 -9999.9 1
 1999 191  7 10  0 48  0.800  84.25    38.6 0 -9999.9 1 -9999.9 1    39.3 0   338.7 0   311.6 0   309.5 0   421.5 0   297.0 0   296.8 0     2.0 2    19.5 0 -9999.9 1   -82.8 0 -9999.9 1 -9999.9 1 -9999.9 1 -9999.9 1   333.6 0 -9999.9 1
 1999 191  7 10  0 51  0.850  84.76    37.3 0 -9999.9 1 -9999.9 1    37.7 0   337.1 0   311.3 0   309.3 0   420.1 0   296.8 0   296.6 0     1.7 2    18.4 0 -9999.9 1   -82.9 0 -9999.9 1 -9999.9 1 -9999.9 1 -9999.9 1   338.3 0 -9999.9 1
 1999 191  7 10  0 54  0.900  85.26    34.6 0 -9999.9 1 -9999.9 1    34.8 0   335.9 0   311.0 0   309.1 0   418.8 0   296.5 0   296.3 0     1.5 2    17.0 0 -9999.9 1   -82.9 0 -9999.9 1 -9999.9 1 -9999.9 1 -9999.9 1   339.8 0 -9999.9 1
 1999 191  7 10  0 57  0.950  85.76    30.4 0 -9999.9 1 -9999.9 1    30.7 0   333.9 0   310.7 0   308.8 0   417.1 0   296.2 0   296.1 0     1.3 2    14.8 0 -9999.9 1   -83.2 0 -9999.9 1 -9999.9 1 -9999.9 1 -9999.9 1   340.5 0 -9999.9 1
 1999 191  7 10  1  3  1.050  86.75    22.6 0 -9999.9 1 -9999.9 1    22.8 0   333.2 0   310.3 0   308.4 0   414.8 0   295.8 0   295.6 0     0.9 2    11.0 0 -9999.9 1   -81.6 0 -9999.9 1 -9999.9 1 -9999.9 1 -9999.9 1   345.2 0 -9999.9 1
 1999 191  7 10  1  6  1.100  87.23    18.1 0 -9999.9 1 -9999.9 1    18.4 0   331.5 0   310.0 0   308.1 0   413.6 0   295.5 0   295.4 0     0.8 2     9.0 0 -9999.9 1   -82.1 0 -9999.9 1 -9999.9 1 -9999.9 1 -9999.9 1   350.1 0 -9999.9 1
 1999 191  7 10  1  9  1.150  87.70    13.6 0 -9999.9 1 -9999.9 1    14.4 0   329.5 0   309.8 0   307.9 0   412.3 0   295.3 0   295.1 0     0.7 2     7.0 0 -9999.9 1   -82.8 0 -9999.9 1 -9999.9 1 -9999.9 1 -9999.9 1   348.2 0 -9999.9 1
 1999 191  7 10  1 12  1.200  88.17    10.0 0 -9999.9 1 -9999.9 1    10.7 0   326.7 0   309.7 0   307.8 0   411.1 0   295.1 0   295.0 0     0.6 2     5.4 0 -9999.9 1   -84.4 0 -9999.9 1 -9999.9 1 -9999.9 1 -9999.9 1   341.6 0 -9999.9 1
 1999 191  7 10  1 18  1.300  89.05     5.0 0 -9999.9 1 -9999.9 1     6.3 0   323.3 0   309.2 0   307.3 0   409.4 0   294.6 0   294.5 0     0.4 2     3.3 0 -9999.9 1   -86.1 0 -9999.9 1 -9999.9 1 -9999.9 1 -9999.9 1   346.9 0 -9999.9 1
 1999 191  7 10  1 21  1.350  89.45     3.2 0 -9999.9 1 -9999.9 1     4.6 0   324.2 0   309.0 0   307.0 0   408.3 0   294.4 0   294.3 0     0.3 2     2.6 0 -9999.9 1   -84.1 0 -9999.9 1 -9999.9 1 -9999.9 1 -9999.9 1   338.3 0 -9999.9 1
 1999 191  7 10  1 24  1.400  89.82     2.3 0 -9999.9 1 -9999.9 1     3.5 0   326.2 0   308.8 0   306.9 0   407.3 0   294.2 0   294.1 0     0.2 2     2.1 0 -9999.9 1   -81.1 0 -9999.9 1 -9999.9 1 -9999.9 1 -9999.9 1   337.8 0 -9999.9 1
 1999 191  7 10  1 27  1.450  91.01     3.5 0 -9999.9 1 -9999.9 1     4.0 0   327.1 0   308.6 0   306.7 0   406.6 0   294.0 0   293.9 0     0.0 2     2.1 0 -9999.9 1   -79.6 0 -9999.9 1 -9999.9 1 -9999.9 1 -9999.9 1   343.6 0 -9999.9 1
 1999 191  7 10  1 33  1.550  91.99     3.2 0 -9999.9 1 -9999.9 1     3.6 0   335.6 0   308.2 0   306.3 0   406.8 0   293.6 0   293.5 0     0.0 2     1.2 0 -9999.9 1   -71.2 0 -9999.9 1 -9999.9 1 -9999.9 1 -9999.9 1   345.3 0 -9999.9 1
 1999 191  7 10  1 36  1.600  92.48     1.3 0 -9999.9 1 -9999.9 1     1.9 0   347.3 0   308.1 0   306.2 0   408.0 0   293.5 0   293.4 0     0.0 2     0.7 0 -9999.9 1   -60.7 0 -9999.9 1 -9999.9 1 -9999.9 1 -9999.9 1   340.6 0 -9999.9 1
 1999 191  7 10  1 39  1.650  92.96    -0.8 0 -9999.9 1 -9999.9 1     0.0 0   356.2 0   308.0 0   306.1 0   409.1 0   293.4 0   293.4 0     0.0 2     0.3 0 -9999.9 1   -52.8 0 -9999.9 1 -9999.9 1 -9999.9 1 -9999.9 1   339.4 0 -9999.9 1
 1999 191  7 10  1 42  1.700  93.44    -1.9 0 -9999.9 1 -9999.9 1    -0.5 0   359.1 0   308.0 0   306.2 0   410.4 0   293.5 0   293.4 0     0.0 2     0.0 0 -9999.9 1   -51.3 0 -9999.9 1 -9999.9 1 -9999.9 1 -9999.9 1   340.7 0 -9999.9 1
 1999 191  7 10  1 48  1.800  94.40    -3.3 0 -9999.9 1 -9999.9 1    -1.7 0   356.7 0   307.8 0   306.1 0   410.4 0   293.3 0   293.2 0     0.0 2    -0.1 0 -9999.9 1   -53.7 0 -9999.9 1 -9999.9 1 -9999.9 1 -9999.9 1   334.8 0 -9999.9 1
 1999 191  7 10  1 51  1.850  94.87    -3.5 0 -9999.9 1 -9999.9 1    -1.6 0   356.5 0   307.7 0   306.1 0   410.9 0   293.3 0   293.2 0     0.0 2    -0.1 0 -9999.9 1   -54.4 0 -9999.9 1 -9999.9 1 -9999.9 1 -9999.9 1   327.3 0 -9999.9 1
 1999 191  7 10  1 54  1.900  95.34    -3.5 0 -9999.9 1 -9999.9 1    -1.4 0   355.6 0   307.5 0   306.0 0   410.4 0   293.1 0   293.1 0     0.0 2    -0.1 0 -9999.9 1   -54.8 0 -9999.9 1 -9999.9 1 -9999.9 1 -9999.9 1   322.0 0 -9999.9 1
 1999 191  7 10  1 57  1.950  95.81    -3.6 0 -9999.9 1 -9999.9 1    -1.3 0   356.0 0   307.4 0   305.8 0   410.4 0   293.1 0   293.0 0     0.0 2     0.0 0 -9999.9 1   -54.4 0 -9999.9 1 -9999.9 1 -9999.9 1 -9999.9 1   319.8 0 -9999.9 1
 1999 191  7 10  2  3  2.050  96.74    -3.9 0 -9999.9 1 -9999.9 1    -1.3 0   357.5 0   307.5 0   305.7 0   412.1 0   293.2 0   293.2 0     0.0 2    -0.2 0 -9999.9 1   -54.6 0 -9999.9 1 -9999.9 1 -9999.9 1 -9999.9 1   329.1 0 -9999.9 1
 1999 191  7 10  2  6  2.100  97.20    -3.9 0 -9999.9 1 -9999.9 1    -1.3 0   356.5 0   307.5 0   305.8 0   412.6 0   293.4 0   293.3 0     0.0 0    -0.2 0 -9999.9 1   -56.1 0 -9999.9 1 -9999.9 1 -9999.9 1 -9999.9 1   329.9 0 -9999.9 1
 1999 191  7 10  2  9  2.150  97.65    -3.9 0 -9999.9 1 -9999.9 1    -1.5 0   352.2 0   307.4 0   305.7 0   411.4 0   293.3 0   293.2 0     0.0 2    -0.2 0 -9999.9 1   -59.2 0 -9999.9 1 -9999.9 1 -9999.9 1 -9999.9 1   330.0 0 -9999.9 1
 1999 191  7 10  2 12  2.200  98.10    -3.9 0 -9999.9 1 -9999.9 1    -1.5 0   352.6 0   307.4 0   305.7 0   411.9 0   293.3 0   293.3 0     0.0 0    -0.2 0 -9999.9 1   -59.3 0 -9999.9 1 -9999.9 1 -9999.9 1 -9999.9 1   335.3 0 -9999.9 1
 1999 191  7 10  2 18  2.300  99.00    -3.8 0 -9999.9 1 -9999.9 1    -1.5 0   348.8 0   307.0 0   305.4 0   409.8 0   292.9 0   292.9 0     0.0 2    -0.2 0 -9999.9 1   -61.0 0 -9999.9 1 -9999.9 1 -9999.9 1 -9999.9 1   336.6 0 -9999.9 1
 1999 191  7 10  2 21  2.350  99.44    -3.9 0 -9999.9 1 -9999.9 1    -1.6 0   346.3 0   306.8 0   305.2 0   408.9 0   292.7 0   292.7 0     0.0 2    -0.2 0 -9999.9 1   -62.6 0 -9999.9 1 -9999.9 1 -9999.9 1 -9999.9 1   335.5 0 -9999.9 1
 1999 191  7 10  2 24  2.400  99.88    -3.8 0 -9999.9 1 -9999.9 1    -1.5 0   346.0 0   306.7 0   305.2 0   408.5 0   292.7 0   292.6 0     0.0 2    -0.1 0 -9999.9 1   -62.5 0 -9999.9 1 -9999.9 1 -9999.9 1 -9999.9 1   334.4 0 -9999.9 1
 1999 191  7 10  2 27  2.450 100.31    -3.8 0 -9999.9 1 -9999.9 1    -1.1 0   350.4 0   306.7 0   305.2 0   408.6 0   292.7 0   292.6 0     0.0 2    -0.1 0 -9999.9 1   -58.2 0 -9999.9 1 -9999.9 1 -9999.9 1 -9999.9 1   327.3 0 -9999.9 1
 1999 191  7 10  2 33  2.550 101.17    -3.7 0 -9999.9 1 -9999.9 1    -0.7 0   350.6 0   306.6 0   305.4 0   408.7 0   292.7 0   292.6 0     0.0 2    -0.2 0 -9999.9 1   -58.2 0 -9999.9 1 -9999.9 1 -9999.9 1 -9999.9 1   317.9 0 -9999.9 1
 1999 191  7 10  2 36  2.600 101.59    -3.8 0 -9999.9 1 -9999.9 1    -0.4 0   350.7 0   306.8 0   305.7 0   409.6 0   292.9 0   292.8 0     0.0 2    -0.1 0 -9999.9 1   -58.9 0 -9999.9 1 -9999.9 1 -9999.9 1 -9999.9 1   298.4 0 -9999.9 1
 1999 191  7 10  2 39  2.650 102.02    -3.4 0 -9999.9 1 -9999.9 1     0.0 0   350.4 0   306.8 0   305.8 0   409.4 0   292.9 0   292.9 0     0.0 2    -0.2 0 -9999.9 1   -59.0 0 -9999.9 1 -9999.9 1 -9999.9 1 -9999.9 1   268.0 0 -9999.9 1
 1999 191  7 10  2 42  2.700 102.43    -3.2 0 -9999.9 1 -9999.9 1     0.1 0   348.7 0   306.8 0   305.6 0   408.3 0   292.8 0   292.7 0     0.0 2    -0.2 0 -9999.9 1   -59.6 0 -9999.9 1 -9999.9 1 -9999.9 1 -9999.9 1   229.3 0 -9999.9 1
 1999 191  7 10  2 48  2.800 103.25    -3.2 0 -9999.9 1 -9999.9 1     0.0 0   353.0 0   307.0 0   305.8 0   409.1 0   293.0 0   292.9 0     0.0 0    -0.1 0 -9999.9 1   -56.1 0 -9999.9 1 -9999.9 1 -9999.9 1 -9999.9 1   228.4 0 -9999.9 1
 1999 191  7 10  2 51  2.850 103.66    -3.2 0 -9999.9 1 -9999.9 1    -0.1 0   354.4 0   307.1 0   306.0 0   409.4 0   293.0 0   293.0 0     0.0 0    -0.2 0 -9999.9 1   -55.0 0 -9999.9 1 -9999.9 1 -9999.9 1 -9999.9 1   225.8 0 -9999.9 1
 1999 191  7 10  2 54  2.900 104.06    -3.3 0 -9999.9 1 -9999.9 1    -0.1 0   356.3 0   307.3 0   306.0 0   410.2 0   293.1 0   293.0 0     0.0 0    -0.1 0 -9999.9 1   -53.9 0 -9999.9 1 -9999.9 1 -9999.9 1 -9999.9 1   222.6 0 -9999.9 1
 1999 191  7 10  2 57  2.950 104.45    -3.4 0 -9999.9 1 -9999.9 1     0.5 0   356.9 0   307.3 0   305.9 0   410.3 0   293.1 0   293.0 0     0.0 0    -0.2 0 -9999.9 1   -53.3 0 -9999.9 1 -9999.9 1 -9999.9 1 -9999.9 1   215.1 0 -9999.9 1
 1999 191  7 10  3  3  3.050 105.23    -3.3 0 -9999.9 1 -9999.9 1     0.5 0   354.7 0   307.4 0   306.1 0   409.2 0   292.9 0   292.8 0     0.0 2    -0.1 0 -9999.9 1   -54.4 0 -9999.9 1 -9999.9 1 -9999.9 1 -9999.9 1   204.3 0 -9999.9 1
 1999 191  7 10  3  6  3.100 105.61    -3.4 0 -9999.9 1 -9999.9 1     0.5 0   353.9 0   307.4 0   306.1 0   408.7 0   292.8 0   292.7 0     0.0 2    -0.1 0 -9999.9 1   -54.8 0 -9999.9 1 -9999.9 1 -9999.9 1 -9999.9 1   211.3 0 -9999.9 1
 1999 191  7 10  3  9  3.150 105.99    -3.4 0 -9999.9 1 -9999.9 1     0.0 0   353.9 0   307.4 0   306.3 0   408.2 0   292.7 0   292.6 0     0.0 2    -0.1 0 -9999.9 1   -54.3 0 -9999.9 1 -9999.9 1 -9999.9 1 -9999.9 1   224.4 0 -9999.9 1
 1999 191  7 10  3 12  3.200 106.36    -3.5 0 -9999.9 1 -9999.9 1    -0.1 0   352.9 0   307.4 0   306.3 0   407.9 0   292.6 0   292.5 0     0.0 2    -0.1 0 -9999.9 1   -55.0 0 -9999.9 1 -9999.9 1 -9999.9 1 -9999.9 1   223.3 0 -9999.9 1
 1999 191  7 10  3 18  3.300 107.10    -3.4 0 -9999.9 1 -9999.9 1     0.0 0   349.5 0   307.5 0   306.4 0   407.0 0   292.5 0   292.4 0     0.0 2    -0.1 0 -9999.9 1   -57.4 0 -9999.9 1 -9999.9 1 -9999.9 1 -9999.9 1   216.6 0 -9999.9 1
 1999 191  7 10  3 21  3.350 107.45    -3.2 0 -9999.9 1 -9999.9 1     0.3 0   346.2 0   307.6 0   306.4 0   405.8 0   292.4 0   292.3 0     0.0 2    -0.1 0 -9999.9 1   -59.6 0 -9999.9 1 -9999.9 1 -9999.9 1 -9999.9 1   205.4 0 -9999.9 1
 1999 191  7 10  3 24  3.400 107.81    -3.2 0 -9999.9 1 -9999.9 1     0.3 0   342.6 0   307.6 0   306.4 0   404.8 0   292.3 0   292.2 0     0.0 2    -0.2 0 -9999.9 1   -62.3 0 -9999.9 1 -9999.9 1 -9999.9 1 -9999.9 1   196.6 0 -9999.9 1
 1999 191  7 10  3 27  3.450 108.16    -3.1 0 -9999.9 1 -9999.9 1    -0.1 0   337.9 0   307.7 0   306.5 0   404.1 0   292.3 0   292.2 0     0.0 2    -0.2 0 -9999.9 1   -66.2 0 -9999.9 1 -9999.9 1 -9999.9 1 -9999.9 1   190.9 0 -9999.9 1
 1999 191  7 10  3 33  3.550 108.84    -3.3 0 -9999.9 1 -9999.9 1    -0.5 0   339.6 0   307.8 0   306.4 0   403.4 0   292.1 0   291.9 0     0.0 2    -0.1 0 -9999.9 1   -63.7 0 -9999.9 1 -9999.9 1 -9999.9 1 -9999.9 1   193.2 0 -9999.9 1
 1999 191  7 10  3 36  3.600 109.17    -3.2 0 -9999.9 1 -9999.9 1    -0.2 0   343.2 0   307.9 0   306.5 0   405.1 0   292.1 0   292.0 0     0.0 2    -0.2 0 -9999.9 1   -61.9 0 -9999.9 1 -9999.9 1 -9999.9 1 -9999.9 1   201.1 0 -9999.9 1
 1999 191  7 10  3 39  3.650 109.50    -3.3 0 -9999.9 1 -9999.9 1    -0.2 0   343.9 0   308.0 0   306.8 0   405.0 0   292.1 0   292.0 0     0.0 0    -0.2 0 -9999.9 1   -61.1 0 -9999.9 1 -9999.9 1 -9999.9 1 -9999.9 1   206.5 0 -9999.9 1
 1999 191  7 10  3 42  3.700 109.83    -3.3 0 -9999.9 1 -9999.9 1    -0.2 0   345.7 0   308.1 0   306.9 0   404.8 0   292.0 0   292.0 0     0.0 0    -0.1 0 -9999.9 1   -59.1 0 -9999.9 1 -9999.9 1 -9999.9 1 -9999.9 1   210.8 0 -9999.9 1
 1999 191  7 10  3 48  3.800 110.46    -3.3 0 -9999.9 1 -9999.9 1    -0.2 0   344.6 0   308.1 0   306.8 0   404.6 0   291.9 0   291.8 0     0.0 0    -0.1 0 -9999.9 1   -60.1 0 -9999.9 1 -9999.9 1 -9999.9 1 -9999.9 1   213.6 0 -9999.9 1
 1999 191  7 10  3 51  3.850 110.76    -3.2 0 -9999.9 1 -9999.9 1    -0.3 0   344.3 0   308.1 0   306.7 0   404.5 0   291.9 0   291.8 0     0.0 2    -0.1 0 -9999.9 1   -60.2 0 -9999.9 1 -9999.9 1 -9999.9 1 -9999.9 1   217.1 0 -9999.9 1
 1999 191  7 10  3 54  3.900 111.06    -3.4 0 -9999.9 1 -9999.9 1    -0.3 0   345.2 0   308.1 0   306.7 0   404.1 0   291.8 0   291.7 0     0.0 2    -0.1 0 -9999.9 1   -58.9 0 -9999.9 1 -9999.9 1 -9999.9 1 -9999.9 1   226.1 0 -9999.9 1
 1999 191  7 10  3 57  3.950 111.36    -3.3 0 -9999.9 1 -9999.9 1    -0.3 0   346.4 0   308.1 0   306.9 0   404.2 0   291.7 0   291.7 0     0.0 2    -0.2 0 -9999.9 1   -57.8 0 -9999.9 1 -9999.9 1 -9999.9 1 -9999.9 1   232.0 0 -9999.9 1
 1999 191  7 10  4  3  4.050 111.93    -3.4 0 -9999.9 1 -9999.9 1    -0.2 0   346.1 0   308.1 0   306.7 0   404.5 0   291.7 0   291.7 0     0.0 2    -0.1 0 -9999.9 1   -58.3 0 -9999.9 1 -9999.9 1 -9999.9 1 -9999.9 1   260.4 0 -9999.9 1
 1999 191  7 10  4  6  4.100 112.21    -3.4 0 -9999.9 1 -9999.9 1    -0.1 0   344.2 0   308.0 0   306.7 0   404.7 0   291.7 0   291.7 0     0.0 2    -0.2 0 -9999.9 1   -60.5 0 -9999.9 1 -9999.9 1 -9999.9 1 -9999.9 1   273.5 0 -9999.9 1
 1999 191  7 10  4  9  4.150 112.48    -3.4 0 -9999.9 1 -9999.9 1    -0.1 0   343.2 0   308.0 0   306.5 0   404.6 0   291.8 0   291.7 0     0.0 2    -0.2 0 -9999.9 1   -61.4 0 -9999.9 1 -9999.9 1 -9999.9 1 -9999.9 1   283.4 0 -9999.9 1
 1999 191  7 10  4 12  4.200 112.75    -3.4 0 -9999.9 1 -9999.9 1    -0.3 0   344.0 0   308.1 0   306.6 0   405.2 0   292.0 0   292.0 0     0.0 0    -0.2 0 -9999.9 1   -61.1 0 -9999.9 1 -9999.9 1 -9999.9 1 -9999.9 1   286.4 0 -9999.9 1
 1999 191  7 10  4 18  4.300 113.26    -3.6 0 -9999.9 1 -9999.9 1    -0.3 0   342.1 0   308.0 0   306.6 0   403.3 0   292.0 0   291.9 0     0.0 2    -0.2 0 -9999.9 1   -61.2 0 -9999.9 1 -9999.9 1 -9999.9 1 -9999.9 1   293.7 0 -9999.9 1
 1999 191  7 10  4 21  4.350 113.50    -3.5 0 -9999.9 1 -9999.9 1    -0.2 0   342.0 0   308.1 0   306.8 0   403.7 0   292.2 0   292.1 0     0.0 0    -0.2 0 -9999.9 1   -61.8 0 -9999.9 1 -9999.9 1 -9999.9 1 -9999.9 1   288.5 0 -9999.9 1
 1999 191  7 10  4 24  4.400 113.74    -3.6 0 -9999.9 1 -9999.9 1    -0.2 0   337.1 0   308.1 0   306.8 0   402.8 0   292.1 0   292.0 0     0.0 0    -0.1 0 -9999.9 1   -65.6 0 -9999.9 1 -9999.9 1 -9999.9 1 -9999.9 1   280.8 0 -9999.9 1
 1999 191  7 10  4 27  4.450 113.98    -3.5 0 -9999.9 1 -9999.9 1     0.0 0   333.5 0   308.1 0   306.9 0   403.1 0   292.2 0   292.2 0     0.0 0    -0.2 0 -9999.9 1   -69.6 0 -9999.9 1 -9999.9 1 -9999.9 1 -9999.9 1   272.9 0 -9999.9 1
 1999 191  7 10  4 33  4.550 114.42    -3.7 0 -9999.9 1 -9999.9 1    -0.2 0   326.8 0   308.3 0   307.0 0   402.0 0   292.4 0   292.3 0     0.0 0    -0.2 0 -9999.9 1   -75.2 0 -9999.9 1 -9999.9 1 -9999.9 1 -9999.9 1   258.3 0 -9999.9 1
 1999 191  7 10  4 36  4.600 114.64    -3.7 0 -9999.9 1 -9999.9 1     0.0 0   323.9 0   308.2 0   306.7 0   400.0 0   292.3 0   292.2 0     0.0 0    -0.1 0 -9999.9 1   -76.1 0 -9999.9 1 -9999.9 1 -9999.9 1 -9999.9 1   252.0 0 -9999.9 1
 1999 191  7 10  4 39  4.650 114.85    -3.6 0 -9999.9 1 -9999.9 1     0.0 0   322.7 0   308.2 0   306.6 0   399.6 0   292.3 0   292.2 0     0.0 0    -0.2 0 -9999.9 1   -76.9 0 -9999.9 1 -9999.9 1 -9999.9 1 -9999.9 1   251.6 0 -9999.9 1
 1999 191  7 10  4 42  4.700 115.05    -3.8 0 -9999.9 1 -9999.9 1    -0.3 0   323.8 0   308.1 0   306.4 0   399.9 0   292.3 0   292.2 0     0.0 0    -0.1 0 -9999.9 1   -76.1 0 -9999.9 1 -9999.9 1 -9999.9 1 -9999.9 1   252.2 0 -9999.9 1
 1999 191  7 10  4 48  4.800 115.42    -3.7 0 -9999.9 1 -9999.9 1     0.2 0   326.6 0   308.0 0   306.1 0   402.6 0   292.5 0   292.4 0     0.0 0    -0.2 0 -9999.9 1   -75.9 0 -9999.9 1 -9999.9 1 -9999.9 1 -9999.9 1   259.4 0 -9999.9 1
 1999 191  7 10  4 51  4.850 115.60    -3.9 0 -9999.9 1 -9999.9 1     0.1 0   326.2 0   307.8 0   306.0 0   402.1 0   292.5 0   292.4 0     0.0 0    -0.2 0 -9999.9 1   -75.9 0 -9999.9 1 -9999.9 1 -9999.9 1 -9999.9 1   267.3 0 -9999.9 1
 1999 191  7 10  4 54  4.900 115.78    -3.9 0 -9999.9 1 -9999.9 1     0.1 0   321.6 0   307.5 0   305.7 0   400.7 0   292.3 0   292.2 0     0.0 0    -0.1 0 -9999.9 1   -79.1 0 -9999.9 1 -9999.9 1 -9999.9 1 -9999.9 1   265.1 0 -9999.9 1
 1999 191  7 10  4 57  4.950 115.94    -4.0 0 -9999.9 1 -9999.9 1     0.0 0   318.4 0   307.3 0   305.4 0   398.6 0   292.1 0   292.0 0     0.0 0    -0.2 0 -9999.9 1   -80.1 0 -9999.9 1 -9999.9 1 -9999.9 1 -9999.9 1   264.2 0 -9999.9 1
 1999 191  7 10  5  3  5.050 116.25    -4.0 0 -9999.9 1 -9999.9 1    -0.2 0   314.2 0   306.8 0   304.9 0   396.8 0   291.7 0   291.6 0     0.0 2    -0.1 0 -9999.9 1   -82.6 0 -9999.9 1 -9999.9 1 -9999.9 1 -9999.9 1   256.4 0 -9999.9 1
 1999 191  7 10  5  6  5.100 116.39    -3.9 0 -9999.9 1 -9999.9 1    -0.4 0   313.8 0   306.6 0   304.8 0   395.9 0   291.6 0   291.5 0     0.0 2    -0.1 0 -9999.9 1   -82.1 0 -9999.9 1 -9999.9 1 -9999.9 1 -9999.9 1   265.5 0 -9999.9 1
 1999 191  7 10  5  9  5.150 116.53    -3.9 0 -9999.9 1 -9999.9 1    -0.3 0   313.4 0   306.4 0   304.8 0   395.5 0   291.5 0   291.4 0     0.0 2    -0.2 0 -9999.9 1   -82.1 0 -9999.9 1 -9999.9 1 -9999.9 1 -9999.9 1   268.3 0 -9999.9 1
 1999 191  7 10  5 12  5.200 116.65    -3.8 0 -9999.9 1 -9999.9 1    -0.2 0   312.9 0   306.3 0   304.6 0   394.9 0   291.3 0   291.2 0     0.0 2    -0.2 0 -9999.9 1   -82.0 0 -9999.9 1 -9999.9 1 -9999.9 1 -9999.9 1   269.6 0 -9999.9 1
 1999 191  7 10  5 18  5.300 116.89    -3.8 0 -9999.9 1 -9999.9 1    -0.4 0   311.0 0   306.0 0   304.7 0   392.6 0   291.2 0   291.1 0     0.0 2    -0.2 0 -9999.9 1   -81.6 0 -9999.9 1 -9999.9 1 -9999.9 1 -9999.9 1   277.0 0 -9999.9 1
 1999 191  7 10  5 21  5.350 116.99    -3.6 0 -9999.9 1 -9999.9 1    -0.4 0   309.9 0   305.9 0   304.6 0   391.6 0   291.0 0   290.9 0     0.0 2    -0.1 0 -9999.9 1   -81.7 0 -9999.9 1 -9999.9 1 -9999.9 1 -9999.9 1   274.7 0 -9999.9 1
 1999 191  7 10  5 24  5.400 117.09    -3.8 0 -9999.9 1 -9999.9 1    -0.4 0   312.1 0   305.9 0   304.2 0   393.6 0   291.0 0   290.9 0     0.0 2    -0.2 0 -9999.9 1   -81.5 0 -9999.9 1 -9999.9 1 -9999.9 1 -9999.9 1   271.4 0 -9999.9 1
 1999 191  7 10  5 27  5.450 117.18    -3.8 0 -9999.9 1 -9999.9 1    -0.2 0   313.1 0   305.9 0   304.3 0   394.9 0   291.0 0   290.9 0     0.0 2    -0.1 0 -9999.9 1   -81.8 0 -9999.9 1 -9999.9 1 -9999.9 1 -9999.9 1   268.8 0 -9999.9 1
 1999 191  7 10  5 33  5.550 117.34    -3.9 0 -9999.9 1 -9999.9 1     0.2 0   314.6 0   305.7 0   304.0 0   395.0 0   290.9 0   290.8 0     0.0 2    -0.2 0 -9999.9 1   -80.4 0 -9999.9 1 -9999.9 1 -9999.9 1 -9999.9 1   268.5 0 -9999.9 1
 1999 191  7 10  5 36  5.600 117.41    -3.9 0 -9999.9 1 -9999.9 1     0.5 0   315.3 0   305.6 0   303.8 0   394.8 0   290.8 0   290.7 0     0.0 2    -0.2 0 -9999.9 1   -79.5 0 -9999.9 1 -9999.9 1 -9999.9 1 -9999.9 1   267.4 0 -9999.9 1
 1999 191  7 10  5 39  5.650 117.47    -4.0 0 -9999.9 1 -9999.9 1     0.5 0   313.9 0   305.4 0   303.8 0   394.9 0   290.7 0   290.6 0     0.0 2    -0.1 0 -9999.9 1   -81.0 0 -9999.9 1 -9999.9 1 -9999.9 1 -9999.9 1   265.4 0 -9999.9 1
 1999 191  7 10  5 42  5.700 117.52    -3.8 0 -9999.9 1 -9999.9 1     0.2 0   313.9 0   305.3 0   303.7 0   393.4 0   290.6 0   290.5 0     0.0 2    -0.2 0 -9999.9 1   -79.5 0 -9999.9 1 -9999.9 1 -9999.9 1 -9999.9 1   268.1 0 -9999.9 1
 1999 191  7 10  5 48  5.800 117.60    -3.8 0 -9999.9 1 -9999.9 1    -0.1 0   318.9 0   305.2 0   303.5 0   392.5 0   290.4 0   290.3 0     0.0 2    -0.1 0 -9999.9 1   -73.5 0 -9999.9 1 -9999.9 1 -9999.9 1 -9999.9 1   290.7 0 -9999.9 1
 1999 191  7 10  5 51  5.850 117.63    -3.8 0 -9999.9 1 -9999.9 1    -0.2 0   318.0 0   305.2 0   303.6 0   392.3 0   290.3 0   290.2 0     0.0 2    -0.1 0 -9999.9 1   -74.3 0 -9999.9 1 -9999.9 1 -9999.9 1 -9999.9 1   284.2 0 -9999.9 1
 1999 191  7 10  5 54  5.900 117.65    -3.7 0 -9999.9 1 -9999.9 1     0.0 0   318.4 0   305.1 0   303.5 0   392.7 0   290.2 0   290.1 0     0.0 2    -0.1 0 -9999.9 1   -74.2 0 -9999.9 1 -9999.9 1 -9999.9 1 -9999.9 1   282.3 0 -9999.9 1
 1999 191  7 10  5 57  5.950 117.66    -3.6 0 -9999.9 1 -9999.9 1     0.0 0   318.4 0   305.1 0   303.6 0   393.0 0   290.2 0   290.1 0     0.0 2    -0.2 0 -9999.9 1   -74.6 0 -9999.9 1 -9999.9 1 -9999.9 1 -9999.9 1   280.3 0 -9999.9 1
 1999 191  7 10  6  3  6.050 117.66    -3.7 0 -9999.9 1 -9999.9 1     0.2 0   315.7 0   304.8 0   303.3 0   392.6 0   289.9 0   289.8 0     0.0 2    -0.1 0 -9999.9 1   -76.9 0 -9999.9 1 -9999.9 1 -9999.9 1 -9999.9 1   282.4 0 -9999.9 1
 1999 191  7 10  6  6  6.100 117.65    -3.6 0 -9999.9 1 -9999.9 1     0.0 0   314.7 0   304.9 0   303.5 0   393.3 0   290.0 0   289.9 0     0.0 2    -0.2 0 -9999.9 1   -78.5 0 -9999.9 1 -9999.9 1 -9999.9 1 -9999.9 1   282.5 0 -9999.9 1
 1999 191  7 10  6  9  6.150 117.63    -3.5 0 -9999.9 1 -9999.9 1    -0.1 0   314.0 0   304.9 0   303.5 0   393.1 0   290.0 0   289.9 0     0.0 0    -0.2 0 -9999.9 1   -79.1 0 -9999.9 1 -9999.9 1 -9999.9 1 -9999.9 1   279.2 0 -9999.9 1
 1999 191  7 10  6 12  6.200 117.61    -3.6 0 -9999.9 1 -9999.9 1    -0.1 0   313.0 0   304.9 0   303.5 0   392.4 0   290.0 0   289.9 0     0.0 0    -0.2 0 -9999.9 1   -79.5 0 -9999.9 1 -9999.9 1 -9999.9 1 -9999.9 1   277.9 0 -9999.9 1
 1999 191  7 10  6 18  6.300 117.53    -3.6 0 -9999.9 1 -9999.9 1    -0.1 0   312.1 0   304.8 0   303.3 0   391.6 0   289.8 0   289.8 0     0.0 2    -0.2 0 -9999.9 1   -79.5 0 -9999.9 1 -9999.9 1 -9999.9 1 -9999.9 1   292.0 0 -9999.9 1
 1999 191  7 10  6 21  6.350 117.48    -3.7 0 -9999.9 1 -9999.9 1     0.1 0   311.4 0   304.7 0   303.2 0   391.1 0   289.8 0   289.7 0     0.0 2    -0.2 0 -9999.9 1   -79.7 0 -9999.9 1 -9999.9 1 -9999.9 1 -9999.9 1   295.6 0 -9999.9 1
 1999 191  7 10  6 24  6.400 117.42    -3.8 0 -9999.9 1 -9999.9 1     0.4 0   311.7 0   304.6 0   303.1 0   391.2 0   289.7 0   289.6 0     0.0 2    -0.2 0 -9999.9 1   -79.5 0 -9999.9 1 -9999.9 1 -9999.9 1 -9999.9 1   302.0 0 -9999.9 1
 1999 191  7 10  6 27  6.450 117.36    -3.9 0 -9999.9 1 -9999.9 1     0.4 0   313.3 0   304.7 0   303.1 0   392.4 0   289.8 0   289.8 0     0.0 2    -0.3 0 -9999.9 1   -79.1 0 -9999.9 1 -9999.9 1 -9999.9 1 -9999.9 1   307.0 0 -9999.9 1
 1999 191  7 10  6 33  6.550 117.20    -4.0 0 -9999.9 1 -9999.9 1     0.5 0   315.5 0   304.6 0   302.9 0   393.6 0   289.9 0   289.8 0     0.0 0    -0.2 0 -9999.9 1   -78.1 0 -9999.9 1 -9999.9 1 -9999.9 1 -9999.9 1   317.4 0 -9999.9 1
 1999 191  7 10  6 36  6.600 117.11    -4.1 0 -9999.9 1 -9999.9 1     0.5 0   314.5 0   304.6 0   303.0 0   394.2 0   289.9 0   289.8 0     0.0 0    -0.2 0 -9999.9 1   -79.7 0 -9999.9 1 -9999.9 1 -9999.9 1 -9999.9 1   316.7 0 -9999.9 1
 1999 191  7 10  6 39  6.650 117.02    -4.1 0 -9999.9 1 -9999.9 1     0.7 0   315.6 0   304.7 0   303.0 0   395.5 0   290.0 0   289.9 0     0.0 0    -0.2 0 -9999.9 1   -80.0 0 -9999.9 1 -9999.9 1 -9999.9 1 -9999.9 1   313.0 0 -9999.9 1
 1999 191  7 10  6 42  6.700 116.91    -4.4 0 -9999.9 1 -9999.9 1     1.0 0   314.9 0   304.6 0   302.9 0   396.0 0   290.0 0   289.9 0     0.0 0    -0.2 0 -9999.9 1   -81.1 0 -9999.9 1 -9999.9 1 -9999.9 1 -9999.9 1   312.6 0 -9999.9 1
 1999 191  7 10  6 48  6.800 116.68    -4.5 0 -9999.9 1 -9999.9 1     1.0 0   318.2 0   304.7 0   302.9 0   397.0 0   290.2 0   290.2 0     0.0 0    -0.2 0 -9999.9 1   -78.9 0 -9999.9 1 -9999.9 1 -9999.9 1 -9999.9 1   311.6 0 -9999.9 1
 1999 191  7 10  6 51  6.850 116.56    -4.6 0 -9999.9 1 -9999.9 1     0.8 0   317.3 0   304.5 0   302.7 0   397.3 0   290.1 0   290.1 0     0.0 0    -0.2 0 -9999.9 1   -80.0 0 -9999.9 1 -9999.9 1 -9999.9 1 -9999.9 1   314.0 0 -9999.9 1
 1999 191  7 10  6 54  6.900 116.42    -4.7 0 -9999.9 1 -9999.9 1     0.3 0   318.3 0   304.5 0   302.7 0   398.3 0   290.2 0   290.2 0     0.0 0    -0.2 0 -9999.9 1   -80.0 0 -9999.9 1 -9999.9 1 -9999.9 1 -9999.9 1   315.3 0 -9999.9 1
 1999 191  7 10  6 57  6.950 116.28    -4.8 0 -9999.9 1 -9999.9 1     0.3 0   317.8 0   304.4 0   302.5 0   398.1 0   290.2 0   290.1 0     0.0 0    -0.2 0 -9999.9 1   -80.2 0 -9999.9 1 -9999.9 1 -9999.9 1 -9999.9 1   321.3 0 -9999.9 1
 1999 191  7 10  7  3  7.050 115.98    -4.8 0 -9999.9 1 -9999.9 1     0.1 0   320.0 0   304.3 0   302.3 0   398.1 0   290.3 0   290.2 0     0.0 0    -0.2 0 -9999.9 1   -78.1 0 -9999.9 1 -9999.9 1 -9999.9 1 -9999.9 1   328.6 0 -9999.9 1
 1999 191  7 10  7  6  7.100 115.81    -4.9 0 -9999.9 1 -9999.9 1    -0.1 0   318.9 0   304.1 0   302.0 0   396.9 0   290.1 0   290.0 0     0.0 0    -0.1 0 -9999.9 1   -78.0 0 -9999.9 1 -9999.9 1 -9999.9 1 -9999.9 1   340.2 0 -9999.9 1
 1999 191  7 10  7  9  7.150 115.64    -4.9 0 -9999.9 1 -9999.9 1    -0.1 0   317.7 0   303.9 0   301.8 0   396.5 0   289.9 0   289.9 0     0.0 0    -0.2 0 -9999.9 1   -78.7 0 -9999.9 1 -9999.9 1 -9999.9 1 -9999.9 1   350.1 0 -9999.9 1
 1999 191  7 10  7 12  7.200 115.46    -4.8 0 -9999.9 1 -9999.9 1    -0.1 0   318.2 0   303.8 0   301.7 0   396.4 0   290.0 0   289.9 0     0.0 0    -0.2 0 -9999.9 1   -78.2 0 -9999.9 1 -9999.9 1 -9999.9 1 -9999.9 1   355.4 0 -9999.9 1
 1999 191  7 10  7 18  7.300 115.09    -4.9 0 -9999.9 1 -9999.9 1    -0.1 0   315.9 0   303.5 0   301.4 0   394.4 0   289.9 0   289.8 0     0.0 2    -0.2 0 -9999.9 1   -78.5 0 -9999.9 1 -9999.9 1 -9999.9 1 -9999.9 1   357.0 0 -9999.9 1
 1999 191  7 10  7 21  7.350 114.89    -4.9 0 -9999.9 1 -9999.9 1    -0.2 0   314.9 0   303.3 0   301.2 0   393.6 0   289.8 0   289.7 0     0.0 2    -0.2 0 -9999.9 1   -78.6 0 -9999.9 1 -9999.9 1 -9999.9 1 -9999.9 1   359.8 0 -9999.9 1
 1999 191  7 10  7 24  7.400 114.68    -4.8 0 -9999.9 1 -9999.9 1     0.0 0   313.9 0   303.1 0   301.1 0   392.3 0   289.8 0   289.7 0     0.0 2    -0.1 0 -9999.9 1   -78.3 0 -9999.9 1 -9999.9 1 -9999.9 1 -9999.9 1   357.7 0 -9999.9 1
 1999 191  7 10  7 27  7.450 114.47    -4.7 0 -9999.9 1 -9999.9 1     0.1 0   313.8 0   303.0 0   300.9 0   391.0 0   289.7 0   289.6 0     0.0 2    -0.2 0 -9999.9 1   -77.2 0 -9999.9 1 -9999.9 1 -9999.9 1 -9999.9 1   357.2 0 -9999.9 1
 1999 191  7 10  7 33  7.550 114.03    -4.6 0 -9999.9 1 -9999.9 1    -0.2 0   315.7 0   302.7 0   300.6 0   390.0 0   289.5 0   289.5 0     0.0 2    -0.2 0 -9999.9 1   -74.2 0 -9999.9 1 -9999.9 1 -9999.9 1 -9999.9 1   358.5 0 -9999.9 1
 1999 191  7 10  7 36  7.600 113.80    -4.6 0 -9999.9 1 -9999.9 1    -0.2 0   323.0 0   302.5 0   300.4 0   389.9 0   289.5 0   289.4 0     0.0 2    -0.2 0 -9999.9 1   -66.9 0 -9999.9 1 -9999.9 1 -9999.9 1 -9999.9 1     2.9 0 -9999.9 1
 1999 191  7 10  7 39  7.650 113.56    -4.5 0 -9999.9 1 -9999.9 1    -0.2 0   326.8 0   302.4 0   300.3 0   390.5 0   289.4 0   289.4 0     0.0 2    -0.2 0 -9999.9 1   -63.8 0 -9999.9 1 -9999.9 1 -9999.9 1 -9999.9 1     2.5 0 -9999.9 1
 1999 191  7 10  7 42  7.700 113.31    -4.4 0 -9999.9 1 -9999.9 1     0.2 0   329.7 0   302.3 0   300.2 0   390.7 0   289.4 0   289.3 0     0.0 2    -0.3 0 -9999.9 1   -61.0 0 -9999.9 1 -9999.9 1 -9999.9 1 -9999.9 1     6.3 0 -9999.9 1
 1999 191  7 10  7 48  7.800 112.80    -4.4 0 -9999.9 1 -9999.9 1     0.4 0   335.1 0   302.0 0   299.9 0   390.1 0   289.3 0   289.2 0     0.0 2    -0.2 0 -9999.9 1   -54.9 0 -9999.9 1 -9999.9 1 -9999.9 1 -9999.9 1     4.4 0 -9999.9 1
 1999 191  7 10  7 51  7.850 112.54    -4.4 0 -9999.9 1 -9999.9 1     0.2 0   331.7 0   301.8 0   299.8 0   389.2 0   289.2 0   289.1 0     0.0 2    -0.2 0 -9999.9 1   -57.5 0 -9999.9 1 -9999.9 1 -9999.9 1 -9999.9 1     9.7 0 -9999.9 1
 1999 191  7 10  7 54  7.900 112.27    -4.4 0 -9999.9 1 -9999.9 1     0.4 0   328.1 0   301.8 0   299.7 0   388.8 0   289.2 0   289.1 0     0.0 2    -0.2 0 -9999.9 1   -60.7 0 -9999.9 1 -9999.9 1 -9999.9 1 -9999.9 1    14.4 0 -9999.9 1
 1999 191  7 10  7 57  7.950 111.99    -4.4 0 -9999.9 1 -9999.9 1     0.4 0   323.4 0   301.7 0   299.7 0   388.3 0   289.2 0   289.1 0     0.0 2    -0.2 0 -9999.9 1   -64.9 0 -9999.9 1 -9999.9 1 -9999.9 1 -9999.9 1    15.8 0 -9999.9 1
 1999 191  7 10  8  3  8.050 111.42    -4.2 0 -9999.9 1 -9999.9 1     0.0 0   313.5 0   301.6 0   299.6 0   387.1 0   289.1 0   289.0 0     0.0 2    -0.2 0 -9999.9 1   -73.6 0 -9999.9 1 -9999.9 1 -9999.9 1 -9999.9 1     7.7 0 -9999.9 1
 1999 191  7 10  8  6  8.100 111.13    -4.2 0 -9999.9 1 -9999.9 1    -0.2 0   311.2 0   301.5 0   299.6 0   386.4 0   289.0 0   288.9 0     0.0 2    -0.1 0 -9999.9 1   -75.2 0 -9999.9 1 -9999.9 1 -9999.9 1 -9999.9 1     2.3 0 -9999.9 1
 1999 191  7 10  8  9  8.150 110.83    -4.3 0 -9999.9 1 -9999.9 1    -0.3 0   310.0 0   301.5 0   299.5 0   386.1 0   289.0 0   288.9 0     0.0 0    -0.2 0 -9999.9 1   -76.1 0 -9999.9 1 -9999.9 1 -9999.9 1 -9999.9 1     4.0 0 -9999.9 1
 1999 191  7 10  8 12  8.200 110.52    -4.2 0 -9999.9 1 -9999.9 1    -0.3 0   309.0 0   301.3 0   299.3 0   385.5 0   288.8 0   288.7 0     0.0 2    -0.2 0 -9999.9 1   -76.6 0 -9999.9 1 -9999.9 1 -9999.9 1 -9999.9 1     1.1 0 -9999.9 1
 1999 191  7 10  8 18  8.300 109.90    -4.2 0 -9999.9 1 -9999.9 1    -0.2 0   313.0 0   301.2 0   299.2 0   386.1 0   288.8 0   288.7 0     0.0 0    -0.2 0 -9999.9 1   -73.2 0 -9999.9 1 -9999.9 1 -9999.9 1 -9999.9 1    10.2 0 -9999.9 1
 1999 191  7 10  8 21  8.350 109.57    -4.4 0 -9999.9 1 -9999.9 1    -0.2 0   313.8 0   301.1 0   299.0 0   386.0 0   288.6 0   288.5 0     0.0 0    -0.1 0 -9999.9 1   -72.2 0 -9999.9 1 -9999.9 1 -9999.9 1 -9999.9 1    13.0 0 -9999.9 1
 1999 191  7 10  8 24  8.400 109.25    -4.4 0 -9999.9 1 -9999.9 1     0.0 0   314.2 0   300.9 0   298.9 0   385.3 0   288.5 0   288.4 0     0.0 2     0.0 0 -9999.9 1   -71.1 0 -9999.9 1 -9999.9 1 -9999.9 1 -9999.9 1    10.6 0 -9999.9 1
 1999 191  7 10  8 27  8.450 108.91    -4.4 0 -9999.9 1 -9999.9 1     0.2 0   316.8 0   300.9 0   298.8 0   385.6 0   288.5 0   288.4 0     0.0 0    -0.2 0 -9999.9 1   -68.8 0 -9999.9 1 -9999.9 1 -9999.9 1 -9999.9 1     6.0 0 -9999.9 1
 1999 191  7 10  8 33  8.550 108.23    -4.4 0 -9999.9 1 -9999.9 1     0.5 0   321.5 0   300.8 0   298.9 0   386.7 0   288.7 0   288.6 0     0.0 0    -0.1 0 -9999.9 1   -65.1 0 -9999.9 1 -9999.9 1 -9999.9 1 -9999.9 1     0.3 0 -9999.9 1
 1999 191  7 10  8 36  8.600 107.89    -4.4 0 -9999.9 1 -9999.9 1     0.4 0   317.3 0   300.6 0   298.7 0   385.5 0   288.5 0   288.5 0     0.0 0    -0.1 0 -9999.9 1   -68.2 0 -9999.9 1 -9999.9 1 -9999.9 1 -9999.9 1   357.4 0 -9999.9 1
 1999 191  7 10  8 39  8.650 107.53    -4.3 0 -9999.9 1 -9999.9 1     0.3 0   316.1 0   300.7 0   298.7 0   385.8 0   288.7 0   288.6 0     0.0 0    -0.1 0 -9999.9 1   -69.8 0 -9999.9 1 -9999.9 1 -9999.9 1 -9999.9 1   357.2 0 -9999.9 1
 1999 191  7 10  8 42  8.700 107.17    -4.5 0 -9999.9 1 -9999.9 1     0.3 0   314.4 0   300.6 0   298.6 0   385.0 0   288.5 0   288.4 0     0.0 0    -0.2 0 -9999.9 1   -70.6 0 -9999.9 1 -9999.9 1 -9999.9 1 -9999.9 1   356.5 0 -9999.9 1
 1999 191  7 10  8 48  8.800 106.44    -4.4 0 -9999.9 1 -9999.9 1     0.3 0   316.4 0   300.5 0   298.6 0   385.7 0   288.6 0   288.5 0     0.0 0    -0.2 0 -9999.9 1   -69.2 0 -9999.9 1 -9999.9 1 -9999.9 1 -9999.9 1   355.2 0 -9999.9 1
 1999 191  7 10  8 51  8.850 106.07    -4.4 0 -9999.9 1 -9999.9 1     0.3 0   317.5 0   300.5 0   298.6 0   385.5 0   288.6 0   288.5 0     0.0 0    -0.2 0 -9999.9 1   -68.0 0 -9999.9 1 -9999.9 1 -9999.9 1 -9999.9 1   359.0 0 -9999.9 1
 1999 191  7 10  8 54  8.900 105.70    -4.4 0 -9999.9 1 -9999.9 1     0.0 0   317.3 0   300.3 0   298.5 0   384.8 0   288.4 0   288.3 0     0.0 0    -0.1 0 -9999.9 1   -67.5 0 -9999.9 1 -9999.9 1 -9999.9 1 -9999.9 1   357.9 0 -9999.9 1
 1999 191  7 10  8 57  8.950 105.31    -4.3 0 -9999.9 1 -9999.9 1     0.1 0   318.8 0   300.2 0   298.4 0   384.4 0   288.2 0   288.2 0     0.0 0    -0.1 0 -9999.9 1   -65.6 0 -9999.9 1 -9999.9 1 -9999.9 1 -9999.9 1   356.0 0 -9999.9 1
 1999 191  7 10  9  3  9.050 104.54    -4.3 0 -9999.9 1 -9999.9 1     0.0 0   315.9 0   300.2 0   298.4 0   383.8 0   288.2 0   288.1 0     0.0 0    -0.2 0 -9999.9 1   -68.0 0 -9999.9 1 -9999.9 1 -9999.9 1 -9999.9 1   351.8 0 -9999.9 1
 1999 191  7 10  9  6  9.100 104.14    -4.1 0 -9999.9 1 -9999.9 1    -0.1 0   313.7 0   300.0 0   298.4 0   383.0 0   288.0 0   287.9 0     0.0 0    -0.2 0 -9999.9 1   -69.3 0 -9999.9 1 -9999.9 1 -9999.9 1 -9999.9 1   350.3 0 -9999.9 1
 1999 191  7 10  9  9  9.150 103.74    -4.2 0 -9999.9 1 -9999.9 1     0.0 0   313.3 0   300.0 0   298.3 0   382.2 0   288.0 0   287.9 0     0.0 0    -0.2 0 -9999.9 1   -68.9 0 -9999.9 1 -9999.9 1 -9999.9 1 -9999.9 1   357.0 0 -9999.9 1
 1999 191  7 10  9 12  9.200 103.34    -4.2 0 -9999.9 1 -9999.9 1    -0.2 0   312.4 0   300.1 0   298.5 0   382.8 0   288.1 0   288.0 0     0.0 0    -0.2 0 -9999.9 1   -70.4 0 -9999.9 1 -9999.9 1 -9999.9 1 -9999.9 1     2.0 0 -9999.9 1
 1999 191  7 10  9 18  9.300 102.52    -4.2 0 -9999.9 1 -9999.9 1    -0.1 0   307.8 0   300.0 0   298.3 0   380.8 0   287.8 0   287.7 0     0.0 0    -0.2 0 -9999.9 1   -73.0 0 -9999.9 1 -9999.9 1 -9999.9 1 -9999.9 1     3.3 0 -9999.9 1
 1999 191  7 10  9 21  9.350 102.11    -4.1 0 -9999.9 1 -9999.9 1    -0.2 0   306.0 0   299.9 0   298.3 0   380.0 0   287.7 0   287.6 0     0.0 0    -0.1 0 -9999.9 1   -74.0 0 -9999.9 1 -9999.9 1 -9999.9 1 -9999.9 1     3.6 0 -9999.9 1
 1999 191  7 10  9 24  9.400 101.69    -4.1 0 -9999.9 1 -9999.9 1    -0.3 0   306.2 0   300.0 0   298.4 0   380.2 0   287.7 0   287.6 0     0.0 0    -0.2 0 -9999.9 1   -74.0 0 -9999.9 1 -9999.9 1 -9999.9 1 -9999.9 1     6.0 0 -9999.9 1
 1999 191  7 10  9 27  9.450 101.27    -4.0 0 -9999.9 1 -9999.9 1    -0.5 0   304.9 0   300.0 0   298.4 0   379.7 0   287.6 0   287.5 0     0.0 0    -0.1 0 -9999.9 1   -74.8 0 -9999.9 1 -9999.9 1 -9999.9 1 -9999.9 1     6.8 0 -9999.9 1
 1999 191  7 10  9 33  9.550 100.41    -3.9 0 -9999.9 1 -9999.9 1    -0.9 0   304.5 0   299.9 0   298.3 0   378.0 0   287.4 0   287.3 0     0.0 0    -0.2 0 -9999.9 1   -73.5 0 -9999.9 1 -9999.9 1 -9999.9 1 -9999.9 1     1.6 0 -9999.9 1
 1999 191  7 10  9 36  9.600  99.97    -3.9 0 -9999.9 1 -9999.9 1    -0.9 0   308.7 0   300.0 0   298.3 0   378.2 0   287.3 0   287.2 0     0.0 0    -0.1 0 -9999.9 1   -69.5 0 -9999.9 1 -9999.9 1 -9999.9 1 -9999.9 1     1.0 0 -9999.9 1
 1999 191  7 10  9 39  9.650  99.54    -3.9 0 -9999.9 1 -9999.9 1    -0.9 0   309.4 0   300.0 0   298.2 0   378.2 0   287.2 0   287.1 0     0.0 2    -0.2 0 -9999.9 1   -68.8 0 -9999.9 1 -9999.9 1 -9999.9 1 -9999.9 1     0.3 0 -9999.9 1
 1999 191  7 10  9 42  9.700  99.10    -4.0 0 -9999.9 1 -9999.9 1    -0.6 0   308.5 0   300.0 0   298.2 0   378.1 0   287.1 0   287.0 0     0.0 2    -0.2 0 -9999.9 1   -69.7 0 -9999.9 1 -9999.9 1 -9999.9 1 -9999.9 1   358.9 0 -9999.9 1
 1999 191  7 10  9 48  9.800  98.20    -4.1 0 -9999.9 1 -9999.9 1    -0.6 0   300.8 0   299.9 0   298.1 0   377.0 0   286.9 0   286.8 0     0.0 2    -0.1 0 -9999.9 1   -76.2 0 -9999.9 1 -9999.9 1 -9999.9 1 -9999.9 1   359.0 0 -9999.9 1
 1999 191  7 10  9 51  9.850  97.75    -4.1 0 -9999.9 1 -9999.9 1    -0.5 0   298.7 0   299.9 0   298.1 0   376.4 0   286.8 0   286.7 0     0.0 2    -0.2 0 -9999.9 1   -77.7 0 -9999.9 1 -9999.9 1 -9999.9 1 -9999.9 1   356.2 0 -9999.9 1
 1999 191  7 10  9 54  9.900  97.30    -4.0 0 -9999.9 1 -9999.9 1    -0.8 0   297.1 0   299.9 0   298.2 0   375.8 0   286.8 0   286.7 0     0.0 2    -0.2 0 -9999.9 1   -78.7 0 -9999.9 1 -9999.9 1 -9999.9 1 -9999.9 1   351.6 0 -9999.9 1
 1999 191  7 10  9 57  9.950  96.84    -3.9 0 -9999.9 1 -9999.9 1    -0.9 0   296.9 0   300.0 0   298.3 0   375.9 0   286.8 0   286.7 0     0.0 2    -0.1 0 -9999.9 1   -79.0 0 -9999.9 1 -9999.9 1 -9999.9 1 -9999.9 1   348.4 0 -9999.9 1
 1999 191  7 10 10  3 10.050  95.91    -3.9 0 -9999.9 1 -9999.9 1    -1.0 0   296.3 0   300.0 0   298.3 0   375.5 0   286.7 0   286.6 0     0.0 2    -0.1 0 -9999.9 1   -79.2 0 -9999.9 1 -9999.9 1 -9999.9 1 -9999.9 1   349.0 0 -9999.9 1
 1999 191  7 10 10  6 10.100  95.45    -3.7 0 -9999.9 1 -9999.9 1    -0.9 0   296.9 0   300.1 0   298.4 0   375.8 0   286.8 0   286.7 0     0.0 0    -0.2 0 -9999.9 1   -78.8 0 -9999.9 1 -9999.9 1 -9999.9 1 -9999.9 1   349.3 0 -9999.9 1
 1999 191  7 10 10  9 10.150  94.98    -3.7 0 -9999.9 1 -9999.9 1    -0.9 0   298.5 0   300.2 0   298.5 0   376.1 0   286.8 0   286.7 0     0.0 0    -0.1 0 -9999.9 1   -77.6 0 -9999.9 1 -9999.9 1 -9999.9 1 -9999.9 1   353.9 0 -9999.9 1
 1999 191  7 10 10 12 10.200  94.50    -3.7 0 -9999.9 1 -9999.9 1    -0.7 0   299.1 0   300.1 0   298.4 0   375.3 0   286.6 0   286.5 0     0.0 0     0.0 0 -9999.9 1   -76.2 0 -9999.9 1 -9999.9 1 -9999.9 1 -9999.9 1   358.5 0 -9999.9 1
 1999 191  7 10 10 18 10.300  93.55    -2.1 0 -9999.9 1 -9999.9 1     0.7 0   296.7 0   300.0 0   298.3 0   374.5 0   286.4 0   286.3 0     0.0 0     0.1 0 -9999.9 1   -77.8 0 -9999.9 1 -9999.9 1 -9999.9 1 -9999.9 1   356.1 0 -9999.9 1
 1999 191  7 10 10 21 10.350  93.07    -0.5 0 -9999.9 1 -9999.9 1     2.6 0   297.8 0   300.1 0   298.4 0   375.0 0   286.5 0   286.4 0     0.0 0     0.4 0 -9999.9 1   -77.2 0 -9999.9 1 -9999.9 1 -9999.9 1 -9999.9 1     1.7 0 -9999.9 1
 1999 191  7 10 10 24 10.400  92.58     0.8 0 -9999.9 1 -9999.9 1     3.8 0   298.7 0   300.2 0   298.5 0   375.6 0   286.6 0   286.5 0     0.0 0     0.7 0 -9999.9 1   -76.9 0 -9999.9 1 -9999.9 1 -9999.9 1 -9999.9 1     3.2 0 -9999.9 1
 1999 191  7 10 10 27 10.450  92.10     2.0 0 -9999.9 1 -9999.9 1     4.9 0   296.6 0   300.2 0   298.6 0   374.9 0   286.5 0   286.4 0     0.0 0     1.2 0 -9999.9 1   -78.4 0 -9999.9 1 -9999.9 1 -9999.9 1 -9999.9 1     4.2 0 -9999.9 1
 1999 191  7 10 10 33 10.550  91.12     4.0 0 -9999.9 1 -9999.9 1     6.5 0   297.9 0   300.4 0   298.8 0   375.4 0   286.7 0   286.6 0     0.0 0     2.4 0 -9999.9 1   -77.5 0 -9999.9 1 -9999.9 1 -9999.9 1 -9999.9 1     8.9 0 -9999.9 1
 1999 191  7 10 10 36 10.600  89.90     4.7 0 -9999.9 1 -9999.9 1     6.9 0   298.6 0   300.5 0   298.9 0   375.9 0   286.7 0   286.6 0     0.2 0     3.1 0 -9999.9 1   -77.3 0 -9999.9 1 -9999.9 1 -9999.9 1 -9999.9 1     8.8 0 -9999.9 1
 1999 191  7 10 10 39 10.650  89.54     5.7 0 -9999.9 1 -9999.9 1     8.2 0   297.5 0   300.4 0   298.8 0   375.1 0   286.5 0   286.4 0     0.2 0     4.0 0 -9999.9 1   -77.7 0 -9999.9 1 -9999.9 1 -9999.9 1 -9999.9 1     6.0 0 -9999.9 1
 1999 191  7 10 10 42 10.700  89.14     7.5 0 -9999.9 1 -9999.9 1    10.7 0   298.5 0   300.5 0   298.8 0   375.7 0   286.5 0   286.4 0     0.2 0     5.1 0 -9999.9 1   -77.2 0 -9999.9 1 -9999.9 1 -9999.9 1 -9999.9 1     4.4 0 -9999.9 1
 1999 191  7 10 10 48 10.800  88.27    15.1 0 -9999.9 1 -9999.9 1    17.9 0   298.3 0   300.7 0   299.2 0   376.4 0   286.6 0   286.5 0     0.4 0     8.7 0 -9999.9 1   -78.1 0 -9999.9 1 -9999.9 1 -9999.9 1 -9999.9 1     6.0 0 -9999.9 1
 1999 191  7 10 10 51 10.850  87.81    19.2 0 -9999.9 1 -9999.9 1    21.4 0   296.0 0   300.7 0   299.4 0   376.6 0   286.5 0   286.5 0     0.5 0    10.9 0 -9999.9 1   -80.6 0 -9999.9 1 -9999.9 1 -9999.9 1 -9999.9 1    13.1 0 -9999.9 1
 1999 191  7 10 10 54 10.900  87.34    22.6 0 -9999.9 1 -9999.9 1    24.1 0   295.2 0   300.8 0   299.5 0   376.8 0   286.5 0   286.5 0     0.7 0    13.1 0 -9999.9 1   -81.6 0 -9999.9 1 -9999.9 1 -9999.9 1 -9999.9 1    12.2 0 -9999.9 1
 1999 191  7 10 10 57 10.950  86.86    25.2 0 -9999.9 1 -9999.9 1    26.2 0   296.0 0   300.8 0   299.2 0   377.1 0   286.4 0   286.4 0     0.7 0    14.8 0 -9999.9 1   -81.1 0 -9999.9 1 -9999.9 1 -9999.9 1 -9999.9 1    13.5 0 -9999.9 1
 1999 191  7 10 11  3 11.050  85.87    35.0 0 -9999.9 1 -9999.9 1    28.9 0   296.3 0   301.1 0   299.2 0   379.0 0   286.3 0   286.3 0     1.1 0    18.7 0 -9999.9 1   -82.7 0 -9999.9 1 -9999.9 1 -9999.9 1 -9999.9 1    17.7 0 -9999.9 1
 1999 191  7 10 11  6 11.100  85.37    41.4 0 -9999.9 1 -9999.9 1    30.5 0   295.4 0   301.2 0   299.3 0   379.2 0   286.3 0   286.3 0     1.3 0    21.1 0 -9999.9 1   -83.9 0 -9999.9 1 -9999.9 1 -9999.9 1 -9999.9 1    13.9 0 -9999.9 1
 1999 191  7 10 11  9 11.150  84.87    47.8 0 -9999.9 1 -9999.9 1    32.8 0   296.3 0   301.4 0   299.5 0   380.2 0   286.4 0   286.5 0     1.5 0    23.9 0 -9999.9 1   -83.8 0 -9999.9 1 -9999.9 1 -9999.9 1 -9999.9 1    13.2 0 -9999.9 1
 1999 191  7 10 11 12 11.200  84.36    54.5 0 -9999.9 1 -9999.9 1    35.8 0   294.7 0   301.4 0   299.6 0   379.9 0   286.4 0   286.4 0     1.7 0    27.0 0 -9999.9 1   -85.3 0 -9999.9 1 -9999.9 1 -9999.9 1 -9999.9 1    11.3 0 -9999.9 1
 1999 191  7 10 11 18 11.300  83.34    70.2 0 -9999.9 1 -9999.9 1    42.3 0   295.1 0   301.7 0   299.8 0   381.2 0   286.5 0   286.5 0     2.3 0    34.7 0 -9999.9 1   -86.0 0 -9999.9 1 -9999.9 1 -9999.9 1 -9999.9 1    13.7 0 -9999.9 1
 1999 191  7 10 11 21 11.350  82.82    76.5 0 -9999.9 1 -9999.9 1    44.8 0   296.0 0   301.8 0   299.8 0   381.7 0   286.5 0   286.5 0     2.7 0    38.0 0 -9999.9 1   -85.7 0 -9999.9 1 -9999.9 1 -9999.9 1 -9999.9 1    15.4 0 -9999.9 1
 1999 191  7 10 11 24 11.400  82.30    82.9 0 -9999.9 1 -9999.9 1    46.1 0   296.4 0   302.1 0   300.3 0   383.0 0   286.7 0   286.7 0     3.0 0    41.2 0 -9999.9 1   -86.7 0 -9999.9 1 -9999.9 1 -9999.9 1 -9999.9 1    11.2 0 -9999.9 1
 1999 191  7 10 11 27 11.450  81.77    88.8 0 -9999.9 1 -9999.9 1    47.4 0   298.2 0   302.3 0   300.4 0   384.0 0   286.8 0   286.9 0     3.3 0    43.9 0 -9999.9 1   -85.8 0 -9999.9 1 -9999.9 1 -9999.9 1 -9999.9 1     8.7 0 -9999.9 1
 1999 191  7 10 11 33 11.550  80.72   103.4 0 -9999.9 1 -9999.9 1    48.6 0   298.5 0   302.6 0   300.9 0   385.7 0   287.1 0   287.1 0     3.9 0    50.5 0 -9999.9 1   -87.3 0 -9999.9 1 -9999.9 1 -9999.9 1 -9999.9 1     6.3 0 -9999.9 1
 1999 191  7 10 11 36 11.600  80.19   115.0 0 -9999.9 1 -9999.9 1    51.5 0   299.2 0   302.8 0   301.0 0   386.5 0   287.2 0   287.3 0     4.4 0    56.2 0 -9999.9 1   -87.2 0 -9999.9 1 -9999.9 1 -9999.9 1 -9999.9 1     6.9 0 -9999.9 1
 1999 191  7 10 11 39 11.650  79.66   124.6 0 -9999.9 1 -9999.9 1    54.9 0   301.0 0   303.1 0   301.1 0   387.6 0   287.4 0   287.4 0     5.0 0    60.7 0 -9999.9 1   -86.6 0 -9999.9 1 -9999.9 1 -9999.9 1 -9999.9 1     6.7 0 -9999.9 1
 1999 191  7 10 11 42 11.700  79.12   128.4 0 -9999.9 1 -9999.9 1    55.6 0   300.4 0   303.2 0   301.4 0   388.5 0   287.5 0   287.6 0     5.5 0    62.4 0 -9999.9 1   -88.1 0 -9999.9 1 -9999.9 1 -9999.9 1 -9999.9 1     7.0 0 -9999.9 1
 1999 191  7 10 11 48 11.800  78.05   153.4 0 -9999.9 1 -9999.9 1    59.5 0   300.8 0   303.5 0   301.5 0   389.6 0   287.6 0   287.7 0     6.4 0    73.7 0 -9999.9 1   -88.7 0 -9999.9 1 -9999.9 1 -9999.9 1 -9999.9 1     9.5 0 -9999.9 1
 1999 191  7 10 11 51 11.850  77.51   159.7 0 -9999.9 1 -9999.9 1    61.2 0   300.9 0   303.7 0   301.7 0   390.4 0   287.8 0   287.9 0     7.1 0    76.6 0 -9999.9 1   -89.5 0 -9999.9 1 -9999.9 1 -9999.9 1 -9999.9 1     8.4 0 -9999.9 1
 1999 191  7 10 11 54 11.900  76.97   171.8 0 -9999.9 1 -9999.9 1    64.9 0   302.5 0   303.9 0   302.0 0   391.5 0   288.0 0   288.1 0     7.6 0    81.8 0 -9999.9 1   -89.0 0 -9999.9 1 -9999.9 1 -9999.9 1 -9999.9 1    11.0 0 -9999.9 1
 1999 191  7 10 11 57 11.950  76.43   173.4 0 -9999.9 1 -9999.9 1    66.3 0   302.8 0   304.1 0   302.1 0   391.9 0   288.1 0   288.2 0     8.2 0    83.0 0 -9999.9 1   -89.1 0 -9999.9 1 -9999.9 1 -9999.9 1 -9999.9 1    10.4 0 -9999.9 1
 1999 191  7 10 12  3 12.050  75.34   199.4 0 -9999.9 1 -9999.9 1    69.5 0   304.3 0   304.4 0   302.4 0   394.0 0   288.4 0   288.5 0     9.5 0    94.4 0 -9999.9 1   -89.7 0 -9999.9 1 -9999.9 1 -9999.9 1 -9999.9 1    14.5 0 -9999.9 1
 1999 191  7 10 12  6 12.100  74.79   209.4 0 -9999.9 1 -9999.9 1    69.4 0   304.7 0   304.6 0   302.6 0   395.2 0   288.6 0   288.7 0    10.2 0    99.0 0 -9999.9 1   -90.5 0 -9999.9 1 -9999.9 1 -9999.9 1 -9999.9 1    16.2 0 -9999.9 1
 1999 191  7 10 12  9 12.150  74.24   219.3 0 -9999.9 1 -9999.9 1    71.3 0   305.4 0   304.8 0   302.8 0   396.4 0   288.7 0   288.9 0    11.0 0   104.2 0 -9999.9 1   -91.0 0 -9999.9 1 -9999.9 1 -9999.9 1 -9999.9 1    16.7 0 -9999.9 1
 1999 191  7 10 12 12 12.200  73.69   228.8 0 -9999.9 1 -9999.9 1    74.8 0   307.8 0   304.9 0   302.8 0   396.8 0   288.9 0   289.0 0    11.9 0   108.4 0 -9999.9 1   -89.0 0 -9999.9 1 -9999.9 1 -9999.9 1 -9999.9 1    19.9 0 -9999.9 1
 1999 191  7 10 12 18 12.300  72.59   248.0 0 -9999.9 1 -9999.9 1    78.2 0   308.3 0   305.1 0   303.0 0   399.3 0   289.1 0   289.3 0    13.9 0   117.5 0 -9999.9 1   -91.0 0 -9999.9 1 -9999.9 1 -9999.9 1 -9999.9 1    23.6 0 -9999.9 1
 1999 191  7 10 12 21 12.350  72.03   262.6 0 -9999.9 1 -9999.9 1    80.9 0   307.5 0   305.3 0   303.3 0   400.9 0   289.3 0   289.4 0    14.9 0   124.2 0 -9999.9 1   -93.4 0 -9999.9 1 -9999.9 1 -9999.9 1 -9999.9 1    23.5 0 -9999.9 1
 1999 191  7 10 12 24 12.400  71.48   277.3 0 -9999.9 1 -9999.9 1    83.2 0   305.8 0   305.1 0   303.0 0   399.6 0   289.2 0   289.3 0    15.7 0   130.4 0 -9999.9 1   -93.8 0 -9999.9 1 -9999.9 1 -9999.9 1 -9999.9 1    21.1 0 -9999.9 1
 1999 191  7 10 12 27 12.450  70.92   270.0 0 -9999.9 1 -9999.9 1    82.4 0   304.0 0   305.2 0   303.0 0   399.6 0   289.2 0   289.4 0    16.2 0   127.5 0 -9999.9 1   -95.7 0 -9999.9 1 -9999.9 1 -9999.9 1 -9999.9 1    20.7 0 -9999.9 1
 1999 191  7 10 12 33 12.550  69.81   239.8 0 -9999.9 1 -9999.9 1    76.5 0   304.3 0   305.2 0   302.9 0   398.0 0   289.3 0   289.4 0    17.8 0   115.4 0 -9999.9 1   -93.7 0 -9999.9 1 -9999.9 1 -9999.9 1 -9999.9 1    25.5 0 -9999.9 1
 1999 191  7 10 12 36 12.600  69.25   306.7 0 -9999.9 1 -9999.9 1    83.0 0   304.1 0   305.2 0   303.0 0   399.9 0   289.4 0   289.5 0    19.6 0   143.7 0 -9999.9 1   -95.7 0 -9999.9 1 -9999.9 1 -9999.9 1 -9999.9 1    22.6 0 -9999.9 1
 1999 191  7 10 12 39 12.650  68.69   322.4 0 -9999.9 1 -9999.9 1    85.9 0   302.5 0   305.1 0   302.9 0   399.7 0   289.3 0   289.4 0    21.0 0   150.9 0 -9999.9 1   -97.2 0 -9999.9 1 -9999.9 1 -9999.9 1 -9999.9 1    25.7 0 -9999.9 1
 1999 191  7 10 12 42 12.700  68.13   327.1 0 -9999.9 1 -9999.9 1    86.8 0   302.3 0   305.1 0   303.1 0   401.8 0   289.4 0   289.6 0    22.2 0   153.6 0 -9999.9 1   -99.4 0 -9999.9 1 -9999.9 1 -9999.9 1 -9999.9 1    28.4 0 -9999.9 1
 1999 191  7 10 12 48 12.800  67.00   361.0 0 -9999.9 1 -9999.9 1    89.4 0   302.7 0   305.3 0   303.3 0   404.6 0   289.7 0   289.9 0    24.5 0   168.5 0 -9999.9 1  -101.9 0 -9999.9 1 -9999.9 1 -9999.9 1 -9999.9 1    29.9 0 -9999.9 1
 1999 191  7 10 12 51 12.850  66.44   371.1 0 -9999.9 1 -9999.9 1    88.9 0   304.6 0   305.4 0   303.3 0   404.1 0   289.9 0   290.0 0    25.7 0   172.8 0 -9999.9 1   -99.6 0 -9999.9 1 -9999.9 1 -9999.9 1 -9999.9 1    30.5 0 -9999.9 1
 1999 191  7 10 12 54 12.900  65.87   372.4 0 -9999.9 1 -9999.9 1    89.1 0   305.7 0   305.5 0   303.4 0   405.4 0   290.0 0   290.2 0    27.2 0   172.7 0 -9999.9 1   -99.7 0 -9999.9 1 -9999.9 1 -9999.9 1 -9999.9 1    33.1 0 -9999.9 1
 1999 191  7 10 12 57 12.950  65.31   382.2 0 -9999.9 1 -9999.9 1    92.6 0   303.7 0   305.3 0   303.0 0   403.0 0   289.8 0   290.0 0    29.1 0   177.3 0 -9999.9 1   -99.3 0 -9999.9 1 -9999.9 1 -9999.9 1 -9999.9 1    36.3 0 -9999.9 1
 1999 191  7 10 13  3 13.050  64.17   415.7 0 -9999.9 1 -9999.9 1    95.2 0   303.1 0   305.3 0   303.1 0   405.8 0   290.0 0   290.1 0    32.4 0   192.7 0 -9999.9 1  -102.8 0 -9999.9 1 -9999.9 1 -9999.9 1 -9999.9 1    32.3 0 -9999.9 1
 1999 191  7 10 13  6 13.100  63.61   427.7 0 -9999.9 1 -9999.9 1   102.1 0   303.0 0   305.3 0   303.2 0   406.3 0   290.0 0   290.2 0    33.9 0   198.3 0 -9999.9 1  -103.3 0 -9999.9 1 -9999.9 1 -9999.9 1 -9999.9 1    34.8 0 -9999.9 1
 1999 191  7 10 13  9 13.150  63.04   395.6 0 -9999.9 1 -9999.9 1   116.8 0   305.8 0   305.4 0   303.1 0   406.1 0   290.2 0   290.3 0    35.2 0   184.1 0 -9999.9 1  -100.3 0 -9999.9 1 -9999.9 1 -9999.9 1 -9999.9 1    33.1 0 -9999.9 1
 1999 191  7 10 13 12 13.200  62.47   458.2 0 -9999.9 1 -9999.9 1   149.6 0   308.5 0   305.2 0   303.0 0   405.6 0   290.1 0   290.2 0    37.0 0   208.8 0 -9999.9 1   -97.1 0 -9999.9 1 -9999.9 1 -9999.9 1 -9999.9 1    33.6 0 -9999.9 1
 1999 191  7 10 13 18 13.300  61.33   436.1 0 -9999.9 1 -9999.9 1   221.7 0   321.7 0   304.9 0   302.6 0   406.0 0   289.9 0   290.1 0    38.3 2   195.5 0 -9999.9 1   -84.3 0 -9999.9 1 -9999.9 1 -9999.9 1 -9999.9 1    33.7 0 -9999.9 1
 1999 191  7 10 13 21 13.350  60.76   196.8 0 -9999.9 1 -9999.9 1   195.1 0   340.7 0   304.6 0   301.9 0   399.0 0   289.8 0   289.8 0    30.0 2    91.2 0 -9999.9 1   -58.2 0 -9999.9 1 -9999.9 1 -9999.9 1 -9999.9 1    34.6 0 -9999.9 1
 1999 191  7 10 13 24 13.400  60.19   245.7 0 -9999.9 1 -9999.9 1   229.7 0   351.3 0   304.2 0   301.8 0   400.2 0   289.6 0   289.6 0    30.1 2   110.5 0 -9999.9 1   -48.8 0 -9999.9 1 -9999.9 1 -9999.9 1 -9999.9 1    36.1 0 -9999.9 1
 1999 191  7 10 13 27 13.450  59.62   296.2 0 -9999.9 1 -9999.9 1   218.4 0   324.5 0   304.0 0   301.8 0   401.2 0   289.6 0   289.7 0    37.2 2   138.1 0 -9999.9 1   -76.7 0 -9999.9 1 -9999.9 1 -9999.9 1 -9999.9 1    31.1 0 -9999.9 1
 1999 191  7 10 13 33 13.550  58.47   472.8 0 -9999.9 1 -9999.9 1   170.9 0   310.0 0   304.1 0   302.2 0   411.0 0   290.0 0   290.3 0    47.5 0   214.5 0 -9999.9 1  -101.0 0 -9999.9 1 -9999.9 1 -9999.9 1 -9999.9 1    29.4 0 -9999.9 1
 1999 191  7 10 13 36 13.600  57.90   399.5 0 -9999.9 1 -9999.9 1   169.3 0   308.9 0   304.0 0   302.1 0   408.0 0   290.1 0   290.3 0    46.7 0   182.2 0 -9999.9 1   -99.0 0 -9999.9 1 -9999.9 1 -9999.9 1 -9999.9 1    31.7 0 -9999.9 1
 1999 191  7 10 13 39 13.650  57.33   455.3 0 -9999.9 1 -9999.9 1   186.1 0   318.9 0   304.1 0   302.1 0   408.4 0   290.2 0   290.4 0    48.7 0   209.1 0 -9999.9 1   -89.5 0 -9999.9 1 -9999.9 1 -9999.9 1 -9999.9 1    39.4 0 -9999.9 1
 1999 191  7 10 13 42 13.700  56.76   672.8 0 -9999.9 1 -9999.9 1   221.9 0   329.3 0   304.2 0   303.1 0   421.3 0   290.4 0   290.8 0    58.3 0   296.4 0 -9999.9 1   -92.0 0 -9999.9 1 -9999.9 1 -9999.9 1 -9999.9 1    33.6 0 -9999.9 1
 1999 191  7 10 13 48 13.800  55.61   641.3 0 -9999.9 1 -9999.9 1   177.9 0   317.6 0   304.6 0   302.7 0   416.2 0   290.9 0   291.2 0    62.2 0   286.8 0 -9999.9 1   -98.7 0 -9999.9 1 -9999.9 1 -9999.9 1 -9999.9 1    40.0 0 -9999.9 1
 1999 191  7 10 13 51 13.850  55.04   701.4 0 -9999.9 1 -9999.9 1   254.3 0   342.4 0   304.7 0   303.1 0   419.5 0   291.1 0   291.4 0    61.6 0   308.0 0 -9999.9 1   -77.1 0 -9999.9 1 -9999.9 1 -9999.9 1 -9999.9 1    47.6 0 -9999.9 1
 1999 191  7 10 13 54 13.900  54.46   813.2 0 -9999.9 1 -9999.9 1   314.9 0   363.1 0   304.9 0   303.4 0   424.7 0   291.3 0   291.7 0    64.5 0   351.6 0 -9999.9 1   -61.6 0 -9999.9 1 -9999.9 1 -9999.9 1 -9999.9 1    48.7 0 -9999.9 1
 1999 191  7 10 13 57 13.950  53.89   766.7 0 -9999.9 1 -9999.9 1   261.4 0   345.8 0   305.1 0   303.6 0   425.1 0   291.5 0   291.9 0    70.5 0   335.4 0 -9999.9 1   -79.3 0 -9999.9 1 -9999.9 1 -9999.9 1 -9999.9 1    50.8 0 -9999.9 1
 1999 191  7 10 14  3 14.050  52.74   330.5 0 -9999.9 1 -9999.9 1   251.2 0   339.9 0   305.1 0   303.1 0   409.9 0   291.5 0   291.6 0    52.8 0   149.0 0 -9999.9 1   -70.0 0 -9999.9 1 -9999.9 1 -9999.9 1 -9999.9 1    27.5 0 -9999.9 1
 1999 191  7 10 14  6 14.100  52.17   434.0 0 -9999.9 1 -9999.9 1   234.3 0   338.9 0   304.9 0   302.7 0   409.3 0   291.2 0   291.3 0    58.7 0   199.7 0 -9999.9 1   -70.4 0 -9999.9 1 -9999.9 1 -9999.9 1 -9999.9 1    34.1 0 -9999.9 1
 1999 191  7 10 14  9 14.150  51.60   659.0 0 -9999.9 1 -9999.9 1   158.3 0   315.3 0   304.7 0   303.1 0   418.7 0   291.1 0   291.3 0    77.0 0   298.4 0 -9999.9 1  -103.4 0 -9999.9 1 -9999.9 1 -9999.9 1 -9999.9 1    34.8 0 -9999.9 1
 1999 191  7 10 14 12 14.200  51.02   670.2 0 -9999.9 1 -9999.9 1   120.7 0   309.2 0   304.9 0   303.2 0   420.3 0   291.3 0   291.5 0    84.0 0   305.9 0 -9999.9 1  -111.1 0 -9999.9 1 -9999.9 1 -9999.9 1 -9999.9 1    35.2 0 -9999.9 1
 1999 191  7 10 14 18 14.300  49.88   703.1 0 -9999.9 1 -9999.9 1   120.2 0   308.7 0   305.2 0   303.7 0   421.8 0   291.5 0   291.8 0    89.5 0   320.4 0 -9999.9 1  -113.2 0 -9999.9 1 -9999.9 1 -9999.9 1 -9999.9 1    37.1 0 -9999.9 1
 1999 191  7 10 14 21 14.350  49.31   709.7 0 -9999.9 1 -9999.9 1   112.4 0   308.9 0   305.3 0   303.8 0   423.7 0   291.5 0   291.8 0    92.7 0   323.7 0 -9999.9 1  -114.8 0 -9999.9 1 -9999.9 1 -9999.9 1 -9999.9 1    32.7 0 -9999.9 1
 1999 191  7 10 14 24 14.400  48.73   721.1 0 -9999.9 1 -9999.9 1   114.5 0   307.8 0   305.3 0   303.8 0   423.0 0   291.6 0   291.8 0    95.3 0   328.4 0 -9999.9 1  -115.2 0 -9999.9 1 -9999.9 1 -9999.9 1 -9999.9 1    38.7 0 -9999.9 1
 1999 191  7 10 14 27 14.450  48.16   754.4 0 -9999.9 1 -9999.9 1   141.5 0   310.8 0   305.2 0   303.6 0   423.1 0   291.4 0   291.7 0    98.1 2   340.5 0 -9999.9 1  -112.4 0 -9999.9 1 -9999.9 1 -9999.9 1 -9999.9 1    43.9 0 -9999.9 1
 1999 191  7 10 14 33 14.550  47.02   768.9 0 -9999.9 1 -9999.9 1   131.4 0   309.4 0   305.6 0   304.0 0   425.9 0   291.7 0   292.0 0   106.8 0   347.8 0 -9999.9 1  -116.5 0 -9999.9 1 -9999.9 1 -9999.9 1 -9999.9 1    42.0 0 -9999.9 1
 1999 191  7 10 14 36 14.600  46.45   775.1 0 -9999.9 1 -9999.9 1   129.6 0   309.3 0   305.7 0   304.1 0   425.0 0   291.9 0   292.2 0   110.4 0   350.9 0 -9999.9 1  -115.7 0 -9999.9 1 -9999.9 1 -9999.9 1 -9999.9 1    41.6 0 -9999.9 1
 1999 191  7 10 14 39 14.650  45.88   809.3 0 -9999.9 1 -9999.9 1   161.7 0   317.9 0   305.9 0   304.3 0   428.4 0   292.0 0   292.3 0   113.3 0   362.7 0 -9999.9 1  -110.5 0 -9999.9 1 -9999.9 1 -9999.9 1 -9999.9 1    34.1 0 -9999.9 1
 1999 191  7 10 14 42 14.700  45.31   809.1 0 -9999.9 1 -9999.9 1   197.6 0   325.1 0   306.1 0   304.9 0   431.6 0   292.2 0   292.6 0   111.9 0   358.6 0 -9999.9 1  -106.5 0 -9999.9 1 -9999.9 1 -9999.9 1 -9999.9 1    36.2 0 -9999.9 1
 1999 191  7 10 14 48 14.800  44.18   683.0 0 -9999.9 1 -9999.9 1   340.1 0   346.0 0   306.3 0   304.7 0   426.4 0   292.3 0   292.5 0   100.5 0   297.7 0 -9999.9 1   -80.4 0 -9999.9 1 -9999.9 1 -9999.9 1 -9999.9 1    46.6 0 -9999.9 1
 1999 191  7 10 14 51 14.850  43.61   888.2 0 -9999.9 1 -9999.9 1   378.7 0   352.4 0   306.5 0   305.3 0   433.1 0   292.3 0   292.7 0   118.9 0   391.4 0 -9999.9 1   -80.7 0 -9999.9 1 -9999.9 1 -9999.9 1 -9999.9 1    30.3 0 -9999.9 1
 1999 191  7 10 14 54 14.900  43.05   968.6 0 -9999.9 1 -9999.9 1   391.5 0   350.2 0   306.6 0   305.4 0   435.6 0   292.4 0   292.8 0   126.4 0   420.3 0 -9999.9 1   -85.5 0 -9999.9 1 -9999.9 1 -9999.9 1 -9999.9 1    32.1 0 -9999.9 1
 1999 191  7 10 14 57 14.950  42.48   889.8 0 -9999.9 1 -9999.9 1   360.9 0   348.4 0   306.6 0   305.3 0   433.5 0   292.4 0   292.8 0   121.1 0   386.0 0 -9999.9 1   -85.1 0 -9999.9 1 -9999.9 1 -9999.9 1 -9999.9 1    33.4 0 -9999.9 1
 1999 191  7 10 15  3 15.050  41.36   619.8 0 -9999.9 1 -9999.9 1   460.3 0   372.4 0   306.9 0   305.2 0   426.9 0   292.6 0   292.8 0    92.9 0   269.3 0 -9999.9 1   -54.5 0 -9999.9 1 -9999.9 1 -9999.9 1 -9999.9 1    33.4 0 -9999.9 1
 1999 191  7 10 15  6 15.100  40.80   549.3 0 -9999.9 1 -9999.9 1   397.5 0   350.9 0   307.1 0   305.3 0   425.3 0   292.7 0   292.9 0   100.9 0   243.6 0 -9999.9 1   -74.4 0 -9999.9 1 -9999.9 1 -9999.9 1 -9999.9 1    21.9 0 -9999.9 1
 1999 191  7 10 15  9 15.150  40.24   793.5 0 -9999.9 1 -9999.9 1   368.5 0   335.0 0   306.9 0   305.7 0   430.4 0   292.4 0   292.7 0   128.4 0   351.9 0 -9999.9 1   -95.4 0 -9999.9 1 -9999.9 1 -9999.9 1 -9999.9 1    17.2 0 -9999.9 1
 1999 191  7 10 15 12 15.200  39.68   769.9 0 -9999.9 1 -9999.9 1   430.2 0   359.6 0   306.9 0   305.6 0   431.5 0   292.4 0   292.7 0   114.2 2   328.5 0 -9999.9 1   -71.9 0 -9999.9 1 -9999.9 1 -9999.9 1 -9999.9 1    25.7 0 -9999.9 1
 1999 191  7 10 15 18 15.300  38.57   738.2 0 -9999.9 1 -9999.9 1   455.2 0   348.7 0   307.0 0   305.4 0   424.8 0   292.3 0   292.5 0   125.1 2   330.0 0 -9999.9 1   -76.1 0 -9999.9 1 -9999.9 1 -9999.9 1 -9999.9 1    13.1 0 -9999.9 1
 1999 191  7 10 15 21 15.350  38.02   546.4 0 -9999.9 1 -9999.9 1   358.9 0   353.0 0   307.1 0   305.7 0   425.5 0   292.4 0   292.6 0    99.9 2   230.4 0 -9999.9 1   -72.6 0 -9999.9 1 -9999.9 1 -9999.9 1 -9999.9 1    15.6 0 -9999.9 1
 1999 191  7 10 15 24 15.400  37.47   377.0 0 -9999.9 1 -9999.9 1   290.4 0   343.6 0   306.9 0   304.8 0   411.6 0   292.1 0   292.1 0    86.8 2   166.9 0 -9999.9 1   -68.0 0 -9999.9 1 -9999.9 1 -9999.9 1 -9999.9 1    25.6 0 -9999.9 1
 1999 191  7 10 15 27 15.450  36.92   313.3 0 -9999.9 1 -9999.9 1   282.5 0   332.8 0   306.9 0   304.6 0   409.7 0   292.0 0   292.0 0    87.3 2   135.9 0 -9999.9 1   -76.8 0 -9999.9 1 -9999.9 1 -9999.9 1 -9999.9 1    20.8 0 -9999.9 1
 1999 191  7 10 15 33 15.550  35.82  1046.7 0 -9999.9 1 -9999.9 1   277.1 0   330.8 0   306.7 0   305.5 0   434.7 0   291.8 0   292.2 0   170.0 2   463.3 0 -9999.9 1  -103.9 0 -9999.9 1 -9999.9 1 -9999.9 1 -9999.9 1    27.9 0 -9999.9 1
 1999 191  7 10 15 36 15.600  35.28   980.9 0 -9999.9 1 -9999.9 1   281.4 0   324.4 0   306.9 0   305.8 0   435.9 0   292.0 0   292.5 0   171.8 2   431.8 0 -9999.9 1  -111.5 0 -9999.9 1 -9999.9 1 -9999.9 1 -9999.9 1    28.4 0 -9999.9 1
 1999 191  7 10 15 39 15.650  34.74   658.5 0 -9999.9 1 -9999.9 1   317.4 0   322.5 0   306.9 0   305.0 0   422.1 0   292.1 0   292.3 0   140.0 2   302.2 0 -9999.9 1   -99.7 0 -9999.9 1 -9999.9 1 -9999.9 1 -9999.9 1    26.0 0 -9999.9 1
 1999 191  7 10 15 42 15.700  34.20   528.6 0 -9999.9 1 -9999.9 1   267.3 0   317.4 0   307.0 0   305.0 0   419.2 0   292.2 0   292.4 0   131.1 2   246.5 0 -9999.9 1  -101.8 0 -9999.9 1 -9999.9 1 -9999.9 1 -9999.9 1    18.5 0 -9999.9 1
 1999 191  7 10 15 48 15.800  33.14  1011.8 0 -9999.9 1 -9999.9 1   172.1 0   316.7 0   307.3 0   306.0 0   435.0 0   292.5 0   293.0 0   187.8 0   452.4 0 -9999.9 1  -118.3 0 -9999.9 1 -9999.9 1 -9999.9 1 -9999.9 1    12.5 0 -9999.9 1
 1999 191  7 10 15 51 15.850  32.61  1053.1 0 -9999.9 1 -9999.9 1   208.5 0   325.5 0   307.6 0   306.6 0   437.7 0   292.8 0   293.3 0   191.0 0   468.1 0 -9999.9 1  -112.3 0 -9999.9 1 -9999.9 1 -9999.9 1 -9999.9 1    14.1 0 -9999.9 1
 1999 191  7 10 15 54 15.900  32.09  1023.5 0 -9999.9 1 -9999.9 1   169.5 0   322.7 0   307.8 0   306.5 0   437.1 0   293.1 0   293.5 0   197.1 0   456.1 0 -9999.9 1  -114.5 0 -9999.9 1 -9999.9 1 -9999.9 1 -9999.9 1    29.4 0 -9999.9 1
 1999 191  7 10 15 57 15.950  31.56   998.4 0 -9999.9 1 -9999.9 1   140.0 0   318.5 0   308.0 0   306.6 0   437.8 0   293.2 0   293.5 0   196.8 0   447.6 0 -9999.9 1  -119.3 0 -9999.9 1 -9999.9 1 -9999.9 1 -9999.9 1    27.3 0 -9999.9 1
 1999 191  7 10 16  3 16.050  30.53  1030.5 0 -9999.9 1 -9999.9 1   164.5 0   322.5 0   308.1 0   306.8 0   441.1 0   293.3 0   293.7 0   200.7 0   458.3 0 -9999.9 1  -118.6 0 -9999.9 1 -9999.9 1 -9999.9 1 -9999.9 1    31.9 0 -9999.9 1
 1999 191  7 10 16  6 16.100  30.02   946.9 0 -9999.9 1 -9999.9 1   251.6 0   332.6 0   308.2 0   306.9 0   439.5 0   293.4 0   293.7 0   186.2 0   413.3 0 -9999.9 1  -106.9 0 -9999.9 1 -9999.9 1 -9999.9 1 -9999.9 1    30.8 0 -9999.9 1
 1999 191  7 10 16  9 16.150  29.52   803.9 0 -9999.9 1 -9999.9 1   288.5 0   337.4 0   308.0 0   306.2 0   430.4 0   293.2 0   293.4 0   167.3 0   360.8 0 -9999.9 1   -93.0 0 -9999.9 1 -9999.9 1 -9999.9 1 -9999.9 1    33.7 0 -9999.9 1
 1999 191  7 10 16 12 16.200  29.02   491.0 0 -9999.9 1 -9999.9 1   230.2 0   326.7 0   307.9 0   306.1 0   427.5 0   293.1 0   293.2 0   133.7 0   220.2 0 -9999.9 1  -100.8 0 -9999.9 1 -9999.9 1 -9999.9 1 -9999.9 1    27.2 0 -9999.9 1
 1999 191  7 10 16 18 16.300  28.03  1107.4 0 -9999.9 1 -9999.9 1   204.1 0   327.6 0   307.9 0   306.7 0   443.1 0   293.2 0   293.6 0   212.6 0   489.0 0 -9999.9 1  -115.5 0 -9999.9 1 -9999.9 1 -9999.9 1 -9999.9 1    22.5 0 -9999.9 1
 1999 191  7 10 16 21 16.350  27.55   748.1 0 -9999.9 1 -9999.9 1   258.5 0   328.5 0   308.0 0   306.2 0   428.8 0   293.3 0   293.4 0   169.1 0   333.4 0 -9999.9 1  -100.3 0 -9999.9 1 -9999.9 1 -9999.9 1 -9999.9 1    17.7 0 -9999.9 1
 1999 191  7 10 16 24 16.400  27.07  1072.5 0 -9999.9 1 -9999.9 1   158.6 0   322.7 0   308.0 0   306.8 0   440.9 0   293.4 0   293.7 0   214.9 0   474.6 0 -9999.9 1  -118.3 0 -9999.9 1 -9999.9 1 -9999.9 1 -9999.9 1    24.5 0 -9999.9 1
 1999 191  7 10 16 27 16.450  26.60  1087.7 0 -9999.9 1 -9999.9 1   167.5 0   325.3 0   308.2 0   307.2 0   442.7 0   293.5 0   293.9 0   218.7 0   480.7 0 -9999.9 1  -117.3 0 -9999.9 1 -9999.9 1 -9999.9 1 -9999.9 1    26.7 0 -9999.9 1
 1999 191  7 10 16 33 16.550  25.67  1139.1 0 -9999.9 1 -9999.9 1   227.0 0   328.4 0   308.5 0   307.4 0   446.5 0   293.8 0   294.2 0   226.9 0   501.6 0 -9999.9 1  -118.1 0 -9999.9 1 -9999.9 1 -9999.9 1 -9999.9 1    23.0 0 -9999.9 1
 1999 191  7 10 16 36 16.600  25.22  1063.6 0 -9999.9 1 -9999.9 1   146.9 0   318.8 0   308.6 0   307.2 0   444.0 0   293.9 0   294.3 0   221.9 0   471.2 0 -9999.9 1  -125.2 0 -9999.9 1 -9999.9 1 -9999.9 1 -9999.9 1    28.4 0 -9999.9 1
 1999 191  7 10 16 39 16.650  24.77   861.2 0 -9999.9 1 -9999.9 1   159.3 0   317.0 0   308.6 0   307.1 0   436.0 0   293.9 0   294.2 0   198.2 0   385.4 0 -9999.9 1  -119.0 0 -9999.9 1 -9999.9 1 -9999.9 1 -9999.9 1    11.0 0 -9999.9 1
 1999 191  7 10 16 42 16.700  24.34  1082.7 0 -9999.9 1 -9999.9 1   157.0 0   319.5 0   308.7 0   307.5 0   442.3 0   294.0 0   294.3 0   228.5 0   479.3 0 -9999.9 1  -122.9 0 -9999.9 1 -9999.9 1 -9999.9 1 -9999.9 1    15.0 0 -9999.9 1
 1999 191  7 10 16 48 16.800  23.49  1107.9 0 -9999.9 1 -9999.9 1   165.6 0   321.3 0   308.7 0   307.3 0   443.3 0   293.9 0   294.2 0   237.4 0   489.5 0 -9999.9 1  -122.0 0 -9999.9 1 -9999.9 1 -9999.9 1 -9999.9 1    29.2 0 -9999.9 1
 1999 191  7 10 16 51 16.850  23.09  1139.6 0 -9999.9 1 -9999.9 1   191.2 0   327.6 0   308.8 0   307.5 0   445.9 0   294.0 0   294.4 0   243.8 0   501.5 0 -9999.9 1  -118.3 0 -9999.9 1 -9999.9 1 -9999.9 1 -9999.9 1    28.9 0 -9999.9 1
 1999 191  7 10 16 54 16.900  22.69   922.4 0 -9999.9 1 -9999.9 1   316.4 0   348.9 0   308.9 0   307.3 0   444.5 0   294.2 0   294.5 0   201.1 0   396.5 0 -9999.9 1   -95.5 0 -9999.9 1 -9999.9 1 -9999.9 1 -9999.9 1    39.6 0 -9999.9 1
 1999 191  7 10 16 57 16.950  22.30   325.3 0 -9999.9 1 -9999.9 1   293.4 0   345.9 0   308.4 0   305.9 0   419.0 0   293.8 0   293.7 0   114.9 0   147.2 0 -9999.9 1   -73.0 0 -9999.9 1 -9999.9 1 -9999.9 1 -9999.9 1    24.6 0 -9999.9 1
 1999 191  7 10 17  3 17.050  21.56   597.0 0 -9999.9 1 -9999.9 1   286.4 0   338.4 0   308.4 0   306.8 0   433.1 0   293.8 0   294.0 0   160.9 0   255.3 0 -9999.9 1   -94.8 0 -9999.9 1 -9999.9 1 -9999.9 1 -9999.9 1    30.5 0 -9999.9 1
 1999 191  7 10 17  6 17.100  21.21  1045.0 0 -9999.9 1 -9999.9 1   291.1 0   339.3 0   308.3 0   307.1 0   443.7 0   293.8 0   294.2 0   231.0 0   459.2 0 -9999.9 1  -104.4 0 -9999.9 1 -9999.9 1 -9999.9 1 -9999.9 1    19.3 0 -9999.9 1
 1999 191  7 10 17  9 17.150  20.87   783.1 0 -9999.9 1 -9999.9 1   246.4 0   324.6 0   308.4 0   306.9 0   435.4 0   294.0 0   294.2 0   206.9 0   357.1 0 -9999.9 1  -110.8 0 -9999.9 1 -9999.9 1 -9999.9 1 -9999.9 1    15.0 0 -9999.9 1
 1999 191  7 10 17 12 17.200  20.55  1143.9 0 -9999.9 1 -9999.9 1   174.7 0   324.6 0   308.4 0   307.6 0   446.2 0   293.8 0   294.2 0   255.6 0   504.0 0 -9999.9 1  -121.6 0 -9999.9 1 -9999.9 1 -9999.9 1 -9999.9 1    10.7 0 -9999.9 1
 1999 191  7 10 17 18 17.300  19.95   370.6 0 -9999.9 1 -9999.9 1   360.4 0   359.6 0   308.8 0   306.7 0   422.8 0   294.1 0   294.1 0   111.9 0   157.7 0 -9999.9 1   -63.3 0 -9999.9 1 -9999.9 1 -9999.9 1 -9999.9 1     9.8 0 -9999.9 1
 1999 191  7 10 17 21 17.350  19.67   406.7 0 -9999.9 1 -9999.9 1   393.1 0   360.7 0   308.7 0   306.5 0   420.6 0   293.9 0   294.0 0   119.2 0   175.7 0 -9999.9 1   -59.9 0 -9999.9 1 -9999.9 1 -9999.9 1 -9999.9 1     9.9 0 -9999.9 1
 1999 191  7 10 17 24 17.400  19.41   558.3 0 -9999.9 1 -9999.9 1   369.5 0   339.1 0   308.3 0   306.2 0   421.4 0   293.4 0   293.5 0   155.6 0   250.8 0 -9999.9 1   -82.3 0 -9999.9 1 -9999.9 1 -9999.9 1 -9999.9 1    12.0 0 -9999.9 1
 1999 191  7 10 17 27 17.450  19.17  1181.4 0 -9999.9 1 -9999.9 1   256.7 0   331.3 0   308.3 0   307.3 0   443.7 0   293.4 0   293.8 0   256.6 0   524.5 0 -9999.9 1  -112.4 0 -9999.9 1 -9999.9 1 -9999.9 1 -9999.9 1     7.7 0 -9999.9 1
 1999 191  7 10 17 33 17.550  18.74   399.1 0 -9999.9 1 -9999.9 1   387.6 0   358.0 0   308.6 0   306.7 0   425.1 0   293.7 0   293.8 0   118.7 0   172.9 0 -9999.9 1   -67.1 0 -9999.9 1 -9999.9 1 -9999.9 1 -9999.9 1    16.9 0 -9999.9 1
 1999 191  7 10 17 36 17.600  18.55   489.5 0 -9999.9 1 -9999.9 1   376.8 0   344.6 0   308.4 0   306.1 0   420.6 0   293.5 0   293.5 0   145.0 0   224.2 0 -9999.9 1   -76.0 0 -9999.9 1 -9999.9 1 -9999.9 1 -9999.9 1    13.0 0 -9999.9 1
 1999 191  7 10 17 39 17.650  18.38  1213.6 0 -9999.9 1 -9999.9 1   240.0 0   332.8 0   308.4 0   307.4 0   444.8 0   293.5 0   294.0 0   268.0 0   532.6 0 -9999.9 1  -111.9 0 -9999.9 1 -9999.9 1 -9999.9 1 -9999.9 1    19.5 0 -9999.9 1
 1999 191  7 10 17 42 17.700  18.24  1202.4 0 -9999.9 1 -9999.9 1   281.6 0   335.8 0   308.6 0   307.8 0   449.4 0   293.7 0   294.2 0   269.1 0   520.1 0 -9999.9 1  -113.6 0 -9999.9 1 -9999.9 1 -9999.9 1 -9999.9 1    28.7 0 -9999.9 1
 1999 191  7 10 17 48 17.800  18.01   314.3 0 -9999.9 1 -9999.9 1   311.0 0   357.5 0   308.3 0   305.9 0   415.2 0   293.4 0   293.4 0    98.4 2   131.5 0 -9999.9 1   -57.7 0 -9999.9 1 -9999.9 1 -9999.9 1 -9999.9 1    10.9 0 -9999.9 1
 1999 191  7 10 17 51 17.850  17.93   468.5 0 -9999.9 1 -9999.9 1   318.5 0   333.4 0   307.9 0   305.7 0   415.9 0   293.0 0   293.0 0   144.5 2   214.8 0 -9999.9 1   -82.4 0 -9999.9 1 -9999.9 1 -9999.9 1 -9999.9 1    12.2 0 -9999.9 1
 1999 191  7 10 17 54 17.900  17.87  1187.1 0 -9999.9 1 -9999.9 1   209.0 0   324.4 0   307.9 0   306.9 0   443.4 0   293.0 0   293.5 0   262.0 2   520.9 0 -9999.9 1  -118.9 0 -9999.9 1 -9999.9 1 -9999.9 1 -9999.9 1    15.9 0 -9999.9 1
 1999 191  7 10 17 57 17.950  17.84   887.7 0 -9999.9 1 -9999.9 1   278.2 0   329.8 0   308.2 0   307.2 0   441.2 0   293.4 0   293.8 0   217.4 2   384.6 0 -9999.9 1  -111.4 0 -9999.9 1 -9999.9 1 -9999.9 1 -9999.9 1    13.7 0 -9999.9 1
 1999 191  7 10 18  3 18.050  17.83   524.1 0 -9999.9 1 -9999.9 1   444.2 0   340.9 0   308.3 0   306.4 0   425.4 0   293.7 0   293.8 0   152.7 2   235.7 0 -9999.9 1   -84.5 0 -9999.9 1 -9999.9 1 -9999.9 1 -9999.9 1    26.9 0 -9999.9 1
 1999 191  7 10 18  6 18.100  17.86   614.5 0 -9999.9 1 -9999.9 1   404.8 0   342.9 0   308.2 0   306.2 0   425.7 0   293.6 0   293.8 0   164.3 2   278.2 0 -9999.9 1   -82.8 0 -9999.9 1 -9999.9 1 -9999.9 1 -9999.9 1    28.2 0 -9999.9 1
 1999 191  7 10 18  9 18.150  17.92   641.6 0 -9999.9 1 -9999.9 1   389.6 0   345.2 0   308.3 0   306.8 0   431.2 0   293.8 0   294.0 0   164.0 0   282.0 0 -9999.9 1   -86.0 0 -9999.9 1 -9999.9 1 -9999.9 1 -9999.9 1    10.6 0 -9999.9 1
 1999 191  7 10 18 12 18.200  17.99   898.0 0 -9999.9 1 -9999.9 1   512.2 0   362.0 0   308.6 0   307.5 0   441.6 0   294.1 0   294.5 0   191.5 0   385.0 0 -9999.9 1   -79.7 0 -9999.9 1 -9999.9 1 -9999.9 1 -9999.9 1     9.8 0 -9999.9 1
 1999 191  7 10 18 18 18.300  18.21   376.8 0 -9999.9 1 -9999.9 1   375.4 0   377.2 0   308.6 0   306.3 0   420.5 0   294.1 0   294.1 0    91.7 0   156.1 0 -9999.9 1   -43.2 0 -9999.9 1 -9999.9 1 -9999.9 1 -9999.9 1    26.7 0 -9999.9 1
 1999 191  7 10 18 21 18.350  18.36   476.0 0 -9999.9 1 -9999.9 1   470.6 0   376.0 0   308.4 0   306.1 0   422.9 0   293.9 0   294.0 0   117.1 0   204.4 0 -9999.9 1   -46.9 0 -9999.9 1 -9999.9 1 -9999.9 1 -9999.9 1    35.1 0 -9999.9 1
 1999 191  7 10 18 24 18.400  18.52   498.8 0 -9999.9 1 -9999.9 1   482.1 0   371.0 0   308.3 0   306.2 0   425.4 0   293.9 0   294.0 0   126.7 0   215.4 0 -9999.9 1   -54.5 0 -9999.9 1 -9999.9 1 -9999.9 1 -9999.9 1    29.0 0 -9999.9 1
 1999 191  7 10 18 27 18.450  18.70   835.3 0 -9999.9 1 -9999.9 1   463.7 0   358.9 0   308.0 0   306.2 0   432.4 0   293.7 0   293.9 0   188.0 0   371.9 0 -9999.9 1   -73.5 0 -9999.9 1 -9999.9 1 -9999.9 1 -9999.9 1    20.1 0 -9999.9 1
 1999 191  7 10 18 33 18.550  19.13   427.9 0 -9999.9 1 -9999.9 1   410.2 0   374.9 0   308.3 0   306.6 0   430.5 0   294.2 0   294.3 0   102.6 0   177.9 0 -9999.9 1   -55.6 0 -9999.9 1 -9999.9 1 -9999.9 1 -9999.9 1    34.1 0 -9999.9 1
 1999 191  7 10 18 36 18.600  19.37   440.3 0 -9999.9 1 -9999.9 1   416.4 0   382.6 0   308.2 0   306.0 0   423.0 0   294.1 0   294.2 0   100.1 0   186.5 0 -9999.9 1   -40.4 0 -9999.9 1 -9999.9 1 -9999.9 1 -9999.9 1    26.9 0 -9999.9 1
 1999 191  7 10 18 39 18.650  19.62   492.9 0 -9999.9 1 -9999.9 1   482.5 0   381.8 0   308.0 0   305.8 0   423.4 0   294.0 0   294.1 0   113.6 0   210.3 0 -9999.9 1   -41.5 0 -9999.9 1 -9999.9 1 -9999.9 1 -9999.9 1    20.7 0 -9999.9 1
 1999 191  7 10 18 42 18.700  19.90   520.0 0 -9999.9 1 -9999.9 1   513.4 0   376.9 0   307.8 0   305.8 0   423.3 0   293.7 0   293.9 0   121.8 0   222.5 0 -9999.9 1   -46.4 0 -9999.9 1 -9999.9 1 -9999.9 1 -9999.9 1    19.4 0 -9999.9 1
 1999 191  7 10 18 48 18.800  20.49   796.9 0 -9999.9 1 -9999.9 1   557.3 0   365.1 0   307.8 0   306.2 0   432.8 0   293.8 0   294.0 0   176.5 0   349.5 0 -9999.9 1   -67.7 0 -9999.9 1 -9999.9 1 -9999.9 1 -9999.9 1    30.0 0 -9999.9 1
 1999 191  7 10 18 51 18.850  20.81   674.5 0 -9999.9 1 -9999.9 1   568.8 0   359.4 0   307.8 0   306.4 0   434.9 0   293.9 0   294.2 0   161.9 0   299.9 0 -9999.9 1   -75.5 0 -9999.9 1 -9999.9 1 -9999.9 1 -9999.9 1    22.6 0 -9999.9 1
 1999 191  7 10 18 54 18.900  21.15   527.4 0 -9999.9 1 -9999.9 1   444.1 0   357.7 0   307.7 0   305.9 0   426.2 0   293.7 0   293.9 0   129.2 0   222.7 0 -9999.9 1   -68.5 0 -9999.9 1 -9999.9 1 -9999.9 1 -9999.9 1    20.6 0 -9999.9 1
 1999 191  7 10 18 57 18.950  21.50   623.7 0 -9999.9 1 -9999.9 1   394.8 0   348.7 0   307.5 0   305.5 0   424.1 0   293.7 0   293.8 0   152.9 0   275.5 0 -9999.9 1   -75.4 0 -9999.9 1 -9999.9 1 -9999.9 1 -9999.9 1    28.9 0 -9999.9 1
 1999 191  7 10 19  3 19.050  22.23   559.0 0 -9999.9 1 -9999.9 1   519.4 0   341.6 0   307.5 0   305.8 0   427.4 0   293.8 0   294.0 0   153.9 2   247.6 0 -9999.9 1   -85.8 0 -9999.9 1 -9999.9 1 -9999.9 1 -9999.9 1    29.6 0 -9999.9 1
 1999 191  7 10 19  6 19.100  22.62   899.2 0 -9999.9 1 -9999.9 1   551.5 0   347.8 0   307.5 0   306.2 0   437.6 0   293.9 0   294.2 0   195.3 2   397.3 0 -9999.9 1   -89.8 0 -9999.9 1 -9999.9 1 -9999.9 1 -9999.9 1    31.1 0 -9999.9 1
 1999 191  7 10 19  9 19.150  23.01   744.8 0 -9999.9 1 -9999.9 1   565.9 0   343.3 0   307.7 0   306.3 0   430.2 0   294.0 0   294.3 0   175.9 0   334.5 0 -9999.9 1   -86.9 0 -9999.9 1 -9999.9 1 -9999.9 1 -9999.9 1    17.6 0 -9999.9 1
 1999 191  7 10 19 12 19.200  23.42   712.1 0 -9999.9 1 -9999.9 1   515.3 0   343.4 0   307.9 0   306.4 0   432.9 0   294.2 0   294.5 0   168.7 0   316.5 0 -9999.9 1   -89.5 0 -9999.9 1 -9999.9 1 -9999.9 1 -9999.9 1    21.0 0 -9999.9 1
 1999 191  7 10 19 18 19.300  24.26  1226.3 0 -9999.9 1 -9999.9 1   406.8 0   342.8 0   307.7 0   306.5 0   445.0 0   294.1 0   294.6 0   240.3 0   539.5 0 -9999.9 1  -102.2 0 -9999.9 1 -9999.9 1 -9999.9 1 -9999.9 1    24.0 0 -9999.9 1
 1999 191  7 10 19 21 19.350  24.70   888.1 0 -9999.9 1 -9999.9 1   507.9 0   342.7 0   308.0 0   306.8 0   438.3 0   294.4 0   294.7 0   195.1 0   392.1 0 -9999.9 1   -95.6 0 -9999.9 1 -9999.9 1 -9999.9 1 -9999.9 1    16.6 0 -9999.9 1
 1999 191  7 10 19 24 19.400  25.14   801.0 0 -9999.9 1 -9999.9 1   528.7 0   342.2 0   308.1 0   306.7 0   434.9 0   294.5 0   294.7 0   179.6 0   358.5 0 -9999.9 1   -92.7 0 -9999.9 1 -9999.9 1 -9999.9 1 -9999.9 1    13.5 0 -9999.9 1
 1999 191  7 10 19 27 19.450  25.59  1258.9 0 -9999.9 1 -9999.9 1   444.3 0   345.5 0   308.0 0   307.3 0   445.2 0   294.3 0   294.8 0   235.9 2   550.2 0 -9999.9 1   -99.7 0 -9999.9 1 -9999.9 1 -9999.9 1 -9999.9 1    13.2 0 -9999.9 1
 1999 191  7 10 19 33 19.550  26.51  1307.0 0 -9999.9 1 -9999.9 1   400.4 0   349.7 0   308.5 0   307.6 0   450.1 0   294.6 0   295.0 0   246.7 2   576.3 0 -9999.9 1  -100.4 0 -9999.9 1 -9999.9 1 -9999.9 1 -9999.9 1    29.3 0 -9999.9 1
 1999 191  7 10 19 36 19.600  26.98   811.7 0 -9999.9 1 -9999.9 1   475.9 0   363.3 0   308.8 0   307.4 0   439.4 0   294.8 0   295.1 0   166.8 2   345.8 0 -9999.9 1   -76.1 0 -9999.9 1 -9999.9 1 -9999.9 1 -9999.9 1    30.0 0 -9999.9 1
 1999 191  7 10 19 39 19.650  27.46   611.2 0 -9999.9 1 -9999.9 1   558.7 0   367.5 0   308.6 0   306.6 0   428.3 0   294.5 0   294.6 0   134.9 2   265.0 0 -9999.9 1   -60.8 0 -9999.9 1 -9999.9 1 -9999.9 1 -9999.9 1    35.0 0 -9999.9 1
 1999 191  7 10 19 42 19.700  27.95   563.7 0 -9999.9 1 -9999.9 1   549.9 0   363.6 0   308.4 0   306.2 0   423.4 0   294.2 0   294.2 0   129.1 2   244.5 0 -9999.9 1   -59.8 0 -9999.9 1 -9999.9 1 -9999.9 1 -9999.9 1    41.8 0 -9999.9 1
 1999 191  7 10 19 48 19.800  28.93   788.0 0 -9999.9 1 -9999.9 1   435.5 0   343.1 0   307.9 0   306.1 0   427.7 0   293.7 0   293.9 0   167.1 2   352.8 0 -9999.9 1   -84.6 0 -9999.9 1 -9999.9 1 -9999.9 1 -9999.9 1    34.6 0 -9999.9 1
 1999 191  7 10 19 51 19.850  29.43   950.8 0 -9999.9 1 -9999.9 1   521.1 0   355.1 0   308.0 0   307.0 0   440.7 0   293.7 0   294.2 0   178.7 2   410.7 0 -9999.9 1   -85.6 0 -9999.9 1 -9999.9 1 -9999.9 1 -9999.9 1    26.1 0 -9999.9 1
 1999 191  7 10 19 54 19.900  29.93   490.4 0 -9999.9 1 -9999.9 1   459.4 0   365.1 0   308.0 0   306.1 0   423.5 0   293.8 0   293.9 0   103.8 2   206.2 0 -9999.9 1   -58.4 0 -9999.9 1 -9999.9 1 -9999.9 1 -9999.9 1    25.1 0 -9999.9 1
 1999 191  7 10 19 57 19.950  30.44   447.6 0 -9999.9 1 -9999.9 1   436.9 0   368.0 0   307.9 0   305.9 0   420.8 0   293.7 0   293.8 0    95.8 2   189.4 0 -9999.9 1   -52.8 0 -9999.9 1 -9999.9 1 -9999.9 1 -9999.9 1    30.5 0 -9999.9 1
 1999 191  7 10 20  3 20.050  31.47   481.6 0 -9999.9 1 -9999.9 1   468.5 0   361.0 0   307.7 0   305.6 0   420.4 0   293.6 0   293.7 0   109.5 2   210.3 0 -9999.9 1   -59.4 0 -9999.9 1 -9999.9 1 -9999.9 1 -9999.9 1    37.7 0 -9999.9 1
 1999 191  7 10 20  6 20.100  31.99   740.3 0 -9999.9 1 -9999.9 1   511.4 0   355.2 0   307.6 0   306.1 0   429.3 0   293.6 0   293.8 0   145.4 2   329.8 0 -9999.9 1   -74.1 0 -9999.9 1 -9999.9 1 -9999.9 1 -9999.9 1    31.1 0 -9999.9 1
 1999 191  7 10 20  9 20.150  32.52  1097.6 0 -9999.9 1 -9999.9 1   537.0 0   360.5 0   307.9 0   306.6 0   441.6 0   293.9 0   294.4 0   187.1 2   481.6 0 -9999.9 1   -81.0 0 -9999.9 1 -9999.9 1 -9999.9 1 -9999.9 1    34.8 0 -9999.9 1
 1999 191  7 10 20 12 20.200  33.05   687.7 0 -9999.9 1 -9999.9 1   445.9 0   356.1 0   308.0 0   306.0 0   431.2 0   294.2 0   294.4 0   136.2 0   300.9 0 -9999.9 1   -75.1 0 -9999.9 1 -9999.9 1 -9999.9 1 -9999.9 1    32.4 0 -9999.9 1
 1999 191  7 10 20 18 20.300  34.11   739.5 0 -9999.9 1 -9999.9 1   395.3 0   348.6 0   308.2 0   307.0 0   442.8 0   294.5 0   294.9 0   140.2 0   320.6 0 -9999.9 1   -94.1 0 -9999.9 1 -9999.9 1 -9999.9 1 -9999.9 1    43.3 0 -9999.9 1
 1999 191  7 10 20 21 20.350  34.65   336.5 0 -9999.9 1 -9999.9 1   332.0 0   357.8 0   308.2 0   305.7 0   420.6 0   294.5 0   294.5 0    85.9 0   144.8 0 -9999.9 1   -62.8 0 -9999.9 1 -9999.9 1 -9999.9 1 -9999.9 1    46.5 0 -9999.9 1
 1999 191  7 10 20 24 20.400  35.19   303.0 0 -9999.9 1 -9999.9 1   302.3 0   360.9 0   307.9 0   305.2 0   416.5 0   294.3 0   294.2 0    78.7 0   129.4 0 -9999.9 1   -55.7 0 -9999.9 1 -9999.9 1 -9999.9 1 -9999.9 1    41.1 0 -9999.9 1
 1999 191  7 10 20 27 20.450  35.73   517.0 0 -9999.9 1 -9999.9 1   321.1 0   347.0 0   307.6 0   305.3 0   421.3 0   294.1 0   294.1 0   108.7 0   230.6 0 -9999.9 1   -74.2 0 -9999.9 1 -9999.9 1 -9999.9 1 -9999.9 1    33.1 0 -9999.9 1
 1999 191  7 10 20 33 20.550  36.82   768.0 0 -9999.9 1 -9999.9 1   326.9 0   370.6 0   307.9 0   307.0 0   443.3 0   294.6 0   295.0 0   115.3 0   321.9 0 -9999.9 1   -72.7 0 -9999.9 1 -9999.9 1 -9999.9 1 -9999.9 1    24.8 0 -9999.9 1
 1999 191  7 10 20 36 20.600  37.37   286.0 0 -9999.9 1 -9999.9 1   282.9 0   379.7 0   307.8 0   305.8 0   422.1 0   294.6 0   294.6 0    53.8 0   114.2 0 -9999.9 1   -42.4 0 -9999.9 1 -9999.9 1 -9999.9 1 -9999.9 1    37.2 0 -9999.9 1
 1999 191  7 10 20 39 20.650  37.92   354.3 0 -9999.9 1 -9999.9 1   322.9 0   373.2 0   307.5 0   305.3 0   418.8 0   294.2 0   294.2 0    69.4 0   153.7 0 -9999.9 1   -45.6 0 -9999.9 1 -9999.9 1 -9999.9 1 -9999.9 1    32.2 0 -9999.9 1
 1999 191  7 10 20 42 20.700  38.47   497.0 0 -9999.9 1 -9999.9 1   387.3 0   359.4 0   307.4 0   305.5 0   424.8 0   294.1 0   294.3 0    94.4 0   217.4 0 -9999.9 1   -65.4 0 -9999.9 1 -9999.9 1 -9999.9 1 -9999.9 1    34.2 0 -9999.9 1
 1999 191  7 10 20 48 20.800  39.59   365.8 0 -9999.9 1 -9999.9 1   362.6 0   367.2 0   307.3 0   305.0 0   420.4 0   294.2 0   294.2 0    75.9 0   157.4 0 -9999.9 1   -53.2 0 -9999.9 1 -9999.9 1 -9999.9 1 -9999.9 1    35.4 0 -9999.9 1
 1999 191  7 10 20 51 20.850  40.14   445.4 0 -9999.9 1 -9999.9 1   365.0 0   371.9 0   307.1 0   305.3 0   423.8 0   294.1 0   294.2 0    73.2 0   189.2 0 -9999.9 1   -51.9 0 -9999.9 1 -9999.9 1 -9999.9 1 -9999.9 1    38.6 0 -9999.9 1
 1999 191  7 10 20 54 20.900  40.70   291.2 0 -9999.9 1 -9999.9 1   288.6 0   377.7 0   307.1 0   304.8 0   418.6 0   294.1 0   294.1 0    51.8 0   119.6 0 -9999.9 1   -41.0 0 -9999.9 1 -9999.9 1 -9999.9 1 -9999.9 1    41.2 0 -9999.9 1
 1999 191  7 10 20 57 20.950  41.26   287.1 0 -9999.9 1 -9999.9 1   286.5 0   368.5 0   306.8 0   304.4 0   416.0 0   293.9 0   293.9 0    58.7 0   121.8 0 -9999.9 1   -47.5 0 -9999.9 1 -9999.9 1 -9999.9 1 -9999.9 1    44.5 0 -9999.9 1
 1999 191  7 10 21  3 21.050  42.39   947.8 0 -9999.9 1 -9999.9 1   274.2 0   344.4 0   306.6 0   305.4 0   439.5 0   293.9 0   294.3 0   128.3 0   420.3 0 -9999.9 1   -95.1 0 -9999.9 1 -9999.9 1 -9999.9 1 -9999.9 1    39.2 0 -9999.9 1
 1999 191  7 10 21  6 21.100  42.95   836.6 0 -9999.9 1 -9999.9 1   222.4 0   334.4 0   306.8 0   305.6 0   438.3 0   294.2 0   294.7 0   123.3 0   371.5 0 -9999.9 1  -103.9 0 -9999.9 1 -9999.9 1 -9999.9 1 -9999.9 1    43.5 0 -9999.9 1
 1999 191  7 10 21  9 21.150  43.52   801.5 0 -9999.9 1 -9999.9 1   240.1 0   341.7 0   307.0 0   305.7 0   439.9 0   294.6 0   295.0 0   115.1 0   350.9 0 -9999.9 1   -98.3 0 -9999.9 1 -9999.9 1 -9999.9 1 -9999.9 1    35.8 0 -9999.9 1
 1999 191  7 10 21 12 21.200  44.08   402.7 0 -9999.9 1 -9999.9 1   305.7 0   352.1 0   306.8 0   304.6 0   422.2 0   294.4 0   294.5 0    78.3 0   178.5 0 -9999.9 1   -70.1 0 -9999.9 1 -9999.9 1 -9999.9 1 -9999.9 1    28.6 0 -9999.9 1
 1999 191  7 10 21 18 21.300  45.22   629.7 0 -9999.9 1 -9999.9 1   294.3 0   365.0 0   306.5 0   305.5 0   438.7 0   294.0 0   294.4 0    72.4 2   264.4 0 -9999.9 1   -73.7 0 -9999.9 1 -9999.9 1 -9999.9 1 -9999.9 1    27.9 0 -9999.9 1
 1999 191  7 10 21 21 21.350  45.79   261.2 0 -9999.9 1 -9999.9 1   250.0 0   361.7 0   306.6 0   304.7 0   420.6 0   294.2 0   294.2 0    46.3 2   108.2 0 -9999.9 1   -58.9 0 -9999.9 1 -9999.9 1 -9999.9 1 -9999.9 1    32.3 0 -9999.9 1
 1999 191  7 10 21 24 21.400  46.36   242.1 0 -9999.9 1 -9999.9 1   223.1 0   350.0 0   306.6 0   304.2 0   415.5 0   294.2 0   294.2 0    51.3 0   104.1 0 -9999.9 1   -65.5 0 -9999.9 1 -9999.9 1 -9999.9 1 -9999.9 1    40.9 0 -9999.9 1
 1999 191  7 10 21 27 21.450  46.93   179.4 0 -9999.9 1 -9999.9 1   178.2 0   332.9 0   306.5 0   304.1 0   411.4 0   294.1 0   294.0 0    53.5 0    80.5 0 -9999.9 1   -78.5 0 -9999.9 1 -9999.9 1 -9999.9 1 -9999.9 1    42.1 0 -9999.9 1
 1999 191  7 10 21 33 21.550  48.07   779.2 0 -9999.9 1 -9999.9 1   183.0 0   329.6 0   306.2 0   305.1 0   435.1 0   293.7 0   294.1 0    94.5 0   347.2 0 -9999.9 1  -105.5 0 -9999.9 1 -9999.9 1 -9999.9 1 -9999.9 1    31.4 0 -9999.9 1
 1999 191  7 10 21 36 21.600  48.64   525.3 0 -9999.9 1 -9999.9 1   225.5 0   339.6 0   306.5 0   304.9 0   429.0 0   294.0 0   294.3 0    76.4 0   233.3 0 -9999.9 1   -89.4 0 -9999.9 1 -9999.9 1 -9999.9 1 -9999.9 1    27.8 0 -9999.9 1
 1999 191  7 10 21 39 21.650  49.21   659.3 0 -9999.9 1 -9999.9 1   202.1 0   331.6 0   306.6 0   304.9 0   428.6 0   294.1 0   294.3 0    81.1 0   294.9 0 -9999.9 1   -97.0 0 -9999.9 1 -9999.9 1 -9999.9 1 -9999.9 1    29.2 0 -9999.9 1
 1999 191  7 10 21 42 21.700  49.78   690.3 0 -9999.9 1 -9999.9 1   147.6 0   323.2 0   306.8 0   305.6 0   434.2 0   294.3 0   294.6 0    85.9 0   311.6 0 -9999.9 1  -111.1 0 -9999.9 1 -9999.9 1 -9999.9 1 -9999.9 1    28.6 0 -9999.9 1
 1999 191  7 10 21 48 21.800  50.93   724.1 0 -9999.9 1 -9999.9 1   134.8 0   320.0 0   307.1 0   305.7 0   433.5 0   294.5 0   294.8 0    85.5 0   327.3 0 -9999.9 1  -113.4 0 -9999.9 1 -9999.9 1 -9999.9 1 -9999.9 1    24.7 0 -9999.9 1
 1999 191  7 10 21 51 21.850  51.50   697.7 0 -9999.9 1 -9999.9 1   117.1 0   315.1 0   307.2 0   305.7 0   431.5 0   294.5 0   294.8 0    81.8 0   315.9 0 -9999.9 1  -116.5 0 -9999.9 1 -9999.9 1 -9999.9 1 -9999.9 1    41.5 0 -9999.9 1
 1999 191  7 10 21 54 21.900  52.08   730.7 0 -9999.9 1 -9999.9 1   158.6 0   328.8 0   307.3 0   305.7 0   432.6 0   294.5 0   294.7 0    79.1 0   327.2 0 -9999.9 1  -103.8 0 -9999.9 1 -9999.9 1 -9999.9 1 -9999.9 1    44.8 0 -9999.9 1
 1999 191  7 10 21 57 21.950  52.65   740.1 0 -9999.9 1 -9999.9 1   202.2 0   345.2 0   307.3 0   306.0 0   435.6 0   294.5 0   294.8 0    69.1 2   323.3 0 -9999.9 1   -90.4 0 -9999.9 1 -9999.9 1 -9999.9 1 -9999.9 1    46.6 0 -9999.9 1
 1999 191  7 10 22  3 22.050  53.80   546.2 0 -9999.9 1 -9999.9 1   141.4 0   314.8 0   307.1 0   305.0 0   419.5 0   294.1 0   294.1 0    62.0 2   251.1 0 -9999.9 1  -104.7 0 -9999.9 1 -9999.9 1 -9999.9 1 -9999.9 1    47.1 0 -9999.9 1
 1999 191  7 10 22  6 22.100  54.37   651.0 0 -9999.9 1 -9999.9 1   111.0 0   308.5 0   307.1 0   305.4 0   428.5 0   293.9 0   294.2 0    69.3 2   294.7 0 -9999.9 1  -120.0 0 -9999.9 1 -9999.9 1 -9999.9 1 -9999.9 1    40.3 0 -9999.9 1
 1999 191  7 10 22  9 22.150  54.95   658.5 0 -9999.9 1 -9999.9 1   129.3 0   316.1 0   307.2 0   305.7 0   430.8 0   294.1 0   294.4 0    67.2 2   296.8 0 -9999.9 1  -114.7 0 -9999.9 1 -9999.9 1 -9999.9 1 -9999.9 1    33.3 0 -9999.9 1
 1999 191  7 10 22 12 22.200  55.52   710.5 0 -9999.9 1 -9999.9 1   192.2 0   333.7 0   307.4 0   305.8 0   431.7 0   294.2 0   294.5 0    66.7 2   315.0 0 -9999.9 1   -98.0 0 -9999.9 1 -9999.9 1 -9999.9 1 -9999.9 1    31.6 0 -9999.9 1
 1999 191  7 10 22 18 22.300  56.67   639.8 0 -9999.9 1 -9999.9 1   147.8 0   315.0 0   307.6 0   305.9 0   428.1 0   294.2 0   294.4 0    61.0 2   287.6 0 -9999.9 1  -113.1 0 -9999.9 1 -9999.9 1 -9999.9 1 -9999.9 1    52.5 0 -9999.9 1
 1999 191  7 10 22 21 22.350  57.24   620.5 0 -9999.9 1 -9999.9 1   138.7 0   315.3 0   307.7 0   305.9 0   427.6 0   294.3 0   294.5 0    58.8 2   280.5 0 -9999.9 1  -112.4 0 -9999.9 1 -9999.9 1 -9999.9 1 -9999.9 1    49.8 0 -9999.9 1
 1999 191  7 10 22 24 22.400  57.81   572.2 0 -9999.9 1 -9999.9 1   131.4 0   313.8 0   308.0 0   306.2 0   426.7 0   294.5 0   294.7 0    54.8 2   257.6 0 -9999.9 1  -112.9 0 -9999.9 1 -9999.9 1 -9999.9 1 -9999.9 1    40.5 0 -9999.9 1
 1999 191  7 10 22 27 22.450  58.39   289.9 0 -9999.9 1 -9999.9 1   120.4 0   313.4 0   308.1 0   305.5 0   413.1 0   294.5 0   294.5 0    43.9 0   139.8 0 -9999.9 1   -99.7 0 -9999.9 1 -9999.9 1 -9999.9 1 -9999.9 1    31.9 0 -9999.9 1
 1999 191  7 10 22 33 22.550  59.53   600.7 0 -9999.9 1 -9999.9 1   161.4 0   333.8 0   308.2 0   306.6 0   430.0 0   294.4 0   294.7 0    48.3 0   265.8 0 -9999.9 1   -96.2 0 -9999.9 1 -9999.9 1 -9999.9 1 -9999.9 1    24.8 0 -9999.9 1
 1999 191  7 10 22 36 22.600  60.10   616.0 0 -9999.9 1 -9999.9 1   180.7 0   346.8 0   308.4 0   307.0 0   432.9 0   294.6 0   294.9 0    44.6 0   269.0 0 -9999.9 1   -86.1 0 -9999.9 1 -9999.9 1 -9999.9 1 -9999.9 1    18.4 0 -9999.9 1
 1999 191  7 10 22 39 22.650  60.67   572.6 0 -9999.9 1 -9999.9 1   148.8 0   337.3 0   308.6 0   306.8 0   430.7 0   294.8 0   295.0 0    42.7 0   253.5 0 -9999.9 1   -93.4 0 -9999.9 1 -9999.9 1 -9999.9 1 -9999.9 1    32.0 0 -9999.9 1
 1999 191  7 10 22 42 22.700  61.24   509.6 0 -9999.9 1 -9999.9 1    96.9 0   318.5 0   308.7 0   306.6 0   426.2 0   294.9 0   295.1 0    41.9 0   231.3 0 -9999.9 1  -107.7 0 -9999.9 1 -9999.9 1 -9999.9 1 -9999.9 1    38.8 0 -9999.9 1
 1999 191  7 10 22 48 22.800  62.38   521.2 0 -9999.9 1 -9999.9 1   126.1 0   328.9 0   308.8 0   306.9 0   427.5 0   294.8 0   295.1 0    38.3 0   233.7 0 -9999.9 1   -98.6 0 -9999.9 1 -9999.9 1 -9999.9 1 -9999.9 1    33.6 0 -9999.9 1
 1999 191  7 10 22 51 22.850  62.95   525.0 0 -9999.9 1 -9999.9 1   143.0 0   339.4 0   308.8 0   306.8 0   427.9 0   294.8 0   295.0 0    34.7 0   231.4 0 -9999.9 1   -88.5 0 -9999.9 1 -9999.9 1 -9999.9 1 -9999.9 1    32.4 0 -9999.9 1
 1999 191  7 10 22 54 22.900  63.52   495.3 0 -9999.9 1 -9999.9 1   124.5 0   329.7 0   308.8 0   306.7 0   426.5 0   294.8 0   295.0 0    33.5 0   219.7 0 -9999.9 1   -96.8 0 -9999.9 1 -9999.9 1 -9999.9 1 -9999.9 1    41.4 0 -9999.9 1
 1999 191  7 10 22 57 22.950  64.09   461.2 0 -9999.9 1 -9999.9 1   102.7 0   317.3 0   308.8 0   306.4 0   423.4 0   294.8 0   294.9 0    33.3 0   208.5 0 -9999.9 1  -106.1 0 -9999.9 1 -9999.9 1 -9999.9 1 -9999.9 1    51.7 0 -9999.9 1
 1999 191  7 10 23  3 23.050  65.22   416.0 0 -9999.9 1 -9999.9 1    75.4 0   310.0 0   308.8 0   306.5 0   422.9 0   294.8 0   294.9 0    30.2 0   190.8 0 -9999.9 1  -112.8 0 -9999.9 1 -9999.9 1 -9999.9 1 -9999.9 1    40.3 0 -9999.9 1
 1999 191  7 10 23  6 23.100  65.79   413.0 0 -9999.9 1 -9999.9 1    84.7 0   314.5 0   308.7 0   306.3 0   422.5 0   294.7 0   294.9 0    28.4 0   188.1 0 -9999.9 1  -108.0 0 -9999.9 1 -9999.9 1 -9999.9 1 -9999.9 1    34.1 0 -9999.9 1
 1999 191  7 10 23  9 23.150  66.35   401.6 0 -9999.9 1 -9999.9 1    89.1 0   312.8 0   308.6 0   306.4 0   422.0 0   294.7 0   294.8 0    26.2 0   181.0 0 -9999.9 1  -109.2 0 -9999.9 1 -9999.9 1 -9999.9 1 -9999.9 1    43.5 0 -9999.9 1
 1999 191  7 10 23 12 23.200  66.92   380.1 0 -9999.9 1 -9999.9 1    77.1 0   309.7 0   308.5 0   306.3 0   419.9 0   294.6 0   294.7 0    25.2 0   171.8 0 -9999.9 1  -110.3 0 -9999.9 1 -9999.9 1 -9999.9 1 -9999.9 1    45.8 0 -9999.9 1
 1999 191  7 10 23 18 23.300  68.04   365.2 0 -9999.9 1 -9999.9 1    78.6 0   316.2 0   308.4 0   306.0 0   420.5 0   294.5 0   294.6 0    23.0 0   165.8 0 -9999.9 1  -104.3 0 -9999.9 1 -9999.9 1 -9999.9 1 -9999.9 1    29.4 0 -9999.9 1
 1999 191  7 10 23 21 23.350  68.61   355.5 0 -9999.9 1 -9999.9 1    79.9 0   317.0 0   308.4 0   306.1 0   419.8 0   294.5 0   294.6 0    21.7 0   160.8 0 -9999.9 1  -102.9 0 -9999.9 1 -9999.9 1 -9999.9 1 -9999.9 1    27.2 0 -9999.9 1
 1999 191  7 10 23 24 23.400  69.17   349.1 0 -9999.9 1 -9999.9 1    83.5 0   317.3 0   308.4 0   306.3 0   420.8 0   294.5 0   294.6 0    20.8 0   158.2 0 -9999.9 1  -103.4 0 -9999.9 1 -9999.9 1 -9999.9 1 -9999.9 1    20.5 0 -9999.9 1
 1999 191  7 10 23 27 23.450  69.73   328.5 0 -9999.9 1 -9999.9 1    75.3 0   313.2 0   308.4 0   306.3 0   420.3 0   294.5 0   294.6 0    19.5 0   149.2 0 -9999.9 1  -107.1 0 -9999.9 1 -9999.9 1 -9999.9 1 -9999.9 1    25.4 0 -9999.9 1
 1999 191  7 10 23 33 23.550  70.84   291.4 0 -9999.9 1 -9999.9 1    58.5 0   308.3 0   308.3 0   305.9 0   416.1 0   294.3 0   294.4 0    17.1 0   133.9 0 -9999.9 1  -107.8 0 -9999.9 1 -9999.9 1 -9999.9 1 -9999.9 1    32.7 0 -9999.9 1
 1999 191  7 10 23 36 23.600  71.40   287.2 0 -9999.9 1 -9999.9 1    60.3 0   309.4 0   308.2 0   305.8 0   415.9 0   294.2 0   294.3 0    16.0 0   131.8 0 -9999.9 1  -106.6 0 -9999.9 1 -9999.9 1 -9999.9 1 -9999.9 1    30.7 0 -9999.9 1
 1999 191  7 10 23 39 23.650  71.96   282.8 0 -9999.9 1 -9999.9 1    65.0 0   311.4 0   308.2 0   306.0 0   416.4 0   294.2 0   294.3 0    14.9 0   129.1 0 -9999.9 1  -105.1 0 -9999.9 1 -9999.9 1 -9999.9 1 -9999.9 1    26.6 0 -9999.9 1
 1999 191  7 10 23 42 23.700  72.51   273.6 0 -9999.9 1 -9999.9 1    64.7 0   309.7 0   308.1 0   305.8 0   415.6 0   294.0 0   294.1 0    14.0 0   125.2 0 -9999.9 1  -105.9 0 -9999.9 1 -9999.9 1 -9999.9 1 -9999.9 1    26.9 0 -9999.9 1
 1999 191  7 10 23 48 23.800  73.62   237.5 0 -9999.9 1 -9999.9 1    52.6 0   307.6 0   308.0 0   305.5 0   412.4 0   293.9 0   293.9 0    12.4 0   110.1 0 -9999.9 1  -104.8 0 -9999.9 1 -9999.9 1 -9999.9 1 -9999.9 1    38.8 0 -9999.9 1
 1999 191  7 10 23 51 23.850  74.17   227.7 0 -9999.9 1 -9999.9 1    49.5 0   306.3 0   308.0 0   305.6 0   411.9 0   293.8 0   293.9 0    11.7 0   105.7 0 -9999.9 1  -105.6 0 -9999.9 1 -9999.9 1 -9999.9 1 -9999.9 1    35.0 0 -9999.9 1
 1999 191  7 10 23 54 23.900  74.72   218.0 0 -9999.9 1 -9999.9 1    47.3 0   305.6 0   307.9 0   305.5 0   411.4 0   293.8 0   293.8 0    11.0 0   101.4 0 -9999.9 1  -105.8 0 -9999.9 1 -9999.9 1 -9999.9 1 -9999.9 1    37.0 0 -9999.9 1
 1999 191  7 10 23 57 23.950  75.26   209.8 0 -9999.9 1 -9999.9 1    45.8 0   302.3 0   307.7 0   305.2 0   409.7 0   293.5 0   293.6 0    10.2 0    98.0 0 -9999.9 1  -107.3 0 -9999.9 1 -9999.9 1 -9999.9 1 -9999.9 1    34.5 0 -9999.9 1
