 Bondville
   40.05  -88.37  213 m version 1
 1999 180  6 29  0  3  0.050  76.08    27.5 0 -9999.9 1 -9999.9 1    26.4 0   391.5 0   305.0 0   303.8 0   423.3 0   294.9 0   294.9 0     2.6 0    14.1 0 -9999.9 1   -31.9 0 -9999.9 1 -9999.9 1 -9999.9 1 -9999.9 1   278.5 0 -9999.9 1
 1999 180  6 29  0  6  0.100  76.62    22.4 0 -9999.9 1 -9999.9 1    21.5 0   392.0 0   305.1 0   303.8 0   423.4 0   294.9 0   294.9 0     2.6 0    11.7 0 -9999.9 1   -31.4 0 -9999.9 1 -9999.9 1 -9999.9 1 -9999.9 1   282.3 0 -9999.9 1
 1999 180  6 29  0  9  0.150  77.16    17.0 0 -9999.9 1 -9999.9 1    15.8 0   392.5 0   305.2 0   303.9 0   423.3 0   294.9 0   294.8 0     2.7 0     9.1 0 -9999.9 1   -30.8 0 -9999.9 1 -9999.9 1 -9999.9 1 -9999.9 1   283.3 0 -9999.9 1
 1999 180  6 29  0 12  0.200  77.69    17.6 0 -9999.9 1 -9999.9 1    16.5 0   392.0 0   305.3 0   304.0 0   423.1 0   294.8 0   294.8 0     2.7 0     9.4 0 -9999.9 1   -31.2 0 -9999.9 1 -9999.9 1 -9999.9 1 -9999.9 1   286.9 0 -9999.9 1
 1999 180  6 29  0 18  0.300  78.76    52.2 0 -9999.9 1 -9999.9 1    50.0 0   392.8 0   305.6 0   304.3 0   426.0 0   294.8 0   294.8 0     3.1 0    24.6 0 -9999.9 1   -33.2 0 -9999.9 1 -9999.9 1 -9999.9 1 -9999.9 1   280.3 0 -9999.9 1
 1999 180  6 29  0 21  0.350  79.29    74.9 0 -9999.9 1 -9999.9 1    72.4 0   392.2 0   305.6 0   304.3 0   427.6 0   294.8 0   294.8 0     3.3 0    34.5 0 -9999.9 1   -35.4 0 -9999.9 1 -9999.9 1 -9999.9 1 -9999.9 1   281.2 0 -9999.9 1
 1999 180  6 29  0 24  0.400  79.82    83.3 0 -9999.9 1 -9999.9 1    81.3 0   391.3 0   305.7 0   304.4 0   428.5 0   294.8 0   294.8 0     3.4 0    38.1 0 -9999.9 1   -37.2 0 -9999.9 1 -9999.9 1 -9999.9 1 -9999.9 1   281.7 0 -9999.9 1
 1999 180  6 29  0 27  0.450  80.35    84.9 0 -9999.9 1 -9999.9 1    83.3 0   390.6 0   305.8 0   304.5 0   428.8 0   294.7 0   294.8 0     3.3 0    38.9 0 -9999.9 1   -38.2 0 -9999.9 1 -9999.9 1 -9999.9 1 -9999.9 1   288.0 0 -9999.9 1
 1999 180  6 29  0 33  0.550  81.40    64.5 0 -9999.9 1 -9999.9 1    62.7 0   393.0 0   306.0 0   304.5 0   428.3 0   294.8 0   294.8 0     2.7 0    30.0 0 -9999.9 1   -35.2 0 -9999.9 1 -9999.9 1 -9999.9 1 -9999.9 1   280.7 0 -9999.9 1
 1999 180  6 29  0 36  0.600  81.92    55.4 0 -9999.9 1 -9999.9 1    53.5 0   391.9 0   306.0 0   304.4 0   427.2 0   294.8 0   294.8 0     2.5 0    26.0 0 -9999.9 1   -35.2 0 -9999.9 1 -9999.9 1 -9999.9 1 -9999.9 1   275.5 0 -9999.9 1
 1999 180  6 29  0 39  0.650  82.43    45.4 0 -9999.9 1 -9999.9 1    43.6 0   392.9 0   306.1 0   304.6 0   427.2 0   294.9 0   294.9 0     2.2 0    21.8 0 -9999.9 1   -34.3 0 -9999.9 1 -9999.9 1 -9999.9 1 -9999.9 1   275.7 0 -9999.9 1
 1999 180  6 29  0 42  0.700  82.95    37.1 0 -9999.9 1 -9999.9 1    35.4 0   392.4 0   306.2 0   304.7 0   426.7 0   294.9 0   294.9 0     1.9 0    18.0 0 -9999.9 1   -34.3 0 -9999.9 1 -9999.9 1 -9999.9 1 -9999.9 1   277.4 0 -9999.9 1
 1999 180  6 29  0 48  0.800  83.97    26.0 0 -9999.9 1 -9999.9 1    24.0 0   394.2 0   306.0 0   304.3 0   425.0 0   294.8 0   294.8 0     1.3 0    12.9 0 -9999.9 1   -30.8 0 -9999.9 1 -9999.9 1 -9999.9 1 -9999.9 1   286.5 0 -9999.9 1
 1999 180  6 29  0 51  0.850  84.48    21.5 0 -9999.9 1 -9999.9 1    19.8 0   392.5 0   305.8 0   304.1 0   423.2 0   294.6 0   294.5 0     1.1 2    10.9 0 -9999.9 1   -30.7 0 -9999.9 1 -9999.9 1 -9999.9 1 -9999.9 1   286.3 0 -9999.9 1
 1999 180  6 29  0 54  0.900  84.98    17.3 0 -9999.9 1 -9999.9 1    15.8 0   396.2 0   305.9 0   304.2 0   424.1 0   294.7 0   294.6 0     0.8 0     9.0 0 -9999.9 1   -27.9 0 -9999.9 1 -9999.9 1 -9999.9 1 -9999.9 1   283.1 0 -9999.9 1
 1999 180  6 29  0 57  0.950  85.47    15.4 0 -9999.9 1 -9999.9 1    13.7 0   397.4 0   305.9 0   304.3 0   424.4 0   294.7 0   294.7 0     0.7 0     7.9 0 -9999.9 1   -27.0 0 -9999.9 1 -9999.9 1 -9999.9 1 -9999.9 1   280.5 0 -9999.9 1
 1999 180  6 29  1  3  1.050  86.45    18.0 0 -9999.9 1 -9999.9 1    16.0 0   395.2 0   306.0 0   304.4 0   425.0 0   294.8 0   294.7 0     0.8 0     8.9 0 -9999.9 1   -29.9 0 -9999.9 1 -9999.9 1 -9999.9 1 -9999.9 1   289.9 0 -9999.9 1
 1999 180  6 29  1  6  1.100  86.94    17.0 0 -9999.9 1 -9999.9 1    15.2 0   395.1 0   306.1 0   304.4 0   425.3 0   294.8 0   294.8 0     0.7 0     8.3 0 -9999.9 1   -30.1 0 -9999.9 1 -9999.9 1 -9999.9 1 -9999.9 1   288.5 0 -9999.9 1
 1999 180  6 29  1  9  1.150  87.41    18.3 0 -9999.9 1 -9999.9 1    16.3 0   396.7 0   306.0 0   304.4 0   425.9 0   294.9 0   294.8 0     0.6 0     8.1 0 -9999.9 1   -29.2 0 -9999.9 1 -9999.9 1 -9999.9 1 -9999.9 1   284.2 0 -9999.9 1
 1999 180  6 29  1 12  1.200  87.87    15.2 0 -9999.9 1 -9999.9 1    13.7 0   396.1 0   305.9 0   304.3 0   425.4 0   294.8 0   294.7 0     0.5 0     6.8 0 -9999.9 1   -29.3 0 -9999.9 1 -9999.9 1 -9999.9 1 -9999.9 1   273.6 0 -9999.9 1
 1999 180  6 29  1 18  1.300  88.76     4.5 0 -9999.9 1 -9999.9 1     3.0 0   397.6 0   306.0 0   304.5 0   425.9 0   294.9 0   294.8 0     0.3 0     3.4 0 -9999.9 1   -28.2 0 -9999.9 1 -9999.9 1 -9999.9 1 -9999.9 1   266.1 0 -9999.9 1
 1999 180  6 29  1 21  1.350  89.18     1.4 0 -9999.9 1 -9999.9 1     0.1 0   398.0 0   306.0 0   304.4 0   425.2 0   294.8 0   294.8 0     0.3 0     2.4 0 -9999.9 1   -27.2 0 -9999.9 1 -9999.9 1 -9999.9 1 -9999.9 1   265.8 0 -9999.9 1
 1999 180  6 29  1 24  1.400  89.57    -0.3 0 -9999.9 1 -9999.9 1    -1.1 0   398.1 0   305.9 0   304.3 0   424.6 0   294.7 0   294.6 0     0.2 0     1.6 0 -9999.9 1   -26.5 0 -9999.9 1 -9999.9 1 -9999.9 1 -9999.9 1   271.9 0 -9999.9 1
 1999 180  6 29  1 27  1.450  89.93    -1.4 0 -9999.9 1 -9999.9 1    -1.2 0   398.4 0   305.8 0   304.2 0   424.2 0   294.7 0   294.6 0     0.2 0     1.1 0 -9999.9 1   -25.8 0 -9999.9 1 -9999.9 1 -9999.9 1 -9999.9 1   271.6 0 -9999.9 1
 1999 180  6 29  1 33  1.550  91.63    -2.6 0 -9999.9 1 -9999.9 1    -1.1 0   396.8 0   305.7 0   304.1 0   423.5 0   294.6 0   294.5 0     0.0 0     0.6 0 -9999.9 1   -26.7 0 -9999.9 1 -9999.9 1 -9999.9 1 -9999.9 1   268.0 0 -9999.9 1
 1999 180  6 29  1 36  1.600  92.11    -2.9 0 -9999.9 1 -9999.9 1    -1.1 0   397.1 0   305.6 0   304.0 0   423.4 0   294.6 0   294.5 0     0.0 0     0.3 0 -9999.9 1   -26.3 0 -9999.9 1 -9999.9 1 -9999.9 1 -9999.9 1   261.4 0 -9999.9 1
 1999 180  6 29  1 39  1.650  92.59    -3.1 0 -9999.9 1 -9999.9 1    -1.3 0   397.6 0   305.7 0   304.0 0   423.7 0   294.6 0   294.5 0     0.0 0     0.2 0 -9999.9 1   -26.1 0 -9999.9 1 -9999.9 1 -9999.9 1 -9999.9 1   265.5 0 -9999.9 1
 1999 180  6 29  1 42  1.700  93.07    -3.3 0 -9999.9 1 -9999.9 1    -1.0 0   397.5 0   305.6 0   304.1 0   423.4 0   294.5 0   294.5 0     0.0 0     0.1 0 -9999.9 1   -26.0 0 -9999.9 1 -9999.9 1 -9999.9 1 -9999.9 1   267.2 0 -9999.9 1
 1999 180  6 29  1 48  1.800  94.01    -3.5 0 -9999.9 1 -9999.9 1    -1.3 0   395.6 0   305.5 0   303.9 0   422.2 0   294.4 0   294.3 0     0.0 0    -0.1 0 -9999.9 1   -26.6 0 -9999.9 1 -9999.9 1 -9999.9 1 -9999.9 1   266.9 0 -9999.9 1
 1999 180  6 29  1 51  1.850  94.48    -3.7 0 -9999.9 1 -9999.9 1    -0.9 0   395.3 0   305.5 0   303.8 0   422.0 0   294.3 0   294.2 0     0.0 0    -0.1 0 -9999.9 1   -26.7 0 -9999.9 1 -9999.9 1 -9999.9 1 -9999.9 1   264.4 0 -9999.9 1
 1999 180  6 29  1 54  1.900  94.94    -3.8 0 -9999.9 1 -9999.9 1    -0.8 0   394.1 0   305.4 0   303.7 0   421.7 0   294.2 0   294.1 0     0.0 0    -0.2 0 -9999.9 1   -27.6 0 -9999.9 1 -9999.9 1 -9999.9 1 -9999.9 1   261.3 0 -9999.9 1
 1999 180  6 29  1 57  1.950  95.41    -4.0 0 -9999.9 1 -9999.9 1    -1.0 0   393.6 0   305.2 0   303.4 0   421.5 0   294.1 0   294.0 0     0.0 2    -0.2 0 -9999.9 1   -27.9 0 -9999.9 1 -9999.9 1 -9999.9 1 -9999.9 1   264.3 0 -9999.9 1
 1999 180  6 29  2  3  2.050  96.32    -4.1 0 -9999.9 1 -9999.9 1     0.0 0   393.9 0   305.2 0   303.4 0   421.9 0   294.1 0   294.1 0     0.0 2    -0.2 0 -9999.9 1   -28.0 0 -9999.9 1 -9999.9 1 -9999.9 1 -9999.9 1   269.1 0 -9999.9 1
 1999 180  6 29  2  6  2.100  96.77    -4.1 0 -9999.9 1 -9999.9 1     0.3 0   392.5 0   305.1 0   303.4 0   421.7 0   294.1 0   294.0 0     0.0 2    -0.2 0 -9999.9 1   -29.2 0 -9999.9 1 -9999.9 1 -9999.9 1 -9999.9 1   273.8 0 -9999.9 1
 1999 180  6 29  2  9  2.150  97.22    -4.0 0 -9999.9 1 -9999.9 1     0.5 0   391.3 0   305.0 0   303.3 0   421.0 0   294.0 0   293.9 0     0.0 2    -0.1 0 -9999.9 1   -29.6 0 -9999.9 1 -9999.9 1 -9999.9 1 -9999.9 1   276.0 0 -9999.9 1
 1999 180  6 29  2 12  2.200  97.67    -4.2 0 -9999.9 1 -9999.9 1     0.7 0   392.2 0   304.9 0   303.1 0   421.1 0   294.0 0   293.9 0     0.0 2    -0.2 0 -9999.9 1   -29.0 0 -9999.9 1 -9999.9 1 -9999.9 1 -9999.9 1   277.8 0 -9999.9 1
 1999 180  6 29  2 18  2.300  98.55    -4.4 0 -9999.9 1 -9999.9 1     1.3 0   392.1 0   304.8 0   303.0 0   421.5 0   294.0 0   294.0 0     0.0 2    -0.2 0 -9999.9 1   -29.4 0 -9999.9 1 -9999.9 1 -9999.9 1 -9999.9 1   277.4 0 -9999.9 1
 1999 180  6 29  2 21  2.350  98.99    -4.5 0 -9999.9 1 -9999.9 1     1.1 0   391.3 0   304.7 0   302.8 0   421.1 0   294.0 0   293.9 0     0.0 2    -0.1 0 -9999.9 1   -29.8 0 -9999.9 1 -9999.9 1 -9999.9 1 -9999.9 1   275.5 0 -9999.9 1
 1999 180  6 29  2 24  2.400  99.42    -4.5 0 -9999.9 1 -9999.9 1     1.0 0   389.5 0   304.5 0   302.7 0   420.7 0   294.0 0   293.9 0     0.0 2    -0.2 0 -9999.9 1   -31.2 0 -9999.9 1 -9999.9 1 -9999.9 1 -9999.9 1   266.7 0 -9999.9 1
 1999 180  6 29  2 27  2.450  99.85    -4.6 0 -9999.9 1 -9999.9 1     1.5 0   395.0 0   304.5 0   302.6 0   422.1 0   294.1 0   294.1 0     0.0 2    -0.2 0 -9999.9 1   -27.2 0 -9999.9 1 -9999.9 1 -9999.9 1 -9999.9 1   269.4 0 -9999.9 1
 1999 180  6 29  2 33  2.550 100.69    -4.7 0 -9999.9 1 -9999.9 1     1.6 0   394.8 0   304.3 0   302.5 0   421.0 0   294.1 0   294.0 0     0.0 2    -0.2 0 -9999.9 1   -26.2 0 -9999.9 1 -9999.9 1 -9999.9 1 -9999.9 1   272.4 0 -9999.9 1
 1999 180  6 29  2 36  2.600 101.11    -4.5 0 -9999.9 1 -9999.9 1     1.6 0   397.1 0   304.3 0   302.6 0   421.8 0   294.3 0   294.2 0     0.0 0    -0.2 0 -9999.9 1   -24.7 0 -9999.9 1 -9999.9 1 -9999.9 1 -9999.9 1   273.1 0 -9999.9 1
 1999 180  6 29  2 39  2.650 101.52    -4.5 0 -9999.9 1 -9999.9 1     1.5 0   398.4 0   304.4 0   302.6 0   422.4 0   294.4 0   294.3 0     0.0 0    -0.2 0 -9999.9 1   -24.1 0 -9999.9 1 -9999.9 1 -9999.9 1 -9999.9 1   271.1 0 -9999.9 1
 1999 180  6 29  2 42  2.700 101.93    -4.5 0 -9999.9 1 -9999.9 1     1.9 0   398.5 0   304.4 0   302.6 0   423.2 0   294.4 0   294.4 0     0.0 0    -0.1 0 -9999.9 1   -24.7 0 -9999.9 1 -9999.9 1 -9999.9 1 -9999.9 1   270.6 0 -9999.9 1
 1999 180  6 29  2 48  2.800 102.74    -4.4 0 -9999.9 1 -9999.9 1     1.6 0   397.4 0   304.2 0   302.3 0   421.9 0   294.3 0   294.2 0     0.0 0    -0.2 0 -9999.9 1   -24.5 0 -9999.9 1 -9999.9 1 -9999.9 1 -9999.9 1   266.1 0 -9999.9 1
 1999 180  6 29  2 51  2.850 103.13    -4.5 0 -9999.9 1 -9999.9 1     1.3 0   398.5 0   304.2 0   302.5 0   422.2 0   294.4 0   294.3 0     0.0 0    -0.2 0 -9999.9 1   -23.7 0 -9999.9 1 -9999.9 1 -9999.9 1 -9999.9 1   270.2 0 -9999.9 1
 1999 180  6 29  2 54  2.900 103.53    -4.3 0 -9999.9 1 -9999.9 1     1.4 0   395.7 0   304.0 0   302.4 0   421.0 0   294.2 0   294.1 0     0.0 0    -0.2 0 -9999.9 1   -25.3 0 -9999.9 1 -9999.9 1 -9999.9 1 -9999.9 1   268.5 0 -9999.9 1
 1999 180  6 29  2 57  2.950 103.92    -4.2 0 -9999.9 1 -9999.9 1     1.6 0   393.4 0   303.9 0   302.3 0   420.2 0   294.1 0   294.0 0     0.0 0    -0.2 0 -9999.9 1   -26.7 0 -9999.9 1 -9999.9 1 -9999.9 1 -9999.9 1   272.8 0 -9999.9 1
 1999 180  6 29  3  3  3.050 104.68    -4.3 0 -9999.9 1 -9999.9 1     1.1 0   392.1 0   303.7 0   302.0 0   419.4 0   293.8 0   293.8 0     0.0 2    -0.2 0 -9999.9 1   -27.3 0 -9999.9 1 -9999.9 1 -9999.9 1 -9999.9 1   280.4 0 -9999.9 1
 1999 180  6 29  3  6  3.100 105.06    -4.3 0 -9999.9 1 -9999.9 1     1.4 0   392.6 0   303.5 0   301.9 0   418.9 0   293.7 0   293.6 0     0.0 2    -0.2 0 -9999.9 1   -26.3 0 -9999.9 1 -9999.9 1 -9999.9 1 -9999.9 1   282.4 0 -9999.9 1
 1999 180  6 29  3  9  3.150 105.43    -4.3 0 -9999.9 1 -9999.9 1     1.8 0   393.3 0   303.5 0   301.8 0   418.4 0   293.6 0   293.5 0     0.0 2    -0.2 0 -9999.9 1   -25.1 0 -9999.9 1 -9999.9 1 -9999.9 1 -9999.9 1   283.1 0 -9999.9 1
 1999 180  6 29  3 12  3.200 105.79    -4.3 0 -9999.9 1 -9999.9 1     1.5 0   392.4 0   303.3 0   301.7 0   417.5 0   293.4 0   293.4 0     0.0 2    -0.2 0 -9999.9 1   -25.0 0 -9999.9 1 -9999.9 1 -9999.9 1 -9999.9 1   284.1 0 -9999.9 1
 1999 180  6 29  3 18  3.300 106.51    -4.2 0 -9999.9 1 -9999.9 1     1.8 0   393.7 0   303.4 0   301.9 0   418.2 0   293.5 0   293.4 0     0.0 2    -0.2 0 -9999.9 1   -24.5 0 -9999.9 1 -9999.9 1 -9999.9 1 -9999.9 1   279.0 0 -9999.9 1
 1999 180  6 29  3 21  3.350 106.86    -4.1 0 -9999.9 1 -9999.9 1     1.7 0   393.0 0   303.4 0   301.8 0   417.9 0   293.5 0   293.4 0     0.0 2    -0.2 0 -9999.9 1   -24.9 0 -9999.9 1 -9999.9 1 -9999.9 1 -9999.9 1   279.3 0 -9999.9 1
 1999 180  6 29  3 24  3.400 107.21    -4.3 0 -9999.9 1 -9999.9 1     1.8 0   387.6 0   303.4 0   301.8 0   417.2 0   293.4 0   293.3 0     0.0 2    -0.1 0 -9999.9 1   -29.6 0 -9999.9 1 -9999.9 1 -9999.9 1 -9999.9 1   281.5 0 -9999.9 1
 1999 180  6 29  3 27  3.450 107.55    -4.3 0 -9999.9 1 -9999.9 1     1.8 0   379.3 0   303.5 0   301.8 0   416.7 0   293.5 0   293.4 0     0.0 2    -0.2 0 -9999.9 1   -37.4 0 -9999.9 1 -9999.9 1 -9999.9 1 -9999.9 1   284.4 0 -9999.9 1
 1999 180  6 29  3 33  3.550 108.22    -4.5 0 -9999.9 1 -9999.9 1     1.4 0   365.0 0   303.7 0   302.0 0   416.6 0   293.7 0   293.6 0     0.0 0    -0.2 0 -9999.9 1   -51.6 0 -9999.9 1 -9999.9 1 -9999.9 1 -9999.9 1   282.5 0 -9999.9 1
 1999 180  6 29  3 36  3.600 108.54    -4.4 0 -9999.9 1 -9999.9 1     1.1 0   357.1 0   303.7 0   302.1 0   415.1 0   293.7 0   293.6 0     0.0 0    -0.2 0 -9999.9 1   -58.1 0 -9999.9 1 -9999.9 1 -9999.9 1 -9999.9 1   280.7 0 -9999.9 1
 1999 180  6 29  3 39  3.650 108.87    -4.4 0 -9999.9 1 -9999.9 1     0.3 0   351.0 0   303.6 0   301.9 0   413.8 0   293.5 0   293.4 0     0.0 0    -0.2 0 -9999.9 1   -62.8 0 -9999.9 1 -9999.9 1 -9999.9 1 -9999.9 1   277.3 0 -9999.9 1
 1999 180  6 29  3 42  3.700 109.18    -4.4 0 -9999.9 1 -9999.9 1     0.3 0   348.1 0   303.5 0   301.8 0   413.1 0   293.4 0   293.3 0     0.0 2    -0.2 0 -9999.9 1   -65.0 0 -9999.9 1 -9999.9 1 -9999.9 1 -9999.9 1   273.6 0 -9999.9 1
 1999 180  6 29  3 48  3.800 109.80    -4.3 0 -9999.9 1 -9999.9 1     0.2 0   357.5 0   303.4 0   301.8 0   413.0 0   293.3 0   293.2 0     0.0 0    -0.2 0 -9999.9 1   -55.6 0 -9999.9 1 -9999.9 1 -9999.9 1 -9999.9 1   281.5 0 -9999.9 1
 1999 180  6 29  3 51  3.850 110.09    -4.3 0 -9999.9 1 -9999.9 1     0.4 0   368.0 0   303.4 0   301.7 0   413.7 0   293.2 0   293.1 0     0.0 0    -0.2 0 -9999.9 1   -45.7 0 -9999.9 1 -9999.9 1 -9999.9 1 -9999.9 1   283.9 0 -9999.9 1
 1999 180  6 29  3 54  3.900 110.39    -4.3 0 -9999.9 1 -9999.9 1     1.0 0   379.3 0   303.4 0   301.7 0   414.8 0   293.2 0   293.1 0     0.0 0    -0.2 0 -9999.9 1   -35.5 0 -9999.9 1 -9999.9 1 -9999.9 1 -9999.9 1   286.4 0 -9999.9 1
 1999 180  6 29  3 57  3.950 110.68    -4.1 0 -9999.9 1 -9999.9 1     0.9 0   388.0 0   303.4 0   301.8 0   415.2 0   293.1 0   293.0 0     0.0 0    -0.2 0 -9999.9 1   -27.3 0 -9999.9 1 -9999.9 1 -9999.9 1 -9999.9 1   291.8 0 -9999.9 1
 1999 180  6 29  4  3  4.050 111.23    -4.0 0 -9999.9 1 -9999.9 1     1.5 0   388.5 0   303.3 0   301.7 0   415.6 0   292.9 0   292.9 0     0.0 0    -0.1 0 -9999.9 1   -27.1 0 -9999.9 1 -9999.9 1 -9999.9 1 -9999.9 1   290.6 0 -9999.9 1
 1999 180  6 29  4  6  4.100 111.50    -4.0 0 -9999.9 1 -9999.9 1     1.5 0   391.3 0   303.4 0   301.7 0   416.3 0   292.9 0   292.9 0     0.0 0    -0.2 0 -9999.9 1   -24.9 0 -9999.9 1 -9999.9 1 -9999.9 1 -9999.9 1   288.4 0 -9999.9 1
 1999 180  6 29  4  9  4.150 111.77    -4.2 0 -9999.9 1 -9999.9 1     1.9 0   404.3 0   303.5 0   301.8 0   418.2 0   293.1 0   293.0 0     0.0 0    -0.2 0 -9999.9 1   -13.9 0 -9999.9 1 -9999.9 1 -9999.9 1 -9999.9 1   299.3 0 -9999.9 1
 1999 180  6 29  4 12  4.200 112.02    -4.4 0 -9999.9 1 -9999.9 1     2.1 0   407.9 0   303.6 0   301.7 0   419.5 0   293.2 0   293.1 0     0.0 0    -0.2 0 -9999.9 1   -11.6 0 -9999.9 1 -9999.9 1 -9999.9 1 -9999.9 1   300.9 0 -9999.9 1
 1999 180  6 29  4 18  4.300 112.52    -4.8 0 -9999.9 1 -9999.9 1     2.5 0   401.9 0   303.4 0   301.5 0   420.0 0   293.2 0   293.2 0     0.0 0    -0.2 0 -9999.9 1   -18.2 0 -9999.9 1 -9999.9 1 -9999.9 1 -9999.9 1   312.3 0 -9999.9 1
 1999 180  6 29  4 21  4.350 112.76    -4.7 0 -9999.9 1 -9999.9 1     2.4 0   404.6 0   303.3 0   300.9 0   419.0 0   293.3 0   293.2 0     0.0 0    -0.2 0 -9999.9 1   -14.4 0 -9999.9 1 -9999.9 1 -9999.9 1 -9999.9 1   314.8 0 -9999.9 1
 1999 180  6 29  4 24  4.400 112.99    -4.8 0 -9999.9 1 -9999.9 1     2.6 0   413.3 0   302.9 0   299.5 0   415.2 0   293.2 0   293.1 0     0.0 0    -0.2 0 -9999.9 1    -1.9 0 -9999.9 1 -9999.9 1 -9999.9 1 -9999.9 1   312.3 0 -9999.9 1
 1999 180  6 29  4 27  4.450 113.22    -4.6 0 -9999.9 1 -9999.9 1     2.1 0   421.2 0   302.5 0   298.6 0   413.5 0   293.1 0   292.9 0     0.0 0    -0.1 0 -9999.9 1     0.0 0 -9999.9 1 -9999.9 1 -9999.9 1 -9999.9 1   321.9 0 -9999.9 1
 1999 180  6 29  4 33  4.550 113.65    -3.3 0 -9999.9 1 -9999.9 1     1.7 0   425.1 0   301.6 0   297.7 0   411.4 0   292.8 0   292.6 0     0.0 0    -0.2 0 -9999.9 1     0.0 0 -9999.9 1 -9999.9 1 -9999.9 1 -9999.9 1   322.8 0 -9999.9 1
 1999 180  6 29  4 36  4.600 113.86    -3.9 0 -9999.9 1 -9999.9 1     1.1 0   422.0 0   301.1 0   297.6 0   411.4 0   292.6 0   292.4 0     0.0 0    -0.1 0 -9999.9 1     0.0 0 -9999.9 1 -9999.9 1 -9999.9 1 -9999.9 1   315.2 0 -9999.9 1
 1999 180  6 29  4 39  4.650 114.06    -4.7 0 -9999.9 1 -9999.9 1     1.2 0   418.1 0   300.8 0   297.7 0   412.6 0   292.5 0   292.4 0     0.0 0    -0.2 0 -9999.9 1     0.0 0 -9999.9 1 -9999.9 1 -9999.9 1 -9999.9 1   308.2 0 -9999.9 1
 1999 180  6 29  4 42  4.700 114.25    -5.0 0 -9999.9 1 -9999.9 1     1.9 0   415.9 0   300.6 0   297.8 0   413.8 0   292.4 0   292.3 0     0.0 0    -0.2 0 -9999.9 1     0.0 0 -9999.9 1 -9999.9 1 -9999.9 1 -9999.9 1   302.4 0 -9999.9 1
 1999 180  6 29  4 48  4.800 114.61    -5.3 0 -9999.9 1 -9999.9 1     1.9 0   413.4 0   300.0 0   297.5 0   414.0 0   292.2 0   292.2 0     0.0 0    -0.2 0 -9999.9 1    -0.6 0 -9999.9 1 -9999.9 1 -9999.9 1 -9999.9 1   303.6 0 -9999.9 1
 1999 180  6 29  4 51  4.850 114.78    -5.6 0 -9999.9 1 -9999.9 1     2.0 0   412.8 0   299.9 0   297.4 0   414.3 0   292.2 0   292.1 0     0.0 0    -0.2 0 -9999.9 1    -1.5 0 -9999.9 1 -9999.9 1 -9999.9 1 -9999.9 1   302.4 0 -9999.9 1
 1999 180  6 29  4 54  4.900 114.95    -5.5 0 -9999.9 1 -9999.9 1     2.0 0   414.6 0   299.6 0   297.1 0   413.8 0   292.0 0   292.0 0     0.0 0    -0.2 0 -9999.9 1     0.0 0 -9999.9 1 -9999.9 1 -9999.9 1 -9999.9 1   303.3 0 -9999.9 1
 1999 180  6 29  4 57  4.950 115.11    -5.1 0 -9999.9 1 -9999.9 1     2.0 0   417.2 0   299.4 0   296.9 0   413.8 0   292.0 0   292.0 0     0.0 0    -0.2 0 -9999.9 1     0.0 0 -9999.9 1 -9999.9 1 -9999.9 1 -9999.9 1   302.1 0 -9999.9 1
 1999 180  6 29  5  3  5.050 115.40    -5.4 0 -9999.9 1 -9999.9 1     2.3 0   418.4 0   299.1 0   296.6 0   414.3 0   292.0 0   291.9 0     0.0 0    -0.1 0 -9999.9 1     0.0 0 -9999.9 1 -9999.9 1 -9999.9 1 -9999.9 1   298.4 0 -9999.9 1
 1999 180  6 29  5  6  5.100 115.54    -5.8 0 -9999.9 1 -9999.9 1     2.4 0   415.9 0   298.9 0   296.5 0   413.6 0   291.9 0   291.8 0     0.0 0    -0.2 0 -9999.9 1     0.0 0 -9999.9 1 -9999.9 1 -9999.9 1 -9999.9 1   295.7 0 -9999.9 1
 1999 180  6 29  5  9  5.150 115.66    -6.0 0 -9999.9 1 -9999.9 1     2.6 0   414.8 0   298.7 0   296.5 0   413.3 0   291.8 0   291.7 0     0.0 0    -0.2 0 -9999.9 1     0.0 0 -9999.9 1 -9999.9 1 -9999.9 1 -9999.9 1   293.6 0 -9999.9 1
 1999 180  6 29  5 12  5.200 115.79    -5.8 0 -9999.9 1 -9999.9 1     3.2 0   413.3 0   298.5 0   296.0 0   412.3 0   291.7 0   291.6 0     0.0 0    -0.1 0 -9999.9 1     0.0 0 -9999.9 1 -9999.9 1 -9999.9 1 -9999.9 1   302.0 0 -9999.9 1
 1999 180  6 29  5 18  5.300 116.01    -5.7 0 -9999.9 1 -9999.9 1     2.2 0   411.9 0   298.4 0   295.9 0   411.3 0   291.6 0   291.6 0     0.0 0    -0.2 0 -9999.9 1     0.0 0 -9999.9 1 -9999.9 1 -9999.9 1 -9999.9 1   321.1 0 -9999.9 1
 1999 180  6 29  5 21  5.350 116.10    -6.2 0 -9999.9 1 -9999.9 1     1.7 0   409.0 0   298.3 0   296.0 0   410.5 0   291.5 0   291.4 0     0.0 2    -0.2 0 -9999.9 1    -1.5 0 -9999.9 1 -9999.9 1 -9999.9 1 -9999.9 1   322.7 0 -9999.9 1
 1999 180  6 29  5 24  5.400 116.20    -6.2 0 -9999.9 1 -9999.9 1     1.1 0   406.7 0   298.4 0   296.2 0   410.9 0   291.6 0   291.5 0     0.0 0    -0.2 0 -9999.9 1    -4.2 0 -9999.9 1 -9999.9 1 -9999.9 1 -9999.9 1   335.1 0 -9999.9 1
 1999 180  6 29  5 27  5.450 116.28    -6.4 0 -9999.9 1 -9999.9 1     0.4 0   402.0 0   298.3 0   296.0 0   409.2 0   291.4 0   291.3 0     0.0 2    -0.2 0 -9999.9 1    -7.2 0 -9999.9 1 -9999.9 1 -9999.9 1 -9999.9 1   339.7 0 -9999.9 1
 1999 180  6 29  5 33  5.550 116.43    -6.8 0 -9999.9 1 -9999.9 1    -0.5 0   389.1 0   298.4 0   296.3 0   407.7 0   291.3 0   291.2 0     0.0 2    -0.1 0 -9999.9 1   -18.7 0 -9999.9 1 -9999.9 1 -9999.9 1 -9999.9 1   331.6 0 -9999.9 1
 1999 180  6 29  5 36  5.600 116.49    -6.7 0 -9999.9 1 -9999.9 1    -0.5 0   390.1 0   298.3 0   296.3 0   407.2 0   291.2 0   291.1 0     0.0 2    -0.1 0 -9999.9 1   -17.1 0 -9999.9 1 -9999.9 1 -9999.9 1 -9999.9 1   324.1 0 -9999.9 1
 1999 180  6 29  5 39  5.650 116.54    -6.8 0 -9999.9 1 -9999.9 1    -0.5 0   391.4 0   298.3 0   296.4 0   407.0 0   291.1 0   291.1 0     0.0 2    -0.2 0 -9999.9 1   -15.5 0 -9999.9 1 -9999.9 1 -9999.9 1 -9999.9 1   322.8 0 -9999.9 1
 1999 180  6 29  5 42  5.700 116.59    -6.5 0 -9999.9 1 -9999.9 1    -0.5 0   387.3 0   298.3 0   296.3 0   406.3 0   291.1 0   291.1 0     0.0 2    -0.2 0 -9999.9 1   -19.0 0 -9999.9 1 -9999.9 1 -9999.9 1 -9999.9 1   326.5 0 -9999.9 1
 1999 180  6 29  5 48  5.800 116.65    -6.6 0 -9999.9 1 -9999.9 1    -0.9 0   383.9 0   298.4 0   296.6 0   405.3 0   291.1 0   291.1 0     0.0 2    -0.2 0 -9999.9 1   -21.4 0 -9999.9 1 -9999.9 1 -9999.9 1 -9999.9 1   330.8 0 -9999.9 1
 1999 180  6 29  5 51  5.850 116.68    -6.4 0 -9999.9 1 -9999.9 1    -1.0 0   378.7 0   298.4 0   296.5 0   404.6 0   291.0 0   291.0 0     0.0 2    -0.2 0 -9999.9 1   -25.9 0 -9999.9 1 -9999.9 1 -9999.9 1 -9999.9 1   334.7 0 -9999.9 1
 1999 180  6 29  5 54  5.900 116.69    -6.4 0 -9999.9 1 -9999.9 1    -1.4 0   375.7 0   298.4 0   296.7 0   404.3 0   291.0 0   290.9 0     0.0 2    -0.2 0 -9999.9 1   -28.6 0 -9999.9 1 -9999.9 1 -9999.9 1 -9999.9 1   334.7 0 -9999.9 1
 1999 180  6 29  5 57  5.950 116.70    -6.2 0 -9999.9 1 -9999.9 1    -1.1 0   381.0 0   298.6 0   296.8 0   405.2 0   291.0 0   291.0 0     0.0 0    -0.1 0 -9999.9 1   -24.2 0 -9999.9 1 -9999.9 1 -9999.9 1 -9999.9 1   337.6 0 -9999.9 1
 1999 180  6 29  6  3  6.050 116.69    -6.4 0 -9999.9 1 -9999.9 1    -1.4 0   384.9 0   298.6 0   296.9 0   405.0 0   291.0 0   290.9 0     0.0 0    -0.1 0 -9999.9 1   -20.1 0 -9999.9 1 -9999.9 1 -9999.9 1 -9999.9 1   336.2 0 -9999.9 1
 1999 180  6 29  6  6  6.100 116.67    -6.2 0 -9999.9 1 -9999.9 1    -1.7 0   388.2 0   298.6 0   296.9 0   405.1 0   290.9 0   290.9 0     0.0 0    -0.2 0 -9999.9 1   -16.9 0 -9999.9 1 -9999.9 1 -9999.9 1 -9999.9 1   333.4 0 -9999.9 1
 1999 180  6 29  6  9  6.150 116.65    -6.1 0 -9999.9 1 -9999.9 1    -1.6 0   391.1 0   298.7 0   297.0 0   405.2 0   290.9 0   290.8 0     0.0 0    -0.2 0 -9999.9 1   -14.1 0 -9999.9 1 -9999.9 1 -9999.9 1 -9999.9 1   330.9 0 -9999.9 1
 1999 180  6 29  6 12  6.200 116.62    -6.2 0 -9999.9 1 -9999.9 1    -1.5 0   390.6 0   298.6 0   297.0 0   404.8 0   290.8 0   290.7 0     0.0 0    -0.2 0 -9999.9 1   -14.1 0 -9999.9 1 -9999.9 1 -9999.9 1 -9999.9 1   330.5 0 -9999.9 1
 1999 180  6 29  6 18  6.300 116.53    -5.7 0 -9999.9 1 -9999.9 1    -1.5 0   389.8 0   298.6 0   297.0 0   404.5 0   290.7 0   290.6 0     0.0 0    -0.1 0 -9999.9 1   -14.7 0 -9999.9 1 -9999.9 1 -9999.9 1 -9999.9 1   335.6 0 -9999.9 1
 1999 180  6 29  6 21  6.350 116.48    -5.4 0 -9999.9 1 -9999.9 1    -1.2 0   388.7 0   298.6 0   297.0 0   403.9 0   290.6 0   290.6 0     0.0 2    -0.2 0 -9999.9 1   -15.2 0 -9999.9 1 -9999.9 1 -9999.9 1 -9999.9 1   342.5 0 -9999.9 1
 1999 180  6 29  6 24  6.400 116.42    -5.3 0 -9999.9 1 -9999.9 1    -1.5 0   388.8 0   298.6 0   296.9 0   403.0 0   290.6 0   290.5 0     0.0 2    -0.2 0 -9999.9 1   -14.3 0 -9999.9 1 -9999.9 1 -9999.9 1 -9999.9 1   340.8 0 -9999.9 1
 1999 180  6 29  6 27  6.450 116.35    -5.2 0 -9999.9 1 -9999.9 1    -1.8 0   388.0 0   298.6 0   296.9 0   402.1 0   290.5 0   290.4 0     0.0 2    -0.2 0 -9999.9 1   -14.1 0 -9999.9 1 -9999.9 1 -9999.9 1 -9999.9 1   344.0 0 -9999.9 1
 1999 180  6 29  6 33  6.550 116.19    -5.0 0 -9999.9 1 -9999.9 1    -1.7 0   384.2 0   298.6 0   297.1 0   402.1 0   290.5 0   290.4 0     0.0 2    -0.2 0 -9999.9 1   -17.9 0 -9999.9 1 -9999.9 1 -9999.9 1 -9999.9 1   342.4 0 -9999.9 1
 1999 180  6 29  6 36  6.600 116.09    -4.8 0 -9999.9 1 -9999.9 1    -1.6 0   384.1 0   298.7 0   297.1 0   402.5 0   290.5 0   290.4 0     0.0 0    -0.2 0 -9999.9 1   -18.4 0 -9999.9 1 -9999.9 1 -9999.9 1 -9999.9 1   346.0 0 -9999.9 1
 1999 180  6 29  6 39  6.650 115.99    -4.7 0 -9999.9 1 -9999.9 1    -1.6 0   382.2 0   298.7 0   297.2 0   402.3 0   290.5 0   290.4 0     0.0 0    -0.2 0 -9999.9 1   -20.2 0 -9999.9 1 -9999.9 1 -9999.9 1 -9999.9 1   347.7 0 -9999.9 1
 1999 180  6 29  6 42  6.700 115.89    -4.6 0 -9999.9 1 -9999.9 1    -1.4 0   376.0 0   298.7 0   297.1 0   401.7 0   290.4 0   290.3 0     0.0 0    -0.2 0 -9999.9 1   -25.7 0 -9999.9 1 -9999.9 1 -9999.9 1 -9999.9 1   346.0 0 -9999.9 1
 1999 180  6 29  6 48  6.800 115.65    -4.6 0 -9999.9 1 -9999.9 1    -1.9 0   353.0 0   298.7 0   297.2 0   400.4 0   290.3 0   290.3 0     0.0 0    -0.2 0 -9999.9 1   -47.4 0 -9999.9 1 -9999.9 1 -9999.9 1 -9999.9 1   340.2 0 -9999.9 1
 1999 180  6 29  6 51  6.850 115.52    -4.8 0 -9999.9 1 -9999.9 1    -2.2 0   348.1 0   298.7 0   297.2 0   399.5 0   290.2 0   290.1 0     0.0 0    -0.2 0 -9999.9 1   -51.4 0 -9999.9 1 -9999.9 1 -9999.9 1 -9999.9 1   333.5 0 -9999.9 1
 1999 180  6 29  6 54  6.900 115.38    -4.9 0 -9999.9 1 -9999.9 1    -2.4 0   340.4 0   298.8 0   297.3 0   399.7 0   290.2 0   290.2 0     0.0 0    -0.2 0 -9999.9 1   -59.4 0 -9999.9 1 -9999.9 1 -9999.9 1 -9999.9 1   330.3 0 -9999.9 1
 1999 180  6 29  6 57  6.950 115.24    -4.8 0 -9999.9 1 -9999.9 1    -2.4 0   332.2 0   298.9 0   297.3 0   399.8 0   290.3 0   290.2 0     0.0 0    -0.2 0 -9999.9 1   -67.6 0 -9999.9 1 -9999.9 1 -9999.9 1 -9999.9 1   332.1 0 -9999.9 1
 1999 180  6 29  7  3  7.050 114.93    -5.0 0 -9999.9 1 -9999.9 1    -2.5 0   354.5 0   299.0 0   297.4 0   400.4 0   290.2 0   290.1 0     0.0 0    -0.2 0 -9999.9 1   -45.9 0 -9999.9 1 -9999.9 1 -9999.9 1 -9999.9 1   332.7 0 -9999.9 1
 1999 180  6 29  7  6  7.100 114.76    -4.9 0 -9999.9 1 -9999.9 1    -2.5 0   364.3 0   299.0 0   297.5 0   400.8 0   290.1 0   290.1 0     0.0 0    -0.1 0 -9999.9 1   -36.5 0 -9999.9 1 -9999.9 1 -9999.9 1 -9999.9 1   335.7 0 -9999.9 1
 1999 180  6 29  7  9  7.150 114.59    -4.2 0 -9999.9 1 -9999.9 1    -2.4 0   379.4 0   299.2 0   297.8 0   401.9 0   290.2 0   290.1 0     0.0 0    -0.1 0 -9999.9 1   -22.5 0 -9999.9 1 -9999.9 1 -9999.9 1 -9999.9 1   337.8 0 -9999.9 1
 1999 180  6 29  7 12  7.200 114.41    -4.1 0 -9999.9 1 -9999.9 1    -2.2 0   385.9 0   299.1 0   297.7 0   402.1 0   290.0 0   290.0 0     0.0 0    -0.2 0 -9999.9 1   -16.2 0 -9999.9 1 -9999.9 1 -9999.9 1 -9999.9 1   340.3 0 -9999.9 1
 1999 180  6 29  7 18  7.300 114.03    -4.0 0 -9999.9 1 -9999.9 1    -1.6 0   385.1 0   299.3 0   297.8 0   402.4 0   290.0 0   290.0 0     0.0 0    -0.2 0 -9999.9 1   -17.4 0 -9999.9 1 -9999.9 1 -9999.9 1 -9999.9 1   347.4 0 -9999.9 1
 1999 180  6 29  7 21  7.350 113.83    -3.9 0 -9999.9 1 -9999.9 1    -1.5 0   388.3 0   299.5 0   297.8 0   402.7 0   290.1 0   290.1 0     0.0 0    -0.1 0 -9999.9 1   -14.4 0 -9999.9 1 -9999.9 1 -9999.9 1 -9999.9 1   358.0 0 -9999.9 1
 1999 180  6 29  7 24  7.400 113.63    -3.9 0 -9999.9 1 -9999.9 1    -1.0 0   390.0 0   299.5 0   297.8 0   401.8 0   290.2 0   290.2 0     0.0 0    -0.2 0 -9999.9 1   -11.8 0 -9999.9 1 -9999.9 1 -9999.9 1 -9999.9 1     1.5 0 -9999.9 1
 1999 180  6 29  7 27  7.450 113.41    -3.8 0 -9999.9 1 -9999.9 1    -1.0 0   390.3 0   299.5 0   297.7 0   400.5 0   290.2 0   290.2 0     0.0 0    -0.2 0 -9999.9 1   -10.1 0 -9999.9 1 -9999.9 1 -9999.9 1 -9999.9 1     3.2 0 -9999.9 1
 1999 180  6 29  7 33  7.550 112.97    -3.8 0 -9999.9 1 -9999.9 1     0.1 0   390.4 0   299.4 0   297.2 0   397.7 0   290.2 0   290.1 0     0.0 0    -0.2 0 -9999.9 1    -7.3 0 -9999.9 1 -9999.9 1 -9999.9 1 -9999.9 1    12.8 0 -9999.9 1
 1999 180  6 29  7 36  7.600 112.73    -3.8 0 -9999.9 1 -9999.9 1     0.1 0   387.6 0   299.0 0   296.9 0   395.7 0   289.9 0   289.8 0     0.0 0    -0.2 0 -9999.9 1    -8.1 0 -9999.9 1 -9999.9 1 -9999.9 1 -9999.9 1    13.7 0 -9999.9 1
 1999 180  6 29  7 39  7.650 112.49    -3.7 0 -9999.9 1 -9999.9 1    -0.5 0   384.9 0   298.7 0   296.8 0   394.6 0   289.6 0   289.5 0     0.0 0    -0.2 0 -9999.9 1    -9.7 0 -9999.9 1 -9999.9 1 -9999.9 1 -9999.9 1     8.6 0 -9999.9 1
 1999 180  6 29  7 42  7.700 112.25    -3.8 0 -9999.9 1 -9999.9 1    -0.2 0   382.6 0   298.4 0   296.4 0   393.5 0   289.3 0   289.3 0     0.0 0    -0.2 0 -9999.9 1   -10.9 0 -9999.9 1 -9999.9 1 -9999.9 1 -9999.9 1     5.8 0 -9999.9 1
 1999 180  6 29  7 48  7.800 111.74    -3.8 0 -9999.9 1 -9999.9 1    -0.6 0   380.0 0   298.0 0   296.2 0   392.7 0   289.1 0   289.0 0     0.0 2    -0.2 0 -9999.9 1   -12.7 0 -9999.9 1 -9999.9 1 -9999.9 1 -9999.9 1   358.9 0 -9999.9 1
 1999 180  6 29  7 51  7.850 111.47    -3.9 0 -9999.9 1 -9999.9 1    -0.2 0   380.9 0   297.9 0   296.0 0   392.6 0   289.0 0   289.0 0     0.0 2    -0.2 0 -9999.9 1   -11.7 0 -9999.9 1 -9999.9 1 -9999.9 1 -9999.9 1   359.3 0 -9999.9 1
 1999 180  6 29  7 54  7.900 111.20    -4.1 0 -9999.9 1 -9999.9 1    -0.2 0   381.4 0   297.9 0   296.1 0   393.2 0   289.1 0   289.1 0     0.0 0    -0.1 0 -9999.9 1   -11.8 0 -9999.9 1 -9999.9 1 -9999.9 1 -9999.9 1   357.5 0 -9999.9 1
 1999 180  6 29  7 57  7.950 110.92    -4.2 0 -9999.9 1 -9999.9 1    -0.1 0   381.8 0   297.9 0   296.0 0   393.4 0   289.1 0   289.1 0     0.0 0    -0.2 0 -9999.9 1   -11.5 0 -9999.9 1 -9999.9 1 -9999.9 1 -9999.9 1     4.7 0 -9999.9 1
 1999 180  6 29  8  3  8.050 110.35    -4.3 0 -9999.9 1 -9999.9 1    -0.1 0   380.3 0   297.6 0   295.7 0   393.1 0   289.0 0   288.9 0     0.0 0    -0.2 0 -9999.9 1   -12.8 0 -9999.9 1 -9999.9 1 -9999.9 1 -9999.9 1   359.0 0 -9999.9 1
 1999 180  6 29  8  6  8.100 110.06    -4.4 0 -9999.9 1 -9999.9 1     0.0 0   378.0 0   297.4 0   295.5 0   392.2 0   288.8 0   288.8 0     0.0 0    -0.2 0 -9999.9 1   -14.2 0 -9999.9 1 -9999.9 1 -9999.9 1 -9999.9 1     0.5 0 -9999.9 1
 1999 180  6 29  8  9  8.150 109.76    -4.4 0 -9999.9 1 -9999.9 1    -0.1 0   377.3 0   297.3 0   295.5 0   392.1 0   288.8 0   288.7 0     0.0 0    -0.2 0 -9999.9 1   -14.8 0 -9999.9 1 -9999.9 1 -9999.9 1 -9999.9 1   359.7 0 -9999.9 1
 1999 180  6 29  8 12  8.200 109.46    -4.3 0 -9999.9 1 -9999.9 1    -0.1 0   372.2 0   297.2 0   295.5 0   392.4 0   288.8 0   288.8 0     0.0 0    -0.1 0 -9999.9 1   -20.1 0 -9999.9 1 -9999.9 1 -9999.9 1 -9999.9 1   359.1 0 -9999.9 1
 1999 180  6 29  8 18  8.300 108.83    -4.2 0 -9999.9 1 -9999.9 1    -0.5 0   333.8 0   297.2 0   295.5 0   390.7 0   288.8 0   288.7 0     0.0 0    -0.2 0 -9999.9 1   -56.9 0 -9999.9 1 -9999.9 1 -9999.9 1 -9999.9 1     2.1 0 -9999.9 1
 1999 180  6 29  8 21  8.350 108.51    -4.4 0 -9999.9 1 -9999.9 1    -0.8 0   324.9 0   297.2 0   295.5 0   389.5 0   288.8 0   288.7 0     0.0 0    -0.2 0 -9999.9 1   -64.6 0 -9999.9 1 -9999.9 1 -9999.9 1 -9999.9 1     2.9 0 -9999.9 1
 1999 180  6 29  8 24  8.400 108.18    -4.4 0 -9999.9 1 -9999.9 1    -1.1 0   323.2 0   297.1 0   295.4 0   388.7 0   288.6 0   288.5 0     0.0 0    -0.2 0 -9999.9 1   -65.5 0 -9999.9 1 -9999.9 1 -9999.9 1 -9999.9 1     3.8 0 -9999.9 1
 1999 180  6 29  8 27  8.450 107.85    -4.5 0 -9999.9 1 -9999.9 1    -1.2 0   327.3 0   297.0 0   295.2 0   388.5 0   288.5 0   288.4 0     0.0 0    -0.1 0 -9999.9 1   -61.2 0 -9999.9 1 -9999.9 1 -9999.9 1 -9999.9 1   354.9 0 -9999.9 1
 1999 180  6 29  8 33  8.550 107.17    -4.4 0 -9999.9 1 -9999.9 1    -1.2 0   352.0 0   296.9 0   295.1 0   389.6 0   288.4 0   288.3 0     0.0 0    -0.2 0 -9999.9 1   -37.6 0 -9999.9 1 -9999.9 1 -9999.9 1 -9999.9 1     2.1 0 -9999.9 1
 1999 180  6 29  8 36  8.600 106.82    -4.5 0 -9999.9 1 -9999.9 1    -0.6 0   357.3 0   296.8 0   295.1 0   389.4 0   288.3 0   288.2 0     0.0 0    -0.2 0 -9999.9 1   -32.1 0 -9999.9 1 -9999.9 1 -9999.9 1 -9999.9 1   359.4 0 -9999.9 1
 1999 180  6 29  8 39  8.650 106.47    -4.3 0 -9999.9 1 -9999.9 1    -0.3 0   354.9 0   296.6 0   294.9 0   388.5 0   288.1 0   288.0 0     0.0 0    -0.2 0 -9999.9 1   -33.6 0 -9999.9 1 -9999.9 1 -9999.9 1 -9999.9 1     0.7 0 -9999.9 1
 1999 180  6 29  8 42  8.700 106.11    -4.4 0 -9999.9 1 -9999.9 1    -0.5 0   352.0 0   296.6 0   295.0 0   388.2 0   288.1 0   288.0 0     0.0 0    -0.2 0 -9999.9 1   -36.2 0 -9999.9 1 -9999.9 1 -9999.9 1 -9999.9 1   356.7 0 -9999.9 1
 1999 180  6 29  8 48  8.800 105.38    -4.5 0 -9999.9 1 -9999.9 1    -0.8 0   351.5 0   296.6 0   294.8 0   388.5 0   288.0 0   287.9 0     0.0 0    -0.2 0 -9999.9 1   -36.9 0 -9999.9 1 -9999.9 1 -9999.9 1 -9999.9 1   349.2 0 -9999.9 1
 1999 180  6 29  8 51  8.850 105.01    -4.5 0 -9999.9 1 -9999.9 1    -0.9 0   359.2 0   296.5 0   294.9 0   388.5 0   288.0 0   287.9 0     0.0 0    -0.2 0 -9999.9 1   -29.3 0 -9999.9 1 -9999.9 1 -9999.9 1 -9999.9 1   350.6 0 -9999.9 1
 1999 180  6 29  8 54  8.900 104.64    -4.4 0 -9999.9 1 -9999.9 1    -0.8 0   361.7 0   296.5 0   294.8 0   388.4 0   287.9 0   287.8 0     0.0 0    -0.2 0 -9999.9 1   -26.7 0 -9999.9 1 -9999.9 1 -9999.9 1 -9999.9 1   347.3 0 -9999.9 1
 1999 180  6 29  8 57  8.950 104.26    -4.3 0 -9999.9 1 -9999.9 1    -0.5 0   331.6 0   296.3 0   294.7 0   386.4 0   287.7 0   287.7 0     0.0 0    -0.3 0 -9999.9 1   -54.8 0 -9999.9 1 -9999.9 1 -9999.9 1 -9999.9 1   350.8 0 -9999.9 1
 1999 180  6 29  9  3  9.050 103.48    -4.7 0 -9999.9 1 -9999.9 1    -1.6 0   295.3 0   296.4 0   294.6 0   382.8 0   287.7 0   287.6 0     0.0 0    -0.2 0 -9999.9 1   -87.5 0 -9999.9 1 -9999.9 1 -9999.9 1 -9999.9 1   347.7 0 -9999.9 1
 1999 180  6 29  9  6  9.100 103.09    -4.6 0 -9999.9 1 -9999.9 1    -2.4 0   293.9 0   296.3 0   294.5 0   381.5 0   287.5 0   287.4 0     0.0 0    -0.2 0 -9999.9 1   -87.6 0 -9999.9 1 -9999.9 1 -9999.9 1 -9999.9 1   347.3 0 -9999.9 1
 1999 180  6 29  9  9  9.150 102.69    -4.7 0 -9999.9 1 -9999.9 1    -2.4 0   293.8 0   296.3 0   294.4 0   381.5 0   287.4 0   287.3 0     0.0 0    -0.1 0 -9999.9 1   -87.6 0 -9999.9 1 -9999.9 1 -9999.9 1 -9999.9 1   343.9 0 -9999.9 1
 1999 180  6 29  9 12  9.200 102.29    -4.6 0 -9999.9 1 -9999.9 1    -2.4 0   294.1 0   296.3 0   294.5 0   381.2 0   287.4 0   287.2 0     0.0 0    -0.2 0 -9999.9 1   -87.2 0 -9999.9 1 -9999.9 1 -9999.9 1 -9999.9 1   347.2 0 -9999.9 1
 1999 180  6 29  9 18  9.300 101.47    -4.5 0 -9999.9 1 -9999.9 1    -2.4 0   294.1 0   296.3 0   294.4 0   381.2 0   287.2 0   287.1 0     0.0 0    -0.2 0 -9999.9 1   -87.1 0 -9999.9 1 -9999.9 1 -9999.9 1 -9999.9 1   352.4 0 -9999.9 1
 1999 180  6 29  9 21  9.350 101.06    -4.6 0 -9999.9 1 -9999.9 1    -2.4 0   294.6 0   296.2 0   294.4 0   381.0 0   287.2 0   287.1 0     0.0 0    -0.1 0 -9999.9 1   -86.4 0 -9999.9 1 -9999.9 1 -9999.9 1 -9999.9 1   350.4 0 -9999.9 1
 1999 180  6 29  9 24  9.400 100.64    -4.7 0 -9999.9 1 -9999.9 1    -2.2 0   292.9 0   296.1 0   294.2 0   380.5 0   286.9 0   286.9 0     0.0 0    -0.1 0 -9999.9 1   -87.6 0 -9999.9 1 -9999.9 1 -9999.9 1 -9999.9 1   346.8 0 -9999.9 1
 1999 180  6 29  9 27  9.450 100.22    -4.7 0 -9999.9 1 -9999.9 1    -2.3 0   292.5 0   296.0 0   294.2 0   380.1 0   286.9 0   286.8 0     0.0 0    -0.1 0 -9999.9 1   -87.6 0 -9999.9 1 -9999.9 1 -9999.9 1 -9999.9 1   349.7 0 -9999.9 1
 1999 180  6 29  9 33  9.550  99.37    -4.7 0 -9999.9 1 -9999.9 1    -2.4 0   293.4 0   296.0 0   294.3 0   380.2 0   286.8 0   286.7 0     0.0 0    -0.2 0 -9999.9 1   -86.8 0 -9999.9 1 -9999.9 1 -9999.9 1 -9999.9 1   349.6 0 -9999.9 1
 1999 180  6 29  9 36  9.600  98.93    -4.7 0 -9999.9 1 -9999.9 1    -2.0 0   292.3 0   295.9 0   294.2 0   379.8 0   286.7 0   286.6 0     0.0 0    -0.2 0 -9999.9 1   -87.5 0 -9999.9 1 -9999.9 1 -9999.9 1 -9999.9 1   353.5 0 -9999.9 1
 1999 180  6 29  9 39  9.650  98.50    -4.7 0 -9999.9 1 -9999.9 1    -2.1 0   291.5 0   295.9 0   294.1 0   379.4 0   286.6 0   286.5 0     0.0 0    -0.2 0 -9999.9 1   -87.9 0 -9999.9 1 -9999.9 1 -9999.9 1 -9999.9 1   355.7 0 -9999.9 1
 1999 180  6 29  9 42  9.700  98.06    -4.8 0 -9999.9 1 -9999.9 1    -2.1 0   292.7 0   295.9 0   294.2 0   379.8 0   286.6 0   286.5 0     0.0 0    -0.1 0 -9999.9 1   -87.1 0 -9999.9 1 -9999.9 1 -9999.9 1 -9999.9 1   355.8 0 -9999.9 1
 1999 180  6 29  9 48  9.800  97.17    -4.9 0 -9999.9 1 -9999.9 1    -2.4 0   290.2 0   295.6 0   293.9 0   378.3 0   286.3 0   286.2 0     0.0 0    -0.2 0 -9999.9 1   -88.1 0 -9999.9 1 -9999.9 1 -9999.9 1 -9999.9 1   351.1 0 -9999.9 1
 1999 180  6 29  9 51  9.850  96.72    -4.6 0 -9999.9 1 -9999.9 1    -2.3 0   291.6 0   295.7 0   294.0 0   378.4 0   286.4 0   286.3 0     0.0 0    -0.3 0 -9999.9 1   -86.8 0 -9999.9 1 -9999.9 1 -9999.9 1 -9999.9 1   352.9 0 -9999.9 1
 1999 180  6 29  9 54  9.900  96.27    -4.7 0 -9999.9 1 -9999.9 1    -2.2 0   291.3 0   295.7 0   293.9 0   377.7 0   286.2 0   286.1 0     0.0 0    -0.2 0 -9999.9 1   -86.5 0 -9999.9 1 -9999.9 1 -9999.9 1 -9999.9 1   356.9 0 -9999.9 1
 1999 180  6 29  9 57  9.950  95.81    -4.8 0 -9999.9 1 -9999.9 1    -2.6 0   291.2 0   295.7 0   294.0 0   377.9 0   286.2 0   286.1 0     0.0 0    -0.2 0 -9999.9 1   -86.7 0 -9999.9 1 -9999.9 1 -9999.9 1 -9999.9 1   351.3 0 -9999.9 1
 1999 180  6 29 10  3 10.050  94.89    -4.7 0 -9999.9 1 -9999.9 1    -2.6 0   289.0 0   295.7 0   294.0 0   377.2 0   286.1 0   286.0 0     0.0 0    -0.1 0 -9999.9 1   -88.2 0 -9999.9 1 -9999.9 1 -9999.9 1 -9999.9 1   356.4 0 -9999.9 1
 1999 180  6 29 10  6 10.100  94.43    -4.6 0 -9999.9 1 -9999.9 1    -2.4 0   289.8 0   295.7 0   294.0 0   377.6 0   286.1 0   286.1 0     0.0 0    -0.1 0 -9999.9 1   -87.8 0 -9999.9 1 -9999.9 1 -9999.9 1 -9999.9 1   357.9 0 -9999.9 1
 1999 180  6 29 10  9 10.150  93.96    -4.5 0 -9999.9 1 -9999.9 1    -2.3 0   290.4 0   295.9 0   294.1 0   378.2 0   286.2 0   286.1 0     0.0 0    -0.1 0 -9999.9 1   -87.8 0 -9999.9 1 -9999.9 1 -9999.9 1 -9999.9 1   359.4 0 -9999.9 1
 1999 180  6 29 10 12 10.200  93.49    -4.3 0 -9999.9 1 -9999.9 1    -1.9 0   289.4 0   295.9 0   294.2 0   378.2 0   286.2 0   286.1 0     0.0 0     0.1 0 -9999.9 1   -88.8 0 -9999.9 1 -9999.9 1 -9999.9 1 -9999.9 1     2.1 0 -9999.9 1
 1999 180  6 29 10 18 10.300  92.54    -3.5 0 -9999.9 1 -9999.9 1    -1.5 0   288.0 0   295.9 0   294.2 0   377.4 0   286.1 0   286.0 0     0.0 0     0.6 0 -9999.9 1   -89.4 0 -9999.9 1 -9999.9 1 -9999.9 1 -9999.9 1   352.4 0 -9999.9 1
 1999 180  6 29 10 21 10.350  92.06    -2.8 0 -9999.9 1 -9999.9 1    -0.8 0   288.5 0   296.0 0   294.3 0   377.9 0   286.1 0   286.0 0     0.0 0     0.8 0 -9999.9 1   -89.4 0 -9999.9 1 -9999.9 1 -9999.9 1 -9999.9 1   348.2 0 -9999.9 1
 1999 180  6 29 10 24 10.400  91.57    -2.1 0 -9999.9 1 -9999.9 1     0.0 0   289.1 0   296.0 0   294.2 0   378.0 0   286.1 0   286.0 0     0.0 0     1.2 0 -9999.9 1   -88.9 0 -9999.9 1 -9999.9 1 -9999.9 1 -9999.9 1   350.8 0 -9999.9 1
 1999 180  6 29 10 27 10.450  91.09    -1.2 0 -9999.9 1 -9999.9 1     1.3 0   287.7 0   295.9 0   294.1 0   377.6 0   285.9 0   285.8 0     0.0 0     1.9 0 -9999.9 1   -90.0 0 -9999.9 1 -9999.9 1 -9999.9 1 -9999.9 1   351.1 0 -9999.9 1
 1999 180  6 29 10 33 10.550  89.53     1.2 0 -9999.9 1 -9999.9 1     3.1 0   287.9 0   295.9 0   294.2 0   378.2 0   286.0 0   285.9 0     0.2 0     3.3 0 -9999.9 1   -90.2 0 -9999.9 1 -9999.9 1 -9999.9 1 -9999.9 1   351.0 0 -9999.9 1
 1999 180  6 29 10 36 10.600  89.13     2.7 0 -9999.9 1 -9999.9 1     5.8 0   287.5 0   295.9 0   294.1 0   378.0 0   285.9 0   285.9 0     0.3 0     4.3 0 -9999.9 1   -90.5 0 -9999.9 1 -9999.9 1 -9999.9 1 -9999.9 1   351.7 0 -9999.9 1
 1999 180  6 29 10 39 10.650  88.71     4.2 0 -9999.9 1 -9999.9 1     8.9 0   286.8 0   295.9 0   294.2 0   377.7 0   285.9 0   285.9 0     0.4 0     5.3 0 -9999.9 1   -90.9 0 -9999.9 1 -9999.9 1 -9999.9 1 -9999.9 1   353.3 0 -9999.9 1
 1999 180  6 29 10 42 10.700  88.27     6.1 0 -9999.9 1 -9999.9 1    11.6 0   288.0 0   296.0 0   294.3 0   378.3 0   286.0 0   286.0 0     0.5 0     6.5 0 -9999.9 1   -90.3 0 -9999.9 1 -9999.9 1 -9999.9 1 -9999.9 1   355.4 0 -9999.9 1
 1999 180  6 29 10 48 10.800  87.35    10.3 0 -9999.9 1 -9999.9 1    15.4 0   288.6 0   296.2 0   294.5 0   379.2 0   286.1 0   286.1 0     0.7 0     9.7 0 -9999.9 1   -90.7 0 -9999.9 1 -9999.9 1 -9999.9 1 -9999.9 1   359.4 0 -9999.9 1
 1999 180  6 29 10 51 10.850  86.88    14.4 0 -9999.9 1 -9999.9 1    17.1 0   287.9 0   296.2 0   294.5 0   378.8 0   286.0 0   286.1 0     0.8 0    11.7 0 -9999.9 1   -90.8 0 -9999.9 1 -9999.9 1 -9999.9 1 -9999.9 1   357.0 0 -9999.9 1
 1999 180  6 29 10 54 10.900  86.40    20.4 0 -9999.9 1 -9999.9 1    19.2 0   287.6 0   296.2 0   294.5 0   378.7 0   286.0 0   286.0 0     1.0 0    13.6 0 -9999.9 1   -91.1 0 -9999.9 1 -9999.9 1 -9999.9 1 -9999.9 1   354.8 0 -9999.9 1
 1999 180  6 29 10 57 10.950  85.91    27.6 0 -9999.9 1 -9999.9 1    21.5 0   288.0 0   296.3 0   294.7 0   378.7 0   286.0 0   286.0 0     1.1 0    15.9 0 -9999.9 1   -90.7 0 -9999.9 1 -9999.9 1 -9999.9 1 -9999.9 1   354.3 0 -9999.9 1
 1999 180  6 29 11  3 11.050  84.92    34.3 0 -9999.9 1 -9999.9 1    25.7 0   289.4 0   296.6 0   294.8 0   379.9 0   286.1 0   286.1 0     1.5 0    19.6 0 -9999.9 1   -90.5 0 -9999.9 1 -9999.9 1 -9999.9 1 -9999.9 1   353.8 0 -9999.9 1
 1999 180  6 29 11  6 11.100  84.42    32.0 0 -9999.9 1 -9999.9 1    27.8 0   290.0 0   296.7 0   294.9 0   380.0 0   286.2 0   286.2 0     1.6 0    20.1 0 -9999.9 1   -90.0 0 -9999.9 1 -9999.9 1 -9999.9 1 -9999.9 1   354.3 0 -9999.9 1
 1999 180  6 29 11  9 11.150  83.91    49.8 0 -9999.9 1 -9999.9 1    30.3 0   289.6 0   296.8 0   294.9 0   380.7 0   286.2 0   286.2 0     2.0 0    25.9 0 -9999.9 1   -91.1 0 -9999.9 1 -9999.9 1 -9999.9 1 -9999.9 1   354.5 0 -9999.9 1
 1999 180  6 29 11 12 11.200  83.40    62.5 0 -9999.9 1 -9999.9 1    31.4 0   287.9 0   296.9 0   295.2 0   381.4 0   286.3 0   286.3 0     2.3 0    31.2 0 -9999.9 1   -93.5 0 -9999.9 1 -9999.9 1 -9999.9 1 -9999.9 1   354.5 0 -9999.9 1
 1999 180  6 29 11 18 11.300  82.37    78.9 0 -9999.9 1 -9999.9 1    35.3 0   288.6 0   297.3 0   295.6 0   382.7 0   286.5 0   286.5 0     2.9 0    39.0 0 -9999.9 1   -94.1 0 -9999.9 1 -9999.9 1 -9999.9 1 -9999.9 1   357.4 0 -9999.9 1
 1999 180  6 29 11 21 11.350  81.86    82.1 0 -9999.9 1 -9999.9 1    37.9 0   290.2 0   297.5 0   295.8 0   383.4 0   286.6 0   286.6 0     3.2 0    40.5 0 -9999.9 1   -93.2 0 -9999.9 1 -9999.9 1 -9999.9 1 -9999.9 1   357.5 0 -9999.9 1
 1999 180  6 29 11 24 11.400  81.34    38.5 0 -9999.9 1 -9999.9 1    40.1 0   289.9 0   297.6 0   295.7 0   381.9 0   286.6 0   286.6 0     3.7 0    25.5 0 -9999.9 1   -91.9 0 -9999.9 1 -9999.9 1 -9999.9 1 -9999.9 1   360.0 0 -9999.9 1
 1999 180  6 29 11 27 11.450  80.81    42.2 0 -9999.9 1 -9999.9 1    44.9 0   291.7 0   297.6 0   295.6 0   381.8 0   286.6 0   286.6 0     4.0 0    26.5 0 -9999.9 1   -90.1 0 -9999.9 1 -9999.9 1 -9999.9 1 -9999.9 1   359.2 0 -9999.9 1
 1999 180  6 29 11 33 11.550  79.76    90.4 0 -9999.9 1 -9999.9 1    69.4 0   315.9 0   297.7 0   295.9 0   384.6 0   286.8 0   286.8 0     4.5 0    43.6 0 -9999.9 1   -68.6 0 -9999.9 1 -9999.9 1 -9999.9 1 -9999.9 1     0.7 0 -9999.9 1
 1999 180  6 29 11 36 11.600  79.23    71.9 0 -9999.9 1 -9999.9 1    75.7 0   337.4 0   297.7 0   295.8 0   385.2 0   286.8 0   286.8 0     4.5 0    36.8 0 -9999.9 1   -47.8 0 -9999.9 1 -9999.9 1 -9999.9 1 -9999.9 1     3.5 0 -9999.9 1
 1999 180  6 29 11 39 11.650  78.70    71.7 0 -9999.9 1 -9999.9 1    75.4 0   350.7 0   297.7 0   295.9 0   386.2 0   286.9 0   286.9 0     4.5 0    35.6 0 -9999.9 1   -35.5 0 -9999.9 1 -9999.9 1 -9999.9 1 -9999.9 1     5.8 0 -9999.9 1
 1999 180  6 29 11 42 11.700  78.17    93.6 0 -9999.9 1 -9999.9 1    78.3 0   345.4 0   297.7 0   296.0 0   387.2 0   286.9 0   287.0 0     5.0 0    43.2 0 -9999.9 1   -41.8 0 -9999.9 1 -9999.9 1 -9999.9 1 -9999.9 1     5.3 0 -9999.9 1
 1999 180  6 29 11 48 11.800  77.10   104.2 0 -9999.9 1 -9999.9 1   103.7 0   346.0 0   297.7 0   296.1 0   387.2 0   286.9 0   286.9 0     6.2 0    48.9 0 -9999.9 1   -41.2 0 -9999.9 1 -9999.9 1 -9999.9 1 -9999.9 1     6.8 0 -9999.9 1
 1999 180  6 29 11 51 11.850  76.56   169.8 0 -9999.9 1 -9999.9 1   117.5 0   332.0 0   297.6 0   296.1 0   388.2 0   286.8 0   286.9 0     7.4 0    75.7 0 -9999.9 1   -56.2 0 -9999.9 1 -9999.9 1 -9999.9 1 -9999.9 1     5.0 0 -9999.9 1
 1999 180  6 29 11 54 11.900  76.02   163.6 0 -9999.9 1 -9999.9 1   112.1 0   319.2 0   297.7 0   296.3 0   388.4 0   286.8 0   286.9 0     8.2 0    74.6 0 -9999.9 1   -69.2 0 -9999.9 1 -9999.9 1 -9999.9 1 -9999.9 1     6.7 0 -9999.9 1
 1999 180  6 29 11 57 11.950  75.48   119.6 0 -9999.9 1 -9999.9 1    85.1 0   302.9 0   298.0 0   296.2 0   385.7 0   286.9 0   286.9 0     9.3 0    61.3 0 -9999.9 1   -82.9 0 -9999.9 1 -9999.9 1 -9999.9 1 -9999.9 1     8.2 0 -9999.9 1
 1999 180  6 29 12  3 12.050  74.39   233.9 0 -9999.9 1 -9999.9 1    86.0 0   291.4 0   298.2 0   296.6 0   387.7 0   286.8 0   286.9 0    11.1 0   107.7 0 -9999.9 1   -96.3 0 -9999.9 1 -9999.9 1 -9999.9 1 -9999.9 1     6.3 0 -9999.9 1
 1999 180  6 29 12  6 12.100  73.84   272.8 0 -9999.9 1 -9999.9 1   112.7 0   299.6 0   298.6 0   297.1 0   389.9 0   287.1 0   287.2 0    12.1 0   123.2 0 -9999.9 1   -90.2 0 -9999.9 1 -9999.9 1 -9999.9 1 -9999.9 1     6.7 0 -9999.9 1
 1999 180  6 29 12  9 12.150  73.29   222.5 0 -9999.9 1 -9999.9 1   121.5 0   303.0 0   298.8 0   297.2 0   388.2 0   287.1 0   287.2 0    12.7 0   104.4 0 -9999.9 1   -85.1 0 -9999.9 1 -9999.9 1 -9999.9 1 -9999.9 1    10.4 0 -9999.9 1
 1999 180  6 29 12 12 12.200  72.75   298.2 0 -9999.9 1 -9999.9 1   126.3 0   304.6 0   299.0 0   297.3 0   388.8 0   287.1 0   287.2 0    13.9 0   134.9 0 -9999.9 1   -84.2 0 -9999.9 1 -9999.9 1 -9999.9 1 -9999.9 1     9.2 0 -9999.9 1
 1999 180  6 29 12 18 12.300  71.64   323.1 0 -9999.9 1 -9999.9 1   113.5 0   293.6 0   299.6 0   297.9 0   390.4 0   287.3 0   287.4 0    16.3 0   146.7 0 -9999.9 1   -96.8 0 -9999.9 1 -9999.9 1 -9999.9 1 -9999.9 1    11.6 0 -9999.9 1
 1999 180  6 29 12 21 12.350  71.09   286.8 0 -9999.9 1 -9999.9 1   118.0 0   293.5 0   299.8 0   298.0 0   388.9 0   287.3 0   287.4 0    16.8 0   133.4 0 -9999.9 1   -95.4 0 -9999.9 1 -9999.9 1 -9999.9 1 -9999.9 1    10.3 0 -9999.9 1
 1999 180  6 29 12 24 12.400  70.54   316.5 0 -9999.9 1 -9999.9 1   126.3 0   296.8 0   300.1 0   298.3 0   390.2 0   287.4 0   287.5 0    17.9 0   146.0 0 -9999.9 1   -93.4 0 -9999.9 1 -9999.9 1 -9999.9 1 -9999.9 1     8.4 0 -9999.9 1
 1999 180  6 29 12 27 12.450  69.98   370.7 0 -9999.9 1 -9999.9 1   138.9 0   299.8 0   300.4 0   298.5 0   392.3 0   287.6 0   287.7 0    19.3 0   168.5 0 -9999.9 1   -92.5 0 -9999.9 1 -9999.9 1 -9999.9 1 -9999.9 1     9.9 0 -9999.9 1
 1999 180  6 29 12 33 12.550  68.87   328.7 0 -9999.9 1 -9999.9 1   148.3 0   295.3 0   300.6 0   298.7 0   390.8 0   287.4 0   287.6 0    20.8 0   150.9 0 -9999.9 1   -95.5 0 -9999.9 1 -9999.9 1 -9999.9 1 -9999.9 1     6.5 0 -9999.9 1
 1999 180  6 29 12 36 12.600  68.31   332.9 0 -9999.9 1 -9999.9 1   131.3 0   294.8 0   300.7 0   298.6 0   389.5 0   287.5 0   287.6 0    23.0 0   156.4 0 -9999.9 1   -94.7 0 -9999.9 1 -9999.9 1 -9999.9 1 -9999.9 1    10.6 0 -9999.9 1
 1999 180  6 29 12 39 12.650  67.75   386.2 0 -9999.9 1 -9999.9 1   110.0 0   292.5 0   300.8 0   298.9 0   391.9 0   287.5 0   287.7 0    24.7 0   178.2 0 -9999.9 1   -99.4 0 -9999.9 1 -9999.9 1 -9999.9 1 -9999.9 1    10.1 0 -9999.9 1
 1999 180  6 29 12 42 12.700  67.19   388.0 0 -9999.9 1 -9999.9 1   113.6 0   294.4 0   301.1 0   299.3 0   394.2 0   287.7 0   287.9 0    26.3 0   179.0 0 -9999.9 1   -99.7 0 -9999.9 1 -9999.9 1 -9999.9 1 -9999.9 1     8.2 0 -9999.9 1
 1999 180  6 29 12 48 12.800  66.07   424.6 0 -9999.9 1 -9999.9 1   164.7 0   303.6 0   301.3 0   299.3 0   395.2 0   287.8 0   288.0 0    28.6 0   193.6 0 -9999.9 1   -91.6 0 -9999.9 1 -9999.9 1 -9999.9 1 -9999.9 1     9.4 0 -9999.9 1
 1999 180  6 29 12 51 12.850  65.51   410.4 0 -9999.9 1 -9999.9 1   169.0 0   304.4 0   301.3 0   299.4 0   394.1 0   287.8 0   288.0 0    30.2 0   187.2 0 -9999.9 1   -89.7 0 -9999.9 1 -9999.9 1 -9999.9 1 -9999.9 1     7.9 0 -9999.9 1
 1999 180  6 29 12 54 12.900  64.94   486.2 0 -9999.9 1 -9999.9 1   153.3 0   302.8 0   301.4 0   299.5 0   394.6 0   287.9 0   288.1 0    32.4 0   218.4 0 -9999.9 1   -91.9 0 -9999.9 1 -9999.9 1 -9999.9 1 -9999.9 1     7.3 0 -9999.9 1
 1999 180  6 29 12 57 12.950  64.38   335.2 0 -9999.9 1 -9999.9 1   157.5 0   301.5 0   301.6 0   299.4 0   390.9 0   288.0 0   288.1 0    31.4 0   154.2 0 -9999.9 1   -89.5 0 -9999.9 1 -9999.9 1 -9999.9 1 -9999.9 1    10.4 0 -9999.9 1
 1999 180  6 29 13  3 13.050  63.25   167.8 0 -9999.9 1 -9999.9 1   148.4 0   302.3 0   301.3 0   298.8 0   384.9 0   287.7 0   287.6 0    29.6 0    83.8 0 -9999.9 1   -82.6 0 -9999.9 1 -9999.9 1 -9999.9 1 -9999.9 1     6.4 0 -9999.9 1
 1999 180  6 29 13  6 13.100  62.68   269.9 0 -9999.9 1 -9999.9 1   156.2 0   299.5 0   301.2 0   298.8 0   388.2 0   287.7 0   287.7 0    32.6 0   132.9 0 -9999.9 1   -88.7 0 -9999.9 1 -9999.9 1 -9999.9 1 -9999.9 1     6.2 0 -9999.9 1
 1999 180  6 29 13  9 13.150  62.11   448.1 0 -9999.9 1 -9999.9 1   183.9 0   300.5 0   301.2 0   299.3 0   395.2 0   287.7 0   287.9 0    37.0 0   205.7 0 -9999.9 1   -94.8 0 -9999.9 1 -9999.9 1 -9999.9 1 -9999.9 1     8.3 0 -9999.9 1
 1999 180  6 29 13 12 13.200  61.54   551.5 0 -9999.9 1 -9999.9 1   175.6 0   298.5 0   301.3 0   299.7 0   400.4 0   287.9 0   288.2 0    42.0 0   250.6 0 -9999.9 1  -101.9 0 -9999.9 1 -9999.9 1 -9999.9 1 -9999.9 1     7.5 0 -9999.9 1
 1999 180  6 29 13 18 13.300  60.41   519.5 0 -9999.9 1 -9999.9 1   130.5 0   294.2 0   301.8 0   300.3 0   402.6 0   288.4 0   288.6 0    45.9 0   239.1 0 -9999.9 1  -108.4 0 -9999.9 1 -9999.9 1 -9999.9 1 -9999.9 1    10.6 0 -9999.9 1
 1999 180  6 29 13 21 13.350  59.84   594.9 0 -9999.9 1 -9999.9 1   149.1 0   293.8 0   301.8 0   300.4 0   402.6 0   288.2 0   288.4 0    49.9 0   270.9 0 -9999.9 1  -108.9 0 -9999.9 1 -9999.9 1 -9999.9 1 -9999.9 1     9.8 0 -9999.9 1
 1999 180  6 29 13 24 13.400  59.27   623.0 0 -9999.9 1 -9999.9 1   172.7 0   298.3 0   301.8 0   300.4 0   404.1 0   288.1 0   288.4 0    53.0 0   282.8 0 -9999.9 1  -105.8 0 -9999.9 1 -9999.9 1 -9999.9 1 -9999.9 1    14.3 0 -9999.9 1
 1999 180  6 29 13 27 13.450  58.70   698.6 0 -9999.9 1 -9999.9 1   233.6 0   311.6 0   302.1 0   300.8 0   406.1 0   288.3 0   288.5 0    56.6 0   312.4 0 -9999.9 1   -94.5 0 -9999.9 1 -9999.9 1 -9999.9 1 -9999.9 1    13.2 0 -9999.9 1
 1999 180  6 29 13 33 13.550  57.55   741.5 0 -9999.9 1 -9999.9 1   310.9 0   328.8 0   302.5 0   301.1 0   408.6 0   288.3 0   288.6 0    61.2 2   330.3 0 -9999.9 1   -79.8 0 -9999.9 1 -9999.9 1 -9999.9 1 -9999.9 1    14.7 0 -9999.9 1
 1999 180  6 29 13 36 13.600  56.98   726.3 0 -9999.9 1 -9999.9 1   356.4 0   333.7 0   302.6 0   301.2 0   407.1 0   288.3 0   288.5 0    62.5 2   319.1 0 -9999.9 1   -73.3 0 -9999.9 1 -9999.9 1 -9999.9 1 -9999.9 1     9.5 0 -9999.9 1
 1999 180  6 29 13 39 13.650  56.41   462.8 0 -9999.9 1 -9999.9 1   366.7 0   328.4 0   302.6 0   300.8 0   398.1 0   288.1 0   288.2 0    52.7 2   207.7 0 -9999.9 1   -69.7 0 -9999.9 1 -9999.9 1 -9999.9 1 -9999.9 1    11.0 0 -9999.9 1
 1999 180  6 29 13 42 13.700  55.84   388.7 0 -9999.9 1 -9999.9 1   372.4 0   341.3 0   302.6 0   300.3 0   396.1 0   287.9 0   288.0 0    49.4 2   173.1 0 -9999.9 1   -54.8 0 -9999.9 1 -9999.9 1 -9999.9 1 -9999.9 1     9.1 0 -9999.9 1
 1999 180  6 29 13 48 13.800  54.69   381.1 0 -9999.9 1 -9999.9 1   373.8 0   350.6 0   302.7 0   300.6 0   396.8 0   288.1 0   288.1 0    48.0 2   167.5 0 -9999.9 1   -46.2 0 -9999.9 1 -9999.9 1 -9999.9 1 -9999.9 1     9.3 0 -9999.9 1
 1999 180  6 29 13 51 13.850  54.12   391.0 0 -9999.9 1 -9999.9 1   359.8 0   346.1 0   302.4 0   300.5 0   397.5 0   287.8 0   288.0 0    50.4 2   173.0 0 -9999.9 1   -51.4 0 -9999.9 1 -9999.9 1 -9999.9 1 -9999.9 1     8.1 0 -9999.9 1
 1999 180  6 29 13 54 13.900  53.54   332.0 0 -9999.9 1 -9999.9 1   324.8 0   347.9 0   302.3 0   300.4 0   395.6 0   287.7 0   287.8 0    47.2 2   145.8 0 -9999.9 1   -47.7 0 -9999.9 1 -9999.9 1 -9999.9 1 -9999.9 1     9.2 0 -9999.9 1
 1999 180  6 29 13 57 13.950  52.97   260.7 0 -9999.9 1 -9999.9 1   257.3 0   360.4 0   302.1 0   300.1 0   393.2 0   287.6 0   287.6 0    37.0 2   112.3 0 -9999.9 1   -32.8 0 -9999.9 1 -9999.9 1 -9999.9 1 -9999.9 1    10.9 0 -9999.9 1
 1999 180  6 29 14  3 14.050  51.82   270.8 0 -9999.9 1 -9999.9 1   267.4 0   362.5 0   301.9 0   299.9 0   392.4 0   287.5 0   287.5 0    39.9 2   117.1 0 -9999.9 1   -30.0 0 -9999.9 1 -9999.9 1 -9999.9 1 -9999.9 1    12.4 0 -9999.9 1
 1999 180  6 29 14  6 14.100  51.25   290.2 0 -9999.9 1 -9999.9 1   288.2 0   361.6 0   301.9 0   299.9 0   392.5 0   287.4 0   287.5 0    42.3 2   126.0 0 -9999.9 1   -31.0 0 -9999.9 1 -9999.9 1 -9999.9 1 -9999.9 1    13.1 0 -9999.9 1
 1999 180  6 29 14  9 14.150  50.68   247.2 0 -9999.9 1 -9999.9 1   246.3 0   363.7 0   301.7 0   299.5 0   391.0 0   287.3 0   287.4 0    35.1 2   106.4 0 -9999.9 1   -27.3 0 -9999.9 1 -9999.9 1 -9999.9 1 -9999.9 1    11.3 0 -9999.9 1
 1999 180  6 29 14 12 14.200  50.10   273.8 0 -9999.9 1 -9999.9 1   272.4 0   360.7 0   301.5 0   299.7 0   391.7 0   287.2 0   287.3 0    41.5 2   119.0 0 -9999.9 1   -31.0 0 -9999.9 1 -9999.9 1 -9999.9 1 -9999.9 1    15.1 0 -9999.9 1
 1999 180  6 29 14 18 14.300  48.96   299.5 0 -9999.9 1 -9999.9 1   297.8 0   362.2 0   301.5 0   299.5 0   393.4 0   287.4 0   287.5 0    47.7 2   131.1 0 -9999.9 1   -31.2 0 -9999.9 1 -9999.9 1 -9999.9 1 -9999.9 1    15.6 0 -9999.9 1
 1999 180  6 29 14 21 14.350  48.38   321.8 0 -9999.9 1 -9999.9 1   318.9 0   364.2 0   301.5 0   299.6 0   396.4 0   287.5 0   287.6 0    49.3 2   141.1 0 -9999.9 1   -32.2 0 -9999.9 1 -9999.9 1 -9999.9 1 -9999.9 1    21.4 0 -9999.9 1
 1999 180  6 29 14 24 14.400  47.81   318.9 0 -9999.9 1 -9999.9 1   316.8 0   364.1 0   301.5 0   299.7 0   396.6 0   287.6 0   287.7 0    50.8 2   140.4 0 -9999.9 1   -32.5 0 -9999.9 1 -9999.9 1 -9999.9 1 -9999.9 1     9.7 0 -9999.9 1
 1999 180  6 29 14 27 14.450  47.24   291.8 0 -9999.9 1 -9999.9 1   291.2 0   365.6 0   301.6 0   299.7 0   396.1 0   287.7 0   287.8 0    45.3 2   127.6 0 -9999.9 1   -30.5 0 -9999.9 1 -9999.9 1 -9999.9 1 -9999.9 1     8.1 0 -9999.9 1
 1999 180  6 29 14 33 14.550  46.10   226.1 0 -9999.9 1 -9999.9 1   226.4 0   366.1 0   301.4 0   299.2 0   392.0 0   287.6 0   287.6 0    35.7 2    97.7 0 -9999.9 1   -25.9 0 -9999.9 1 -9999.9 1 -9999.9 1 -9999.9 1    15.6 0 -9999.9 1
 1999 180  6 29 14 36 14.600  45.53   238.7 0 -9999.9 1 -9999.9 1   238.1 0   365.1 0   301.2 0   299.3 0   393.0 0   287.5 0   287.6 0    38.2 2   103.9 0 -9999.9 1   -27.9 0 -9999.9 1 -9999.9 1 -9999.9 1 -9999.9 1    13.3 0 -9999.9 1
 1999 180  6 29 14 39 14.650  44.96   252.5 0 -9999.9 1 -9999.9 1   251.3 0   365.9 0   301.3 0   299.3 0   393.3 0   287.6 0   287.7 0    41.4 2   109.7 0 -9999.9 1   -27.5 0 -9999.9 1 -9999.9 1 -9999.9 1 -9999.9 1     6.7 0 -9999.9 1
 1999 180  6 29 14 42 14.700  44.39   246.8 0 -9999.9 1 -9999.9 1   246.0 0   364.7 0   301.2 0   299.4 0   394.0 0   287.6 0   287.6 0    40.4 2   107.3 0 -9999.9 1   -29.3 0 -9999.9 1 -9999.9 1 -9999.9 1 -9999.9 1     7.0 0 -9999.9 1
 1999 180  6 29 14 48 14.800  43.25   226.1 0 -9999.9 1 -9999.9 1   226.8 0   367.5 0   301.1 0   299.1 0   393.0 0   287.7 0   287.7 0    37.5 2    98.8 0 -9999.9 1   -25.5 0 -9999.9 1 -9999.9 1 -9999.9 1 -9999.9 1    13.3 0 -9999.9 1
 1999 180  6 29 14 51 14.850  42.68   224.5 0 -9999.9 1 -9999.9 1   224.3 0   364.7 0   301.0 0   299.2 0   393.1 0   287.6 0   287.6 0    37.4 2    98.1 0 -9999.9 1   -28.4 0 -9999.9 1 -9999.9 1 -9999.9 1 -9999.9 1     9.0 0 -9999.9 1
 1999 180  6 29 14 54 14.900  42.11   239.6 0 -9999.9 1 -9999.9 1   239.2 0   365.6 0   301.0 0   299.1 0   393.8 0   287.6 0   287.7 0    40.5 2   104.7 0 -9999.9 1   -28.2 0 -9999.9 1 -9999.9 1 -9999.9 1 -9999.9 1     6.1 0 -9999.9 1
 1999 180  6 29 14 57 14.950  41.55   242.7 0 -9999.9 1 -9999.9 1   242.4 0   365.4 0   301.1 0   299.4 0   394.8 0   287.8 0   287.9 0    41.4 0   105.6 0 -9999.9 1   -29.4 0 -9999.9 1 -9999.9 1 -9999.9 1 -9999.9 1     6.6 0 -9999.9 1
 1999 180  6 29 15  3 15.050  40.42   286.6 0 -9999.9 1 -9999.9 1   285.5 0   369.7 0   301.3 0   299.3 0   396.3 0   288.0 0   288.1 0    52.6 0   124.8 0 -9999.9 1   -26.6 0 -9999.9 1 -9999.9 1 -9999.9 1 -9999.9 1     8.1 0 -9999.9 1
 1999 180  6 29 15  6 15.100  39.86   293.2 0 -9999.9 1 -9999.9 1   291.3 0   369.6 0   301.3 0   299.5 0   398.3 0   288.1 0   288.2 0    53.8 0   127.9 0 -9999.9 1   -28.6 0 -9999.9 1 -9999.9 1 -9999.9 1 -9999.9 1     8.0 0 -9999.9 1
 1999 180  6 29 15  9 15.150  39.30   313.6 0 -9999.9 1 -9999.9 1   311.0 0   369.5 0   301.3 0   299.6 0   399.3 0   288.1 0   288.2 0    57.5 0   137.5 0 -9999.9 1   -29.8 0 -9999.9 1 -9999.9 1 -9999.9 1 -9999.9 1     5.9 0 -9999.9 1
 1999 180  6 29 15 12 15.200  38.74   326.1 0 -9999.9 1 -9999.9 1   321.1 0   369.1 0   301.3 0   299.7 0   401.1 0   288.2 0   288.4 0    59.9 0   143.0 0 -9999.9 1   -31.9 0 -9999.9 1 -9999.9 1 -9999.9 1 -9999.9 1     7.2 0 -9999.9 1
 1999 180  6 29 15 18 15.300  37.62   338.0 0 -9999.9 1 -9999.9 1   333.0 0   367.1 0   301.3 0   299.6 0   399.7 0   288.2 0   288.3 0    63.1 0   147.9 0 -9999.9 1   -32.6 0 -9999.9 1 -9999.9 1 -9999.9 1 -9999.9 1     8.7 0 -9999.9 1
 1999 180  6 29 15 21 15.350  37.07   372.3 0 -9999.9 1 -9999.9 1   366.6 0   368.1 0   301.3 0   299.4 0   400.3 0   288.2 0   288.3 0    67.7 0   163.0 0 -9999.9 1   -32.2 0 -9999.9 1 -9999.9 1 -9999.9 1 -9999.9 1     8.3 0 -9999.9 1
 1999 180  6 29 15 24 15.400  36.51   399.4 0 -9999.9 1 -9999.9 1   393.8 0   368.3 0   301.3 0   299.4 0   401.6 0   288.3 0   288.4 0    77.4 0   176.1 0 -9999.9 1   -33.4 0 -9999.9 1 -9999.9 1 -9999.9 1 -9999.9 1     8.9 0 -9999.9 1
 1999 180  6 29 15 27 15.450  35.96   452.6 0 -9999.9 1 -9999.9 1   443.5 0   365.4 0   301.3 0   300.0 0   405.9 0   288.4 0   288.6 0    88.7 0   199.9 0 -9999.9 1   -40.5 0 -9999.9 1 -9999.9 1 -9999.9 1 -9999.9 1     8.6 0 -9999.9 1
 1999 180  6 29 15 33 15.550  34.86   405.7 0 -9999.9 1 -9999.9 1   396.9 0   365.9 0   301.3 0   299.7 0   403.4 0   288.4 0   288.5 0    75.9 0   177.0 0 -9999.9 1   -37.5 0 -9999.9 1 -9999.9 1 -9999.9 1 -9999.9 1     6.8 0 -9999.9 1
 1999 180  6 29 15 36 15.600  34.32   330.2 0 -9999.9 1 -9999.9 1   325.4 0   366.4 0   301.4 0   299.8 0   400.0 0   288.4 0   288.5 0    60.1 0   142.6 0 -9999.9 1   -33.6 0 -9999.9 1 -9999.9 1 -9999.9 1 -9999.9 1     7.9 0 -9999.9 1
 1999 180  6 29 15 39 15.650  33.78   319.8 0 -9999.9 1 -9999.9 1   314.8 0   367.1 0   301.6 0   300.1 0   400.5 0   288.5 0   288.6 0    61.3 0   138.2 0 -9999.9 1   -33.4 0 -9999.9 1 -9999.9 1 -9999.9 1 -9999.9 1     8.6 0 -9999.9 1
 1999 180  6 29 15 42 15.700  33.24   336.3 0 -9999.9 1 -9999.9 1   329.2 0   363.0 0   301.6 0   300.4 0   402.5 0   288.4 0   288.5 0    66.2 0   145.6 0 -9999.9 1   -39.6 0 -9999.9 1 -9999.9 1 -9999.9 1 -9999.9 1    10.0 0 -9999.9 1
 1999 180  6 29 15 48 15.800  32.16   332.7 0 -9999.9 1 -9999.9 1   325.7 0   364.7 0   302.1 0   300.8 0   406.0 0   288.7 0   288.8 0    65.4 0   144.1 0 -9999.9 1   -41.2 0 -9999.9 1 -9999.9 1 -9999.9 1 -9999.9 1     9.0 0 -9999.9 1
 1999 180  6 29 15 51 15.850  31.63   309.1 0 -9999.9 1 -9999.9 1   302.3 0   365.5 0   302.1 0   300.6 0   401.4 0   288.6 0   288.7 0    61.1 0   133.9 0 -9999.9 1   -35.9 0 -9999.9 1 -9999.9 1 -9999.9 1 -9999.9 1     7.8 0 -9999.9 1
 1999 180  6 29 15 54 15.900  31.10   341.7 0 -9999.9 1 -9999.9 1   333.3 0   366.1 0   302.3 0   300.6 0   402.6 0   288.6 0   288.7 0    68.9 0   149.2 0 -9999.9 1   -36.5 0 -9999.9 1 -9999.9 1 -9999.9 1 -9999.9 1     6.9 0 -9999.9 1
 1999 180  6 29 15 57 15.950  30.58   321.5 0 -9999.9 1 -9999.9 1   314.7 0   366.5 0   302.5 0   300.8 0   402.3 0   288.7 0   288.8 0    64.0 0   138.0 0 -9999.9 1   -35.8 0 -9999.9 1 -9999.9 1 -9999.9 1 -9999.9 1     8.1 0 -9999.9 1
 1999 180  6 29 16  3 16.050  29.54   471.4 0 -9999.9 1 -9999.9 1   458.3 0   363.3 0   302.8 0   301.4 0   409.8 0   288.9 0   289.1 0   100.7 0   204.7 0 -9999.9 1   -46.5 0 -9999.9 1 -9999.9 1 -9999.9 1 -9999.9 1    12.6 0 -9999.9 1
 1999 180  6 29 16  6 16.100  29.02   474.4 0 -9999.9 1 -9999.9 1   461.8 0   360.3 0   302.8 0   301.6 0   410.5 0   288.8 0   289.0 0   101.7 0   204.5 0 -9999.9 1   -50.2 0 -9999.9 1 -9999.9 1 -9999.9 1 -9999.9 1    16.3 0 -9999.9 1
 1999 180  6 29 16  9 16.150  28.52   393.9 0 -9999.9 1 -9999.9 1   385.9 0   363.1 0   303.1 0   301.6 0   405.4 0   288.9 0   289.1 0    85.5 0   167.9 0 -9999.9 1   -42.4 0 -9999.9 1 -9999.9 1 -9999.9 1 -9999.9 1    15.0 0 -9999.9 1
 1999 180  6 29 16 12 16.200  28.01   378.3 0 -9999.9 1 -9999.9 1   369.4 0   353.3 0   303.1 0   301.4 0   402.0 0   288.8 0   288.9 0    92.5 2   162.0 0 -9999.9 1   -48.7 0 -9999.9 1 -9999.9 1 -9999.9 1 -9999.9 1    10.5 0 -9999.9 1
 1999 180  6 29 16 18 16.300  27.02   614.6 0 -9999.9 1 -9999.9 1   547.7 0   354.5 0   303.7 0   302.8 0   419.9 0   289.1 0   289.5 0   131.2 2   266.1 0 -9999.9 1   -65.4 0 -9999.9 1 -9999.9 1 -9999.9 1 -9999.9 1    14.2 0 -9999.9 1
 1999 180  6 29 16 21 16.350  26.53   515.0 0 -9999.9 1 -9999.9 1   502.8 0   357.2 0   303.8 0   302.2 0   408.0 0   289.1 0   289.3 0   114.8 2   221.8 0 -9999.9 1   -50.7 0 -9999.9 1 -9999.9 1 -9999.9 1 -9999.9 1    11.1 0 -9999.9 1
 1999 180  6 29 16 24 16.400  26.04   669.5 0 -9999.9 1 -9999.9 1   551.7 0   353.8 0   303.9 0   302.6 0   412.8 0   289.1 0   289.3 0   136.8 2   294.5 0 -9999.9 1   -59.0 0 -9999.9 1 -9999.9 1 -9999.9 1 -9999.9 1    21.2 0 -9999.9 1
 1999 180  6 29 16 27 16.450  25.57   880.6 0 -9999.9 1 -9999.9 1   603.9 0   354.8 0   304.3 0   303.7 0   429.6 0   289.4 0   289.8 0   166.6 2   382.1 0 -9999.9 1   -74.8 0 -9999.9 1 -9999.9 1 -9999.9 1 -9999.9 1    22.1 0 -9999.9 1
 1999 180  6 29 16 33 16.550  24.63   558.1 0 -9999.9 1 -9999.9 1   489.8 0   356.1 0   304.8 0   303.5 0   413.9 0   289.7 0   289.9 0   115.2 2   241.6 0 -9999.9 1   -57.9 0 -9999.9 1 -9999.9 1 -9999.9 1 -9999.9 1    22.9 0 -9999.9 1
 1999 180  6 29 16 36 16.600  24.17   496.7 0 -9999.9 1 -9999.9 1   478.7 0   353.1 0   305.0 0   303.8 0   413.9 0   289.7 0   289.9 0   107.8 2   212.8 0 -9999.9 1   -60.8 0 -9999.9 1 -9999.9 1 -9999.9 1 -9999.9 1    16.4 0 -9999.9 1
 1999 180  6 29 16 39 16.650  23.73   431.8 0 -9999.9 1 -9999.9 1   417.6 0   355.7 0   305.4 0   303.9 0   410.9 0   290.0 0   290.1 0    95.7 2   182.9 0 -9999.9 1   -55.2 0 -9999.9 1 -9999.9 1 -9999.9 1 -9999.9 1    12.6 0 -9999.9 1
 1999 180  6 29 16 42 16.700  23.29   487.6 0 -9999.9 1 -9999.9 1   453.6 0   345.5 0   305.7 0   304.1 0   411.9 0   290.1 0   290.3 0   115.0 2   210.9 0 -9999.9 1   -66.4 0 -9999.9 1 -9999.9 1 -9999.9 1 -9999.9 1    12.1 0 -9999.9 1
 1999 180  6 29 16 48 16.800  22.43   518.5 0 -9999.9 1 -9999.9 1   459.6 0   329.2 0   306.1 0   304.5 0   416.8 0   290.4 0   290.6 0   132.8 0   226.0 0 -9999.9 1   -87.6 0 -9999.9 1 -9999.9 1 -9999.9 1 -9999.9 1     0.2 0 -9999.9 1
 1999 180  6 29 16 51 16.850  22.02   450.9 0 -9999.9 1 -9999.9 1   326.1 0   317.9 0   306.2 0   304.4 0   410.1 0   290.4 0   290.5 0   124.5 0   204.1 0 -9999.9 1   -92.2 0 -9999.9 1 -9999.9 1 -9999.9 1 -9999.9 1     6.8 0 -9999.9 1
 1999 180  6 29 16 54 16.900  21.62  1238.6 0 -9999.9 1 -9999.9 1   255.0 0   311.6 0   306.4 0   305.7 0   437.0 0   290.6 0   291.0 0   242.3 0   535.9 0 -9999.9 1  -125.3 0 -9999.9 1 -9999.9 1 -9999.9 1 -9999.9 1     4.9 0 -9999.9 1
 1999 180  6 29 16 57 16.950  21.23   986.2 0 -9999.9 1 -9999.9 1   303.7 0   308.9 0   306.7 0   305.5 0   429.7 0   290.8 0   291.1 0   210.0 0   431.2 0 -9999.9 1  -120.7 0 -9999.9 1 -9999.9 1 -9999.9 1 -9999.9 1     6.0 0 -9999.9 1
 1999 180  6 29 17  3 17.050  20.48  1234.9 0 -9999.9 1 -9999.9 1   226.9 0   311.4 0   307.5 0   307.2 0   447.9 0   291.5 0   292.1 0   252.7 0   535.5 0 -9999.9 1  -136.5 0 -9999.9 1 -9999.9 1 -9999.9 1 -9999.9 1    19.1 0 -9999.9 1
 1999 180  6 29 17  6 17.100  20.13  1219.5 0 -9999.9 1 -9999.9 1   229.3 0   314.2 0   307.9 0   306.9 0   445.9 0   291.9 0   292.3 0   253.4 0   527.4 0 -9999.9 1  -131.7 0 -9999.9 1 -9999.9 1 -9999.9 1 -9999.9 1    45.9 0 -9999.9 1
 1999 180  6 29 17  9 17.150  19.79  1266.5 0 -9999.9 1 -9999.9 1   290.3 0   326.3 0   308.2 0   307.7 0   448.7 0   292.1 0   292.6 0   253.6 0   551.2 0 -9999.9 1  -122.4 0 -9999.9 1 -9999.9 1 -9999.9 1 -9999.9 1    22.9 0 -9999.9 1
 1999 180  6 29 17 12 17.200  19.46  1090.2 0 -9999.9 1 -9999.9 1   393.8 0   340.3 0   308.4 0   307.5 0   446.0 0   292.3 0   292.7 0   224.2 0   465.4 0 -9999.9 1  -105.7 0 -9999.9 1 -9999.9 1 -9999.9 1 -9999.9 1    32.8 0 -9999.9 1
 1999 180  6 29 17 18 17.300  18.86  1158.2 0 -9999.9 1 -9999.9 1   332.7 0   324.7 0   308.5 0   307.3 0   440.9 0   292.2 0   292.5 0   233.3 0   508.9 0 -9999.9 1  -116.2 0 -9999.9 1 -9999.9 1 -9999.9 1 -9999.9 1    18.9 0 -9999.9 1
 1999 180  6 29 17 21 17.350  18.58   933.4 0 -9999.9 1 -9999.9 1   355.6 0   319.2 0   308.7 0   307.7 0   441.6 0   292.4 0   292.6 0   210.4 0   404.0 0 -9999.9 1  -122.4 0 -9999.9 1 -9999.9 1 -9999.9 1 -9999.9 1    15.5 0 -9999.9 1
 1999 180  6 29 17 24 17.400  18.32   870.4 0 -9999.9 1 -9999.9 1   361.4 0   326.0 0   308.7 0   307.6 0   436.4 0   292.3 0   292.6 0   190.4 0   379.7 0 -9999.9 1  -110.4 0 -9999.9 1 -9999.9 1 -9999.9 1 -9999.9 1     5.6 0 -9999.9 1
 1999 180  6 29 17 27 17.450  18.08   370.8 0 -9999.9 1 -9999.9 1   350.9 0   330.7 0   308.7 0   306.8 0   414.9 0   292.2 0   292.2 0   115.3 2   158.7 0 -9999.9 1   -84.2 0 -9999.9 1 -9999.9 1 -9999.9 1 -9999.9 1    13.6 0 -9999.9 1
 1999 180  6 29 17 33 17.550  17.65  1300.8 0 -9999.9 1 -9999.9 1   278.4 0   324.6 0   308.8 0   307.8 0   443.7 0   292.1 0   292.4 0   260.7 0   564.8 0 -9999.9 1  -119.1 0 -9999.9 1 -9999.9 1 -9999.9 1 -9999.9 1    17.1 0 -9999.9 1
 1999 180  6 29 17 36 17.600  17.47  1312.2 0 -9999.9 1 -9999.9 1   309.7 0   333.6 0   309.2 0   308.6 0   451.7 0   292.4 0   292.8 0   265.6 0   562.2 0 -9999.9 1  -118.1 0 -9999.9 1 -9999.9 1 -9999.9 1 -9999.9 1    10.3 0 -9999.9 1
 1999 180  6 29 17 39 17.650  17.31   983.3 0 -9999.9 1 -9999.9 1   382.3 0   329.1 0   309.6 0   309.1 0   445.2 0   292.7 0   293.1 0   218.4 0   424.9 0 -9999.9 1  -116.1 0 -9999.9 1 -9999.9 1 -9999.9 1 -9999.9 1     6.6 0 -9999.9 1
 1999 180  6 29 17 42 17.700  17.17   320.9 0 -9999.9 1 -9999.9 1   286.5 0   317.6 0   309.5 0   307.4 0   414.3 0   292.6 0   292.5 0   115.9 0   140.2 0 -9999.9 1   -96.6 0 -9999.9 1 -9999.9 1 -9999.9 1 -9999.9 1     2.5 0 -9999.9 1
 1999 180  6 29 17 48 17.800  16.96   978.1 0 -9999.9 1 -9999.9 1   362.6 0   314.1 0   309.2 0   308.2 0   439.3 0   292.1 0   292.4 0   226.6 2   420.2 0 -9999.9 1  -125.3 0 -9999.9 1 -9999.9 1 -9999.9 1 -9999.9 1    25.6 0 -9999.9 1
 1999 180  6 29 17 51 17.850  16.89   426.0 0 -9999.9 1 -9999.9 1   356.9 0   313.4 0   309.3 0   307.9 0   420.0 0   292.2 0   292.3 0   135.3 0   187.0 0 -9999.9 1  -106.6 0 -9999.9 1 -9999.9 1 -9999.9 1 -9999.9 1    29.1 0 -9999.9 1
 1999 180  6 29 17 54 17.900  16.85   682.6 0 -9999.9 1 -9999.9 1   360.7 0   327.2 0   309.4 0   307.8 0   427.6 0   292.3 0   292.4 0   167.9 0   296.6 0 -9999.9 1  -100.4 0 -9999.9 1 -9999.9 1 -9999.9 1 -9999.9 1    27.0 0 -9999.9 1
 1999 180  6 29 17 57 17.950  16.82   426.7 0 -9999.9 1 -9999.9 1   311.7 0   317.9 0   309.3 0   306.8 0   411.7 0   292.1 0   292.1 0   134.3 0   194.2 0 -9999.9 1   -93.8 0 -9999.9 1 -9999.9 1 -9999.9 1 -9999.9 1    15.7 0 -9999.9 1
 1999 180  6 29 18  3 18.050  16.85   744.6 0 -9999.9 1 -9999.9 1   325.3 0   312.6 0   309.5 0   308.5 0   432.7 0   292.3 0   292.5 0   187.4 0   322.2 0 -9999.9 1  -120.1 0 -9999.9 1 -9999.9 1 -9999.9 1 -9999.9 1    15.2 0 -9999.9 1
 1999 180  6 29 18  6 18.100  16.90   693.6 0 -9999.9 1 -9999.9 1   292.2 0   307.7 0   309.5 0   308.1 0   430.9 0   292.3 0   292.4 0   181.9 0   306.0 0 -9999.9 1  -123.2 0 -9999.9 1 -9999.9 1 -9999.9 1 -9999.9 1    37.4 0 -9999.9 1
 1999 180  6 29 18  9 18.150  16.97  1121.2 0 -9999.9 1 -9999.9 1   241.8 0   310.6 0   309.6 0   308.6 0   442.3 0   292.4 0   292.7 0   247.9 0   493.1 0 -9999.9 1  -131.8 0 -9999.9 1 -9999.9 1 -9999.9 1 -9999.9 1    16.7 0 -9999.9 1
 1999 180  6 29 18 12 18.200  17.07   872.1 0 -9999.9 1 -9999.9 1   229.4 0   298.3 0   309.6 0   308.6 0   436.7 0   292.4 0   292.7 0   217.0 0   386.0 0 -9999.9 1  -138.4 0 -9999.9 1 -9999.9 1 -9999.9 1 -9999.9 1     9.2 0 -9999.9 1
 1999 180  6 29 18 18 18.300  17.32   521.3 0 -9999.9 1 -9999.9 1   368.6 0   314.7 0   309.8 0   308.1 0   424.0 0   292.5 0   292.6 0   152.5 2   233.0 0 -9999.9 1  -109.2 0 -9999.9 1 -9999.9 1 -9999.9 1 -9999.9 1    27.9 0 -9999.9 1
 1999 180  6 29 18 21 18.350  17.49   856.9 0 -9999.9 1 -9999.9 1   380.2 0   314.2 0   309.7 0   308.4 0   432.4 0   292.4 0   292.6 0   196.5 2   365.4 0 -9999.9 1  -118.2 0 -9999.9 1 -9999.9 1 -9999.9 1 -9999.9 1    15.2 0 -9999.9 1
 1999 180  6 29 18 24 18.400  17.67   616.1 0 -9999.9 1 -9999.9 1   276.1 0   306.2 0   309.7 0   307.9 0   419.0 0   292.3 0   292.3 0   166.3 2   278.3 0 -9999.9 1  -112.9 0 -9999.9 1 -9999.9 1 -9999.9 1 -9999.9 1     9.0 0 -9999.9 1
 1999 180  6 29 18 27 18.450  17.87  1245.7 0 -9999.9 1 -9999.9 1   205.9 0   310.5 0   309.9 0   308.9 0   446.8 0   292.4 0   292.9 0   267.0 2   541.7 0 -9999.9 1  -136.3 0 -9999.9 1 -9999.9 1 -9999.9 1 -9999.9 1    10.9 0 -9999.9 1
 1999 180  6 29 18 33 18.550  18.34  1115.2 0 -9999.9 1 -9999.9 1   347.9 0   312.3 0   310.5 0   310.3 0   453.9 0   293.0 0   293.4 0   239.9 2   483.1 0 -9999.9 1  -141.6 0 -9999.9 1 -9999.9 1 -9999.9 1 -9999.9 1    33.2 0 -9999.9 1
 1999 180  6 29 18 36 18.600  18.60   853.0 0 -9999.9 1 -9999.9 1   395.9 0   315.6 0   310.6 0   309.0 0   436.1 0   293.1 0   293.3 0   201.3 2   379.3 0 -9999.9 1  -120.5 0 -9999.9 1 -9999.9 1 -9999.9 1 -9999.9 1    38.1 0 -9999.9 1
 1999 180  6 29 18 39 18.650  18.88  1057.1 0 -9999.9 1 -9999.9 1   339.9 0   318.9 0   310.5 0   309.3 0   442.4 0   293.1 0   293.4 0   224.0 2   465.0 0 -9999.9 1  -123.5 0 -9999.9 1 -9999.9 1 -9999.9 1 -9999.9 1    45.3 0 -9999.9 1
 1999 180  6 29 18 42 18.700  19.18   527.8 0 -9999.9 1 -9999.9 1   309.2 0   316.2 0   310.6 0   308.7 0   429.6 0   293.1 0   293.2 0   146.0 2   224.2 0 -9999.9 1  -113.4 0 -9999.9 1 -9999.9 1 -9999.9 1 -9999.9 1    29.7 0 -9999.9 1
 1999 180  6 29 18 48 18.800  19.81   673.8 0 -9999.9 1 -9999.9 1   239.1 0   310.8 0   310.2 0   307.9 0   419.6 0   292.7 0   292.7 0   172.6 2   302.9 0 -9999.9 1  -108.8 0 -9999.9 1 -9999.9 1 -9999.9 1 -9999.9 1    36.7 0 -9999.9 1
 1999 180  6 29 18 51 18.850  20.16  1223.9 0 -9999.9 1 -9999.9 1   207.4 0   308.5 0   310.3 0   309.2 0   446.4 0   292.8 0   293.2 0   258.4 0   534.2 0 -9999.9 1  -137.9 0 -9999.9 1 -9999.9 1 -9999.9 1 -9999.9 1    17.1 0 -9999.9 1
 1999 180  6 29 18 54 18.900  20.51  1180.4 0 -9999.9 1 -9999.9 1   169.2 0   302.4 0   310.5 0   309.6 0   453.7 0   293.0 0   293.5 0   256.2 0   516.0 0 -9999.9 1  -151.3 0 -9999.9 1 -9999.9 1 -9999.9 1 -9999.9 1    38.7 0 -9999.9 1
 1999 180  6 29 18 57 18.950  20.88  1167.5 0 -9999.9 1 -9999.9 1   146.6 0   301.2 0   310.6 0   309.4 0   448.7 0   293.3 0   293.7 0   252.0 0   510.8 0 -9999.9 1  -147.5 0 -9999.9 1 -9999.9 1 -9999.9 1 -9999.9 1    25.2 0 -9999.9 1
 1999 180  6 29 19  3 19.050  21.65  1182.4 0 -9999.9 1 -9999.9 1   181.9 0   306.9 0   310.9 0   309.8 0   452.3 0   293.7 0   294.1 0   250.8 0   516.7 0 -9999.9 1  -145.4 0 -9999.9 1 -9999.9 1 -9999.9 1 -9999.9 1    23.4 0 -9999.9 1
 1999 180  6 29 19  6 19.100  22.05  1043.4 0 -9999.9 1 -9999.9 1   221.8 0   298.6 0   311.0 0   310.6 0   450.5 0   293.9 0   294.2 0   230.0 0   458.9 0 -9999.9 1  -152.0 0 -9999.9 1 -9999.9 1 -9999.9 1 -9999.9 1    14.3 0 -9999.9 1
 1999 180  6 29 19  9 19.150  22.47  1081.4 0 -9999.9 1 -9999.9 1   203.4 0   302.0 0   311.1 0   309.9 0   449.0 0   294.0 0   294.2 0   226.9 0   477.8 0 -9999.9 1  -147.1 0 -9999.9 1 -9999.9 1 -9999.9 1 -9999.9 1    38.0 0 -9999.9 1
 1999 180  6 29 19 12 19.200  22.89  1195.5 0 -9999.9 1 -9999.9 1   195.0 0   309.2 0   311.2 0   310.2 0   452.7 0   294.0 0   294.4 0   247.4 0   523.1 0 -9999.9 1  -143.5 0 -9999.9 1 -9999.9 1 -9999.9 1 -9999.9 1    17.9 0 -9999.9 1
 1999 180  6 29 19 18 19.300  23.76  1166.3 0 -9999.9 1 -9999.9 1   187.7 0   306.9 0   311.2 0   309.5 0   448.1 0   294.1 0   294.4 0   238.6 0   512.6 0 -9999.9 1  -141.2 0 -9999.9 1 -9999.9 1 -9999.9 1 -9999.9 1    54.0 0 -9999.9 1
 1999 180  6 29 19 21 19.350  24.21   568.2 0 -9999.9 1 -9999.9 1   237.4 0   296.3 0   311.0 0   309.5 0   431.9 0   293.9 0   294.0 0   159.8 0   249.0 0 -9999.9 1  -135.7 0 -9999.9 1 -9999.9 1 -9999.9 1 -9999.9 1    56.0 0 -9999.9 1
 1999 180  6 29 19 24 19.400  24.67   778.5 0 -9999.9 1 -9999.9 1   229.8 0   307.2 0   310.7 0   308.9 0   428.3 0   293.6 0   293.6 0   179.7 2   349.5 0 -9999.9 1  -121.1 0 -9999.9 1 -9999.9 1 -9999.9 1 -9999.9 1    26.2 0 -9999.9 1
 1999 180  6 29 19 27 19.450  25.14  1134.1 0 -9999.9 1 -9999.9 1   318.7 0   313.1 0   310.7 0   309.9 0   451.4 0   293.5 0   293.9 0   230.9 2   493.3 0 -9999.9 1  -138.3 0 -9999.9 1 -9999.9 1 -9999.9 1 -9999.9 1    23.4 0 -9999.9 1
 1999 180  6 29 19 33 19.550  26.08  1146.0 0 -9999.9 1 -9999.9 1   244.8 0   308.8 0   311.2 0   310.0 0   450.3 0   294.0 0   294.4 0   223.0 0   504.6 0 -9999.9 1  -141.4 0 -9999.9 1 -9999.9 1 -9999.9 1 -9999.9 1    24.7 0 -9999.9 1
 1999 180  6 29 19 36 19.600  26.57  1133.3 0 -9999.9 1 -9999.9 1   172.5 0   302.5 0   311.4 0   310.3 0   450.7 0   294.2 0   294.5 0   228.5 0   498.8 0 -9999.9 1  -148.2 0 -9999.9 1 -9999.9 1 -9999.9 1 -9999.9 1    38.9 0 -9999.9 1
 1999 180  6 29 19 39 19.650  27.06   927.1 0 -9999.9 1 -9999.9 1   228.7 0   303.3 0   311.5 0   309.9 0   445.1 0   294.3 0   294.5 0   203.9 0   411.2 0 -9999.9 1  -141.7 0 -9999.9 1 -9999.9 1 -9999.9 1 -9999.9 1    46.7 0 -9999.9 1
 1999 180  6 29 19 42 19.700  27.55   972.8 0 -9999.9 1 -9999.9 1   258.9 0   302.7 0   311.4 0   310.7 0   449.7 0   294.2 0   294.5 0   204.1 0   426.7 0 -9999.9 1  -147.1 0 -9999.9 1 -9999.9 1 -9999.9 1 -9999.9 1    28.1 0 -9999.9 1
 1999 180  6 29 19 48 19.800  28.56   327.3 0 -9999.9 1 -9999.9 1   241.8 0   294.9 0   311.2 0   309.7 0   421.8 0   293.9 0   293.9 0   113.5 2   141.5 0 -9999.9 1  -126.9 0 -9999.9 1 -9999.9 1 -9999.9 1 -9999.9 1    63.4 0 -9999.9 1
 1999 180  6 29 19 51 19.850  29.07   850.1 0 -9999.9 1 -9999.9 1   204.5 0   302.6 0   311.2 0   309.7 0   434.6 0   293.8 0   294.0 0   178.2 2   382.1 0 -9999.9 1  -131.9 0 -9999.9 1 -9999.9 1 -9999.9 1 -9999.9 1    18.7 0 -9999.9 1
 1999 180  6 29 19 54 19.900  29.58  1124.6 0 -9999.9 1 -9999.9 1   192.9 0   300.1 0   311.4 0   310.8 0   450.4 0   293.9 0   294.4 0   218.8 2   492.3 0 -9999.9 1  -150.4 0 -9999.9 1 -9999.9 1 -9999.9 1 -9999.9 1    12.6 0 -9999.9 1
 1999 180  6 29 19 57 19.950  30.10  1145.7 0 -9999.9 1 -9999.9 1   228.4 0   302.7 0   311.7 0   310.8 0   456.3 0   294.1 0   294.5 0   218.0 2   501.7 0 -9999.9 1  -153.6 0 -9999.9 1 -9999.9 1 -9999.9 1 -9999.9 1    28.0 0 -9999.9 1
 1999 180  6 29 20  3 20.050  31.15   228.8 0 -9999.9 1 -9999.9 1   203.6 0   295.6 0   311.5 0   308.9 0   412.9 0   294.0 0   293.9 0    98.7 2   106.0 0 -9999.9 1  -117.2 0 -9999.9 1 -9999.9 1 -9999.9 1 -9999.9 1    38.5 0 -9999.9 1
 1999 180  6 29 20  6 20.100  31.68   826.4 0 -9999.9 1 -9999.9 1   212.6 0   292.5 0   311.3 0   309.8 0   431.0 0   293.6 0   293.8 0   170.8 2   374.7 0 -9999.9 1  -138.5 0 -9999.9 1 -9999.9 1 -9999.9 1 -9999.9 1    38.8 0 -9999.9 1
 1999 180  6 29 20  9 20.150  32.21  1095.3 0 -9999.9 1 -9999.9 1   189.1 0   294.7 0   311.3 0   310.2 0   443.8 0   293.5 0   293.9 0   198.9 2   481.0 0 -9999.9 1  -149.1 0 -9999.9 1 -9999.9 1 -9999.9 1 -9999.9 1    13.8 0 -9999.9 1
 1999 180  6 29 20 12 20.200  32.75  1005.5 0 -9999.9 1 -9999.9 1   190.1 0   299.1 0   311.6 0   310.5 0   444.4 0   293.8 0   294.2 0   180.5 2   438.8 0 -9999.9 1  -145.3 0 -9999.9 1 -9999.9 1 -9999.9 1 -9999.9 1    15.0 0 -9999.9 1
 1999 180  6 29 20 18 20.300  33.82   199.2 0 -9999.9 1 -9999.9 1   184.3 0   298.6 0   311.5 0   309.5 0   406.2 0   293.7 0   293.5 0    84.1 2    91.6 0 -9999.9 1  -107.6 0 -9999.9 1 -9999.9 1 -9999.9 1 -9999.9 1    33.1 0 -9999.9 1
 1999 180  6 29 20 21 20.350  34.37   184.8 0 -9999.9 1 -9999.9 1   169.3 0   293.0 0   311.2 0   308.9 0   402.4 0   293.2 0   293.1 0    82.5 2    86.1 0 -9999.9 1  -109.4 0 -9999.9 1 -9999.9 1 -9999.9 1 -9999.9 1    13.0 0 -9999.9 1
 1999 180  6 29 20 24 20.400  34.91   450.2 0 -9999.9 1 -9999.9 1   164.9 0   294.2 0   311.1 0   308.9 0   409.6 0   293.1 0   293.1 0   112.1 2   210.8 0 -9999.9 1  -115.4 0 -9999.9 1 -9999.9 1 -9999.9 1 -9999.9 1    14.1 0 -9999.9 1
 1999 180  6 29 20 27 20.450  35.46  1013.4 0 -9999.9 1 -9999.9 1   146.7 0   290.9 0   311.1 0   310.1 0   441.8 0   293.0 0   293.4 0   172.6 2   448.9 0 -9999.9 1  -151.0 0 -9999.9 1 -9999.9 1 -9999.9 1 -9999.9 1     2.8 0 -9999.9 1
 1999 180  6 29 20 33 20.550  36.56   976.1 0 -9999.9 1 -9999.9 1   131.9 0   295.0 0   311.6 0   310.3 0   445.6 0   293.6 0   293.9 0   161.5 2   433.3 0 -9999.9 1  -150.6 0 -9999.9 1 -9999.9 1 -9999.9 1 -9999.9 1    17.9 0 -9999.9 1
 1999 180  6 29 20 36 20.600  37.12   983.0 0 -9999.9 1 -9999.9 1   147.5 0   295.2 0   311.9 0   310.8 0   446.5 0   293.8 0   294.2 0   161.9 2   435.7 0 -9999.9 1  -151.3 0 -9999.9 1 -9999.9 1 -9999.9 1 -9999.9 1   350.6 0 -9999.9 1
 1999 180  6 29 20 39 20.650  37.67   996.7 0 -9999.9 1 -9999.9 1   172.1 0   295.9 0   312.2 0   311.5 0   449.2 0   294.2 0   294.6 0   162.7 2   441.9 0 -9999.9 1  -153.3 0 -9999.9 1 -9999.9 1 -9999.9 1 -9999.9 1   359.2 0 -9999.9 1
 1999 180  6 29 20 42 20.700  38.23   801.4 0 -9999.9 1 -9999.9 1   189.3 0   295.3 0   312.6 0   311.7 0   443.7 0   294.6 0   294.9 0   139.1 0   357.4 0 -9999.9 1  -148.3 0 -9999.9 1 -9999.9 1 -9999.9 1 -9999.9 1    15.7 0 -9999.9 1
 1999 180  6 29 20 48 20.800  39.35   436.8 0 -9999.9 1 -9999.9 1   146.8 0   293.0 0   312.9 0   311.1 0   423.2 0   294.9 0   294.9 0    96.7 0   202.7 0 -9999.9 1  -130.2 0 -9999.9 1 -9999.9 1 -9999.9 1 -9999.9 1     8.9 0 -9999.9 1
 1999 180  6 29 20 51 20.850  39.91   854.3 0 -9999.9 1 -9999.9 1   131.8 0   294.4 0   312.9 0   311.4 0   434.8 0   294.6 0   294.9 0   136.5 2   388.2 0 -9999.9 1  -140.4 0 -9999.9 1 -9999.9 1 -9999.9 1 -9999.9 1     8.8 0 -9999.9 1
 1999 180  6 29 20 54 20.900  40.47   914.3 0 -9999.9 1 -9999.9 1   127.0 0   290.3 0   313.0 0   312.2 0   443.9 0   294.6 0   295.0 0   143.0 2   408.0 0 -9999.9 1  -153.7 0 -9999.9 1 -9999.9 1 -9999.9 1 -9999.9 1    18.5 0 -9999.9 1
 1999 180  6 29 20 57 20.950  41.03   899.0 0 -9999.9 1 -9999.9 1   123.0 0   292.9 0   313.2 0   312.0 0   442.4 0   294.8 0   295.1 0   139.9 2   401.4 0 -9999.9 1  -149.5 0 -9999.9 1 -9999.9 1 -9999.9 1 -9999.9 1    10.6 0 -9999.9 1
 1999 180  6 29 21  3 21.050  42.17   898.8 0 -9999.9 1 -9999.9 1   136.5 0   301.9 0   313.6 0   312.0 0   441.8 0   294.9 0   295.2 0   133.0 2   400.3 0 -9999.9 1  -139.9 0 -9999.9 1 -9999.9 1 -9999.9 1 -9999.9 1     3.3 0 -9999.9 1
 1999 180  6 29 21  6 21.100  42.73   897.8 0 -9999.9 1 -9999.9 1   146.9 0   303.7 0   313.7 0   312.0 0   441.7 0   295.0 0   295.3 0   131.4 2   399.6 0 -9999.9 1  -138.0 0 -9999.9 1 -9999.9 1 -9999.9 1 -9999.9 1   359.1 0 -9999.9 1
 1999 180  6 29 21  9 21.150  43.30   883.6 0 -9999.9 1 -9999.9 1   149.6 0   308.5 0   314.0 0   312.2 0   441.1 0   295.2 0   295.5 0   126.1 0   392.5 0 -9999.9 1  -132.6 0 -9999.9 1 -9999.9 1 -9999.9 1 -9999.9 1     6.5 0 -9999.9 1
 1999 180  6 29 21 12 21.200  43.87   870.0 0 -9999.9 1 -9999.9 1   148.2 0   310.2 0   314.1 0   312.4 0   443.0 0   295.3 0   295.6 0   125.1 0   386.2 0 -9999.9 1  -132.7 0 -9999.9 1 -9999.9 1 -9999.9 1 -9999.9 1     4.9 0 -9999.9 1
 1999 180  6 29 21 18 21.300  45.01   865.4 0 -9999.9 1 -9999.9 1   158.0 0   311.1 0   314.2 0   312.5 0   443.6 0   295.3 0   295.6 0   117.4 0   385.9 0 -9999.9 1  -132.6 0 -9999.9 1 -9999.9 1 -9999.9 1 -9999.9 1     3.9 0 -9999.9 1
 1999 180  6 29 21 21 21.350  45.58   854.4 0 -9999.9 1 -9999.9 1   149.5 0   307.8 0   314.3 0   313.0 0   445.5 0   295.3 0   295.6 0   113.9 0   382.0 0 -9999.9 1  -137.7 0 -9999.9 1 -9999.9 1 -9999.9 1 -9999.9 1     9.2 0 -9999.9 1
 1999 180  6 29 21 24 21.400  46.15   841.8 0 -9999.9 1 -9999.9 1   150.3 0   305.9 0   314.3 0   313.0 0   446.5 0   295.4 0   295.7 0   110.8 0   375.9 0 -9999.9 1  -140.6 0 -9999.9 1 -9999.9 1 -9999.9 1 -9999.9 1   357.1 0 -9999.9 1
 1999 180  6 29 21 27 21.450  46.72   387.3 0 -9999.9 1 -9999.9 1   161.8 0   306.0 0   314.4 0   312.4 0   425.6 0   295.5 0   295.5 0    77.8 0   175.7 0 -9999.9 1  -119.5 0 -9999.9 1 -9999.9 1 -9999.9 1 -9999.9 1   359.1 0 -9999.9 1
 1999 180  6 29 21 33 21.550  47.86   459.1 0 -9999.9 1 -9999.9 1   141.8 0   302.8 0   314.1 0   312.1 0   424.4 0   295.1 0   295.2 0    76.4 0   206.7 0 -9999.9 1  -121.6 0 -9999.9 1 -9999.9 1 -9999.9 1 -9999.9 1   357.8 0 -9999.9 1
 1999 180  6 29 21 36 21.600  48.44   140.6 0 -9999.9 1 -9999.9 1   123.0 0   305.7 0   313.8 0   311.1 0   406.6 0   294.9 0   294.7 0    53.8 0    68.7 0 -9999.9 1  -101.0 0 -9999.9 1 -9999.9 1 -9999.9 1 -9999.9 1     6.6 0 -9999.9 1
 1999 180  6 29 21 39 21.650  49.01   143.0 0 -9999.9 1 -9999.9 1   126.2 0   303.1 0   313.4 0   311.0 0   404.2 0   294.5 0   294.3 0    52.0 0    69.8 0 -9999.9 1  -101.1 0 -9999.9 1 -9999.9 1 -9999.9 1 -9999.9 1     8.3 0 -9999.9 1
 1999 180  6 29 21 42 21.700  49.58   270.3 0 -9999.9 1 -9999.9 1   114.6 0   299.1 0   313.1 0   311.0 0   406.3 0   294.1 0   294.0 0    58.9 0   130.5 0 -9999.9 1  -107.2 0 -9999.9 1 -9999.9 1 -9999.9 1 -9999.9 1     6.6 0 -9999.9 1
 1999 180  6 29 21 48 21.800  50.73   697.2 0 -9999.9 1 -9999.9 1    90.2 0   296.3 0   313.2 0   311.9 0   435.8 0   294.0 0   294.4 0    83.2 0   316.8 0 -9999.9 1  -139.5 0 -9999.9 1 -9999.9 1 -9999.9 1 -9999.9 1    12.3 0 -9999.9 1
 1999 180  6 29 21 51 21.850  51.30   684.1 0 -9999.9 1 -9999.9 1    83.9 0   292.9 0   313.3 0   312.3 0   437.6 0   294.1 0   294.5 0    81.7 0   311.2 0 -9999.9 1  -144.7 0 -9999.9 1 -9999.9 1 -9999.9 1 -9999.9 1    23.0 0 -9999.9 1
 1999 180  6 29 21 54 21.900  51.88   666.7 0 -9999.9 1 -9999.9 1    79.7 0   296.7 0   313.5 0   311.8 0   435.5 0   294.3 0   294.7 0    79.8 0   304.0 0 -9999.9 1  -138.8 0 -9999.9 1 -9999.9 1 -9999.9 1 -9999.9 1     3.5 0 -9999.9 1
 1999 180  6 29 21 57 21.950  52.45   655.7 0 -9999.9 1 -9999.9 1    79.8 0   289.3 0   313.7 0   312.9 0   436.4 0   294.5 0   294.9 0    76.9 0   299.6 0 -9999.9 1  -147.1 0 -9999.9 1 -9999.9 1 -9999.9 1 -9999.9 1   359.2 0 -9999.9 1
 1999 180  6 29 22  3 22.050  53.60   485.0 0 -9999.9 1 -9999.9 1    83.7 0   291.1 0   313.8 0   312.5 0   424.5 0   294.7 0   294.9 0    62.9 0   228.3 0 -9999.9 1  -133.4 0 -9999.9 1 -9999.9 1 -9999.9 1 -9999.9 1   353.8 0 -9999.9 1
 1999 180  6 29 22  6 22.100  54.17   623.9 0 -9999.9 1 -9999.9 1    79.7 0   291.5 0   314.0 0   313.0 0   435.4 0   294.9 0   295.2 0    67.6 0   285.4 0 -9999.9 1  -143.9 0 -9999.9 1 -9999.9 1 -9999.9 1 -9999.9 1    10.5 0 -9999.9 1
 1999 180  6 29 22  9 22.150  54.75   617.8 0 -9999.9 1 -9999.9 1    80.4 0   298.5 0   314.3 0   312.3 0   432.2 0   295.1 0   295.3 0    66.2 0   283.6 0 -9999.9 1  -133.8 0 -9999.9 1 -9999.9 1 -9999.9 1 -9999.9 1    16.3 0 -9999.9 1
 1999 180  6 29 22 12 22.200  55.32   597.2 0 -9999.9 1 -9999.9 1    74.7 0   301.1 0   314.4 0   312.1 0   430.7 0   295.1 0   295.3 0    63.2 0   274.9 0 -9999.9 1  -129.6 0 -9999.9 1 -9999.9 1 -9999.9 1 -9999.9 1    23.2 0 -9999.9 1
 1999 180  6 29 22 18 22.300  56.46   578.6 0 -9999.9 1 -9999.9 1    73.6 0   292.0 0   314.5 0   313.0 0   430.8 0   295.0 0   295.2 0    58.6 0   266.1 0 -9999.9 1  -138.8 0 -9999.9 1 -9999.9 1 -9999.9 1 -9999.9 1     9.6 0 -9999.9 1
 1999 180  6 29 22 21 22.350  57.04   567.2 0 -9999.9 1 -9999.9 1    71.0 0   291.9 0   314.7 0   313.3 0   432.3 0   295.1 0   295.3 0    56.9 0   260.7 0 -9999.9 1  -140.4 0 -9999.9 1 -9999.9 1 -9999.9 1 -9999.9 1     6.1 0 -9999.9 1
 1999 180  6 29 22 24 22.400  57.61   550.5 0 -9999.9 1 -9999.9 1    67.3 0   296.1 0   314.8 0   313.0 0   430.8 0   295.2 0   295.4 0    54.5 0   253.3 0 -9999.9 1  -134.7 0 -9999.9 1 -9999.9 1 -9999.9 1 -9999.9 1     4.4 0 -9999.9 1
 1999 180  6 29 22 27 22.450  58.18   534.2 0 -9999.9 1 -9999.9 1    67.1 0   298.6 0   314.9 0   313.1 0   430.6 0   295.3 0   295.5 0    52.0 0   245.8 0 -9999.9 1  -132.0 0 -9999.9 1 -9999.9 1 -9999.9 1 -9999.9 1     6.7 0 -9999.9 1
 1999 180  6 29 22 33 22.550  59.32   510.6 0 -9999.9 1 -9999.9 1    69.1 0   298.8 0   315.2 0   313.6 0   429.9 0   295.4 0   295.6 0    47.6 0   235.3 0 -9999.9 1  -131.0 0 -9999.9 1 -9999.9 1 -9999.9 1 -9999.9 1    15.2 0 -9999.9 1
 1999 180  6 29 22 36 22.600  59.89   499.2 0 -9999.9 1 -9999.9 1    71.2 0   298.6 0   315.2 0   313.4 0   429.4 0   295.4 0   295.5 0    45.4 0   229.9 0 -9999.9 1  -130.8 0 -9999.9 1 -9999.9 1 -9999.9 1 -9999.9 1   343.4 0 -9999.9 1
 1999 180  6 29 22 39 22.650  60.46   486.8 0 -9999.9 1 -9999.9 1    70.6 0   301.3 0   315.3 0   313.6 0   429.0 0   295.4 0   295.6 0    43.4 0   224.1 0 -9999.9 1  -127.7 0 -9999.9 1 -9999.9 1 -9999.9 1 -9999.9 1     1.8 0 -9999.9 1
 1999 180  6 29 22 42 22.700  61.03   477.6 0 -9999.9 1 -9999.9 1    70.1 0   303.1 0   315.5 0   313.5 0   429.2 0   295.5 0   295.7 0    41.8 0   220.2 0 -9999.9 1  -126.1 0 -9999.9 1 -9999.9 1 -9999.9 1 -9999.9 1   349.4 0 -9999.9 1
 1999 180  6 29 22 48 22.800  62.17   458.8 0 -9999.9 1 -9999.9 1    68.2 0   297.6 0   315.4 0   313.7 0   426.4 0   295.3 0   295.5 0    38.3 0   212.4 0 -9999.9 1  -128.8 0 -9999.9 1 -9999.9 1 -9999.9 1 -9999.9 1   348.0 0 -9999.9 1
 1999 180  6 29 22 51 22.850  62.74   456.2 0 -9999.9 1 -9999.9 1    75.4 0   301.6 0   315.5 0   313.7 0   426.8 0   295.3 0   295.5 0    36.8 0   210.9 0 -9999.9 1  -125.2 0 -9999.9 1 -9999.9 1 -9999.9 1 -9999.9 1     7.2 0 -9999.9 1
 1999 180  6 29 22 54 22.900  63.30   453.0 0 -9999.9 1 -9999.9 1    87.0 0   305.0 0   315.6 0   313.8 0   426.6 0   295.3 0   295.5 0    34.8 0   208.6 0 -9999.9 1  -121.6 0 -9999.9 1 -9999.9 1 -9999.9 1 -9999.9 1    20.5 0 -9999.9 1
 1999 180  6 29 22 57 22.950  63.87   452.6 0 -9999.9 1 -9999.9 1    96.3 0   307.8 0   315.5 0   313.4 0   428.0 0   295.2 0   295.3 0    32.6 0   207.5 0 -9999.9 1  -120.2 0 -9999.9 1 -9999.9 1 -9999.9 1 -9999.9 1    33.0 0 -9999.9 1
 1999 180  6 29 23  3 23.050  65.00   212.4 0 -9999.9 1 -9999.9 1    85.6 0   306.0 0   315.2 0   312.3 0   412.1 0   294.7 0   294.7 0    25.8 0   102.7 0 -9999.9 1  -106.1 0 -9999.9 1 -9999.9 1 -9999.9 1 -9999.9 1    42.2 0 -9999.9 1
 1999 180  6 29 23  6 23.100  65.56   198.0 0 -9999.9 1 -9999.9 1    73.5 0   301.6 0   314.8 0   312.0 0   408.6 0   294.4 0   294.3 0    24.9 0    96.3 0 -9999.9 1  -106.9 0 -9999.9 1 -9999.9 1 -9999.9 1 -9999.9 1    38.6 0 -9999.9 1
 1999 180  6 29 23  9 23.150  66.13   107.7 0 -9999.9 1 -9999.9 1    66.3 0   295.7 0   314.3 0   311.8 0   401.5 0   294.0 0   293.9 0    22.8 2    58.8 0 -9999.9 1  -105.8 0 -9999.9 1 -9999.9 1 -9999.9 1 -9999.9 1    34.8 0 -9999.9 1
 1999 180  6 29 23 12 23.200  66.69   255.6 0 -9999.9 1 -9999.9 1    67.8 0   290.5 0   314.0 0   312.2 0   410.7 0   293.8 0   293.8 0    23.5 2   120.4 0 -9999.9 1  -120.1 0 -9999.9 1 -9999.9 1 -9999.9 1 -9999.9 1    33.7 0 -9999.9 1
 1999 180  6 29 23 18 23.300  67.81   361.8 0 -9999.9 1 -9999.9 1    68.2 0   292.2 0   314.0 0   312.5 0   418.9 0   293.8 0   294.0 0    23.3 0   167.7 0 -9999.9 1  -126.7 0 -9999.9 1 -9999.9 1 -9999.9 1 -9999.9 1    40.3 0 -9999.9 1
 1999 180  6 29 23 21 23.350  68.37   353.3 0 -9999.9 1 -9999.9 1    70.2 0   289.4 0   314.0 0   312.9 0   418.9 0   293.8 0   294.0 0    22.1 2   163.7 0 -9999.9 1  -129.5 0 -9999.9 1 -9999.9 1 -9999.9 1 -9999.9 1    39.0 0 -9999.9 1
 1999 180  6 29 23 24 23.400  68.93   343.4 0 -9999.9 1 -9999.9 1    73.7 0   294.9 0   314.3 0   313.0 0   419.3 0   294.1 0   294.2 0    20.9 0   158.9 0 -9999.9 1  -124.4 0 -9999.9 1 -9999.9 1 -9999.9 1 -9999.9 1    51.2 0 -9999.9 1
 1999 180  6 29 23 27 23.450  69.48   338.7 0 -9999.9 1 -9999.9 1    80.3 0   294.6 0   314.6 0   314.0 0   419.8 0   294.3 0   294.5 0    19.5 0   155.9 0 -9999.9 1  -125.2 0 -9999.9 1 -9999.9 1 -9999.9 1 -9999.9 1    34.5 0 -9999.9 1
 1999 180  6 29 23 33 23.550  70.59   229.0 0 -9999.9 1 -9999.9 1    89.3 0   314.2 0   315.1 0   313.2 0   414.9 0   294.7 0   294.7 0    16.3 0   105.4 0 -9999.9 1  -100.7 0 -9999.9 1 -9999.9 1 -9999.9 1 -9999.9 1     9.2 0 -9999.9 1
 1999 180  6 29 23 36 23.600  71.15   120.1 0 -9999.9 1 -9999.9 1    95.0 0   318.7 0   315.0 0   312.6 0   405.9 0   294.6 0   294.5 0    14.5 0    60.9 0 -9999.9 1   -87.2 0 -9999.9 1 -9999.9 1 -9999.9 1 -9999.9 1   328.0 0 -9999.9 1
 1999 180  6 29 23 39 23.650  71.70   127.9 0 -9999.9 1 -9999.9 1   102.7 0   322.8 0   314.7 0   312.4 0   406.0 0   294.4 0   294.2 0    13.3 0    62.3 0 -9999.9 1   -83.2 0 -9999.9 1 -9999.9 1 -9999.9 1 -9999.9 1   325.5 0 -9999.9 1
 1999 180  6 29 23 42 23.700  72.25   114.6 0 -9999.9 1 -9999.9 1   102.6 0   330.2 0   314.5 0   312.1 0   404.8 0   294.1 0   294.0 0    12.1 0    56.0 0 -9999.9 1   -74.6 0 -9999.9 1 -9999.9 1 -9999.9 1 -9999.9 1   319.6 0 -9999.9 1
 1999 180  6 29 23 48 23.800  73.35   134.9 0 -9999.9 1 -9999.9 1   101.5 0   327.5 0   313.9 0   311.6 0   407.6 0   293.6 0   293.5 0    11.0 0    63.7 0 -9999.9 1   -80.2 0 -9999.9 1 -9999.9 1 -9999.9 1 -9999.9 1   304.8 0 -9999.9 1
 1999 180  6 29 23 51 23.850  73.90   104.9 0 -9999.9 1 -9999.9 1    94.8 0   325.4 0   313.6 0   311.2 0   404.6 0   293.4 0   293.3 0    10.4 0    51.4 0 -9999.9 1   -79.1 0 -9999.9 1 -9999.9 1 -9999.9 1 -9999.9 1   311.4 0 -9999.9 1
 1999 180  6 29 23 54 23.900  74.45    93.3 0 -9999.9 1 -9999.9 1    82.9 0   318.9 0   313.3 0   311.1 0   402.9 0   293.2 0   293.1 0    10.2 0    47.0 0 -9999.9 1   -84.0 0 -9999.9 1 -9999.9 1 -9999.9 1 -9999.9 1   322.6 0 -9999.9 1
 1999 180  6 29 23 57 23.950  74.99   131.2 0 -9999.9 1 -9999.9 1    70.4 0   309.1 0   312.9 0   311.1 0   403.8 0   292.9 0   292.9 0    10.0 0    62.6 0 -9999.9 1   -94.6 0 -9999.9 1 -9999.9 1 -9999.9 1 -9999.9 1   328.9 0 -9999.9 1
