 Bondville
   40.05  -88.37  213 m version 1
 1999 198  7 17  0  3  0.050  76.77   152.3 0 -9999.9 1 -9999.9 1    83.1 0   354.0 0   317.8 0   315.9 0   443.5 0   300.5 0   300.5 0     8.3 2    71.0 0 -9999.9 1   -89.5 0 -9999.9 1 -9999.9 1 -9999.9 1 -9999.9 1   209.6 0 -9999.9 1
 1999 198  7 17  0  6  0.100  77.32   143.8 0 -9999.9 1 -9999.9 1    80.4 0   353.5 0   317.7 0   315.9 0   442.9 0   300.4 0   300.4 0     7.8 2    67.1 0 -9999.9 1   -89.4 0 -9999.9 1 -9999.9 1 -9999.9 1 -9999.9 1   214.4 0 -9999.9 1
 1999 198  7 17  0  9  0.150  77.86   132.6 0 -9999.9 1 -9999.9 1    77.1 0   355.0 0   317.6 0   315.7 0   442.2 0   300.3 0   300.3 0     7.1 2    61.3 0 -9999.9 1   -87.2 0 -9999.9 1 -9999.9 1 -9999.9 1 -9999.9 1   213.5 0 -9999.9 1
 1999 198  7 17  0 12  0.200  78.41   124.5 0 -9999.9 1 -9999.9 1    73.9 0   354.3 0   317.5 0   315.7 0   441.3 0   300.2 0   300.2 0     6.5 2    57.4 0 -9999.9 1   -87.0 0 -9999.9 1 -9999.9 1 -9999.9 1 -9999.9 1   209.2 0 -9999.9 1
 1999 198  7 17  0 18  0.300  79.49   108.1 0 -9999.9 1 -9999.9 1    69.0 0   353.5 0   317.4 0   315.4 0   440.0 0   300.0 0   300.0 0     5.5 2    50.1 0 -9999.9 1   -86.5 0 -9999.9 1 -9999.9 1 -9999.9 1 -9999.9 1   205.4 0 -9999.9 1
 1999 198  7 17  0 21  0.350  80.02   100.1 0 -9999.9 1 -9999.9 1    64.7 0   351.1 0   317.3 0   315.6 0   439.3 0   300.0 0   299.9 0     4.9 2    46.6 0 -9999.9 1   -88.3 0 -9999.9 1 -9999.9 1 -9999.9 1 -9999.9 1   204.9 0 -9999.9 1
 1999 198  7 17  0 24  0.400  80.56    93.4 0 -9999.9 1 -9999.9 1    62.6 0   354.5 0   317.2 0   315.1 0   439.5 0   299.9 0   299.8 0     4.3 2    43.7 0 -9999.9 1   -85.0 0 -9999.9 1 -9999.9 1 -9999.9 1 -9999.9 1   204.1 0 -9999.9 1
 1999 198  7 17  0 27  0.450  81.09    85.9 0 -9999.9 1 -9999.9 1    58.9 0   354.1 0   317.1 0   315.0 0   438.7 0   299.8 0   299.7 0     4.0 2    40.3 0 -9999.9 1   -84.6 0 -9999.9 1 -9999.9 1 -9999.9 1 -9999.9 1   202.3 0 -9999.9 1
 1999 198  7 17  0 33  0.550  82.15    69.6 0 -9999.9 1 -9999.9 1    50.6 0   351.1 0   316.8 0   314.7 0   436.6 0   299.5 0   299.4 0     3.2 2    32.9 0 -9999.9 1   -85.5 0 -9999.9 1 -9999.9 1 -9999.9 1 -9999.9 1   198.1 0 -9999.9 1
 1999 198  7 17  0 36  0.600  82.68    63.0 0 -9999.9 1 -9999.9 1    46.8 0   351.4 0   316.6 0   314.5 0   435.9 0   299.4 0   299.3 0     2.9 2    29.9 0 -9999.9 1   -84.5 0 -9999.9 1 -9999.9 1 -9999.9 1 -9999.9 1   196.9 0 -9999.9 1
 1999 198  7 17  0 39  0.650  83.20    56.8 0 -9999.9 1 -9999.9 1    43.2 0   350.6 0   316.4 0   314.4 0   434.8 0   299.3 0   299.2 0     2.6 2    27.2 0 -9999.9 1   -84.2 0 -9999.9 1 -9999.9 1 -9999.9 1 -9999.9 1   199.9 0 -9999.9 1
 1999 198  7 17  0 42  0.700  83.72    50.4 0 -9999.9 1 -9999.9 1    39.9 0   350.1 0   316.2 0   314.2 0   433.7 0   299.1 0   299.0 0     2.3 2    24.5 0 -9999.9 1   -83.6 0 -9999.9 1 -9999.9 1 -9999.9 1 -9999.9 1   201.3 0 -9999.9 1
 1999 198  7 17  0 48  0.800  84.76    38.9 0 -9999.9 1 -9999.9 1    32.3 0   349.7 0   315.8 0   313.8 0   432.2 0   298.9 0   298.7 0     1.7 2    19.4 0 -9999.9 1   -82.5 0 -9999.9 1 -9999.9 1 -9999.9 1 -9999.9 1   202.2 0 -9999.9 1
 1999 198  7 17  0 51  0.850  85.27    33.5 0 -9999.9 1 -9999.9 1    28.3 0   348.3 0   315.7 0   313.7 0   431.1 0   298.7 0   298.6 0     1.5 2    17.0 0 -9999.9 1   -82.8 0 -9999.9 1 -9999.9 1 -9999.9 1 -9999.9 1   199.7 0 -9999.9 1
 1999 198  7 17  0 54  0.900  85.77    28.8 0 -9999.9 1 -9999.9 1    24.8 0   348.9 0   315.5 0   313.5 0   430.1 0   298.6 0   298.5 0     1.3 2    15.0 0 -9999.9 1   -81.3 0 -9999.9 1 -9999.9 1 -9999.9 1 -9999.9 1   198.7 0 -9999.9 1
 1999 198  7 17  0 57  0.950  86.27    24.1 0 -9999.9 1 -9999.9 1    21.3 0   348.5 0   315.3 0   313.3 0   429.4 0   298.5 0   298.4 0     1.1 2    13.0 0 -9999.9 1   -80.9 0 -9999.9 1 -9999.9 1 -9999.9 1 -9999.9 1   201.1 0 -9999.9 1
 1999 198  7 17  1  3  1.050  87.26    16.1 0 -9999.9 1 -9999.9 1    15.0 0   347.8 0   314.9 0   312.9 0   427.5 0   298.2 0   298.1 0     0.8 2     9.4 0 -9999.9 1   -79.7 0 -9999.9 1 -9999.9 1 -9999.9 1 -9999.9 1   202.6 0 -9999.9 1
 1999 198  7 17  1  6  1.100  87.74    12.1 0 -9999.9 1 -9999.9 1    11.8 0   347.3 0   314.6 0   312.7 0   426.5 0   298.1 0   297.9 0     0.7 2     7.8 0 -9999.9 1   -79.2 0 -9999.9 1 -9999.9 1 -9999.9 1 -9999.9 1   201.0 0 -9999.9 1
 1999 198  7 17  1  9  1.150  88.20     7.5 0 -9999.9 1 -9999.9 1     7.3 0   346.5 0   314.4 0   312.5 0   426.1 0   297.9 0   297.8 0     0.6 2     5.8 0 -9999.9 1   -79.5 0 -9999.9 1 -9999.9 1 -9999.9 1 -9999.9 1   199.4 0 -9999.9 1
 1999 198  7 17  1 12  1.200  88.66     4.5 0 -9999.9 1 -9999.9 1     4.9 0   346.2 0   314.2 0   312.1 0   425.6 0   297.7 0   297.6 0     0.5 2     4.4 0 -9999.9 1   -79.4 0 -9999.9 1 -9999.9 1 -9999.9 1 -9999.9 1   198.1 0 -9999.9 1
 1999 198  7 17  1 18  1.300  89.50     1.8 0 -9999.9 1 -9999.9 1     2.0 0   344.6 0   313.7 0   311.8 0   423.9 0   297.4 0   297.3 0     0.3 2     2.7 0 -9999.9 1   -79.3 0 -9999.9 1 -9999.9 1 -9999.9 1 -9999.9 1   202.4 0 -9999.9 1
 1999 198  7 17  1 21  1.350  89.87     0.2 0 -9999.9 1 -9999.9 1     0.3 0   345.5 0   313.5 0   311.5 0   423.4 0   297.3 0   297.2 0     0.2 2     2.0 0 -9999.9 1   -77.9 0 -9999.9 1 -9999.9 1 -9999.9 1 -9999.9 1   199.6 0 -9999.9 1
 1999 198  7 17  1 24  1.400  91.08    -1.0 0 -9999.9 1 -9999.9 1     0.2 0   345.9 0   313.3 0   311.2 0   423.2 0   297.1 0   297.0 0     0.0 2     1.4 0 -9999.9 1   -77.3 0 -9999.9 1 -9999.9 1 -9999.9 1 -9999.9 1   201.1 0 -9999.9 1
 1999 198  7 17  1 27  1.450  91.58    -1.9 0 -9999.9 1 -9999.9 1    -0.2 0   345.5 0   313.0 0   311.0 0   423.5 0   297.0 0   296.9 0     0.0 2     0.9 0 -9999.9 1   -78.0 0 -9999.9 1 -9999.9 1 -9999.9 1 -9999.9 1   202.0 0 -9999.9 1
 1999 198  7 17  1 33  1.550  92.57    -3.1 0 -9999.9 1 -9999.9 1    -0.6 0   342.5 0   312.5 0   310.5 0   421.8 0   296.7 0   296.6 0     0.0 2     0.3 0 -9999.9 1   -79.3 0 -9999.9 1 -9999.9 1 -9999.9 1 -9999.9 1   204.2 0 -9999.9 1
 1999 198  7 17  1 36  1.600  93.06    -3.3 0 -9999.9 1 -9999.9 1    -0.9 0   340.6 0   312.3 0   310.4 0   420.2 0   296.6 0   296.4 0     0.0 2     0.2 0 -9999.9 1   -79.6 0 -9999.9 1 -9999.9 1 -9999.9 1 -9999.9 1   205.7 0 -9999.9 1
 1999 198  7 17  1 39  1.650  93.55    -3.4 0 -9999.9 1 -9999.9 1    -1.4 0   339.1 0   312.1 0   310.3 0   418.8 0   296.4 0   296.3 0     0.0 2     0.0 0 -9999.9 1   -79.7 0 -9999.9 1 -9999.9 1 -9999.9 1 -9999.9 1   201.6 0 -9999.9 1
 1999 198  7 17  1 42  1.700  94.04    -3.5 0 -9999.9 1 -9999.9 1    -1.3 0   339.8 0   311.9 0   310.0 0   417.9 0   296.3 0   296.2 0     0.0 2     0.0 0 -9999.9 1   -78.1 0 -9999.9 1 -9999.9 1 -9999.9 1 -9999.9 1   197.4 0 -9999.9 1
 1999 198  7 17  1 48  1.800  95.00    -3.9 0 -9999.9 1 -9999.9 1    -1.0 0   340.0 0   311.5 0   309.4 0   417.6 0   296.1 0   296.0 0     0.0 2    -0.1 0 -9999.9 1   -77.6 0 -9999.9 1 -9999.9 1 -9999.9 1 -9999.9 1   188.9 0 -9999.9 1
 1999 198  7 17  1 51  1.850  95.48    -4.0 0 -9999.9 1 -9999.9 1    -0.8 0   339.4 0   311.3 0   309.4 0   417.2 0   296.0 0   295.9 0     0.0 2    -0.2 0 -9999.9 1   -77.8 0 -9999.9 1 -9999.9 1 -9999.9 1 -9999.9 1   191.0 0 -9999.9 1
 1999 198  7 17  1 54  1.900  95.96    -3.9 0 -9999.9 1 -9999.9 1    -1.0 0   338.7 0   311.2 0   309.4 0   416.2 0   295.9 0   295.8 0     0.0 2    -0.2 0 -9999.9 1   -77.5 0 -9999.9 1 -9999.9 1 -9999.9 1 -9999.9 1   196.1 0 -9999.9 1
 1999 198  7 17  1 57  1.950  96.43    -3.8 0 -9999.9 1 -9999.9 1    -1.3 0   338.5 0   311.1 0   309.3 0   414.7 0   295.8 0   295.7 0     0.0 2    -0.1 0 -9999.9 1   -76.3 0 -9999.9 1 -9999.9 1 -9999.9 1 -9999.9 1   194.3 0 -9999.9 1
 1999 198  7 17  2  3  2.050  97.37    -3.6 0 -9999.9 1 -9999.9 1    -2.0 0   339.4 0   310.8 0   309.0 0   413.0 0   295.6 0   295.5 0     0.0 2    -0.1 0 -9999.9 1   -73.6 0 -9999.9 1 -9999.9 1 -9999.9 1 -9999.9 1   186.4 0 -9999.9 1
 1999 198  7 17  2  6  2.100  97.83    -3.7 0 -9999.9 1 -9999.9 1    -1.8 0   340.0 0   310.7 0   308.9 0   413.2 0   295.5 0   295.4 0     0.0 2    -0.1 0 -9999.9 1   -73.2 0 -9999.9 1 -9999.9 1 -9999.9 1 -9999.9 1   188.0 0 -9999.9 1
 1999 198  7 17  2  9  2.150  98.29    -3.6 0 -9999.9 1 -9999.9 1    -1.9 0   339.8 0   310.6 0   308.9 0   413.2 0   295.5 0   295.3 0     0.0 2    -0.1 0 -9999.9 1   -73.3 0 -9999.9 1 -9999.9 1 -9999.9 1 -9999.9 1   191.2 0 -9999.9 1
 1999 198  7 17  2 12  2.200  98.75    -3.6 0 -9999.9 1 -9999.9 1    -1.5 0   340.4 0   310.5 0   308.7 0   412.9 0   295.4 0   295.3 0     0.0 2    -0.2 0 -9999.9 1   -72.5 0 -9999.9 1 -9999.9 1 -9999.9 1 -9999.9 1   187.2 0 -9999.9 1
 1999 198  7 17  2 18  2.300  99.65    -3.9 0 -9999.9 1 -9999.9 1    -1.2 0   340.8 0   310.3 0   308.4 0   413.4 0   295.1 0   295.1 0     0.0 2    -0.1 0 -9999.9 1   -72.6 0 -9999.9 1 -9999.9 1 -9999.9 1 -9999.9 1   190.2 0 -9999.9 1
 1999 198  7 17  2 21  2.350 100.10    -4.0 0 -9999.9 1 -9999.9 1    -0.9 0   340.8 0   310.2 0   308.3 0   413.9 0   295.1 0   295.0 0     0.0 2    -0.1 0 -9999.9 1   -73.1 0 -9999.9 1 -9999.9 1 -9999.9 1 -9999.9 1   191.6 0 -9999.9 1
 1999 198  7 17  2 24  2.400 100.54    -4.1 0 -9999.9 1 -9999.9 1    -0.6 0   341.2 0   310.1 0   308.1 0   414.5 0   295.0 0   294.9 0     0.0 2    -0.1 0 -9999.9 1   -73.4 0 -9999.9 1 -9999.9 1 -9999.9 1 -9999.9 1   191.3 0 -9999.9 1
 1999 198  7 17  2 27  2.450 100.98    -4.3 0 -9999.9 1 -9999.9 1    -0.2 0   342.4 0   310.0 0   308.0 0   415.8 0   295.0 0   294.9 0     0.0 2    -0.2 0 -9999.9 1   -73.4 0 -9999.9 1 -9999.9 1 -9999.9 1 -9999.9 1   192.8 0 -9999.9 1
 1999 198  7 17  2 33  2.550 101.85    -4.6 0 -9999.9 1 -9999.9 1     0.1 0   343.3 0   309.8 0   308.0 0   418.9 0   295.0 0   295.0 0     0.0 2    -0.1 0 -9999.9 1   -75.6 0 -9999.9 1 -9999.9 1 -9999.9 1 -9999.9 1   199.5 0 -9999.9 1
 1999 198  7 17  2 36  2.600 102.28    -4.6 0 -9999.9 1 -9999.9 1     0.7 0   343.7 0   309.7 0   307.9 0   419.1 0   295.0 0   295.0 0     0.0 2    -0.1 0 -9999.9 1   -75.4 0 -9999.9 1 -9999.9 1 -9999.9 1 -9999.9 1   199.5 0 -9999.9 1
 1999 198  7 17  2 39  2.650 102.71    -4.8 0 -9999.9 1 -9999.9 1     0.8 0   344.5 0   309.7 0   307.9 0   419.0 0   295.1 0   295.0 0     0.0 2    -0.1 0 -9999.9 1   -74.5 0 -9999.9 1 -9999.9 1 -9999.9 1 -9999.9 1   198.8 0 -9999.9 1
 1999 198  7 17  2 42  2.700 103.13    -4.7 0 -9999.9 1 -9999.9 1     0.4 0   344.8 0   309.6 0   307.8 0   419.3 0   295.1 0   295.1 0     0.0 2    -0.1 0 -9999.9 1   -74.5 0 -9999.9 1 -9999.9 1 -9999.9 1 -9999.9 1   198.7 0 -9999.9 1
 1999 198  7 17  2 48  2.800 103.96    -4.9 0 -9999.9 1 -9999.9 1     1.1 0   345.2 0   309.3 0   307.5 0   419.0 0   295.0 0   295.0 0     0.0 2    -0.1 0 -9999.9 1   -73.7 0 -9999.9 1 -9999.9 1 -9999.9 1 -9999.9 1   199.1 0 -9999.9 1
 1999 198  7 17  2 51  2.850 104.37    -4.9 0 -9999.9 1 -9999.9 1     1.0 0   344.2 0   309.3 0   307.5 0   418.1 0   295.0 0   295.0 0     0.0 2    -0.2 0 -9999.9 1   -73.9 0 -9999.9 1 -9999.9 1 -9999.9 1 -9999.9 1   201.1 0 -9999.9 1
 1999 198  7 17  2 54  2.900 104.77    -4.7 0 -9999.9 1 -9999.9 1     0.6 0   344.7 0   309.2 0   307.4 0   417.5 0   295.0 0   294.9 0     0.0 2    -0.2 0 -9999.9 1   -72.9 0 -9999.9 1 -9999.9 1 -9999.9 1 -9999.9 1   204.1 0 -9999.9 1
 1999 198  7 17  2 57  2.950 105.18    -4.7 0 -9999.9 1 -9999.9 1     0.5 0   343.3 0   309.1 0   307.4 0   416.7 0   295.0 0   294.9 0     0.0 2    -0.2 0 -9999.9 1   -73.4 0 -9999.9 1 -9999.9 1 -9999.9 1 -9999.9 1   201.5 0 -9999.9 1
 1999 198  7 17  3  3  3.050 105.96    -4.5 0 -9999.9 1 -9999.9 1     0.0 0   342.6 0   308.9 0   307.2 0   415.9 0   294.8 0   294.7 0     0.0 2    -0.2 0 -9999.9 1   -73.3 0 -9999.9 1 -9999.9 1 -9999.9 1 -9999.9 1   199.8 0 -9999.9 1
 1999 198  7 17  3  6  3.100 106.35    -4.4 0 -9999.9 1 -9999.9 1    -0.2 0   343.2 0   308.8 0   307.2 0   415.7 0   294.7 0   294.6 0     0.0 2    -0.2 0 -9999.9 1   -72.5 0 -9999.9 1 -9999.9 1 -9999.9 1 -9999.9 1   203.0 0 -9999.9 1
 1999 198  7 17  3  9  3.150 106.74    -4.3 0 -9999.9 1 -9999.9 1     0.1 0   343.4 0   308.8 0   307.2 0   415.5 0   294.7 0   294.6 0     0.0 2    -0.2 0 -9999.9 1   -72.1 0 -9999.9 1 -9999.9 1 -9999.9 1 -9999.9 1   202.3 0 -9999.9 1
 1999 198  7 17  3 12  3.200 107.12    -4.2 0 -9999.9 1 -9999.9 1    -0.1 0   342.8 0   308.7 0   307.2 0   414.9 0   294.6 0   294.5 0     0.0 2    -0.2 0 -9999.9 1   -72.2 0 -9999.9 1 -9999.9 1 -9999.9 1 -9999.9 1   201.0 0 -9999.9 1
 1999 198  7 17  3 18  3.300 107.86    -4.1 0 -9999.9 1 -9999.9 1    -0.3 0   343.2 0   308.6 0   307.0 0   413.6 0   294.4 0   294.3 0     0.0 2    -0.2 0 -9999.9 1   -70.4 0 -9999.9 1 -9999.9 1 -9999.9 1 -9999.9 1   196.0 0 -9999.9 1
 1999 198  7 17  3 21  3.350 108.22    -4.1 0 -9999.9 1 -9999.9 1    -0.3 0   343.8 0   308.5 0   307.0 0   413.3 0   294.3 0   294.3 0     0.0 2    -0.1 0 -9999.9 1   -69.5 0 -9999.9 1 -9999.9 1 -9999.9 1 -9999.9 1   199.2 0 -9999.9 1
 1999 198  7 17  3 24  3.400 108.58    -4.0 0 -9999.9 1 -9999.9 1    -0.6 0   343.4 0   308.5 0   307.1 0   413.0 0   294.3 0   294.2 0     0.0 2    -0.1 0 -9999.9 1   -69.6 0 -9999.9 1 -9999.9 1 -9999.9 1 -9999.9 1   203.2 0 -9999.9 1
 1999 198  7 17  3 27  3.450 108.94    -3.8 0 -9999.9 1 -9999.9 1    -0.8 0   343.5 0   308.5 0   307.1 0   412.4 0   294.2 0   294.1 0     0.0 2    -0.1 0 -9999.9 1   -68.9 0 -9999.9 1 -9999.9 1 -9999.9 1 -9999.9 1   202.0 0 -9999.9 1
 1999 198  7 17  3 33  3.550 109.63    -3.9 0 -9999.9 1 -9999.9 1    -0.6 0   344.8 0   308.5 0   306.9 0   412.2 0   294.1 0   294.0 0     0.0 2    -0.1 0 -9999.9 1   -67.5 0 -9999.9 1 -9999.9 1 -9999.9 1 -9999.9 1   193.4 0 -9999.9 1
 1999 198  7 17  3 36  3.600 109.97    -3.9 0 -9999.9 1 -9999.9 1    -0.6 0   344.7 0   308.5 0   306.9 0   411.8 0   294.1 0   294.0 0     0.0 2    -0.1 0 -9999.9 1   -67.1 0 -9999.9 1 -9999.9 1 -9999.9 1 -9999.9 1   189.3 0 -9999.9 1
 1999 198  7 17  3 39  3.650 110.31    -3.8 0 -9999.9 1 -9999.9 1    -1.0 0   344.0 0   308.5 0   306.9 0   410.5 0   294.0 0   293.9 0     0.0 2    -0.1 0 -9999.9 1   -66.5 0 -9999.9 1 -9999.9 1 -9999.9 1 -9999.9 1   181.9 0 -9999.9 1
 1999 198  7 17  3 42  3.700 110.64    -3.7 0 -9999.9 1 -9999.9 1    -1.9 0   343.5 0   308.4 0   306.9 0   408.8 0   293.9 0   293.8 0     0.0 2    -0.2 0 -9999.9 1   -65.3 0 -9999.9 1 -9999.9 1 -9999.9 1 -9999.9 1   172.5 0 -9999.9 1
 1999 198  7 17  3 48  3.800 111.28    -3.4 0 -9999.9 1 -9999.9 1    -2.7 0   342.5 0   308.3 0   306.7 0   408.1 0   293.7 0   293.6 0     0.0 2    -0.1 0 -9999.9 1   -65.6 0 -9999.9 1 -9999.9 1 -9999.9 1 -9999.9 1   174.9 0 -9999.9 1
 1999 198  7 17  3 51  3.850 111.59    -3.4 0 -9999.9 1 -9999.9 1    -2.6 0   343.0 0   308.3 0   306.9 0   407.6 0   293.6 0   293.5 0     0.0 2    -0.1 0 -9999.9 1   -64.7 0 -9999.9 1 -9999.9 1 -9999.9 1 -9999.9 1   187.3 0 -9999.9 1
 1999 198  7 17  3 54  3.900 111.90    -3.2 0 -9999.9 1 -9999.9 1    -2.5 0   342.7 0   308.3 0   307.0 0   407.2 0   293.5 0   293.3 0     0.0 2    -0.1 0 -9999.9 1   -64.5 0 -9999.9 1 -9999.9 1 -9999.9 1 -9999.9 1   192.6 0 -9999.9 1
 1999 198  7 17  3 57  3.950 112.20    -3.2 0 -9999.9 1 -9999.9 1    -2.2 0   342.6 0   308.2 0   306.7 0   407.0 0   293.3 0   293.2 0     0.0 2    -0.1 0 -9999.9 1   -64.4 0 -9999.9 1 -9999.9 1 -9999.9 1 -9999.9 1   194.4 0 -9999.9 1
 1999 198  7 17  4  3  4.050 112.78    -3.5 0 -9999.9 1 -9999.9 1    -2.6 0   341.8 0   308.2 0   306.6 0   406.7 0   293.2 0   293.1 0     0.0 2    -0.1 0 -9999.9 1   -65.0 0 -9999.9 1 -9999.9 1 -9999.9 1 -9999.9 1   187.4 0 -9999.9 1
 1999 198  7 17  4  6  4.100 113.06    -3.4 0 -9999.9 1 -9999.9 1    -2.7 0   341.6 0   308.2 0   306.7 0   406.3 0   293.1 0   293.0 0     0.0 2    -0.1 0 -9999.9 1   -64.7 0 -9999.9 1 -9999.9 1 -9999.9 1 -9999.9 1   184.1 0 -9999.9 1
 1999 198  7 17  4  9  4.150 113.34    -3.3 0 -9999.9 1 -9999.9 1    -2.9 0   341.4 0   308.2 0   306.8 0   406.1 0   293.1 0   293.0 0     0.0 2    -0.1 0 -9999.9 1   -64.7 0 -9999.9 1 -9999.9 1 -9999.9 1 -9999.9 1   187.5 0 -9999.9 1
 1999 198  7 17  4 12  4.200 113.61    -3.3 0 -9999.9 1 -9999.9 1    -2.6 0   342.4 0   308.3 0   306.9 0   406.3 0   293.0 0   292.9 0     0.0 2    -0.2 0 -9999.9 1   -63.9 0 -9999.9 1 -9999.9 1 -9999.9 1 -9999.9 1   190.3 0 -9999.9 1
 1999 198  7 17  4 18  4.300 114.14    -3.4 0 -9999.9 1 -9999.9 1    -2.1 0   342.6 0   308.2 0   306.6 0   406.8 0   292.9 0   292.8 0     0.0 2    -0.1 0 -9999.9 1   -64.2 0 -9999.9 1 -9999.9 1 -9999.9 1 -9999.9 1   196.5 0 -9999.9 1
 1999 198  7 17  4 21  4.350 114.39    -3.7 0 -9999.9 1 -9999.9 1    -2.0 0   343.2 0   308.2 0   306.5 0   406.9 0   292.8 0   292.7 0     0.0 2    -0.1 0 -9999.9 1   -63.7 0 -9999.9 1 -9999.9 1 -9999.9 1 -9999.9 1   193.6 0 -9999.9 1
 1999 198  7 17  4 24  4.400 114.63    -3.8 0 -9999.9 1 -9999.9 1    -1.8 0   342.9 0   308.2 0   306.5 0   406.7 0   292.8 0   292.7 0     0.0 2    -0.1 0 -9999.9 1   -63.8 0 -9999.9 1 -9999.9 1 -9999.9 1 -9999.9 1   192.1 0 -9999.9 1
 1999 198  7 17  4 27  4.450 114.87    -3.7 0 -9999.9 1 -9999.9 1    -1.9 0   343.1 0   308.2 0   306.5 0   406.8 0   292.7 0   292.6 0     0.0 2    -0.1 0 -9999.9 1   -63.7 0 -9999.9 1 -9999.9 1 -9999.9 1 -9999.9 1   192.9 0 -9999.9 1
 1999 198  7 17  4 33  4.550 115.33    -3.7 0 -9999.9 1 -9999.9 1    -1.4 0   350.0 0   308.2 0   306.6 0   407.7 0   292.6 0   292.6 0     0.0 2    -0.1 0 -9999.9 1   -57.8 0 -9999.9 1 -9999.9 1 -9999.9 1 -9999.9 1   201.2 0 -9999.9 1
 1999 198  7 17  4 36  4.600 115.55    -3.5 0 -9999.9 1 -9999.9 1    -1.8 0   360.6 0   308.2 0   306.8 0   408.7 0   292.7 0   292.6 0     0.0 2    -0.1 0 -9999.9 1   -48.1 0 -9999.9 1 -9999.9 1 -9999.9 1 -9999.9 1   204.3 0 -9999.9 1
 1999 198  7 17  4 39  4.650 115.76    -3.5 0 -9999.9 1 -9999.9 1    -1.7 0   365.2 0   308.2 0   306.8 0   409.3 0   292.6 0   292.6 0     0.0 2    -0.1 0 -9999.9 1   -44.1 0 -9999.9 1 -9999.9 1 -9999.9 1 -9999.9 1   206.8 0 -9999.9 1
 1999 198  7 17  4 42  4.700 115.97    -3.4 0 -9999.9 1 -9999.9 1    -1.4 0   358.9 0   308.2 0   306.8 0   409.7 0   292.6 0   292.6 0     0.0 2    -0.1 0 -9999.9 1   -50.8 0 -9999.9 1 -9999.9 1 -9999.9 1 -9999.9 1   205.9 0 -9999.9 1
 1999 198  7 17  4 48  4.800 116.35    -3.9 0 -9999.9 1 -9999.9 1    -0.9 0   354.1 0   308.2 0   306.7 0   410.9 0   292.6 0   292.6 0     0.0 2    -0.2 0 -9999.9 1   -56.8 0 -9999.9 1 -9999.9 1 -9999.9 1 -9999.9 1   209.4 0 -9999.9 1
 1999 198  7 17  4 51  4.850 116.54    -3.9 0 -9999.9 1 -9999.9 1    -0.7 0   367.3 0   308.2 0   306.8 0   412.5 0   292.7 0   292.6 0     0.0 2    -0.1 0 -9999.9 1   -45.2 0 -9999.9 1 -9999.9 1 -9999.9 1 -9999.9 1   212.6 0 -9999.9 1
 1999 198  7 17  4 54  4.900 116.72    -4.0 0 -9999.9 1 -9999.9 1    -0.3 0   373.4 0   308.3 0   306.8 0   414.1 0   292.7 0   292.7 0     0.0 2    -0.1 0 -9999.9 1   -40.7 0 -9999.9 1 -9999.9 1 -9999.9 1 -9999.9 1   212.4 0 -9999.9 1
 1999 198  7 17  4 57  4.950 116.88    -4.1 0 -9999.9 1 -9999.9 1     0.0 0   371.5 0   308.3 0   306.7 0   414.7 0   292.8 0   292.7 0     0.0 2    -0.1 0 -9999.9 1   -43.2 0 -9999.9 1 -9999.9 1 -9999.9 1 -9999.9 1   211.2 0 -9999.9 1
 1999 198  7 17  5  3  5.050 117.20    -4.3 0 -9999.9 1 -9999.9 1     0.5 0   360.0 0   308.3 0   306.7 0   415.1 0   292.9 0   292.9 0     0.0 2    -0.1 0 -9999.9 1   -55.0 0 -9999.9 1 -9999.9 1 -9999.9 1 -9999.9 1   206.4 0 -9999.9 1
 1999 198  7 17  5  6  5.100 117.35    -4.4 0 -9999.9 1 -9999.9 1     0.4 0   357.5 0   308.4 0   306.6 0   415.0 0   292.9 0   292.9 0     0.0 2    -0.1 0 -9999.9 1   -57.6 0 -9999.9 1 -9999.9 1 -9999.9 1 -9999.9 1   205.8 0 -9999.9 1
 1999 198  7 17  5  9  5.150 117.49    -4.6 0 -9999.9 1 -9999.9 1     0.7 0   356.5 0   308.4 0   306.6 0   414.9 0   293.0 0   293.0 0     0.0 2    -0.1 0 -9999.9 1   -58.4 0 -9999.9 1 -9999.9 1 -9999.9 1 -9999.9 1   205.7 0 -9999.9 1
 1999 198  7 17  5 12  5.200 117.62    -4.6 0 -9999.9 1 -9999.9 1     0.6 0   360.7 0   308.4 0   306.6 0   415.1 0   293.1 0   293.1 0     0.0 2    -0.1 0 -9999.9 1   -54.4 0 -9999.9 1 -9999.9 1 -9999.9 1 -9999.9 1   205.5 0 -9999.9 1
 1999 198  7 17  5 18  5.300 117.86    -4.6 0 -9999.9 1 -9999.9 1     0.9 0   361.0 0   308.3 0   306.5 0   415.5 0   293.1 0   293.1 0     0.0 2    -0.1 0 -9999.9 1   -54.5 0 -9999.9 1 -9999.9 1 -9999.9 1 -9999.9 1   203.5 0 -9999.9 1
 1999 198  7 17  5 21  5.350 117.97    -4.6 0 -9999.9 1 -9999.9 1     1.0 0   362.1 0   308.2 0   306.5 0   415.3 0   293.2 0   293.2 0     0.0 2    -0.1 0 -9999.9 1   -53.2 0 -9999.9 1 -9999.9 1 -9999.9 1 -9999.9 1   205.2 0 -9999.9 1
 1999 198  7 17  5 24  5.400 118.07    -4.5 0 -9999.9 1 -9999.9 1     0.5 0   361.6 0   308.2 0   306.5 0   415.3 0   293.2 0   293.2 0     0.0 2    -0.1 0 -9999.9 1   -53.7 0 -9999.9 1 -9999.9 1 -9999.9 1 -9999.9 1   206.8 0 -9999.9 1
 1999 198  7 17  5 27  5.450 118.17    -4.4 0 -9999.9 1 -9999.9 1     0.4 0   360.2 0   308.1 0   306.5 0   415.1 0   293.2 0   293.2 0     0.0 2    -0.1 0 -9999.9 1   -54.9 0 -9999.9 1 -9999.9 1 -9999.9 1 -9999.9 1   209.2 0 -9999.9 1
 1999 198  7 17  5 33  5.550 118.33    -4.2 0 -9999.9 1 -9999.9 1     0.5 0   365.0 0   308.1 0   306.4 0   414.9 0   293.2 0   293.2 0     0.0 2    -0.1 0 -9999.9 1   -49.9 0 -9999.9 1 -9999.9 1 -9999.9 1 -9999.9 1   209.6 0 -9999.9 1
 1999 198  7 17  5 36  5.600 118.40    -4.3 0 -9999.9 1 -9999.9 1     0.4 0   363.9 0   308.0 0   306.3 0   415.0 0   293.2 0   293.2 0     0.0 2    -0.1 0 -9999.9 1   -51.1 0 -9999.9 1 -9999.9 1 -9999.9 1 -9999.9 1   207.3 0 -9999.9 1
 1999 198  7 17  5 39  5.650 118.47    -4.3 0 -9999.9 1 -9999.9 1     0.4 0   365.0 0   308.0 0   306.3 0   414.7 0   293.2 0   293.2 0     0.0 2    -0.2 0 -9999.9 1   -49.7 0 -9999.9 1 -9999.9 1 -9999.9 1 -9999.9 1   208.8 0 -9999.9 1
 1999 198  7 17  5 42  5.700 118.52    -4.3 0 -9999.9 1 -9999.9 1     0.5 0   365.2 0   307.9 0   306.3 0   414.7 0   293.2 0   293.2 0     0.0 2    -0.1 0 -9999.9 1   -49.5 0 -9999.9 1 -9999.9 1 -9999.9 1 -9999.9 1   208.3 0 -9999.9 1
 1999 198  7 17  5 48  5.800 118.61    -4.3 0 -9999.9 1 -9999.9 1     0.8 0   362.9 0   307.8 0   306.1 0   414.7 0   293.2 0   293.2 0     0.0 2    -0.1 0 -9999.9 1   -51.8 0 -9999.9 1 -9999.9 1 -9999.9 1 -9999.9 1   204.6 0 -9999.9 1
 1999 198  7 17  5 51  5.850 118.64    -4.2 0 -9999.9 1 -9999.9 1     0.7 0   359.8 0   307.8 0   306.2 0   414.5 0   293.2 0   293.2 0     0.0 2    -0.1 0 -9999.9 1   -54.6 0 -9999.9 1 -9999.9 1 -9999.9 1 -9999.9 1   207.6 0 -9999.9 1
 1999 198  7 17  5 54  5.900 118.66    -4.2 0 -9999.9 1 -9999.9 1     0.3 0   365.1 0   307.8 0   306.2 0   414.2 0   293.2 0   293.1 0     0.0 2    -0.1 0 -9999.9 1   -49.1 0 -9999.9 1 -9999.9 1 -9999.9 1 -9999.9 1   211.4 0 -9999.9 1
 1999 198  7 17  5 57  5.950 118.68    -4.1 0 -9999.9 1 -9999.9 1     0.4 0   374.5 0   307.8 0   306.2 0   414.9 0   293.2 0   293.1 0     0.0 2    -0.1 0 -9999.9 1   -40.4 0 -9999.9 1 -9999.9 1 -9999.9 1 -9999.9 1   211.2 0 -9999.9 1
 1999 198  7 17  6  3  6.050 118.68    -4.0 0 -9999.9 1 -9999.9 1     0.4 0   364.4 0   307.8 0   306.1 0   414.9 0   293.2 0   293.1 0     0.0 2    -0.1 0 -9999.9 1   -50.5 0 -9999.9 1 -9999.9 1 -9999.9 1 -9999.9 1   209.1 0 -9999.9 1
 1999 198  7 17  6  6  6.100 118.67    -4.1 0 -9999.9 1 -9999.9 1     0.8 0   369.2 0   307.7 0   306.1 0   415.2 0   293.2 0   293.1 0     0.0 2    -0.1 0 -9999.9 1   -46.0 0 -9999.9 1 -9999.9 1 -9999.9 1 -9999.9 1   211.8 0 -9999.9 1
 1999 198  7 17  6  9  6.150 118.66    -4.1 0 -9999.9 1 -9999.9 1     0.4 0   376.9 0   307.8 0   306.2 0   415.8 0   293.2 0   293.2 0     0.0 2    -0.2 0 -9999.9 1   -38.9 0 -9999.9 1 -9999.9 1 -9999.9 1 -9999.9 1   216.6 0 -9999.9 1
 1999 198  7 17  6 12  6.200 118.63    -3.9 0 -9999.9 1 -9999.9 1     0.3 0   379.7 0   307.8 0   306.2 0   415.9 0   293.2 0   293.2 0     0.0 2    -0.1 0 -9999.9 1   -36.2 0 -9999.9 1 -9999.9 1 -9999.9 1 -9999.9 1   218.4 0 -9999.9 1
 1999 198  7 17  6 18  6.300 118.56    -3.9 0 -9999.9 1 -9999.9 1     0.6 0   373.9 0   307.8 0   306.2 0   415.7 0   293.2 0   293.2 0     0.0 2    -0.1 0 -9999.9 1   -41.8 0 -9999.9 1 -9999.9 1 -9999.9 1 -9999.9 1   225.4 0 -9999.9 1
 1999 198  7 17  6 21  6.350 118.51    -3.9 0 -9999.9 1 -9999.9 1     0.4 0   367.2 0   307.8 0   306.2 0   415.2 0   293.2 0   293.2 0     0.0 2    -0.1 0 -9999.9 1   -48.0 0 -9999.9 1 -9999.9 1 -9999.9 1 -9999.9 1   224.8 0 -9999.9 1
 1999 198  7 17  6 24  6.400 118.45    -3.9 0 -9999.9 1 -9999.9 1     0.3 0   365.5 0   307.8 0   306.3 0   414.6 0   293.2 0   293.2 0     0.0 2    -0.1 0 -9999.9 1   -49.1 0 -9999.9 1 -9999.9 1 -9999.9 1 -9999.9 1   221.6 0 -9999.9 1
 1999 198  7 17  6 27  6.450 118.39    -3.8 0 -9999.9 1 -9999.9 1     0.2 0   373.6 0   307.8 0   306.3 0   414.8 0   293.2 0   293.1 0     0.0 2    -0.1 0 -9999.9 1   -41.2 0 -9999.9 1 -9999.9 1 -9999.9 1 -9999.9 1   223.0 0 -9999.9 1
 1999 198  7 17  6 33  6.550 118.24    -3.8 0 -9999.9 1 -9999.9 1     0.1 0   377.4 0   307.8 0   306.2 0   415.7 0   293.2 0   293.1 0     0.0 2    -0.1 0 -9999.9 1   -38.3 0 -9999.9 1 -9999.9 1 -9999.9 1 -9999.9 1   215.3 0 -9999.9 1
 1999 198  7 17  6 36  6.600 118.15    -3.8 0 -9999.9 1 -9999.9 1     0.0 0   376.1 0   307.8 0   306.2 0   415.5 0   293.1 0   293.1 0     0.0 2    -0.1 0 -9999.9 1   -39.4 0 -9999.9 1 -9999.9 1 -9999.9 1 -9999.9 1   213.1 0 -9999.9 1
 1999 198  7 17  6 39  6.650 118.05    -3.9 0 -9999.9 1 -9999.9 1     0.4 0   375.5 0   307.8 0   306.2 0   415.5 0   293.1 0   293.1 0     0.0 2    -0.2 0 -9999.9 1   -40.0 0 -9999.9 1 -9999.9 1 -9999.9 1 -9999.9 1   210.1 0 -9999.9 1
 1999 198  7 17  6 42  6.700 117.95    -4.0 0 -9999.9 1 -9999.9 1     0.5 0   375.2 0   307.8 0   306.1 0   416.2 0   293.2 0   293.1 0     0.0 2    -0.1 0 -9999.9 1   -41.0 0 -9999.9 1 -9999.9 1 -9999.9 1 -9999.9 1   210.8 0 -9999.9 1
 1999 198  7 17  6 48  6.800 117.72    -4.0 0 -9999.9 1 -9999.9 1     0.7 0   366.5 0   307.8 0   306.2 0   415.9 0   293.2 0   293.1 0     0.0 2    -0.1 0 -9999.9 1   -49.4 0 -9999.9 1 -9999.9 1 -9999.9 1 -9999.9 1   214.4 0 -9999.9 1
 1999 198  7 17  6 51  6.850 117.59    -4.1 0 -9999.9 1 -9999.9 1     0.8 0   356.3 0   307.8 0   306.1 0   415.2 0   293.2 0   293.2 0     0.0 2    -0.1 0 -9999.9 1   -59.0 0 -9999.9 1 -9999.9 1 -9999.9 1 -9999.9 1   213.2 0 -9999.9 1
 1999 198  7 17  6 54  6.900 117.46    -4.3 0 -9999.9 1 -9999.9 1     0.7 0   350.6 0   307.8 0   306.1 0   414.4 0   293.3 0   293.2 0     0.0 2    -0.2 0 -9999.9 1   -63.9 0 -9999.9 1 -9999.9 1 -9999.9 1 -9999.9 1   209.3 0 -9999.9 1
 1999 198  7 17  6 57  6.950 117.32    -4.2 0 -9999.9 1 -9999.9 1     0.2 0   347.5 0   307.8 0   306.2 0   413.7 0   293.2 0   293.2 0     0.0 2    -0.1 0 -9999.9 1   -66.2 0 -9999.9 1 -9999.9 1 -9999.9 1 -9999.9 1   211.0 0 -9999.9 1
 1999 198  7 17  7  3  7.050 117.01    -4.2 0 -9999.9 1 -9999.9 1    -0.1 0   345.0 0   307.7 0   306.1 0   412.4 0   293.2 0   293.2 0     0.0 2    -0.2 0 -9999.9 1   -67.4 0 -9999.9 1 -9999.9 1 -9999.9 1 -9999.9 1   210.6 0 -9999.9 1
 1999 198  7 17  7  6  7.100 116.85    -4.1 0 -9999.9 1 -9999.9 1    -0.4 0   343.8 0   307.7 0   306.1 0   411.8 0   293.2 0   293.1 0     0.0 2    -0.1 0 -9999.9 1   -68.0 0 -9999.9 1 -9999.9 1 -9999.9 1 -9999.9 1   211.6 0 -9999.9 1
 1999 198  7 17  7  9  7.150 116.68    -4.1 0 -9999.9 1 -9999.9 1    -0.3 0   344.5 0   307.7 0   306.0 0   411.6 0   293.1 0   293.1 0     0.0 2    -0.1 0 -9999.9 1   -67.1 0 -9999.9 1 -9999.9 1 -9999.9 1 -9999.9 1   214.3 0 -9999.9 1
 1999 198  7 17  7 12  7.200 116.50    -4.1 0 -9999.9 1 -9999.9 1    -0.3 0   344.7 0   307.6 0   305.9 0   411.5 0   293.1 0   293.0 0     0.0 2    -0.1 0 -9999.9 1   -66.9 0 -9999.9 1 -9999.9 1 -9999.9 1 -9999.9 1   216.3 0 -9999.9 1
 1999 198  7 17  7 18  7.300 116.12    -4.2 0 -9999.9 1 -9999.9 1     0.0 0   347.2 0   307.5 0   305.8 0   411.6 0   293.0 0   292.9 0     0.0 2    -0.1 0 -9999.9 1   -64.4 0 -9999.9 1 -9999.9 1 -9999.9 1 -9999.9 1   211.8 0 -9999.9 1
 1999 198  7 17  7 21  7.350 115.92    -4.2 0 -9999.9 1 -9999.9 1     0.0 0   347.8 0   307.5 0   305.7 0   412.2 0   292.9 0   292.9 0     0.0 2    -0.1 0 -9999.9 1   -64.4 0 -9999.9 1 -9999.9 1 -9999.9 1 -9999.9 1   209.3 0 -9999.9 1
 1999 198  7 17  7 24  7.400 115.72    -4.3 0 -9999.9 1 -9999.9 1     0.4 0   350.9 0   307.4 0   305.6 0   412.5 0   292.9 0   292.9 0     0.0 2    -0.2 0 -9999.9 1   -61.6 0 -9999.9 1 -9999.9 1 -9999.9 1 -9999.9 1   210.8 0 -9999.9 1
 1999 198  7 17  7 27  7.450 115.50    -4.3 0 -9999.9 1 -9999.9 1     0.7 0   349.5 0   307.4 0   305.6 0   412.7 0   292.9 0   292.9 0     0.0 2    -0.2 0 -9999.9 1   -63.2 0 -9999.9 1 -9999.9 1 -9999.9 1 -9999.9 1   213.0 0 -9999.9 1
 1999 198  7 17  7 33  7.550 115.06    -4.5 0 -9999.9 1 -9999.9 1     0.9 0   348.0 0   307.3 0   305.5 0   412.9 0   293.0 0   292.9 0     0.0 2    -0.2 0 -9999.9 1   -64.9 0 -9999.9 1 -9999.9 1 -9999.9 1 -9999.9 1   215.4 0 -9999.9 1
 1999 198  7 17  7 36  7.600 114.82    -4.5 0 -9999.9 1 -9999.9 1     0.9 0   348.2 0   307.2 0   305.5 0   412.9 0   293.0 0   292.9 0     0.0 2    -0.2 0 -9999.9 1   -64.7 0 -9999.9 1 -9999.9 1 -9999.9 1 -9999.9 1   219.0 0 -9999.9 1
 1999 198  7 17  7 39  7.650 114.58    -4.4 0 -9999.9 1 -9999.9 1     0.8 0   350.8 0   307.2 0   305.5 0   412.5 0   293.0 0   292.9 0     0.0 2    -0.2 0 -9999.9 1   -61.7 0 -9999.9 1 -9999.9 1 -9999.9 1 -9999.9 1   220.9 0 -9999.9 1
 1999 198  7 17  7 42  7.700 114.34    -4.3 0 -9999.9 1 -9999.9 1     0.9 0   354.4 0   307.1 0   305.4 0   412.7 0   293.0 0   292.9 0     0.0 2    -0.1 0 -9999.9 1   -58.3 0 -9999.9 1 -9999.9 1 -9999.9 1 -9999.9 1   222.1 0 -9999.9 1
 1999 198  7 17  7 48  7.800 113.82    -4.5 0 -9999.9 1 -9999.9 1     1.1 0   354.8 0   307.0 0   305.2 0   413.3 0   292.9 0   292.9 0     0.0 2    -0.1 0 -9999.9 1   -58.5 0 -9999.9 1 -9999.9 1 -9999.9 1 -9999.9 1   224.0 0 -9999.9 1
 1999 198  7 17  7 51  7.850 113.56    -4.4 0 -9999.9 1 -9999.9 1     1.2 0   353.9 0   306.9 0   305.1 0   413.3 0   292.9 0   292.9 0     0.0 2    -0.1 0 -9999.9 1   -59.4 0 -9999.9 1 -9999.9 1 -9999.9 1 -9999.9 1   228.2 0 -9999.9 1
 1999 198  7 17  7 54  7.900 113.28    -4.5 0 -9999.9 1 -9999.9 1     1.1 0   352.9 0   306.8 0   305.0 0   413.5 0   293.0 0   292.9 0     0.0 2    -0.1 0 -9999.9 1   -60.7 0 -9999.9 1 -9999.9 1 -9999.9 1 -9999.9 1   229.5 0 -9999.9 1
 1999 198  7 17  7 57  7.950 113.01    -4.5 0 -9999.9 1 -9999.9 1     0.8 0   351.6 0   306.8 0   305.0 0   413.0 0   293.0 0   292.9 0     0.0 2    -0.1 0 -9999.9 1   -61.4 0 -9999.9 1 -9999.9 1 -9999.9 1 -9999.9 1   233.4 0 -9999.9 1
 1999 198  7 17  8  3  8.050 112.43    -4.6 0 -9999.9 1 -9999.9 1     1.1 0   349.5 0   306.6 0   304.8 0   412.5 0   293.0 0   292.9 0     0.0 2    -0.1 0 -9999.9 1   -63.0 0 -9999.9 1 -9999.9 1 -9999.9 1 -9999.9 1   232.5 0 -9999.9 1
 1999 198  7 17  8  6  8.100 112.14    -4.6 0 -9999.9 1 -9999.9 1     1.0 0   349.4 0   306.5 0   304.7 0   412.3 0   292.9 0   292.9 0     0.0 2    -0.1 0 -9999.9 1   -62.9 0 -9999.9 1 -9999.9 1 -9999.9 1 -9999.9 1   230.3 0 -9999.9 1
 1999 198  7 17  8  9  8.150 111.83    -4.5 0 -9999.9 1 -9999.9 1     0.7 0   350.3 0   306.5 0   304.7 0   412.3 0   292.9 0   292.9 0     0.0 2    -0.2 0 -9999.9 1   -62.0 0 -9999.9 1 -9999.9 1 -9999.9 1 -9999.9 1   234.4 0 -9999.9 1
 1999 198  7 17  8 12  8.200 111.53    -4.6 0 -9999.9 1 -9999.9 1     0.6 0   353.3 0   306.4 0   304.6 0   412.5 0   292.9 0   292.9 0     0.0 2    -0.2 0 -9999.9 1   -59.1 0 -9999.9 1 -9999.9 1 -9999.9 1 -9999.9 1   233.2 0 -9999.9 1
 1999 198  7 17  8 18  8.300 110.89    -4.4 0 -9999.9 1 -9999.9 1     0.3 0   350.9 0   306.3 0   304.5 0   411.9 0   292.9 0   292.8 0     0.0 2    -0.1 0 -9999.9 1   -60.9 0 -9999.9 1 -9999.9 1 -9999.9 1 -9999.9 1   229.7 0 -9999.9 1
 1999 198  7 17  8 21  8.350 110.57    -4.4 0 -9999.9 1 -9999.9 1     0.0 0   350.4 0   306.2 0   304.5 0   411.8 0   292.9 0   292.8 0     0.0 2    -0.1 0 -9999.9 1   -61.5 0 -9999.9 1 -9999.9 1 -9999.9 1 -9999.9 1   228.6 0 -9999.9 1
 1999 198  7 17  8 24  8.400 110.24    -4.4 0 -9999.9 1 -9999.9 1     0.2 0   352.1 0   306.2 0   304.4 0   411.7 0   292.9 0   292.8 0     0.0 2    -0.2 0 -9999.9 1   -59.5 0 -9999.9 1 -9999.9 1 -9999.9 1 -9999.9 1   231.1 0 -9999.9 1
 1999 198  7 17  8 27  8.450 109.90    -4.4 0 -9999.9 1 -9999.9 1     0.5 0   355.1 0   306.2 0   304.4 0   412.0 0   292.9 0   292.8 0     0.0 2    -0.1 0 -9999.9 1   -56.9 0 -9999.9 1 -9999.9 1 -9999.9 1 -9999.9 1   230.1 0 -9999.9 1
 1999 198  7 17  8 33  8.550 109.22    -4.3 0 -9999.9 1 -9999.9 1     0.9 0   350.3 0   306.1 0   304.4 0   411.0 0   292.8 0   292.7 0     0.0 2    -0.1 0 -9999.9 1   -60.7 0 -9999.9 1 -9999.9 1 -9999.9 1 -9999.9 1   223.3 0 -9999.9 1
 1999 198  7 17  8 36  8.600 108.87    -4.4 0 -9999.9 1 -9999.9 1     0.7 0   349.1 0   306.0 0   304.3 0   410.7 0   292.7 0   292.7 0     0.0 2    -0.2 0 -9999.9 1   -61.7 0 -9999.9 1 -9999.9 1 -9999.9 1 -9999.9 1   220.4 0 -9999.9 1
 1999 198  7 17  8 39  8.650 108.51    -4.4 0 -9999.9 1 -9999.9 1     0.4 0   350.3 0   306.0 0   304.4 0   410.7 0   292.7 0   292.6 0     0.0 2    -0.2 0 -9999.9 1   -60.4 0 -9999.9 1 -9999.9 1 -9999.9 1 -9999.9 1   220.0 0 -9999.9 1
 1999 198  7 17  8 42  8.700 108.15    -4.3 0 -9999.9 1 -9999.9 1     1.0 0   348.9 0   306.0 0   304.2 0   410.9 0   292.7 0   292.6 0     0.0 2    -0.1 0 -9999.9 1   -62.1 0 -9999.9 1 -9999.9 1 -9999.9 1 -9999.9 1   221.3 0 -9999.9 1
 1999 198  7 17  8 48  8.800 107.41    -4.4 0 -9999.9 1 -9999.9 1     0.4 0   345.0 0   306.0 0   304.3 0   410.2 0   292.7 0   292.6 0     0.0 2    -0.1 0 -9999.9 1   -65.2 0 -9999.9 1 -9999.9 1 -9999.9 1 -9999.9 1   225.8 0 -9999.9 1
 1999 198  7 17  8 51  8.850 107.04    -4.3 0 -9999.9 1 -9999.9 1     0.4 0   346.5 0   306.0 0   304.2 0   410.6 0   292.6 0   292.6 0     0.0 2    -0.1 0 -9999.9 1   -64.1 0 -9999.9 1 -9999.9 1 -9999.9 1 -9999.9 1   223.6 0 -9999.9 1
 1999 198  7 17  8 54  8.900 106.66    -4.3 0 -9999.9 1 -9999.9 1     0.5 0   351.7 0   306.0 0   304.2 0   410.8 0   292.6 0   292.6 0     0.0 2    -0.1 0 -9999.9 1   -59.1 0 -9999.9 1 -9999.9 1 -9999.9 1 -9999.9 1   227.4 0 -9999.9 1
 1999 198  7 17  8 57  8.950 106.27    -4.3 0 -9999.9 1 -9999.9 1     0.4 0   357.9 0   305.9 0   304.2 0   410.8 0   292.6 0   292.5 0     0.0 2    -0.1 0 -9999.9 1   -52.8 0 -9999.9 1 -9999.9 1 -9999.9 1 -9999.9 1   233.5 0 -9999.9 1
 1999 198  7 17  9  3  9.050 105.49    -4.1 0 -9999.9 1 -9999.9 1    -0.3 0   370.9 0   305.9 0   304.2 0   411.9 0   292.6 0   292.5 0     0.0 2    -0.1 0 -9999.9 1   -41.0 0 -9999.9 1 -9999.9 1 -9999.9 1 -9999.9 1   241.5 0 -9999.9 1
 1999 198  7 17  9  6  9.100 105.09    -4.1 0 -9999.9 1 -9999.9 1    -0.4 0   376.6 0   305.9 0   304.1 0   413.3 0   292.6 0   292.6 0     0.0 2    -0.1 0 -9999.9 1   -36.8 0 -9999.9 1 -9999.9 1 -9999.9 1 -9999.9 1   248.9 0 -9999.9 1
 1999 198  7 17  9  9  9.150 104.69    -4.3 0 -9999.9 1 -9999.9 1    -0.3 0   378.0 0   305.8 0   304.0 0   414.8 0   292.6 0   292.6 0     0.0 2    -0.1 0 -9999.9 1   -36.8 0 -9999.9 1 -9999.9 1 -9999.9 1 -9999.9 1   251.9 0 -9999.9 1
 1999 198  7 17  9 12  9.200 104.28    -4.5 0 -9999.9 1 -9999.9 1     0.3 0   381.3 0   305.8 0   303.9 0   415.5 0   292.7 0   292.7 0     0.0 2    -0.1 0 -9999.9 1   -34.2 0 -9999.9 1 -9999.9 1 -9999.9 1 -9999.9 1   252.7 0 -9999.9 1
 1999 198  7 17  9 18  9.300 103.46    -4.5 0 -9999.9 1 -9999.9 1     0.4 0   387.7 0   305.5 0   303.7 0   415.9 0   292.8 0   292.8 0     0.0 2    -0.1 0 -9999.9 1   -28.2 0 -9999.9 1 -9999.9 1 -9999.9 1 -9999.9 1   260.8 0 -9999.9 1
 1999 198  7 17  9 21  9.350 103.04    -4.5 0 -9999.9 1 -9999.9 1     0.6 0   390.1 0   305.4 0   303.6 0   416.3 0   292.8 0   292.8 0     0.0 2    -0.2 0 -9999.9 1   -26.2 0 -9999.9 1 -9999.9 1 -9999.9 1 -9999.9 1   259.4 0 -9999.9 1
 1999 198  7 17  9 24  9.400 102.62    -4.6 0 -9999.9 1 -9999.9 1     1.1 0   391.2 0   305.3 0   303.5 0   416.5 0   292.9 0   292.9 0     0.0 2    -0.1 0 -9999.9 1   -25.3 0 -9999.9 1 -9999.9 1 -9999.9 1 -9999.9 1   260.4 0 -9999.9 1
 1999 198  7 17  9 27  9.450 102.19    -4.6 0 -9999.9 1 -9999.9 1     0.7 0   392.6 0   305.2 0   303.4 0   416.3 0   292.9 0   292.9 0     0.0 2    -0.1 0 -9999.9 1   -23.7 0 -9999.9 1 -9999.9 1 -9999.9 1 -9999.9 1   265.1 0 -9999.9 1
 1999 198  7 17  9 33  9.550 101.33    -4.5 0 -9999.9 1 -9999.9 1     1.7 0   386.6 0   304.9 0   303.0 0   416.3 0   293.0 0   292.9 0     0.0 2    -0.2 0 -9999.9 1   -29.7 0 -9999.9 1 -9999.9 1 -9999.9 1 -9999.9 1   276.5 0 -9999.9 1
 1999 198  7 17  9 36  9.600 100.89    -4.6 0 -9999.9 1 -9999.9 1     1.3 0   378.5 0   304.8 0   303.0 0   415.9 0   293.0 0   293.0 0     0.0 2    -0.1 0 -9999.9 1   -37.4 0 -9999.9 1 -9999.9 1 -9999.9 1 -9999.9 1   281.4 0 -9999.9 1
 1999 198  7 17  9 39  9.650 100.45    -4.5 0 -9999.9 1 -9999.9 1     1.1 0   372.7 0   304.7 0   303.0 0   415.0 0   293.0 0   293.0 0     0.0 2    -0.1 0 -9999.9 1   -42.3 0 -9999.9 1 -9999.9 1 -9999.9 1 -9999.9 1   280.8 0 -9999.9 1
 1999 198  7 17  9 42  9.700 100.01    -4.4 0 -9999.9 1 -9999.9 1     0.8 0   362.9 0   304.6 0   303.0 0   415.1 0   293.0 0   293.0 0     0.0 2    -0.2 0 -9999.9 1   -52.2 0 -9999.9 1 -9999.9 1 -9999.9 1 -9999.9 1   268.5 0 -9999.9 1
 1999 198  7 17  9 48  9.800  99.11    -4.7 0 -9999.9 1 -9999.9 1     0.3 0   351.2 0   304.5 0   302.7 0   413.0 0   293.0 0   293.0 0     0.0 2    -0.1 0 -9999.9 1   -61.8 0 -9999.9 1 -9999.9 1 -9999.9 1 -9999.9 1   280.6 0 -9999.9 1
 1999 198  7 17  9 51  9.850  98.65    -4.6 0 -9999.9 1 -9999.9 1     0.1 0   351.3 0   304.3 0   302.5 0   412.6 0   293.0 0   292.9 0     0.0 2    -0.1 0 -9999.9 1   -61.3 0 -9999.9 1 -9999.9 1 -9999.9 1 -9999.9 1   280.3 0 -9999.9 1
 1999 198  7 17  9 54  9.900  98.19    -4.8 0 -9999.9 1 -9999.9 1     0.6 0   350.6 0   304.2 0   302.4 0   412.7 0   293.0 0   292.9 0     0.0 2    -0.2 0 -9999.9 1   -62.1 0 -9999.9 1 -9999.9 1 -9999.9 1 -9999.9 1   285.1 0 -9999.9 1
 1999 198  7 17  9 57  9.950  97.73    -4.6 0 -9999.9 1 -9999.9 1     0.9 0   349.9 0   304.2 0   302.4 0   412.6 0   293.0 0   292.9 0     0.0 2    -0.1 0 -9999.9 1   -62.7 0 -9999.9 1 -9999.9 1 -9999.9 1 -9999.9 1   290.6 0 -9999.9 1
 1999 198  7 17 10  3 10.050  96.80    -4.7 0 -9999.9 1 -9999.9 1     0.7 0   351.3 0   303.9 0   302.2 0   412.5 0   293.0 0   292.9 0     0.0 2    -0.1 0 -9999.9 1   -61.3 0 -9999.9 1 -9999.9 1 -9999.9 1 -9999.9 1   297.2 0 -9999.9 1
 1999 198  7 17 10  6 10.100  96.33    -4.6 0 -9999.9 1 -9999.9 1     0.5 0   351.9 0   303.8 0   302.2 0   412.1 0   292.9 0   292.9 0     0.0 2    -0.1 0 -9999.9 1   -60.2 0 -9999.9 1 -9999.9 1 -9999.9 1 -9999.9 1   299.0 0 -9999.9 1
 1999 198  7 17 10  9 10.150  95.86    -4.5 0 -9999.9 1 -9999.9 1     0.2 0   352.7 0   303.7 0   302.1 0   411.9 0   292.9 0   292.8 0     0.0 2     0.0 0 -9999.9 1   -59.2 0 -9999.9 1 -9999.9 1 -9999.9 1 -9999.9 1   297.5 0 -9999.9 1
 1999 198  7 17 10 12 10.200  95.38    -4.4 0 -9999.9 1 -9999.9 1     0.1 0   353.2 0   303.7 0   302.1 0   411.5 0   292.8 0   292.8 0     0.0 2    -0.1 0 -9999.9 1   -58.3 0 -9999.9 1 -9999.9 1 -9999.9 1 -9999.9 1   298.9 0 -9999.9 1
 1999 198  7 17 10 18 10.300  94.42    -3.9 0 -9999.9 1 -9999.9 1     0.4 0   354.9 0   303.6 0   302.1 0   410.9 0   292.7 0   292.6 0     0.0 2     0.0 0 -9999.9 1   -56.0 0 -9999.9 1 -9999.9 1 -9999.9 1 -9999.9 1   295.3 0 -9999.9 1
 1999 198  7 17 10 21 10.350  93.94    -3.8 0 -9999.9 1 -9999.9 1     0.4 0   354.9 0   303.6 0   302.1 0   410.8 0   292.6 0   292.6 0     0.0 2     0.0 0 -9999.9 1   -56.0 0 -9999.9 1 -9999.9 1 -9999.9 1 -9999.9 1   293.4 0 -9999.9 1
 1999 198  7 17 10 24 10.400  93.45    -3.5 0 -9999.9 1 -9999.9 1     0.2 0   357.0 0   303.6 0   302.2 0   410.7 0   292.6 0   292.6 0     0.0 2     0.1 0 -9999.9 1   -53.7 0 -9999.9 1 -9999.9 1 -9999.9 1 -9999.9 1   293.2 0 -9999.9 1
 1999 198  7 17 10 27 10.450  92.96    -2.9 0 -9999.9 1 -9999.9 1     0.5 0   358.3 0   303.6 0   302.3 0   410.0 0   292.6 0   292.5 0     0.0 2     0.3 0 -9999.9 1   -51.7 0 -9999.9 1 -9999.9 1 -9999.9 1 -9999.9 1   295.5 0 -9999.9 1
 1999 198  7 17 10 33 10.550  91.97     0.8 0 -9999.9 1 -9999.9 1     2.5 0   353.6 0   303.7 0   302.5 0   408.8 0   292.5 0   292.4 0     0.0 2     1.0 0 -9999.9 1   -55.1 0 -9999.9 1 -9999.9 1 -9999.9 1 -9999.9 1   291.5 0 -9999.9 1
 1999 198  7 17 10 36 10.600  91.48     2.7 0 -9999.9 1 -9999.9 1     3.8 0   353.2 0   303.8 0   302.6 0   408.4 0   292.4 0   292.3 0     0.0 2     1.6 0 -9999.9 1   -55.2 0 -9999.9 1 -9999.9 1 -9999.9 1 -9999.9 1   284.5 0 -9999.9 1
 1999 198  7 17 10 39 10.650  90.98     4.3 0 -9999.9 1 -9999.9 1     5.4 0   355.4 0   304.0 0   302.8 0   408.4 0   292.4 0   292.4 0     0.0 2     2.3 0 -9999.9 1   -53.0 0 -9999.9 1 -9999.9 1 -9999.9 1 -9999.9 1   279.9 0 -9999.9 1
 1999 198  7 17 10 42 10.700  89.80     4.8 0 -9999.9 1 -9999.9 1     5.6 0   355.6 0   304.1 0   303.0 0   408.6 0   292.4 0   292.3 0     0.2 2     2.8 0 -9999.9 1   -52.9 0 -9999.9 1 -9999.9 1 -9999.9 1 -9999.9 1   277.5 0 -9999.9 1
 1999 198  7 17 10 48 10.800  89.00     7.4 0 -9999.9 1 -9999.9 1     8.8 0   357.5 0   304.4 0   303.2 0   408.6 0   292.3 0   292.3 0     0.3 2     4.4 0 -9999.9 1   -51.1 0 -9999.9 1 -9999.9 1 -9999.9 1 -9999.9 1   270.8 0 -9999.9 1
 1999 198  7 17 10 51 10.850  88.56    12.8 0 -9999.9 1 -9999.9 1    13.5 0   356.7 0   304.5 0   303.5 0   408.4 0   292.3 0   292.3 0     0.3 2     6.0 0 -9999.9 1   -51.7 0 -9999.9 1 -9999.9 1 -9999.9 1 -9999.9 1   259.8 0 -9999.9 1
 1999 198  7 17 10 54 10.900  88.11    16.7 0 -9999.9 1 -9999.9 1    16.3 0   357.4 0   304.8 0   303.7 0   408.7 0   292.3 0   292.3 0     0.4 2     7.6 0 -9999.9 1   -51.3 0 -9999.9 1 -9999.9 1 -9999.9 1 -9999.9 1   253.4 0 -9999.9 1
 1999 198  7 17 10 57 10.950  87.64    17.5 0 -9999.9 1 -9999.9 1    16.9 0   357.1 0   304.9 0   303.9 0   408.8 0   292.3 0   292.3 0     0.6 2     8.6 0 -9999.9 1   -51.7 0 -9999.9 1 -9999.9 1 -9999.9 1 -9999.9 1   254.0 0 -9999.9 1
 1999 198  7 17 11  3 11.050  86.67    27.9 0 -9999.9 1 -9999.9 1    27.0 0   358.0 0   305.3 0   304.3 0   410.0 0   292.3 0   292.3 0     0.7 2    13.1 0 -9999.9 1   -52.0 0 -9999.9 1 -9999.9 1 -9999.9 1 -9999.9 1   251.4 0 -9999.9 1
 1999 198  7 17 11  6 11.100  86.17    32.4 0 -9999.9 1 -9999.9 1    31.1 0   357.6 0   305.5 0   304.7 0   409.9 0   292.3 0   292.3 0     0.8 2    15.1 0 -9999.9 1   -52.3 0 -9999.9 1 -9999.9 1 -9999.9 1 -9999.9 1   252.2 0 -9999.9 1
 1999 198  7 17 11  9 11.150  85.67    38.3 0 -9999.9 1 -9999.9 1    36.7 0   356.5 0   305.7 0   305.0 0   410.2 0   292.3 0   292.2 0     1.0 2    17.5 0 -9999.9 1   -53.7 0 -9999.9 1 -9999.9 1 -9999.9 1 -9999.9 1   251.3 0 -9999.9 1
 1999 198  7 17 11 12 11.200  85.16    43.9 0 -9999.9 1 -9999.9 1    41.9 0   356.7 0   305.9 0   305.1 0   410.8 0   292.3 0   292.2 0     1.1 2    19.7 0 -9999.9 1   -54.1 0 -9999.9 1 -9999.9 1 -9999.9 1 -9999.9 1   247.2 0 -9999.9 1
 1999 198  7 17 11 18 11.300  84.14    50.4 0 -9999.9 1 -9999.9 1    48.4 0   358.7 0   306.4 0   305.4 0   412.3 0   292.2 0   292.2 0     1.4 2    22.7 0 -9999.9 1   -53.6 0 -9999.9 1 -9999.9 1 -9999.9 1 -9999.9 1   240.9 0 -9999.9 1
 1999 198  7 17 11 21 11.350  83.62    51.8 0 -9999.9 1 -9999.9 1    49.7 0   359.0 0   306.6 0   305.6 0   413.0 0   292.3 0   292.3 0     1.6 2    23.6 0 -9999.9 1   -54.0 0 -9999.9 1 -9999.9 1 -9999.9 1 -9999.9 1   234.5 0 -9999.9 1
 1999 198  7 17 11 24 11.400  83.10    56.9 0 -9999.9 1 -9999.9 1    54.6 0   358.6 0   306.9 0   305.8 0   414.0 0   292.3 0   292.3 0     1.8 2    25.9 0 -9999.9 1   -55.3 0 -9999.9 1 -9999.9 1 -9999.9 1 -9999.9 1   229.2 0 -9999.9 1
 1999 198  7 17 11 27 11.450  82.57    65.4 0 -9999.9 1 -9999.9 1    62.6 0   357.3 0   307.1 0   306.0 0   414.6 0   292.3 0   292.3 0     2.1 2    29.6 0 -9999.9 1   -57.3 0 -9999.9 1 -9999.9 1 -9999.9 1 -9999.9 1   223.5 0 -9999.9 1
 1999 198  7 17 11 33 11.550  81.52    99.4 0 -9999.9 1 -9999.9 1    81.1 0   354.8 0   307.5 0   306.7 0   416.9 0   292.4 0   292.4 0     2.7 2    42.2 0 -9999.9 1   -62.1 0 -9999.9 1 -9999.9 1 -9999.9 1 -9999.9 1   230.0 0 -9999.9 1
 1999 198  7 17 11 36 11.600  80.98   109.2 0 -9999.9 1 -9999.9 1    90.4 0   354.3 0   307.8 0   306.9 0   418.1 0   292.4 0   292.5 0     3.1 2    47.2 0 -9999.9 1   -63.8 0 -9999.9 1 -9999.9 1 -9999.9 1 -9999.9 1   228.6 0 -9999.9 1
 1999 198  7 17 11 39 11.650  80.45   128.1 0 -9999.9 1 -9999.9 1    97.4 0   353.5 0   308.1 0   307.2 0   419.5 0   292.5 0   292.6 0     3.5 2    54.3 0 -9999.9 1   -66.0 0 -9999.9 1 -9999.9 1 -9999.9 1 -9999.9 1   224.4 0 -9999.9 1
 1999 198  7 17 11 42 11.700  79.91   136.2 0 -9999.9 1 -9999.9 1    99.3 0   353.0 0   308.5 0   307.5 0   420.8 0   292.7 0   292.8 0     3.9 2    57.9 0 -9999.9 1   -67.8 0 -9999.9 1 -9999.9 1 -9999.9 1 -9999.9 1   226.6 0 -9999.9 1
 1999 198  7 17 11 48 11.800  78.84   142.3 0 -9999.9 1 -9999.9 1    95.2 0   351.8 0   309.2 0   308.0 0   421.8 0   293.0 0   293.1 0     4.8 2    60.4 0 -9999.9 1   -70.0 0 -9999.9 1 -9999.9 1 -9999.9 1 -9999.9 1   229.9 0 -9999.9 1
 1999 198  7 17 11 51 11.850  78.30   146.1 0 -9999.9 1 -9999.9 1    92.7 0   351.1 0   309.5 0   308.4 0   422.7 0   293.1 0   293.2 0     5.1 2    62.3 0 -9999.9 1   -71.6 0 -9999.9 1 -9999.9 1 -9999.9 1 -9999.9 1   242.6 0 -9999.9 1
 1999 198  7 17 11 54 11.900  77.75   104.5 0 -9999.9 1 -9999.9 1    88.2 0   351.9 0   309.8 0   308.5 0   421.7 0   293.2 0   293.2 0     5.4 2    46.7 0 -9999.9 1   -69.8 0 -9999.9 1 -9999.9 1 -9999.9 1 -9999.9 1   243.8 0 -9999.9 1
 1999 198  7 17 11 57 11.950  77.21    94.4 0 -9999.9 1 -9999.9 1    90.7 0   354.5 0   309.9 0   308.3 0   420.3 0   293.3 0   293.3 0     5.7 2    42.9 0 -9999.9 1   -65.8 0 -9999.9 1 -9999.9 1 -9999.9 1 -9999.9 1   245.6 0 -9999.9 1
 1999 198  7 17 12  3 12.050  76.11    98.6 0 -9999.9 1 -9999.9 1    94.5 0   358.3 0   310.1 0   308.7 0   420.6 0   293.3 0   293.3 0     5.9 2    44.2 0 -9999.9 1   -62.2 0 -9999.9 1 -9999.9 1 -9999.9 1 -9999.9 1   253.4 0 -9999.9 1
 1999 198  7 17 12  6 12.100  75.56    94.5 0 -9999.9 1 -9999.9 1    90.5 0   361.7 0   310.2 0   308.6 0   420.4 0   293.4 0   293.4 0     5.7 2    42.1 0 -9999.9 1   -58.6 0 -9999.9 1 -9999.9 1 -9999.9 1 -9999.9 1   254.8 0 -9999.9 1
 1999 198  7 17 12  9 12.150  75.01    88.2 0 -9999.9 1 -9999.9 1    84.1 0   363.3 0   310.2 0   308.7 0   419.8 0   293.4 0   293.4 0     5.4 2    39.0 0 -9999.9 1   -56.4 0 -9999.9 1 -9999.9 1 -9999.9 1 -9999.9 1   252.3 0 -9999.9 1
 1999 198  7 17 12 12 12.200  74.46    83.0 0 -9999.9 1 -9999.9 1    78.9 0   364.3 0   310.3 0   308.8 0   419.7 0   293.4 0   293.4 0     5.2 2    36.7 0 -9999.9 1   -55.4 0 -9999.9 1 -9999.9 1 -9999.9 1 -9999.9 1   262.3 0 -9999.9 1
 1999 198  7 17 12 18 12.300  73.36    74.7 0 -9999.9 1 -9999.9 1    71.3 0   364.9 0   310.2 0   308.7 0   419.0 0   293.4 0   293.4 0     4.9 2    32.7 0 -9999.9 1   -54.1 0 -9999.9 1 -9999.9 1 -9999.9 1 -9999.9 1   260.8 0 -9999.9 1
 1999 198  7 17 12 21 12.350  72.80    71.4 0 -9999.9 1 -9999.9 1    67.7 0   364.9 0   310.2 0   308.7 0   418.7 0   293.4 0   293.4 0     4.9 2    31.4 0 -9999.9 1   -53.9 0 -9999.9 1 -9999.9 1 -9999.9 1 -9999.9 1   264.3 0 -9999.9 1
 1999 198  7 17 12 24 12.400  72.24    68.9 0 -9999.9 1 -9999.9 1    65.4 0   365.2 0   310.2 0   308.9 0   418.9 0   293.4 0   293.4 0     4.9 2    30.4 0 -9999.9 1   -53.7 0 -9999.9 1 -9999.9 1 -9999.9 1 -9999.9 1   270.5 0 -9999.9 1
 1999 198  7 17 12 27 12.450  71.69    67.8 0 -9999.9 1 -9999.9 1    64.0 0   365.5 0   310.2 0   308.9 0   418.9 0   293.4 0   293.4 0     5.1 2    30.0 0 -9999.9 1   -53.4 0 -9999.9 1 -9999.9 1 -9999.9 1 -9999.9 1   274.6 0 -9999.9 1
 1999 198  7 17 12 33 12.550  70.57    71.3 0 -9999.9 1 -9999.9 1    67.1 0   366.8 0   310.2 0   308.9 0   419.5 0   293.5 0   293.5 0     6.1 2    31.8 0 -9999.9 1   -52.7 0 -9999.9 1 -9999.9 1 -9999.9 1 -9999.9 1   272.6 0 -9999.9 1
 1999 198  7 17 12 36 12.600  70.01    76.6 0 -9999.9 1 -9999.9 1    71.9 0   365.4 0   310.2 0   309.1 0   419.7 0   293.5 0   293.5 0     7.1 2    34.4 0 -9999.9 1   -54.3 0 -9999.9 1 -9999.9 1 -9999.9 1 -9999.9 1   250.7 0 -9999.9 1
 1999 198  7 17 12 39 12.650  69.44    85.0 0 -9999.9 1 -9999.9 1    80.2 0   365.4 0   310.3 0   309.3 0   420.5 0   293.5 0   293.5 0     8.4 2    38.6 0 -9999.9 1   -55.1 0 -9999.9 1 -9999.9 1 -9999.9 1 -9999.9 1   241.6 0 -9999.9 1
 1999 198  7 17 12 42 12.700  68.88    95.6 0 -9999.9 1 -9999.9 1    90.7 0   364.3 0   310.5 0   309.4 0   421.2 0   293.6 0   293.6 0    10.3 2    43.9 0 -9999.9 1   -56.9 0 -9999.9 1 -9999.9 1 -9999.9 1 -9999.9 1   229.9 0 -9999.9 1
 1999 198  7 17 12 48 12.800  67.75   111.7 0 -9999.9 1 -9999.9 1   106.1 0   358.9 0   310.7 0   309.8 0   422.8 0   293.7 0   293.7 0    13.6 2    52.0 0 -9999.9 1   -63.9 0 -9999.9 1 -9999.9 1 -9999.9 1 -9999.9 1   223.9 0 -9999.9 1
 1999 198  7 17 12 51 12.850  67.19   116.7 0 -9999.9 1 -9999.9 1   111.2 0   354.9 0   310.8 0   310.0 0   422.9 0   293.7 0   293.7 0    15.3 2    54.5 0 -9999.9 1   -68.0 0 -9999.9 1 -9999.9 1 -9999.9 1 -9999.9 1   234.1 0 -9999.9 1
 1999 198  7 17 12 54 12.900  66.62   122.7 0 -9999.9 1 -9999.9 1   117.1 0   352.4 0   310.9 0   310.0 0   423.1 0   293.7 0   293.7 0    16.8 2    57.6 0 -9999.9 1   -70.7 0 -9999.9 1 -9999.9 1 -9999.9 1 -9999.9 1   263.8 0 -9999.9 1
 1999 198  7 17 12 57 12.950  66.06   129.9 0 -9999.9 1 -9999.9 1   124.3 0   350.4 0   311.0 0   310.1 0   423.5 0   293.8 0   293.8 0    18.2 2    61.0 0 -9999.9 1   -73.1 0 -9999.9 1 -9999.9 1 -9999.9 1 -9999.9 1   260.3 0 -9999.9 1
 1999 198  7 17 13  3 13.050  64.92   150.2 0 -9999.9 1 -9999.9 1   143.8 0   347.8 0   311.3 0   310.2 0   424.9 0   294.0 0   294.0 0    21.2 2    70.8 0 -9999.9 1   -77.1 0 -9999.9 1 -9999.9 1 -9999.9 1 -9999.9 1   251.9 0 -9999.9 1
 1999 198  7 17 13  6 13.100  64.35   163.5 0 -9999.9 1 -9999.9 1   156.4 0   347.9 0   311.4 0   310.2 0   425.3 0   294.0 0   294.0 0    22.7 2    77.0 0 -9999.9 1   -77.4 0 -9999.9 1 -9999.9 1 -9999.9 1 -9999.9 1   256.4 0 -9999.9 1
 1999 198  7 17 13  9 13.150  63.78   181.4 0 -9999.9 1 -9999.9 1   173.7 0   349.7 0   311.6 0   310.3 0   426.4 0   294.1 0   294.2 0    24.3 2    85.0 0 -9999.9 1   -76.7 0 -9999.9 1 -9999.9 1 -9999.9 1 -9999.9 1   250.8 0 -9999.9 1
 1999 198  7 17 13 12 13.200  63.21   208.7 0 -9999.9 1 -9999.9 1   200.0 0   354.4 0   311.7 0   310.2 0   427.1 0   294.2 0   294.3 0    26.3 2    96.9 0 -9999.9 1   -72.7 0 -9999.9 1 -9999.9 1 -9999.9 1 -9999.9 1   263.6 0 -9999.9 1
 1999 198  7 17 13 18 13.300  62.07   236.7 0 -9999.9 1 -9999.9 1   227.2 0   369.4 0   311.6 0   309.8 0   429.2 0   294.4 0   294.5 0    25.8 2   109.6 0 -9999.9 1   -59.8 0 -9999.9 1 -9999.9 1 -9999.9 1 -9999.9 1   281.0 0 -9999.9 1
 1999 198  7 17 13 21 13.350  61.50   206.1 0 -9999.9 1 -9999.9 1   198.0 0   371.2 0   311.5 0   309.9 0   429.2 0   294.6 0   294.6 0    23.4 2    96.0 0 -9999.9 1   -58.0 0 -9999.9 1 -9999.9 1 -9999.9 1 -9999.9 1   279.6 0 -9999.9 1
 1999 198  7 17 13 24 13.400  60.93   176.6 0 -9999.9 1 -9999.9 1   169.5 0   373.6 0   311.4 0   309.7 0   427.9 0   294.6 0   294.7 0    20.8 2    82.5 0 -9999.9 1   -54.3 0 -9999.9 1 -9999.9 1 -9999.9 1 -9999.9 1   278.7 0 -9999.9 1
 1999 198  7 17 13 27 13.450  60.36   150.4 0 -9999.9 1 -9999.9 1   144.5 0   374.4 0   311.3 0   309.6 0   425.6 0   294.6 0   294.7 0    18.5 2    70.5 0 -9999.9 1   -51.2 0 -9999.9 1 -9999.9 1 -9999.9 1 -9999.9 1   282.1 0 -9999.9 1
 1999 198  7 17 13 33 13.550  59.21   117.1 0 -9999.9 1 -9999.9 1   112.1 0   378.4 0   310.9 0   309.0 0   422.7 0   294.6 0   294.6 0    15.6 2    55.4 0 -9999.9 1   -44.2 0 -9999.9 1 -9999.9 1 -9999.9 1 -9999.9 1   286.7 0 -9999.9 1
 1999 198  7 17 13 36 13.600  58.64   106.7 0 -9999.9 1 -9999.9 1   102.6 0   384.0 0   310.7 0   308.2 0   421.2 0   294.5 0   294.5 0    14.6 2    50.8 0 -9999.9 1   -37.2 0 -9999.9 1 -9999.9 1 -9999.9 1 -9999.9 1   286.0 0 -9999.9 1
 1999 198  7 17 13 39 13.650  58.07    96.8 0 -9999.9 1 -9999.9 1    93.5 0   387.5 0   310.3 0   307.3 0   418.7 0   294.4 0   294.4 0    14.0 2    47.1 0 -9999.9 1   -31.2 0 -9999.9 1 -9999.9 1 -9999.9 1 -9999.9 1   293.3 0 -9999.9 1
 1999 198  7 17 13 42 13.700  57.50    88.4 0 -9999.9 1 -9999.9 1    84.9 0   380.2 0   310.0 0   307.9 0   418.5 0   294.3 0   294.3 0    13.3 2    43.6 0 -9999.9 1   -38.3 0 -9999.9 1 -9999.9 1 -9999.9 1 -9999.9 1   284.6 0 -9999.9 1
 1999 198  7 17 13 48 13.800  56.35    82.4 0 -9999.9 1 -9999.9 1    78.3 0   383.9 0   309.4 0   306.9 0   418.2 0   294.1 0   294.1 0    12.6 2    40.0 0 -9999.9 1   -34.2 0 -9999.9 1 -9999.9 1 -9999.9 1 -9999.9 1   264.9 0 -9999.9 1
 1999 198  7 17 13 51 13.850  55.78    80.6 0 -9999.9 1 -9999.9 1    77.3 0   386.9 0   309.0 0   306.3 0   417.6 0   294.0 0   293.9 0    12.6 2    39.7 0 -9999.9 1   -30.7 0 -9999.9 1 -9999.9 1 -9999.9 1 -9999.9 1   272.5 0 -9999.9 1
 1999 198  7 17 13 54 13.900  55.20    80.5 0 -9999.9 1 -9999.9 1    78.7 0   389.6 0   308.6 0   305.9 0   417.1 0   293.9 0   293.8 0    13.7 2    40.4 0 -9999.9 1   -27.5 0 -9999.9 1 -9999.9 1 -9999.9 1 -9999.9 1   285.4 0 -9999.9 1
 1999 198  7 17 13 57 13.950  54.63    80.7 0 -9999.9 1 -9999.9 1    78.8 0   386.7 0   308.3 0   305.8 0   416.9 0   293.7 0   293.7 0    14.2 2    40.5 0 -9999.9 1   -30.1 0 -9999.9 1 -9999.9 1 -9999.9 1 -9999.9 1   294.3 0 -9999.9 1
 1999 198  7 17 14  3 14.050  53.48    85.0 0 -9999.9 1 -9999.9 1    83.5 0   384.3 0   307.7 0   305.5 0   417.0 0   293.5 0   293.4 0    15.3 2    43.2 0 -9999.9 1   -32.8 0 -9999.9 1 -9999.9 1 -9999.9 1 -9999.9 1   280.4 0 -9999.9 1
 1999 198  7 17 14  6 14.100  52.91    90.0 0 -9999.9 1 -9999.9 1    88.7 0   379.1 0   307.6 0   305.9 0   417.9 0   293.4 0   293.4 0    16.0 2    45.9 0 -9999.9 1   -38.8 0 -9999.9 1 -9999.9 1 -9999.9 1 -9999.9 1   270.6 0 -9999.9 1
 1999 198  7 17 14  9 14.150  52.34    93.1 0 -9999.9 1 -9999.9 1    91.2 0   377.8 0   307.4 0   306.0 0   418.8 0   293.3 0   293.3 0    17.0 2    47.4 0 -9999.9 1   -41.0 0 -9999.9 1 -9999.9 1 -9999.9 1 -9999.9 1   269.9 0 -9999.9 1
 1999 198  7 17 14 12 14.200  51.76    87.7 0 -9999.9 1 -9999.9 1    85.4 0   376.4 0   307.4 0   306.2 0   419.8 0   293.3 0   293.3 0    15.7 2    44.7 0 -9999.9 1   -43.5 0 -9999.9 1 -9999.9 1 -9999.9 1 -9999.9 1   264.3 0 -9999.9 1
 1999 198  7 17 14 18 14.300  50.62    68.5 0 -9999.9 1 -9999.9 1    67.0 0   378.9 0   307.3 0   306.0 0   420.5 0   293.3 0   293.3 0    12.7 2    35.3 0 -9999.9 1   -41.6 0 -9999.9 1 -9999.9 1 -9999.9 1 -9999.9 1   211.4 0 -9999.9 1
 1999 198  7 17 14 21 14.350  50.05    68.4 0 -9999.9 1 -9999.9 1    66.9 0   377.9 0   307.3 0   305.9 0   420.2 0   293.2 0   293.2 0    12.9 2    35.7 0 -9999.9 1   -42.3 0 -9999.9 1 -9999.9 1 -9999.9 1 -9999.9 1   215.4 0 -9999.9 1
 1999 198  7 17 14 24 14.400  49.48    65.1 0 -9999.9 1 -9999.9 1    63.1 0   377.0 0   307.4 0   306.1 0   419.7 0   293.2 0   293.2 0    12.5 2    34.0 0 -9999.9 1   -42.7 0 -9999.9 1 -9999.9 1 -9999.9 1 -9999.9 1   215.8 0 -9999.9 1
 1999 198  7 17 14 27 14.450  48.91    59.2 0 -9999.9 1 -9999.9 1    57.1 0   378.6 0   307.4 0   306.1 0   419.2 0   293.2 0   293.1 0    11.5 2    30.9 0 -9999.9 1   -40.6 0 -9999.9 1 -9999.9 1 -9999.9 1 -9999.9 1   212.0 0 -9999.9 1
 1999 198  7 17 14 33 14.550  47.77    52.0 0 -9999.9 1 -9999.9 1    49.1 0   383.5 0   307.6 0   306.2 0   418.7 0   293.1 0   293.1 0    10.2 2    26.7 0 -9999.9 1   -35.2 0 -9999.9 1 -9999.9 1 -9999.9 1 -9999.9 1   249.5 0 -9999.9 1
 1999 198  7 17 14 36 14.600  47.20    48.0 0 -9999.9 1 -9999.9 1    44.7 0   390.6 0   307.6 0   305.7 0   418.8 0   293.1 0   293.1 0     9.3 2    23.9 0 -9999.9 1   -28.2 0 -9999.9 1 -9999.9 1 -9999.9 1 -9999.9 1   222.5 0 -9999.9 1
 1999 198  7 17 14 39 14.650  46.63    45.5 0 -9999.9 1 -9999.9 1    43.8 0   391.9 0   307.5 0   305.5 0   418.8 0   293.1 0   293.1 0     9.2 2    23.5 0 -9999.9 1   -27.0 0 -9999.9 1 -9999.9 1 -9999.9 1 -9999.9 1   205.5 0 -9999.9 1
 1999 198  7 17 14 42 14.700  46.06    48.4 0 -9999.9 1 -9999.9 1    47.1 0   387.9 0   307.5 0   306.1 0   419.0 0   293.2 0   293.2 0    10.0 2    25.2 0 -9999.9 1   -31.2 0 -9999.9 1 -9999.9 1 -9999.9 1 -9999.9 1   231.1 0 -9999.9 1
 1999 198  7 17 14 48 14.800  44.93    69.1 0 -9999.9 1 -9999.9 1    66.9 0   390.4 0   307.6 0   305.9 0   420.0 0   293.2 0   293.2 0    14.5 2    34.7 0 -9999.9 1   -29.6 0 -9999.9 1 -9999.9 1 -9999.9 1 -9999.9 1   225.2 0 -9999.9 1
 1999 198  7 17 14 51 14.850  44.37    97.7 0 -9999.9 1 -9999.9 1    96.3 0   388.4 0   307.5 0   306.0 0   421.4 0   293.2 0   293.2 0    20.8 2    48.7 0 -9999.9 1   -32.9 0 -9999.9 1 -9999.9 1 -9999.9 1 -9999.9 1   272.2 0 -9999.9 1
 1999 198  7 17 14 54 14.900  43.81   121.6 0 -9999.9 1 -9999.9 1   120.6 0   388.8 0   307.6 0   305.8 0   421.9 0   293.3 0   293.3 0    26.7 2    60.3 0 -9999.9 1   -33.0 0 -9999.9 1 -9999.9 1 -9999.9 1 -9999.9 1   322.2 0 -9999.9 1
 1999 198  7 17 14 57 14.950  43.24   143.3 0 -9999.9 1 -9999.9 1   141.7 0   388.0 0   307.6 0   306.0 0   422.4 0   293.3 0   293.4 0    30.9 2    70.5 0 -9999.9 1   -34.4 0 -9999.9 1 -9999.9 1 -9999.9 1 -9999.9 1   300.4 0 -9999.9 1
 1999 198  7 17 15  3 15.050  42.12   143.2 0 -9999.9 1 -9999.9 1   140.4 0   389.2 0   307.6 0   305.8 0   422.1 0   293.4 0   293.4 0    30.3 2    69.4 0 -9999.9 1   -32.9 0 -9999.9 1 -9999.9 1 -9999.9 1 -9999.9 1   317.0 0 -9999.9 1
 1999 198  7 17 15  6 15.100  41.56   155.4 0 -9999.9 1 -9999.9 1   152.0 0   387.0 0   307.6 0   306.1 0   423.3 0   293.5 0   293.6 0    33.8 2    75.4 0 -9999.9 1   -36.3 0 -9999.9 1 -9999.9 1 -9999.9 1 -9999.9 1   301.6 0 -9999.9 1
 1999 198  7 17 15  9 15.150  41.01   136.8 0 -9999.9 1 -9999.9 1   133.4 0   386.0 0   307.6 0   306.2 0   422.9 0   293.6 0   293.6 0    29.7 2    65.8 0 -9999.9 1   -37.0 0 -9999.9 1 -9999.9 1 -9999.9 1 -9999.9 1   298.7 0 -9999.9 1
 1999 198  7 17 15 12 15.200  40.45   115.0 0 -9999.9 1 -9999.9 1   111.0 0   387.0 0   307.6 0   306.2 0   422.8 0   293.7 0   293.8 0    24.7 2    55.0 0 -9999.9 1   -35.8 0 -9999.9 1 -9999.9 1 -9999.9 1 -9999.9 1   285.4 0 -9999.9 1
 1999 198  7 17 15 18 15.300  39.35   103.9 0 -9999.9 1 -9999.9 1   101.2 0   387.2 0   307.5 0   306.1 0   421.1 0   293.9 0   294.0 0    23.2 2    49.8 0 -9999.9 1   -33.9 0 -9999.9 1 -9999.9 1 -9999.9 1 -9999.9 1   275.5 0 -9999.9 1
 1999 198  7 17 15 21 15.350  38.80    89.8 0 -9999.9 1 -9999.9 1    87.0 0   388.1 0   307.5 0   306.0 0   421.6 0   294.0 0   294.0 0    20.0 2    42.9 0 -9999.9 1   -33.4 0 -9999.9 1 -9999.9 1 -9999.9 1 -9999.9 1   278.7 0 -9999.9 1
 1999 198  7 17 15 24 15.400  38.25    86.8 0 -9999.9 1 -9999.9 1    84.3 0   388.2 0   307.4 0   306.0 0   421.3 0   294.1 0   294.1 0    19.0 2    41.6 0 -9999.9 1   -33.1 0 -9999.9 1 -9999.9 1 -9999.9 1 -9999.9 1   273.1 0 -9999.9 1
 1999 198  7 17 15 27 15.450  37.70    94.6 0 -9999.9 1 -9999.9 1    92.5 0   388.8 0   307.3 0   305.8 0   421.0 0   294.1 0   294.1 0    21.1 2    45.7 0 -9999.9 1   -32.2 0 -9999.9 1 -9999.9 1 -9999.9 1 -9999.9 1   274.5 0 -9999.9 1
 1999 198  7 17 15 33 15.550  36.62    81.8 0 -9999.9 1 -9999.9 1    80.2 0   390.6 0   307.3 0   305.7 0   420.4 0   294.2 0   294.1 0    18.5 2    40.6 0 -9999.9 1   -29.9 0 -9999.9 1 -9999.9 1 -9999.9 1 -9999.9 1   275.3 0 -9999.9 1
 1999 198  7 17 15 36 15.600  36.08    71.5 0 -9999.9 1 -9999.9 1    69.8 0   390.3 0   307.2 0   305.7 0   419.7 0   294.2 0   294.1 0    16.6 2    35.7 0 -9999.9 1   -29.4 0 -9999.9 1 -9999.9 1 -9999.9 1 -9999.9 1   264.8 0 -9999.9 1
 1999 198  7 17 15 39 15.650  35.55    74.8 0 -9999.9 1 -9999.9 1    72.5 0   392.3 0   307.1 0   305.3 0   419.6 0   294.1 0   294.1 0    17.3 2    37.8 0 -9999.9 1   -27.3 0 -9999.9 1 -9999.9 1 -9999.9 1 -9999.9 1   267.3 0 -9999.9 1
 1999 198  7 17 15 42 15.700  35.01    71.2 0 -9999.9 1 -9999.9 1    69.0 0   397.0 0   307.1 0   305.0 0   419.6 0   294.1 0   294.1 0    16.2 2    35.7 0 -9999.9 1   -22.6 0 -9999.9 1 -9999.9 1 -9999.9 1 -9999.9 1   264.6 0 -9999.9 1
 1999 198  7 17 15 48 15.800  33.96    95.7 0 -9999.9 1 -9999.9 1    92.9 0   395.8 0   306.9 0   304.8 0   420.0 0   294.2 0   294.2 0    21.7 2    50.2 0 -9999.9 1   -24.3 0 -9999.9 1 -9999.9 1 -9999.9 1 -9999.9 1   260.0 0 -9999.9 1
 1999 198  7 17 15 51 15.850  33.43    88.5 0 -9999.9 1 -9999.9 1    85.5 0   400.2 0   306.6 0   303.8 0   418.8 0   294.2 0   294.1 0    20.2 2    46.9 0 -9999.9 1   -18.6 0 -9999.9 1 -9999.9 1 -9999.9 1 -9999.9 1   259.8 0 -9999.9 1
 1999 198  7 17 15 54 15.900  32.91    82.3 0 -9999.9 1 -9999.9 1    80.7 0   401.7 0   306.2 0   303.3 0   417.5 0   294.0 0   293.9 0    19.7 2    45.1 0 -9999.9 1   -15.8 0 -9999.9 1 -9999.9 1 -9999.9 1 -9999.9 1   271.4 0 -9999.9 1
 1999 198  7 17 15 57 15.950  32.40   113.3 0 -9999.9 1 -9999.9 1   111.7 0   417.3 0   305.7 0   301.8 0   416.9 0   293.9 0   293.8 0    28.2 2    59.8 0 -9999.9 1     0.0 0 -9999.9 1 -9999.9 1 -9999.9 1 -9999.9 1   272.3 0 -9999.9 1
 1999 198  7 17 16  3 16.050  31.38   117.7 0 -9999.9 1 -9999.9 1   116.1 0   417.9 0   304.4 0   300.4 0   417.0 0   293.5 0   293.5 0    28.2 2    61.1 0 -9999.9 1     0.0 0 -9999.9 1 -9999.9 1 -9999.9 1 -9999.9 1   269.2 0 -9999.9 1
 1999 198  7 17 16  6 16.100  30.87    99.8 0 -9999.9 1 -9999.9 1    98.7 0   412.7 0   303.9 0   300.3 0   417.4 0   293.4 0   293.3 0    23.2 2    53.3 0 -9999.9 1    -4.7 0 -9999.9 1 -9999.9 1 -9999.9 1 -9999.9 1   270.0 0 -9999.9 1
 1999 198  7 17 16  9 16.150  30.37    71.0 0 -9999.9 1 -9999.9 1    71.0 0   413.3 0   303.4 0   299.9 0   417.3 0   293.3 0   293.2 0    15.9 2    38.9 0 -9999.9 1    -4.0 0 -9999.9 1 -9999.9 1 -9999.9 1 -9999.9 1   273.7 0 -9999.9 1
 1999 198  7 17 16 12 16.200  29.88    36.1 0 -9999.9 1 -9999.9 1    37.4 0   419.3 0   302.8 0   299.2 0   416.2 0   293.1 0   293.0 0     7.9 2    20.1 0 -9999.9 1     0.0 0 -9999.9 1 -9999.9 1 -9999.9 1 -9999.9 1   275.2 0 -9999.9 1
 1999 198  7 17 16 18 16.300  28.91    18.8 0 -9999.9 1 -9999.9 1    21.6 0   420.7 0   301.7 0   298.0 0   414.4 0   292.8 0   292.7 0     4.3 2    12.2 0 -9999.9 1     0.0 0 -9999.9 1 -9999.9 1 -9999.9 1 -9999.9 1   275.1 0 -9999.9 1
 1999 198  7 17 16 21 16.350  28.43    28.6 0 -9999.9 1 -9999.9 1    31.3 0   412.4 0   301.2 0   298.0 0   414.3 0   292.7 0   292.6 0     6.5 2    18.8 0 -9999.9 1    -1.8 0 -9999.9 1 -9999.9 1 -9999.9 1 -9999.9 1   276.3 0 -9999.9 1
 1999 198  7 17 16 24 16.400  27.96    24.5 0 -9999.9 1 -9999.9 1    27.7 0   415.6 0   300.8 0   297.4 0   414.1 0   292.6 0   292.5 0     5.5 2    15.9 0 -9999.9 1     0.0 0 -9999.9 1 -9999.9 1 -9999.9 1 -9999.9 1   276.1 0 -9999.9 1
 1999 198  7 17 16 27 16.450  27.49    22.5 0 -9999.9 1 -9999.9 1    26.3 0   416.6 0   300.2 0   296.7 0   413.2 0   292.5 0   292.4 0     5.1 2    14.1 0 -9999.9 1     0.0 0 -9999.9 1 -9999.9 1 -9999.9 1 -9999.9 1   267.4 0 -9999.9 1
 1999 198  7 17 16 33 16.550  26.58    29.4 0 -9999.9 1 -9999.9 1    34.1 0   410.9 0   299.5 0   296.4 0   412.0 0   292.3 0   292.2 0     7.2 2    16.3 0 -9999.9 1    -1.0 0 -9999.9 1 -9999.9 1 -9999.9 1 -9999.9 1   230.3 0 -9999.9 1
 1999 198  7 17 16 36 16.600  26.14    44.5 0 -9999.9 1 -9999.9 1    48.7 0   405.5 0   299.2 0   296.1 0   409.4 0   292.1 0   292.0 0    11.7 2    23.8 0 -9999.9 1    -3.9 0 -9999.9 1 -9999.9 1 -9999.9 1 -9999.9 1   231.8 0 -9999.9 1
 1999 198  7 17 16 39 16.650  25.70    52.5 0 -9999.9 1 -9999.9 1    57.2 0   399.0 0   298.9 0   296.2 0   410.0 0   291.9 0   291.8 0    14.7 2    27.8 0 -9999.9 1   -11.0 0 -9999.9 1 -9999.9 1 -9999.9 1 -9999.9 1   223.2 0 -9999.9 1
 1999 198  7 17 16 42 16.700  25.27    52.8 0 -9999.9 1 -9999.9 1    58.0 0   395.5 0   298.6 0   296.3 0   409.9 0   291.7 0   291.7 0    14.9 2    27.3 0 -9999.9 1   -14.4 0 -9999.9 1 -9999.9 1 -9999.9 1 -9999.9 1   225.5 0 -9999.9 1
 1999 198  7 17 16 48 16.800  24.44    91.9 0 -9999.9 1 -9999.9 1    97.1 0   392.4 0   298.5 0   296.7 0   412.1 0   291.7 0   291.7 0    26.2 2    45.3 0 -9999.9 1   -19.6 0 -9999.9 1 -9999.9 1 -9999.9 1 -9999.9 1   222.9 0 -9999.9 1
 1999 198  7 17 16 51 16.850  24.04   110.0 0 -9999.9 1 -9999.9 1   114.8 0   391.6 0   298.5 0   296.9 0   412.8 0   291.6 0   291.7 0    29.8 2    53.1 0 -9999.9 1   -21.2 0 -9999.9 1 -9999.9 1 -9999.9 1 -9999.9 1   215.1 0 -9999.9 1
 1999 198  7 17 16 54 16.900  23.65   130.7 0 -9999.9 1 -9999.9 1   134.6 0   390.3 0   298.6 0   297.1 0   413.0 0   291.6 0   291.7 0    33.3 2    62.0 0 -9999.9 1   -22.7 0 -9999.9 1 -9999.9 1 -9999.9 1 -9999.9 1   215.1 0 -9999.9 1
 1999 198  7 17 16 57 16.950  23.27   156.2 0 -9999.9 1 -9999.9 1   159.3 0   389.7 0   298.7 0   297.3 0   414.0 0   291.6 0   291.7 0    38.8 2    72.7 0 -9999.9 1   -24.4 0 -9999.9 1 -9999.9 1 -9999.9 1 -9999.9 1   218.3 0 -9999.9 1
 1999 198  7 17 17  3 17.050  22.55   202.9 0 -9999.9 1 -9999.9 1   204.5 0   390.7 0   299.0 0   297.8 0   416.0 0   291.7 0   291.9 0    49.0 2    90.7 0 -9999.9 1   -25.3 0 -9999.9 1 -9999.9 1 -9999.9 1 -9999.9 1   219.9 0 -9999.9 1
 1999 198  7 17 17  6 17.100  22.21   252.1 0 -9999.9 1 -9999.9 1   251.9 0   389.6 0   299.2 0   298.2 0   418.1 0   291.8 0   292.0 0    61.9 2   112.3 0 -9999.9 1   -28.6 0 -9999.9 1 -9999.9 1 -9999.9 1 -9999.9 1   214.5 0 -9999.9 1
 1999 198  7 17 17  9 17.150  21.88   335.3 0 -9999.9 1 -9999.9 1   333.4 0   387.1 0   299.5 0   298.6 0   421.2 0   292.0 0   292.1 0    82.3 2   149.8 0 -9999.9 1   -34.1 0 -9999.9 1 -9999.9 1 -9999.9 1 -9999.9 1   209.1 0 -9999.9 1
 1999 198  7 17 17 12 17.200  21.56   432.4 0 -9999.9 1 -9999.9 1   427.4 0   383.5 0   299.8 0   299.0 0   423.1 0   292.1 0   292.4 0   109.0 2   194.6 0 -9999.9 1   -39.7 0 -9999.9 1 -9999.9 1 -9999.9 1 -9999.9 1   210.1 0 -9999.9 1
 1999 198  7 17 17 18 17.300  20.97   499.6 0 -9999.9 1 -9999.9 1   488.8 0   383.3 0   300.7 0   300.1 0   426.3 0   292.7 0   293.0 0   124.7 2   224.2 0 -9999.9 1   -43.1 0 -9999.9 1 -9999.9 1 -9999.9 1 -9999.9 1   213.4 0 -9999.9 1
 1999 198  7 17 17 21 17.350  20.70   487.2 0 -9999.9 1 -9999.9 1   474.0 0   383.5 0   301.1 0   300.4 0   426.8 0   292.9 0   293.2 0   119.7 2   219.1 0 -9999.9 1   -43.3 0 -9999.9 1 -9999.9 1 -9999.9 1 -9999.9 1   218.3 0 -9999.9 1
 1999 198  7 17 17 24 17.400  20.45   522.0 0 -9999.9 1 -9999.9 1   509.9 0   382.9 0   301.4 0   300.6 0   426.4 0   293.1 0   293.3 0   127.3 2   236.5 0 -9999.9 1   -43.5 0 -9999.9 1 -9999.9 1 -9999.9 1 -9999.9 1   222.1 0 -9999.9 1
 1999 198  7 17 17 27 17.450  20.21   653.7 0 -9999.9 1 -9999.9 1   574.8 0   380.9 0   301.7 0   301.0 0   429.9 0   293.3 0   293.6 0   155.1 2   298.3 0 -9999.9 1   -49.0 0 -9999.9 1 -9999.9 1 -9999.9 1 -9999.9 1   224.7 0 -9999.9 1
 1999 198  7 17 17 33 17.550  19.79   766.2 0 -9999.9 1 -9999.9 1   616.8 0   370.3 0   302.3 0   301.9 0   435.4 0   293.7 0   294.1 0   186.4 2   354.7 0 -9999.9 1   -65.2 0 -9999.9 1 -9999.9 1 -9999.9 1 -9999.9 1   222.1 0 -9999.9 1
 1999 198  7 17 17 36 17.600  19.60  1318.5 0 -9999.9 1 -9999.9 1   642.9 0   372.8 0   302.8 0   303.2 0   447.2 0   294.1 0   294.7 0   272.5 2   597.2 0 -9999.9 1   -74.4 0 -9999.9 1 -9999.9 1 -9999.9 1 -9999.9 1   214.9 0 -9999.9 1
 1999 198  7 17 17 39 17.650  19.44  1093.0 0 -9999.9 1 -9999.9 1   630.7 0   367.2 0   303.5 0   303.8 0   449.0 0   294.7 0   295.3 0   241.2 2   494.7 0 -9999.9 1   -81.8 0 -9999.9 1 -9999.9 1 -9999.9 1 -9999.9 1   204.0 0 -9999.9 1
 1999 198  7 17 17 42 17.700  19.30   830.5 0 -9999.9 1 -9999.9 1   592.1 0   360.5 0   303.9 0   303.6 0   441.8 0   295.0 0   295.4 0   200.8 2   384.0 0 -9999.9 1   -81.3 0 -9999.9 1 -9999.9 1 -9999.9 1 -9999.9 1   209.7 0 -9999.9 1
 1999 198  7 17 17 48 17.800  19.07  1096.0 0 -9999.9 1 -9999.9 1   323.6 0   354.9 0   304.7 0   304.8 0   450.5 0   295.5 0   296.0 0   252.6 2   501.5 0 -9999.9 1   -95.6 0 -9999.9 1 -9999.9 1 -9999.9 1 -9999.9 1   212.0 0 -9999.9 1
 1999 198  7 17 17 51 17.850  18.98  1147.6 0 -9999.9 1 -9999.9 1   256.9 0   353.8 0   305.2 0   305.3 0   453.1 0   295.9 0   296.4 0   258.9 2   519.9 0 -9999.9 1   -99.3 0 -9999.9 1 -9999.9 1 -9999.9 1 -9999.9 1   206.6 0 -9999.9 1
 1999 198  7 17 17 54 17.900  18.92  1103.0 0 -9999.9 1 -9999.9 1   246.8 0   353.4 0   305.6 0   305.5 0   449.7 0   296.2 0   296.6 0   254.9 2   499.5 0 -9999.9 1   -96.2 0 -9999.9 1 -9999.9 1 -9999.9 1 -9999.9 1   213.5 0 -9999.9 1
 1999 198  7 17 17 57 17.950  18.88  1034.8 0 -9999.9 1 -9999.9 1   227.3 0   355.5 0   306.1 0   305.8 0   451.2 0   296.4 0   296.9 0   246.9 2   472.3 0 -9999.9 1   -95.7 0 -9999.9 1 -9999.9 1 -9999.9 1 -9999.9 1   209.0 0 -9999.9 1
 1999 198  7 17 18  3 18.050  18.87  1102.1 0 -9999.9 1 -9999.9 1   192.9 0   355.6 0   306.8 0   306.6 0   454.4 0   296.9 0   297.3 0   264.2 2   500.6 0 -9999.9 1   -98.8 0 -9999.9 1 -9999.9 1 -9999.9 1 -9999.9 1   201.3 0 -9999.9 1
 1999 198  7 17 18  6 18.100  18.89  1100.7 0 -9999.9 1 -9999.9 1   204.4 0   358.1 0   307.1 0   306.9 0   455.1 0   297.1 0   297.5 0   260.7 2   499.9 0 -9999.9 1   -97.0 0 -9999.9 1 -9999.9 1 -9999.9 1 -9999.9 1   214.8 0 -9999.9 1
 1999 198  7 17 18  9 18.150  18.94  1126.3 0 -9999.9 1 -9999.9 1   225.4 0   360.2 0   307.5 0   307.2 0   455.6 0   297.3 0   297.7 0   265.3 2   510.9 0 -9999.9 1   -95.4 0 -9999.9 1 -9999.9 1 -9999.9 1 -9999.9 1   213.7 0 -9999.9 1
 1999 198  7 17 18 12 18.200  19.01  1110.1 0 -9999.9 1 -9999.9 1   248.4 0   360.3 0   308.0 0   307.8 0   456.9 0   297.5 0   297.9 0   259.8 2   504.7 0 -9999.9 1   -96.7 0 -9999.9 1 -9999.9 1 -9999.9 1 -9999.9 1   215.6 0 -9999.9 1
 1999 198  7 17 18 18 18.300  19.21  1161.5 0 -9999.9 1 -9999.9 1   402.9 0   369.8 0   308.8 0   308.7 0   458.8 0   297.7 0   298.2 0   262.9 2   526.0 0 -9999.9 1   -88.9 0 -9999.9 1 -9999.9 1 -9999.9 1 -9999.9 1   217.8 0 -9999.9 1
 1999 198  7 17 18 21 18.350  19.34   759.7 0 -9999.9 1 -9999.9 1   557.8 0   377.7 0   309.2 0   308.7 0   454.3 0   297.9 0   298.2 0   187.9 2   345.7 0 -9999.9 1   -76.6 0 -9999.9 1 -9999.9 1 -9999.9 1 -9999.9 1   208.7 0 -9999.9 1
 1999 198  7 17 18 24 18.400  19.49   486.6 0 -9999.9 1 -9999.9 1   464.6 0   393.8 0   309.4 0   308.4 0   447.2 0   297.9 0   298.1 0   120.8 2   215.3 0 -9999.9 1   -53.5 0 -9999.9 1 -9999.9 1 -9999.9 1 -9999.9 1   212.8 0 -9999.9 1
 1999 198  7 17 18 27 18.450  19.66   478.1 0 -9999.9 1 -9999.9 1   466.6 0   399.0 0   309.6 0   308.2 0   444.2 0   297.8 0   298.0 0   113.1 2   214.4 0 -9999.9 1   -45.2 0 -9999.9 1 -9999.9 1 -9999.9 1 -9999.9 1   212.3 0 -9999.9 1
 1999 198  7 17 18 33 18.550  20.05   380.9 0 -9999.9 1 -9999.9 1   374.7 0   406.4 0   309.6 0   308.1 0   440.7 0   297.6 0   297.8 0    87.1 2   166.1 0 -9999.9 1   -34.3 0 -9999.9 1 -9999.9 1 -9999.9 1 -9999.9 1   226.7 0 -9999.9 1
 1999 198  7 17 18 36 18.600  20.28   533.9 0 -9999.9 1 -9999.9 1   455.6 0   405.1 0   309.6 0   308.1 0   442.9 0   297.5 0   297.7 0   119.2 2   241.2 0 -9999.9 1   -37.8 0 -9999.9 1 -9999.9 1 -9999.9 1 -9999.9 1   227.0 0 -9999.9 1
 1999 198  7 17 18 39 18.650  20.52   328.7 0 -9999.9 1 -9999.9 1   323.2 0   406.6 0   309.6 0   308.0 0   440.5 0   297.5 0   297.7 0    78.3 2   143.7 0 -9999.9 1   -33.8 0 -9999.9 1 -9999.9 1 -9999.9 1 -9999.9 1   233.8 0 -9999.9 1
 1999 198  7 17 18 42 18.700  20.78   189.6 0 -9999.9 1 -9999.9 1   188.7 0   411.5 0   309.6 0   307.7 0   435.6 0   297.5 0   297.5 0    40.5 2    77.0 0 -9999.9 1   -24.1 0 -9999.9 1 -9999.9 1 -9999.9 1 -9999.9 1   227.7 0 -9999.9 1
 1999 198  7 17 18 48 18.800  21.35   163.4 0 -9999.9 1 -9999.9 1   162.5 0   411.6 0   309.3 0   307.5 0   434.4 0   297.2 0   297.2 0    33.8 2    68.7 0 -9999.9 1   -22.8 0 -9999.9 1 -9999.9 1 -9999.9 1 -9999.9 1   230.7 0 -9999.9 1
 1999 198  7 17 18 51 18.850  21.66   203.6 0 -9999.9 1 -9999.9 1   200.8 0   410.9 0   309.2 0   307.6 0   436.7 0   297.1 0   297.2 0    44.2 2    87.2 0 -9999.9 1   -25.8 0 -9999.9 1 -9999.9 1 -9999.9 1 -9999.9 1   226.1 0 -9999.9 1
 1999 198  7 17 18 54 18.900  21.98   292.0 0 -9999.9 1 -9999.9 1   287.0 0   410.3 0   309.1 0   307.5 0   439.0 0   297.1 0   297.2 0    67.3 2   129.7 0 -9999.9 1   -28.7 0 -9999.9 1 -9999.9 1 -9999.9 1 -9999.9 1   239.8 0 -9999.9 1
 1999 198  7 17 18 57 18.950  22.31   339.9 0 -9999.9 1 -9999.9 1   335.5 0   407.7 0   309.1 0   307.7 0   442.3 0   297.1 0   297.3 0    80.5 2   148.9 0 -9999.9 1   -34.6 0 -9999.9 1 -9999.9 1 -9999.9 1 -9999.9 1   238.0 0 -9999.9 1
 1999 198  7 17 19  3 19.050  23.02   657.6 0 -9999.9 1 -9999.9 1   602.3 0   403.5 0   309.5 0   308.6 0   453.0 0   297.5 0   297.9 0   138.4 2   293.8 0 -9999.9 1   -49.5 0 -9999.9 1 -9999.9 1 -9999.9 1 -9999.9 1   226.5 0 -9999.9 1
 1999 198  7 17 19  6 19.100  23.39   730.4 0 -9999.9 1 -9999.9 1   656.9 0   396.4 0   309.8 0   309.1 0   459.7 0   297.9 0   298.3 0   160.8 2   330.0 0 -9999.9 1   -63.3 0 -9999.9 1 -9999.9 1 -9999.9 1 -9999.9 1   239.3 0 -9999.9 1
 1999 198  7 17 19  9 19.150  23.77   546.6 0 -9999.9 1 -9999.9 1   515.0 0   404.2 0   310.1 0   309.1 0   452.8 0   298.2 0   298.5 0   127.2 2   244.5 0 -9999.9 1   -48.6 0 -9999.9 1 -9999.9 1 -9999.9 1 -9999.9 1   237.9 0 -9999.9 1
 1999 198  7 17 19 12 19.200  24.16   424.0 0 -9999.9 1 -9999.9 1   417.8 0   409.0 0   310.2 0   308.9 0   447.5 0   298.3 0   298.5 0    96.4 2   187.2 0 -9999.9 1   -38.4 0 -9999.9 1 -9999.9 1 -9999.9 1 -9999.9 1   242.7 0 -9999.9 1
 1999 198  7 17 19 18 19.300  24.98   363.3 0 -9999.9 1 -9999.9 1   357.8 0   409.6 0   310.4 0   308.8 0   443.7 0   298.3 0   298.4 0    81.8 2   158.7 0 -9999.9 1   -34.1 0 -9999.9 1 -9999.9 1 -9999.9 1 -9999.9 1   245.6 0 -9999.9 1
 1999 198  7 17 19 21 19.350  25.40   536.3 0 -9999.9 1 -9999.9 1   430.1 0   403.4 0   310.4 0   309.0 0   447.4 0   298.2 0   298.4 0   114.6 2   239.3 0 -9999.9 1   -44.0 0 -9999.9 1 -9999.9 1 -9999.9 1 -9999.9 1   249.4 0 -9999.9 1
 1999 198  7 17 19 24 19.400  25.83   341.6 0 -9999.9 1 -9999.9 1   334.4 0   395.7 0   310.4 0   308.7 0   442.9 0   298.2 0   298.3 0    93.3 2   152.8 0 -9999.9 1   -47.2 0 -9999.9 1 -9999.9 1 -9999.9 1 -9999.9 1   242.3 0 -9999.9 1
 1999 198  7 17 19 27 19.450  26.27   334.4 0 -9999.9 1 -9999.9 1   328.9 0   390.6 0   310.4 0   308.6 0   441.3 0   298.1 0   298.2 0    97.0 2   151.2 0 -9999.9 1   -50.7 0 -9999.9 1 -9999.9 1 -9999.9 1 -9999.9 1   241.5 0 -9999.9 1
 1999 198  7 17 19 33 19.550  27.17   863.5 0 -9999.9 1 -9999.9 1   421.6 0   376.4 0   310.5 0   309.7 0   454.4 0   298.0 0   298.4 0   183.5 2   396.1 0 -9999.9 1   -78.1 0 -9999.9 1 -9999.9 1 -9999.9 1 -9999.9 1   250.4 0 -9999.9 1
 1999 198  7 17 19 36 19.600  27.63   391.1 0 -9999.9 1 -9999.9 1   281.8 0   379.4 0   310.7 0   309.2 0   447.9 0   298.2 0   298.4 0   109.8 2   177.2 0 -9999.9 1   -68.5 0 -9999.9 1 -9999.9 1 -9999.9 1 -9999.9 1   249.5 0 -9999.9 1
 1999 198  7 17 19 39 19.650  28.10   252.9 0 -9999.9 1 -9999.9 1   248.9 0   397.5 0   310.6 0   309.0 0   441.6 0   298.2 0   298.2 0    68.5 2   112.6 0 -9999.9 1   -44.1 0 -9999.9 1 -9999.9 1 -9999.9 1 -9999.9 1   244.1 0 -9999.9 1
 1999 198  7 17 19 42 19.700  28.57   306.1 0 -9999.9 1 -9999.9 1   295.6 0   403.6 0   310.6 0   309.1 0   442.0 0   298.1 0   298.2 0    67.1 2   135.0 0 -9999.9 1   -38.4 0 -9999.9 1 -9999.9 1 -9999.9 1 -9999.9 1   252.6 0 -9999.9 1
 1999 198  7 17 19 48 19.800  29.54   309.2 0 -9999.9 1 -9999.9 1   303.3 0   403.8 0   310.7 0   309.0 0   443.3 0   298.1 0   298.2 0    71.9 2   133.2 0 -9999.9 1   -39.5 0 -9999.9 1 -9999.9 1 -9999.9 1 -9999.9 1   251.9 0 -9999.9 1
 1999 198  7 17 19 51 19.850  30.03   317.9 0 -9999.9 1 -9999.9 1   309.6 0   386.7 0   310.7 0   309.1 0   443.2 0   298.0 0   298.1 0    91.8 2   143.9 0 -9999.9 1   -56.5 0 -9999.9 1 -9999.9 1 -9999.9 1 -9999.9 1   236.6 0 -9999.9 1
 1999 198  7 17 19 54 19.900  30.53   412.9 0 -9999.9 1 -9999.9 1   314.3 0   377.2 0   310.7 0   309.2 0   445.5 0   298.0 0   298.2 0   114.8 2   188.5 0 -9999.9 1   -68.2 0 -9999.9 1 -9999.9 1 -9999.9 1 -9999.9 1   235.7 0 -9999.9 1
 1999 198  7 17 19 57 19.950  31.03   236.8 0 -9999.9 1 -9999.9 1   231.9 0   379.3 0   310.7 0   308.9 0   439.5 0   298.0 0   298.0 0    84.8 2   108.8 0 -9999.9 1   -60.2 0 -9999.9 1 -9999.9 1 -9999.9 1 -9999.9 1   234.5 0 -9999.9 1
 1999 198  7 17 20  3 20.050  32.04   712.1 0 -9999.9 1 -9999.9 1   470.7 0   395.9 0   310.6 0   309.4 0   452.6 0   298.0 0   298.3 0   135.3 2   320.2 0 -9999.9 1   -56.7 0 -9999.9 1 -9999.9 1 -9999.9 1 -9999.9 1   254.4 0 -9999.9 1
 1999 198  7 17 20  6 20.100  32.55   644.5 0 -9999.9 1 -9999.9 1   479.7 0   382.6 0   310.9 0   309.9 0   456.7 0   298.2 0   298.6 0   141.4 2   291.0 0 -9999.9 1   -74.1 0 -9999.9 1 -9999.9 1 -9999.9 1 -9999.9 1   240.8 0 -9999.9 1
 1999 198  7 17 20  9 20.150  33.07   321.8 0 -9999.9 1 -9999.9 1   304.5 0   386.4 0   310.9 0   309.2 0   444.8 0   298.4 0   298.5 0    93.6 2   148.0 0 -9999.9 1   -58.5 0 -9999.9 1 -9999.9 1 -9999.9 1 -9999.9 1   247.6 0 -9999.9 1
 1999 198  7 17 20 12 20.200  33.59   264.0 0 -9999.9 1 -9999.9 1   258.6 0   395.6 0   310.8 0   308.8 0   441.4 0   298.4 0   298.4 0    74.1 2   120.7 0 -9999.9 1   -45.8 0 -9999.9 1 -9999.9 1 -9999.9 1 -9999.9 1   258.6 0 -9999.9 1
 1999 198  7 17 20 18 20.300  34.65   127.0 0 -9999.9 1 -9999.9 1   124.2 0   409.5 0   310.5 0   308.4 0   436.9 0   298.2 0   298.1 0    25.2 2    51.6 0 -9999.9 1   -27.4 0 -9999.9 1 -9999.9 1 -9999.9 1 -9999.9 1   246.7 0 -9999.9 1
 1999 198  7 17 20 21 20.350  35.18   148.6 0 -9999.9 1 -9999.9 1   143.8 0   412.7 0   310.3 0   308.2 0   436.4 0   298.0 0   297.9 0    28.4 2    63.1 0 -9999.9 1   -23.7 0 -9999.9 1 -9999.9 1 -9999.9 1 -9999.9 1   251.4 0 -9999.9 1
 1999 198  7 17 20 24 20.400  35.71   219.4 0 -9999.9 1 -9999.9 1   212.9 0   410.7 0   310.1 0   308.1 0   440.1 0   297.9 0   297.9 0    45.3 2    97.0 0 -9999.9 1   -29.3 0 -9999.9 1 -9999.9 1 -9999.9 1 -9999.9 1   254.1 0 -9999.9 1
 1999 198  7 17 20 27 20.450  36.25   204.5 0 -9999.9 1 -9999.9 1   199.8 0   408.2 0   309.9 0   307.9 0   440.2 0   297.8 0   297.9 0    45.9 2    91.8 0 -9999.9 1   -32.0 0 -9999.9 1 -9999.9 1 -9999.9 1 -9999.9 1   251.4 0 -9999.9 1
 1999 198  7 17 20 33 20.550  37.33   186.0 0 -9999.9 1 -9999.9 1   152.5 0   409.0 0   309.6 0   307.7 0   439.1 0   297.8 0   297.8 0    31.9 2    82.6 0 -9999.9 1   -30.1 0 -9999.9 1 -9999.9 1 -9999.9 1 -9999.9 1   258.1 0 -9999.9 1
 1999 198  7 17 20 36 20.600  37.87   174.0 0 -9999.9 1 -9999.9 1   170.2 0   409.3 0   309.4 0   307.6 0   439.3 0   297.8 0   297.8 0    35.1 2    77.1 0 -9999.9 1   -30.1 0 -9999.9 1 -9999.9 1 -9999.9 1 -9999.9 1   259.9 0 -9999.9 1
 1999 198  7 17 20 39 20.650  38.42   120.2 0 -9999.9 1 -9999.9 1   117.6 0   413.2 0   309.3 0   307.2 0   437.0 0   297.8 0   297.8 0    19.9 2    48.7 0 -9999.9 1   -23.8 0 -9999.9 1 -9999.9 1 -9999.9 1 -9999.9 1   261.3 0 -9999.9 1
 1999 198  7 17 20 42 20.700  38.97   267.1 0 -9999.9 1 -9999.9 1   248.7 0   412.8 0   309.1 0   307.4 0   439.5 0   297.7 0   297.8 0    45.3 2   118.0 0 -9999.9 1   -26.7 0 -9999.9 1 -9999.9 1 -9999.9 1 -9999.9 1   259.5 0 -9999.9 1
 1999 198  7 17 20 48 20.800  40.07  1070.2 0 -9999.9 1 -9999.9 1   410.4 0   395.8 0   309.4 0   309.1 0   468.3 0   298.2 0   298.9 0   157.7 2   480.6 0 -9999.9 1   -72.5 0 -9999.9 1 -9999.9 1 -9999.9 1 -9999.9 1   270.0 0 -9999.9 1
 1999 198  7 17 20 51 20.850  40.63   890.9 0 -9999.9 1 -9999.9 1   344.4 0   386.9 0   309.7 0   309.2 0   464.0 0   298.7 0   299.2 0   146.2 2   406.4 0 -9999.9 1   -77.1 0 -9999.9 1 -9999.9 1 -9999.9 1 -9999.9 1   270.8 0 -9999.9 1
 1999 198  7 17 20 54 20.900  41.18   956.6 0 -9999.9 1 -9999.9 1   373.2 0   385.8 0   310.1 0   309.7 0   466.1 0   299.1 0   299.6 0   155.5 2   438.4 0 -9999.9 1   -80.3 0 -9999.9 1 -9999.9 1 -9999.9 1 -9999.9 1   283.0 0 -9999.9 1
 1999 198  7 17 20 57 20.950  41.74   628.6 0 -9999.9 1 -9999.9 1   327.6 0   388.0 0   310.4 0   309.4 0   459.5 0   299.5 0   299.8 0   115.4 2   284.7 0 -9999.9 1   -71.5 0 -9999.9 1 -9999.9 1 -9999.9 1 -9999.9 1   280.7 0 -9999.9 1
 1999 198  7 17 21  3 21.050  42.86   197.7 0 -9999.9 1 -9999.9 1   190.9 0   406.4 0   310.3 0   308.4 0   441.0 0   299.2 0   299.1 0    40.2 2    89.9 0 -9999.9 1   -34.6 0 -9999.9 1 -9999.9 1 -9999.9 1 -9999.9 1   269.9 0 -9999.9 1
 1999 198  7 17 21  6 21.100  43.42   154.8 0 -9999.9 1 -9999.9 1   148.3 0   407.5 0   310.2 0   308.3 0   439.2 0   299.0 0   298.9 0    29.7 2    70.7 0 -9999.9 1   -31.7 0 -9999.9 1 -9999.9 1 -9999.9 1 -9999.9 1   276.8 0 -9999.9 1
 1999 198  7 17 21  9 21.150  43.98   144.7 0 -9999.9 1 -9999.9 1   139.3 0   410.6 0   310.0 0   308.1 0   438.5 0   298.8 0   298.7 0    26.8 2    66.3 0 -9999.9 1   -27.8 0 -9999.9 1 -9999.9 1 -9999.9 1 -9999.9 1   289.7 0 -9999.9 1
 1999 198  7 17 21 12 21.200  44.55   131.2 0 -9999.9 1 -9999.9 1   127.1 0   414.0 0   309.8 0   307.5 0   436.8 0   298.5 0   298.4 0    22.9 2    58.3 0 -9999.9 1   -22.8 0 -9999.9 1 -9999.9 1 -9999.9 1 -9999.9 1   299.8 0 -9999.9 1
 1999 198  7 17 21 18 21.300  45.68    50.3 0 -9999.9 1 -9999.9 1    48.5 0   422.7 0   308.7 0   305.3 0   420.8 0   297.3 0   297.0 0     6.5 2    19.0 0 -9999.9 1     0.0 0 -9999.9 1 -9999.9 1 -9999.9 1 -9999.9 1   304.1 0 -9999.9 1
 1999 198  7 17 21 21 21.350  46.24    55.2 0 -9999.9 1 -9999.9 1    52.2 0   412.2 0   308.3 0   305.7 0   421.7 0   296.8 0   296.5 0     7.3 2    21.6 0 -9999.9 1    -9.5 0 -9999.9 1 -9999.9 1 -9999.9 1 -9999.9 1   315.1 0 -9999.9 1
 1999 198  7 17 21 24 21.400  46.81   107.7 0 -9999.9 1 -9999.9 1   103.3 0   406.6 0   308.0 0   305.8 0   424.3 0   296.3 0   296.1 0    17.6 2    48.2 0 -9999.9 1   -17.8 0 -9999.9 1 -9999.9 1 -9999.9 1 -9999.9 1   320.3 0 -9999.9 1
 1999 198  7 17 21 27 21.450  47.38   171.1 0 -9999.9 1 -9999.9 1   165.8 0   402.8 0   307.8 0   306.1 0   428.1 0   296.0 0   295.9 0    29.9 2    80.3 0 -9999.9 1   -25.3 0 -9999.9 1 -9999.9 1 -9999.9 1 -9999.9 1   325.1 0 -9999.9 1
 1999 198  7 17 21 33 21.550  48.52   232.2 0 -9999.9 1 -9999.9 1   226.9 0   401.6 0   307.6 0   306.0 0   433.5 0   295.7 0   295.8 0    40.7 2   108.0 0 -9999.9 1   -31.9 0 -9999.9 1 -9999.9 1 -9999.9 1 -9999.9 1   320.3 0 -9999.9 1
 1999 198  7 17 21 36 21.600  49.09   266.9 0 -9999.9 1 -9999.9 1   258.8 0   403.2 0   307.6 0   305.9 0   434.4 0   295.7 0   295.8 0    43.5 2   124.9 0 -9999.9 1   -31.2 0 -9999.9 1 -9999.9 1 -9999.9 1 -9999.9 1   324.3 0 -9999.9 1
 1999 198  7 17 21 39 21.650  49.66   358.3 0 -9999.9 1 -9999.9 1   349.2 0   402.3 0   307.6 0   306.0 0   436.2 0   295.8 0   295.9 0    56.6 2   169.2 0 -9999.9 1   -33.9 0 -9999.9 1 -9999.9 1 -9999.9 1 -9999.9 1   319.6 0 -9999.9 1
 1999 198  7 17 21 42 21.700  50.23   374.9 0 -9999.9 1 -9999.9 1   367.3 0   400.1 0   307.6 0   306.0 0   437.2 0   295.9 0   296.0 0    60.5 2   176.1 0 -9999.9 1   -37.1 0 -9999.9 1 -9999.9 1 -9999.9 1 -9999.9 1   318.9 0 -9999.9 1
 1999 198  7 17 21 48 21.800  51.38   291.0 0 -9999.9 1 -9999.9 1   287.8 0   404.2 0   307.6 0   305.7 0   433.6 0   296.0 0   296.0 0    46.1 2   135.5 0 -9999.9 1   -29.4 0 -9999.9 1 -9999.9 1 -9999.9 1 -9999.9 1   321.8 0 -9999.9 1
 1999 198  7 17 21 51 21.850  51.95   281.5 0 -9999.9 1 -9999.9 1   278.1 0   403.7 0   307.4 0   305.6 0   433.2 0   295.9 0   295.9 0    43.7 2   131.0 0 -9999.9 1   -29.4 0 -9999.9 1 -9999.9 1 -9999.9 1 -9999.9 1   318.0 0 -9999.9 1
 1999 198  7 17 21 54 21.900  52.52   298.2 0 -9999.9 1 -9999.9 1   295.8 0   404.6 0   307.3 0   305.1 0   432.4 0   295.8 0   295.9 0    45.8 2   138.8 0 -9999.9 1   -27.8 0 -9999.9 1 -9999.9 1 -9999.9 1 -9999.9 1   313.5 0 -9999.9 1
 1999 198  7 17 21 57 21.950  53.10   259.3 0 -9999.9 1 -9999.9 1   258.1 0   403.9 0   307.0 0   304.9 0   430.8 0   295.7 0   295.7 0    39.8 2   119.0 0 -9999.9 1   -26.8 0 -9999.9 1 -9999.9 1 -9999.9 1 -9999.9 1   319.2 0 -9999.9 1
 1999 198  7 17 22  3 22.050  54.24   271.1 0 -9999.9 1 -9999.9 1   269.0 0   404.5 0   306.6 0   304.6 0   429.8 0   295.5 0   295.5 0    38.0 2   126.0 0 -9999.9 1   -25.3 0 -9999.9 1 -9999.9 1 -9999.9 1 -9999.9 1   315.3 0 -9999.9 1
 1999 198  7 17 22  6 22.100  54.82   330.6 0 -9999.9 1 -9999.9 1   326.3 0   405.2 0   306.5 0   304.6 0   431.8 0   295.4 0   295.5 0    42.8 2   155.0 0 -9999.9 1   -26.5 0 -9999.9 1 -9999.9 1 -9999.9 1 -9999.9 1   314.8 0 -9999.9 1
 1999 198  7 17 22  9 22.150  55.39   376.4 0 -9999.9 1 -9999.9 1   372.6 0   406.5 0   306.4 0   304.4 0   434.0 0   295.4 0   295.6 0    47.6 2   175.5 0 -9999.9 1   -27.5 0 -9999.9 1 -9999.9 1 -9999.9 1 -9999.9 1   300.6 0 -9999.9 1
 1999 198  7 17 22 12 22.200  55.96   410.8 0 -9999.9 1 -9999.9 1   397.9 0   405.4 0   306.3 0   304.7 0   436.9 0   295.5 0   295.8 0    47.6 2   189.8 0 -9999.9 1   -31.6 0 -9999.9 1 -9999.9 1 -9999.9 1 -9999.9 1   301.8 0 -9999.9 1
 1999 198  7 17 22 18 22.300  57.11   498.7 0 -9999.9 1 -9999.9 1   383.6 0   385.2 0   306.7 0   305.5 0   440.8 0   296.1 0   296.4 0    60.0 2   236.3 0 -9999.9 1   -55.7 0 -9999.9 1 -9999.9 1 -9999.9 1 -9999.9 1   308.3 0 -9999.9 1
 1999 198  7 17 22 21 22.350  57.68   332.7 0 -9999.9 1 -9999.9 1   290.6 0   386.1 0   306.8 0   305.0 0   434.3 0   296.2 0   296.3 0    47.4 2   160.8 0 -9999.9 1   -48.2 0 -9999.9 1 -9999.9 1 -9999.9 1 -9999.9 1   303.9 0 -9999.9 1
 1999 198  7 17 22 24 22.400  58.26   251.8 0 -9999.9 1 -9999.9 1   248.5 0   387.6 0   306.8 0   304.8 0   431.1 0   296.1 0   296.1 0    39.4 2   120.7 0 -9999.9 1   -43.5 0 -9999.9 1 -9999.9 1 -9999.9 1 -9999.9 1   300.7 0 -9999.9 1
 1999 198  7 17 22 27 22.450  58.83   251.1 0 -9999.9 1 -9999.9 1   243.4 0   385.8 0   306.7 0   304.8 0   431.4 0   295.9 0   295.9 0    38.7 2   121.1 0 -9999.9 1   -45.6 0 -9999.9 1 -9999.9 1 -9999.9 1 -9999.9 1   302.7 0 -9999.9 1
 1999 198  7 17 22 33 22.550  59.98   300.2 0 -9999.9 1 -9999.9 1   295.5 0   386.8 0   306.6 0   305.0 0   434.2 0   295.8 0   295.8 0    39.1 2   142.1 0 -9999.9 1   -47.5 0 -9999.9 1 -9999.9 1 -9999.9 1 -9999.9 1   316.8 0 -9999.9 1
 1999 198  7 17 22 36 22.600  60.55   285.5 0 -9999.9 1 -9999.9 1   280.4 0   386.1 0   306.7 0   305.0 0   434.3 0   295.8 0   295.9 0    38.0 2   135.5 0 -9999.9 1   -48.2 0 -9999.9 1 -9999.9 1 -9999.9 1 -9999.9 1   315.7 0 -9999.9 1
 1999 198  7 17 22 39 22.650  61.12   262.3 0 -9999.9 1 -9999.9 1   258.4 0   390.7 0   306.7 0   304.8 0   433.5 0   295.8 0   295.8 0    34.8 2   124.3 0 -9999.9 1   -42.8 0 -9999.9 1 -9999.9 1 -9999.9 1 -9999.9 1   315.5 0 -9999.9 1
 1999 198  7 17 22 42 22.700  61.69   247.4 0 -9999.9 1 -9999.9 1   243.7 0   391.2 0   306.6 0   305.0 0   433.9 0   295.7 0   295.8 0    31.5 2   116.2 0 -9999.9 1   -42.6 0 -9999.9 1 -9999.9 1 -9999.9 1 -9999.9 1   313.6 0 -9999.9 1
 1999 198  7 17 22 48 22.800  62.84   308.1 0 -9999.9 1 -9999.9 1   276.8 0   386.8 0   306.6 0   305.1 0   435.4 0   295.6 0   295.8 0    32.0 2   145.1 0 -9999.9 1   -48.6 0 -9999.9 1 -9999.9 1 -9999.9 1 -9999.9 1   308.7 0 -9999.9 1
 1999 198  7 17 22 51 22.850  63.41   280.4 0 -9999.9 1 -9999.9 1   253.9 0   384.0 0   306.7 0   305.0 0   433.8 0   295.7 0   295.8 0    31.5 2   133.5 0 -9999.9 1   -49.8 0 -9999.9 1 -9999.9 1 -9999.9 1 -9999.9 1   313.4 0 -9999.9 1
 1999 198  7 17 22 54 22.900  63.98   222.1 0 -9999.9 1 -9999.9 1   210.2 0   384.6 0   306.8 0   305.1 0   433.7 0   295.7 0   295.8 0    28.2 2   106.4 0 -9999.9 1   -49.1 0 -9999.9 1 -9999.9 1 -9999.9 1 -9999.9 1   318.3 0 -9999.9 1
 1999 198  7 17 22 57 22.950  64.55   199.2 0 -9999.9 1 -9999.9 1   193.3 0   384.2 0   306.8 0   305.0 0   431.2 0   295.7 0   295.7 0    26.0 2    94.9 0 -9999.9 1   -47.0 0 -9999.9 1 -9999.9 1 -9999.9 1 -9999.9 1   321.7 0 -9999.9 1
 1999 198  7 17 23  3 23.050  65.68   161.7 0 -9999.9 1 -9999.9 1   154.5 0   372.7 0   306.6 0   304.5 0   427.2 0   295.4 0   295.4 0    25.3 2    80.5 0 -9999.9 1   -54.5 0 -9999.9 1 -9999.9 1 -9999.9 1 -9999.9 1   332.2 0 -9999.9 1
 1999 198  7 17 23  6 23.100  66.25   142.7 0 -9999.9 1 -9999.9 1   137.3 0   377.0 0   306.5 0   304.4 0   426.6 0   295.3 0   295.2 0    23.1 2    71.8 0 -9999.9 1   -49.6 0 -9999.9 1 -9999.9 1 -9999.9 1 -9999.9 1   338.1 0 -9999.9 1
 1999 198  7 17 23  9 23.150  66.82   149.4 0 -9999.9 1 -9999.9 1   146.4 0   380.7 0   306.4 0   304.6 0   427.4 0   295.2 0   295.1 0    22.2 2    74.1 0 -9999.9 1   -46.7 0 -9999.9 1 -9999.9 1 -9999.9 1 -9999.9 1   339.7 0 -9999.9 1
 1999 198  7 17 23 12 23.200  67.38   127.0 0 -9999.9 1 -9999.9 1   127.2 0   388.3 0   306.4 0   304.6 0   428.3 0   295.1 0   295.1 0    19.2 2    61.6 0 -9999.9 1   -40.0 0 -9999.9 1 -9999.9 1 -9999.9 1 -9999.9 1   333.5 0 -9999.9 1
 1999 198  7 17 23 18 23.300  68.51   120.9 0 -9999.9 1 -9999.9 1   120.8 0   394.9 0   306.2 0   304.3 0   428.4 0   295.1 0   295.0 0    16.8 2    58.3 0 -9999.9 1   -33.5 0 -9999.9 1 -9999.9 1 -9999.9 1 -9999.9 1   324.0 0 -9999.9 1
 1999 198  7 17 23 21 23.350  69.08   131.1 0 -9999.9 1 -9999.9 1   130.0 0   385.5 0   306.1 0   304.1 0   428.6 0   295.0 0   295.0 0    17.4 2    63.7 0 -9999.9 1   -43.1 0 -9999.9 1 -9999.9 1 -9999.9 1 -9999.9 1   319.3 0 -9999.9 1
 1999 198  7 17 23 24 23.400  69.64   123.3 0 -9999.9 1 -9999.9 1   122.3 0   376.3 0   305.9 0   304.0 0   427.9 0   295.0 0   295.0 0    17.7 2    60.9 0 -9999.9 1   -51.6 0 -9999.9 1 -9999.9 1 -9999.9 1 -9999.9 1   320.2 0 -9999.9 1
 1999 198  7 17 23 27 23.450  70.20   105.8 0 -9999.9 1 -9999.9 1   106.6 0   370.1 0   305.9 0   304.0 0   427.1 0   295.0 0   295.0 0    17.2 2    53.8 0 -9999.9 1   -57.0 0 -9999.9 1 -9999.9 1 -9999.9 1 -9999.9 1   323.3 0 -9999.9 1
 1999 198  7 17 23 33 23.550  71.32   108.6 0 -9999.9 1 -9999.9 1   110.6 0   392.5 0   305.7 0   303.9 0   427.5 0   294.9 0   294.9 0    12.8 2    52.0 0 -9999.9 1   -34.9 0 -9999.9 1 -9999.9 1 -9999.9 1 -9999.9 1   317.1 0 -9999.9 1
 1999 198  7 17 23 36 23.600  71.88    95.9 0 -9999.9 1 -9999.9 1    98.1 0   408.9 0   305.6 0   303.8 0   428.0 0   294.9 0   294.9 0     8.5 2    43.5 0 -9999.9 1   -19.1 0 -9999.9 1 -9999.9 1 -9999.9 1 -9999.9 1   321.2 0 -9999.9 1
 1999 198  7 17 23 39 23.650  72.44   110.3 0 -9999.9 1 -9999.9 1   112.6 0   409.7 0   305.6 0   303.9 0   429.1 0   294.9 0   294.9 0     8.2 2    49.5 0 -9999.9 1   -19.4 0 -9999.9 1 -9999.9 1 -9999.9 1 -9999.9 1   319.4 0 -9999.9 1
 1999 198  7 17 23 42 23.700  73.00    88.1 0 -9999.9 1 -9999.9 1    91.2 0   410.5 0   305.6 0   303.8 0   429.1 0   295.0 0   295.0 0     7.0 2    39.6 0 -9999.9 1   -18.6 0 -9999.9 1 -9999.9 1 -9999.9 1 -9999.9 1   318.6 0 -9999.9 1
 1999 198  7 17 23 48 23.800  74.11    40.6 0 -9999.9 1 -9999.9 1    44.3 0   412.3 0   305.3 0   303.4 0   427.1 0   294.9 0   294.9 0     4.4 2    19.2 0 -9999.9 1   -14.8 0 -9999.9 1 -9999.9 1 -9999.9 1 -9999.9 1   312.7 0 -9999.9 1
 1999 198  7 17 23 51 23.850  74.66    77.6 0 -9999.9 1 -9999.9 1    80.0 0   409.7 0   305.2 0   303.6 0   428.0 0   294.9 0   294.9 0     5.0 2    35.5 0 -9999.9 1   -18.3 0 -9999.9 1 -9999.9 1 -9999.9 1 -9999.9 1   312.9 0 -9999.9 1
 1999 198  7 17 23 54 23.900  75.21   107.4 0 -9999.9 1 -9999.9 1   109.8 0   404.4 0   305.2 0   303.7 0   430.0 0   294.9 0   295.0 0     6.9 2    48.4 0 -9999.9 1   -25.6 0 -9999.9 1 -9999.9 1 -9999.9 1 -9999.9 1   309.5 0 -9999.9 1
 1999 198  7 17 23 57 23.950  75.76    78.7 0 -9999.9 1 -9999.9 1    80.8 0   403.3 0   305.3 0   303.8 0   429.4 0   295.0 0   295.0 0     6.2 2    36.5 0 -9999.9 1   -26.1 0 -9999.9 1 -9999.9 1 -9999.9 1 -9999.9 1   309.9 0 -9999.9 1
