 Bondville
   40.05  -88.37  213 m version 1
 1999 193  7 12  0  3  0.050  76.41   184.8 0 -9999.9 1 -9999.9 1    41.6 0   308.2 0   313.4 0   311.1 0   414.5 0   295.6 0   295.6 0     9.0 0    85.6 0 -9999.9 1  -106.2 0 -9999.9 1 -9999.9 1 -9999.9 1 -9999.9 1    36.6 0 -9999.9 1
 1999 193  7 12  0  6  0.100  76.96   174.9 0 -9999.9 1 -9999.9 1    40.6 0   308.7 0   313.4 0   311.2 0   414.2 0   295.5 0   295.5 0     8.3 0    81.2 0 -9999.9 1  -105.6 0 -9999.9 1 -9999.9 1 -9999.9 1 -9999.9 1    32.3 0 -9999.9 1
 1999 193  7 12  0  9  0.150  77.50   167.6 0 -9999.9 1 -9999.9 1    39.9 0   307.1 0   313.2 0   310.8 0   412.5 0   295.3 0   295.2 0     7.7 0    77.6 0 -9999.9 1  -105.4 0 -9999.9 1 -9999.9 1 -9999.9 1 -9999.9 1    34.4 0 -9999.9 1
 1999 193  7 12  0 12  0.200  78.04   158.2 0 -9999.9 1 -9999.9 1    38.4 0   307.9 0   313.3 0   310.9 0   411.9 0   295.3 0   295.3 0     7.1 0    73.7 0 -9999.9 1  -104.0 0 -9999.9 1 -9999.9 1 -9999.9 1 -9999.9 1    34.2 0 -9999.9 1
 1999 193  7 12  0 18  0.300  79.12   140.4 0 -9999.9 1 -9999.9 1    35.5 0   303.9 0   313.0 0   310.7 0   408.4 0   294.8 0   294.8 0     6.1 0    66.0 0 -9999.9 1  -104.6 0 -9999.9 1 -9999.9 1 -9999.9 1 -9999.9 1    28.7 0 -9999.9 1
 1999 193  7 12  0 21  0.350  79.65   126.5 0 -9999.9 1 -9999.9 1    34.0 0   304.2 0   312.8 0   310.5 0   406.5 0   294.7 0   294.6 0     5.6 2    59.5 0 -9999.9 1  -102.3 0 -9999.9 1 -9999.9 1 -9999.9 1 -9999.9 1    28.9 0 -9999.9 1
 1999 193  7 12  0 24  0.400  80.18   120.0 0 -9999.9 1 -9999.9 1    32.9 0   302.7 0   312.7 0   310.4 0   405.0 0   294.5 0   294.4 0     5.1 2    56.8 0 -9999.9 1  -102.3 0 -9999.9 1 -9999.9 1 -9999.9 1 -9999.9 1    26.8 0 -9999.9 1
 1999 193  7 12  0 27  0.450  80.72   112.0 0 -9999.9 1 -9999.9 1    31.5 0   303.3 0   312.7 0   310.3 0   404.7 0   294.4 0   294.4 0     4.7 0    53.4 0 -9999.9 1  -101.4 0 -9999.9 1 -9999.9 1 -9999.9 1 -9999.9 1    24.6 0 -9999.9 1
 1999 193  7 12  0 33  0.550  81.77    94.8 0 -9999.9 1 -9999.9 1    28.4 0   297.6 0   312.4 0   310.1 0   401.0 0   294.0 0   293.9 0     3.8 2    46.1 0 -9999.9 1  -103.4 0 -9999.9 1 -9999.9 1 -9999.9 1 -9999.9 1    20.9 0 -9999.9 1
 1999 193  7 12  0 36  0.600  82.30    87.2 0 -9999.9 1 -9999.9 1    27.4 0   292.7 0   312.3 0   310.2 0   398.7 0   293.8 0   293.8 0     3.4 2    42.4 0 -9999.9 1  -106.0 0 -9999.9 1 -9999.9 1 -9999.9 1 -9999.9 1    44.5 0 -9999.9 1
 1999 193  7 12  0 39  0.650  82.82    79.3 0 -9999.9 1 -9999.9 1    26.5 0   294.2 0   312.1 0   309.8 0   397.2 0   293.6 0   293.5 0     3.1 2    38.8 0 -9999.9 1  -103.0 0 -9999.9 1 -9999.9 1 -9999.9 1 -9999.9 1    54.4 0 -9999.9 1
 1999 193  7 12  0 42  0.700  83.34    71.1 0 -9999.9 1 -9999.9 1    24.8 0   296.0 0   312.0 0   309.6 0   396.9 0   293.5 0   293.4 0     2.7 2    34.6 0 -9999.9 1  -100.8 0 -9999.9 1 -9999.9 1 -9999.9 1 -9999.9 1    42.7 0 -9999.9 1
 1999 193  7 12  0 48  0.800  84.37    57.0 0 -9999.9 1 -9999.9 1    20.2 0   293.0 0   311.7 0   309.6 0   393.5 0   293.2 0   293.1 0     2.1 2    27.6 0 -9999.9 1  -100.6 0 -9999.9 1 -9999.9 1 -9999.9 1 -9999.9 1    28.7 0 -9999.9 1
 1999 193  7 12  0 51  0.850  84.88    50.4 0 -9999.9 1 -9999.9 1    18.5 0   295.6 0   311.7 0   309.6 0   393.6 0   293.2 0   293.1 0     1.8 2    24.1 0 -9999.9 1   -98.0 0 -9999.9 1 -9999.9 1 -9999.9 1 -9999.9 1    27.7 0 -9999.9 1
 1999 193  7 12  0 54  0.900  85.38    42.7 0 -9999.9 1 -9999.9 1    16.8 0   297.3 0   311.7 0   309.4 0   393.3 0   293.2 0   293.1 0     1.6 0    20.6 0 -9999.9 1   -96.0 0 -9999.9 1 -9999.9 1 -9999.9 1 -9999.9 1    27.9 0 -9999.9 1
 1999 193  7 12  0 57  0.950  85.88    33.5 0 -9999.9 1 -9999.9 1    15.2 0   295.7 0   311.6 0   309.5 0   391.9 0   293.1 0   293.0 0     1.4 0    16.9 0 -9999.9 1   -96.2 0 -9999.9 1 -9999.9 1 -9999.9 1 -9999.9 1    30.7 0 -9999.9 1
 1999 193  7 12  1  3  1.050  86.87    19.8 0 -9999.9 1 -9999.9 1    11.5 0   292.6 0   311.1 0   309.1 0   386.5 0   292.7 0   292.5 0     1.0 0    12.1 0 -9999.9 1   -93.9 0 -9999.9 1 -9999.9 1 -9999.9 1 -9999.9 1    37.0 0 -9999.9 1
 1999 193  7 12  1  6  1.100  87.35    16.9 0 -9999.9 1 -9999.9 1    10.4 0   293.8 0   310.9 0   308.7 0   385.0 0   292.5 0   292.4 0     0.8 0    10.9 0 -9999.9 1   -91.3 0 -9999.9 1 -9999.9 1 -9999.9 1 -9999.9 1    37.8 0 -9999.9 1
 1999 193  7 12  1  9  1.150  87.82    13.5 0 -9999.9 1 -9999.9 1     8.1 0   295.4 0   310.7 0   308.5 0   384.6 0   292.3 0   292.2 0     0.7 0     9.3 0 -9999.9 1   -89.2 0 -9999.9 1 -9999.9 1 -9999.9 1 -9999.9 1    30.7 0 -9999.9 1
 1999 193  7 12  1 12  1.200  88.28    11.4 0 -9999.9 1 -9999.9 1     6.2 0   296.8 0   310.6 0   308.2 0   383.8 0   292.1 0   292.1 0     0.6 0     7.7 0 -9999.9 1   -87.0 0 -9999.9 1 -9999.9 1 -9999.9 1 -9999.9 1    21.4 0 -9999.9 1
 1999 193  7 12  1 18  1.300  89.16     7.6 0 -9999.9 1 -9999.9 1     3.1 0   292.2 0   310.0 0   307.9 0   380.6 0   291.6 0   291.5 0     0.4 0     5.1 0 -9999.9 1   -88.4 0 -9999.9 1 -9999.9 1 -9999.9 1 -9999.9 1    23.2 0 -9999.9 1
 1999 193  7 12  1 21  1.350  89.55     6.2 0 -9999.9 1 -9999.9 1     1.8 0   291.2 0   309.7 0   307.8 0   379.3 0   291.5 0   291.4 0     0.3 0     4.0 0 -9999.9 1   -88.0 0 -9999.9 1 -9999.9 1 -9999.9 1 -9999.9 1    23.1 0 -9999.9 1
 1999 193  7 12  1 24  1.400  89.92     4.8 0 -9999.9 1 -9999.9 1     0.6 0   292.6 0   309.5 0   307.6 0   378.6 0   291.4 0   291.3 0     0.3 0     3.0 0 -9999.9 1   -86.0 0 -9999.9 1 -9999.9 1 -9999.9 1 -9999.9 1    22.3 0 -9999.9 1
 1999 193  7 12  1 27  1.450  91.14     3.3 0 -9999.9 1 -9999.9 1    -0.2 0   295.9 0   309.3 0   307.1 0   378.6 0   291.3 0   291.2 0     0.0 0     2.2 0 -9999.9 1   -82.6 0 -9999.9 1 -9999.9 1 -9999.9 1 -9999.9 1    24.9 0 -9999.9 1
 1999 193  7 12  1 33  1.550  92.13     1.0 0 -9999.9 1 -9999.9 1    -2.5 0   291.7 0   308.8 0   307.1 0   377.0 0   291.0 0   290.9 0     0.0 0     1.0 0 -9999.9 1   -85.4 0 -9999.9 1 -9999.9 1 -9999.9 1 -9999.9 1    28.2 0 -9999.9 1
 1999 193  7 12  1 36  1.600  92.62     0.0 0 -9999.9 1 -9999.9 1    -2.7 0   294.6 0   308.6 0   306.6 0   376.6 0   290.9 0   290.7 0     0.0 0     0.5 0 -9999.9 1   -81.9 0 -9999.9 1 -9999.9 1 -9999.9 1 -9999.9 1    29.0 0 -9999.9 1
 1999 193  7 12  1 39  1.650  93.10    -1.1 0 -9999.9 1 -9999.9 1    -2.5 0   296.5 0   308.3 0   306.1 0   376.7 0   290.8 0   290.6 0     0.0 0     0.4 0 -9999.9 1   -80.1 0 -9999.9 1 -9999.9 1 -9999.9 1 -9999.9 1    29.3 0 -9999.9 1
 1999 193  7 12  1 42  1.700  93.59    -1.7 0 -9999.9 1 -9999.9 1    -2.7 0   295.6 0   308.2 0   306.0 0   376.8 0   290.7 0   290.6 0     0.0 0     0.2 0 -9999.9 1   -81.2 0 -9999.9 1 -9999.9 1 -9999.9 1 -9999.9 1    30.5 0 -9999.9 1
 1999 193  7 12  1 48  1.800  94.54    -2.2 0 -9999.9 1 -9999.9 1    -3.4 0   293.7 0   307.6 0   305.5 0   374.2 0   290.4 0   290.3 0     0.0 0     0.0 0 -9999.9 1   -80.5 0 -9999.9 1 -9999.9 1 -9999.9 1 -9999.9 1    29.2 0 -9999.9 1
 1999 193  7 12  1 51  1.850  95.02    -2.4 0 -9999.9 1 -9999.9 1    -3.3 0   293.6 0   307.3 0   305.3 0   373.6 0   290.3 0   290.1 0     0.0 0    -0.1 0 -9999.9 1   -80.1 0 -9999.9 1 -9999.9 1 -9999.9 1 -9999.9 1    30.6 0 -9999.9 1
 1999 193  7 12  1 54  1.900  95.49    -2.5 0 -9999.9 1 -9999.9 1    -3.2 0   294.4 0   307.1 0   305.2 0   373.4 0   290.2 0   290.0 0     0.0 0    -0.2 0 -9999.9 1   -79.0 0 -9999.9 1 -9999.9 1 -9999.9 1 -9999.9 1    30.5 0 -9999.9 1
 1999 193  7 12  1 57  1.950  95.96    -2.8 0 -9999.9 1 -9999.9 1    -2.9 0   296.4 0   306.9 0   304.9 0   373.3 0   290.0 0   289.9 0     0.0 0    -0.3 0 -9999.9 1   -76.9 0 -9999.9 1 -9999.9 1 -9999.9 1 -9999.9 1    29.2 0 -9999.9 1
 1999 193  7 12  2  3  2.050  96.89    -3.0 0 -9999.9 1 -9999.9 1    -2.3 0   301.0 0   306.4 0   304.5 0   373.3 0   289.7 0   289.6 0     0.0 0    -0.2 0 -9999.9 1   -72.3 0 -9999.9 1 -9999.9 1 -9999.9 1 -9999.9 1    26.1 0 -9999.9 1
 1999 193  7 12  2  6  2.100  97.35    -2.8 0 -9999.9 1 -9999.9 1    -2.4 0   301.2 0   306.3 0   304.6 0   373.8 0   289.6 0   289.5 0     0.0 0    -0.2 0 -9999.9 1   -72.6 0 -9999.9 1 -9999.9 1 -9999.9 1 -9999.9 1    25.3 0 -9999.9 1
 1999 193  7 12  2  9  2.150  97.80    -2.7 0 -9999.9 1 -9999.9 1    -2.5 0   298.9 0   306.1 0   304.6 0   373.4 0   289.5 0   289.3 0     0.0 0    -0.3 0 -9999.9 1   -74.5 0 -9999.9 1 -9999.9 1 -9999.9 1 -9999.9 1    23.2 0 -9999.9 1
 1999 193  7 12  2 12  2.200  98.26    -2.7 0 -9999.9 1 -9999.9 1    -2.4 0   298.0 0   305.9 0   304.1 0   372.7 0   289.3 0   289.1 0     0.0 0    -0.2 0 -9999.9 1   -74.7 0 -9999.9 1 -9999.9 1 -9999.9 1 -9999.9 1    22.0 0 -9999.9 1
 1999 193  7 12  2 18  2.300  99.15    -2.8 0 -9999.9 1 -9999.9 1    -2.1 0   293.6 0   305.5 0   303.6 0   371.9 0   289.0 0   288.9 0     0.0 0    -0.3 0 -9999.9 1   -78.2 0 -9999.9 1 -9999.9 1 -9999.9 1 -9999.9 1    25.0 0 -9999.9 1
 1999 193  7 12  2 21  2.350  99.60    -3.0 0 -9999.9 1 -9999.9 1    -2.1 0   291.4 0   305.3 0   303.5 0   370.7 0   288.9 0   288.8 0     0.0 0    -0.2 0 -9999.9 1   -79.2 0 -9999.9 1 -9999.9 1 -9999.9 1 -9999.9 1    24.8 0 -9999.9 1
 1999 193  7 12  2 24  2.400 100.04    -2.9 0 -9999.9 1 -9999.9 1    -1.9 0   291.9 0   305.2 0   303.3 0   370.3 0   288.8 0   288.7 0     0.0 0    -0.2 0 -9999.9 1   -78.4 0 -9999.9 1 -9999.9 1 -9999.9 1 -9999.9 1    24.1 0 -9999.9 1
 1999 193  7 12  2 27  2.450 100.47    -3.1 0 -9999.9 1 -9999.9 1    -1.8 0   289.5 0   304.8 0   302.8 0   368.2 0   288.5 0   288.4 0     0.0 0    -0.2 0 -9999.9 1   -78.7 0 -9999.9 1 -9999.9 1 -9999.9 1 -9999.9 1    24.6 0 -9999.9 1
 1999 193  7 12  2 33  2.550 101.34    -3.2 0 -9999.9 1 -9999.9 1    -1.5 0   291.4 0   304.4 0   302.4 0   367.4 0   288.3 0   288.1 0     0.0 0    -0.2 0 -9999.9 1   -76.0 0 -9999.9 1 -9999.9 1 -9999.9 1 -9999.9 1    24.3 0 -9999.9 1
 1999 193  7 12  2 36  2.600 101.76    -3.1 0 -9999.9 1 -9999.9 1    -1.7 0   290.1 0   304.2 0   302.3 0   366.8 0   288.1 0   287.9 0     0.0 2    -0.2 0 -9999.9 1   -76.7 0 -9999.9 1 -9999.9 1 -9999.9 1 -9999.9 1    24.6 0 -9999.9 1
 1999 193  7 12  2 39  2.650 102.18    -3.1 0 -9999.9 1 -9999.9 1    -1.8 0   293.6 0   304.2 0   302.2 0   368.1 0   288.2 0   288.0 0     0.0 0    -0.2 0 -9999.9 1   -74.4 0 -9999.9 1 -9999.9 1 -9999.9 1 -9999.9 1    23.4 0 -9999.9 1
 1999 193  7 12  2 42  2.700 102.60    -3.1 0 -9999.9 1 -9999.9 1    -1.6 0   296.5 0   304.1 0   302.0 0   368.8 0   288.1 0   288.0 0     0.0 0    -0.2 0 -9999.9 1   -72.3 0 -9999.9 1 -9999.9 1 -9999.9 1 -9999.9 1    26.4 0 -9999.9 1
 1999 193  7 12  2 48  2.800 103.42    -3.4 0 -9999.9 1 -9999.9 1    -0.9 0   297.3 0   303.8 0   301.8 0   370.9 0   288.1 0   288.0 0     0.0 0    -0.3 0 -9999.9 1   -73.7 0 -9999.9 1 -9999.9 1 -9999.9 1 -9999.9 1    26.7 0 -9999.9 1
 1999 193  7 12  2 51  2.850 103.83    -3.4 0 -9999.9 1 -9999.9 1    -0.9 0   299.7 0   303.8 0   301.9 0   371.1 0   288.1 0   288.0 0     0.0 0    -0.2 0 -9999.9 1   -71.4 0 -9999.9 1 -9999.9 1 -9999.9 1 -9999.9 1    28.0 0 -9999.9 1
 1999 193  7 12  2 54  2.900 104.23    -3.4 0 -9999.9 1 -9999.9 1    -0.8 0   305.6 0   303.6 0   301.7 0   370.9 0   288.0 0   287.9 0     0.0 0    -0.1 0 -9999.9 1   -65.3 0 -9999.9 1 -9999.9 1 -9999.9 1 -9999.9 1    29.7 0 -9999.9 1
 1999 193  7 12  2 57  2.950 104.63    -3.4 0 -9999.9 1 -9999.9 1    -0.7 0   310.3 0   303.6 0   301.7 0   371.8 0   288.0 0   287.9 0     0.0 0    -0.2 0 -9999.9 1   -61.4 0 -9999.9 1 -9999.9 1 -9999.9 1 -9999.9 1    30.9 0 -9999.9 1
 1999 193  7 12  3  3  3.050 105.41    -3.3 0 -9999.9 1 -9999.9 1    -0.5 0   306.8 0   303.4 0   301.8 0   371.9 0   287.9 0   287.8 0     0.0 0    -0.3 0 -9999.9 1   -65.1 0 -9999.9 1 -9999.9 1 -9999.9 1 -9999.9 1    29.0 0 -9999.9 1
 1999 193  7 12  3  6  3.100 105.79    -3.5 0 -9999.9 1 -9999.9 1    -0.5 0   308.2 0   303.2 0   301.6 0   371.6 0   287.8 0   287.7 0     0.0 0    -0.2 0 -9999.9 1   -63.4 0 -9999.9 1 -9999.9 1 -9999.9 1 -9999.9 1    33.0 0 -9999.9 1
 1999 193  7 12  3  9  3.150 106.17    -3.8 0 -9999.9 1 -9999.9 1    -0.1 0   311.3 0   303.1 0   301.4 0   372.0 0   287.9 0   287.8 0     0.0 0    -0.2 0 -9999.9 1   -60.7 0 -9999.9 1 -9999.9 1 -9999.9 1 -9999.9 1    29.6 0 -9999.9 1
 1999 193  7 12  3 12  3.200 106.55    -3.6 0 -9999.9 1 -9999.9 1     0.0 0   305.3 0   303.0 0   301.3 0   371.2 0   287.8 0   287.7 0     0.0 0    -0.2 0 -9999.9 1   -65.9 0 -9999.9 1 -9999.9 1 -9999.9 1 -9999.9 1    25.3 0 -9999.9 1
 1999 193  7 12  3 18  3.300 107.28    -3.6 0 -9999.9 1 -9999.9 1    -0.2 0   298.9 0   302.9 0   301.3 0   369.9 0   287.7 0   287.6 0     0.0 0    -0.2 0 -9999.9 1   -71.0 0 -9999.9 1 -9999.9 1 -9999.9 1 -9999.9 1    27.8 0 -9999.9 1
 1999 193  7 12  3 21  3.350 107.64    -3.7 0 -9999.9 1 -9999.9 1    -0.2 0   294.9 0   302.8 0   301.6 0   369.4 0   287.6 0   287.5 0     0.0 0    -0.2 0 -9999.9 1   -74.5 0 -9999.9 1 -9999.9 1 -9999.9 1 -9999.9 1    25.2 0 -9999.9 1
 1999 193  7 12  3 24  3.400 108.00    -3.4 0 -9999.9 1 -9999.9 1    -0.5 0   296.2 0   302.9 0   301.8 0   369.7 0   287.7 0   287.6 0     0.0 0    -0.2 0 -9999.9 1   -73.5 0 -9999.9 1 -9999.9 1 -9999.9 1 -9999.9 1    23.6 0 -9999.9 1
 1999 193  7 12  3 27  3.450 108.35    -3.4 0 -9999.9 1 -9999.9 1    -0.5 0   303.8 0   302.9 0   301.8 0   370.6 0   287.7 0   287.7 0     0.0 0    -0.2 0 -9999.9 1   -66.8 0 -9999.9 1 -9999.9 1 -9999.9 1 -9999.9 1    21.9 0 -9999.9 1
 1999 193  7 12  3 33  3.550 109.04    -3.2 0 -9999.9 1 -9999.9 1    -0.4 0   309.5 0   303.0 0   301.8 0   372.0 0   287.8 0   287.7 0     0.0 0    -0.2 0 -9999.9 1   -62.5 0 -9999.9 1 -9999.9 1 -9999.9 1 -9999.9 1    17.8 0 -9999.9 1
 1999 193  7 12  3 36  3.600 109.37    -3.1 0 -9999.9 1 -9999.9 1    -0.5 0   310.9 0   303.0 0   301.9 0   372.1 0   287.8 0   287.7 0     0.0 0    -0.2 0 -9999.9 1   -61.1 0 -9999.9 1 -9999.9 1 -9999.9 1 -9999.9 1    18.0 0 -9999.9 1
 1999 193  7 12  3 39  3.650 109.70    -3.1 0 -9999.9 1 -9999.9 1    -0.7 0   310.7 0   303.1 0   302.2 0   372.4 0   287.8 0   287.7 0     0.0 0    -0.2 0 -9999.9 1   -61.7 0 -9999.9 1 -9999.9 1 -9999.9 1 -9999.9 1    22.8 0 -9999.9 1
 1999 193  7 12  3 42  3.700 110.03    -3.0 0 -9999.9 1 -9999.9 1    -0.7 0   309.7 0   303.1 0   302.0 0   372.4 0   287.8 0   287.7 0     0.0 0    -0.2 0 -9999.9 1   -62.7 0 -9999.9 1 -9999.9 1 -9999.9 1 -9999.9 1    28.4 0 -9999.9 1
 1999 193  7 12  3 48  3.800 110.66    -3.1 0 -9999.9 1 -9999.9 1    -0.6 0   297.1 0   303.1 0   301.9 0   370.1 0   287.5 0   287.4 0     0.0 0    -0.2 0 -9999.9 1   -73.0 0 -9999.9 1 -9999.9 1 -9999.9 1 -9999.9 1    31.6 0 -9999.9 1
 1999 193  7 12  3 51  3.850 110.97    -3.3 0 -9999.9 1 -9999.9 1    -0.6 0   294.3 0   303.1 0   301.7 0   369.3 0   287.5 0   287.4 0     0.0 0    -0.2 0 -9999.9 1   -75.0 0 -9999.9 1 -9999.9 1 -9999.9 1 -9999.9 1    30.7 0 -9999.9 1
 1999 193  7 12  3 54  3.900 111.27    -3.3 0 -9999.9 1 -9999.9 1    -0.5 0   292.7 0   303.2 0   301.7 0   368.8 0   287.4 0   287.3 0     0.0 0    -0.2 0 -9999.9 1   -76.1 0 -9999.9 1 -9999.9 1 -9999.9 1 -9999.9 1    26.7 0 -9999.9 1
 1999 193  7 12  3 57  3.950 111.57    -3.4 0 -9999.9 1 -9999.9 1    -0.4 0   295.8 0   303.2 0   301.4 0   368.3 0   287.4 0   287.3 0     0.0 0    -0.2 0 -9999.9 1   -72.5 0 -9999.9 1 -9999.9 1 -9999.9 1 -9999.9 1    25.8 0 -9999.9 1
 1999 193  7 12  4  3  4.050 112.14    -3.1 0 -9999.9 1 -9999.9 1    -0.9 0   304.6 0   303.1 0   301.3 0   369.1 0   287.2 0   287.2 0     0.0 0    -0.1 0 -9999.9 1   -64.6 0 -9999.9 1 -9999.9 1 -9999.9 1 -9999.9 1    25.4 0 -9999.9 1
 1999 193  7 12  4  6  4.100 112.42    -3.1 0 -9999.9 1 -9999.9 1    -0.9 0   310.6 0   303.1 0   301.3 0   369.8 0   287.2 0   287.1 0     0.0 0    -0.1 0 -9999.9 1   -59.2 0 -9999.9 1 -9999.9 1 -9999.9 1 -9999.9 1    27.3 0 -9999.9 1
 1999 193  7 12  4  9  4.150 112.69    -3.0 0 -9999.9 1 -9999.9 1    -0.8 0   315.9 0   303.0 0   301.1 0   369.3 0   287.1 0   287.0 0     0.0 0    -0.2 0 -9999.9 1   -53.4 0 -9999.9 1 -9999.9 1 -9999.9 1 -9999.9 1    29.6 0 -9999.9 1
 1999 193  7 12  4 12  4.200 112.96    -3.2 0 -9999.9 1 -9999.9 1    -0.5 0   317.9 0   302.9 0   301.0 0   369.6 0   287.0 0   286.9 0     0.0 0    -0.1 0 -9999.9 1   -51.7 0 -9999.9 1 -9999.9 1 -9999.9 1 -9999.9 1    30.7 0 -9999.9 1
 1999 193  7 12  4 18  4.300 113.48    -3.0 0 -9999.9 1 -9999.9 1    -0.2 0   314.2 0   302.9 0   301.1 0   371.0 0   287.1 0   287.0 0     0.0 0    -0.2 0 -9999.9 1   -56.9 0 -9999.9 1 -9999.9 1 -9999.9 1 -9999.9 1    29.0 0 -9999.9 1
 1999 193  7 12  4 21  4.350 113.72    -3.1 0 -9999.9 1 -9999.9 1    -0.1 0   310.6 0   302.9 0   301.1 0   371.3 0   287.1 0   287.0 0     0.0 0    -0.2 0 -9999.9 1   -60.7 0 -9999.9 1 -9999.9 1 -9999.9 1 -9999.9 1    31.5 0 -9999.9 1
 1999 193  7 12  4 24  4.400 113.97    -3.3 0 -9999.9 1 -9999.9 1    -0.1 0   306.5 0   302.8 0   301.1 0   370.8 0   287.1 0   287.0 0     0.0 0    -0.2 0 -9999.9 1   -64.3 0 -9999.9 1 -9999.9 1 -9999.9 1 -9999.9 1    33.1 0 -9999.9 1
 1999 193  7 12  4 27  4.450 114.20    -3.3 0 -9999.9 1 -9999.9 1    -0.2 0   299.8 0   302.6 0   300.8 0   369.0 0   286.9 0   286.8 0     0.0 0    -0.2 0 -9999.9 1   -69.2 0 -9999.9 1 -9999.9 1 -9999.9 1 -9999.9 1    36.8 0 -9999.9 1
 1999 193  7 12  4 33  4.550 114.65    -3.7 0 -9999.9 1 -9999.9 1     0.0 0   296.6 0   302.5 0   300.6 0   368.0 0   286.9 0   286.8 0     0.0 0    -0.2 0 -9999.9 1   -71.4 0 -9999.9 1 -9999.9 1 -9999.9 1 -9999.9 1    38.7 0 -9999.9 1
 1999 193  7 12  4 36  4.600 114.87    -3.6 0 -9999.9 1 -9999.9 1     0.0 0   294.5 0   302.5 0   300.6 0   367.4 0   286.9 0   286.8 0     0.0 0    -0.2 0 -9999.9 1   -72.9 0 -9999.9 1 -9999.9 1 -9999.9 1 -9999.9 1    37.4 0 -9999.9 1
 1999 193  7 12  4 39  4.650 115.07    -3.7 0 -9999.9 1 -9999.9 1     0.0 0   292.8 0   302.4 0   300.7 0   367.0 0   286.9 0   286.9 0     0.0 0    -0.1 0 -9999.9 1   -74.2 0 -9999.9 1 -9999.9 1 -9999.9 1 -9999.9 1    33.8 0 -9999.9 1
 1999 193  7 12  4 42  4.700 115.28    -3.7 0 -9999.9 1 -9999.9 1     0.2 0   291.9 0   302.3 0   300.5 0   366.4 0   287.0 0   286.9 0     0.0 0    -0.1 0 -9999.9 1   -74.4 0 -9999.9 1 -9999.9 1 -9999.9 1 -9999.9 1    29.4 0 -9999.9 1
 1999 193  7 12  4 48  4.800 115.66    -3.5 0 -9999.9 1 -9999.9 1    -0.3 0   290.0 0   302.0 0   300.1 0   363.2 0   286.7 0   286.6 0     0.0 0    -0.2 0 -9999.9 1   -73.2 0 -9999.9 1 -9999.9 1 -9999.9 1 -9999.9 1    31.7 0 -9999.9 1
 1999 193  7 12  4 51  4.850 115.84    -3.5 0 -9999.9 1 -9999.9 1    -0.3 0   291.6 0   301.7 0   299.7 0   362.1 0   286.4 0   286.3 0     0.0 0    -0.2 0 -9999.9 1   -70.5 0 -9999.9 1 -9999.9 1 -9999.9 1 -9999.9 1    32.5 0 -9999.9 1
 1999 193  7 12  4 54  4.900 116.01    -3.4 0 -9999.9 1 -9999.9 1    -0.4 0   294.4 0   301.5 0   299.5 0   361.8 0   286.3 0   286.2 0     0.0 0    -0.2 0 -9999.9 1   -67.3 0 -9999.9 1 -9999.9 1 -9999.9 1 -9999.9 1    33.4 0 -9999.9 1
 1999 193  7 12  4 57  4.950 116.18    -3.4 0 -9999.9 1 -9999.9 1    -0.5 0   296.9 0   301.4 0   299.4 0   361.9 0   286.2 0   286.1 0     0.0 0    -0.2 0 -9999.9 1   -65.0 0 -9999.9 1 -9999.9 1 -9999.9 1 -9999.9 1    37.0 0 -9999.9 1
 1999 193  7 12  5  3  5.050 116.49    -3.5 0 -9999.9 1 -9999.9 1    -0.2 0   291.8 0   301.2 0   299.2 0   361.7 0   286.0 0   285.9 0     0.0 2    -0.1 0 -9999.9 1   -70.0 0 -9999.9 1 -9999.9 1 -9999.9 1 -9999.9 1    40.3 0 -9999.9 1
 1999 193  7 12  5  6  5.100 116.63    -3.6 0 -9999.9 1 -9999.9 1     0.0 0   289.3 0   301.0 0   299.1 0   361.6 0   286.0 0   285.9 0     0.0 2    -0.1 0 -9999.9 1   -72.3 0 -9999.9 1 -9999.9 1 -9999.9 1 -9999.9 1    40.5 0 -9999.9 1
 1999 193  7 12  5  9  5.150 116.77    -3.6 0 -9999.9 1 -9999.9 1     0.2 0   288.0 0   300.9 0   299.0 0   361.5 0   285.9 0   285.9 0     0.0 2    -0.2 0 -9999.9 1   -73.5 0 -9999.9 1 -9999.9 1 -9999.9 1 -9999.9 1    39.8 0 -9999.9 1
 1999 193  7 12  5 12  5.200 116.90    -3.6 0 -9999.9 1 -9999.9 1     0.2 0   287.5 0   300.8 0   299.0 0   361.7 0   286.0 0   285.9 0     0.0 2    -0.1 0 -9999.9 1   -74.2 0 -9999.9 1 -9999.9 1 -9999.9 1 -9999.9 1    38.1 0 -9999.9 1
 1999 193  7 12  5 18  5.300 117.13    -3.7 0 -9999.9 1 -9999.9 1     0.1 0   291.0 0   300.9 0   298.9 0   363.6 0   286.5 0   286.4 0     0.0 0    -0.2 0 -9999.9 1   -72.6 0 -9999.9 1 -9999.9 1 -9999.9 1 -9999.9 1    43.9 0 -9999.9 1
 1999 193  7 12  5 21  5.350 117.24    -3.7 0 -9999.9 1 -9999.9 1     0.0 0   289.7 0   300.9 0   299.0 0   364.1 0   286.6 0   286.6 0     0.0 0    -0.2 0 -9999.9 1   -74.4 0 -9999.9 1 -9999.9 1 -9999.9 1 -9999.9 1    45.2 0 -9999.9 1
 1999 193  7 12  5 24  5.400 117.34    -3.5 0 -9999.9 1 -9999.9 1     0.0 0   287.7 0   300.9 0   298.9 0   363.6 0   286.8 0   286.7 0     0.0 0    -0.2 0 -9999.9 1   -75.9 0 -9999.9 1 -9999.9 1 -9999.9 1 -9999.9 1    46.8 0 -9999.9 1
 1999 193  7 12  5 27  5.450 117.43    -3.7 0 -9999.9 1 -9999.9 1     0.0 0   290.0 0   300.8 0   298.8 0   364.0 0   286.9 0   286.8 0     0.0 0    -0.2 0 -9999.9 1   -74.0 0 -9999.9 1 -9999.9 1 -9999.9 1 -9999.9 1    51.0 0 -9999.9 1
 1999 193  7 12  5 33  5.550 117.59    -3.6 0 -9999.9 1 -9999.9 1     0.1 0   292.7 0   300.6 0   298.6 0   364.1 0   286.9 0   286.8 0     0.0 0    -0.2 0 -9999.9 1   -71.5 0 -9999.9 1 -9999.9 1 -9999.9 1 -9999.9 1    52.3 0 -9999.9 1
 1999 193  7 12  5 36  5.600 117.66    -3.8 0 -9999.9 1 -9999.9 1     0.3 0   292.6 0   300.5 0   298.6 0   363.9 0   287.0 0   286.9 0     0.0 0    -0.2 0 -9999.9 1   -71.3 0 -9999.9 1 -9999.9 1 -9999.9 1 -9999.9 1    52.7 0 -9999.9 1
 1999 193  7 12  5 39  5.650 117.72    -3.8 0 -9999.9 1 -9999.9 1     0.4 0   291.6 0   300.5 0   298.7 0   363.6 0   287.0 0   286.9 0     0.0 0     0.0 0 -9999.9 1   -71.9 0 -9999.9 1 -9999.9 1 -9999.9 1 -9999.9 1    49.4 0 -9999.9 1
 1999 193  7 12  5 42  5.700 117.77    -3.6 0 -9999.9 1 -9999.9 1     0.4 0   290.7 0   300.4 0   298.7 0   363.7 0   287.1 0   287.0 0     0.0 0    -0.4 0 -9999.9 1   -72.9 0 -9999.9 1 -9999.9 1 -9999.9 1 -9999.9 1    46.3 0 -9999.9 1
 1999 193  7 12  5 48  5.800 117.86    -4.0 0 -9999.9 1 -9999.9 1     1.0 0   292.3 0   300.4 0   298.7 0   364.5 0   287.2 0   287.1 0     0.0 0    -0.1 0 -9999.9 1   -72.2 0 -9999.9 1 -9999.9 1 -9999.9 1 -9999.9 1    46.0 0 -9999.9 1
 1999 193  7 12  5 51  5.850 117.88    -3.8 0 -9999.9 1 -9999.9 1     0.7 0   291.7 0   300.4 0   298.6 0   363.7 0   287.2 0   287.1 0     0.0 0    -0.1 0 -9999.9 1   -72.0 0 -9999.9 1 -9999.9 1 -9999.9 1 -9999.9 1    50.7 0 -9999.9 1
 1999 193  7 12  5 54  5.900 117.91    -3.8 0 -9999.9 1 -9999.9 1     0.6 0   290.4 0   300.2 0   298.4 0   361.7 0   287.1 0   286.9 0     0.0 0    -0.2 0 -9999.9 1   -71.4 0 -9999.9 1 -9999.9 1 -9999.9 1 -9999.9 1    50.2 0 -9999.9 1
 1999 193  7 12  5 57  5.950 117.92    -4.1 0 -9999.9 1 -9999.9 1     0.9 0   290.5 0   300.2 0   298.3 0   362.3 0   286.9 0   286.8 0     0.0 0    -0.2 0 -9999.9 1   -71.9 0 -9999.9 1 -9999.9 1 -9999.9 1 -9999.9 1    48.5 0 -9999.9 1
 1999 193  7 12  6  3  6.050 117.92    -3.7 0 -9999.9 1 -9999.9 1     0.9 0   290.3 0   300.2 0   298.5 0   363.1 0   287.0 0   286.9 0     0.0 0    -0.3 0 -9999.9 1   -72.8 0 -9999.9 1 -9999.9 1 -9999.9 1 -9999.9 1    44.7 0 -9999.9 1
 1999 193  7 12  6  6  6.100 117.91    -3.8 0 -9999.9 1 -9999.9 1     0.6 0   291.3 0   300.2 0   298.3 0   363.0 0   286.9 0   286.8 0     0.0 0    -0.2 0 -9999.9 1   -71.6 0 -9999.9 1 -9999.9 1 -9999.9 1 -9999.9 1    44.8 0 -9999.9 1
 1999 193  7 12  6  9  6.150 117.89    -3.7 0 -9999.9 1 -9999.9 1     0.4 0   291.3 0   300.1 0   298.3 0   363.0 0   286.9 0   286.8 0     0.0 0    -0.2 0 -9999.9 1   -71.7 0 -9999.9 1 -9999.9 1 -9999.9 1 -9999.9 1    45.3 0 -9999.9 1
 1999 193  7 12  6 12  6.200 117.87    -3.5 0 -9999.9 1 -9999.9 1     0.2 0   291.4 0   300.1 0   298.3 0   362.3 0   286.9 0   286.8 0     0.0 0    -0.1 0 -9999.9 1   -70.9 0 -9999.9 1 -9999.9 1 -9999.9 1 -9999.9 1    46.8 0 -9999.9 1
 1999 193  7 12  6 18  6.300 117.79    -3.8 0 -9999.9 1 -9999.9 1     0.8 0   295.5 0   299.9 0   298.1 0   361.2 0   286.7 0   286.6 0     0.0 0    -0.2 0 -9999.9 1   -65.7 0 -9999.9 1 -9999.9 1 -9999.9 1 -9999.9 1    49.6 0 -9999.9 1
 1999 193  7 12  6 21  6.350 117.74    -3.7 0 -9999.9 1 -9999.9 1     1.1 0   296.1 0   299.8 0   298.1 0   361.0 0   286.7 0   286.6 0     0.0 0    -0.2 0 -9999.9 1   -64.9 0 -9999.9 1 -9999.9 1 -9999.9 1 -9999.9 1    54.0 0 -9999.9 1
 1999 193  7 12  6 24  6.400 117.69    -3.9 0 -9999.9 1 -9999.9 1     1.2 0   299.6 0   299.8 0   298.1 0   361.2 0   286.7 0   286.6 0     0.0 0     0.0 0 -9999.9 1   -61.5 0 -9999.9 1 -9999.9 1 -9999.9 1 -9999.9 1    52.3 0 -9999.9 1
 1999 193  7 12  6 27  6.450 117.62    -3.9 0 -9999.9 1 -9999.9 1     1.3 0   300.1 0   299.8 0   298.3 0   361.7 0   286.6 0   286.5 0     0.0 0    -0.1 0 -9999.9 1   -61.7 0 -9999.9 1 -9999.9 1 -9999.9 1 -9999.9 1    50.1 0 -9999.9 1
 1999 193  7 12  6 33  6.550 117.47    -3.7 0 -9999.9 1 -9999.9 1     1.4 0   301.2 0   299.7 0   298.2 0   362.3 0   286.4 0   286.4 0     0.0 0    -0.1 0 -9999.9 1   -61.1 0 -9999.9 1 -9999.9 1 -9999.9 1 -9999.9 1    53.9 0 -9999.9 1
 1999 193  7 12  6 36  6.600 117.38    -3.6 0 -9999.9 1 -9999.9 1     1.4 0   297.5 0   299.8 0   298.1 0   362.8 0   286.5 0   286.4 0     0.0 0    -0.3 0 -9999.9 1   -65.3 0 -9999.9 1 -9999.9 1 -9999.9 1 -9999.9 1    55.5 0 -9999.9 1
 1999 193  7 12  6 39  6.650 117.28    -3.8 0 -9999.9 1 -9999.9 1     1.5 0   296.2 0   299.8 0   297.9 0   362.7 0   286.5 0   286.4 0     0.0 0    -0.1 0 -9999.9 1   -66.5 0 -9999.9 1 -9999.9 1 -9999.9 1 -9999.9 1    60.6 0 -9999.9 1
 1999 193  7 12  6 42  6.700 117.18    -4.0 0 -9999.9 1 -9999.9 1     1.4 0   295.0 0   299.8 0   297.8 0   362.9 0   286.5 0   286.5 0     0.0 0    -0.1 0 -9999.9 1   -67.9 0 -9999.9 1 -9999.9 1 -9999.9 1 -9999.9 1    66.7 0 -9999.9 1
 1999 193  7 12  6 48  6.800 116.95    -4.1 0 -9999.9 1 -9999.9 1     1.3 0   292.6 0   299.9 0   298.0 0   363.6 0   286.9 0   286.8 0     0.0 0    -0.1 0 -9999.9 1   -71.0 0 -9999.9 1 -9999.9 1 -9999.9 1 -9999.9 1    71.7 0 -9999.9 1
 1999 193  7 12  6 51  6.850 116.82    -3.9 0 -9999.9 1 -9999.9 1     1.3 0   291.5 0   299.9 0   298.3 0   363.4 0   287.0 0   286.9 0     0.0 0    -0.1 0 -9999.9 1   -71.9 0 -9999.9 1 -9999.9 1 -9999.9 1 -9999.9 1    74.2 0 -9999.9 1
 1999 193  7 12  6 54  6.900 116.69    -3.7 0 -9999.9 1 -9999.9 1     1.4 0   290.2 0   299.8 0   298.3 0   362.6 0   287.0 0   286.9 0     0.0 0    -0.2 0 -9999.9 1   -72.4 0 -9999.9 1 -9999.9 1 -9999.9 1 -9999.9 1    73.4 0 -9999.9 1
 1999 193  7 12  6 57  6.950 116.55    -3.9 0 -9999.9 1 -9999.9 1     1.5 0   286.6 0   299.6 0   298.1 0   360.4 0   286.8 0   286.7 0     0.0 0    -0.1 0 -9999.9 1   -73.8 0 -9999.9 1 -9999.9 1 -9999.9 1 -9999.9 1    68.2 0 -9999.9 1
 1999 193  7 12  7  3  7.050 116.24    -4.2 0 -9999.9 1 -9999.9 1     1.7 0   287.8 0   299.8 0   298.0 0   359.6 0   286.9 0   286.8 0     0.0 0    -0.1 0 -9999.9 1   -71.8 0 -9999.9 1 -9999.9 1 -9999.9 1 -9999.9 1    68.0 0 -9999.9 1
 1999 193  7 12  7  6  7.100 116.08    -4.5 0 -9999.9 1 -9999.9 1     1.7 0   288.4 0   299.9 0   298.0 0   360.0 0   286.9 0   286.8 0     0.0 0    -0.1 0 -9999.9 1   -71.6 0 -9999.9 1 -9999.9 1 -9999.9 1 -9999.9 1    73.6 0 -9999.9 1
 1999 193  7 12  7  9  7.150 115.91    -4.1 0 -9999.9 1 -9999.9 1     1.2 0   285.0 0   299.8 0   298.1 0   360.4 0   286.9 0   286.8 0     0.0 0    -0.1 0 -9999.9 1   -75.4 0 -9999.9 1 -9999.9 1 -9999.9 1 -9999.9 1    79.6 0 -9999.9 1
 1999 193  7 12  7 12  7.200 115.73    -3.9 0 -9999.9 1 -9999.9 1     0.7 0   284.4 0   299.9 0   298.3 0   361.2 0   287.0 0   287.0 0     0.0 0    -0.1 0 -9999.9 1   -76.8 0 -9999.9 1 -9999.9 1 -9999.9 1 -9999.9 1    78.2 0 -9999.9 1
 1999 193  7 12  7 18  7.300 115.36    -3.7 0 -9999.9 1 -9999.9 1     0.2 0   284.5 0   299.9 0   298.2 0   361.2 0   287.3 0   287.2 0     0.0 0    -0.1 0 -9999.9 1   -76.7 0 -9999.9 1 -9999.9 1 -9999.9 1 -9999.9 1    76.5 0 -9999.9 1
 1999 193  7 12  7 21  7.350 115.16    -3.9 0 -9999.9 1 -9999.9 1     0.3 0   284.9 0   300.0 0   298.1 0   361.5 0   287.4 0   287.4 0     0.0 0    -0.1 0 -9999.9 1   -76.6 0 -9999.9 1 -9999.9 1 -9999.9 1 -9999.9 1    75.8 0 -9999.9 1
 1999 193  7 12  7 24  7.400 114.95    -4.3 0 -9999.9 1 -9999.9 1     0.3 0   285.1 0   299.9 0   297.9 0   361.9 0   287.4 0   287.4 0     0.0 0    -0.2 0 -9999.9 1   -76.8 0 -9999.9 1 -9999.9 1 -9999.9 1 -9999.9 1    75.2 0 -9999.9 1
 1999 193  7 12  7 27  7.450 114.74    -4.5 0 -9999.9 1 -9999.9 1     0.4 0   282.2 0   299.9 0   298.0 0   361.3 0   287.5 0   287.5 0     0.0 0    -0.2 0 -9999.9 1   -79.1 0 -9999.9 1 -9999.9 1 -9999.9 1 -9999.9 1    78.2 0 -9999.9 1
 1999 193  7 12  7 33  7.550 114.30    -4.0 0 -9999.9 1 -9999.9 1     0.2 0   278.4 0   299.8 0   298.3 0   358.8 0   287.6 0   287.4 0     0.0 0    -0.2 0 -9999.9 1   -80.4 0 -9999.9 1 -9999.9 1 -9999.9 1 -9999.9 1    82.3 0 -9999.9 1
 1999 193  7 12  7 36  7.600 114.06    -3.7 0 -9999.9 1 -9999.9 1     0.2 0   280.0 0   299.8 0   298.1 0   357.8 0   287.5 0   287.4 0     0.0 0    -0.2 0 -9999.9 1   -77.7 0 -9999.9 1 -9999.9 1 -9999.9 1 -9999.9 1    78.2 0 -9999.9 1
 1999 193  7 12  7 39  7.650 113.82    -3.4 0 -9999.9 1 -9999.9 1     0.1 0   277.1 0   299.8 0   298.4 0   357.3 0   287.4 0   287.3 0     0.0 0    -0.3 0 -9999.9 1   -80.2 0 -9999.9 1 -9999.9 1 -9999.9 1 -9999.9 1    78.2 0 -9999.9 1
 1999 193  7 12  7 42  7.700 113.58    -3.4 0 -9999.9 1 -9999.9 1    -0.1 0   276.1 0   299.7 0   298.5 0   356.9 0   287.3 0   287.2 0     0.0 0    -0.1 0 -9999.9 1   -80.8 0 -9999.9 1 -9999.9 1 -9999.9 1 -9999.9 1    71.6 0 -9999.9 1
 1999 193  7 12  7 48  7.800 113.07    -3.3 0 -9999.9 1 -9999.9 1     0.2 0   276.6 0   299.6 0   298.1 0   355.9 0   286.9 0   286.8 0     0.0 0    -0.2 0 -9999.9 1   -79.2 0 -9999.9 1 -9999.9 1 -9999.9 1 -9999.9 1    62.5 0 -9999.9 1
 1999 193  7 12  7 51  7.850 112.80    -3.4 0 -9999.9 1 -9999.9 1     0.2 0   276.3 0   299.7 0   298.2 0   355.7 0   286.8 0   286.7 0     0.0 0    -0.3 0 -9999.9 1   -79.3 0 -9999.9 1 -9999.9 1 -9999.9 1 -9999.9 1    65.9 0 -9999.9 1
 1999 193  7 12  7 54  7.900 112.53    -3.4 0 -9999.9 1 -9999.9 1     0.2 0   277.3 0   299.7 0   298.2 0   355.7 0   286.7 0   286.6 0     0.0 0    -0.2 0 -9999.9 1   -78.4 0 -9999.9 1 -9999.9 1 -9999.9 1 -9999.9 1    63.3 0 -9999.9 1
 1999 193  7 12  7 57  7.950 112.26    -3.7 0 -9999.9 1 -9999.9 1     0.1 0   277.1 0   299.8 0   298.2 0   355.6 0   286.7 0   286.5 0     0.0 0    -0.1 0 -9999.9 1   -78.5 0 -9999.9 1 -9999.9 1 -9999.9 1 -9999.9 1    60.4 0 -9999.9 1
 1999 193  7 12  8  3  8.050 111.69    -3.6 0 -9999.9 1 -9999.9 1     0.1 0   277.3 0   299.8 0   298.4 0   355.5 0   286.5 0   286.4 0     0.0 0    -0.1 0 -9999.9 1   -78.2 0 -9999.9 1 -9999.9 1 -9999.9 1 -9999.9 1    68.6 0 -9999.9 1
 1999 193  7 12  8  6  8.100 111.39    -3.5 0 -9999.9 1 -9999.9 1     0.1 0   276.6 0   299.9 0   298.6 0   355.9 0   286.5 0   286.4 0     0.0 0    -0.1 0 -9999.9 1   -79.3 0 -9999.9 1 -9999.9 1 -9999.9 1 -9999.9 1    76.6 0 -9999.9 1
 1999 193  7 12  8  9  8.150 111.09    -3.1 0 -9999.9 1 -9999.9 1    -0.3 0   276.0 0   300.0 0   298.7 0   355.9 0   286.6 0   286.5 0     0.0 0    -0.1 0 -9999.9 1   -79.9 0 -9999.9 1 -9999.9 1 -9999.9 1 -9999.9 1    76.7 0 -9999.9 1
 1999 193  7 12  8 12  8.200 110.79    -2.9 0 -9999.9 1 -9999.9 1    -0.1 0   280.1 0   300.0 0   298.4 0   356.4 0   286.7 0   286.6 0     0.0 0    -0.1 0 -9999.9 1   -76.3 0 -9999.9 1 -9999.9 1 -9999.9 1 -9999.9 1    77.7 0 -9999.9 1
 1999 193  7 12  8 18  8.300 110.16    -3.4 0 -9999.9 1 -9999.9 1     0.1 0   278.6 0   300.1 0   298.5 0   356.0 0   286.7 0   286.6 0     0.0 0     0.0 0 -9999.9 1   -77.5 0 -9999.9 1 -9999.9 1 -9999.9 1 -9999.9 1    78.9 0 -9999.9 1
 1999 193  7 12  8 21  8.350 109.84    -3.3 0 -9999.9 1 -9999.9 1     0.1 0   277.1 0   300.0 0   298.4 0   355.2 0   286.5 0   286.4 0     0.0 0    -0.3 0 -9999.9 1   -78.0 0 -9999.9 1 -9999.9 1 -9999.9 1 -9999.9 1    81.7 0 -9999.9 1
 1999 193  7 12  8 24  8.400 109.51    -3.4 0 -9999.9 1 -9999.9 1     0.3 0   277.2 0   300.0 0   298.3 0   354.6 0   286.4 0   286.3 0     0.0 0    -0.2 0 -9999.9 1   -77.4 0 -9999.9 1 -9999.9 1 -9999.9 1 -9999.9 1    77.4 0 -9999.9 1
 1999 193  7 12  8 27  8.450 109.17    -3.4 0 -9999.9 1 -9999.9 1     0.4 0   276.3 0   300.0 0   298.3 0   353.9 0   286.4 0   286.2 0     0.0 0    -0.2 0 -9999.9 1   -77.6 0 -9999.9 1 -9999.9 1 -9999.9 1 -9999.9 1    62.7 0 -9999.9 1
 1999 193  7 12  8 33  8.550 108.49    -3.6 0 -9999.9 1 -9999.9 1     0.3 0   276.7 0   300.0 0   298.2 0   352.9 0   286.1 0   285.9 0     0.0 0    -0.2 0 -9999.9 1   -76.2 0 -9999.9 1 -9999.9 1 -9999.9 1 -9999.9 1    47.0 0 -9999.9 1
 1999 193  7 12  8 36  8.600 108.14    -3.3 0 -9999.9 1 -9999.9 1     0.1 0   274.6 0   300.0 0   298.4 0   352.1 0   286.0 0   285.8 0     0.0 0    -0.2 0 -9999.9 1   -77.5 0 -9999.9 1 -9999.9 1 -9999.9 1 -9999.9 1    46.5 0 -9999.9 1
 1999 193  7 12  8 39  8.650 107.79    -3.1 0 -9999.9 1 -9999.9 1    -0.3 0   274.8 0   300.0 0   298.6 0   351.9 0   285.9 0   285.8 0     0.0 0    -0.2 0 -9999.9 1   -77.1 0 -9999.9 1 -9999.9 1 -9999.9 1 -9999.9 1    39.2 0 -9999.9 1
 1999 193  7 12  8 42  8.700 107.43    -3.2 0 -9999.9 1 -9999.9 1    -0.4 0   273.6 0   299.9 0   298.6 0   351.6 0   285.7 0   285.6 0     0.0 0    -0.1 0 -9999.9 1   -78.0 0 -9999.9 1 -9999.9 1 -9999.9 1 -9999.9 1    40.8 0 -9999.9 1
 1999 193  7 12  8 48  8.800 106.70    -2.9 0 -9999.9 1 -9999.9 1    -0.2 0   276.1 0   299.9 0   298.3 0   350.3 0   285.7 0   285.5 0     0.0 0    -0.2 0 -9999.9 1   -74.2 0 -9999.9 1 -9999.9 1 -9999.9 1 -9999.9 1    31.8 0 -9999.9 1
 1999 193  7 12  8 51  8.850 106.33    -2.9 0 -9999.9 1 -9999.9 1    -0.3 0   276.2 0   299.9 0   298.2 0   350.8 0   285.5 0   285.4 0     0.0 0    -0.1 0 -9999.9 1   -74.6 0 -9999.9 1 -9999.9 1 -9999.9 1 -9999.9 1    36.5 0 -9999.9 1
 1999 193  7 12  8 54  8.900 105.95    -2.9 0 -9999.9 1 -9999.9 1    -0.4 0   276.5 0   299.9 0   298.3 0   351.0 0   285.4 0   285.3 0     0.0 0    -0.1 0 -9999.9 1   -74.5 0 -9999.9 1 -9999.9 1 -9999.9 1 -9999.9 1    41.7 0 -9999.9 1
 1999 193  7 12  8 57  8.950 105.57    -2.8 0 -9999.9 1 -9999.9 1    -0.4 0   277.7 0   300.0 0   298.2 0   350.9 0   285.4 0   285.3 0     0.0 0    -0.2 0 -9999.9 1   -73.2 0 -9999.9 1 -9999.9 1 -9999.9 1 -9999.9 1    35.3 0 -9999.9 1
 1999 193  7 12  9  3  9.050 104.79    -2.8 0 -9999.9 1 -9999.9 1    -0.6 0   276.1 0   299.9 0   298.3 0   350.8 0   285.1 0   285.0 0     0.0 0    -0.2 0 -9999.9 1   -74.6 0 -9999.9 1 -9999.9 1 -9999.9 1 -9999.9 1    38.0 0 -9999.9 1
 1999 193  7 12  9  6  9.100 104.39    -2.9 0 -9999.9 1 -9999.9 1    -0.5 0   274.2 0   299.8 0   298.3 0   350.0 0   284.9 0   284.8 0     0.0 0    -0.1 0 -9999.9 1   -75.8 0 -9999.9 1 -9999.9 1 -9999.9 1 -9999.9 1    41.9 0 -9999.9 1
 1999 193  7 12  9  9  9.150 103.99    -2.9 0 -9999.9 1 -9999.9 1    -0.6 0   271.1 0   299.6 0   298.2 0   348.2 0   284.6 0   284.5 0     0.0 0    -0.2 0 -9999.9 1   -77.1 0 -9999.9 1 -9999.9 1 -9999.9 1 -9999.9 1    37.6 0 -9999.9 1
 1999 193  7 12  9 12  9.200 103.59    -3.1 0 -9999.9 1 -9999.9 1    -0.7 0   270.1 0   299.5 0   298.1 0   347.2 0   284.4 0   284.2 0     0.0 0    -0.2 0 -9999.9 1   -77.1 0 -9999.9 1 -9999.9 1 -9999.9 1 -9999.9 1    33.6 0 -9999.9 1
 1999 193  7 12  9 18  9.300 102.77    -3.1 0 -9999.9 1 -9999.9 1    -0.5 0   267.7 0   299.3 0   298.0 0   346.1 0   284.1 0   283.9 0     0.0 0     0.0 0 -9999.9 1   -78.4 0 -9999.9 1 -9999.9 1 -9999.9 1 -9999.9 1    42.7 0 -9999.9 1
 1999 193  7 12  9 21  9.350 102.35    -3.0 0 -9999.9 1 -9999.9 1    -0.4 0   268.4 0   299.3 0   297.7 0   345.7 0   284.0 0   283.8 0     0.0 0    -0.2 0 -9999.9 1   -77.3 0 -9999.9 1 -9999.9 1 -9999.9 1 -9999.9 1    37.9 0 -9999.9 1
 1999 193  7 12  9 24  9.400 101.93    -3.1 0 -9999.9 1 -9999.9 1    -0.5 0   269.7 0   299.4 0   297.8 0   346.3 0   284.0 0   283.9 0     0.0 0    -0.1 0 -9999.9 1   -76.6 0 -9999.9 1 -9999.9 1 -9999.9 1 -9999.9 1    39.3 0 -9999.9 1
 1999 193  7 12  9 27  9.450 101.51    -3.6 0 -9999.9 1 -9999.9 1    -0.4 0   272.2 0   299.4 0   297.6 0   346.6 0   284.0 0   283.9 0     0.0 0     0.0 0 -9999.9 1   -74.5 0 -9999.9 1 -9999.9 1 -9999.9 1 -9999.9 1    51.7 0 -9999.9 1
 1999 193  7 12  9 33  9.550 100.65    -3.4 0 -9999.9 1 -9999.9 1     0.2 0   272.4 0   299.4 0   297.7 0   348.2 0   284.1 0   284.0 0     0.0 0    -0.3 0 -9999.9 1   -75.8 0 -9999.9 1 -9999.9 1 -9999.9 1 -9999.9 1    68.7 0 -9999.9 1
 1999 193  7 12  9 36  9.600 100.22    -3.7 0 -9999.9 1 -9999.9 1     0.4 0   273.2 0   299.4 0   297.8 0   348.5 0   284.2 0   284.1 0     0.0 0    -0.2 0 -9999.9 1   -75.3 0 -9999.9 1 -9999.9 1 -9999.9 1 -9999.9 1    66.3 0 -9999.9 1
 1999 193  7 12  9 39  9.650  99.78    -3.4 0 -9999.9 1 -9999.9 1     0.3 0   273.7 0   299.4 0   297.7 0   348.9 0   284.3 0   284.2 0     0.0 0    -0.2 0 -9999.9 1   -75.2 0 -9999.9 1 -9999.9 1 -9999.9 1 -9999.9 1    52.2 0 -9999.9 1
 1999 193  7 12  9 42  9.700  99.34    -3.4 0 -9999.9 1 -9999.9 1     0.2 0   273.6 0   299.4 0   297.8 0   350.1 0   284.3 0   284.3 0     0.0 0    -0.2 0 -9999.9 1   -76.5 0 -9999.9 1 -9999.9 1 -9999.9 1 -9999.9 1    50.2 0 -9999.9 1
 1999 193  7 12  9 48  9.800  98.44    -3.7 0 -9999.9 1 -9999.9 1     0.4 0   276.2 0   299.5 0   297.6 0   350.5 0   284.5 0   284.4 0     0.0 0    -0.1 0 -9999.9 1   -74.4 0 -9999.9 1 -9999.9 1 -9999.9 1 -9999.9 1    32.8 0 -9999.9 1
 1999 193  7 12  9 51  9.850  97.99    -3.6 0 -9999.9 1 -9999.9 1     0.4 0   274.8 0   299.4 0   297.5 0   350.2 0   284.4 0   284.3 0     0.0 0    -0.1 0 -9999.9 1   -75.3 0 -9999.9 1 -9999.9 1 -9999.9 1 -9999.9 1    29.8 0 -9999.9 1
 1999 193  7 12  9 54  9.900  97.54    -3.5 0 -9999.9 1 -9999.9 1     0.3 0   274.5 0   299.3 0   297.5 0   350.0 0   284.3 0   284.2 0     0.0 0    -0.2 0 -9999.9 1   -75.4 0 -9999.9 1 -9999.9 1 -9999.9 1 -9999.9 1    33.0 0 -9999.9 1
 1999 193  7 12  9 57  9.950  97.08    -3.3 0 -9999.9 1 -9999.9 1     0.2 0   274.0 0   299.3 0   297.5 0   349.4 0   284.3 0   284.2 0     0.0 0    -0.1 0 -9999.9 1   -75.3 0 -9999.9 1 -9999.9 1 -9999.9 1 -9999.9 1    21.6 0 -9999.9 1
 1999 193  7 12 10  3 10.050  96.15    -3.3 0 -9999.9 1 -9999.9 1     0.2 0   272.7 0   299.2 0   297.7 0   349.0 0   284.1 0   284.0 0     0.0 0    -0.1 0 -9999.9 1   -76.2 0 -9999.9 1 -9999.9 1 -9999.9 1 -9999.9 1    34.7 0 -9999.9 1
 1999 193  7 12 10  6 10.100  95.68    -3.3 0 -9999.9 1 -9999.9 1     0.2 0   272.1 0   299.1 0   297.8 0   348.5 0   284.0 0   283.9 0     0.0 0    -0.1 0 -9999.9 1   -76.5 0 -9999.9 1 -9999.9 1 -9999.9 1 -9999.9 1    37.0 0 -9999.9 1
 1999 193  7 12 10  9 10.150  95.21    -3.3 0 -9999.9 1 -9999.9 1     0.2 0   272.3 0   299.1 0   297.8 0   348.6 0   284.0 0   283.9 0     0.0 0    -0.1 0 -9999.9 1   -76.3 0 -9999.9 1 -9999.9 1 -9999.9 1 -9999.9 1    26.0 0 -9999.9 1
 1999 193  7 12 10 12 10.200  94.74    -3.3 0 -9999.9 1 -9999.9 1     0.5 0   274.7 0   299.1 0   297.3 0   349.7 0   284.0 0   283.9 0     0.0 0    -0.1 0 -9999.9 1   -74.9 0 -9999.9 1 -9999.9 1 -9999.9 1 -9999.9 1     7.9 0 -9999.9 1
 1999 193  7 12 10 18 10.300  93.78    -3.4 0 -9999.9 1 -9999.9 1     0.6 0   275.2 0   299.1 0   297.4 0   351.1 0   283.8 0   283.7 0     0.0 0     0.0 0 -9999.9 1   -75.8 0 -9999.9 1 -9999.9 1 -9999.9 1 -9999.9 1    16.6 0 -9999.9 1
 1999 193  7 12 10 21 10.350  93.30    -3.0 0 -9999.9 1 -9999.9 1     1.1 0   274.3 0   299.0 0   297.4 0   350.6 0   283.6 0   283.5 0     0.0 0     0.1 0 -9999.9 1   -76.3 0 -9999.9 1 -9999.9 1 -9999.9 1 -9999.9 1    19.6 0 -9999.9 1
 1999 193  7 12 10 24 10.400  92.82    -2.7 0 -9999.9 1 -9999.9 1     1.6 0   272.9 0   298.9 0   297.2 0   349.8 0   283.4 0   283.3 0     0.0 0     0.3 0 -9999.9 1   -76.9 0 -9999.9 1 -9999.9 1 -9999.9 1 -9999.9 1    19.5 0 -9999.9 1
 1999 193  7 12 10 27 10.450  92.33    -2.3 0 -9999.9 1 -9999.9 1     2.3 0   271.4 0   298.7 0   297.0 0   349.3 0   283.2 0   283.1 0     0.0 0     0.5 0 -9999.9 1   -78.0 0 -9999.9 1 -9999.9 1 -9999.9 1 -9999.9 1    20.2 0 -9999.9 1
 1999 193  7 12 10 33 10.550  91.35    -1.0 0 -9999.9 1 -9999.9 1     4.2 0   273.8 0   298.8 0   296.8 0   350.6 0   283.2 0   283.1 0     0.0 0     1.4 0 -9999.9 1   -76.8 0 -9999.9 1 -9999.9 1 -9999.9 1 -9999.9 1     9.3 0 -9999.9 1
 1999 193  7 12 10 36 10.600  90.85     0.2 0 -9999.9 1 -9999.9 1     5.1 0   273.5 0   298.8 0   297.1 0   351.7 0   283.2 0   283.1 0     0.0 0     2.0 0 -9999.9 1   -78.2 0 -9999.9 1 -9999.9 1 -9999.9 1 -9999.9 1    12.0 0 -9999.9 1
 1999 193  7 12 10 39 10.650  89.71     1.9 0 -9999.9 1 -9999.9 1     6.1 0   274.7 0   298.8 0   297.1 0   351.9 0   283.2 0   283.1 0     0.1 0     2.8 0 -9999.9 1   -77.2 0 -9999.9 1 -9999.9 1 -9999.9 1 -9999.9 1    18.9 0 -9999.9 1
 1999 193  7 12 10 42 10.700  89.32     3.5 0 -9999.9 1 -9999.9 1     7.8 0   275.2 0   298.8 0   297.1 0   352.3 0   283.2 0   283.2 0     0.2 0     3.6 0 -9999.9 1   -77.1 0 -9999.9 1 -9999.9 1 -9999.9 1 -9999.9 1    14.5 0 -9999.9 1
 1999 193  7 12 10 48 10.800  88.47     6.8 0 -9999.9 1 -9999.9 1    10.5 0   274.1 0   298.9 0   297.3 0   353.6 0   283.3 0   283.3 0     0.4 0     6.3 0 -9999.9 1   -79.5 0 -9999.9 1 -9999.9 1 -9999.9 1 -9999.9 1    19.7 0 -9999.9 1
 1999 193  7 12 10 51 10.850  88.01     8.7 0 -9999.9 1 -9999.9 1    12.4 0   273.8 0   298.9 0   297.4 0   353.5 0   283.3 0   283.4 0     0.4 0     8.0 0 -9999.9 1   -79.7 0 -9999.9 1 -9999.9 1 -9999.9 1 -9999.9 1    22.9 0 -9999.9 1
 1999 193  7 12 10 54 10.900  87.55    10.7 0 -9999.9 1 -9999.9 1    14.2 0   275.1 0   299.0 0   297.6 0   354.1 0   283.4 0   283.4 0     0.6 0     9.8 0 -9999.9 1   -79.0 0 -9999.9 1 -9999.9 1 -9999.9 1 -9999.9 1    22.1 0 -9999.9 1
 1999 193  7 12 10 57 10.950  87.07    13.6 0 -9999.9 1 -9999.9 1    16.2 0   275.1 0   299.1 0   297.6 0   354.8 0   283.4 0   283.4 0     0.7 0    11.8 0 -9999.9 1   -79.7 0 -9999.9 1 -9999.9 1 -9999.9 1 -9999.9 1    17.2 0 -9999.9 1
 1999 193  7 12 11  3 11.050  86.09    27.5 0 -9999.9 1 -9999.9 1    19.8 0   272.7 0   299.2 0   297.9 0   355.1 0   283.2 0   283.2 0     0.9 0    17.1 0 -9999.9 1   -82.4 0 -9999.9 1 -9999.9 1 -9999.9 1 -9999.9 1    11.8 0 -9999.9 1
 1999 193  7 12 11  6 11.100  85.59    35.5 0 -9999.9 1 -9999.9 1    21.8 0   272.6 0   299.4 0   298.4 0   356.3 0   283.3 0   283.3 0     1.1 0    20.1 0 -9999.9 1   -83.8 0 -9999.9 1 -9999.9 1 -9999.9 1 -9999.9 1    16.9 0 -9999.9 1
 1999 193  7 12 11  9 11.150  85.09    42.8 0 -9999.9 1 -9999.9 1    23.6 0   271.4 0   299.5 0   298.5 0   356.5 0   283.2 0   283.3 0     1.3 0    23.5 0 -9999.9 1   -85.1 0 -9999.9 1 -9999.9 1 -9999.9 1 -9999.9 1    13.2 0 -9999.9 1
 1999 193  7 12 11 12 11.200  84.58    49.9 0 -9999.9 1 -9999.9 1    25.6 0   269.3 0   299.5 0   298.5 0   356.0 0   283.0 0   283.0 0     1.5 0    26.9 0 -9999.9 1   -86.6 0 -9999.9 1 -9999.9 1 -9999.9 1 -9999.9 1    21.4 0 -9999.9 1
 1999 193  7 12 11 18 11.300  83.55    63.3 0 -9999.9 1 -9999.9 1    29.4 0   267.6 0   299.7 0   298.4 0   356.3 0   282.8 0   282.8 0     2.0 0    34.5 0 -9999.9 1   -88.7 0 -9999.9 1 -9999.9 1 -9999.9 1 -9999.9 1    11.3 0 -9999.9 1
 1999 193  7 12 11 21 11.350  83.03    70.4 0 -9999.9 1 -9999.9 1    31.2 0   267.0 0   299.9 0   298.4 0   356.9 0   282.7 0   282.7 0     2.3 2    38.4 0 -9999.9 1   -89.9 0 -9999.9 1 -9999.9 1 -9999.9 1 -9999.9 1    12.1 0 -9999.9 1
 1999 193  7 12 11 24 11.400  82.51    78.0 0 -9999.9 1 -9999.9 1    32.8 0   265.7 0   300.1 0   298.6 0   357.4 0   282.7 0   282.7 0     2.5 2    42.3 0 -9999.9 1   -91.7 0 -9999.9 1 -9999.9 1 -9999.9 1 -9999.9 1     9.1 0 -9999.9 1
 1999 193  7 12 11 27 11.450  81.99    85.7 0 -9999.9 1 -9999.9 1    34.1 0   268.1 0   300.5 0   299.2 0   360.0 0   283.0 0   283.0 0     2.8 2    45.6 0 -9999.9 1   -92.0 0 -9999.9 1 -9999.9 1 -9999.9 1 -9999.9 1     9.0 0 -9999.9 1
 1999 193  7 12 11 33 11.550  80.93   103.2 0 -9999.9 1 -9999.9 1    37.6 0   265.6 0   300.9 0   299.7 0   362.2 0   283.0 0   283.1 0     3.6 2    52.2 0 -9999.9 1   -96.6 0 -9999.9 1 -9999.9 1 -9999.9 1 -9999.9 1    15.8 0 -9999.9 1
 1999 193  7 12 11 36 11.600  80.40   112.0 0 -9999.9 1 -9999.9 1    39.0 0   266.0 0   301.3 0   300.2 0   363.8 0   283.2 0   283.3 0     3.9 2    55.5 0 -9999.9 1   -97.8 0 -9999.9 1 -9999.9 1 -9999.9 1 -9999.9 1    13.9 0 -9999.9 1
 1999 193  7 12 11 39 11.650  79.87   121.0 0 -9999.9 1 -9999.9 1    40.7 0   266.6 0   301.6 0   300.4 0   365.2 0   283.3 0   283.4 0     4.3 2    58.7 0 -9999.9 1   -98.6 0 -9999.9 1 -9999.9 1 -9999.9 1 -9999.9 1    15.0 0 -9999.9 1
 1999 193  7 12 11 42 11.700  79.34   130.3 0 -9999.9 1 -9999.9 1    42.6 0   267.9 0   302.0 0   300.8 0   366.8 0   283.6 0   283.6 0     4.7 2    62.1 0 -9999.9 1   -98.8 0 -9999.9 1 -9999.9 1 -9999.9 1 -9999.9 1    14.2 0 -9999.9 1
 1999 193  7 12 11 48 11.800  78.26   149.2 0 -9999.9 1 -9999.9 1    44.5 0   272.8 0   302.9 0   301.5 0   370.7 0   284.1 0   284.2 0     5.6 0    69.7 0 -9999.9 1   -97.8 0 -9999.9 1 -9999.9 1 -9999.9 1 -9999.9 1    18.6 0 -9999.9 1
 1999 193  7 12 11 51 11.850  77.72   159.7 0 -9999.9 1 -9999.9 1    45.6 0   272.8 0   303.2 0   301.8 0   372.2 0   284.3 0   284.4 0     6.1 0    74.4 0 -9999.9 1   -99.5 0 -9999.9 1 -9999.9 1 -9999.9 1 -9999.9 1    16.6 0 -9999.9 1
 1999 193  7 12 11 54 11.900  77.18   168.4 0 -9999.9 1 -9999.9 1    46.6 0   275.7 0   303.7 0   302.0 0   373.7 0   284.6 0   284.7 0     6.6 0    78.5 0 -9999.9 1   -98.0 0 -9999.9 1 -9999.9 1 -9999.9 1 -9999.9 1    16.5 0 -9999.9 1
 1999 193  7 12 11 57 11.950  76.64   178.5 0 -9999.9 1 -9999.9 1    47.9 0   275.6 0   304.1 0   302.6 0   375.6 0   284.9 0   285.0 0     7.2 0    82.8 0 -9999.9 1  -100.0 0 -9999.9 1 -9999.9 1 -9999.9 1 -9999.9 1    12.8 0 -9999.9 1
 1999 193  7 12 12  3 12.050  75.55   198.2 0 -9999.9 1 -9999.9 1    49.7 0   274.7 0   304.7 0   303.1 0   378.3 0   285.3 0   285.4 0     8.3 0    91.0 0 -9999.9 1  -103.5 0 -9999.9 1 -9999.9 1 -9999.9 1 -9999.9 1    17.4 0 -9999.9 1
 1999 193  7 12 12  6 12.100  75.00   208.5 0 -9999.9 1 -9999.9 1    50.9 0   275.9 0   305.0 0   303.2 0   378.7 0   285.5 0   285.6 0     8.9 0    96.1 0 -9999.9 1  -102.9 0 -9999.9 1 -9999.9 1 -9999.9 1 -9999.9 1    18.0 0 -9999.9 1
 1999 193  7 12 12  9 12.150  74.45   219.0 0 -9999.9 1 -9999.9 1    52.3 0   276.1 0   305.3 0   303.6 0   379.7 0   285.7 0   285.8 0     9.5 0   101.1 0 -9999.9 1  -103.6 0 -9999.9 1 -9999.9 1 -9999.9 1 -9999.9 1    12.5 0 -9999.9 1
 1999 193  7 12 12 12 12.200  73.90   228.5 0 -9999.9 1 -9999.9 1    53.9 0   276.7 0   305.6 0   303.9 0   381.3 0   285.9 0   286.1 0    10.3 0   104.9 0 -9999.9 1  -104.6 0 -9999.9 1 -9999.9 1 -9999.9 1 -9999.9 1    14.7 0 -9999.9 1
 1999 193  7 12 12 18 12.300  72.79   248.3 0 -9999.9 1 -9999.9 1    55.3 0   279.1 0   306.2 0   304.5 0   384.5 0   286.4 0   286.6 0    11.7 0   113.5 0 -9999.9 1  -105.4 0 -9999.9 1 -9999.9 1 -9999.9 1 -9999.9 1    24.1 0 -9999.9 1
 1999 193  7 12 12 21 12.350  72.24   256.8 0 -9999.9 1 -9999.9 1    56.0 0   280.7 0   306.5 0   304.7 0   386.0 0   286.7 0   286.8 0    12.4 0   117.0 0 -9999.9 1  -105.2 0 -9999.9 1 -9999.9 1 -9999.9 1 -9999.9 1    22.2 0 -9999.9 1
 1999 193  7 12 12 24 12.400  71.68   268.4 0 -9999.9 1 -9999.9 1    56.8 0   277.1 0   306.6 0   305.1 0   387.5 0   286.7 0   286.9 0    13.2 0   122.2 0 -9999.9 1  -110.4 0 -9999.9 1 -9999.9 1 -9999.9 1 -9999.9 1    20.8 0 -9999.9 1
 1999 193  7 12 12 27 12.450  71.13   280.1 0 -9999.9 1 -9999.9 1    58.3 0   278.7 0   306.8 0   304.9 0   388.0 0   286.9 0   287.0 0    14.2 0   127.8 0 -9999.9 1  -109.3 0 -9999.9 1 -9999.9 1 -9999.9 1 -9999.9 1    22.2 0 -9999.9 1
 1999 193  7 12 12 33 12.550  70.01   301.7 0 -9999.9 1 -9999.9 1    60.1 0   280.0 0   307.3 0   305.4 0   390.1 0   287.3 0   287.5 0    16.2 0   137.5 0 -9999.9 1  -110.1 0 -9999.9 1 -9999.9 1 -9999.9 1 -9999.9 1    23.0 0 -9999.9 1
 1999 193  7 12 12 36 12.600  69.45   313.7 0 -9999.9 1 -9999.9 1    61.4 0   277.7 0   307.4 0   305.7 0   391.1 0   287.4 0   287.6 0    17.2 0   142.7 0 -9999.9 1  -113.5 0 -9999.9 1 -9999.9 1 -9999.9 1 -9999.9 1    11.8 0 -9999.9 1
 1999 193  7 12 12 39 12.650  68.89   325.0 0 -9999.9 1 -9999.9 1    62.3 0   277.9 0   307.6 0   305.8 0   391.5 0   287.6 0   287.8 0    18.2 0   147.5 0 -9999.9 1  -113.6 0 -9999.9 1 -9999.9 1 -9999.9 1 -9999.9 1    19.5 0 -9999.9 1
 1999 193  7 12 12 42 12.700  68.33   336.0 0 -9999.9 1 -9999.9 1    63.2 0   278.3 0   307.7 0   305.8 0   391.6 0   287.7 0   288.0 0    18.9 0   152.5 0 -9999.9 1  -113.3 0 -9999.9 1 -9999.9 1 -9999.9 1 -9999.9 1    14.5 0 -9999.9 1
 1999 193  7 12 12 48 12.800  67.20   356.4 0 -9999.9 1 -9999.9 1    65.0 0   280.0 0   308.2 0   306.4 0   395.4 0   288.3 0   288.5 0    21.4 0   162.0 0 -9999.9 1  -115.4 0 -9999.9 1 -9999.9 1 -9999.9 1 -9999.9 1    21.2 0 -9999.9 1
 1999 193  7 12 12 51 12.850  66.64   367.7 0 -9999.9 1 -9999.9 1    66.0 0   282.2 0   308.5 0   306.5 0   396.1 0   288.5 0   288.8 0    22.2 0   167.8 0 -9999.9 1  -113.9 0 -9999.9 1 -9999.9 1 -9999.9 1 -9999.9 1    14.5 0 -9999.9 1
 1999 193  7 12 12 54 12.900  66.08   377.9 0 -9999.9 1 -9999.9 1    67.8 0   282.0 0   308.7 0   306.8 0   395.9 0   288.8 0   289.0 0    23.7 0   172.3 0 -9999.9 1  -113.8 0 -9999.9 1 -9999.9 1 -9999.9 1 -9999.9 1    13.9 0 -9999.9 1
 1999 193  7 12 12 57 12.950  65.51   388.2 0 -9999.9 1 -9999.9 1    68.2 0   282.7 0   308.9 0   307.0 0   398.6 0   288.9 0   289.2 0    25.3 0   176.7 0 -9999.9 1  -115.9 0 -9999.9 1 -9999.9 1 -9999.9 1 -9999.9 1    16.3 0 -9999.9 1
 1999 193  7 12 13  3 13.050  64.38   410.7 0 -9999.9 1 -9999.9 1    70.0 0   282.0 0   309.0 0   307.2 0   400.7 0   289.2 0   289.4 0    28.1 0   186.2 0 -9999.9 1  -118.7 0 -9999.9 1 -9999.9 1 -9999.9 1 -9999.9 1    17.4 0 -9999.9 1
 1999 193  7 12 13  6 13.100  63.81   421.9 0 -9999.9 1 -9999.9 1    70.9 0   280.5 0   309.2 0   307.5 0   401.7 0   289.3 0   289.6 0    28.9 0   191.6 0 -9999.9 1  -121.2 0 -9999.9 1 -9999.9 1 -9999.9 1 -9999.9 1    21.2 0 -9999.9 1
 1999 193  7 12 13  9 13.150  63.24   432.5 0 -9999.9 1 -9999.9 1    71.4 0   283.9 0   309.4 0   307.4 0   402.3 0   289.6 0   289.8 0    30.6 0   196.5 0 -9999.9 1  -118.4 0 -9999.9 1 -9999.9 1 -9999.9 1 -9999.9 1    23.9 0 -9999.9 1
 1999 193  7 12 13 12 13.200  62.67   446.6 0 -9999.9 1 -9999.9 1    72.6 0   278.8 0   309.3 0   307.6 0   402.6 0   289.5 0   289.7 0    32.1 0   202.5 0 -9999.9 1  -123.8 0 -9999.9 1 -9999.9 1 -9999.9 1 -9999.9 1    15.4 0 -9999.9 1
 1999 193  7 12 13 18 13.300  61.53   468.4 0 -9999.9 1 -9999.9 1    72.8 0   280.2 0   309.7 0   308.1 0   406.7 0   289.9 0   290.2 0    34.8 0   211.5 0 -9999.9 1  -126.5 0 -9999.9 1 -9999.9 1 -9999.9 1 -9999.9 1    15.7 0 -9999.9 1
 1999 193  7 12 13 21 13.350  60.96   478.3 0 -9999.9 1 -9999.9 1    73.2 0   280.8 0   309.9 0   308.5 0   407.9 0   290.2 0   290.4 0    36.5 0   216.2 0 -9999.9 1  -127.1 0 -9999.9 1 -9999.9 1 -9999.9 1 -9999.9 1    14.8 0 -9999.9 1
 1999 193  7 12 13 24 13.400  60.39   489.1 0 -9999.9 1 -9999.9 1    74.7 0   283.1 0   310.1 0   308.5 0   408.7 0   290.4 0   290.6 0    38.5 0   221.1 0 -9999.9 1  -125.6 0 -9999.9 1 -9999.9 1 -9999.9 1 -9999.9 1    22.0 0 -9999.9 1
 1999 193  7 12 13 27 13.450  59.82   501.0 0 -9999.9 1 -9999.9 1    75.0 0   282.9 0   310.2 0   308.4 0   408.7 0   290.4 0   290.7 0    40.0 0   225.7 0 -9999.9 1  -125.8 0 -9999.9 1 -9999.9 1 -9999.9 1 -9999.9 1    25.3 0 -9999.9 1
 1999 193  7 12 13 33 13.550  58.67   522.1 0 -9999.9 1 -9999.9 1    75.8 0   283.8 0   310.5 0   308.8 0   411.1 0   290.8 0   291.0 0    44.4 0   235.6 0 -9999.9 1  -127.3 0 -9999.9 1 -9999.9 1 -9999.9 1 -9999.9 1    33.5 0 -9999.9 1
 1999 193  7 12 13 36 13.600  58.10   535.2 0 -9999.9 1 -9999.9 1    75.7 0   283.0 0   310.5 0   308.8 0   412.3 0   290.9 0   291.1 0    46.2 0   242.9 0 -9999.9 1  -129.3 0 -9999.9 1 -9999.9 1 -9999.9 1 -9999.9 1    28.5 0 -9999.9 1
 1999 193  7 12 13 39 13.650  57.53   547.2 0 -9999.9 1 -9999.9 1    77.1 0   279.8 0   310.6 0   309.0 0   412.7 0   291.0 0   291.2 0    48.7 0   248.4 0 -9999.9 1  -132.8 0 -9999.9 1 -9999.9 1 -9999.9 1 -9999.9 1    19.5 0 -9999.9 1
 1999 193  7 12 13 42 13.700  56.96   559.5 0 -9999.9 1 -9999.9 1    77.5 0   278.9 0   310.7 0   309.1 0   413.4 0   291.1 0   291.4 0    49.8 0   254.2 0 -9999.9 1  -134.5 0 -9999.9 1 -9999.9 1 -9999.9 1 -9999.9 1    28.9 0 -9999.9 1
 1999 193  7 12 13 48 13.800  55.81   581.4 0 -9999.9 1 -9999.9 1    78.8 0   282.5 0   311.0 0   309.4 0   416.2 0   291.4 0   291.7 0    53.4 2   262.7 0 -9999.9 1  -133.7 0 -9999.9 1 -9999.9 1 -9999.9 1 -9999.9 1    12.0 0 -9999.9 1
 1999 193  7 12 13 51 13.850  55.24   592.8 0 -9999.9 1 -9999.9 1    79.8 0   283.2 0   311.1 0   309.4 0   414.9 0   291.5 0   291.8 0    57.2 2   267.8 0 -9999.9 1  -131.8 0 -9999.9 1 -9999.9 1 -9999.9 1 -9999.9 1    27.4 0 -9999.9 1
 1999 193  7 12 13 54 13.900  54.66   600.7 0 -9999.9 1 -9999.9 1    79.5 0   287.1 0   311.4 0   309.6 0   417.7 0   291.8 0   292.1 0    59.9 0   271.1 0 -9999.9 1  -130.7 0 -9999.9 1 -9999.9 1 -9999.9 1 -9999.9 1    34.1 0 -9999.9 1
 1999 193  7 12 13 57 13.950  54.09   609.0 0 -9999.9 1 -9999.9 1    79.9 0   288.6 0   311.6 0   309.8 0   419.8 0   292.1 0   292.4 0    61.3 0   274.9 0 -9999.9 1  -131.2 0 -9999.9 1 -9999.9 1 -9999.9 1 -9999.9 1    26.0 0 -9999.9 1
 1999 193  7 12 14  3 14.050  52.94   633.1 0 -9999.9 1 -9999.9 1    80.5 0   288.4 0   311.7 0   309.8 0   421.0 0   292.3 0   292.5 0    66.9 0   285.4 0 -9999.9 1  -132.7 0 -9999.9 1 -9999.9 1 -9999.9 1 -9999.9 1    25.2 0 -9999.9 1
 1999 193  7 12 14  6 14.100  52.37   643.5 0 -9999.9 1 -9999.9 1    81.3 0   288.0 0   311.8 0   309.8 0   421.0 0   292.4 0   292.7 0    68.3 0   290.0 0 -9999.9 1  -133.0 0 -9999.9 1 -9999.9 1 -9999.9 1 -9999.9 1    27.1 0 -9999.9 1
 1999 193  7 12 14  9 14.150  51.80   654.2 0 -9999.9 1 -9999.9 1    81.2 0   286.0 0   311.8 0   309.9 0   423.1 0   292.5 0   292.8 0    70.5 2   294.5 0 -9999.9 1  -137.1 0 -9999.9 1 -9999.9 1 -9999.9 1 -9999.9 1    24.0 0 -9999.9 1
 1999 193  7 12 14 12 14.200  51.22   661.9 0 -9999.9 1 -9999.9 1    81.9 0   287.8 0   312.0 0   310.2 0   424.3 0   292.8 0   293.0 0    72.2 0   297.7 0 -9999.9 1  -136.5 0 -9999.9 1 -9999.9 1 -9999.9 1 -9999.9 1    22.6 0 -9999.9 1
 1999 193  7 12 14 18 14.300  50.08   677.2 0 -9999.9 1 -9999.9 1    82.8 0   287.4 0   312.3 0   310.5 0   426.7 0   293.3 0   293.5 0    76.8 0   304.1 0 -9999.9 1  -139.3 0 -9999.9 1 -9999.9 1 -9999.9 1 -9999.9 1    25.1 0 -9999.9 1
 1999 193  7 12 14 21 14.350  49.51   685.3 0 -9999.9 1 -9999.9 1    82.4 0   289.9 0   312.4 0   310.7 0   428.5 0   293.5 0   293.7 0    78.8 0   307.7 0 -9999.9 1  -138.6 0 -9999.9 1 -9999.9 1 -9999.9 1 -9999.9 1    27.0 0 -9999.9 1
 1999 193  7 12 14 24 14.400  48.94   693.0 0 -9999.9 1 -9999.9 1    81.2 0   289.4 0   312.5 0   311.1 0   430.2 0   293.7 0   294.0 0    80.9 0   310.9 0 -9999.9 1  -140.8 0 -9999.9 1 -9999.9 1 -9999.9 1 -9999.9 1    28.3 0 -9999.9 1
 1999 193  7 12 14 27 14.450  48.36   703.2 0 -9999.9 1 -9999.9 1    82.1 0   291.5 0   312.7 0   311.1 0   430.8 0   293.9 0   294.2 0    84.7 0   315.3 0 -9999.9 1  -139.3 0 -9999.9 1 -9999.9 1 -9999.9 1 -9999.9 1    22.7 0 -9999.9 1
 1999 193  7 12 14 33 14.550  47.22   722.3 0 -9999.9 1 -9999.9 1    83.1 0   290.7 0   312.9 0   311.5 0   431.7 0   294.1 0   294.4 0    89.4 0   323.2 0 -9999.9 1  -141.0 0 -9999.9 1 -9999.9 1 -9999.9 1 -9999.9 1    17.3 0 -9999.9 1
 1999 193  7 12 14 36 14.600  46.65   731.2 0 -9999.9 1 -9999.9 1    82.9 0   292.3 0   312.9 0   311.3 0   432.9 0   294.2 0   294.4 0    89.1 0   326.6 0 -9999.9 1  -140.5 0 -9999.9 1 -9999.9 1 -9999.9 1 -9999.9 1    36.0 0 -9999.9 1
 1999 193  7 12 14 39 14.650  46.08   740.2 0 -9999.9 1 -9999.9 1    83.4 0   291.5 0   313.0 0   311.6 0   434.4 0   294.3 0   294.6 0    91.6 0   329.7 0 -9999.9 1  -143.0 0 -9999.9 1 -9999.9 1 -9999.9 1 -9999.9 1    34.8 0 -9999.9 1
 1999 193  7 12 14 42 14.700  45.52   752.1 0 -9999.9 1 -9999.9 1    83.9 0   288.6 0   313.0 0   311.6 0   434.8 0   294.3 0   294.5 0    95.9 0   334.8 0 -9999.9 1  -146.2 0 -9999.9 1 -9999.9 1 -9999.9 1 -9999.9 1    37.9 0 -9999.9 1
 1999 193  7 12 14 48 14.800  44.38   774.2 0 -9999.9 1 -9999.9 1    84.9 0   289.3 0   313.2 0   311.7 0   434.7 0   294.5 0   294.8 0   101.2 0   344.2 0 -9999.9 1  -145.4 0 -9999.9 1 -9999.9 1 -9999.9 1 -9999.9 1    20.4 0 -9999.9 1
 1999 193  7 12 14 51 14.850  43.82   779.5 0 -9999.9 1 -9999.9 1    85.6 0   292.3 0   313.4 0   311.7 0   435.6 0   294.7 0   295.0 0   104.4 0   347.7 0 -9999.9 1  -143.3 0 -9999.9 1 -9999.9 1 -9999.9 1 -9999.9 1    28.1 0 -9999.9 1
 1999 193  7 12 14 54 14.900  43.25   788.9 0 -9999.9 1 -9999.9 1    85.1 0   291.5 0   313.4 0   311.9 0   437.2 0   294.8 0   295.1 0   107.9 0   351.3 0 -9999.9 1  -145.8 0 -9999.9 1 -9999.9 1 -9999.9 1 -9999.9 1    35.1 0 -9999.9 1
 1999 193  7 12 14 57 14.950  42.69   797.0 0 -9999.9 1 -9999.9 1    85.9 0   292.8 0   313.6 0   312.2 0   438.0 0   294.9 0   295.2 0   109.5 0   354.3 0 -9999.9 1  -145.2 0 -9999.9 1 -9999.9 1 -9999.9 1 -9999.9 1    29.6 0 -9999.9 1
 1999 193  7 12 15  3 15.050  41.56   808.7 0 -9999.9 1 -9999.9 1    85.5 0   295.1 0   313.9 0   312.7 0   440.5 0   295.3 0   295.7 0   115.6 0   360.1 0 -9999.9 1  -145.4 0 -9999.9 1 -9999.9 1 -9999.9 1 -9999.9 1    13.5 0 -9999.9 1
 1999 193  7 12 15  6 15.100  41.00   815.4 0 -9999.9 1 -9999.9 1    85.9 0   297.0 0   314.1 0   312.8 0   441.2 0   295.5 0   295.9 0   117.6 0   363.0 0 -9999.9 1  -144.2 0 -9999.9 1 -9999.9 1 -9999.9 1 -9999.9 1    14.2 0 -9999.9 1
 1999 193  7 12 15  9 15.150  40.45   822.0 0 -9999.9 1 -9999.9 1    86.7 0   300.2 0   314.3 0   312.9 0   443.2 0   295.7 0   296.0 0   120.3 0   366.4 0 -9999.9 1  -143.0 0 -9999.9 1 -9999.9 1 -9999.9 1 -9999.9 1    29.1 0 -9999.9 1
 1999 193  7 12 15 12 15.200  39.89   829.7 0 -9999.9 1 -9999.9 1    85.6 0   298.7 0   314.4 0   313.2 0   445.0 0   295.8 0   296.2 0   121.9 0   369.9 0 -9999.9 1  -146.3 0 -9999.9 1 -9999.9 1 -9999.9 1 -9999.9 1    58.0 0 -9999.9 1
 1999 193  7 12 15 18 15.300  38.78   849.4 0 -9999.9 1 -9999.9 1    86.7 0   297.6 0   314.5 0   313.1 0   445.2 0   296.0 0   296.3 0   126.9 0   377.8 0 -9999.9 1  -147.6 0 -9999.9 1 -9999.9 1 -9999.9 1 -9999.9 1    37.4 0 -9999.9 1
 1999 193  7 12 15 21 15.350  38.23   859.3 0 -9999.9 1 -9999.9 1    88.8 0   298.1 0   314.5 0   313.0 0   443.4 0   296.0 0   296.2 0   130.2 0   381.5 0 -9999.9 1  -145.3 0 -9999.9 1 -9999.9 1 -9999.9 1 -9999.9 1    30.1 0 -9999.9 1
 1999 193  7 12 15 24 15.400  37.68   868.0 0 -9999.9 1 -9999.9 1    89.2 0   298.8 0   314.6 0   313.5 0   445.7 0   296.2 0   296.4 0   134.8 0   384.9 0 -9999.9 1  -146.9 0 -9999.9 1 -9999.9 1 -9999.9 1 -9999.9 1    25.4 0 -9999.9 1
 1999 193  7 12 15 27 15.450  37.13   871.7 0 -9999.9 1 -9999.9 1    89.2 0   300.8 0   314.8 0   313.6 0   447.3 0   296.4 0   296.6 0   134.7 0   386.3 0 -9999.9 1  -146.5 0 -9999.9 1 -9999.9 1 -9999.9 1 -9999.9 1    28.8 0 -9999.9 1
 1999 193  7 12 15 33 15.550  36.04   888.9 0 -9999.9 1 -9999.9 1    90.3 0   303.0 0   315.0 0   313.4 0   445.6 0   296.5 0   296.8 0   142.1 0   393.5 0 -9999.9 1  -142.6 0 -9999.9 1 -9999.9 1 -9999.9 1 -9999.9 1    31.2 0 -9999.9 1
 1999 193  7 12 15 36 15.600  35.50   892.4 0 -9999.9 1 -9999.9 1    90.1 0   303.6 0   315.1 0   313.7 0   446.9 0   296.6 0   296.9 0   142.4 0   394.5 0 -9999.9 1  -143.3 0 -9999.9 1 -9999.9 1 -9999.9 1 -9999.9 1    30.7 0 -9999.9 1
 1999 193  7 12 15 39 15.650  34.96   896.5 0 -9999.9 1 -9999.9 1    91.3 0   303.2 0   315.0 0   313.6 0   447.5 0   296.5 0   296.8 0   145.7 0   396.5 0 -9999.9 1  -144.3 0 -9999.9 1 -9999.9 1 -9999.9 1 -9999.9 1    17.9 0 -9999.9 1
 1999 193  7 12 15 42 15.700  34.42   909.6 0 -9999.9 1 -9999.9 1    91.1 0   299.1 0   314.9 0   313.4 0   447.5 0   296.4 0   296.7 0   151.0 0   401.7 0 -9999.9 1  -148.5 0 -9999.9 1 -9999.9 1 -9999.9 1 -9999.9 1    48.9 0 -9999.9 1
 1999 193  7 12 15 48 15.800  33.36   934.7 0 -9999.9 1 -9999.9 1    90.9 0   299.3 0   314.7 0   313.0 0   444.8 0   296.4 0   296.7 0   156.7 2   411.9 0 -9999.9 1  -145.6 0 -9999.9 1 -9999.9 1 -9999.9 1 -9999.9 1    40.1 0 -9999.9 1
 1999 193  7 12 15 51 15.850  32.83   941.9 0 -9999.9 1 -9999.9 1    91.5 0   297.4 0   314.6 0   313.0 0   446.8 0   296.4 0   296.6 0   158.9 2   415.4 0 -9999.9 1  -149.5 0 -9999.9 1 -9999.9 1 -9999.9 1 -9999.9 1    45.0 0 -9999.9 1
 1999 193  7 12 15 54 15.900  32.31   949.9 0 -9999.9 1 -9999.9 1    90.0 0   299.5 0   314.7 0   313.2 0   448.9 0   296.6 0   296.8 0   162.0 0   418.1 0 -9999.9 1  -149.3 0 -9999.9 1 -9999.9 1 -9999.9 1 -9999.9 1    37.1 0 -9999.9 1
 1999 193  7 12 15 57 15.950  31.79   959.3 0 -9999.9 1 -9999.9 1    91.7 0   300.6 0   314.5 0   312.7 0   444.9 0   296.5 0   296.7 0   167.3 2   422.9 0 -9999.9 1  -144.3 0 -9999.9 1 -9999.9 1 -9999.9 1 -9999.9 1    27.8 0 -9999.9 1
 1999 193  7 12 16  3 16.050  30.76   973.1 0 -9999.9 1 -9999.9 1    92.8 0   299.9 0   314.3 0   312.5 0   445.0 0   296.4 0   296.7 0   171.0 2   427.9 0 -9999.9 1  -145.1 0 -9999.9 1 -9999.9 1 -9999.9 1 -9999.9 1    40.2 0 -9999.9 1
 1999 193  7 12 16  6 16.100  30.25   976.2 0 -9999.9 1 -9999.9 1    95.7 0   302.6 0   314.2 0   312.3 0   445.4 0   296.4 0   296.7 0   171.1 2   428.9 0 -9999.9 1  -142.8 0 -9999.9 1 -9999.9 1 -9999.9 1 -9999.9 1    57.2 0 -9999.9 1
 1999 193  7 12 16  9 16.150  29.75   984.5 0 -9999.9 1 -9999.9 1    94.8 0   304.2 0   314.1 0   312.2 0   447.3 0   296.6 0   296.8 0   175.8 0   432.4 0 -9999.9 1  -143.2 0 -9999.9 1 -9999.9 1 -9999.9 1 -9999.9 1    60.3 0 -9999.9 1
 1999 193  7 12 16 12 16.200  29.25   984.5 0 -9999.9 1 -9999.9 1    92.9 0   306.7 0   314.0 0   312.1 0   450.1 0   296.6 0   296.9 0   176.2 0   432.9 0 -9999.9 1  -143.3 0 -9999.9 1 -9999.9 1 -9999.9 1 -9999.9 1    51.8 0 -9999.9 1
 1999 193  7 12 16 18 16.300  28.26   994.8 0 -9999.9 1 -9999.9 1    95.0 0   305.3 0   313.7 0   312.3 0   450.8 0   296.8 0   297.1 0   183.2 0   436.8 0 -9999.9 1  -145.5 0 -9999.9 1 -9999.9 1 -9999.9 1 -9999.9 1    30.0 0 -9999.9 1
 1999 193  7 12 16 21 16.350  27.78  1003.6 0 -9999.9 1 -9999.9 1    97.9 0   307.6 0   313.7 0   312.3 0   451.9 0   296.9 0   297.2 0   184.4 0   440.7 0 -9999.9 1  -144.4 0 -9999.9 1 -9999.9 1 -9999.9 1 -9999.9 1    34.7 0 -9999.9 1
 1999 193  7 12 16 24 16.400  27.30  1014.8 0 -9999.9 1 -9999.9 1   104.0 0   309.4 0   313.7 0   312.2 0   452.0 0   297.0 0   297.2 0   189.2 0   445.2 0 -9999.9 1  -142.6 0 -9999.9 1 -9999.9 1 -9999.9 1 -9999.9 1    31.4 0 -9999.9 1
 1999 193  7 12 16 27 16.450  26.83  1018.7 0 -9999.9 1 -9999.9 1   113.9 0   308.6 0   313.7 0   312.3 0   453.8 0   297.1 0   297.3 0   189.1 0   446.6 0 -9999.9 1  -145.2 0 -9999.9 1 -9999.9 1 -9999.9 1 -9999.9 1    61.5 0 -9999.9 1
 1999 193  7 12 16 33 16.550  25.91  1056.5 0 -9999.9 1 -9999.9 1   133.1 0   310.0 0   313.6 0   312.5 0   457.4 0   297.2 0   297.5 0   193.1 0   462.0 0 -9999.9 1  -147.4 0 -9999.9 1 -9999.9 1 -9999.9 1 -9999.9 1    34.2 0 -9999.9 1
 1999 193  7 12 16 36 16.600  25.46  1056.4 0 -9999.9 1 -9999.9 1   130.5 0   311.2 0   313.7 0   312.5 0   456.4 0   297.3 0   297.6 0   195.6 0   461.6 0 -9999.9 1  -145.2 0 -9999.9 1 -9999.9 1 -9999.9 1 -9999.9 1    48.7 0 -9999.9 1
 1999 193  7 12 16 39 16.650  25.02  1073.7 0 -9999.9 1 -9999.9 1   145.7 0   314.2 0   313.8 0   312.9 0   460.6 0   297.5 0   297.8 0   200.0 0   468.4 0 -9999.9 1  -146.4 0 -9999.9 1 -9999.9 1 -9999.9 1 -9999.9 1    24.8 0 -9999.9 1
 1999 193  7 12 16 42 16.700  24.59  1097.8 0 -9999.9 1 -9999.9 1   166.9 0   314.3 0   313.9 0   313.0 0   463.0 0   297.7 0   298.0 0   201.8 0   477.4 0 -9999.9 1  -148.8 0 -9999.9 1 -9999.9 1 -9999.9 1 -9999.9 1    56.9 0 -9999.9 1
 1999 193  7 12 16 48 16.800  23.74  1091.1 0 -9999.9 1 -9999.9 1   156.1 0   318.5 0   313.9 0   312.2 0   453.1 0   297.7 0   297.9 0   202.2 0   474.0 0 -9999.9 1  -134.6 0 -9999.9 1 -9999.9 1 -9999.9 1 -9999.9 1    51.2 0 -9999.9 1
 1999 193  7 12 16 51 16.850  23.34  1085.1 0 -9999.9 1 -9999.9 1   142.2 0   315.6 0   313.8 0   312.3 0   454.1 0   297.6 0   297.8 0   206.7 0   472.3 0 -9999.9 1  -138.5 0 -9999.9 1 -9999.9 1 -9999.9 1 -9999.9 1    53.7 0 -9999.9 1
 1999 193  7 12 16 54 16.900  22.94  1076.6 0 -9999.9 1 -9999.9 1   135.6 0   313.6 0   313.8 0   312.6 0   457.7 0   297.5 0   297.8 0   203.6 0   469.0 0 -9999.9 1  -144.1 0 -9999.9 1 -9999.9 1 -9999.9 1 -9999.9 1    47.4 0 -9999.9 1
 1999 193  7 12 16 57 16.950  22.56  1102.9 0 -9999.9 1 -9999.9 1   149.2 0   312.9 0   313.9 0   313.2 0   461.7 0   297.6 0   297.9 0   208.0 0   479.5 0 -9999.9 1  -148.8 0 -9999.9 1 -9999.9 1 -9999.9 1 -9999.9 1    52.7 0 -9999.9 1
 1999 193  7 12 17  3 17.050  21.82  1112.9 0 -9999.9 1 -9999.9 1   152.4 0   315.7 0   313.7 0   312.4 0   460.0 0   297.5 0   297.8 0   215.2 0   483.4 0 -9999.9 1  -144.3 0 -9999.9 1 -9999.9 1 -9999.9 1 -9999.9 1    45.4 0 -9999.9 1
 1999 193  7 12 17  6 17.100  21.47  1098.9 0 -9999.9 1 -9999.9 1   140.9 0   316.2 0   313.7 0   312.5 0   459.5 0   297.5 0   297.8 0   214.6 0   478.5 0 -9999.9 1  -143.3 0 -9999.9 1 -9999.9 1 -9999.9 1 -9999.9 1    43.5 0 -9999.9 1
 1999 193  7 12 17  9 17.150  21.14  1101.2 0 -9999.9 1 -9999.9 1   138.4 0   318.1 0   313.8 0   312.3 0   459.6 0   297.7 0   298.0 0   214.5 0   477.6 0 -9999.9 1  -141.5 0 -9999.9 1 -9999.9 1 -9999.9 1 -9999.9 1    49.7 0 -9999.9 1
 1999 193  7 12 17 12 17.200  20.81  1110.0 0 -9999.9 1 -9999.9 1   138.7 0   318.0 0   313.8 0   312.4 0   460.0 0   297.8 0   298.1 0   217.2 0   481.3 0 -9999.9 1  -141.9 0 -9999.9 1 -9999.9 1 -9999.9 1 -9999.9 1    35.7 0 -9999.9 1
 1999 193  7 12 17 18 17.300  20.22  1145.6 0 -9999.9 1 -9999.9 1   187.2 0   324.2 0   314.0 0   313.3 0   466.5 0   298.0 0   298.4 0   221.5 0   495.5 0 -9999.9 1  -142.3 0 -9999.9 1 -9999.9 1 -9999.9 1 -9999.9 1    34.3 0 -9999.9 1
 1999 193  7 12 17 21 17.350  19.94  1163.5 0 -9999.9 1 -9999.9 1   248.1 0   328.6 0   314.2 0   313.6 0   466.5 0   298.2 0   298.6 0   218.8 0   496.4 0 -9999.9 1  -137.9 0 -9999.9 1 -9999.9 1 -9999.9 1 -9999.9 1    57.1 0 -9999.9 1
 1999 193  7 12 17 24 17.400  19.68   628.9 0 -9999.9 1 -9999.9 1   275.5 0   319.6 0   314.2 0   313.1 0   449.0 0   298.2 0   298.4 0   154.5 0   278.0 0 -9999.9 1  -129.4 0 -9999.9 1 -9999.9 1 -9999.9 1 -9999.9 1    66.7 0 -9999.9 1
 1999 193  7 12 17 27 17.450  19.44   882.8 0 -9999.9 1 -9999.9 1   223.6 0   321.6 0   314.1 0   312.8 0   448.3 0   298.1 0   298.2 0   170.7 0   391.3 0 -9999.9 1  -126.7 0 -9999.9 1 -9999.9 1 -9999.9 1 -9999.9 1    61.5 0 -9999.9 1
 1999 193  7 12 17 33 17.550  19.01  1119.3 0 -9999.9 1 -9999.9 1   148.8 0   322.5 0   314.2 0   313.0 0   461.3 0   298.0 0   298.3 0   219.7 0   486.4 0 -9999.9 1  -138.8 0 -9999.9 1 -9999.9 1 -9999.9 1 -9999.9 1    41.3 0 -9999.9 1
 1999 193  7 12 17 36 17.600  18.82  1121.4 0 -9999.9 1 -9999.9 1   146.1 0   322.9 0   314.4 0   313.1 0   460.3 0   298.1 0   298.5 0   225.2 0   487.1 0 -9999.9 1  -137.4 0 -9999.9 1 -9999.9 1 -9999.9 1 -9999.9 1    39.9 0 -9999.9 1
 1999 193  7 12 17 39 17.650  18.66   920.0 0 -9999.9 1 -9999.9 1   167.3 0   321.6 0   314.4 0   313.1 0   457.4 0   298.2 0   298.5 0   197.8 0   403.8 0 -9999.9 1  -135.8 0 -9999.9 1 -9999.9 1 -9999.9 1 -9999.9 1    29.6 0 -9999.9 1
 1999 193  7 12 17 42 17.700  18.51  1169.0 0 -9999.9 1 -9999.9 1   194.5 0   318.8 0   314.2 0   313.3 0   461.8 0   297.9 0   298.3 0   223.2 0   506.2 0 -9999.9 1  -143.0 0 -9999.9 1 -9999.9 1 -9999.9 1 -9999.9 1    54.3 0 -9999.9 1
 1999 193  7 12 17 48 17.800  18.28  1090.6 0 -9999.9 1 -9999.9 1   147.4 0   318.4 0   314.1 0   312.6 0   457.6 0   297.8 0   298.1 0   219.6 2   475.2 0 -9999.9 1  -139.1 0 -9999.9 1 -9999.9 1 -9999.9 1 -9999.9 1    27.8 0 -9999.9 1
 1999 193  7 12 17 51 17.850  18.20   887.4 0 -9999.9 1 -9999.9 1   158.2 0   314.8 0   314.0 0   312.3 0   452.7 0   297.7 0   297.9 0   194.0 2   388.8 0 -9999.9 1  -137.8 0 -9999.9 1 -9999.9 1 -9999.9 1 -9999.9 1    20.2 0 -9999.9 1
 1999 193  7 12 17 54 17.900  18.14   954.6 0 -9999.9 1 -9999.9 1   165.9 0   313.5 0   313.8 0   312.2 0   450.0 0   297.5 0   297.8 0   207.4 2   424.0 0 -9999.9 1  -136.5 0 -9999.9 1 -9999.9 1 -9999.9 1 -9999.9 1    10.6 0 -9999.9 1
 1999 193  7 12 17 57 17.950  18.10  1131.4 0 -9999.9 1 -9999.9 1   145.4 0   314.6 0   313.9 0   312.9 0   459.1 0   297.7 0   298.1 0   227.5 2   492.2 0 -9999.9 1  -144.5 0 -9999.9 1 -9999.9 1 -9999.9 1 -9999.9 1    13.7 0 -9999.9 1
 1999 193  7 12 18  3 18.050  18.10  1158.8 0 -9999.9 1 -9999.9 1   180.6 0   316.3 0   314.1 0   312.9 0   460.6 0   297.9 0   298.2 0   234.6 2   502.7 0 -9999.9 1  -144.3 0 -9999.9 1 -9999.9 1 -9999.9 1 -9999.9 1    40.6 0 -9999.9 1
 1999 193  7 12 18  6 18.100  18.13  1166.5 0 -9999.9 1 -9999.9 1   200.1 0   320.8 0   314.2 0   312.8 0   460.4 0   298.0 0   298.2 0   229.6 2   505.5 0 -9999.9 1  -139.7 0 -9999.9 1 -9999.9 1 -9999.9 1 -9999.9 1    51.2 0 -9999.9 1
 1999 193  7 12 18  9 18.150  18.18  1170.7 0 -9999.9 1 -9999.9 1   210.2 0   319.2 0   314.1 0   312.9 0   462.1 0   297.9 0   298.2 0   237.6 2   508.0 0 -9999.9 1  -142.9 0 -9999.9 1 -9999.9 1 -9999.9 1 -9999.9 1    56.6 0 -9999.9 1
 1999 193  7 12 18 12 18.200  18.25  1165.0 0 -9999.9 1 -9999.9 1   194.7 0   319.6 0   314.2 0   313.3 0   466.6 0   298.0 0   298.4 0   232.7 2   505.1 0 -9999.9 1  -147.0 0 -9999.9 1 -9999.9 1 -9999.9 1 -9999.9 1    28.0 0 -9999.9 1
 1999 193  7 12 18 18 18.300  18.46  1183.9 0 -9999.9 1 -9999.9 1   197.1 0   321.7 0   314.4 0   313.6 0   465.2 0   298.3 0   298.6 0   238.5 2   513.0 0 -9999.9 1  -143.5 0 -9999.9 1 -9999.9 1 -9999.9 1 -9999.9 1    12.8 0 -9999.9 1
 1999 193  7 12 18 21 18.350  18.60  1193.6 0 -9999.9 1 -9999.9 1   262.9 0   324.8 0   314.7 0   314.4 0   469.9 0   298.5 0   298.9 0   232.1 0   514.4 0 -9999.9 1  -145.1 0 -9999.9 1 -9999.9 1 -9999.9 1 -9999.9 1    14.0 0 -9999.9 1
 1999 193  7 12 18 24 18.400  18.76   709.5 0 -9999.9 1 -9999.9 1   347.3 0   334.3 0   314.9 0   313.3 0   446.7 0   298.7 0   298.7 0   166.0 0   305.0 0 -9999.9 1  -112.4 0 -9999.9 1 -9999.9 1 -9999.9 1 -9999.9 1    26.6 0 -9999.9 1
 1999 193  7 12 18 27 18.450  18.94   363.1 0 -9999.9 1 -9999.9 1   347.3 0   342.9 0   314.7 0   312.1 0   431.0 0   298.4 0   298.3 0   111.5 0   160.3 0 -9999.9 1   -88.0 0 -9999.9 1 -9999.9 1 -9999.9 1 -9999.9 1    32.3 0 -9999.9 1
 1999 193  7 12 18 33 18.550  19.36   335.3 0 -9999.9 1 -9999.9 1   298.5 0   335.7 0   314.3 0   311.8 0   428.2 0   297.8 0   297.6 0   110.5 0   151.1 0 -9999.9 1   -92.6 0 -9999.9 1 -9999.9 1 -9999.9 1 -9999.9 1    53.2 0 -9999.9 1
 1999 193  7 12 18 36 18.600  19.59   814.7 0 -9999.9 1 -9999.9 1   282.7 0   336.3 0   314.0 0   312.2 0   445.2 0   297.5 0   297.7 0   171.6 0   362.6 0 -9999.9 1  -108.9 0 -9999.9 1 -9999.9 1 -9999.9 1 -9999.9 1    40.8 0 -9999.9 1
 1999 193  7 12 18 39 18.650  19.85  1195.2 0 -9999.9 1 -9999.9 1   247.3 0   336.9 0   314.1 0   313.2 0   463.5 0   297.7 0   298.1 0   212.2 0   517.0 0 -9999.9 1  -126.5 0 -9999.9 1 -9999.9 1 -9999.9 1 -9999.9 1     8.6 0 -9999.9 1
 1999 193  7 12 18 42 18.700  20.12  1174.8 0 -9999.9 1 -9999.9 1   239.3 0   336.1 0   314.3 0   313.5 0   465.8 0   298.0 0   298.4 0   218.1 0   506.7 0 -9999.9 1  -129.7 0 -9999.9 1 -9999.9 1 -9999.9 1 -9999.9 1    13.5 0 -9999.9 1
 1999 193  7 12 18 48 18.800  20.70  1199.9 0 -9999.9 1 -9999.9 1   268.4 0   340.1 0   314.6 0   313.4 0   466.5 0   298.5 0   298.8 0   226.7 0   515.9 0 -9999.9 1  -126.4 0 -9999.9 1 -9999.9 1 -9999.9 1 -9999.9 1    44.6 0 -9999.9 1
 1999 193  7 12 18 51 18.850  21.02  1134.2 0 -9999.9 1 -9999.9 1   261.6 0   339.0 0   314.6 0   313.5 0   464.2 0   298.5 0   298.9 0   216.8 0   488.4 0 -9999.9 1  -125.2 0 -9999.9 1 -9999.9 1 -9999.9 1 -9999.9 1    33.5 0 -9999.9 1
 1999 193  7 12 18 54 18.900  21.35  1161.4 0 -9999.9 1 -9999.9 1   292.5 0   340.7 0   314.7 0   313.5 0   467.7 0   298.6 0   299.0 0   212.3 0   493.8 0 -9999.9 1  -127.0 0 -9999.9 1 -9999.9 1 -9999.9 1 -9999.9 1    34.3 0 -9999.9 1
 1999 193  7 12 18 57 18.950  21.70   385.6 0 -9999.9 1 -9999.9 1   308.4 0   328.9 0   314.4 0   312.4 0   439.9 0   298.4 0   298.4 0   123.4 0   176.1 0 -9999.9 1  -111.0 0 -9999.9 1 -9999.9 1 -9999.9 1 -9999.9 1    40.9 0 -9999.9 1
 1999 193  7 12 19  3 19.050  22.42   702.4 0 -9999.9 1 -9999.9 1   299.8 0   338.5 0   314.4 0   313.4 0   455.9 0   298.4 0   298.7 0   148.4 0   298.4 0 -9999.9 1  -117.4 0 -9999.9 1 -9999.9 1 -9999.9 1 -9999.9 1    26.2 0 -9999.9 1
 1999 193  7 12 19  6 19.100  22.81   309.2 0 -9999.9 1 -9999.9 1   295.2 0   338.8 0   314.3 0   311.9 0   429.9 0   298.2 0   298.1 0   101.1 0   136.9 0 -9999.9 1   -91.1 0 -9999.9 1 -9999.9 1 -9999.9 1 -9999.9 1    20.0 0 -9999.9 1
 1999 193  7 12 19  9 19.150  23.20  1078.5 0 -9999.9 1 -9999.9 1   308.0 0   341.4 0   314.1 0   312.8 0   454.7 0   298.0 0   298.3 0   191.6 0   471.7 0 -9999.9 1  -113.3 0 -9999.9 1 -9999.9 1 -9999.9 1 -9999.9 1    23.4 0 -9999.9 1
 1999 193  7 12 19 12 19.200  23.60  1206.3 0 -9999.9 1 -9999.9 1   284.0 0   336.1 0   314.4 0   313.8 0   468.0 0   298.3 0   298.7 0   207.9 0   520.0 0 -9999.9 1  -131.9 0 -9999.9 1 -9999.9 1 -9999.9 1 -9999.9 1    10.7 0 -9999.9 1
 1999 193  7 12 19 18 19.300  24.44  1204.7 0 -9999.9 1 -9999.9 1   288.8 0   335.1 0   314.8 0   314.5 0   471.7 0   298.6 0   299.0 0   210.1 0   518.2 0 -9999.9 1  -136.6 0 -9999.9 1 -9999.9 1 -9999.9 1 -9999.9 1   352.2 0 -9999.9 1
 1999 193  7 12 19 21 19.350  24.87   667.0 0 -9999.9 1 -9999.9 1   302.9 0   330.8 0   315.1 0   314.0 0   454.4 0   298.8 0   299.0 0   143.5 0   285.2 0 -9999.9 1  -123.5 0 -9999.9 1 -9999.9 1 -9999.9 1 -9999.9 1    22.9 0 -9999.9 1
 1999 193  7 12 19 24 19.400  25.31   354.4 0 -9999.9 1 -9999.9 1   280.7 0   326.9 0   315.1 0   313.2 0   433.2 0   298.8 0   298.7 0   104.6 0   161.3 0 -9999.9 1  -106.3 0 -9999.9 1 -9999.9 1 -9999.9 1 -9999.9 1    41.1 0 -9999.9 1
 1999 193  7 12 19 27 19.450  25.75   672.5 0 -9999.9 1 -9999.9 1   254.4 0   327.9 0   315.0 0   313.0 0   437.5 0   298.5 0   298.5 0   144.9 0   302.3 0 -9999.9 1  -109.6 0 -9999.9 1 -9999.9 1 -9999.9 1 -9999.9 1    55.0 0 -9999.9 1
 1999 193  7 12 19 33 19.550  26.67  1120.1 0 -9999.9 1 -9999.9 1   233.3 0   329.1 0   315.3 0   314.3 0   466.2 0   298.7 0   299.1 0   199.3 0   486.5 0 -9999.9 1  -137.1 0 -9999.9 1 -9999.9 1 -9999.9 1 -9999.9 1    30.7 0 -9999.9 1
 1999 193  7 12 19 36 19.600  27.14   589.2 0 -9999.9 1 -9999.9 1   229.3 0   324.3 0   315.5 0   313.6 0   447.4 0   298.9 0   299.0 0   137.7 0   258.4 0 -9999.9 1  -123.1 0 -9999.9 1 -9999.9 1 -9999.9 1 -9999.9 1    20.9 0 -9999.9 1
 1999 193  7 12 19 39 19.650  27.61   453.8 0 -9999.9 1 -9999.9 1   224.5 0   319.6 0   315.1 0   313.0 0   430.7 0   298.5 0   298.5 0   123.0 0   214.2 0 -9999.9 1  -111.1 0 -9999.9 1 -9999.9 1 -9999.9 1 -9999.9 1    20.7 0 -9999.9 1
 1999 193  7 12 19 42 19.700  28.09  1082.0 0 -9999.9 1 -9999.9 1   196.3 0   322.5 0   315.2 0   314.5 0   461.0 0   298.4 0   298.8 0   179.3 0   471.6 0 -9999.9 1  -138.5 0 -9999.9 1 -9999.9 1 -9999.9 1 -9999.9 1    17.9 0 -9999.9 1
 1999 193  7 12 19 48 19.800  29.07  1105.9 0 -9999.9 1 -9999.9 1   235.0 0   331.3 0   315.7 0   314.9 0   465.2 0   298.8 0   299.2 0   194.5 0   481.5 0 -9999.9 1  -133.9 0 -9999.9 1 -9999.9 1 -9999.9 1 -9999.9 1    28.6 0 -9999.9 1
 1999 193  7 12 19 51 19.850  29.57   958.1 0 -9999.9 1 -9999.9 1   268.5 0   324.0 0   316.0 0   315.7 0   464.2 0   299.1 0   299.5 0   171.8 0   414.0 0 -9999.9 1  -140.2 0 -9999.9 1 -9999.9 1 -9999.9 1 -9999.9 1    50.3 0 -9999.9 1
 1999 193  7 12 19 54 19.900  30.07   748.1 0 -9999.9 1 -9999.9 1   247.4 0   329.6 0   316.0 0   314.0 0   446.9 0   299.1 0   299.2 0   147.1 0   336.0 0 -9999.9 1  -117.3 0 -9999.9 1 -9999.9 1 -9999.9 1 -9999.9 1    44.1 0 -9999.9 1
 1999 193  7 12 19 57 19.950  30.58  1033.3 0 -9999.9 1 -9999.9 1   186.0 0   325.7 0   316.1 0   314.6 0   461.8 0   299.1 0   299.3 0   179.9 0   452.0 0 -9999.9 1  -136.1 0 -9999.9 1 -9999.9 1 -9999.9 1 -9999.9 1    37.6 0 -9999.9 1
 1999 193  7 12 20  3 20.050  31.61   994.9 0 -9999.9 1 -9999.9 1   149.9 0   321.9 0   316.3 0   315.3 0   462.7 0   299.3 0   299.6 0   175.5 0   435.4 0 -9999.9 1  -140.7 0 -9999.9 1 -9999.9 1 -9999.9 1 -9999.9 1    36.2 0 -9999.9 1
 1999 193  7 12 20  6 20.100  32.13   991.3 0 -9999.9 1 -9999.9 1   148.8 0   321.8 0   316.3 0   315.0 0   459.1 0   299.2 0   299.5 0   177.6 0   435.7 0 -9999.9 1  -137.4 0 -9999.9 1 -9999.9 1 -9999.9 1 -9999.9 1    20.1 0 -9999.9 1
 1999 193  7 12 20  9 20.150  32.65   981.7 0 -9999.9 1 -9999.9 1   147.7 0   322.9 0   316.3 0   314.6 0   456.7 0   299.1 0   299.4 0   175.0 0   432.5 0 -9999.9 1  -133.8 0 -9999.9 1 -9999.9 1 -9999.9 1 -9999.9 1    31.2 0 -9999.9 1
 1999 193  7 12 20 12 20.200  33.17   975.5 0 -9999.9 1 -9999.9 1   153.4 0   322.7 0   316.1 0   314.3 0   455.9 0   298.9 0   299.1 0   170.9 0   429.3 0 -9999.9 1  -133.2 0 -9999.9 1 -9999.9 1 -9999.9 1 -9999.9 1    33.8 0 -9999.9 1
 1999 193  7 12 20 18 20.300  34.24   964.6 0 -9999.9 1 -9999.9 1   142.9 0   316.8 0   315.9 0   314.5 0   456.0 0   298.8 0   299.1 0   168.3 0   424.1 0 -9999.9 1  -139.2 0 -9999.9 1 -9999.9 1 -9999.9 1 -9999.9 1    21.8 0 -9999.9 1
 1999 193  7 12 20 21 20.350  34.77   960.4 0 -9999.9 1 -9999.9 1   139.5 0   312.2 0   315.9 0   315.0 0   458.6 0   298.7 0   299.0 0   163.5 2   423.2 0 -9999.9 1  -146.3 0 -9999.9 1 -9999.9 1 -9999.9 1 -9999.9 1    25.4 0 -9999.9 1
 1999 193  7 12 20 24 20.400  35.31   965.6 0 -9999.9 1 -9999.9 1   156.0 0   315.9 0   316.0 0   314.7 0   455.6 0   298.7 0   299.0 0   160.0 2   418.2 0 -9999.9 1  -139.8 0 -9999.9 1 -9999.9 1 -9999.9 1 -9999.9 1    14.6 0 -9999.9 1
 1999 193  7 12 20 27 20.450  35.85   965.7 0 -9999.9 1 -9999.9 1   165.1 0   315.6 0   316.1 0   315.1 0   457.6 0   298.8 0   299.1 0   156.6 2   421.3 0 -9999.9 1  -141.9 0 -9999.9 1 -9999.9 1 -9999.9 1 -9999.9 1    32.2 0 -9999.9 1
 1999 193  7 12 20 33 20.550  36.94   996.1 0 -9999.9 1 -9999.9 1   204.0 0   319.9 0   316.1 0   314.4 0   453.5 0   298.7 0   298.9 0   151.2 2   437.7 0 -9999.9 1  -133.7 0 -9999.9 1 -9999.9 1 -9999.9 1 -9999.9 1    10.7 0 -9999.9 1
 1999 193  7 12 20 36 20.600  37.49   918.6 0 -9999.9 1 -9999.9 1   210.9 0   320.0 0   316.3 0   314.6 0   452.8 0   298.8 0   299.0 0   141.7 2   402.7 0 -9999.9 1  -132.8 0 -9999.9 1 -9999.9 1 -9999.9 1 -9999.9 1    17.8 0 -9999.9 1
 1999 193  7 12 20 39 20.650  38.04   938.8 0 -9999.9 1 -9999.9 1   175.8 0   319.6 0   316.4 0   315.0 0   457.2 0   298.8 0   299.1 0   142.0 2   411.3 0 -9999.9 1  -137.6 0 -9999.9 1 -9999.9 1 -9999.9 1 -9999.9 1    11.1 0 -9999.9 1
 1999 193  7 12 20 42 20.700  38.59   916.1 0 -9999.9 1 -9999.9 1   156.1 0   317.6 0   316.5 0   315.2 0   456.1 0   299.0 0   299.2 0   139.1 0   401.7 0 -9999.9 1  -138.4 0 -9999.9 1 -9999.9 1 -9999.9 1 -9999.9 1     7.7 0 -9999.9 1
 1999 193  7 12 20 48 20.800  39.70   918.0 0 -9999.9 1 -9999.9 1   167.3 0   321.4 0   316.6 0   315.2 0   455.6 0   299.0 0   299.3 0   135.0 0   402.8 0 -9999.9 1  -134.2 0 -9999.9 1 -9999.9 1 -9999.9 1 -9999.9 1     7.3 0 -9999.9 1
 1999 193  7 12 20 51 20.850  40.25   938.7 0 -9999.9 1 -9999.9 1   199.3 0   326.1 0   316.8 0   315.5 0   458.0 0   299.1 0   299.5 0   133.1 0   410.6 0 -9999.9 1  -131.9 0 -9999.9 1 -9999.9 1 -9999.9 1 -9999.9 1     7.5 0 -9999.9 1
 1999 193  7 12 20 54 20.900  40.81   973.1 0 -9999.9 1 -9999.9 1   245.3 0   330.1 0   317.0 0   316.1 0   462.3 0   299.3 0   299.7 0   132.6 0   423.8 0 -9999.9 1  -132.2 0 -9999.9 1 -9999.9 1 -9999.9 1 -9999.9 1    18.0 0 -9999.9 1
 1999 193  7 12 20 57 20.950  41.37   913.2 0 -9999.9 1 -9999.9 1   262.0 0   336.6 0   317.2 0   315.7 0   459.5 0   299.5 0   299.7 0   120.9 0   395.2 0 -9999.9 1  -122.9 0 -9999.9 1 -9999.9 1 -9999.9 1 -9999.9 1    31.2 0 -9999.9 1
 1999 193  7 12 21  3 21.050  42.49   511.7 0 -9999.9 1 -9999.9 1   205.1 0   332.9 0   316.9 0   314.2 0   441.7 0   299.2 0   299.2 0    88.7 0   230.9 0 -9999.9 1  -108.8 0 -9999.9 1 -9999.9 1 -9999.9 1 -9999.9 1    50.2 0 -9999.9 1
 1999 193  7 12 21  6 21.100  43.06   845.2 0 -9999.9 1 -9999.9 1   180.9 0   323.8 0   316.6 0   314.7 0   452.3 0   298.9 0   299.1 0   110.1 0   372.5 0 -9999.9 1  -128.5 0 -9999.9 1 -9999.9 1 -9999.9 1 -9999.9 1    50.8 0 -9999.9 1
 1999 193  7 12 21  9 21.150  43.62   821.9 0 -9999.9 1 -9999.9 1   147.8 0   325.9 0   316.6 0   314.5 0   452.7 0   298.9 0   299.1 0   107.8 0   362.7 0 -9999.9 1  -126.8 0 -9999.9 1 -9999.9 1 -9999.9 1 -9999.9 1    35.3 0 -9999.9 1
 1999 193  7 12 21 12 21.200  44.19   804.4 0 -9999.9 1 -9999.9 1   133.3 0   323.6 0   316.5 0   314.6 0   452.9 0   298.9 0   299.2 0   107.1 0   356.9 0 -9999.9 1  -129.3 0 -9999.9 1 -9999.9 1 -9999.9 1 -9999.9 1    29.6 0 -9999.9 1
 1999 193  7 12 21 18 21.300  45.32   791.8 0 -9999.9 1 -9999.9 1   130.4 0   317.5 0   316.4 0   315.2 0   454.8 0   299.0 0   299.3 0   103.0 0   351.3 0 -9999.9 1  -137.2 0 -9999.9 1 -9999.9 1 -9999.9 1 -9999.9 1    26.2 0 -9999.9 1
 1999 193  7 12 21 21 21.350  45.89   795.9 0 -9999.9 1 -9999.9 1   139.1 0   314.1 0   316.4 0   315.9 0   456.5 0   299.0 0   299.3 0   101.1 0   352.0 0 -9999.9 1  -142.4 0 -9999.9 1 -9999.9 1 -9999.9 1 -9999.9 1    24.4 0 -9999.9 1
 1999 193  7 12 21 24 21.400  46.46   792.0 0 -9999.9 1 -9999.9 1   145.1 0   318.4 0   316.6 0   315.6 0   456.0 0   299.2 0   299.5 0    95.8 0   350.4 0 -9999.9 1  -137.6 0 -9999.9 1 -9999.9 1 -9999.9 1 -9999.9 1     2.2 0 -9999.9 1
 1999 193  7 12 21 27 21.450  47.03   777.5 0 -9999.9 1 -9999.9 1   143.5 0   321.3 0   316.8 0   315.3 0   451.4 0   299.3 0   299.5 0    94.1 0   343.8 0 -9999.9 1  -130.1 0 -9999.9 1 -9999.9 1 -9999.9 1 -9999.9 1     8.5 0 -9999.9 1
 1999 193  7 12 21 33 21.550  48.17   739.3 0 -9999.9 1 -9999.9 1   120.9 0   320.5 0   317.1 0   315.4 0   449.3 0   299.3 0   299.5 0    89.0 0   328.4 0 -9999.9 1  -128.8 0 -9999.9 1 -9999.9 1 -9999.9 1 -9999.9 1    20.4 0 -9999.9 1
 1999 193  7 12 21 36 21.600  48.74   723.1 0 -9999.9 1 -9999.9 1   113.4 0   320.6 0   317.3 0   315.5 0   449.6 0   299.3 0   299.6 0    85.1 0   323.0 0 -9999.9 1  -129.0 0 -9999.9 1 -9999.9 1 -9999.9 1 -9999.9 1    16.8 0 -9999.9 1
 1999 193  7 12 21 39 21.650  49.31   713.5 0 -9999.9 1 -9999.9 1   114.3 0   325.0 0   317.4 0   315.4 0   448.4 0   299.4 0   299.6 0    84.1 0   319.2 0 -9999.9 1  -123.4 0 -9999.9 1 -9999.9 1 -9999.9 1 -9999.9 1    13.8 0 -9999.9 1
 1999 193  7 12 21 42 21.700  49.89   703.6 0 -9999.9 1 -9999.9 1   114.0 0   324.3 0   317.4 0   315.5 0   447.5 0   299.3 0   299.6 0    80.1 0   314.7 0 -9999.9 1  -123.2 0 -9999.9 1 -9999.9 1 -9999.9 1 -9999.9 1    11.3 0 -9999.9 1
 1999 193  7 12 21 48 21.800  51.03   678.1 0 -9999.9 1 -9999.9 1   124.7 0   327.0 0   317.5 0   315.3 0   449.7 0   299.3 0   299.4 0    74.3 0   302.1 0 -9999.9 1  -122.8 0 -9999.9 1 -9999.9 1 -9999.9 1 -9999.9 1    38.2 0 -9999.9 1
 1999 193  7 12 21 51 21.850  51.61   569.3 0 -9999.9 1 -9999.9 1   125.8 0   328.3 0   317.4 0   315.0 0   444.1 0   299.2 0   299.3 0    67.8 0   256.4 0 -9999.9 1  -115.8 0 -9999.9 1 -9999.9 1 -9999.9 1 -9999.9 1    33.2 0 -9999.9 1
 1999 193  7 12 21 54 21.900  52.18   564.9 0 -9999.9 1 -9999.9 1   125.4 0   322.5 0   317.0 0   314.8 0   441.5 0   298.8 0   299.0 0    65.4 0   250.6 0 -9999.9 1  -119.0 0 -9999.9 1 -9999.9 1 -9999.9 1 -9999.9 1    38.7 0 -9999.9 1
 1999 193  7 12 21 57 21.950  52.75   224.0 0 -9999.9 1 -9999.9 1   119.4 0   324.8 0   316.8 0   313.8 0   424.6 0   298.7 0   298.6 0    50.4 0   114.7 0 -9999.9 1   -99.8 0 -9999.9 1 -9999.9 1 -9999.9 1 -9999.9 1    34.2 0 -9999.9 1
 1999 193  7 12 22  3 22.050  53.90   614.1 0 -9999.9 1 -9999.9 1   109.1 0   318.7 0   316.7 0   315.5 0   449.6 0   298.7 0   298.9 0    62.7 0   273.6 0 -9999.9 1  -130.9 0 -9999.9 1 -9999.9 1 -9999.9 1 -9999.9 1    39.7 0 -9999.9 1
 1999 193  7 12 22  6 22.100  54.47   600.2 0 -9999.9 1 -9999.9 1   108.0 0   318.6 0   316.8 0   315.7 0   448.9 0   298.8 0   299.1 0    60.9 0   269.0 0 -9999.9 1  -130.3 0 -9999.9 1 -9999.9 1 -9999.9 1 -9999.9 1     5.7 0 -9999.9 1
 1999 193  7 12 22  9 22.150  55.05   600.1 0 -9999.9 1 -9999.9 1   108.8 0   319.6 0   317.0 0   315.6 0   447.4 0   299.0 0   299.2 0    59.6 0   269.0 0 -9999.9 1  -127.8 0 -9999.9 1 -9999.9 1 -9999.9 1 -9999.9 1     6.4 0 -9999.9 1
 1999 193  7 12 22 12 22.200  55.62   589.2 0 -9999.9 1 -9999.9 1   111.4 0   321.4 0   317.1 0   315.6 0   447.6 0   299.1 0   299.3 0    57.9 0   264.2 0 -9999.9 1  -126.1 0 -9999.9 1 -9999.9 1 -9999.9 1 -9999.9 1     9.9 0 -9999.9 1
 1999 193  7 12 22 18 22.300  56.77   567.1 0 -9999.9 1 -9999.9 1   121.8 0   324.9 0   317.5 0   315.9 0   445.0 0   299.2 0   299.4 0    54.5 0   253.6 0 -9999.9 1  -120.0 0 -9999.9 1 -9999.9 1 -9999.9 1 -9999.9 1     6.5 0 -9999.9 1
 1999 193  7 12 22 21 22.350  57.34   555.4 0 -9999.9 1 -9999.9 1   130.8 0   324.4 0   317.6 0   316.1 0   446.1 0   299.2 0   299.5 0    52.5 0   248.6 0 -9999.9 1  -121.7 0 -9999.9 1 -9999.9 1 -9999.9 1 -9999.9 1    10.8 0 -9999.9 1
 1999 193  7 12 22 24 22.400  57.91   585.3 0 -9999.9 1 -9999.9 1   140.9 0   325.1 0   317.4 0   315.6 0   443.3 0   299.0 0   299.2 0    51.3 0   260.3 0 -9999.9 1  -118.1 0 -9999.9 1 -9999.9 1 -9999.9 1 -9999.9 1     9.5 0 -9999.9 1
 1999 193  7 12 22 27 22.450  58.49   557.1 0 -9999.9 1 -9999.9 1   144.3 0   322.9 0   317.6 0   316.0 0   443.0 0   299.0 0   299.2 0    48.9 0   247.7 0 -9999.9 1  -120.1 0 -9999.9 1 -9999.9 1 -9999.9 1 -9999.9 1     8.0 0 -9999.9 1
 1999 193  7 12 22 33 22.550  59.63   533.6 0 -9999.9 1 -9999.9 1   145.5 0   320.5 0   317.6 0   315.6 0   439.6 0   298.7 0   298.8 0    45.3 2   237.4 0 -9999.9 1  -119.1 0 -9999.9 1 -9999.9 1 -9999.9 1 -9999.9 1    17.2 0 -9999.9 1
 1999 193  7 12 22 36 22.600  60.20   476.6 0 -9999.9 1 -9999.9 1   132.4 0   316.9 0   317.7 0   315.8 0   435.8 0   298.7 0   298.8 0    42.4 2   214.1 0 -9999.9 1  -118.9 0 -9999.9 1 -9999.9 1 -9999.9 1 -9999.9 1    13.7 0 -9999.9 1
 1999 193  7 12 22 39 22.650  60.77   443.7 0 -9999.9 1 -9999.9 1   120.7 0   311.5 0   317.5 0   315.6 0   433.7 0   298.4 0   298.5 0    40.4 2   200.2 0 -9999.9 1  -122.2 0 -9999.9 1 -9999.9 1 -9999.9 1 -9999.9 1    22.3 0 -9999.9 1
 1999 193  7 12 22 42 22.700  61.35   443.9 0 -9999.9 1 -9999.9 1   116.1 0   314.2 0   317.5 0   315.0 0   431.4 0   298.3 0   298.3 0    38.6 2   201.8 0 -9999.9 1  -117.2 0 -9999.9 1 -9999.9 1 -9999.9 1 -9999.9 1    36.9 0 -9999.9 1
 1999 193  7 12 22 48 22.800  62.49   446.3 0 -9999.9 1 -9999.9 1   108.2 0   314.5 0   317.6 0   315.5 0   435.2 0   298.3 0   298.5 0    36.0 0   202.5 0 -9999.9 1  -120.7 0 -9999.9 1 -9999.9 1 -9999.9 1 -9999.9 1    27.2 0 -9999.9 1
 1999 193  7 12 22 51 22.850  63.06   429.8 0 -9999.9 1 -9999.9 1   103.8 0   316.0 0   317.7 0   315.4 0   434.7 0   298.4 0   298.5 0    33.9 0   194.9 0 -9999.9 1  -118.7 0 -9999.9 1 -9999.9 1 -9999.9 1 -9999.9 1    34.5 0 -9999.9 1
 1999 193  7 12 22 54 22.900  63.63   434.5 0 -9999.9 1 -9999.9 1    99.8 0   317.6 0   317.7 0   315.2 0   433.7 0   298.4 0   298.5 0    32.6 0   196.5 0 -9999.9 1  -116.1 0 -9999.9 1 -9999.9 1 -9999.9 1 -9999.9 1    34.0 0 -9999.9 1
 1999 193  7 12 22 57 22.950  64.19   449.8 0 -9999.9 1 -9999.9 1    98.4 0   314.2 0   317.7 0   315.5 0   435.1 0   298.4 0   298.5 0    31.5 0   202.0 0 -9999.9 1  -120.8 0 -9999.9 1 -9999.9 1 -9999.9 1 -9999.9 1    30.8 0 -9999.9 1
 1999 193  7 12 23  3 23.050  65.33   417.3 0 -9999.9 1 -9999.9 1    93.1 0   315.8 0   317.7 0   315.6 0   435.7 0   298.4 0   298.5 0    28.4 0   187.9 0 -9999.9 1  -119.9 0 -9999.9 1 -9999.9 1 -9999.9 1 -9999.9 1    15.9 0 -9999.9 1
 1999 193  7 12 23  6 23.100  65.89   406.2 0 -9999.9 1 -9999.9 1    90.0 0   313.7 0   317.7 0   315.9 0   434.6 0   298.4 0   298.5 0    27.1 0   182.7 0 -9999.9 1  -120.9 0 -9999.9 1 -9999.9 1 -9999.9 1 -9999.9 1    10.7 0 -9999.9 1
 1999 193  7 12 23  9 23.150  66.46   391.3 0 -9999.9 1 -9999.9 1    86.5 0   310.8 0   317.7 0   315.8 0   433.8 0   298.3 0   298.5 0    25.9 0   176.6 0 -9999.9 1  -123.0 0 -9999.9 1 -9999.9 1 -9999.9 1 -9999.9 1    24.8 0 -9999.9 1
 1999 193  7 12 23 12 23.200  67.03   368.9 0 -9999.9 1 -9999.9 1    82.3 0   310.7 0   317.7 0   315.8 0   433.0 0   298.3 0   298.4 0    24.5 0   166.8 0 -9999.9 1  -122.3 0 -9999.9 1 -9999.9 1 -9999.9 1 -9999.9 1    28.4 0 -9999.9 1
 1999 193  7 12 23 18 23.300  68.15   348.9 0 -9999.9 1 -9999.9 1    77.1 0   313.5 0   317.8 0   315.5 0   431.0 0   298.3 0   298.4 0    21.8 0   157.5 0 -9999.9 1  -117.5 0 -9999.9 1 -9999.9 1 -9999.9 1 -9999.9 1    25.1 0 -9999.9 1
 1999 193  7 12 23 21 23.350  68.71   332.9 0 -9999.9 1 -9999.9 1    74.7 0   313.7 0   317.7 0   315.3 0   429.1 0   298.2 0   298.3 0    20.6 0   150.6 0 -9999.9 1  -115.4 0 -9999.9 1 -9999.9 1 -9999.9 1 -9999.9 1    22.6 0 -9999.9 1
 1999 193  7 12 23 24 23.400  69.28   318.3 0 -9999.9 1 -9999.9 1    72.3 0   313.1 0   317.8 0   315.4 0   429.0 0   298.2 0   298.3 0    19.4 0   144.2 0 -9999.9 1  -115.9 0 -9999.9 1 -9999.9 1 -9999.9 1 -9999.9 1    21.7 0 -9999.9 1
 1999 193  7 12 23 27 23.450  69.84   307.4 0 -9999.9 1 -9999.9 1    71.0 0   314.0 0   317.8 0   315.5 0   428.0 0   298.2 0   298.3 0    18.2 0   138.7 0 -9999.9 1  -113.9 0 -9999.9 1 -9999.9 1 -9999.9 1 -9999.9 1    18.9 0 -9999.9 1
 1999 193  7 12 23 33 23.550  70.95   252.3 0 -9999.9 1 -9999.9 1    65.7 0   313.1 0   317.7 0   315.5 0   426.2 0   298.1 0   298.1 0    15.9 0   115.8 0 -9999.9 1  -113.1 0 -9999.9 1 -9999.9 1 -9999.9 1 -9999.9 1    30.1 0 -9999.9 1
 1999 193  7 12 23 36 23.600  71.51   241.2 0 -9999.9 1 -9999.9 1    64.5 0   309.6 0   317.5 0   315.5 0   424.5 0   297.9 0   297.9 0    14.8 0   110.9 0 -9999.9 1  -114.9 0 -9999.9 1 -9999.9 1 -9999.9 1 -9999.9 1    23.2 0 -9999.9 1
 1999 193  7 12 23 39 23.650  72.07   255.1 0 -9999.9 1 -9999.9 1    65.7 0   307.7 0   317.5 0   315.7 0   425.0 0   297.7 0   297.8 0    14.0 0   115.9 0 -9999.9 1  -117.2 0 -9999.9 1 -9999.9 1 -9999.9 1 -9999.9 1     9.2 0 -9999.9 1
 1999 193  7 12 23 42 23.700  72.62   260.5 0 -9999.9 1 -9999.9 1    66.3 0   308.9 0   317.5 0   315.9 0   425.9 0   297.8 0   297.9 0    13.3 0   117.3 0 -9999.9 1  -117.1 0 -9999.9 1 -9999.9 1 -9999.9 1 -9999.9 1    16.9 0 -9999.9 1
 1999 193  7 12 23 48 23.800  73.73   236.6 0 -9999.9 1 -9999.9 1    64.1 0   306.5 0   317.7 0   316.2 0   425.6 0   297.8 0   297.9 0    11.8 0   107.2 0 -9999.9 1  -119.1 0 -9999.9 1 -9999.9 1 -9999.9 1 -9999.9 1    15.7 0 -9999.9 1
 1999 193  7 12 23 51 23.850  74.28   224.8 0 -9999.9 1 -9999.9 1    62.0 0   309.0 0   317.8 0   316.1 0   425.5 0   297.8 0   297.9 0    11.1 0   101.6 0 -9999.9 1  -116.5 0 -9999.9 1 -9999.9 1 -9999.9 1 -9999.9 1    15.2 0 -9999.9 1
 1999 193  7 12 23 54 23.900  74.83   205.2 0 -9999.9 1 -9999.9 1    59.5 0   306.5 0   317.9 0   316.5 0   424.7 0   297.8 0   297.9 0    10.4 0    93.8 0 -9999.9 1  -118.2 0 -9999.9 1 -9999.9 1 -9999.9 1 -9999.9 1    21.8 0 -9999.9 1
 1999 193  7 12 23 57 23.950  75.38   203.0 0 -9999.9 1 -9999.9 1    57.1 0   307.0 0   318.0 0   316.5 0   424.2 0   297.8 0   297.8 0     9.7 0    91.7 0 -9999.9 1  -117.2 0 -9999.9 1 -9999.9 1 -9999.9 1 -9999.9 1    22.1 0 -9999.9 1
