 Bondville
   40.05  -88.37  213 m version 1
 1999 165  6 14 15 51 15.850  31.04   987.3 0 -9999.9 1 -9999.9 1    70.0 0   297.5 0   306.2 0   305.0 0 -9999.9 1   293.8 0 -9999.9 1   185.5 2   445.6 0 -9999.9 1 -9999.9 1 -9999.9 1 -9999.9 1 -9999.9 1 -9999.9 1   335.6 0 -9999.9 1
 1999 165  6 14 15 54 15.900  30.52   991.0 0 -9999.9 1 -9999.9 1    77.3 0   297.1 0   306.2 0   305.2 0 -9999.9 1   293.9 0 -9999.9 1   186.4 2   445.3 0 -9999.9 1 -9999.9 1 -9999.9 1 -9999.9 1 -9999.9 1 -9999.9 1   341.9 0 -9999.9 1
 1999 165  6 14 15 57 15.950  30.00   922.5 0 -9999.9 1 -9999.9 1    91.6 0   299.9 0   306.4 0   305.0 0 -9999.9 1   294.0 0 -9999.9 1   180.9 2   415.4 0 -9999.9 1 -9999.9 1 -9999.9 1 -9999.9 1 -9999.9 1 -9999.9 1   338.6 0 -9999.9 1
 1999 165  6 14 16  3 16.050  28.97   999.5 0 -9999.9 1 -9999.9 1    74.5 0   305.3 0   306.4 0   304.9 0 -9999.9 1   294.1 0 -9999.9 1   192.3 2   450.7 0 -9999.9 1 -9999.9 1 -9999.9 1 -9999.9 1 -9999.9 1 -9999.9 1   346.1 0 -9999.9 1
 1999 165  6 14 16  6 16.100  28.46  1005.9 0 -9999.9 1 -9999.9 1    69.7 0   305.5 0   306.3 0   304.9 0 -2008.0 1   294.1 0   382.1 1   194.9 2   453.4 0 -9999.9 1 -9999.9 1 -9999.9 1 -9999.9 1 -9999.9 1 -9999.9 1   344.0 0 -9999.9 1
 1999 165  6 14 16  9 16.150  27.95  1009.0 0 -9999.9 1 -9999.9 1    69.1 0   304.8 0   306.4 0   305.4 0 -9999.9 1   294.9 0   295.3 0   196.6 2   454.3 0 -9999.9 1 -9999.9 1 -9999.9 1 -9999.9 1 -9999.9 1 -9999.9 1   344.0 0 -9999.9 1
 1999 165  6 14 16 12 16.200  27.45  1010.0 0 -9999.9 1 -9999.9 1    69.6 0   307.5 0   306.5 0   305.1 0   450.4 0   294.4 0   294.6 0   197.5 2   454.7 0 -9999.9 1  -142.9 0 -9999.9 1 -9999.9 1 -9999.9 1 -9999.9 1   341.7 0 -9999.9 1
 1999 165  6 14 16 18 16.300  26.47  1021.6 0 -9999.9 1 -9999.9 1    76.4 0   314.5 0   306.6 0   305.3 0   454.7 0   294.6 0   294.9 0   200.4 0   460.1 0 -9999.9 1  -140.2 0 -9999.9 1 -9999.9 1 -9999.9 1 -9999.9 1   345.8 0 -9999.9 1
 1999 165  6 14 16 21 16.350  25.98  1022.6 0 -9999.9 1 -9999.9 1    83.2 0   314.9 0   306.7 0   305.6 0   458.6 0   294.7 0   295.1 0   206.1 0   460.4 0 -9999.9 1  -143.6 0 -9999.9 1 -9999.9 1 -9999.9 1 -9999.9 1   354.1 0 -9999.9 1
 1999 165  6 14 16 24 16.400  25.51   977.0 0 -9999.9 1 -9999.9 1    98.8 0   314.7 0   306.8 0   305.6 0   456.8 0   294.8 0   295.1 0   202.6 0   440.8 0 -9999.9 1  -142.1 0 -9999.9 1 -9999.9 1 -9999.9 1 -9999.9 1   351.6 0 -9999.9 1
 1999 165  6 14 16 27 16.450  25.04  1061.9 0 -9999.9 1 -9999.9 1   104.6 0   318.5 0   306.9 0   306.0 0   465.3 0   295.0 0   295.4 0   213.9 0   476.6 0 -9999.9 1  -146.8 0 -9999.9 1 -9999.9 1 -9999.9 1 -9999.9 1   350.0 0 -9999.9 1
 1999 165  6 14 16 33 16.550  24.12  1068.2 0 -9999.9 1 -9999.9 1    96.8 0   316.6 0   306.9 0   306.0 0   460.7 0   295.1 0   295.4 0   220.7 0   477.4 0 -9999.9 1  -144.1 0 -9999.9 1 -9999.9 1 -9999.9 1 -9999.9 1     8.6 0 -9999.9 1
 1999 165  6 14 16 36 16.600  23.67   983.1 0 -9999.9 1 -9999.9 1   118.1 0   321.8 0   307.1 0   305.9 0   454.3 0   295.2 0   295.5 0   208.8 0   439.4 0 -9999.9 1  -132.5 0 -9999.9 1 -9999.9 1 -9999.9 1 -9999.9 1     7.7 0 -9999.9 1
 1999 165  6 14 16 39 16.650  23.23  1069.2 0 -9999.9 1 -9999.9 1   170.0 0   324.1 0   307.1 0   306.0 0   459.6 0   295.2 0   295.6 0   220.4 0   472.6 0 -9999.9 1  -135.6 0 -9999.9 1 -9999.9 1 -9999.9 1 -9999.9 1   350.1 0 -9999.9 1
 1999 165  6 14 16 42 16.700  22.79   874.8 0 -9999.9 1 -9999.9 1   205.5 0   325.4 0   307.1 0   305.6 0   450.6 0   295.2 0   295.4 0   195.1 0   397.5 0 -9999.9 1  -125.2 0 -9999.9 1 -9999.9 1 -9999.9 1 -9999.9 1   354.5 0 -9999.9 1
 1999 165  6 14 16 48 16.800  21.96  1074.3 0 -9999.9 1 -9999.9 1   244.8 0   338.7 0   307.3 0   306.5 0   464.8 0   295.4 0   295.8 0   219.2 0   474.1 0 -9999.9 1  -126.2 0 -9999.9 1 -9999.9 1 -9999.9 1 -9999.9 1   358.9 0 -9999.9 1
 1999 165  6 14 16 51 16.850  21.56   298.8 0 -9999.9 1 -9999.9 1   230.1 0   339.6 0   307.3 0   304.9 0   429.4 0   295.3 0   295.2 0   106.4 0   136.4 0 -9999.9 1   -89.7 0 -9999.9 1 -9999.9 1 -9999.9 1 -9999.9 1   349.7 0 -9999.9 1
 1999 165  6 14 16 54 16.900  21.17   688.2 0 -9999.9 1 -9999.9 1   227.5 0   337.5 0   306.9 0   304.8 0   435.8 0   294.9 0   295.0 0   160.9 0   314.5 0 -9999.9 1   -98.3 0 -9999.9 1 -9999.9 1 -9999.9 1 -9999.9 1   358.0 0 -9999.9 1
 1999 165  6 14 16 57 16.950  20.79  1135.2 0 -9999.9 1 -9999.9 1   243.8 0   331.0 0   306.9 0   305.6 0   456.5 0   294.9 0   295.2 0   233.2 0   507.6 0 -9999.9 1  -125.5 0 -9999.9 1 -9999.9 1 -9999.9 1 -9999.9 1   354.9 0 -9999.9 1
 1999 165  6 14 17  3 17.050  20.07  1173.4 0 -9999.9 1 -9999.9 1   185.8 0   330.3 0   307.0 0   306.4 0   468.4 0   295.2 0   295.7 0   243.6 0   518.8 0 -9999.9 1  -138.1 0 -9999.9 1 -9999.9 1 -9999.9 1 -9999.9 1     6.8 0 -9999.9 1
 1999 165  6 14 17  6 17.100  19.73  1113.6 0 -9999.9 1 -9999.9 1   159.0 0   325.6 0   307.2 0   306.3 0   463.5 0   295.4 0   295.8 0   235.9 0   495.0 0 -9999.9 1  -137.9 0 -9999.9 1 -9999.9 1 -9999.9 1 -9999.9 1     8.2 0 -9999.9 1
 1999 165  6 14 17  9 17.150  19.40  1155.3 0 -9999.9 1 -9999.9 1   152.7 0   327.8 0   307.3 0   306.1 0   461.4 0   295.4 0   295.8 0   243.6 0   513.6 0 -9999.9 1  -133.5 0 -9999.9 1 -9999.9 1 -9999.9 1 -9999.9 1     2.8 0 -9999.9 1
 1999 165  6 14 17 12 17.200  19.09  1126.7 0 -9999.9 1 -9999.9 1   224.2 0   340.2 0   307.2 0   306.3 0   464.5 0   295.2 0   295.6 0   226.7 0   493.5 0 -9999.9 1  -124.3 0 -9999.9 1 -9999.9 1 -9999.9 1 -9999.9 1     6.9 0 -9999.9 1
 1999 165  6 14 17 18 17.300  18.52   460.7 0 -9999.9 1 -9999.9 1   271.6 0   340.5 0   306.9 0   304.8 0   433.9 0   294.9 0   294.9 0   127.8 0   208.5 0 -9999.9 1   -93.4 0 -9999.9 1 -9999.9 1 -9999.9 1 -9999.9 1     1.2 0 -9999.9 1
 1999 165  6 14 17 21 17.350  18.26  1092.1 0 -9999.9 1 -9999.9 1   229.2 0   335.8 0   306.6 0   304.9 0   451.6 0   294.6 0   294.8 0   220.9 0   488.4 0 -9999.9 1  -115.8 0 -9999.9 1 -9999.9 1 -9999.9 1 -9999.9 1   356.1 0 -9999.9 1
 1999 165  6 14 17 24 17.400  18.02   730.7 0 -9999.9 1 -9999.9 1   165.8 0   319.4 0   306.6 0   305.0 0   446.2 0   294.6 0   294.8 0   181.8 0   334.9 0 -9999.9 1  -126.8 0 -9999.9 1 -9999.9 1 -9999.9 1 -9999.9 1   353.0 0 -9999.9 1
 1999 165  6 14 17 27 17.450  17.80   930.9 0 -9999.9 1 -9999.9 1   145.4 0   314.9 0   306.6 0   305.4 0   454.2 0   294.7 0   295.0 0   214.0 0   422.8 0 -9999.9 1  -139.2 0 -9999.9 1 -9999.9 1 -9999.9 1 -9999.9 1     3.6 0 -9999.9 1
 1999 165  6 14 17 33 17.550  17.42  1111.7 0 -9999.9 1 -9999.9 1    91.5 0   316.1 0   306.7 0   305.4 0   458.2 0   295.0 0   295.4 0   243.0 0   493.8 0 -9999.9 1  -142.1 0 -9999.9 1 -9999.9 1 -9999.9 1 -9999.9 1     0.0 0 -9999.9 1
 1999 165  6 14 17 36 17.600  17.26  1109.5 0 -9999.9 1 -9999.9 1    85.4 0   314.1 0   306.7 0   305.4 0   459.3 0   295.0 0   295.4 0   242.7 0   492.6 0 -9999.9 1  -145.2 0 -9999.9 1 -9999.9 1 -9999.9 1 -9999.9 1   350.5 0 -9999.9 1
 1999 165  6 14 17 39 17.650  17.12  1119.9 0 -9999.9 1 -9999.9 1    96.9 0   318.7 0   306.6 0   305.4 0   461.2 0   295.1 0   295.5 0   249.2 0   497.1 0 -9999.9 1  -142.6 0 -9999.9 1 -9999.9 1 -9999.9 1 -9999.9 1     5.3 0 -9999.9 1
 1999 165  6 14 17 42 17.700  17.01  1026.8 0 -9999.9 1 -9999.9 1   140.4 0   317.0 0   306.3 0   305.4 0   459.1 0   294.8 0   295.2 0   232.5 0   450.6 0 -9999.9 1  -142.1 0 -9999.9 1 -9999.9 1 -9999.9 1 -9999.9 1     9.5 0 -9999.9 1
 1999 165  6 14 17 48 17.800  16.85  1136.7 0 -9999.9 1 -9999.9 1   102.3 0   311.9 0   306.2 0   305.1 0   460.0 0   294.7 0   295.1 0   247.9 0   504.5 0 -9999.9 1  -148.1 0 -9999.9 1 -9999.9 1 -9999.9 1 -9999.9 1   354.7 0 -9999.9 1
 1999 165  6 14 17 51 17.850  16.80  1147.0 0 -9999.9 1 -9999.9 1   111.4 0   311.3 0   306.1 0   305.1 0   459.6 0   294.7 0   295.1 0   254.1 2   509.2 0 -9999.9 1  -148.2 0 -9999.9 1 -9999.9 1 -9999.9 1 -9999.9 1   355.4 0 -9999.9 1
 1999 165  6 14 17 54 17.900  16.78  1177.4 0 -9999.9 1 -9999.9 1   138.8 0   316.9 0   306.1 0   305.1 0   462.4 0   294.7 0   295.1 0   256.9 2   523.4 0 -9999.9 1  -145.4 0 -9999.9 1 -9999.9 1 -9999.9 1 -9999.9 1   358.5 0 -9999.9 1
 1999 165  6 14 17 57 17.950  16.78  1177.6 0 -9999.9 1 -9999.9 1   138.3 0   317.9 0   306.1 0   305.3 0   464.9 0   294.8 0   295.3 0   255.7 2   523.1 0 -9999.9 1  -146.9 0 -9999.9 1 -9999.9 1 -9999.9 1 -9999.9 1     8.4 0 -9999.9 1
 1999 165  6 14 18  3 18.050  16.86  1190.4 0 -9999.9 1 -9999.9 1   170.3 0   319.1 0   306.3 0   305.4 0   463.6 0   295.0 0   295.4 0   256.0 2   528.5 0 -9999.9 1  -144.5 0 -9999.9 1 -9999.9 1 -9999.9 1 -9999.9 1     6.5 0 -9999.9 1
 1999 165  6 14 18  6 18.100  16.93   501.6 0 -9999.9 1 -9999.9 1   222.5 0   318.6 0   306.3 0   304.4 0   436.4 0   295.0 0   295.1 0   150.4 2   230.4 0 -9999.9 1  -117.9 0 -9999.9 1 -9999.9 1 -9999.9 1 -9999.9 1     5.8 0 -9999.9 1
 1999 165  6 14 18  9 18.150  17.03  1191.8 0 -9999.9 1 -9999.9 1   165.5 0   323.2 0   306.2 0   305.1 0   459.0 0   294.8 0   295.2 0   251.2 2   528.5 0 -9999.9 1  -135.8 0 -9999.9 1 -9999.9 1 -9999.9 1 -9999.9 1     2.3 0 -9999.9 1
 1999 165  6 14 18 12 18.200  17.15   714.5 0 -9999.9 1 -9999.9 1   221.6 0   320.9 0   306.3 0   304.8 0   447.4 0   294.9 0   295.1 0   181.6 2   324.4 0 -9999.9 1  -126.5 0 -9999.9 1 -9999.9 1 -9999.9 1 -9999.9 1     5.4 0 -9999.9 1
 1999 165  6 14 18 18 18.300  17.46  1136.9 0 -9999.9 1 -9999.9 1   118.0 0   316.0 0   306.1 0   304.9 0   457.2 0   294.7 0   295.0 0   245.1 2   505.7 0 -9999.9 1  -141.2 0 -9999.9 1 -9999.9 1 -9999.9 1 -9999.9 1     2.9 0 -9999.9 1
 1999 165  6 14 18 21 18.350  17.64   670.4 0 -9999.9 1 -9999.9 1   197.9 0   320.3 0   306.3 0   304.7 0   447.8 0   294.9 0   295.1 0   174.1 0   297.6 0 -9999.9 1  -127.5 0 -9999.9 1 -9999.9 1 -9999.9 1 -9999.9 1   358.1 0 -9999.9 1
 1999 165  6 14 18 24 18.400  17.85   717.4 0 -9999.9 1 -9999.9 1   161.8 0   322.2 0   306.1 0   304.0 0   439.2 0   294.7 0   294.8 0   180.8 0   329.0 0 -9999.9 1  -117.0 0 -9999.9 1 -9999.9 1 -9999.9 1 -9999.9 1     5.7 0 -9999.9 1
 1999 165  6 14 18 27 18.450  18.07  1136.7 0 -9999.9 1 -9999.9 1   124.6 0   321.2 0   306.1 0   305.0 0   461.4 0   294.8 0   295.2 0   250.6 0   505.9 0 -9999.9 1  -140.2 0 -9999.9 1 -9999.9 1 -9999.9 1 -9999.9 1     8.6 0 -9999.9 1
 1999 165  6 14 18 33 18.550  18.58  1157.1 0 -9999.9 1 -9999.9 1   142.2 0   324.3 0   306.4 0   305.4 0   465.8 0   295.2 0   295.6 0   249.2 0   514.3 0 -9999.9 1  -141.5 0 -9999.9 1 -9999.9 1 -9999.9 1 -9999.9 1     1.5 0 -9999.9 1
 1999 165  6 14 18 36 18.600  18.86  1185.5 0 -9999.9 1 -9999.9 1   171.2 0   326.1 0   306.4 0   305.5 0   465.8 0   295.3 0   295.6 0   250.0 0   525.8 0 -9999.9 1  -139.7 0 -9999.9 1 -9999.9 1 -9999.9 1 -9999.9 1   352.6 0 -9999.9 1
 1999 165  6 14 18 39 18.650  19.16  1186.8 0 -9999.9 1 -9999.9 1   177.2 0   326.3 0   306.5 0   305.5 0   467.2 0   295.3 0   295.7 0   248.5 0   525.9 0 -9999.9 1  -140.8 0 -9999.9 1 -9999.9 1 -9999.9 1 -9999.9 1   354.8 0 -9999.9 1
 1999 165  6 14 18 42 18.700  19.47  1153.7 0 -9999.9 1 -9999.9 1   149.7 0   323.5 0   306.6 0   305.8 0   469.4 0   295.5 0   295.9 0   244.5 0   513.9 0 -9999.9 1  -145.9 0 -9999.9 1 -9999.9 1 -9999.9 1 -9999.9 1   358.9 0 -9999.9 1
 1999 165  6 14 18 48 18.800  20.14  1165.1 0 -9999.9 1 -9999.9 1   177.3 0   331.4 0   306.9 0   306.1 0   469.0 0   295.6 0   296.0 0   240.9 0   518.9 0 -9999.9 1  -137.6 0 -9999.9 1 -9999.9 1 -9999.9 1 -9999.9 1     1.2 0 -9999.9 1
 1999 165  6 14 18 51 18.850  20.50   687.7 0 -9999.9 1 -9999.9 1   231.8 0   332.8 0   307.0 0   305.7 0   453.2 0   295.7 0   295.9 0   169.2 0   304.8 0 -9999.9 1  -120.4 0 -9999.9 1 -9999.9 1 -9999.9 1 -9999.9 1     3.5 0 -9999.9 1
 1999 165  6 14 18 54 18.900  20.86  1009.2 0 -9999.9 1 -9999.9 1   205.5 0   336.7 0   307.0 0   305.7 0   455.7 0   295.6 0   295.8 0   212.2 0   457.3 0 -9999.9 1  -119.0 0 -9999.9 1 -9999.9 1 -9999.9 1 -9999.9 1     3.3 0 -9999.9 1
 1999 165  6 14 18 57 18.950  21.25   843.4 0 -9999.9 1 -9999.9 1   264.7 0   334.4 0   307.1 0   306.0 0   459.2 0   295.6 0   295.9 0   189.1 0   373.2 0 -9999.9 1  -124.8 0 -9999.9 1 -9999.9 1 -9999.9 1 -9999.9 1   359.3 0 -9999.9 1
 1999 165  6 14 19  3 19.050  22.04   766.7 0 -9999.9 1 -9999.9 1   283.7 0   350.7 0   306.8 0   305.3 0   450.5 0   295.1 0   295.3 0   158.0 0   335.7 0 -9999.9 1   -99.8 0 -9999.9 1 -9999.9 1 -9999.9 1 -9999.9 1   353.7 0 -9999.9 1
 1999 165  6 14 19  6 19.100  22.46   440.4 0 -9999.9 1 -9999.9 1   215.7 0   344.8 0   306.7 0   304.7 0   432.8 0   295.0 0   295.0 0   119.4 0   205.0 0 -9999.9 1   -88.0 0 -9999.9 1 -9999.9 1 -9999.9 1 -9999.9 1   352.8 0 -9999.9 1
 1999 165  6 14 19  9 19.150  22.88  1140.6 0 -9999.9 1 -9999.9 1   172.4 0   336.4 0   306.7 0   306.1 0   470.2 0   295.0 0   295.5 0   222.7 0   508.3 0 -9999.9 1  -133.8 0 -9999.9 1 -9999.9 1 -9999.9 1 -9999.9 1   351.5 0 -9999.9 1
 1999 165  6 14 19 12 19.200  23.32   865.8 0 -9999.9 1 -9999.9 1   209.9 0   337.7 0   306.8 0   305.7 0   458.3 0   295.2 0   295.5 0   179.8 0   381.5 0 -9999.9 1  -120.6 0 -9999.9 1 -9999.9 1 -9999.9 1 -9999.9 1     0.4 0 -9999.9 1
 1999 165  6 14 19 18 19.300  24.21  1088.4 0 -9999.9 1 -9999.9 1   160.8 0   320.6 0   306.5 0   305.3 0   460.9 0   294.9 0   295.3 0   215.8 0   486.9 0 -9999.9 1  -140.3 0 -9999.9 1 -9999.9 1 -9999.9 1 -9999.9 1     0.5 0 -9999.9 1
 1999 165  6 14 19 21 19.350  24.67  1044.3 0 -9999.9 1 -9999.9 1   157.2 0   321.6 0   306.6 0   305.5 0   460.1 0   295.0 0   295.3 0   209.9 0   468.7 0 -9999.9 1  -138.5 0 -9999.9 1 -9999.9 1 -9999.9 1 -9999.9 1   353.1 0 -9999.9 1
 1999 165  6 14 19 24 19.400  25.13  1111.9 0 -9999.9 1 -9999.9 1   171.5 0   325.9 0   306.8 0   305.8 0   466.7 0   295.2 0   295.6 0   215.3 0   497.7 0 -9999.9 1  -140.8 0 -9999.9 1 -9999.9 1 -9999.9 1 -9999.9 1   340.3 0 -9999.9 1
 1999 165  6 14 19 27 19.450  25.60  1127.0 0 -9999.9 1 -9999.9 1   182.4 0   328.9 0   307.0 0   306.2 0   469.7 0   295.4 0   295.8 0   218.3 0   503.8 0 -9999.9 1  -140.8 0 -9999.9 1 -9999.9 1 -9999.9 1 -9999.9 1   354.7 0 -9999.9 1
 1999 165  6 14 19 33 19.550  26.57   769.2 0 -9999.9 1 -9999.9 1   159.5 0   327.3 0   307.0 0   305.1 0   444.3 0   295.4 0   295.5 0   169.7 0   354.1 0 -9999.9 1  -117.0 0 -9999.9 1 -9999.9 1 -9999.9 1 -9999.9 1   359.4 0 -9999.9 1
 1999 165  6 14 19 36 19.600  27.06  1101.7 0 -9999.9 1 -9999.9 1   175.9 0   334.0 0   307.0 0   305.9 0   464.5 0   295.4 0   295.8 0   208.5 0   493.1 0 -9999.9 1  -130.5 0 -9999.9 1 -9999.9 1 -9999.9 1 -9999.9 1   352.4 0 -9999.9 1
 1999 165  6 14 19 39 19.650  27.55  1111.4 0 -9999.9 1 -9999.9 1   194.7 0   339.0 0   307.1 0   306.0 0   467.0 0   295.5 0   295.9 0   205.4 0   495.7 0 -9999.9 1  -128.1 0 -9999.9 1 -9999.9 1 -9999.9 1 -9999.9 1     0.4 0 -9999.9 1
 1999 165  6 14 19 42 19.700  28.05   513.8 0 -9999.9 1 -9999.9 1   216.8 0   336.5 0   307.1 0   305.3 0   443.3 0   295.5 0   295.6 0   128.2 0   229.2 0 -9999.9 1  -106.8 0 -9999.9 1 -9999.9 1 -9999.9 1 -9999.9 1     8.4 0 -9999.9 1
 1999 165  6 14 19 48 19.800  29.07  1005.1 0 -9999.9 1 -9999.9 1   192.5 0   336.2 0   306.9 0   305.8 0   460.0 0   295.3 0   295.7 0   188.7 0   450.1 0 -9999.9 1  -123.8 0 -9999.9 1 -9999.9 1 -9999.9 1 -9999.9 1     5.3 0 -9999.9 1
 1999 165  6 14 19 51 19.850  29.59  1052.2 0 -9999.9 1 -9999.9 1   155.0 0   331.3 0   307.0 0   306.1 0   467.4 0   295.5 0   295.9 0   196.4 0   470.5 0 -9999.9 1  -136.1 0 -9999.9 1 -9999.9 1 -9999.9 1 -9999.9 1   353.4 0 -9999.9 1
 1999 165  6 14 19 54 19.900  30.10  1018.6 0 -9999.9 1 -9999.9 1   134.5 0   325.3 0   307.1 0   306.0 0   463.2 0   295.7 0   296.0 0   192.8 0   457.6 0 -9999.9 1  -137.9 0 -9999.9 1 -9999.9 1 -9999.9 1 -9999.9 1   349.8 0 -9999.9 1
 1999 165  6 14 19 57 19.950  30.63  1030.0 0 -9999.9 1 -9999.9 1   149.6 0   325.7 0   307.3 0   306.5 0   467.8 0   295.8 0   296.2 0   190.9 0   462.9 0 -9999.9 1  -142.2 0 -9999.9 1 -9999.9 1 -9999.9 1 -9999.9 1     4.8 0 -9999.9 1
 1999 165  6 14 20  3 20.050  31.68   980.7 0 -9999.9 1 -9999.9 1   144.1 0   316.6 0   307.2 0   306.3 0   465.1 0   295.7 0   296.1 0   178.2 0   439.8 0 -9999.9 1  -148.4 0 -9999.9 1 -9999.9 1 -9999.9 1 -9999.9 1   356.2 0 -9999.9 1
 1999 165  6 14 20  6 20.100  32.21   893.9 0 -9999.9 1 -9999.9 1   149.6 0   318.8 0   307.2 0   306.0 0   456.7 0   295.6 0   295.9 0   167.1 0   409.0 0 -9999.9 1  -137.9 0 -9999.9 1 -9999.9 1 -9999.9 1 -9999.9 1     1.6 0 -9999.9 1
 1999 165  6 14 20  9 20.150  32.75  1007.0 0 -9999.9 1 -9999.9 1   135.8 0   324.8 0   307.3 0   306.2 0   464.8 0   295.7 0   296.0 0   175.7 0   452.9 0 -9999.9 1  -140.0 0 -9999.9 1 -9999.9 1 -9999.9 1 -9999.9 1     0.7 0 -9999.9 1
 1999 165  6 14 20 12 20.200  33.29   848.9 0 -9999.9 1 -9999.9 1   175.5 0   322.6 0   307.2 0   305.9 0   457.2 0   295.5 0   295.8 0   154.7 2   378.3 0 -9999.9 1  -134.6 0 -9999.9 1 -9999.9 1 -9999.9 1 -9999.9 1     4.7 0 -9999.9 1
 1999 165  6 14 20 18 20.300  34.37   672.6 0 -9999.9 1 -9999.9 1   175.4 0   321.6 0   307.0 0   305.0 0   440.9 0   295.0 0   295.2 0   131.8 0   308.9 0 -9999.9 1  -119.3 0 -9999.9 1 -9999.9 1 -9999.9 1 -9999.9 1     7.8 0 -9999.9 1
 1999 165  6 14 20 21 20.350  34.92   668.4 0 -9999.9 1 -9999.9 1   137.7 0   316.0 0   307.1 0   305.3 0   442.4 0   295.1 0   295.3 0   134.5 0   309.8 0 -9999.9 1  -126.4 0 -9999.9 1 -9999.9 1 -9999.9 1 -9999.9 1     3.9 0 -9999.9 1
 1999 165  6 14 20 24 20.400  35.47   956.4 0 -9999.9 1 -9999.9 1   125.4 0   313.3 0   307.0 0   305.8 0   456.6 0   295.1 0   295.4 0   160.5 0   431.2 0 -9999.9 1  -143.4 0 -9999.9 1 -9999.9 1 -9999.9 1 -9999.9 1   348.0 0 -9999.9 1
 1999 165  6 14 20 27 20.450  36.02   945.9 0 -9999.9 1 -9999.9 1   123.2 0   315.9 0   307.1 0   305.9 0   457.8 0   295.2 0   295.5 0   158.3 0   427.2 0 -9999.9 1  -141.9 0 -9999.9 1 -9999.9 1 -9999.9 1 -9999.9 1   355.7 0 -9999.9 1
 1999 165  6 14 20 33 20.550  37.12   979.8 0 -9999.9 1 -9999.9 1   171.5 0   332.8 0   307.4 0   306.1 0   458.1 0   295.5 0   295.9 0   153.6 0   438.9 0 -9999.9 1  -125.3 0 -9999.9 1 -9999.9 1 -9999.9 1 -9999.9 1   354.1 0 -9999.9 1
 1999 165  6 14 20 36 20.600  37.68   828.5 0 -9999.9 1 -9999.9 1   160.9 0   321.7 0   307.5 0   306.1 0   456.0 0   295.6 0   295.9 0   139.1 0   371.4 0 -9999.9 1  -134.4 0 -9999.9 1 -9999.9 1 -9999.9 1 -9999.9 1   353.9 0 -9999.9 1
 1999 165  6 14 20 39 20.650  38.23   820.5 0 -9999.9 1 -9999.9 1   146.8 0   320.4 0   307.5 0   306.1 0   452.4 0   295.6 0   295.9 0   134.6 0   377.0 0 -9999.9 1  -132.0 0 -9999.9 1 -9999.9 1 -9999.9 1 -9999.9 1   349.7 0 -9999.9 1
 1999 165  6 14 20 42 20.700  38.79   939.3 0 -9999.9 1 -9999.9 1   156.7 0   325.3 0   307.7 0   306.6 0   460.6 0   295.7 0   296.1 0   141.4 0   422.5 0 -9999.9 1  -135.3 0 -9999.9 1 -9999.9 1 -9999.9 1 -9999.9 1   339.5 0 -9999.9 1
 1999 165  6 14 20 48 20.800  39.91   745.6 0 -9999.9 1 -9999.9 1   247.4 0   339.5 0   307.5 0   305.7 0   447.0 0   295.6 0   295.7 0   114.2 0   341.5 0 -9999.9 1  -107.6 0 -9999.9 1 -9999.9 1 -9999.9 1 -9999.9 1   355.0 0 -9999.9 1
 1999 165  6 14 20 51 20.850  40.48   933.0 0 -9999.9 1 -9999.9 1   205.9 0   340.8 0   307.5 0   306.1 0   456.6 0   295.5 0   295.9 0   128.7 0   420.1 0 -9999.9 1  -115.8 0 -9999.9 1 -9999.9 1 -9999.9 1 -9999.9 1   355.1 0 -9999.9 1
 1999 165  6 14 20 54 20.900  41.04   952.2 0 -9999.9 1 -9999.9 1   211.4 0   342.1 0   307.6 0   306.5 0   461.0 0   295.6 0   296.0 0   132.1 0   427.2 0 -9999.9 1  -119.0 0 -9999.9 1 -9999.9 1 -9999.9 1 -9999.9 1   356.1 0 -9999.9 1
 1999 165  6 14 20 57 20.950  41.61   611.7 0 -9999.9 1 -9999.9 1   224.1 0   333.3 0   307.5 0   306.1 0   447.9 0   295.6 0   295.8 0   104.6 0   279.1 0 -9999.9 1  -114.5 0 -9999.9 1 -9999.9 1 -9999.9 1 -9999.9 1     0.9 0 -9999.9 1
 1999 165  6 14 21  3 21.050  42.74   879.9 0 -9999.9 1 -9999.9 1   157.9 0   324.3 0   307.6 0   306.1 0   454.4 0   295.6 0   295.9 0   120.4 0   396.7 0 -9999.9 1  -130.1 0 -9999.9 1 -9999.9 1 -9999.9 1 -9999.9 1   346.0 0 -9999.9 1
 1999 165  6 14 21  6 21.100  43.31   753.8 0 -9999.9 1 -9999.9 1   164.8 0   324.3 0   307.6 0   306.3 0   455.1 0   295.6 0   296.0 0   108.0 0   337.5 0 -9999.9 1  -130.8 0 -9999.9 1 -9999.9 1 -9999.9 1 -9999.9 1   350.4 0 -9999.9 1
 1999 165  6 14 21  9 21.150  43.87   557.9 0 -9999.9 1 -9999.9 1   159.8 0   321.1 0   307.6 0   305.8 0   439.7 0   295.6 0   295.7 0    90.6 0   261.2 0 -9999.9 1  -118.6 0 -9999.9 1 -9999.9 1 -9999.9 1 -9999.9 1   358.9 0 -9999.9 1
 1999 165  6 14 21 12 21.200  44.44   813.2 0 -9999.9 1 -9999.9 1   137.7 0   315.4 0   307.7 0   306.1 0   452.7 0   295.7 0   296.0 0   108.1 0   368.6 0 -9999.9 1  -137.3 0 -9999.9 1 -9999.9 1 -9999.9 1 -9999.9 1   354.2 0 -9999.9 1
 1999 165  6 14 21 18 21.300  45.58   770.3 0 -9999.9 1 -9999.9 1    91.2 0   309.6 0   307.9 0   306.5 0   452.3 0   295.8 0   296.1 0   104.7 0   352.5 0 -9999.9 1  -142.7 0 -9999.9 1 -9999.9 1 -9999.9 1 -9999.9 1     4.6 0 -9999.9 1
 1999 165  6 14 21 21 21.350  46.16   761.9 0 -9999.9 1 -9999.9 1   102.8 0   311.6 0   308.0 0   306.4 0   451.8 0   295.9 0   296.2 0   102.8 0   346.0 0 -9999.9 1  -140.1 0 -9999.9 1 -9999.9 1 -9999.9 1 -9999.9 1     4.6 0 -9999.9 1
 1999 165  6 14 21 24 21.400  46.73   403.0 0 -9999.9 1 -9999.9 1   127.9 0   307.8 0   307.8 0   305.7 0   433.2 0   295.6 0   295.6 0    77.7 0   196.5 0 -9999.9 1  -125.4 0 -9999.9 1 -9999.9 1 -9999.9 1 -9999.9 1     9.6 0 -9999.9 1
 1999 165  6 14 21 27 21.450  47.30   429.4 0 -9999.9 1 -9999.9 1   146.7 0   312.4 0   307.7 0   305.6 0   432.9 0   295.4 0   295.5 0    74.7 0   198.7 0 -9999.9 1  -120.5 0 -9999.9 1 -9999.9 1 -9999.9 1 -9999.9 1     1.9 0 -9999.9 1
 1999 165  6 14 21 33 21.550  48.44   770.1 0 -9999.9 1 -9999.9 1   132.9 0   317.1 0   307.6 0   306.2 0   451.4 0   295.2 0   295.6 0    91.6 0   351.7 0 -9999.9 1  -134.3 0 -9999.9 1 -9999.9 1 -9999.9 1 -9999.9 1   357.5 0 -9999.9 1
 1999 165  6 14 21 36 21.600  49.02   518.7 0 -9999.9 1 -9999.9 1   137.4 0   322.8 0   307.7 0   305.9 0   442.2 0   295.4 0   295.6 0    72.4 0   236.0 0 -9999.9 1  -119.4 0 -9999.9 1 -9999.9 1 -9999.9 1 -9999.9 1   359.6 0 -9999.9 1
 1999 165  6 14 21 39 21.650  49.59   585.2 0 -9999.9 1 -9999.9 1   147.9 0   328.1 0   307.4 0   305.3 0   436.2 0   295.1 0   295.2 0    72.5 0   271.2 0 -9999.9 1  -108.1 0 -9999.9 1 -9999.9 1 -9999.9 1 -9999.9 1   357.9 0 -9999.9 1
 1999 165  6 14 21 42 21.700  50.16   568.2 0 -9999.9 1 -9999.9 1   137.2 0   319.0 0   307.5 0   305.7 0   444.1 0   295.1 0   295.4 0    74.7 0   260.6 0 -9999.9 1  -125.1 0 -9999.9 1 -9999.9 1 -9999.9 1 -9999.9 1     2.0 0 -9999.9 1
 1999 165  6 14 21 48 21.800  51.31   666.0 0 -9999.9 1 -9999.9 1   123.6 0   318.6 0   307.5 0   305.9 0   446.2 0   295.2 0   295.4 0    76.2 0   305.4 0 -9999.9 1  -127.6 0 -9999.9 1 -9999.9 1 -9999.9 1 -9999.9 1     0.8 0 -9999.9 1
 1999 165  6 14 21 51 21.850  51.88   669.9 0 -9999.9 1 -9999.9 1   145.3 0   326.4 0   307.6 0   306.1 0   446.5 0   295.2 0   295.5 0    72.5 0   307.0 0 -9999.9 1  -120.1 0 -9999.9 1 -9999.9 1 -9999.9 1 -9999.9 1     5.7 0 -9999.9 1
 1999 165  6 14 21 54 21.900  52.46   717.8 0 -9999.9 1 -9999.9 1   155.3 0   330.5 0   307.5 0   306.1 0   451.0 0   295.2 0   295.5 0    72.4 0   325.1 0 -9999.9 1  -120.5 0 -9999.9 1 -9999.9 1 -9999.9 1 -9999.9 1   357.6 0 -9999.9 1
 1999 165  6 14 21 57 21.950  53.03   689.1 0 -9999.9 1 -9999.9 1   127.6 0   319.6 0   307.6 0   306.2 0   449.5 0   295.2 0   295.6 0    70.6 0   313.3 0 -9999.9 1  -129.9 0 -9999.9 1 -9999.9 1 -9999.9 1 -9999.9 1   347.6 0 -9999.9 1
 1999 165  6 14 22  3 22.050  54.18   200.0 0 -9999.9 1 -9999.9 1   119.1 0   311.6 0   307.5 0   305.0 0   419.3 0   295.0 0   295.0 0    45.4 2    98.2 0 -9999.9 1  -107.7 0 -9999.9 1 -9999.9 1 -9999.9 1 -9999.9 1   344.2 0 -9999.9 1
 1999 165  6 14 22  6 22.100  54.75   473.7 0 -9999.9 1 -9999.9 1   132.3 0   316.0 0   307.3 0   305.4 0   428.4 0   294.8 0   294.9 0    53.9 0   221.8 0 -9999.9 1  -112.5 0 -9999.9 1 -9999.9 1 -9999.9 1 -9999.9 1   349.1 0 -9999.9 1
 1999 165  6 14 22  9 22.150  55.32   635.4 0 -9999.9 1 -9999.9 1   129.2 0   314.3 0   307.2 0   305.7 0   443.6 0   294.7 0   295.0 0    61.8 2   290.5 0 -9999.9 1  -129.4 0 -9999.9 1 -9999.9 1 -9999.9 1 -9999.9 1   342.8 0 -9999.9 1
 1999 165  6 14 22 12 22.200  55.90   632.7 0 -9999.9 1 -9999.9 1   111.4 0   309.5 0   307.3 0   305.9 0   443.6 0   294.8 0   295.1 0    60.8 2   290.1 0 -9999.9 1  -134.0 0 -9999.9 1 -9999.9 1 -9999.9 1 -9999.9 1   338.6 0 -9999.9 1
 1999 165  6 14 22 18 22.300  57.04   578.0 0 -9999.9 1 -9999.9 1    80.3 0   302.8 0   307.6 0   305.8 0   437.8 0   294.9 0   295.1 0    55.0 2   266.8 0 -9999.9 1  -135.0 0 -9999.9 1 -9999.9 1 -9999.9 1 -9999.9 1   349.1 0 -9999.9 1
 1999 165  6 14 22 21 22.350  57.61   566.6 0 -9999.9 1 -9999.9 1    87.3 0   304.3 0   307.7 0   306.1 0   438.4 0   295.0 0   295.3 0    53.3 0   261.6 0 -9999.9 1  -134.1 0 -9999.9 1 -9999.9 1 -9999.9 1 -9999.9 1   355.4 0 -9999.9 1
 1999 165  6 14 22 24 22.400  58.18   194.2 0 -9999.9 1 -9999.9 1   106.5 0   307.5 0   307.6 0   305.2 0   420.0 0   294.9 0   294.9 0    38.9 2    96.2 0 -9999.9 1  -112.5 0 -9999.9 1 -9999.9 1 -9999.9 1 -9999.9 1   354.2 0 -9999.9 1
 1999 165  6 14 22 27 22.450  58.75   469.6 0 -9999.9 1 -9999.9 1   126.2 0   307.5 0   307.4 0   305.4 0   427.7 0   294.6 0   294.7 0    44.9 2   220.1 0 -9999.9 1  -120.2 0 -9999.9 1 -9999.9 1 -9999.9 1 -9999.9 1   350.9 0 -9999.9 1
 1999 165  6 14 22 33 22.550  59.90   278.0 0 -9999.9 1 -9999.9 1    99.9 0   310.1 0   307.6 0   305.1 0   424.4 0   294.7 0   294.8 0    37.9 0   133.2 0 -9999.9 1  -114.3 0 -9999.9 1 -9999.9 1 -9999.9 1 -9999.9 1     3.3 0 -9999.9 1
 1999 165  6 14 22 36 22.600  60.47   421.5 0 -9999.9 1 -9999.9 1   101.2 0   313.1 0   307.4 0   305.1 0   426.9 0   294.6 0   294.7 0    38.8 0   196.6 0 -9999.9 1  -113.8 0 -9999.9 1 -9999.9 1 -9999.9 1 -9999.9 1   347.7 0 -9999.9 1
 1999 165  6 14 22 39 22.650  61.03   137.8 0 -9999.9 1 -9999.9 1   108.6 0   318.0 0   307.3 0   304.7 0   415.8 0   294.6 0   294.6 0    30.4 0    72.7 0 -9999.9 1   -97.7 0 -9999.9 1 -9999.9 1 -9999.9 1 -9999.9 1   359.9 0 -9999.9 1
 1999 165  6 14 22 42 22.700  61.60   476.0 0 -9999.9 1 -9999.9 1   113.0 0   318.8 0   307.2 0   305.5 0   431.6 0   294.5 0   294.7 0    37.9 0   220.6 0 -9999.9 1  -112.8 0 -9999.9 1 -9999.9 1 -9999.9 1 -9999.9 1     5.0 0 -9999.9 1
 1999 165  6 14 22 48 22.800  62.74   456.1 0 -9999.9 1 -9999.9 1    81.5 0   307.3 0   307.3 0   305.5 0   432.2 0   294.6 0   294.9 0    36.4 0   212.0 0 -9999.9 1  -124.9 0 -9999.9 1 -9999.9 1 -9999.9 1 -9999.9 1   347.9 0 -9999.9 1
 1999 165  6 14 22 51 22.850  63.30   293.7 0 -9999.9 1 -9999.9 1    78.7 0   306.0 0   307.2 0   304.9 0   422.0 0   294.6 0   294.7 0    31.5 0   141.9 0 -9999.9 1  -116.0 0 -9999.9 1 -9999.9 1 -9999.9 1 -9999.9 1   347.8 0 -9999.9 1
 1999 165  6 14 22 54 22.900  63.87   451.8 0 -9999.9 1 -9999.9 1    78.5 0   305.5 0   307.2 0   305.2 0   428.5 0   294.5 0   294.7 0    32.6 0   209.2 0 -9999.9 1  -123.0 0 -9999.9 1 -9999.9 1 -9999.9 1 -9999.9 1   351.1 0 -9999.9 1
 1999 165  6 14 22 57 22.950  64.44   420.9 0 -9999.9 1 -9999.9 1    77.3 0   304.4 0   307.3 0   305.6 0   430.6 0   294.6 0   294.8 0    31.0 0   196.3 0 -9999.9 1  -126.2 0 -9999.9 1 -9999.9 1 -9999.9 1 -9999.9 1   341.4 0 -9999.9 1
 1999 165  6 14 23  3 23.050  65.56   414.9 0 -9999.9 1 -9999.9 1    75.1 0   309.8 0   307.3 0   305.4 0   429.4 0   294.7 0   294.9 0    28.8 0   193.6 0 -9999.9 1  -119.6 0 -9999.9 1 -9999.9 1 -9999.9 1 -9999.9 1   342.7 0 -9999.9 1
 1999 165  6 14 23  6 23.100  66.13   406.8 0 -9999.9 1 -9999.9 1    78.9 0   310.4 0   307.3 0   305.5 0   429.5 0   294.6 0   294.8 0    27.6 0   189.0 0 -9999.9 1  -119.1 0 -9999.9 1 -9999.9 1 -9999.9 1 -9999.9 1   351.6 0 -9999.9 1
 1999 165  6 14 23  9 23.150  66.69   392.6 0 -9999.9 1 -9999.9 1    78.5 0   311.1 0   307.4 0   305.5 0   429.0 0   294.7 0   294.8 0    25.7 0   181.2 0 -9999.9 1  -117.9 0 -9999.9 1 -9999.9 1 -9999.9 1 -9999.9 1   349.0 0 -9999.9 1
 1999 165  6 14 23 12 23.200  67.25   383.5 0 -9999.9 1 -9999.9 1    76.7 0   310.9 0   307.5 0   305.7 0   429.6 0   294.8 0   294.9 0    24.2 0   178.6 0 -9999.9 1  -118.7 0 -9999.9 1 -9999.9 1 -9999.9 1 -9999.9 1   339.8 0 -9999.9 1
 1999 165  6 14 23 18 23.300  68.37   377.3 0 -9999.9 1 -9999.9 1    93.1 0   317.4 0   307.5 0   305.4 0   425.8 0   294.6 0   294.7 0    21.6 0   175.0 0 -9999.9 1  -108.4 0 -9999.9 1 -9999.9 1 -9999.9 1 -9999.9 1   343.0 0 -9999.9 1
 1999 165  6 14 23 21 23.350  68.93   379.9 0 -9999.9 1 -9999.9 1   104.7 0   326.3 0   307.6 0   305.3 0   426.7 0   294.6 0   294.7 0    20.3 0   174.8 0 -9999.9 1  -100.4 0 -9999.9 1 -9999.9 1 -9999.9 1 -9999.9 1   349.4 0 -9999.9 1
 1999 165  6 14 23 24 23.400  69.48   350.8 0 -9999.9 1 -9999.9 1   101.8 0   324.9 0   307.6 0   305.2 0   424.9 0   294.6 0   294.7 0    18.8 0   161.4 0 -9999.9 1  -100.0 0 -9999.9 1 -9999.9 1 -9999.9 1 -9999.9 1     1.2 0 -9999.9 1
 1999 165  6 14 23 27 23.450  70.04   330.4 0 -9999.9 1 -9999.9 1    88.4 0   321.3 0   307.5 0   305.1 0   423.6 0   294.5 0   294.7 0    17.2 0   152.8 0 -9999.9 1  -102.3 0 -9999.9 1 -9999.9 1 -9999.9 1 -9999.9 1     3.4 0 -9999.9 1
 1999 165  6 14 23 33 23.550  71.15   317.6 0 -9999.9 1 -9999.9 1    81.4 0   317.3 0   307.5 0   305.2 0   423.3 0   294.6 0   294.7 0    15.9 0   147.4 0 -9999.9 1  -106.0 0 -9999.9 1 -9999.9 1 -9999.9 1 -9999.9 1     2.6 0 -9999.9 1
 1999 165  6 14 23 36 23.600  71.70   251.6 0 -9999.9 1 -9999.9 1    72.6 0   314.2 0   307.5 0   305.1 0   420.3 0   294.5 0   294.6 0    14.5 0   119.3 0 -9999.9 1  -106.0 0 -9999.9 1 -9999.9 1 -9999.9 1 -9999.9 1     0.7 0 -9999.9 1
 1999 165  6 14 23 39 23.650  72.25   276.3 0 -9999.9 1 -9999.9 1    74.8 0   316.8 0   307.4 0   305.2 0   421.3 0   294.5 0   294.6 0    13.6 0   128.2 0 -9999.9 1  -104.6 0 -9999.9 1 -9999.9 1 -9999.9 1 -9999.9 1   358.0 0 -9999.9 1
 1999 165  6 14 23 42 23.700  72.80   282.0 0 -9999.9 1 -9999.9 1    80.2 0   321.2 0   307.4 0   305.2 0   422.5 0   294.5 0   294.6 0    13.1 0   129.9 0 -9999.9 1  -101.3 0 -9999.9 1 -9999.9 1 -9999.9 1 -9999.9 1   349.8 0 -9999.9 1
 1999 165  6 14 23 48 23.800  73.90   232.0 0 -9999.9 1 -9999.9 1    53.5 0   306.3 0   307.3 0   304.9 0   417.5 0   294.3 0   294.4 0    11.5 0   108.7 0 -9999.9 1  -111.2 0 -9999.9 1 -9999.9 1 -9999.9 1 -9999.9 1   339.3 0 -9999.9 1
 1999 165  6 14 23 51 23.850  74.44   204.1 0 -9999.9 1 -9999.9 1    50.2 0   305.5 0   307.2 0   304.8 0   415.3 0   294.3 0   294.3 0    10.8 0    97.5 0 -9999.9 1  -109.7 0 -9999.9 1 -9999.9 1 -9999.9 1 -9999.9 1   348.1 0 -9999.9 1
 1999 165  6 14 23 54 23.900  74.99   217.3 0 -9999.9 1 -9999.9 1    47.5 0   305.7 0   307.0 0   304.5 0   414.7 0   294.1 0   294.2 0    10.2 0   102.0 0 -9999.9 1  -109.0 0 -9999.9 1 -9999.9 1 -9999.9 1 -9999.9 1   354.2 0 -9999.9 1
 1999 165  6 14 23 57 23.950  75.53   211.0 0 -9999.9 1 -9999.9 1    45.9 0   304.6 0   306.9 0   304.6 0   414.5 0   294.0 0   294.1 0     9.5 0    99.1 0 -9999.9 1  -109.9 0 -9999.9 1 -9999.9 1 -9999.9 1 -9999.9 1   349.3 0 -9999.9 1
