 Bondville
   40.05  -88.37  213 m version 1
 1999 190  7  9  0  3  0.050  76.26   177.6 0 -9999.9 1 -9999.9 1 -9999.9 1   344.5 0   317.5 0   315.3 0   438.7 0   299.7 0   299.7 0     9.0 0    81.6 0 -9999.9 1   -94.2 0 -9999.9 1 -9999.9 1 -9999.9 1 -9999.9 1   199.8 0 -9999.9 1
 1999 190  7  9  0  6  0.100  76.80   170.2 0 -9999.9 1 -9999.9 1 -9999.9 1   343.2 0   317.4 0   315.2 0   438.2 0   299.6 0   299.6 0     8.3 0    78.8 0 -9999.9 1   -95.0 0 -9999.9 1 -9999.9 1 -9999.9 1 -9999.9 1   197.8 0 -9999.9 1
 1999 190  7  9  0  9  0.150  77.34   163.7 0 -9999.9 1 -9999.9 1 -9999.9 1   340.1 0   317.2 0   315.2 0   437.0 0   299.4 0   299.4 0     7.8 0    75.6 0 -9999.9 1   -96.9 0 -9999.9 1 -9999.9 1 -9999.9 1 -9999.9 1   197.1 0 -9999.9 1
 1999 190  7  9  0 12  0.200  77.88   155.5 0 -9999.9 1 -9999.9 1 -9999.9 1   338.7 0   317.1 0   314.9 0   436.2 0   299.2 0   299.2 0     7.3 0    72.2 0 -9999.9 1   -97.5 0 -9999.9 1 -9999.9 1 -9999.9 1 -9999.9 1   199.8 0 -9999.9 1
 1999 190  7  9  0 18  0.300  78.96   137.3 0 -9999.9 1 -9999.9 1 -9999.9 1   335.3 0   316.7 0   314.5 0   433.4 0   298.9 0   298.9 0     6.1 0    63.9 0 -9999.9 1   -98.2 0 -9999.9 1 -9999.9 1 -9999.9 1 -9999.9 1   198.7 0 -9999.9 1
 1999 190  7  9  0 21  0.350  79.49   129.3 0 -9999.9 1 -9999.9 1 -9999.9 1   333.8 0   316.6 0   314.5 0   432.6 0   298.8 0   298.8 0     5.6 0    60.6 0 -9999.9 1   -98.8 0 -9999.9 1 -9999.9 1 -9999.9 1 -9999.9 1   199.5 0 -9999.9 1
 1999 190  7  9  0 24  0.400  80.02   120.9 0 -9999.9 1 -9999.9 1 -9999.9 1   334.2 0   316.5 0   314.5 0   432.1 0   298.7 0   298.7 0     5.2 0    57.0 0 -9999.9 1   -97.9 0 -9999.9 1 -9999.9 1 -9999.9 1 -9999.9 1   202.5 0 -9999.9 1
 1999 190  7  9  0 27  0.450  80.55   111.5 0 -9999.9 1 -9999.9 1 -9999.9 1   333.9 0   316.4 0   314.3 0   431.0 0   298.6 0   298.5 0     4.8 0    53.0 0 -9999.9 1   -97.1 0 -9999.9 1 -9999.9 1 -9999.9 1 -9999.9 1   200.6 0 -9999.9 1
 1999 190  7  9  0 33  0.550  81.61    94.4 0 -9999.9 1 -9999.9 1 -9999.9 1   331.6 0   316.1 0   314.1 0   428.8 0   298.3 0   298.2 0     4.0 2    45.5 0 -9999.9 1   -97.2 0 -9999.9 1 -9999.9 1 -9999.9 1 -9999.9 1   204.8 0 -9999.9 1
 1999 190  7  9  0 36  0.600  82.13    87.6 0 -9999.9 1 -9999.9 1 -9999.9 1   328.1 0   315.9 0   314.0 0   427.5 0   298.1 0   298.0 0     3.6 2    42.2 0 -9999.9 1   -99.4 0 -9999.9 1 -9999.9 1 -9999.9 1 -9999.9 1   206.9 0 -9999.9 1
 1999 190  7  9  0 39  0.650  82.65    79.3 0 -9999.9 1 -9999.9 1 -9999.9 1   327.4 0   315.8 0   313.7 0   426.6 0   298.0 0   297.9 0     3.2 2    38.3 0 -9999.9 1   -99.2 0 -9999.9 1 -9999.9 1 -9999.9 1 -9999.9 1   203.9 0 -9999.9 1
 1999 190  7  9  0 42  0.700  83.17    71.8 0 -9999.9 1 -9999.9 1 -9999.9 1   326.9 0   315.6 0   313.5 0   425.5 0   297.8 0   297.7 0     2.8 2    34.9 0 -9999.9 1   -98.6 0 -9999.9 1 -9999.9 1 -9999.9 1 -9999.9 1   202.5 0 -9999.9 1
 1999 190  7  9  0 48  0.800  84.20    57.2 0 -9999.9 1 -9999.9 1 -9999.9 1   324.6 0   315.3 0   313.2 0   422.6 0   297.5 0   297.3 0     2.3 2    27.8 0 -9999.9 1   -98.0 0 -9999.9 1 -9999.9 1 -9999.9 1 -9999.9 1   204.0 0 -9999.9 1
 1999 190  7  9  0 51  0.850  84.71    50.5 0 -9999.9 1 -9999.9 1 -9999.9 1   324.1 0   315.1 0   312.9 0   422.4 0   297.3 0   297.2 0     1.9 2    24.7 0 -9999.9 1   -98.2 0 -9999.9 1 -9999.9 1 -9999.9 1 -9999.9 1   202.4 0 -9999.9 1
 1999 190  7  9  0 54  0.900  85.21    44.3 0 -9999.9 1 -9999.9 1 -9999.9 1   325.1 0   314.9 0   312.6 0   422.0 0   297.1 0   297.0 0     1.7 2    21.8 0 -9999.9 1   -96.9 0 -9999.9 1 -9999.9 1 -9999.9 1 -9999.9 1   202.2 0 -9999.9 1
 1999 190  7  9  0 57  0.950  85.71    37.7 0 -9999.9 1 -9999.9 1 -9999.9 1   325.8 0   314.8 0   312.6 0   421.7 0   297.1 0   297.0 0     1.4 2    19.0 0 -9999.9 1   -95.9 0 -9999.9 1 -9999.9 1 -9999.9 1 -9999.9 1   201.9 0 -9999.9 1
 1999 190  7  9  1  3  1.050  86.70    23.5 0 -9999.9 1 -9999.9 1 -9999.9 1   324.9 0   314.5 0   312.2 0   419.7 0   296.9 0   296.8 0     1.0 2    13.6 0 -9999.9 1   -94.9 0 -9999.9 1 -9999.9 1 -9999.9 1 -9999.9 1   200.8 0 -9999.9 1
 1999 190  7  9  1  6  1.100  87.18    17.2 0 -9999.9 1 -9999.9 1 -9999.9 1   323.3 0   314.2 0   312.0 0   418.0 0   296.7 0   296.6 0     0.9 2    11.8 0 -9999.9 1   -94.7 0 -9999.9 1 -9999.9 1 -9999.9 1 -9999.9 1   196.6 0 -9999.9 1
 1999 190  7  9  1  9  1.150  87.65    13.5 0 -9999.9 1 -9999.9 1 -9999.9 1   322.7 0   313.9 0   311.8 0   416.8 0   296.5 0   296.4 0     0.8 2    10.0 0 -9999.9 1   -94.2 0 -9999.9 1 -9999.9 1 -9999.9 1 -9999.9 1   196.4 0 -9999.9 1
 1999 190  7  9  1 12  1.200  88.12    11.1 0 -9999.9 1 -9999.9 1 -9999.9 1   320.4 0   313.6 0   311.5 0   415.5 0   296.4 0   296.2 0     0.7 2     8.3 0 -9999.9 1   -95.1 0 -9999.9 1 -9999.9 1 -9999.9 1 -9999.9 1   196.7 0 -9999.9 1
 1999 190  7  9  1 18  1.300  89.00     6.6 0 -9999.9 1 -9999.9 1 -9999.9 1   321.9 0   313.2 0   310.9 0   414.7 0   296.1 0   295.9 0     0.4 2     5.4 0 -9999.9 1   -92.8 0 -9999.9 1 -9999.9 1 -9999.9 1 -9999.9 1   198.7 0 -9999.9 1
 1999 190  7  9  1 21  1.350  89.41     4.7 0 -9999.9 1 -9999.9 1 -9999.9 1   319.4 0   312.8 0   310.6 0   414.0 0   295.9 0   295.7 0     0.3 2     4.3 0 -9999.9 1   -94.6 0 -9999.9 1 -9999.9 1 -9999.9 1 -9999.9 1   198.9 0 -9999.9 1
 1999 190  7  9  1 24  1.400  89.78     3.2 0 -9999.9 1 -9999.9 1 -9999.9 1   320.4 0   312.5 0   310.1 0   414.5 0   295.7 0   295.5 0     0.3 2     3.3 0 -9999.9 1   -94.1 0 -9999.9 1 -9999.9 1 -9999.9 1 -9999.9 1   200.0 0 -9999.9 1
 1999 190  7  9  1 27  1.450  90.95     1.2 0 -9999.9 1 -9999.9 1 -9999.9 1   319.8 0   312.1 0   309.8 0   413.7 0   295.4 0   295.3 0     0.0 2     2.4 0 -9999.9 1   -93.9 0 -9999.9 1 -9999.9 1 -9999.9 1 -9999.9 1   204.4 0 -9999.9 1
 1999 190  7  9  1 33  1.550  91.93    -1.8 0 -9999.9 1 -9999.9 1 -9999.9 1   318.2 0   311.3 0   309.1 0   411.7 0   295.1 0   294.9 0     0.0 2     1.1 0 -9999.9 1   -93.5 0 -9999.9 1 -9999.9 1 -9999.9 1 -9999.9 1   205.2 0 -9999.9 1
 1999 190  7  9  1 36  1.600  92.42    -2.6 0 -9999.9 1 -9999.9 1 -9999.9 1   315.4 0   311.0 0   308.9 0   410.0 0   294.8 0   294.7 0     0.0 2     0.6 0 -9999.9 1   -94.6 0 -9999.9 1 -9999.9 1 -9999.9 1 -9999.9 1   204.1 0 -9999.9 1
 1999 190  7  9  1 39  1.650  92.90    -2.9 0 -9999.9 1 -9999.9 1 -9999.9 1   316.5 0   310.8 0   308.8 0   409.8 0   294.8 0   294.7 0     0.0 2     0.3 0 -9999.9 1   -93.3 0 -9999.9 1 -9999.9 1 -9999.9 1 -9999.9 1   202.7 0 -9999.9 1
 1999 190  7  9  1 42  1.700  93.38    -3.5 0 -9999.9 1 -9999.9 1 -9999.9 1   314.3 0   310.5 0   308.4 0   409.2 0   294.6 0   294.5 0     0.0 2     0.2 0 -9999.9 1   -95.0 0 -9999.9 1 -9999.9 1 -9999.9 1 -9999.9 1   201.1 0 -9999.9 1
 1999 190  7  9  1 48  1.800  94.34    -3.9 0 -9999.9 1 -9999.9 1 -9999.9 1   317.1 0   310.2 0   308.1 0   410.5 0   294.6 0   294.5 0     0.0 0    -0.1 0 -9999.9 1   -93.4 0 -9999.9 1 -9999.9 1 -9999.9 1 -9999.9 1   199.9 0 -9999.9 1
 1999 190  7  9  1 51  1.850  94.81    -4.0 0 -9999.9 1 -9999.9 1 -9999.9 1   314.7 0   309.8 0   307.8 0   409.3 0   294.4 0   294.3 0     0.0 2    -0.1 0 -9999.9 1   -94.6 0 -9999.9 1 -9999.9 1 -9999.9 1 -9999.9 1   201.2 0 -9999.9 1
 1999 190  7  9  1 54  1.900  95.28    -4.1 0 -9999.9 1 -9999.9 1 -9999.9 1   317.6 0   309.7 0   307.7 0   410.6 0   294.4 0   294.4 0     0.0 0    -0.1 0 -9999.9 1   -93.0 0 -9999.9 1 -9999.9 1 -9999.9 1 -9999.9 1   199.1 0 -9999.9 1
 1999 190  7  9  1 57  1.950  95.75    -4.2 0 -9999.9 1 -9999.9 1 -9999.9 1   321.0 0   309.7 0   307.6 0   411.4 0   294.5 0   294.4 0     0.0 0    -0.1 0 -9999.9 1   -90.4 0 -9999.9 1 -9999.9 1 -9999.9 1 -9999.9 1   200.6 0 -9999.9 1
 1999 190  7  9  2  3  2.050  96.67    -4.4 0 -9999.9 1 -9999.9 1 -9999.9 1   321.8 0   309.3 0   307.3 0   411.6 0   294.5 0   294.4 0     0.0 0    -0.1 0 -9999.9 1   -89.8 0 -9999.9 1 -9999.9 1 -9999.9 1 -9999.9 1   203.5 0 -9999.9 1
 1999 190  7  9  2  6  2.100  97.13    -4.4 0 -9999.9 1 -9999.9 1    -1.1 0   318.1 0   309.0 0   306.9 0   409.9 0   294.2 0   294.1 0     0.0 0    -0.2 0 -9999.9 1   -91.8 0 -9999.9 1 -9999.9 1 -9999.9 1 -9999.9 1   207.3 0 -9999.9 1
 1999 190  7  9  2  9  2.150  97.58    -4.5 0 -9999.9 1 -9999.9 1    -0.7 0   315.9 0   308.6 0   306.6 0   408.6 0   293.9 0   293.8 0     0.0 2    -0.2 0 -9999.9 1   -92.6 0 -9999.9 1 -9999.9 1 -9999.9 1 -9999.9 1   207.7 0 -9999.9 1
 1999 190  7  9  2 12  2.200  98.03    -4.5 0 -9999.9 1 -9999.9 1    -0.8 0   313.6 0   308.3 0   306.3 0   406.9 0   293.6 0   293.5 0     0.0 2    -0.2 0 -9999.9 1   -93.3 0 -9999.9 1 -9999.9 1 -9999.9 1 -9999.9 1   209.0 0 -9999.9 1
 1999 190  7  9  2 18  2.300  98.93    -4.5 0 -9999.9 1 -9999.9 1    -1.0 0   311.8 0   307.9 0   305.9 0   405.9 0   293.4 0   293.3 0     0.0 2    -0.2 0 -9999.9 1   -94.2 0 -9999.9 1 -9999.9 1 -9999.9 1 -9999.9 1   203.7 0 -9999.9 1
 1999 190  7  9  2 21  2.350  99.37    -4.5 0 -9999.9 1 -9999.9 1    -0.9 0   312.1 0   307.7 0   305.7 0   405.9 0   293.3 0   293.2 0     0.0 2    -0.2 0 -9999.9 1   -93.8 0 -9999.9 1 -9999.9 1 -9999.9 1 -9999.9 1   208.4 0 -9999.9 1
 1999 190  7  9  2 24  2.400  99.81    -4.6 0 -9999.9 1 -9999.9 1    -0.6 0   312.1 0   307.5 0   305.6 0   405.8 0   293.2 0   293.1 0     0.0 2    -0.2 0 -9999.9 1   -93.7 0 -9999.9 1 -9999.9 1 -9999.9 1 -9999.9 1   206.8 0 -9999.9 1
 1999 190  7  9  2 27  2.450 100.24    -4.6 0 -9999.9 1 -9999.9 1    -0.5 0   313.8 0   307.5 0   305.5 0   407.0 0   293.2 0   293.1 0     0.0 2    -0.2 0 -9999.9 1   -93.1 0 -9999.9 1 -9999.9 1 -9999.9 1 -9999.9 1   204.6 0 -9999.9 1
 1999 190  7  9  2 33  2.550 101.10    -4.8 0 -9999.9 1 -9999.9 1     0.0 0   312.8 0   307.0 0   305.0 0   407.5 0   293.0 0   293.0 0     0.0 2    -0.2 0 -9999.9 1   -94.7 0 -9999.9 1 -9999.9 1 -9999.9 1 -9999.9 1   201.6 0 -9999.9 1
 1999 190  7  9  2 36  2.600 101.52    -4.9 0 -9999.9 1 -9999.9 1     0.2 0   313.5 0   306.9 0   304.9 0   407.6 0   293.0 0   292.9 0     0.0 2    -0.2 0 -9999.9 1   -94.1 0 -9999.9 1 -9999.9 1 -9999.9 1 -9999.9 1   201.2 0 -9999.9 1
 1999 190  7  9  2 39  2.650 101.94    -5.0 0 -9999.9 1 -9999.9 1     0.6 0   314.0 0   306.7 0   304.7 0   407.8 0   293.0 0   292.9 0     0.0 2    -0.2 0 -9999.9 1   -93.8 0 -9999.9 1 -9999.9 1 -9999.9 1 -9999.9 1   202.6 0 -9999.9 1
 1999 190  7  9  2 42  2.700 102.36    -5.1 0 -9999.9 1 -9999.9 1     0.3 0   312.6 0   306.6 0   304.7 0   407.2 0   293.0 0   292.9 0     0.0 2    -0.2 0 -9999.9 1   -94.6 0 -9999.9 1 -9999.9 1 -9999.9 1 -9999.9 1   201.5 0 -9999.9 1
 1999 190  7  9  2 48  2.800 103.17    -5.0 0 -9999.9 1 -9999.9 1     0.0 0   314.5 0   306.4 0   304.5 0   407.6 0   293.0 0   292.9 0     0.0 2    -0.2 0 -9999.9 1   -93.1 0 -9999.9 1 -9999.9 1 -9999.9 1 -9999.9 1   207.4 0 -9999.9 1
 1999 190  7  9  2 51  2.850 103.58    -5.1 0 -9999.9 1 -9999.9 1     0.3 0   316.4 0   306.4 0   304.5 0   408.9 0   293.1 0   293.1 0     0.0 2    -0.1 0 -9999.9 1   -92.5 0 -9999.9 1 -9999.9 1 -9999.9 1 -9999.9 1   208.5 0 -9999.9 1
 1999 190  7  9  2 54  2.900 103.98    -5.0 0 -9999.9 1 -9999.9 1     0.1 0   318.7 0   306.3 0   304.5 0   409.1 0   293.2 0   293.1 0     0.0 2    -0.1 0 -9999.9 1   -90.4 0 -9999.9 1 -9999.9 1 -9999.9 1 -9999.9 1   215.0 0 -9999.9 1
 1999 190  7  9  2 57  2.950 104.37    -5.0 0 -9999.9 1 -9999.9 1     0.0 0   319.1 0   306.1 0   304.3 0   408.1 0   293.1 0   293.0 0     0.0 2    -0.2 0 -9999.9 1   -89.1 0 -9999.9 1 -9999.9 1 -9999.9 1 -9999.9 1   213.4 0 -9999.9 1
 1999 190  7  9  3  3  3.050 105.15    -4.7 0 -9999.9 1 -9999.9 1    -0.4 0   321.1 0   305.9 0   304.2 0   406.8 0   293.0 0   292.9 0     0.0 2    -0.2 0 -9999.9 1   -85.7 0 -9999.9 1 -9999.9 1 -9999.9 1 -9999.9 1   211.8 0 -9999.9 1
 1999 190  7  9  3  6  3.100 105.53    -4.8 0 -9999.9 1 -9999.9 1    -0.1 0   322.1 0   305.9 0   304.2 0   406.6 0   293.0 0   292.9 0     0.0 2    -0.2 0 -9999.9 1   -84.5 0 -9999.9 1 -9999.9 1 -9999.9 1 -9999.9 1   207.2 0 -9999.9 1
 1999 190  7  9  3  9  3.150 105.91    -4.6 0 -9999.9 1 -9999.9 1    -0.5 0   323.7 0   305.9 0   304.2 0   407.0 0   293.1 0   293.0 0     0.0 0    -0.2 0 -9999.9 1   -83.3 0 -9999.9 1 -9999.9 1 -9999.9 1 -9999.9 1   207.4 0 -9999.9 1
 1999 190  7  9  3 12  3.200 106.28    -4.6 0 -9999.9 1 -9999.9 1    -0.1 0   324.9 0   305.9 0   304.2 0   407.1 0   293.1 0   293.0 0     0.0 0    -0.2 0 -9999.9 1   -82.2 0 -9999.9 1 -9999.9 1 -9999.9 1 -9999.9 1   204.7 0 -9999.9 1
 1999 190  7  9  3 18  3.300 107.01    -4.6 0 -9999.9 1 -9999.9 1     0.2 0   326.3 0   305.9 0   304.1 0   407.7 0   293.1 0   293.0 0     0.0 0    -0.2 0 -9999.9 1   -81.3 0 -9999.9 1 -9999.9 1 -9999.9 1 -9999.9 1   201.7 0 -9999.9 1
 1999 190  7  9  3 21  3.350 107.37    -4.7 0 -9999.9 1 -9999.9 1     0.2 0   325.7 0   305.8 0   304.0 0   407.4 0   293.0 0   292.9 0     0.0 0    -0.2 0 -9999.9 1   -81.7 0 -9999.9 1 -9999.9 1 -9999.9 1 -9999.9 1   202.8 0 -9999.9 1
 1999 190  7  9  3 24  3.400 107.72    -4.6 0 -9999.9 1 -9999.9 1     0.4 0   327.6 0   305.9 0   304.0 0   407.9 0   293.1 0   293.0 0     0.0 0    -0.1 0 -9999.9 1   -80.3 0 -9999.9 1 -9999.9 1 -9999.9 1 -9999.9 1   203.7 0 -9999.9 1
 1999 190  7  9  3 27  3.450 108.07    -4.8 0 -9999.9 1 -9999.9 1     0.3 0   328.6 0   305.8 0   304.0 0   407.8 0   293.0 0   292.9 0     0.0 0    -0.2 0 -9999.9 1   -79.2 0 -9999.9 1 -9999.9 1 -9999.9 1 -9999.9 1   202.1 0 -9999.9 1
 1999 190  7  9  3 33  3.550 108.75    -4.7 0 -9999.9 1 -9999.9 1     0.6 0   327.8 0   305.7 0   303.8 0   407.4 0   292.9 0   292.8 0     0.0 0    -0.1 0 -9999.9 1   -79.6 0 -9999.9 1 -9999.9 1 -9999.9 1 -9999.9 1   198.4 0 -9999.9 1
 1999 190  7  9  3 36  3.600 109.09    -4.8 0 -9999.9 1 -9999.9 1     0.9 0   327.2 0   305.6 0   303.7 0   407.0 0   292.8 0   292.7 0     0.0 0    -0.2 0 -9999.9 1   -79.9 0 -9999.9 1 -9999.9 1 -9999.9 1 -9999.9 1   200.2 0 -9999.9 1
 1999 190  7  9  3 39  3.650 109.41    -4.7 0 -9999.9 1 -9999.9 1     0.9 0   327.0 0   305.5 0   303.6 0   406.7 0   292.7 0   292.6 0     0.0 0    -0.2 0 -9999.9 1   -79.6 0 -9999.9 1 -9999.9 1 -9999.9 1 -9999.9 1   200.3 0 -9999.9 1
 1999 190  7  9  3 42  3.700 109.74    -4.7 0 -9999.9 1 -9999.9 1     0.9 0   327.6 0   305.4 0   303.6 0   406.2 0   292.6 0   292.5 0     0.0 2    -0.2 0 -9999.9 1   -78.6 0 -9999.9 1 -9999.9 1 -9999.9 1 -9999.9 1   200.2 0 -9999.9 1
 1999 190  7  9  3 48  3.800 110.36    -4.7 0 -9999.9 1 -9999.9 1     0.8 0   327.6 0   305.3 0   303.5 0   405.6 0   292.5 0   292.4 0     0.0 2    -0.2 0 -9999.9 1   -78.0 0 -9999.9 1 -9999.9 1 -9999.9 1 -9999.9 1   203.0 0 -9999.9 1
 1999 190  7  9  3 51  3.850 110.67    -4.7 0 -9999.9 1 -9999.9 1     0.7 0   328.1 0   305.2 0   303.4 0   405.4 0   292.4 0   292.4 0     0.0 2    -0.2 0 -9999.9 1   -77.3 0 -9999.9 1 -9999.9 1 -9999.9 1 -9999.9 1   202.6 0 -9999.9 1
 1999 190  7  9  3 54  3.900 110.97    -4.7 0 -9999.9 1 -9999.9 1     0.4 0   328.5 0   305.1 0   303.5 0   405.0 0   292.4 0   292.3 0     0.0 2    -0.2 0 -9999.9 1   -76.5 0 -9999.9 1 -9999.9 1 -9999.9 1 -9999.9 1   207.1 0 -9999.9 1
 1999 190  7  9  3 57  3.950 111.26    -4.6 0 -9999.9 1 -9999.9 1     0.2 0   328.8 0   305.1 0   303.4 0   404.5 0   292.3 0   292.3 0     0.0 2    -0.2 0 -9999.9 1   -75.7 0 -9999.9 1 -9999.9 1 -9999.9 1 -9999.9 1   210.6 0 -9999.9 1
 1999 190  7  9  4  3  4.050 111.84    -4.4 0 -9999.9 1 -9999.9 1     0.0 0   331.7 0   305.2 0   303.5 0   404.9 0   292.4 0   292.3 0     0.0 0    -0.2 0 -9999.9 1   -73.3 0 -9999.9 1 -9999.9 1 -9999.9 1 -9999.9 1   212.9 0 -9999.9 1
 1999 190  7  9  4  6  4.100 112.11    -4.4 0 -9999.9 1 -9999.9 1    -0.1 0   333.0 0   305.2 0   303.6 0   405.2 0   292.4 0   292.4 0     0.0 0    -0.2 0 -9999.9 1   -72.2 0 -9999.9 1 -9999.9 1 -9999.9 1 -9999.9 1   215.8 0 -9999.9 1
 1999 190  7  9  4  9  4.150 112.38    -4.5 0 -9999.9 1 -9999.9 1    -0.1 0   332.6 0   305.0 0   303.3 0   404.6 0   292.2 0   292.2 0     0.0 2    -0.2 0 -9999.9 1   -72.0 0 -9999.9 1 -9999.9 1 -9999.9 1 -9999.9 1   216.2 0 -9999.9 1
 1999 190  7  9  4 12  4.200 112.65    -4.5 0 -9999.9 1 -9999.9 1    -0.1 0   332.0 0   304.9 0   303.3 0   403.7 0   292.1 0   292.0 0     0.0 2    -0.2 0 -9999.9 1   -71.7 0 -9999.9 1 -9999.9 1 -9999.9 1 -9999.9 1   216.6 0 -9999.9 1
 1999 190  7  9  4 18  4.300 113.16    -4.3 0 -9999.9 1 -9999.9 1    -0.5 0   332.0 0   304.9 0   303.3 0   403.7 0   292.1 0   292.0 0     0.0 2    -0.2 0 -9999.9 1   -71.6 0 -9999.9 1 -9999.9 1 -9999.9 1 -9999.9 1   221.9 0 -9999.9 1
 1999 190  7  9  4 21  4.350 113.40    -4.3 0 -9999.9 1 -9999.9 1    -1.0 0   331.5 0   304.9 0   303.3 0   402.9 0   292.0 0   291.9 0     0.0 2    -0.2 0 -9999.9 1   -71.4 0 -9999.9 1 -9999.9 1 -9999.9 1 -9999.9 1   220.7 0 -9999.9 1
 1999 190  7  9  4 24  4.400 113.64    -4.2 0 -9999.9 1 -9999.9 1    -1.4 0   332.7 0   305.0 0   303.4 0   402.8 0   292.0 0   291.9 0     0.0 2    -0.2 0 -9999.9 1   -70.0 0 -9999.9 1 -9999.9 1 -9999.9 1 -9999.9 1   222.5 0 -9999.9 1
 1999 190  7  9  4 27  4.450 113.88    -4.2 0 -9999.9 1 -9999.9 1    -1.4 0   332.5 0   305.0 0   303.4 0   402.1 0   292.0 0   291.9 0     0.0 2    -0.1 0 -9999.9 1   -69.7 0 -9999.9 1 -9999.9 1 -9999.9 1 -9999.9 1   222.5 0 -9999.9 1
 1999 190  7  9  4 33  4.550 114.32    -4.0 0 -9999.9 1 -9999.9 1    -1.3 0   333.5 0   305.1 0   303.5 0   401.9 0   292.0 0   291.9 0     0.0 0    -0.2 0 -9999.9 1   -68.5 0 -9999.9 1 -9999.9 1 -9999.9 1 -9999.9 1   217.5 0 -9999.9 1
 1999 190  7  9  4 36  4.600 114.53    -4.0 0 -9999.9 1 -9999.9 1    -1.3 0   334.1 0   305.2 0   303.6 0   402.1 0   292.0 0   291.9 0     0.0 0    -0.2 0 -9999.9 1   -68.0 0 -9999.9 1 -9999.9 1 -9999.9 1 -9999.9 1   216.5 0 -9999.9 1
 1999 190  7  9  4 39  4.650 114.74    -4.0 0 -9999.9 1 -9999.9 1    -1.3 0   334.4 0   305.3 0   303.7 0   402.0 0   292.0 0   291.9 0     0.0 0    -0.1 0 -9999.9 1   -67.6 0 -9999.9 1 -9999.9 1 -9999.9 1 -9999.9 1   218.4 0 -9999.9 1
 1999 190  7  9  4 42  4.700 114.94    -3.7 0 -9999.9 1 -9999.9 1    -1.5 0   333.2 0   305.2 0   303.7 0   401.6 0   291.9 0   291.8 0     0.0 0    -0.2 0 -9999.9 1   -68.4 0 -9999.9 1 -9999.9 1 -9999.9 1 -9999.9 1   218.7 0 -9999.9 1
 1999 190  7  9  4 48  4.800 115.32    -4.0 0 -9999.9 1 -9999.9 1    -0.9 0   333.7 0   305.2 0   303.5 0   401.9 0   291.7 0   291.6 0     0.0 0    -0.2 0 -9999.9 1   -68.2 0 -9999.9 1 -9999.9 1 -9999.9 1 -9999.9 1   216.9 0 -9999.9 1
 1999 190  7  9  4 51  4.850 115.50    -4.2 0 -9999.9 1 -9999.9 1    -0.6 0   333.3 0   305.2 0   303.4 0   401.9 0   291.5 0   291.5 0     0.0 2    -0.1 0 -9999.9 1   -68.6 0 -9999.9 1 -9999.9 1 -9999.9 1 -9999.9 1   219.3 0 -9999.9 1
 1999 190  7  9  4 54  4.900 115.67    -4.2 0 -9999.9 1 -9999.9 1    -0.7 0   332.0 0   305.1 0   303.4 0   401.5 0   291.4 0   291.3 0     0.0 2    -0.2 0 -9999.9 1   -69.5 0 -9999.9 1 -9999.9 1 -9999.9 1 -9999.9 1   218.7 0 -9999.9 1
 1999 190  7  9  4 57  4.950 115.83    -4.3 0 -9999.9 1 -9999.9 1    -0.6 0   330.7 0   305.1 0   303.3 0   401.2 0   291.3 0   291.3 0     0.0 2    -0.1 0 -9999.9 1   -70.5 0 -9999.9 1 -9999.9 1 -9999.9 1 -9999.9 1   215.6 0 -9999.9 1
 1999 190  7  9  5  3  5.050 116.14    -4.5 0 -9999.9 1 -9999.9 1    -0.2 0   329.6 0   305.0 0   303.1 0   401.1 0   291.2 0   291.1 0     0.0 2    -0.3 0 -9999.9 1   -71.5 0 -9999.9 1 -9999.9 1 -9999.9 1 -9999.9 1   213.0 0 -9999.9 1
 1999 190  7  9  5  6  5.100 116.28    -4.5 0 -9999.9 1 -9999.9 1    -0.2 0   328.8 0   304.9 0   303.1 0   400.8 0   291.1 0   291.1 0     0.0 2    -0.2 0 -9999.9 1   -72.0 0 -9999.9 1 -9999.9 1 -9999.9 1 -9999.9 1   212.9 0 -9999.9 1
 1999 190  7  9  5  9  5.150 116.41    -4.5 0 -9999.9 1 -9999.9 1    -0.2 0   329.0 0   304.9 0   303.1 0   401.1 0   291.2 0   291.1 0     0.0 2    -0.2 0 -9999.9 1   -72.1 0 -9999.9 1 -9999.9 1 -9999.9 1 -9999.9 1   212.9 0 -9999.9 1
 1999 190  7  9  5 12  5.200 116.54    -4.5 0 -9999.9 1 -9999.9 1    -0.2 0   329.4 0   304.9 0   303.1 0   401.3 0   291.2 0   291.1 0     0.0 2    -0.2 0 -9999.9 1   -71.9 0 -9999.9 1 -9999.9 1 -9999.9 1 -9999.9 1   211.3 0 -9999.9 1
 1999 190  7  9  5 18  5.300 116.77    -4.6 0 -9999.9 1 -9999.9 1     0.3 0   329.4 0   304.8 0   303.0 0   402.0 0   291.2 0   291.1 0     0.0 2    -0.2 0 -9999.9 1   -72.6 0 -9999.9 1 -9999.9 1 -9999.9 1 -9999.9 1   212.5 0 -9999.9 1
 1999 190  7  9  5 21  5.350 116.88    -4.7 0 -9999.9 1 -9999.9 1     0.2 0   329.8 0   304.8 0   303.0 0   402.3 0   291.2 0   291.2 0     0.0 2    -0.2 0 -9999.9 1   -72.5 0 -9999.9 1 -9999.9 1 -9999.9 1 -9999.9 1   213.6 0 -9999.9 1
 1999 190  7  9  5 24  5.400 116.98    -4.7 0 -9999.9 1 -9999.9 1     0.1 0   329.8 0   304.8 0   302.9 0   402.4 0   291.2 0   291.2 0     0.0 2    -0.2 0 -9999.9 1   -72.6 0 -9999.9 1 -9999.9 1 -9999.9 1 -9999.9 1   213.9 0 -9999.9 1
 1999 190  7  9  5 27  5.450 117.07    -4.7 0 -9999.9 1 -9999.9 1     0.1 0   328.7 0   304.7 0   302.9 0   402.2 0   291.2 0   291.1 0     0.0 2    -0.2 0 -9999.9 1   -73.4 0 -9999.9 1 -9999.9 1 -9999.9 1 -9999.9 1   213.7 0 -9999.9 1
 1999 190  7  9  5 33  5.550 117.22    -4.8 0 -9999.9 1 -9999.9 1     0.6 0   328.6 0   304.5 0   302.6 0   402.0 0   291.1 0   291.1 0     0.0 2    -0.2 0 -9999.9 1   -73.3 0 -9999.9 1 -9999.9 1 -9999.9 1 -9999.9 1   211.6 0 -9999.9 1
 1999 190  7  9  5 36  5.600 117.29    -4.8 0 -9999.9 1 -9999.9 1     0.5 0   328.8 0   304.5 0   302.6 0   402.6 0   291.1 0   291.1 0     0.0 2    -0.2 0 -9999.9 1   -73.8 0 -9999.9 1 -9999.9 1 -9999.9 1 -9999.9 1   212.5 0 -9999.9 1
 1999 190  7  9  5 39  5.650 117.35    -4.8 0 -9999.9 1 -9999.9 1     0.8 0   329.4 0   304.4 0   302.5 0   402.7 0   291.1 0   291.1 0     0.0 2    -0.2 0 -9999.9 1   -73.3 0 -9999.9 1 -9999.9 1 -9999.9 1 -9999.9 1   211.1 0 -9999.9 1
 1999 190  7  9  5 42  5.700 117.40    -4.7 0 -9999.9 1 -9999.9 1     0.6 0   330.7 0   304.4 0   302.5 0   403.0 0   291.2 0   291.1 0     0.0 2    -0.3 0 -9999.9 1   -72.3 0 -9999.9 1 -9999.9 1 -9999.9 1 -9999.9 1   213.1 0 -9999.9 1
 1999 190  7  9  5 48  5.800 117.48    -4.9 0 -9999.9 1 -9999.9 1     0.8 0   330.4 0   304.2 0   302.3 0   403.6 0   291.2 0   291.2 0     0.0 2    -0.2 0 -9999.9 1   -73.2 0 -9999.9 1 -9999.9 1 -9999.9 1 -9999.9 1   208.1 0 -9999.9 1
 1999 190  7  9  5 51  5.850 117.51    -4.9 0 -9999.9 1 -9999.9 1     1.0 0   331.0 0   304.1 0   302.2 0   403.2 0   291.2 0   291.1 0     0.0 2    -0.2 0 -9999.9 1   -72.3 0 -9999.9 1 -9999.9 1 -9999.9 1 -9999.9 1   210.2 0 -9999.9 1
 1999 190  7  9  5 54  5.900 117.53    -5.0 0 -9999.9 1 -9999.9 1     1.4 0   331.4 0   304.1 0   302.2 0   403.7 0   291.3 0   291.2 0     0.0 2    -0.2 0 -9999.9 1   -72.3 0 -9999.9 1 -9999.9 1 -9999.9 1 -9999.9 1   209.1 0 -9999.9 1
 1999 190  7  9  5 57  5.950 117.54    -5.0 0 -9999.9 1 -9999.9 1     1.6 0   331.5 0   304.0 0   302.0 0   404.2 0   291.3 0   291.2 0     0.0 2    -0.2 0 -9999.9 1   -72.7 0 -9999.9 1 -9999.9 1 -9999.9 1 -9999.9 1   207.7 0 -9999.9 1
 1999 190  7  9  6  3  6.050 117.54    -5.1 0 -9999.9 1 -9999.9 1     1.5 0   327.7 0   303.7 0   301.9 0   404.2 0   291.3 0   291.3 0     0.0 2    -0.2 0 -9999.9 1   -76.5 0 -9999.9 1 -9999.9 1 -9999.9 1 -9999.9 1   204.3 0 -9999.9 1
 1999 190  7  9  6  6  6.100 117.53    -5.0 0 -9999.9 1 -9999.9 1     1.7 0   328.1 0   303.6 0   301.7 0   403.8 0   291.3 0   291.2 0     0.0 2    -0.2 0 -9999.9 1   -75.7 0 -9999.9 1 -9999.9 1 -9999.9 1 -9999.9 1   209.9 0 -9999.9 1
 1999 190  7  9  6  9  6.150 117.51    -5.1 0 -9999.9 1 -9999.9 1     1.8 0   330.6 0   303.6 0   301.7 0   405.1 0   291.5 0   291.4 0     0.0 2    -0.2 0 -9999.9 1   -74.6 0 -9999.9 1 -9999.9 1 -9999.9 1 -9999.9 1   209.6 0 -9999.9 1
 1999 190  7  9  6 12  6.200 117.48    -5.1 0 -9999.9 1 -9999.9 1     1.6 0   332.4 0   303.7 0   301.9 0   406.1 0   291.6 0   291.6 0     0.0 0    -0.3 0 -9999.9 1   -73.7 0 -9999.9 1 -9999.9 1 -9999.9 1 -9999.9 1   206.7 0 -9999.9 1
 1999 190  7  9  6 18  6.300 117.41    -5.1 0 -9999.9 1 -9999.9 1     1.8 0   333.0 0   303.6 0   301.7 0   406.3 0   291.7 0   291.7 0     0.0 0    -0.3 0 -9999.9 1   -73.4 0 -9999.9 1 -9999.9 1 -9999.9 1 -9999.9 1   205.1 0 -9999.9 1
 1999 190  7  9  6 21  6.350 117.36    -5.0 0 -9999.9 1 -9999.9 1     2.1 0   332.7 0   303.5 0   301.7 0   406.3 0   291.8 0   291.7 0     0.0 0    -0.2 0 -9999.9 1   -73.6 0 -9999.9 1 -9999.9 1 -9999.9 1 -9999.9 1   204.4 0 -9999.9 1
 1999 190  7  9  6 24  6.400 117.30    -5.1 0 -9999.9 1 -9999.9 1     2.1 0   333.0 0   303.5 0   301.7 0   406.8 0   291.8 0   291.8 0     0.0 0    -0.2 0 -9999.9 1   -73.8 0 -9999.9 1 -9999.9 1 -9999.9 1 -9999.9 1   205.5 0 -9999.9 1
 1999 190  7  9  6 27  6.450 117.23    -5.0 0 -9999.9 1 -9999.9 1     2.0 0   332.6 0   303.5 0   301.7 0   407.1 0   291.9 0   291.8 0     0.0 0    -0.2 0 -9999.9 1   -74.5 0 -9999.9 1 -9999.9 1 -9999.9 1 -9999.9 1   208.9 0 -9999.9 1
 1999 190  7  9  6 33  6.550 117.08    -5.1 0 -9999.9 1 -9999.9 1     2.0 0   330.4 0   303.1 0   301.2 0   406.6 0   291.7 0   291.6 0     0.0 0    -0.2 0 -9999.9 1   -76.2 0 -9999.9 1 -9999.9 1 -9999.9 1 -9999.9 1   208.0 0 -9999.9 1
 1999 190  7  9  6 36  6.600 116.99    -5.2 0 -9999.9 1 -9999.9 1     2.1 0   328.7 0   303.0 0   301.2 0   405.9 0   291.6 0   291.6 0     0.0 2    -0.2 0 -9999.9 1   -77.2 0 -9999.9 1 -9999.9 1 -9999.9 1 -9999.9 1   210.3 0 -9999.9 1
 1999 190  7  9  6 39  6.650 116.89    -5.2 0 -9999.9 1 -9999.9 1     1.7 0   329.8 0   302.9 0   301.1 0   406.5 0   291.7 0   291.7 0     0.0 2    -0.1 0 -9999.9 1   -76.6 0 -9999.9 1 -9999.9 1 -9999.9 1 -9999.9 1   212.9 0 -9999.9 1
 1999 190  7  9  6 42  6.700 116.79    -5.4 0 -9999.9 1 -9999.9 1     1.8 0   332.5 0   303.0 0   301.2 0   407.7 0   291.9 0   291.9 0     0.0 0    -0.1 0 -9999.9 1   -75.2 0 -9999.9 1 -9999.9 1 -9999.9 1 -9999.9 1   215.3 0 -9999.9 1
 1999 190  7  9  6 48  6.800 116.56    -5.2 0 -9999.9 1 -9999.9 1     1.6 0   336.8 0   303.2 0   301.4 0   409.8 0   292.2 0   292.2 0     0.0 0    -0.2 0 -9999.9 1   -73.0 0 -9999.9 1 -9999.9 1 -9999.9 1 -9999.9 1   215.5 0 -9999.9 1
 1999 190  7  9  6 51  6.850 116.43    -5.2 0 -9999.9 1 -9999.9 1     1.2 0   338.7 0   303.2 0   301.4 0   410.4 0   292.4 0   292.4 0     0.0 0    -0.2 0 -9999.9 1   -71.7 0 -9999.9 1 -9999.9 1 -9999.9 1 -9999.9 1   216.9 0 -9999.9 1
 1999 190  7  9  6 54  6.900 116.30    -5.2 0 -9999.9 1 -9999.9 1     1.0 0   339.4 0   303.1 0   301.4 0   409.7 0   292.4 0   292.3 0     0.0 0    -0.3 0 -9999.9 1   -70.3 0 -9999.9 1 -9999.9 1 -9999.9 1 -9999.9 1   221.0 0 -9999.9 1
 1999 190  7  9  6 57  6.950 116.15    -5.1 0 -9999.9 1 -9999.9 1     0.9 0   337.6 0   303.0 0   301.3 0   409.1 0   292.3 0   292.2 0     0.0 0    -0.2 0 -9999.9 1   -71.4 0 -9999.9 1 -9999.9 1 -9999.9 1 -9999.9 1   217.4 0 -9999.9 1
 1999 190  7  9  7  3  7.050 115.85    -5.3 0 -9999.9 1 -9999.9 1     0.8 0   336.6 0   302.8 0   301.1 0   408.7 0   292.2 0   292.2 0     0.0 0    -0.1 0 -9999.9 1   -72.1 0 -9999.9 1 -9999.9 1 -9999.9 1 -9999.9 1   220.5 0 -9999.9 1
 1999 190  7  9  7  6  7.100 115.69    -5.1 0 -9999.9 1 -9999.9 1     0.8 0   337.4 0   302.8 0   301.1 0   409.0 0   292.3 0   292.2 0     0.0 0    -0.2 0 -9999.9 1   -71.6 0 -9999.9 1 -9999.9 1 -9999.9 1 -9999.9 1   225.0 0 -9999.9 1
 1999 190  7  9  7  9  7.150 115.52    -5.1 0 -9999.9 1 -9999.9 1     0.7 0   338.2 0   302.8 0   301.2 0   409.2 0   292.3 0   292.3 0     0.0 0    -0.2 0 -9999.9 1   -71.0 0 -9999.9 1 -9999.9 1 -9999.9 1 -9999.9 1   226.6 0 -9999.9 1
 1999 190  7  9  7 12  7.200 115.34    -5.1 0 -9999.9 1 -9999.9 1     0.2 0   340.6 0   302.9 0   301.2 0   409.6 0   292.4 0   292.4 0     0.0 0    -0.1 0 -9999.9 1   -69.0 0 -9999.9 1 -9999.9 1 -9999.9 1 -9999.9 1   226.7 0 -9999.9 1
 1999 190  7  9  7 18  7.300 114.96    -5.2 0 -9999.9 1 -9999.9 1     0.2 0   340.7 0   302.8 0   301.1 0   409.4 0   292.4 0   292.4 0     0.0 0    -0.2 0 -9999.9 1   -68.7 0 -9999.9 1 -9999.9 1 -9999.9 1 -9999.9 1   230.0 0 -9999.9 1
 1999 190  7  9  7 21  7.350 114.76    -5.3 0 -9999.9 1 -9999.9 1     0.2 0   340.5 0   302.8 0   301.0 0   409.6 0   292.4 0   292.4 0     0.0 2    -0.1 0 -9999.9 1   -69.1 0 -9999.9 1 -9999.9 1 -9999.9 1 -9999.9 1   231.4 0 -9999.9 1
 1999 190  7  9  7 24  7.400 114.56    -5.4 0 -9999.9 1 -9999.9 1     0.4 0   340.4 0   302.8 0   301.0 0   409.3 0   292.4 0   292.4 0     0.0 2    -0.2 0 -9999.9 1   -68.9 0 -9999.9 1 -9999.9 1 -9999.9 1 -9999.9 1   230.3 0 -9999.9 1
 1999 190  7  9  7 27  7.450 114.35    -5.3 0 -9999.9 1 -9999.9 1     0.7 0   341.2 0   302.7 0   301.0 0   408.5 0   292.4 0   292.4 0     0.0 2    -0.1 0 -9999.9 1   -67.3 0 -9999.9 1 -9999.9 1 -9999.9 1 -9999.9 1   230.8 0 -9999.9 1
 1999 190  7  9  7 33  7.550 113.90    -5.2 0 -9999.9 1 -9999.9 1    -0.2 0   341.1 0   302.6 0   300.9 0   408.1 0   292.3 0   292.3 0     0.0 2    -0.2 0 -9999.9 1   -67.0 0 -9999.9 1 -9999.9 1 -9999.9 1 -9999.9 1   229.5 0 -9999.9 1
 1999 190  7  9  7 36  7.600 113.67    -5.1 0 -9999.9 1 -9999.9 1    -0.1 0   340.1 0   302.6 0   301.0 0   407.6 0   292.3 0   292.3 0     0.0 2    -0.1 0 -9999.9 1   -67.5 0 -9999.9 1 -9999.9 1 -9999.9 1 -9999.9 1   227.8 0 -9999.9 1
 1999 190  7  9  7 39  7.650 113.43    -5.1 0 -9999.9 1 -9999.9 1    -0.2 0   339.8 0   302.6 0   300.9 0   407.6 0   292.3 0   292.3 0     0.0 2    -0.1 0 -9999.9 1   -67.8 0 -9999.9 1 -9999.9 1 -9999.9 1 -9999.9 1   229.0 0 -9999.9 1
 1999 190  7  9  7 42  7.700 113.19    -5.0 0 -9999.9 1 -9999.9 1    -0.1 0   340.3 0   302.7 0   300.9 0   407.5 0   292.3 0   292.3 0     0.0 2    -0.2 0 -9999.9 1   -67.2 0 -9999.9 1 -9999.9 1 -9999.9 1 -9999.9 1   231.9 0 -9999.9 1
 1999 190  7  9  7 48  7.800 112.68    -4.9 0 -9999.9 1 -9999.9 1    -0.7 0   341.5 0   302.8 0   301.1 0   407.3 0   292.4 0   292.3 0     0.0 2    -0.2 0 -9999.9 1   -65.8 0 -9999.9 1 -9999.9 1 -9999.9 1 -9999.9 1   237.2 0 -9999.9 1
 1999 190  7  9  7 51  7.850 112.41    -4.9 0 -9999.9 1 -9999.9 1    -0.9 0   341.9 0   302.8 0   301.1 0   407.0 0   292.4 0   292.3 0     0.0 2    -0.2 0 -9999.9 1   -65.1 0 -9999.9 1 -9999.9 1 -9999.9 1 -9999.9 1   239.1 0 -9999.9 1
 1999 190  7  9  7 54  7.900 112.14    -4.8 0 -9999.9 1 -9999.9 1    -1.4 0   341.7 0   302.8 0   301.1 0   406.6 0   292.3 0   292.2 0     0.0 2    -0.2 0 -9999.9 1   -64.9 0 -9999.9 1 -9999.9 1 -9999.9 1 -9999.9 1   241.1 0 -9999.9 1
 1999 190  7  9  7 57  7.950 111.87    -4.6 0 -9999.9 1 -9999.9 1    -1.4 0   341.0 0   302.8 0   301.1 0   406.3 0   292.2 0   292.2 0     0.0 2    -0.2 0 -9999.9 1   -65.4 0 -9999.9 1 -9999.9 1 -9999.9 1 -9999.9 1   237.3 0 -9999.9 1
 1999 190  7  9  8  3  8.050 111.30    -4.6 0 -9999.9 1 -9999.9 1    -1.2 0   339.8 0   302.7 0   301.0 0   405.6 0   292.0 0   291.9 0     0.0 2    -0.2 0 -9999.9 1   -65.8 0 -9999.9 1 -9999.9 1 -9999.9 1 -9999.9 1   229.9 0 -9999.9 1
 1999 190  7  9  8  6  8.100 111.01    -4.6 0 -9999.9 1 -9999.9 1    -1.5 0   342.7 0   302.9 0   301.1 0   407.3 0   292.2 0   292.1 0     0.0 0    -0.1 0 -9999.9 1   -64.7 0 -9999.9 1 -9999.9 1 -9999.9 1 -9999.9 1   236.4 0 -9999.9 1
 1999 190  7  9  8  9  8.150 110.71    -4.7 0 -9999.9 1 -9999.9 1    -1.2 0   342.6 0   302.9 0   301.2 0   407.9 0   292.2 0   292.2 0     0.0 0    -0.2 0 -9999.9 1   -65.3 0 -9999.9 1 -9999.9 1 -9999.9 1 -9999.9 1   233.9 0 -9999.9 1
 1999 190  7  9  8 12  8.200 110.40    -4.7 0 -9999.9 1 -9999.9 1    -0.6 0   342.9 0   302.9 0   301.2 0   407.8 0   292.2 0   292.2 0     0.0 2    -0.2 0 -9999.9 1   -64.9 0 -9999.9 1 -9999.9 1 -9999.9 1 -9999.9 1   234.9 0 -9999.9 1
 1999 190  7  9  8 18  8.300 109.77    -5.1 0 -9999.9 1 -9999.9 1    -1.4 0   346.9 0   302.9 0   301.2 0   411.6 0   292.4 0   292.5 0     0.0 2    -0.2 0 -9999.9 1   -64.7 0 -9999.9 1 -9999.9 1 -9999.9 1 -9999.9 1   237.6 0 -9999.9 1
 1999 190  7  9  8 21  8.350 109.45    -5.3 0 -9999.9 1 -9999.9 1    -0.6 0   349.4 0   302.9 0   301.1 0   413.6 0   292.7 0   292.8 0     0.0 2    -0.2 0 -9999.9 1   -64.2 0 -9999.9 1 -9999.9 1 -9999.9 1 -9999.9 1   235.8 0 -9999.9 1
 1999 190  7  9  8 24  8.400 109.12    -5.6 0 -9999.9 1 -9999.9 1    -0.4 0   350.4 0   303.0 0   301.3 0   414.7 0   293.1 0   293.2 0     0.0 0    -0.2 0 -9999.9 1   -64.3 0 -9999.9 1 -9999.9 1 -9999.9 1 -9999.9 1   237.6 0 -9999.9 1
 1999 190  7  9  8 27  8.450 108.79    -6.0 0 -9999.9 1 -9999.9 1    -0.2 0   351.9 0   303.1 0   301.4 0   415.7 0   293.4 0   293.5 0     0.0 0    -0.2 0 -9999.9 1   -63.8 0 -9999.9 1 -9999.9 1 -9999.9 1 -9999.9 1   235.1 0 -9999.9 1
 1999 190  7  9  8 33  8.550 108.11    -6.2 0 -9999.9 1 -9999.9 1    -0.1 0   354.6 0   303.2 0   301.4 0   417.1 0   293.9 0   293.9 0     0.0 0    -0.2 0 -9999.9 1   -62.5 0 -9999.9 1 -9999.9 1 -9999.9 1 -9999.9 1   234.3 0 -9999.9 1
 1999 190  7  9  8 36  8.600 107.76    -6.4 0 -9999.9 1 -9999.9 1     0.2 0   356.3 0   303.2 0   301.4 0   417.8 0   294.1 0   294.2 0     0.0 0    -0.1 0 -9999.9 1   -61.4 0 -9999.9 1 -9999.9 1 -9999.9 1 -9999.9 1   233.4 0 -9999.9 1
 1999 190  7  9  8 39  8.650 107.41    -6.3 0 -9999.9 1 -9999.9 1     0.2 0   357.5 0   303.3 0   301.5 0   419.0 0   294.4 0   294.4 0     0.0 0    -0.1 0 -9999.9 1   -61.5 0 -9999.9 1 -9999.9 1 -9999.9 1 -9999.9 1   232.4 0 -9999.9 1
 1999 190  7  9  8 42  8.700 107.05    -6.3 0 -9999.9 1 -9999.9 1    -0.2 0   356.1 0   303.1 0   301.4 0   417.6 0   294.3 0   294.3 0     0.0 0    -0.2 0 -9999.9 1   -61.4 0 -9999.9 1 -9999.9 1 -9999.9 1 -9999.9 1   239.4 0 -9999.9 1
 1999 190  7  9  8 48  8.800 106.32    -6.2 0 -9999.9 1 -9999.9 1    -0.5 0   355.2 0   302.9 0   301.1 0   416.8 0   294.3 0   294.3 0     0.0 0    -0.2 0 -9999.9 1   -61.5 0 -9999.9 1 -9999.9 1 -9999.9 1 -9999.9 1   237.5 0 -9999.9 1
 1999 190  7  9  8 51  8.850 105.95    -6.1 0 -9999.9 1 -9999.9 1    -0.4 0   354.7 0   302.8 0   301.2 0   416.1 0   294.3 0   294.2 0     0.0 0    -0.2 0 -9999.9 1   -61.4 0 -9999.9 1 -9999.9 1 -9999.9 1 -9999.9 1   233.1 0 -9999.9 1
 1999 190  7  9  8 54  8.900 105.57    -6.0 0 -9999.9 1 -9999.9 1    -0.5 0   355.4 0   302.8 0   301.1 0   415.9 0   294.3 0   294.2 0     0.0 0    -0.2 0 -9999.9 1   -60.5 0 -9999.9 1 -9999.9 1 -9999.9 1 -9999.9 1   241.4 0 -9999.9 1
 1999 190  7  9  8 57  8.950 105.19    -5.9 0 -9999.9 1 -9999.9 1    -0.8 0   356.7 0   302.8 0   301.1 0   415.8 0   294.2 0   294.2 0     0.0 2    -0.1 0 -9999.9 1   -59.1 0 -9999.9 1 -9999.9 1 -9999.9 1 -9999.9 1   238.8 0 -9999.9 1
 1999 190  7  9  9  3  9.050 104.42    -5.5 0 -9999.9 1 -9999.9 1    -1.6 0   365.4 0   302.8 0   301.1 0   415.6 0   294.2 0   294.1 0     0.0 2    -0.3 0 -9999.9 1   -50.2 0 -9999.9 1 -9999.9 1 -9999.9 1 -9999.9 1   245.5 0 -9999.9 1
 1999 190  7  9  9  6  9.100 104.02    -5.4 0 -9999.9 1 -9999.9 1    -1.8 0   377.0 0   302.7 0   301.1 0   416.0 0   294.1 0   294.0 0     0.0 2    -0.2 0 -9999.9 1   -39.0 0 -9999.9 1 -9999.9 1 -9999.9 1 -9999.9 1   245.7 0 -9999.9 1
 1999 190  7  9  9  9  9.150 103.62    -5.1 0 -9999.9 1 -9999.9 1    -1.7 0   386.0 0   302.5 0   301.0 0   415.6 0   293.9 0   293.9 0     0.0 2    -0.1 0 -9999.9 1   -29.6 0 -9999.9 1 -9999.9 1 -9999.9 1 -9999.9 1   244.2 0 -9999.9 1
 1999 190  7  9  9 12  9.200 103.22    -4.9 0 -9999.9 1 -9999.9 1    -1.7 0   376.7 0   302.5 0   301.0 0   415.5 0   293.9 0   293.8 0     0.0 2    -0.1 0 -9999.9 1   -38.8 0 -9999.9 1 -9999.9 1 -9999.9 1 -9999.9 1   239.1 0 -9999.9 1
 1999 190  7  9  9 18  9.300 102.40    -5.0 0 -9999.9 1 -9999.9 1    -1.9 0   364.0 0   302.6 0   300.9 0   412.9 0   293.7 0   293.6 0     0.0 2    -0.2 0 -9999.9 1   -48.9 0 -9999.9 1 -9999.9 1 -9999.9 1 -9999.9 1   241.5 0 -9999.9 1
 1999 190  7  9  9 21  9.350 101.99    -5.0 0 -9999.9 1 -9999.9 1    -2.2 0   369.0 0   302.6 0   300.9 0   413.9 0   293.7 0   293.6 0     0.0 2    -0.2 0 -9999.9 1   -44.8 0 -9999.9 1 -9999.9 1 -9999.9 1 -9999.9 1   244.5 0 -9999.9 1
 1999 190  7  9  9 24  9.400 101.57    -5.1 0 -9999.9 1 -9999.9 1    -1.9 0   361.4 0   302.7 0   301.0 0   413.3 0   293.7 0   293.6 0     0.0 2    -0.2 0 -9999.9 1   -51.9 0 -9999.9 1 -9999.9 1 -9999.9 1 -9999.9 1   247.5 0 -9999.9 1
 1999 190  7  9  9 27  9.450 101.15    -5.0 0 -9999.9 1 -9999.9 1    -1.9 0   358.7 0   302.8 0   301.1 0   413.9 0   293.8 0   293.8 0     0.0 2    -0.1 0 -9999.9 1   -55.2 0 -9999.9 1 -9999.9 1 -9999.9 1 -9999.9 1   245.6 0 -9999.9 1
 1999 190  7  9  9 33  9.550 100.29    -5.1 0 -9999.9 1 -9999.9 1    -2.0 0   356.2 0   302.8 0   301.1 0   413.4 0   293.7 0   293.6 0     0.0 2    -0.2 0 -9999.9 1   -57.2 0 -9999.9 1 -9999.9 1 -9999.9 1 -9999.9 1   244.6 0 -9999.9 1
 1999 190  7  9  9 36  9.600  99.86    -5.0 0 -9999.9 1 -9999.9 1    -2.1 0   353.1 0   302.8 0   301.1 0   412.3 0   293.6 0   293.5 0     0.0 2    -0.2 0 -9999.9 1   -59.2 0 -9999.9 1 -9999.9 1 -9999.9 1 -9999.9 1   245.3 0 -9999.9 1
 1999 190  7  9  9 39  9.650  99.42    -4.9 0 -9999.9 1 -9999.9 1    -2.2 0   352.7 0   302.8 0   301.1 0   411.9 0   293.5 0   293.4 0     0.0 2    -0.2 0 -9999.9 1   -59.2 0 -9999.9 1 -9999.9 1 -9999.9 1 -9999.9 1   249.0 0 -9999.9 1
 1999 190  7  9  9 42  9.700  98.98    -5.1 0 -9999.9 1 -9999.9 1    -2.4 0   353.0 0   302.8 0   301.0 0   412.1 0   293.4 0   293.4 0     0.0 2    -0.2 0 -9999.9 1   -59.1 0 -9999.9 1 -9999.9 1 -9999.9 1 -9999.9 1   247.9 0 -9999.9 1
 1999 190  7  9  9 48  9.800  98.09    -5.1 0 -9999.9 1 -9999.9 1    -1.7 0   352.2 0   302.7 0   301.0 0   411.8 0   293.3 0   293.2 0     0.0 2    -0.1 0 -9999.9 1   -59.5 0 -9999.9 1 -9999.9 1 -9999.9 1 -9999.9 1   241.5 0 -9999.9 1
 1999 190  7  9  9 51  9.850  97.64    -5.1 0 -9999.9 1 -9999.9 1    -1.5 0   352.2 0   302.7 0   300.9 0   411.4 0   293.2 0   293.2 0     0.0 2    -0.1 0 -9999.9 1   -59.3 0 -9999.9 1 -9999.9 1 -9999.9 1 -9999.9 1   240.3 0 -9999.9 1
 1999 190  7  9  9 54  9.900  97.18    -5.0 0 -9999.9 1 -9999.9 1    -2.0 0   353.5 0   302.7 0   301.0 0   412.1 0   293.3 0   293.3 0     0.0 2    -0.1 0 -9999.9 1   -58.6 0 -9999.9 1 -9999.9 1 -9999.9 1 -9999.9 1   242.9 0 -9999.9 1
 1999 190  7  9  9 57  9.950  96.73    -4.9 0 -9999.9 1 -9999.9 1    -2.5 0   353.8 0   302.8 0   301.1 0   411.6 0   293.3 0   293.2 0     0.0 2    -0.2 0 -9999.9 1   -57.8 0 -9999.9 1 -9999.9 1 -9999.9 1 -9999.9 1   241.6 0 -9999.9 1
 1999 190  7  9 10  3 10.050  95.80    -4.8 0 -9999.9 1 -9999.9 1    -2.3 0   352.7 0   302.7 0   301.0 0   410.6 0   293.1 0   293.1 0     0.0 2    -0.2 0 -9999.9 1   -58.0 0 -9999.9 1 -9999.9 1 -9999.9 1 -9999.9 1   240.8 0 -9999.9 1
 1999 190  7  9 10  6 10.100  95.33    -4.8 0 -9999.9 1 -9999.9 1    -2.5 0   355.5 0   302.7 0   301.1 0   410.9 0   293.1 0   293.1 0     0.0 2    -0.2 0 -9999.9 1   -55.4 0 -9999.9 1 -9999.9 1 -9999.9 1 -9999.9 1   241.5 0 -9999.9 1
 1999 190  7  9 10  9 10.150  94.86    -4.7 0 -9999.9 1 -9999.9 1    -2.1 0   353.1 0   302.8 0   301.1 0   411.3 0   293.1 0   293.1 0     0.0 2    -0.1 0 -9999.9 1   -58.2 0 -9999.9 1 -9999.9 1 -9999.9 1 -9999.9 1   232.5 0 -9999.9 1
 1999 190  7  9 10 12 10.200  94.39    -4.8 0 -9999.9 1 -9999.9 1    -1.5 0   352.9 0   302.8 0   301.0 0   411.7 0   293.2 0   293.1 0     0.0 2    -0.1 0 -9999.9 1   -58.8 0 -9999.9 1 -9999.9 1 -9999.9 1 -9999.9 1   231.8 0 -9999.9 1
 1999 190  7  9 10 18 10.300  93.44    -4.6 0 -9999.9 1 -9999.9 1    -1.3 0   352.6 0   303.0 0   301.3 0   412.0 0   293.3 0   293.3 0     0.0 0     0.0 0 -9999.9 1   -59.4 0 -9999.9 1 -9999.9 1 -9999.9 1 -9999.9 1   226.7 0 -9999.9 1
 1999 190  7  9 10 21 10.350  92.96    -4.4 0 -9999.9 1 -9999.9 1    -1.3 0   354.0 0   303.1 0   301.4 0   412.4 0   293.4 0   293.3 0     0.0 0     0.0 0 -9999.9 1   -58.4 0 -9999.9 1 -9999.9 1 -9999.9 1 -9999.9 1   226.6 0 -9999.9 1
 1999 190  7  9 10 24 10.400  92.47    -4.2 0 -9999.9 1 -9999.9 1    -1.1 0   355.0 0   303.2 0   301.5 0   412.4 0   293.4 0   293.3 0     0.0 0     0.2 0 -9999.9 1   -57.4 0 -9999.9 1 -9999.9 1 -9999.9 1 -9999.9 1   230.0 0 -9999.9 1
 1999 190  7  9 10 27 10.450  91.99    -4.0 0 -9999.9 1 -9999.9 1    -1.2 0   354.2 0   303.1 0   301.5 0   412.0 0   293.3 0   293.2 0     0.0 0     0.4 0 -9999.9 1   -57.8 0 -9999.9 1 -9999.9 1 -9999.9 1 -9999.9 1   230.3 0 -9999.9 1
 1999 190  7  9 10 33 10.550  91.01    -3.0 0 -9999.9 1 -9999.9 1    -0.5 0   355.0 0   303.3 0   301.6 0   413.1 0   293.4 0   293.3 0     0.0 0     0.8 0 -9999.9 1   -58.1 0 -9999.9 1 -9999.9 1 -9999.9 1 -9999.9 1   233.7 0 -9999.9 1
 1999 190  7  9 10 36 10.600  89.82    -2.6 0 -9999.9 1 -9999.9 1     0.1 0   352.8 0   303.1 0   301.5 0   411.1 0   293.1 0   293.1 0     0.2 0     1.1 0 -9999.9 1   -58.3 0 -9999.9 1 -9999.9 1 -9999.9 1 -9999.9 1   234.5 0 -9999.9 1
 1999 190  7  9 10 39 10.650  89.45    -2.0 0 -9999.9 1 -9999.9 1     0.5 0   352.3 0   303.1 0   301.5 0   411.3 0   293.1 0   293.0 0     0.2 0     1.5 0 -9999.9 1   -58.9 0 -9999.9 1 -9999.9 1 -9999.9 1 -9999.9 1   236.5 0 -9999.9 1
 1999 190  7  9 10 42 10.700  89.05    -0.9 0 -9999.9 1 -9999.9 1     1.3 0   350.9 0   302.9 0   301.3 0   410.4 0   292.9 0   292.8 0     0.3 2     2.0 0 -9999.9 1   -59.4 0 -9999.9 1 -9999.9 1 -9999.9 1 -9999.9 1   240.2 0 -9999.9 1
 1999 190  7  9 10 48 10.800  88.17     2.0 0 -9999.9 1 -9999.9 1     3.8 0   350.8 0   302.9 0   301.3 0   409.7 0   292.8 0   292.7 0     0.5 2     3.2 0 -9999.9 1   -58.9 0 -9999.9 1 -9999.9 1 -9999.9 1 -9999.9 1   241.6 0 -9999.9 1
 1999 190  7  9 10 51 10.850  87.71     4.5 0 -9999.9 1 -9999.9 1     6.7 0   349.8 0   302.8 0   301.1 0   408.7 0   292.7 0   292.6 0     0.6 2     4.3 0 -9999.9 1   -58.9 0 -9999.9 1 -9999.9 1 -9999.9 1 -9999.9 1   238.3 0 -9999.9 1
 1999 190  7  9 10 54 10.900  87.24     7.5 0 -9999.9 1 -9999.9 1     9.6 0   351.3 0   303.0 0   301.4 0   409.3 0   292.8 0   292.7 0     0.7 2     5.7 0 -9999.9 1   -58.0 0 -9999.9 1 -9999.9 1 -9999.9 1 -9999.9 1   238.2 0 -9999.9 1
 1999 190  7  9 10 57 10.950  86.75    11.0 0 -9999.9 1 -9999.9 1    12.7 0   349.9 0   302.9 0   301.3 0   408.7 0   292.6 0   292.5 0     0.8 2     7.3 0 -9999.9 1   -58.7 0 -9999.9 1 -9999.9 1 -9999.9 1 -9999.9 1   237.2 0 -9999.9 1
 1999 190  7  9 11  3 11.050  85.77    17.4 0 -9999.9 1 -9999.9 1    18.6 0   350.4 0   303.1 0   301.5 0   409.8 0   292.7 0   292.7 0     1.1 2    10.3 0 -9999.9 1   -59.4 0 -9999.9 1 -9999.9 1 -9999.9 1 -9999.9 1   235.7 0 -9999.9 1
 1999 190  7  9 11  6 11.100  85.27    20.0 0 -9999.9 1 -9999.9 1    21.2 0   351.6 0   303.3 0   301.7 0   410.7 0   292.9 0   292.8 0     1.3 0    11.6 0 -9999.9 1   -59.1 0 -9999.9 1 -9999.9 1 -9999.9 1 -9999.9 1   233.8 0 -9999.9 1
 1999 190  7  9 11  9 11.150  84.77    22.7 0 -9999.9 1 -9999.9 1    23.4 0   352.5 0   303.5 0   301.9 0   411.1 0   292.9 0   292.9 0     1.5 0    13.0 0 -9999.9 1   -58.6 0 -9999.9 1 -9999.9 1 -9999.9 1 -9999.9 1   238.4 0 -9999.9 1
 1999 190  7  9 11 12 11.200  84.26    25.6 0 -9999.9 1 -9999.9 1    25.8 0   351.1 0   303.4 0   301.9 0   410.6 0   292.8 0   292.8 0     1.8 0    14.4 0 -9999.9 1   -59.5 0 -9999.9 1 -9999.9 1 -9999.9 1 -9999.9 1   242.8 0 -9999.9 1
 1999 190  7  9 11 18 11.300  83.23    31.3 0 -9999.9 1 -9999.9 1    31.3 0   349.8 0   303.5 0   302.0 0   410.5 0   292.7 0   292.7 0     2.4 0    17.5 0 -9999.9 1   -60.7 0 -9999.9 1 -9999.9 1 -9999.9 1 -9999.9 1   245.5 0 -9999.9 1
 1999 190  7  9 11 21 11.350  82.71    34.9 0 -9999.9 1 -9999.9 1    34.9 0   348.3 0   303.5 0   301.9 0   410.1 0   292.6 0   292.5 0     2.7 0    19.3 0 -9999.9 1   -61.7 0 -9999.9 1 -9999.9 1 -9999.9 1 -9999.9 1   242.1 0 -9999.9 1
 1999 190  7  9 11 24 11.400  82.19    39.2 0 -9999.9 1 -9999.9 1    39.1 0   347.3 0   303.5 0   301.9 0   410.0 0   292.5 0   292.5 0     3.0 2    21.6 0 -9999.9 1   -62.7 0 -9999.9 1 -9999.9 1 -9999.9 1 -9999.9 1   239.8 0 -9999.9 1
 1999 190  7  9 11 27 11.450  81.67    44.7 0 -9999.9 1 -9999.9 1    44.8 0   347.6 0   303.6 0   302.0 0   410.3 0   292.5 0   292.5 0     3.4 2    24.2 0 -9999.9 1   -62.8 0 -9999.9 1 -9999.9 1 -9999.9 1 -9999.9 1   238.3 0 -9999.9 1
 1999 190  7  9 11 33 11.550  80.62    61.9 0 -9999.9 1 -9999.9 1    61.9 0   348.1 0   303.9 0   302.3 0   411.7 0   292.6 0   292.6 0     4.1 0    32.8 0 -9999.9 1   -63.7 0 -9999.9 1 -9999.9 1 -9999.9 1 -9999.9 1   236.3 0 -9999.9 1
 1999 190  7  9 11 36 11.600  80.09    86.1 0 -9999.9 1 -9999.9 1    86.0 0   348.9 0   303.9 0   302.4 0   413.0 0   292.6 0   292.6 0     4.5 0    43.8 0 -9999.9 1   -64.1 0 -9999.9 1 -9999.9 1 -9999.9 1 -9999.9 1   235.3 0 -9999.9 1
 1999 190  7  9 11 39 11.650  79.56   122.7 0 -9999.9 1 -9999.9 1   123.4 0   348.1 0   304.1 0   302.6 0   414.2 0   292.6 0   292.6 0     5.0 2    57.2 0 -9999.9 1   -66.1 0 -9999.9 1 -9999.9 1 -9999.9 1 -9999.9 1   231.7 0 -9999.9 1
 1999 190  7  9 11 42 11.700  79.02   120.7 0 -9999.9 1 -9999.9 1   122.4 0   348.7 0   304.3 0   302.7 0   414.7 0   292.7 0   292.7 0     5.5 0    58.3 0 -9999.9 1   -66.0 0 -9999.9 1 -9999.9 1 -9999.9 1 -9999.9 1   232.0 0 -9999.9 1
 1999 190  7  9 11 48 11.800  77.95   151.3 0 -9999.9 1 -9999.9 1   152.5 0   350.2 0   304.8 0   303.3 0   416.8 0   292.9 0   293.0 0     6.3 0    70.0 0 -9999.9 1   -66.7 0 -9999.9 1 -9999.9 1 -9999.9 1 -9999.9 1   228.3 0 -9999.9 1
 1999 190  7  9 11 51 11.850  77.41   147.1 0 -9999.9 1 -9999.9 1   148.3 0   352.6 0   305.1 0   303.5 0   417.7 0   293.1 0   293.2 0     6.8 0    70.1 0 -9999.9 1   -65.1 0 -9999.9 1 -9999.9 1 -9999.9 1 -9999.9 1   230.2 0 -9999.9 1
 1999 190  7  9 11 54 11.900  76.87   163.9 0 -9999.9 1 -9999.9 1   165.4 0   352.9 0   305.4 0   303.8 0   418.6 0   293.2 0   293.3 0     7.3 0    74.6 0 -9999.9 1   -65.7 0 -9999.9 1 -9999.9 1 -9999.9 1 -9999.9 1   233.6 0 -9999.9 1
 1999 190  7  9 11 57 11.950  76.33   139.6 0 -9999.9 1 -9999.9 1   141.8 0   352.7 0   305.5 0   303.8 0   418.1 0   293.2 0   293.3 0     7.7 0    65.6 0 -9999.9 1   -65.5 0 -9999.9 1 -9999.9 1 -9999.9 1 -9999.9 1   233.3 0 -9999.9 1
 1999 190  7  9 12  3 12.050  75.24   157.5 0 -9999.9 1 -9999.9 1   157.7 0   352.9 0   305.7 0   304.1 0   418.4 0   293.3 0   293.4 0     8.8 0    73.7 0 -9999.9 1   -65.5 0 -9999.9 1 -9999.9 1 -9999.9 1 -9999.9 1   235.6 0 -9999.9 1
 1999 190  7  9 12  6 12.100  74.69   168.2 0 -9999.9 1 -9999.9 1   168.5 0   353.4 0   305.9 0   304.2 0   419.4 0   293.4 0   293.4 0     9.4 0    77.4 0 -9999.9 1   -66.0 0 -9999.9 1 -9999.9 1 -9999.9 1 -9999.9 1   233.2 0 -9999.9 1
 1999 190  7  9 12  9 12.150  74.14   151.7 0 -9999.9 1 -9999.9 1   152.2 0   352.9 0   306.0 0   304.3 0   419.2 0   293.4 0   293.5 0    10.1 0    71.9 0 -9999.9 1   -66.3 0 -9999.9 1 -9999.9 1 -9999.9 1 -9999.9 1   234.2 0 -9999.9 1
 1999 190  7  9 12 12 12.200  73.59   169.3 0 -9999.9 1 -9999.9 1   169.2 0   353.2 0   306.1 0   304.4 0   419.8 0   293.5 0   293.6 0    11.0 0    80.0 0 -9999.9 1   -66.6 0 -9999.9 1 -9999.9 1 -9999.9 1 -9999.9 1   235.9 0 -9999.9 1
 1999 190  7  9 12 18 12.300  72.49   222.6 0 -9999.9 1 -9999.9 1   221.7 0   355.0 0   306.5 0   304.9 0   422.9 0   293.8 0   293.9 0    13.1 0   104.1 0 -9999.9 1   -67.9 0 -9999.9 1 -9999.9 1 -9999.9 1 -9999.9 1   234.5 0 -9999.9 1
 1999 190  7  9 12 21 12.350  71.93   253.8 0 -9999.9 1 -9999.9 1   253.0 0   356.5 0   306.8 0   305.2 0   425.2 0   294.0 0   294.2 0    14.2 0   117.3 0 -9999.9 1   -68.7 0 -9999.9 1 -9999.9 1 -9999.9 1 -9999.9 1   233.6 0 -9999.9 1
 1999 190  7  9 12 24 12.400  71.38   275.8 0 -9999.9 1 -9999.9 1   274.7 0   358.2 0   307.1 0   305.6 0   426.9 0   294.2 0   294.4 0    15.3 0   125.7 0 -9999.9 1   -68.7 0 -9999.9 1 -9999.9 1 -9999.9 1 -9999.9 1   233.3 0 -9999.9 1
 1999 190  7  9 12 27 12.450  70.82   264.2 0 -9999.9 1 -9999.9 1   263.0 0   358.9 0   307.4 0   305.9 0   427.4 0   294.4 0   294.5 0    16.2 0   121.0 0 -9999.9 1   -68.5 0 -9999.9 1 -9999.9 1 -9999.9 1 -9999.9 1   231.9 0 -9999.9 1
 1999 190  7  9 12 33 12.550  69.71   301.1 0 -9999.9 1 -9999.9 1   298.7 0   360.7 0   307.8 0   306.2 0   428.9 0   294.6 0   294.8 0    19.0 0   138.2 0 -9999.9 1   -68.2 0 -9999.9 1 -9999.9 1 -9999.9 1 -9999.9 1   232.7 0 -9999.9 1
 1999 190  7  9 12 36 12.600  69.15   320.6 0 -9999.9 1 -9999.9 1   318.0 0   362.1 0   308.1 0   306.5 0   430.4 0   294.8 0   295.0 0    20.5 0   147.4 0 -9999.9 1   -68.3 0 -9999.9 1 -9999.9 1 -9999.9 1 -9999.9 1   233.8 0 -9999.9 1
 1999 190  7  9 12 39 12.650  68.59   348.6 0 -9999.9 1 -9999.9 1   345.4 0   362.5 0   308.3 0   306.8 0   432.0 0   295.0 0   295.2 0    21.7 0   159.7 0 -9999.9 1   -69.5 0 -9999.9 1 -9999.9 1 -9999.9 1 -9999.9 1   233.4 0 -9999.9 1
 1999 190  7  9 12 42 12.700  68.03   373.1 0 -9999.9 1 -9999.9 1   369.8 0   362.1 0   308.6 0   307.2 0   434.2 0   295.2 0   295.4 0    22.8 0   170.8 0 -9999.9 1   -72.2 0 -9999.9 1 -9999.9 1 -9999.9 1 -9999.9 1   233.5 0 -9999.9 1
 1999 190  7  9 12 48 12.800  66.90   326.0 0 -9999.9 1 -9999.9 1   323.1 0   362.5 0   309.1 0   307.3 0   433.2 0   295.4 0   295.6 0    23.7 0   151.8 0 -9999.9 1   -70.7 0 -9999.9 1 -9999.9 1 -9999.9 1 -9999.9 1   229.8 0 -9999.9 1
 1999 190  7  9 12 51 12.850  66.34   295.2 0 -9999.9 1 -9999.9 1   292.2 0   361.8 0   309.2 0   307.3 0   432.1 0   295.5 0   295.6 0    24.1 0   138.8 0 -9999.9 1   -70.3 0 -9999.9 1 -9999.9 1 -9999.9 1 -9999.9 1   233.6 0 -9999.9 1
 1999 190  7  9 12 54 12.900  65.77   304.5 0 -9999.9 1 -9999.9 1   300.1 0   363.0 0   309.3 0   307.6 0   433.8 0   295.6 0   295.7 0    25.3 0   141.1 0 -9999.9 1   -70.7 0 -9999.9 1 -9999.9 1 -9999.9 1 -9999.9 1   239.9 0 -9999.9 1
 1999 190  7  9 12 57 12.950  65.21   289.4 0 -9999.9 1 -9999.9 1   284.8 0   363.1 0   309.4 0   307.7 0   434.1 0   295.7 0   295.8 0    26.0 0   135.3 0 -9999.9 1   -70.9 0 -9999.9 1 -9999.9 1 -9999.9 1 -9999.9 1   239.0 0 -9999.9 1
 1999 190  7  9 13  3 13.050  64.08   330.4 0 -9999.9 1 -9999.9 1   324.9 0   365.0 0   309.4 0   307.6 0   434.5 0   295.8 0   295.9 0    28.5 0   153.2 0 -9999.9 1   -69.5 0 -9999.9 1 -9999.9 1 -9999.9 1 -9999.9 1   239.1 0 -9999.9 1
 1999 190  7  9 13  6 13.100  63.51   347.1 0 -9999.9 1 -9999.9 1   341.7 0   366.6 0   309.4 0   307.7 0   436.2 0   295.9 0   296.1 0    30.1 0   161.5 0 -9999.9 1   -69.6 0 -9999.9 1 -9999.9 1 -9999.9 1 -9999.9 1   237.8 0 -9999.9 1
 1999 190  7  9 13  9 13.150  62.94   403.3 0 -9999.9 1 -9999.9 1   397.0 0   368.2 0   309.5 0   307.9 0   438.5 0   296.1 0   296.2 0    32.0 0   183.3 0 -9999.9 1   -70.3 0 -9999.9 1 -9999.9 1 -9999.9 1 -9999.9 1   241.5 0 -9999.9 1
 1999 190  7  9 13 12 13.200  62.37   367.3 0 -9999.9 1 -9999.9 1   362.2 0   364.9 0   309.5 0   307.9 0   437.8 0   296.0 0   296.2 0    32.5 0   169.6 0 -9999.9 1   -72.9 0 -9999.9 1 -9999.9 1 -9999.9 1 -9999.9 1   234.4 0 -9999.9 1
 1999 190  7  9 13 18 13.300  61.23   400.7 0 -9999.9 1 -9999.9 1   394.2 0   363.1 0   309.5 0   308.0 0   436.8 0   296.0 0   296.2 0    37.7 0   184.1 0 -9999.9 1   -73.8 0 -9999.9 1 -9999.9 1 -9999.9 1 -9999.9 1   240.9 0 -9999.9 1
 1999 190  7  9 13 21 13.350  60.66   429.8 0 -9999.9 1 -9999.9 1   423.0 0   365.3 0   309.7 0   308.1 0   438.6 0   296.2 0   296.4 0    40.0 0   197.5 0 -9999.9 1   -73.3 0 -9999.9 1 -9999.9 1 -9999.9 1 -9999.9 1   239.8 0 -9999.9 1
 1999 190  7  9 13 24 13.400  60.09   517.3 0 -9999.9 1 -9999.9 1   509.2 0   365.9 0   309.8 0   308.4 0   442.2 0   296.3 0   296.6 0    42.9 0   234.9 0 -9999.9 1   -76.4 0 -9999.9 1 -9999.9 1 -9999.9 1 -9999.9 1   243.2 0 -9999.9 1
 1999 190  7  9 13 27 13.450  59.52   477.9 0 -9999.9 1 -9999.9 1   471.0 0   366.5 0   309.9 0   308.3 0   441.7 0   296.4 0   296.6 0    41.5 0   217.2 0 -9999.9 1   -75.1 0 -9999.9 1 -9999.9 1 -9999.9 1 -9999.9 1   240.2 0 -9999.9 1
 1999 190  7  9 13 33 13.550  58.38   271.9 0 -9999.9 1 -9999.9 1   267.4 0   366.3 0   309.8 0   308.0 0   434.5 0   296.4 0   296.5 0    33.6 2   125.1 0 -9999.9 1   -68.1 0 -9999.9 1 -9999.9 1 -9999.9 1 -9999.9 1   243.9 0 -9999.9 1
 1999 190  7  9 13 36 13.600  57.81   258.1 0 -9999.9 1 -9999.9 1   252.4 0   365.9 0   309.8 0   307.9 0   433.4 0   296.4 0   296.4 0    33.4 2   118.1 0 -9999.9 1   -67.5 0 -9999.9 1 -9999.9 1 -9999.9 1 -9999.9 1   246.7 0 -9999.9 1
 1999 190  7  9 13 39 13.650  57.23   270.4 0 -9999.9 1 -9999.9 1   263.5 0   364.6 0   309.7 0   308.0 0   433.4 0   296.3 0   296.4 0    35.0 2   123.6 0 -9999.9 1   -68.8 0 -9999.9 1 -9999.9 1 -9999.9 1 -9999.9 1   239.4 0 -9999.9 1
 1999 190  7  9 13 42 13.700  56.66   307.0 0 -9999.9 1 -9999.9 1   299.6 0   366.1 0   309.7 0   307.8 0   434.7 0   296.3 0   296.4 0    38.1 2   140.4 0 -9999.9 1   -68.6 0 -9999.9 1 -9999.9 1 -9999.9 1 -9999.9 1   243.4 0 -9999.9 1
 1999 190  7  9 13 48 13.800  55.51   394.3 0 -9999.9 1 -9999.9 1   385.8 0   368.8 0   309.6 0   308.1 0   439.6 0   296.4 0   296.6 0    45.4 2   180.0 0 -9999.9 1   -70.8 0 -9999.9 1 -9999.9 1 -9999.9 1 -9999.9 1   246.4 0 -9999.9 1
 1999 190  7  9 13 51 13.850  54.94   447.2 0 -9999.9 1 -9999.9 1   438.6 0   370.6 0   309.8 0   308.4 0   442.9 0   296.6 0   296.8 0    49.1 2   203.0 0 -9999.9 1   -72.4 0 -9999.9 1 -9999.9 1 -9999.9 1 -9999.9 1   243.8 0 -9999.9 1
 1999 190  7  9 13 54 13.900  54.37   485.8 0 -9999.9 1 -9999.9 1   477.5 0   373.3 0   310.0 0   308.6 0   445.2 0   296.9 0   297.2 0    51.8 0   220.3 0 -9999.9 1   -71.9 0 -9999.9 1 -9999.9 1 -9999.9 1 -9999.9 1   239.3 0 -9999.9 1
 1999 190  7  9 13 57 13.950  53.79   460.9 0 -9999.9 1 -9999.9 1   453.9 0   375.0 0   310.2 0   308.6 0   444.3 0   297.1 0   297.3 0    50.9 0   209.4 0 -9999.9 1   -69.3 0 -9999.9 1 -9999.9 1 -9999.9 1 -9999.9 1   241.4 0 -9999.9 1
 1999 190  7  9 14  3 14.050  52.65   361.4 0 -9999.9 1 -9999.9 1   354.9 0   377.1 0   310.3 0   308.7 0   442.2 0   297.3 0   297.5 0    45.8 0   165.1 0 -9999.9 1   -65.1 0 -9999.9 1 -9999.9 1 -9999.9 1 -9999.9 1   249.3 0 -9999.9 1
 1999 190  7  9 14  6 14.100  52.07   316.4 0 -9999.9 1 -9999.9 1   310.2 0   378.6 0   310.3 0   308.5 0   441.9 0   297.4 0   297.5 0    43.5 0   144.3 0 -9999.9 1   -63.3 0 -9999.9 1 -9999.9 1 -9999.9 1 -9999.9 1   248.1 0 -9999.9 1
 1999 190  7  9 14  9 14.150  51.50   308.9 0 -9999.9 1 -9999.9 1   302.2 0   379.1 0   310.3 0   308.3 0   440.0 0   297.4 0   297.5 0    44.2 0   141.2 0 -9999.9 1   -60.9 0 -9999.9 1 -9999.9 1 -9999.9 1 -9999.9 1   247.6 0 -9999.9 1
 1999 190  7  9 14 12 14.200  50.93   295.2 0 -9999.9 1 -9999.9 1   288.9 0   377.9 0   310.1 0   308.1 0   438.5 0   297.3 0   297.4 0    45.7 0   135.1 0 -9999.9 1   -60.6 0 -9999.9 1 -9999.9 1 -9999.9 1 -9999.9 1   252.7 0 -9999.9 1
 1999 190  7  9 14 18 14.300  49.78   425.3 0 -9999.9 1 -9999.9 1   416.7 0   376.0 0   309.9 0   308.4 0   443.0 0   297.3 0   297.5 0    58.7 0   194.5 0 -9999.9 1   -67.1 0 -9999.9 1 -9999.9 1 -9999.9 1 -9999.9 1   255.3 0 -9999.9 1
 1999 190  7  9 14 21 14.350  49.21   484.0 0 -9999.9 1 -9999.9 1   434.6 0   375.4 0   310.0 0   308.6 0   447.0 0   297.4 0   297.6 0    63.8 0   220.8 0 -9999.9 1   -71.6 0 -9999.9 1 -9999.9 1 -9999.9 1 -9999.9 1   254.6 0 -9999.9 1
 1999 190  7  9 14 24 14.400  48.64   456.1 0 -9999.9 1 -9999.9 1   351.8 0   376.6 0   310.0 0   308.4 0   445.4 0   297.5 0   297.7 0    63.7 0   208.2 0 -9999.9 1   -68.9 0 -9999.9 1 -9999.9 1 -9999.9 1 -9999.9 1   254.9 0 -9999.9 1
 1999 190  7  9 14 27 14.450  48.07   456.0 0 -9999.9 1 -9999.9 1   353.2 0   374.9 0   310.1 0   308.6 0   445.7 0   297.6 0   297.8 0    65.4 0   208.6 0 -9999.9 1   -70.8 0 -9999.9 1 -9999.9 1 -9999.9 1 -9999.9 1   250.9 0 -9999.9 1
 1999 190  7  9 14 33 14.550  46.92   478.8 0 -9999.9 1 -9999.9 1   376.0 0   376.4 0   310.3 0   308.8 0   446.7 0   297.7 0   297.9 0    71.2 2   219.8 0 -9999.9 1   -70.2 0 -9999.9 1 -9999.9 1 -9999.9 1 -9999.9 1   260.6 0 -9999.9 1
 1999 190  7  9 14 36 14.600  46.35   528.2 0 -9999.9 1 -9999.9 1   403.1 0   379.1 0   310.5 0   309.3 0   450.8 0   297.9 0   298.2 0    75.2 0   239.7 0 -9999.9 1   -71.6 0 -9999.9 1 -9999.9 1 -9999.9 1 -9999.9 1   257.4 0 -9999.9 1
 1999 190  7  9 14 39 14.650  45.78   501.4 0 -9999.9 1 -9999.9 1   440.3 0   394.3 0   310.7 0   309.3 0   450.5 0   298.2 0   298.4 0    72.4 0   225.4 0 -9999.9 1   -56.2 0 -9999.9 1 -9999.9 1 -9999.9 1 -9999.9 1   259.8 0 -9999.9 1
 1999 190  7  9 14 42 14.700  45.22   559.7 0 -9999.9 1 -9999.9 1   446.1 0   386.9 0   310.8 0   309.4 0   450.7 0   298.3 0   298.5 0    82.8 0   257.2 0 -9999.9 1   -63.8 0 -9999.9 1 -9999.9 1 -9999.9 1 -9999.9 1   256.5 0 -9999.9 1
 1999 190  7  9 14 48 14.800  44.08   631.7 0 -9999.9 1 -9999.9 1   476.8 0   387.9 0   311.1 0   309.7 0   454.9 0   298.7 0   299.0 0    88.4 0   288.2 0 -9999.9 1   -66.9 0 -9999.9 1 -9999.9 1 -9999.9 1 -9999.9 1   260.5 0 -9999.9 1
 1999 190  7  9 14 51 14.850  43.51   538.6 0 -9999.9 1 -9999.9 1   444.9 0   388.7 0   311.2 0   309.9 0   453.7 0   298.7 0   299.0 0    79.5 0   244.1 0 -9999.9 1   -65.0 0 -9999.9 1 -9999.9 1 -9999.9 1 -9999.9 1   259.4 0 -9999.9 1
 1999 190  7  9 14 54 14.900  42.95   391.9 0 -9999.9 1 -9999.9 1   365.4 0   397.6 0   311.2 0   309.4 0   448.1 0   298.6 0   298.8 0    62.4 0   175.7 0 -9999.9 1   -50.5 0 -9999.9 1 -9999.9 1 -9999.9 1 -9999.9 1   259.0 0 -9999.9 1
 1999 190  7  9 14 57 14.950  42.38   332.3 0 -9999.9 1 -9999.9 1   318.6 0   405.0 0   311.1 0   309.2 0   446.3 0   298.6 0   298.7 0    54.1 0   146.9 0 -9999.9 1   -41.3 0 -9999.9 1 -9999.9 1 -9999.9 1 -9999.9 1   263.8 0 -9999.9 1
 1999 190  7  9 15  3 15.050  41.26   360.8 0 -9999.9 1 -9999.9 1   341.8 0   400.1 0   310.9 0   309.2 0   447.2 0   298.5 0   298.6 0    64.3 2   161.5 0 -9999.9 1   -47.1 0 -9999.9 1 -9999.9 1 -9999.9 1 -9999.9 1   271.8 0 -9999.9 1
 1999 190  7  9 15  6 15.100  40.70   348.9 0 -9999.9 1 -9999.9 1   328.3 0   405.0 0   310.9 0   309.2 0   448.0 0   298.5 0   298.7 0    61.8 0   154.5 0 -9999.9 1   -43.0 0 -9999.9 1 -9999.9 1 -9999.9 1 -9999.9 1   269.0 0 -9999.9 1
 1999 190  7  9 15  9 15.150  40.14   395.5 0 -9999.9 1 -9999.9 1   362.8 0   392.3 0   310.7 0   308.8 0   446.4 0   298.3 0   298.5 0    72.8 2   178.3 0 -9999.9 1   -54.1 0 -9999.9 1 -9999.9 1 -9999.9 1 -9999.9 1   271.2 0 -9999.9 1
 1999 190  7  9 15 12 15.200  39.58   417.5 0 -9999.9 1 -9999.9 1   383.2 0   397.0 0   310.7 0   309.0 0   448.1 0   298.5 0   298.7 0    74.1 2   187.1 0 -9999.9 1   -51.1 0 -9999.9 1 -9999.9 1 -9999.9 1 -9999.9 1   271.8 0 -9999.9 1
 1999 190  7  9 15 18 15.300  38.47   358.2 0 -9999.9 1 -9999.9 1   349.8 0   410.8 0   310.8 0   309.0 0   449.9 0   298.8 0   298.9 0    66.2 0   158.2 0 -9999.9 1   -39.2 0 -9999.9 1 -9999.9 1 -9999.9 1 -9999.9 1   263.7 0 -9999.9 1
 1999 190  7  9 15 21 15.350  37.91   405.4 0 -9999.9 1 -9999.9 1   381.7 0   412.5 0   310.9 0   309.1 0   451.3 0   298.9 0   299.1 0    71.7 0   178.9 0 -9999.9 1   -38.8 0 -9999.9 1 -9999.9 1 -9999.9 1 -9999.9 1   272.2 0 -9999.9 1
 1999 190  7  9 15 24 15.400  37.36   354.3 0 -9999.9 1 -9999.9 1   338.2 0   407.4 0   310.8 0   309.1 0   448.8 0   298.9 0   299.0 0    69.4 0   158.8 0 -9999.9 1   -41.4 0 -9999.9 1 -9999.9 1 -9999.9 1 -9999.9 1   270.7 0 -9999.9 1
 1999 190  7  9 15 27 15.450  36.81   425.5 0 -9999.9 1 -9999.9 1   394.5 0   403.9 0   310.6 0   308.9 0   449.6 0   298.7 0   298.9 0    77.0 2   189.5 0 -9999.9 1   -45.8 0 -9999.9 1 -9999.9 1 -9999.9 1 -9999.9 1   260.8 0 -9999.9 1
 1999 190  7  9 15 33 15.550  35.72   347.3 0 -9999.9 1 -9999.9 1   337.3 0   426.3 0   310.8 0   309.0 0   450.1 0   299.0 0   299.1 0    62.6 0   151.3 0 -9999.9 1   -23.8 0 -9999.9 1 -9999.9 1 -9999.9 1 -9999.9 1   269.5 0 -9999.9 1
 1999 190  7  9 15 36 15.600  35.18   281.7 0 -9999.9 1 -9999.9 1   275.9 0   428.9 0   310.8 0   308.9 0   449.1 0   299.1 0   299.2 0    54.0 0   121.4 0 -9999.9 1   -20.2 0 -9999.9 1 -9999.9 1 -9999.9 1 -9999.9 1   268.2 0 -9999.9 1
 1999 190  7  9 15 39 15.650  34.64   439.1 0 -9999.9 1 -9999.9 1   403.6 0   403.5 0   310.8 0   309.2 0   452.1 0   299.1 0   299.2 0    89.1 0   201.7 0 -9999.9 1   -48.6 0 -9999.9 1 -9999.9 1 -9999.9 1 -9999.9 1   267.6 0 -9999.9 1
 1999 190  7  9 15 42 15.700  34.10   557.6 0 -9999.9 1 -9999.9 1   479.9 0   391.7 0   310.7 0   309.2 0   454.2 0   299.0 0   299.3 0   107.2 0   256.5 0 -9999.9 1   -62.4 0 -9999.9 1 -9999.9 1 -9999.9 1 -9999.9 1   264.6 0 -9999.9 1
 1999 190  7  9 15 48 15.800  33.03   782.9 0 -9999.9 1 -9999.9 1   622.0 0   392.1 0   310.9 0   309.8 0   462.7 0   299.2 0   299.6 0   132.7 0   358.1 0 -9999.9 1   -70.6 0 -9999.9 1 -9999.9 1 -9999.9 1 -9999.9 1   261.5 0 -9999.9 1
 1999 190  7  9 15 51 15.850  32.51   789.6 0 -9999.9 1 -9999.9 1   607.9 0   394.6 0   311.0 0   310.0 0   464.4 0   299.4 0   299.8 0   131.7 0   360.2 0 -9999.9 1   -69.9 0 -9999.9 1 -9999.9 1 -9999.9 1 -9999.9 1   264.5 0 -9999.9 1
 1999 190  7  9 15 54 15.900  31.98   509.5 0 -9999.9 1 -9999.9 1   469.3 0   407.0 0   311.2 0   309.7 0   455.2 0   299.5 0   299.8 0    93.5 0   228.5 0 -9999.9 1   -48.2 0 -9999.9 1 -9999.9 1 -9999.9 1 -9999.9 1   264.3 0 -9999.9 1
 1999 190  7  9 15 57 15.950  31.46   325.8 0 -9999.9 1 -9999.9 1   318.3 0   423.6 0   311.2 0   309.3 0   449.4 0   299.5 0   299.6 0    61.4 0   141.9 0 -9999.9 1   -25.9 0 -9999.9 1 -9999.9 1 -9999.9 1 -9999.9 1   267.4 0 -9999.9 1
 1999 190  7  9 16  3 16.050  30.43   330.6 0 -9999.9 1 -9999.9 1   319.2 0   425.4 0   310.8 0   308.9 0   447.8 0   299.1 0   299.2 0    60.9 2   143.9 0 -9999.9 1   -22.4 0 -9999.9 1 -9999.9 1 -9999.9 1 -9999.9 1   268.1 0 -9999.9 1
 1999 190  7  9 16  6 16.100  29.91   288.5 0 -9999.9 1 -9999.9 1   280.9 0   424.5 0   310.7 0   308.9 0   447.4 0   298.9 0   299.0 0    51.6 2   122.7 0 -9999.9 1   -22.8 0 -9999.9 1 -9999.9 1 -9999.9 1 -9999.9 1   274.3 0 -9999.9 1
 1999 190  7  9 16  9 16.150  29.41   355.8 0 -9999.9 1 -9999.9 1   346.0 0   417.6 0   310.6 0   308.9 0   449.1 0   298.9 0   299.0 0    65.5 2   157.0 0 -9999.9 1   -31.5 0 -9999.9 1 -9999.9 1 -9999.9 1 -9999.9 1   270.8 0 -9999.9 1
 1999 190  7  9 16 12 16.200  28.91   412.4 0 -9999.9 1 -9999.9 1   396.4 0   407.7 0   310.7 0   309.2 0   451.3 0   299.0 0   299.2 0    79.6 2   186.4 0 -9999.9 1   -43.6 0 -9999.9 1 -9999.9 1 -9999.9 1 -9999.9 1   269.8 0 -9999.9 1
 1999 190  7  9 16 18 16.300  27.92   393.6 0 -9999.9 1 -9999.9 1   381.3 0   404.3 0   310.6 0   309.2 0   452.0 0   299.0 0   299.1 0    78.3 2   178.2 0 -9999.9 1   -47.7 0 -9999.9 1 -9999.9 1 -9999.9 1 -9999.9 1   276.6 0 -9999.9 1
 1999 190  7  9 16 21 16.350  27.44   435.6 0 -9999.9 1 -9999.9 1   407.1 0   401.6 0   310.5 0   308.9 0   451.5 0   298.9 0   299.1 0    84.4 2   197.2 0 -9999.9 1   -49.9 0 -9999.9 1 -9999.9 1 -9999.9 1 -9999.9 1   272.7 0 -9999.9 1
 1999 190  7  9 16 24 16.400  26.96   421.1 0 -9999.9 1 -9999.9 1   402.3 0   398.0 0   310.5 0   308.9 0   451.7 0   299.0 0   299.1 0    84.5 2   192.7 0 -9999.9 1   -53.6 0 -9999.9 1 -9999.9 1 -9999.9 1 -9999.9 1   276.1 0 -9999.9 1
 1999 190  7  9 16 27 16.450  26.48   384.1 0 -9999.9 1 -9999.9 1   369.2 0   400.5 0   310.5 0   308.8 0   449.7 0   299.0 0   299.1 0    78.8 2   175.5 0 -9999.9 1   -49.2 0 -9999.9 1 -9999.9 1 -9999.9 1 -9999.9 1   267.9 0 -9999.9 1
 1999 190  7  9 16 33 16.550  25.56   401.8 0 -9999.9 1 -9999.9 1   383.2 0   395.6 0   310.5 0   309.0 0   451.9 0   299.0 0   299.2 0    84.8 2   185.4 0 -9999.9 1   -56.3 0 -9999.9 1 -9999.9 1 -9999.9 1 -9999.9 1   270.5 0 -9999.9 1
 1999 190  7  9 16 36 16.600  25.10   417.4 0 -9999.9 1 -9999.9 1   401.3 0   395.1 0   310.6 0   309.1 0   452.2 0   299.1 0   299.3 0    89.7 2   193.1 0 -9999.9 1   -57.1 0 -9999.9 1 -9999.9 1 -9999.9 1 -9999.9 1   268.7 0 -9999.9 1
 1999 190  7  9 16 39 16.650  24.66   457.2 0 -9999.9 1 -9999.9 1   432.7 0   391.5 0   310.7 0   309.4 0   454.4 0   299.2 0   299.4 0    97.5 2   212.1 0 -9999.9 1   -62.9 0 -9999.9 1 -9999.9 1 -9999.9 1 -9999.9 1   259.7 0 -9999.9 1
 1999 190  7  9 16 42 16.700  24.22   443.8 0 -9999.9 1 -9999.9 1   422.7 0   396.0 0   310.8 0   309.4 0   454.5 0   299.2 0   299.4 0    93.5 2   204.0 0 -9999.9 1   -58.5 0 -9999.9 1 -9999.9 1 -9999.9 1 -9999.9 1   268.5 0 -9999.9 1
 1999 190  7  9 16 48 16.800  23.37   433.5 0 -9999.9 1 -9999.9 1   405.9 0   403.0 0   310.9 0   309.5 0   453.2 0   299.3 0   299.4 0    89.8 2   195.5 0 -9999.9 1   -50.2 0 -9999.9 1 -9999.9 1 -9999.9 1 -9999.9 1   267.5 0 -9999.9 1
 1999 190  7  9 16 51 16.850  22.97   453.4 0 -9999.9 1 -9999.9 1   415.0 0   410.1 0   311.1 0   309.5 0   453.2 0   299.4 0   299.6 0    91.2 2   203.4 0 -9999.9 1   -43.1 0 -9999.9 1 -9999.9 1 -9999.9 1 -9999.9 1   271.6 0 -9999.9 1
 1999 190  7  9 16 54 16.900  22.57   455.0 0 -9999.9 1 -9999.9 1   419.6 0   413.3 0   311.3 0   310.0 0   456.3 0   299.5 0   299.8 0    90.0 0   203.2 0 -9999.9 1   -43.1 0 -9999.9 1 -9999.9 1 -9999.9 1 -9999.9 1   265.6 0 -9999.9 1
 1999 190  7  9 16 57 16.950  22.18   561.8 0 -9999.9 1 -9999.9 1   492.4 0   406.4 0   311.5 0   310.1 0   459.3 0   299.7 0   299.9 0   112.2 0   255.0 0 -9999.9 1   -52.8 0 -9999.9 1 -9999.9 1 -9999.9 1 -9999.9 1   262.0 0 -9999.9 1
 1999 190  7  9 17  3 17.050  21.44   644.2 0 -9999.9 1 -9999.9 1   510.9 0   399.5 0   311.9 0   310.9 0   463.4 0   300.1 0   300.4 0   136.6 0   293.6 0 -9999.9 1   -63.9 0 -9999.9 1 -9999.9 1 -9999.9 1 -9999.9 1   264.8 0 -9999.9 1
 1999 190  7  9 17  6 17.100  21.09   657.2 0 -9999.9 1 -9999.9 1   507.9 0   395.6 0   312.0 0   310.7 0   463.4 0   300.1 0   300.3 0   143.6 0   301.0 0 -9999.9 1   -67.8 0 -9999.9 1 -9999.9 1 -9999.9 1 -9999.9 1   264.0 0 -9999.9 1
 1999 190  7  9 17  9 17.150  20.75   791.3 0 -9999.9 1 -9999.9 1   522.7 0   395.4 0   312.2 0   311.3 0   467.0 0   300.3 0   300.6 0   167.5 0   362.1 0 -9999.9 1   -71.5 0 -9999.9 1 -9999.9 1 -9999.9 1 -9999.9 1   258.6 0 -9999.9 1
 1999 190  7  9 17 12 17.200  20.42   867.3 0 -9999.9 1 -9999.9 1   526.7 0   396.4 0   312.6 0   311.8 0   472.7 0   300.5 0   300.9 0   179.6 0   392.9 0 -9999.9 1   -76.3 0 -9999.9 1 -9999.9 1 -9999.9 1 -9999.9 1   269.2 0 -9999.9 1
 1999 190  7  9 17 18 17.300  19.82   567.9 0 -9999.9 1 -9999.9 1   450.2 0   407.0 0   312.9 0   311.2 0   460.8 0   300.8 0   301.0 0   128.0 0   258.3 0 -9999.9 1   -53.9 0 -9999.9 1 -9999.9 1 -9999.9 1 -9999.9 1   279.5 0 -9999.9 1
 1999 190  7  9 17 21 17.350  19.54   855.1 0 -9999.9 1 -9999.9 1   534.8 0   411.0 0   313.0 0   312.0 0   470.3 0   300.9 0   301.2 0   167.4 0   381.9 0 -9999.9 1   -59.4 0 -9999.9 1 -9999.9 1 -9999.9 1 -9999.9 1   270.5 0 -9999.9 1
 1999 190  7  9 17 24 17.400  19.28   819.8 0 -9999.9 1 -9999.9 1   543.8 0   401.2 0   313.0 0   311.8 0   469.3 0   300.8 0   301.1 0   170.5 0   369.8 0 -9999.9 1   -68.2 0 -9999.9 1 -9999.9 1 -9999.9 1 -9999.9 1   264.8 0 -9999.9 1
 1999 190  7  9 17 27 17.450  19.04   746.6 0 -9999.9 1 -9999.9 1   547.4 0   401.8 0   313.2 0   312.2 0   469.7 0   301.0 0   301.3 0   161.8 0   341.0 0 -9999.9 1   -67.9 0 -9999.9 1 -9999.9 1 -9999.9 1 -9999.9 1   271.7 0 -9999.9 1
 1999 190  7  9 17 33 17.550  18.61   774.9 0 -9999.9 1 -9999.9 1   541.1 0   404.9 0   313.5 0   312.4 0   470.6 0   301.0 0   301.4 0   159.2 0   347.0 0 -9999.9 1   -65.6 0 -9999.9 1 -9999.9 1 -9999.9 1 -9999.9 1   278.2 0 -9999.9 1
 1999 190  7  9 17 36 17.600  18.42   608.8 0 -9999.9 1 -9999.9 1   502.9 0   407.5 0   313.6 0   312.3 0   465.6 0   301.1 0   301.4 0   130.8 0   275.0 0 -9999.9 1   -58.1 0 -9999.9 1 -9999.9 1 -9999.9 1 -9999.9 1   274.6 0 -9999.9 1
 1999 190  7  9 17 39 17.650  18.26   837.3 0 -9999.9 1 -9999.9 1   573.8 0   401.2 0   313.8 0   312.7 0   471.5 0   301.2 0   301.6 0   173.6 0   380.7 0 -9999.9 1   -70.3 0 -9999.9 1 -9999.9 1 -9999.9 1 -9999.9 1   275.7 0 -9999.9 1
 1999 190  7  9 17 42 17.700  18.11   796.7 0 -9999.9 1 -9999.9 1   593.6 0   399.3 0   313.9 0   313.0 0   470.1 0   301.2 0   301.5 0   163.1 0   361.6 0 -9999.9 1   -70.7 0 -9999.9 1 -9999.9 1 -9999.9 1 -9999.9 1   268.8 0 -9999.9 1
 1999 190  7  9 17 48 17.800  17.88   706.9 0 -9999.9 1 -9999.9 1   603.7 0   401.1 0   314.2 0   312.9 0   467.7 0   301.2 0   301.5 0   156.6 0   324.4 0 -9999.9 1   -66.7 0 -9999.9 1 -9999.9 1 -9999.9 1 -9999.9 1   284.9 0 -9999.9 1
 1999 190  7  9 17 51 17.850  17.80   766.1 0 -9999.9 1 -9999.9 1   585.0 0   405.4 0   314.3 0   313.0 0   470.5 0   301.3 0   301.6 0   159.4 0   344.3 0 -9999.9 1   -65.0 0 -9999.9 1 -9999.9 1 -9999.9 1 -9999.9 1   279.2 0 -9999.9 1
 1999 190  7  9 17 54 17.900  17.75   712.3 0 -9999.9 1 -9999.9 1   585.6 0   403.6 0   314.3 0   312.8 0   465.4 0   301.3 0   301.5 0   157.3 0   325.8 0 -9999.9 1   -61.8 0 -9999.9 1 -9999.9 1 -9999.9 1 -9999.9 1   281.0 0 -9999.9 1
 1999 190  7  9 17 57 17.950  17.71   782.8 0 -9999.9 1 -9999.9 1   587.5 0   403.2 0   314.4 0   312.8 0   467.2 0   301.3 0   301.5 0   172.5 0   361.3 0 -9999.9 1   -64.0 0 -9999.9 1 -9999.9 1 -9999.9 1 -9999.9 1   281.2 0 -9999.9 1
 1999 190  7  9 18  3 18.050  17.71   488.4 0 -9999.9 1 -9999.9 1   438.6 0   405.2 0   314.6 0   312.9 0   463.9 0   301.4 0   301.5 0   121.8 0   220.3 0 -9999.9 1   -58.7 0 -9999.9 1 -9999.9 1 -9999.9 1 -9999.9 1   288.7 0 -9999.9 1
 1999 190  7  9 18  6 18.100  17.74   458.6 0 -9999.9 1 -9999.9 1   435.9 0   411.3 0   314.5 0   312.8 0   458.8 0   301.2 0   301.3 0   108.1 0   206.7 0 -9999.9 1   -47.5 0 -9999.9 1 -9999.9 1 -9999.9 1 -9999.9 1   291.2 0 -9999.9 1
 1999 190  7  9 18  9 18.150  17.80   592.6 0 -9999.9 1 -9999.9 1   531.3 0   411.6 0   314.4 0   313.0 0   462.0 0   301.0 0   301.2 0   125.4 2   266.7 0 -9999.9 1   -50.4 0 -9999.9 1 -9999.9 1 -9999.9 1 -9999.9 1   275.6 0 -9999.9 1
 1999 190  7  9 18 12 18.200  17.88   521.1 0 -9999.9 1 -9999.9 1   483.3 0   412.1 0   314.4 0   312.9 0   462.6 0   301.0 0   301.2 0   113.3 2   234.0 0 -9999.9 1   -50.6 0 -9999.9 1 -9999.9 1 -9999.9 1 -9999.9 1   260.2 0 -9999.9 1
 1999 190  7  9 18 18 18.300  18.10   411.2 0 -9999.9 1 -9999.9 1   393.0 0   414.1 0   314.4 0   312.9 0   459.0 0   300.9 0   301.0 0    90.1 2   183.3 0 -9999.9 1   -44.9 0 -9999.9 1 -9999.9 1 -9999.9 1 -9999.9 1   265.9 0 -9999.9 1
 1999 190  7  9 18 21 18.350  18.24   389.0 0 -9999.9 1 -9999.9 1   372.9 0   414.2 0   314.2 0   312.5 0   455.8 0   300.8 0   300.8 0    83.2 2   173.1 0 -9999.9 1   -41.6 0 -9999.9 1 -9999.9 1 -9999.9 1 -9999.9 1   258.8 0 -9999.9 1
 1999 190  7  9 18 24 18.400  18.41   386.4 0 -9999.9 1 -9999.9 1   370.0 0   413.3 0   314.2 0   312.5 0   456.4 0   300.7 0   300.8 0    82.9 2   173.3 0 -9999.9 1   -43.2 0 -9999.9 1 -9999.9 1 -9999.9 1 -9999.9 1   264.9 0 -9999.9 1
 1999 190  7  9 18 27 18.450  18.59   377.9 0 -9999.9 1 -9999.9 1   361.3 0   413.1 0   314.2 0   312.8 0   457.6 0   300.7 0   300.7 0    81.4 2   169.3 0 -9999.9 1   -44.5 0 -9999.9 1 -9999.9 1 -9999.9 1 -9999.9 1   271.8 0 -9999.9 1
 1999 190  7  9 18 33 18.550  19.02   412.1 0 -9999.9 1 -9999.9 1   392.6 0   412.0 0   314.1 0   312.4 0   456.0 0   300.5 0   300.6 0    91.1 2   185.4 0 -9999.9 1   -44.0 0 -9999.9 1 -9999.9 1 -9999.9 1 -9999.9 1   263.9 0 -9999.9 1
 1999 190  7  9 18 36 18.600  19.26   424.1 0 -9999.9 1 -9999.9 1   405.1 0   411.3 0   314.0 0   312.2 0   454.6 0   300.5 0   300.6 0    97.4 2   193.4 0 -9999.9 1   -43.3 0 -9999.9 1 -9999.9 1 -9999.9 1 -9999.9 1   268.9 0 -9999.9 1
 1999 190  7  9 18 39 18.650  19.52   450.0 0 -9999.9 1 -9999.9 1   433.3 0   408.4 0   314.1 0   312.3 0   456.3 0   300.5 0   300.6 0   106.9 2   206.8 0 -9999.9 1   -47.9 0 -9999.9 1 -9999.9 1 -9999.9 1 -9999.9 1   268.0 0 -9999.9 1
 1999 190  7  9 18 42 18.700  19.80   527.9 0 -9999.9 1 -9999.9 1   481.7 0   413.3 0   314.1 0   312.5 0   460.4 0   300.5 0   300.7 0   116.8 2   242.3 0 -9999.9 1   -47.1 0 -9999.9 1 -9999.9 1 -9999.9 1 -9999.9 1   271.5 0 -9999.9 1
 1999 190  7  9 18 48 18.800  20.40   518.6 0 -9999.9 1 -9999.9 1   496.3 0   413.9 0   314.2 0   312.7 0   464.2 0   300.8 0   301.0 0   118.1 0   238.6 0 -9999.9 1   -50.3 0 -9999.9 1 -9999.9 1 -9999.9 1 -9999.9 1   279.8 0 -9999.9 1
 1999 190  7  9 18 51 18.850  20.72   456.8 0 -9999.9 1 -9999.9 1   440.1 0   416.3 0   314.2 0   312.5 0   460.1 0   300.9 0   301.0 0   104.9 0   211.5 0 -9999.9 1   -43.8 0 -9999.9 1 -9999.9 1 -9999.9 1 -9999.9 1   278.4 0 -9999.9 1
 1999 190  7  9 18 54 18.900  21.06   499.5 0 -9999.9 1 -9999.9 1   478.3 0   415.9 0   314.1 0   312.4 0   459.8 0   300.8 0   301.0 0   113.0 0   233.6 0 -9999.9 1   -43.9 0 -9999.9 1 -9999.9 1 -9999.9 1 -9999.9 1   283.4 0 -9999.9 1
 1999 190  7  9 18 57 18.950  21.41   544.1 0 -9999.9 1 -9999.9 1   504.7 0   415.5 0   314.1 0   312.6 0   461.5 0   300.8 0   301.0 0   122.1 0   256.5 0 -9999.9 1   -46.0 0 -9999.9 1 -9999.9 1 -9999.9 1 -9999.9 1   296.4 0 -9999.9 1
 1999 190  7  9 19  3 19.050  22.15   339.2 0 -9999.9 1 -9999.9 1   323.8 0   419.2 0   314.0 0   312.3 0   457.2 0   300.7 0   300.8 0    77.0 2   157.8 0 -9999.9 1   -38.0 0 -9999.9 1 -9999.9 1 -9999.9 1 -9999.9 1   291.4 0 -9999.9 1
 1999 190  7  9 19  6 19.100  22.53   211.8 0 -9999.9 1 -9999.9 1   201.8 0   423.1 0   314.0 0   311.9 0   452.9 0   300.7 0   300.7 0    46.6 0    96.9 0 -9999.9 1   -29.8 0 -9999.9 1 -9999.9 1 -9999.9 1 -9999.9 1   288.9 0 -9999.9 1
 1999 190  7  9 19  9 19.150  22.93   161.1 0 -9999.9 1 -9999.9 1   152.9 0   424.0 0   313.8 0   311.6 0   450.3 0   300.6 0   300.5 0    35.9 0    73.8 0 -9999.9 1   -26.3 0 -9999.9 1 -9999.9 1 -9999.9 1 -9999.9 1   284.2 0 -9999.9 1
 1999 190  7  9 19 12 19.200  23.34   156.0 0 -9999.9 1 -9999.9 1   147.2 0   421.6 0   313.5 0   311.5 0   449.1 0   300.4 0   300.3 0    35.1 0    71.4 0 -9999.9 1   -27.5 0 -9999.9 1 -9999.9 1 -9999.9 1 -9999.9 1   294.3 0 -9999.9 1
 1999 190  7  9 19 18 19.300  24.19   175.9 0 -9999.9 1 -9999.9 1   166.6 0   417.7 0   313.0 0   311.1 0   449.1 0   300.0 0   300.0 0    40.4 2    81.0 0 -9999.9 1   -31.5 0 -9999.9 1 -9999.9 1 -9999.9 1 -9999.9 1   292.8 0 -9999.9 1
 1999 190  7  9 19 21 19.350  24.62   208.3 0 -9999.9 1 -9999.9 1   198.5 0   415.3 0   312.9 0   311.2 0   450.8 0   300.0 0   300.0 0    48.4 0    98.5 0 -9999.9 1   -35.6 0 -9999.9 1 -9999.9 1 -9999.9 1 -9999.9 1   286.7 0 -9999.9 1
 1999 190  7  9 19 24 19.400  25.07   192.5 0 -9999.9 1 -9999.9 1   183.5 0   415.3 0   312.8 0   311.0 0   450.7 0   299.9 0   299.9 0    43.3 0    90.2 0 -9999.9 1   -35.5 0 -9999.9 1 -9999.9 1 -9999.9 1 -9999.9 1   289.7 0 -9999.9 1
 1999 190  7  9 19 27 19.450  25.52   167.1 0 -9999.9 1 -9999.9 1   159.1 0   417.2 0   312.7 0   311.1 0   450.4 0   299.9 0   299.9 0    36.2 0    77.1 0 -9999.9 1   -33.2 0 -9999.9 1 -9999.9 1 -9999.9 1 -9999.9 1   288.5 0 -9999.9 1
 1999 190  7  9 19 33 19.550  26.44   145.9 0 -9999.9 1 -9999.9 1   139.0 0   425.8 0   312.6 0   310.8 0   449.6 0   299.8 0   299.8 0    30.6 0    64.0 0 -9999.9 1   -23.8 0 -9999.9 1 -9999.9 1 -9999.9 1 -9999.9 1   294.4 0 -9999.9 1
 1999 190  7  9 19 36 19.600  26.92   139.1 0 -9999.9 1 -9999.9 1   133.4 0   431.5 0   312.5 0   310.5 0   449.9 0   299.8 0   299.8 0    28.2 0    59.5 0 -9999.9 1   -18.4 0 -9999.9 1 -9999.9 1 -9999.9 1 -9999.9 1   302.5 0 -9999.9 1
 1999 190  7  9 19 39 19.650  27.40   145.3 0 -9999.9 1 -9999.9 1   139.1 0   429.2 0   312.4 0   310.6 0   448.2 0   299.8 0   299.8 0    29.0 0    62.3 0 -9999.9 1   -19.0 0 -9999.9 1 -9999.9 1 -9999.9 1 -9999.9 1   310.9 0 -9999.9 1
 1999 190  7  9 19 42 19.700  27.88   160.1 0 -9999.9 1 -9999.9 1   153.8 0   426.4 0   312.4 0   310.4 0   446.0 0   299.7 0   299.7 0    31.9 0    69.7 0 -9999.9 1   -19.6 0 -9999.9 1 -9999.9 1 -9999.9 1 -9999.9 1   302.2 0 -9999.9 1
 1999 190  7  9 19 48 19.800  28.87   208.4 0 -9999.9 1 -9999.9 1   201.2 0   412.9 0   312.0 0   310.2 0   444.7 0   299.4 0   299.4 0    43.6 0    95.1 0 -9999.9 1   -31.8 0 -9999.9 1 -9999.9 1 -9999.9 1 -9999.9 1   301.0 0 -9999.9 1
 1999 190  7  9 19 51 19.850  29.37   230.0 0 -9999.9 1 -9999.9 1   221.8 0   411.0 0   312.0 0   310.4 0   446.1 0   299.4 0   299.5 0    48.1 0   105.2 0 -9999.9 1   -35.1 0 -9999.9 1 -9999.9 1 -9999.9 1 -9999.9 1   298.2 0 -9999.9 1
 1999 190  7  9 19 54 19.900  29.87   251.8 0 -9999.9 1 -9999.9 1   242.5 0   409.3 0   312.1 0   310.7 0   448.0 0   299.5 0   299.5 0    52.8 0   115.4 0 -9999.9 1   -38.7 0 -9999.9 1 -9999.9 1 -9999.9 1 -9999.9 1   293.8 0 -9999.9 1
 1999 190  7  9 19 57 19.950  30.38   260.0 0 -9999.9 1 -9999.9 1   250.8 0   412.7 0   312.1 0   310.5 0   449.4 0   299.5 0   299.6 0    55.3 0   118.7 0 -9999.9 1   -36.7 0 -9999.9 1 -9999.9 1 -9999.9 1 -9999.9 1   305.6 0 -9999.9 1
 1999 190  7  9 20  3 20.050  31.42   280.3 0 -9999.9 1 -9999.9 1   272.0 0   411.6 0   312.2 0   310.7 0   450.7 0   299.6 0   299.6 0    58.2 0   127.0 0 -9999.9 1   -39.2 0 -9999.9 1 -9999.9 1 -9999.9 1 -9999.9 1   306.5 0 -9999.9 1
 1999 190  7  9 20  6 20.100  31.94   290.1 0 -9999.9 1 -9999.9 1   280.5 0   409.5 0   312.2 0   311.0 0   451.9 0   299.6 0   299.6 0    59.3 0   130.5 0 -9999.9 1   -42.4 0 -9999.9 1 -9999.9 1 -9999.9 1 -9999.9 1   311.8 0 -9999.9 1
 1999 190  7  9 20  9 20.150  32.46   307.4 0 -9999.9 1 -9999.9 1   297.5 0   408.2 0   312.2 0   310.8 0   450.4 0   299.5 0   299.6 0    62.3 0   137.7 0 -9999.9 1   -42.2 0 -9999.9 1 -9999.9 1 -9999.9 1 -9999.9 1   313.1 0 -9999.9 1
 1999 190  7  9 20 12 20.200  32.99   355.7 0 -9999.9 1 -9999.9 1   336.1 0   401.2 0   312.3 0   311.0 0   452.1 0   299.4 0   299.5 0    72.4 0   161.8 0 -9999.9 1   -50.9 0 -9999.9 1 -9999.9 1 -9999.9 1 -9999.9 1   308.3 0 -9999.9 1
 1999 190  7  9 20 18 20.300  34.06   473.8 0 -9999.9 1 -9999.9 1   414.9 0   389.3 0   312.5 0   311.4 0   457.4 0   299.5 0   299.7 0    93.9 0   219.4 0 -9999.9 1   -68.2 0 -9999.9 1 -9999.9 1 -9999.9 1 -9999.9 1   305.7 0 -9999.9 1
 1999 190  7  9 20 21 20.350  34.60   552.1 0 -9999.9 1 -9999.9 1   442.5 0   387.7 0   312.6 0   311.5 0   460.3 0   299.5 0   299.8 0   103.5 0   254.1 0 -9999.9 1   -72.5 0 -9999.9 1 -9999.9 1 -9999.9 1 -9999.9 1   299.8 0 -9999.9 1
 1999 190  7  9 20 24 20.400  35.14   730.6 0 -9999.9 1 -9999.9 1   477.8 0   387.4 0   312.8 0   311.8 0   463.2 0   299.6 0   299.9 0   125.3 2   338.3 0 -9999.9 1   -75.8 0 -9999.9 1 -9999.9 1 -9999.9 1 -9999.9 1   299.0 0 -9999.9 1
 1999 190  7  9 20 27 20.450  35.68   917.3 0 -9999.9 1 -9999.9 1   492.1 0   385.5 0   313.1 0   312.3 0   469.3 0   299.8 0   300.3 0   150.4 2   420.1 0 -9999.9 1   -83.8 0 -9999.9 1 -9999.9 1 -9999.9 1 -9999.9 1   299.8 0 -9999.9 1
 1999 190  7  9 20 33 20.550  36.77   955.6 0 -9999.9 1 -9999.9 1   415.9 0   382.9 0   314.0 0   313.5 0   476.9 0   300.6 0   301.1 0   161.7 0   440.9 0 -9999.9 1   -94.0 0 -9999.9 1 -9999.9 1 -9999.9 1 -9999.9 1   299.5 0 -9999.9 1
 1999 190  7  9 20 36 20.600  37.32  1032.0 0 -9999.9 1 -9999.9 1   346.5 0   381.5 0   314.4 0   314.0 0   479.4 0   301.0 0   301.5 0   169.4 0   474.4 0 -9999.9 1   -97.8 0 -9999.9 1 -9999.9 1 -9999.9 1 -9999.9 1   294.5 0 -9999.9 1
 1999 190  7  9 20 39 20.650  37.87   976.2 0 -9999.9 1 -9999.9 1   294.1 0   381.2 0   314.8 0   313.9 0   472.9 0   301.2 0   301.6 0   161.9 0   450.7 0 -9999.9 1   -91.7 0 -9999.9 1 -9999.9 1 -9999.9 1 -9999.9 1   297.9 0 -9999.9 1
 1999 190  7  9 20 42 20.700  38.43   915.2 0 -9999.9 1 -9999.9 1   250.5 0   378.2 0   315.1 0   314.2 0   474.6 0   301.3 0   301.7 0   153.1 0   423.4 0 -9999.9 1   -96.4 0 -9999.9 1 -9999.9 1 -9999.9 1 -9999.9 1   297.7 0 -9999.9 1
 1999 190  7  9 20 48 20.800  39.54   862.8 0 -9999.9 1 -9999.9 1   193.3 0   374.8 0   315.4 0   314.5 0   472.7 0   301.4 0   301.7 0   144.7 2   400.0 0 -9999.9 1   -97.9 0 -9999.9 1 -9999.9 1 -9999.9 1 -9999.9 1   294.8 0 -9999.9 1
 1999 190  7  9 20 51 20.850  40.10   847.8 0 -9999.9 1 -9999.9 1   186.6 0   373.0 0   315.5 0   314.4 0   468.6 0   301.4 0   301.7 0   141.1 2   394.4 0 -9999.9 1   -95.7 0 -9999.9 1 -9999.9 1 -9999.9 1 -9999.9 1   287.6 0 -9999.9 1
 1999 190  7  9 20 54 20.900  40.66   823.0 0 -9999.9 1 -9999.9 1   182.6 0   374.4 0   315.6 0   314.2 0   467.6 0   301.4 0   301.7 0   135.1 2   382.8 0 -9999.9 1   -93.2 0 -9999.9 1 -9999.9 1 -9999.9 1 -9999.9 1   297.9 0 -9999.9 1
 1999 190  7  9 20 57 20.950  41.22   851.4 0 -9999.9 1 -9999.9 1   188.7 0   375.5 0   315.8 0   314.4 0   470.6 0   301.5 0   301.8 0   134.5 2   395.3 0 -9999.9 1   -95.1 0 -9999.9 1 -9999.9 1 -9999.9 1 -9999.9 1   290.5 0 -9999.9 1
 1999 190  7  9 21  3 21.050  42.34   852.9 0 -9999.9 1 -9999.9 1   198.5 0   377.9 0   315.9 0   314.5 0   468.3 0   301.5 0   301.8 0   130.6 2   396.7 0 -9999.9 1   -90.4 0 -9999.9 1 -9999.9 1 -9999.9 1 -9999.9 1   292.9 0 -9999.9 1
 1999 190  7  9 21  6 21.100  42.91   848.7 0 -9999.9 1 -9999.9 1   198.6 0   378.4 0   316.1 0   314.8 0   470.4 0   301.6 0   301.9 0   127.1 0   394.1 0 -9999.9 1   -92.1 0 -9999.9 1 -9999.9 1 -9999.9 1 -9999.9 1   290.5 0 -9999.9 1
 1999 190  7  9 21  9 21.150  43.47   797.0 0 -9999.9 1 -9999.9 1   206.3 0   378.2 0   316.3 0   315.0 0   471.0 0   301.7 0   302.0 0   118.8 0   369.5 0 -9999.9 1   -92.9 0 -9999.9 1 -9999.9 1 -9999.9 1 -9999.9 1   287.5 0 -9999.9 1
 1999 190  7  9 21 12 21.200  44.04   696.7 0 -9999.9 1 -9999.9 1   225.7 0   377.0 0   316.4 0   315.2 0   469.4 0   301.8 0   302.0 0   103.6 0   322.5 0 -9999.9 1   -92.5 0 -9999.9 1 -9999.9 1 -9999.9 1 -9999.9 1   286.5 0 -9999.9 1
 1999 190  7  9 21 18 21.300  45.17   478.1 0 -9999.9 1 -9999.9 1   253.6 0   383.5 0   316.2 0   314.3 0   461.0 0   301.6 0   301.7 0    71.7 0   220.7 0 -9999.9 1   -77.5 0 -9999.9 1 -9999.9 1 -9999.9 1 -9999.9 1   286.4 0 -9999.9 1
 1999 190  7  9 21 21 21.350  45.74   345.8 0 -9999.9 1 -9999.9 1   251.9 0   383.0 0   315.9 0   313.9 0   457.4 0   301.4 0   301.4 0    57.4 0   158.3 0 -9999.9 1   -74.4 0 -9999.9 1 -9999.9 1 -9999.9 1 -9999.9 1   285.6 0 -9999.9 1
 1999 190  7  9 21 24 21.400  46.31   275.2 0 -9999.9 1 -9999.9 1   242.4 0   387.4 0   315.7 0   313.5 0   452.6 0   301.3 0   301.2 0    48.2 0   125.3 0 -9999.9 1   -65.2 0 -9999.9 1 -9999.9 1 -9999.9 1 -9999.9 1   295.9 0 -9999.9 1
 1999 190  7  9 21 27 21.450  46.88   292.2 0 -9999.9 1 -9999.9 1   249.9 0   388.8 0   315.5 0   313.2 0   451.0 0   301.0 0   301.0 0    47.6 0   133.1 0 -9999.9 1   -62.2 0 -9999.9 1 -9999.9 1 -9999.9 1 -9999.9 1   308.8 0 -9999.9 1
 1999 190  7  9 21 33 21.550  48.03   312.9 0 -9999.9 1 -9999.9 1   268.5 0   386.3 0   315.2 0   313.1 0   453.4 0   300.7 0   300.8 0    48.3 0   141.7 0 -9999.9 1   -67.1 0 -9999.9 1 -9999.9 1 -9999.9 1 -9999.9 1   302.6 0 -9999.9 1
 1999 190  7  9 21 36 21.600  48.60   302.2 0 -9999.9 1 -9999.9 1   268.0 0   385.1 0   315.0 0   313.2 0   452.2 0   300.6 0   300.6 0    46.8 0   136.9 0 -9999.9 1   -67.1 0 -9999.9 1 -9999.9 1 -9999.9 1 -9999.9 1   306.7 0 -9999.9 1
 1999 190  7  9 21 39 21.650  49.17   354.7 0 -9999.9 1 -9999.9 1   279.6 0   383.5 0   314.9 0   313.3 0   454.8 0   300.6 0   300.6 0    50.6 0   161.9 0 -9999.9 1   -71.2 0 -9999.9 1 -9999.9 1 -9999.9 1 -9999.9 1   301.9 0 -9999.9 1
 1999 190  7  9 21 42 21.700  49.74   442.8 0 -9999.9 1 -9999.9 1   305.3 0   384.5 0   314.9 0   313.4 0   458.5 0   300.6 0   300.7 0    58.6 0   203.2 0 -9999.9 1   -74.0 0 -9999.9 1 -9999.9 1 -9999.9 1 -9999.9 1   310.0 0 -9999.9 1
 1999 190  7  9 21 48 21.800  50.89   376.0 0 -9999.9 1 -9999.9 1   309.5 0   385.5 0   315.1 0   313.4 0   458.6 0   300.8 0   300.9 0    55.0 0   172.3 0 -9999.9 1   -73.1 0 -9999.9 1 -9999.9 1 -9999.9 1 -9999.9 1   309.0 0 -9999.9 1
 1999 190  7  9 21 51 21.850  51.46   353.7 0 -9999.9 1 -9999.9 1   294.2 0   386.4 0   315.0 0   313.1 0   455.7 0   300.8 0   300.9 0    50.4 0   163.7 0 -9999.9 1   -69.4 0 -9999.9 1 -9999.9 1 -9999.9 1 -9999.9 1   302.3 0 -9999.9 1
 1999 190  7  9 21 54 21.900  52.03   456.9 0 -9999.9 1 -9999.9 1   313.8 0   381.4 0   314.8 0   313.4 0   459.9 0   300.6 0   300.8 0    55.8 0   211.3 0 -9999.9 1   -78.5 0 -9999.9 1 -9999.9 1 -9999.9 1 -9999.9 1   297.8 0 -9999.9 1
 1999 190  7  9 21 57 21.950  52.61   581.7 0 -9999.9 1 -9999.9 1   352.4 0   378.7 0   314.7 0   313.8 0   464.5 0   300.5 0   300.8 0    65.2 2   267.2 0 -9999.9 1   -85.9 0 -9999.9 1 -9999.9 1 -9999.9 1 -9999.9 1   287.5 0 -9999.9 1
 1999 190  7  9 22  3 22.050  53.76   622.8 0 -9999.9 1 -9999.9 1   383.6 0   385.6 0   315.2 0   314.3 0   470.5 0   301.1 0   301.4 0    67.9 0   284.6 0 -9999.9 1   -84.9 0 -9999.9 1 -9999.9 1 -9999.9 1 -9999.9 1   296.7 0 -9999.9 1
 1999 190  7  9 22  6 22.100  54.33   408.2 0 -9999.9 1 -9999.9 1   362.0 0   391.1 0   315.3 0   313.8 0   462.2 0   301.2 0   301.4 0    54.2 0   189.5 0 -9999.9 1   -71.1 0 -9999.9 1 -9999.9 1 -9999.9 1 -9999.9 1   287.5 0 -9999.9 1
 1999 190  7  9 22  9 22.150  54.90   363.6 0 -9999.9 1 -9999.9 1   348.6 0   399.0 0   315.1 0   313.3 0   455.9 0   301.1 0   301.1 0    48.3 0   167.2 0 -9999.9 1   -56.8 0 -9999.9 1 -9999.9 1 -9999.9 1 -9999.9 1   288.5 0 -9999.9 1
 1999 190  7  9 22 12 22.200  55.48   292.0 0 -9999.9 1 -9999.9 1   283.9 0   408.8 0   315.1 0   313.4 0   454.8 0   301.1 0   301.1 0    38.7 0   130.5 0 -9999.9 1   -46.0 0 -9999.9 1 -9999.9 1 -9999.9 1 -9999.9 1   300.0 0 -9999.9 1
 1999 190  7  9 22 18 22.300  56.62   241.0 0 -9999.9 1 -9999.9 1   211.5 0   411.2 0   314.9 0   313.2 0   451.4 0   300.8 0   300.7 0    26.8 0   107.6 0 -9999.9 1   -40.2 0 -9999.9 1 -9999.9 1 -9999.9 1 -9999.9 1   301.6 0 -9999.9 1
 1999 190  7  9 22 21 22.350  57.20   396.1 0 -9999.9 1 -9999.9 1   277.7 0   396.9 0   314.9 0   313.3 0   457.8 0   300.7 0   300.8 0    38.7 0   180.8 0 -9999.9 1   -60.9 0 -9999.9 1 -9999.9 1 -9999.9 1 -9999.9 1   311.6 0 -9999.9 1
 1999 190  7  9 22 24 22.400  57.77   438.9 0 -9999.9 1 -9999.9 1   295.4 0   386.2 0   314.9 0   313.3 0   457.6 0   300.6 0   300.8 0    43.5 0   202.2 0 -9999.9 1   -71.4 0 -9999.9 1 -9999.9 1 -9999.9 1 -9999.9 1   328.3 0 -9999.9 1
 1999 190  7  9 22 27 22.450  58.34   497.5 0 -9999.9 1 -9999.9 1   306.7 0   388.0 0   315.0 0   313.3 0   458.0 0   300.6 0   300.8 0    45.2 0   229.9 0 -9999.9 1   -70.1 0 -9999.9 1 -9999.9 1 -9999.9 1 -9999.9 1   336.6 0 -9999.9 1
 1999 190  7  9 22 33 22.550  59.49   682.1 0 -9999.9 1 -9999.9 1   330.7 0   389.0 0   315.2 0   313.7 0   462.3 0   300.6 0   300.9 0    52.1 2   312.0 0 -9999.9 1   -73.4 0 -9999.9 1 -9999.9 1 -9999.9 1 -9999.9 1   328.7 0 -9999.9 1
 1999 190  7  9 22 36 22.600  60.06   591.5 0 -9999.9 1 -9999.9 1   298.9 0   386.8 0   315.3 0   313.6 0   461.1 0   300.7 0   301.0 0    51.5 2   271.1 0 -9999.9 1   -74.3 0 -9999.9 1 -9999.9 1 -9999.9 1 -9999.9 1   333.5 0 -9999.9 1
 1999 190  7  9 22 39 22.650  60.63   621.5 0 -9999.9 1 -9999.9 1   285.6 0   385.8 0   315.4 0   313.5 0   460.8 0   300.8 0   301.0 0    49.2 2   284.9 0 -9999.9 1   -75.0 0 -9999.9 1 -9999.9 1 -9999.9 1 -9999.9 1   324.1 0 -9999.9 1
 1999 190  7  9 22 42 22.700  61.20   557.5 0 -9999.9 1 -9999.9 1   275.2 0   384.0 0   315.4 0   313.6 0   458.8 0   300.8 0   301.1 0    46.9 2   257.5 0 -9999.9 1   -74.8 0 -9999.9 1 -9999.9 1 -9999.9 1 -9999.9 1   326.7 0 -9999.9 1
 1999 190  7  9 22 48 22.800  62.34   463.2 0 -9999.9 1 -9999.9 1   231.4 0   381.0 0   315.6 0   313.8 0   457.0 0   300.9 0   301.1 0    41.7 2   216.1 0 -9999.9 1   -76.0 0 -9999.9 1 -9999.9 1 -9999.9 1 -9999.9 1   324.3 0 -9999.9 1
 1999 190  7  9 22 51 22.850  62.91   335.5 0 -9999.9 1 -9999.9 1   213.1 0   378.8 0   315.6 0   313.8 0   454.3 0   300.9 0   301.0 0    34.2 0   157.3 0 -9999.9 1   -75.5 0 -9999.9 1 -9999.9 1 -9999.9 1 -9999.9 1   318.2 0 -9999.9 1
 1999 190  7  9 22 54 22.900  63.48   396.2 0 -9999.9 1 -9999.9 1   209.5 0   377.7 0   315.5 0   313.9 0   455.5 0   300.8 0   301.0 0    32.0 0   184.1 0 -9999.9 1   -77.8 0 -9999.9 1 -9999.9 1 -9999.9 1 -9999.9 1   322.9 0 -9999.9 1
 1999 190  7  9 22 57 22.950  64.04   348.0 0 -9999.9 1 -9999.9 1   209.8 0   378.2 0   315.5 0   313.7 0   453.0 0   300.7 0   300.8 0    29.2 2   162.2 0 -9999.9 1   -74.7 0 -9999.9 1 -9999.9 1 -9999.9 1 -9999.9 1   317.1 0 -9999.9 1
 1999 190  7  9 23  3 23.050  65.18   229.8 0 -9999.9 1 -9999.9 1   213.8 0   383.7 0   315.2 0   313.3 0   448.0 0   300.5 0   300.5 0    24.8 0   107.8 0 -9999.9 1   -64.3 0 -9999.9 1 -9999.9 1 -9999.9 1 -9999.9 1   311.9 0 -9999.9 1
 1999 190  7  9 23  6 23.100  65.74   214.3 0 -9999.9 1 -9999.9 1   207.0 0   386.1 0   315.0 0   312.9 0   447.3 0   300.4 0   300.3 0    23.2 0    99.6 0 -9999.9 1   -61.2 0 -9999.9 1 -9999.9 1 -9999.9 1 -9999.9 1   309.1 0 -9999.9 1
 1999 190  7  9 23  9 23.150  66.31   205.6 0 -9999.9 1 -9999.9 1   198.6 0   389.4 0   314.7 0   312.7 0   447.0 0   300.2 0   300.1 0    21.5 0    94.9 0 -9999.9 1   -57.6 0 -9999.9 1 -9999.9 1 -9999.9 1 -9999.9 1   319.1 0 -9999.9 1
 1999 190  7  9 23 12 23.200  66.87   197.8 0 -9999.9 1 -9999.9 1   189.8 0   391.8 0   314.6 0   312.8 0   447.5 0   300.0 0   300.0 0    19.2 2    90.3 0 -9999.9 1   -55.7 0 -9999.9 1 -9999.9 1 -9999.9 1 -9999.9 1   319.0 0 -9999.9 1
 1999 190  7  9 23 18 23.300  68.00   181.1 0 -9999.9 1 -9999.9 1   172.3 0   396.8 0   314.3 0   312.4 0   447.1 0   299.8 0   299.7 0    15.6 2    81.2 0 -9999.9 1   -50.3 0 -9999.9 1 -9999.9 1 -9999.9 1 -9999.9 1   325.6 0 -9999.9 1
 1999 190  7  9 23 21 23.350  68.56   177.3 0 -9999.9 1 -9999.9 1   168.9 0   395.6 0   314.1 0   312.2 0   446.7 0   299.6 0   299.6 0    15.1 2    79.5 0 -9999.9 1   -51.1 0 -9999.9 1 -9999.9 1 -9999.9 1 -9999.9 1   322.0 0 -9999.9 1
 1999 190  7  9 23 24 23.400  69.12   226.8 0 -9999.9 1 -9999.9 1   176.2 0   394.1 0   314.0 0   312.1 0   447.4 0   299.5 0   299.5 0    15.5 2   103.3 0 -9999.9 1   -53.3 0 -9999.9 1 -9999.9 1 -9999.9 1 -9999.9 1   321.3 0 -9999.9 1
 1999 190  7  9 23 27 23.450  69.68   334.4 0 -9999.9 1 -9999.9 1   193.9 0   390.1 0   314.0 0   312.4 0   452.2 0   299.5 0   299.6 0    16.9 2   150.1 0 -9999.9 1   -62.2 0 -9999.9 1 -9999.9 1 -9999.9 1 -9999.9 1   315.0 0 -9999.9 1
 1999 190  7  9 23 33 23.550  70.80   395.0 0 -9999.9 1 -9999.9 1   204.1 0   385.0 0   314.1 0   312.6 0   454.7 0   299.6 0   299.8 0    17.5 2   176.1 0 -9999.9 1   -69.7 0 -9999.9 1 -9999.9 1 -9999.9 1 -9999.9 1   317.4 0 -9999.9 1
 1999 190  7  9 23 36 23.600  71.35   272.7 0 -9999.9 1 -9999.9 1   203.1 0   383.1 0   314.3 0   312.3 0   450.7 0   299.8 0   299.9 0    17.0 0   124.9 0 -9999.9 1   -67.5 0 -9999.9 1 -9999.9 1 -9999.9 1 -9999.9 1   314.3 0 -9999.9 1
 1999 190  7  9 23 39 23.650  71.91   257.8 0 -9999.9 1 -9999.9 1   195.2 0   378.2 0   314.3 0   312.2 0   447.8 0   299.7 0   299.8 0    16.7 0   118.6 0 -9999.9 1   -69.7 0 -9999.9 1 -9999.9 1 -9999.9 1 -9999.9 1   320.8 0 -9999.9 1
 1999 190  7  9 23 42 23.700  72.46   327.0 0 -9999.9 1 -9999.9 1   184.1 0   373.8 0   314.2 0   312.3 0   449.9 0   299.6 0   299.8 0    16.3 0   148.3 0 -9999.9 1   -76.1 0 -9999.9 1 -9999.9 1 -9999.9 1 -9999.9 1   316.9 0 -9999.9 1
 1999 190  7  9 23 48 23.800  73.57   316.0 0 -9999.9 1 -9999.9 1   161.8 0   369.7 0   314.3 0   312.5 0   448.7 0   299.6 0   299.7 0    14.4 2   144.8 0 -9999.9 1   -78.9 0 -9999.9 1 -9999.9 1 -9999.9 1 -9999.9 1   321.3 0 -9999.9 1
 1999 190  7  9 23 51 23.850  74.12   321.9 0 -9999.9 1 -9999.9 1   153.7 0   370.4 0   314.4 0   312.6 0   449.7 0   299.6 0   299.8 0    13.9 0   147.3 0 -9999.9 1   -79.4 0 -9999.9 1 -9999.9 1 -9999.9 1 -9999.9 1   327.6 0 -9999.9 1
 1999 190  7  9 23 54 23.900  74.67   298.0 0 -9999.9 1 -9999.9 1   145.1 0   371.0 0   314.7 0   312.7 0   449.1 0   299.8 0   299.9 0    13.2 0   137.1 0 -9999.9 1   -78.0 0 -9999.9 1 -9999.9 1 -9999.9 1 -9999.9 1   325.3 0 -9999.9 1
 1999 190  7  9 23 57 23.950  75.21   280.8 0 -9999.9 1 -9999.9 1   136.4 0   372.4 0   314.9 0   312.9 0   449.2 0   299.9 0   300.0 0    12.3 0   129.8 0 -9999.9 1   -76.8 0 -9999.9 1 -9999.9 1 -9999.9 1 -9999.9 1   321.9 0 -9999.9 1
