 Bondville
   40.05  -88.37  213 m version 1
 1999 174  6 23  0  3  0.050  76.20    66.9 0 -9999.9 1 -9999.9 1    62.5 0   365.1 0   316.2 0   315.2 0   436.5 0   299.3 0   299.2 0     5.5 0    32.8 0 -9999.9 1   -71.4 0 -9999.9 1 -9999.9 1 -9999.9 1 -9999.9 1   267.5 0 -9999.9 1
 1999 174  6 23  0  6  0.100  76.74    65.9 0 -9999.9 1 -9999.9 1    61.7 0   362.7 0   316.2 0   315.5 0   435.8 0   299.2 0   299.1 0     5.1 0    32.5 0 -9999.9 1   -73.1 0 -9999.9 1 -9999.9 1 -9999.9 1 -9999.9 1   248.2 0 -9999.9 1
 1999 174  6 23  0  9  0.150  77.28    67.7 0 -9999.9 1 -9999.9 1    64.0 0   362.5 0   316.0 0   315.3 0   434.6 0   298.9 0   298.9 0     4.8 0    32.9 0 -9999.9 1   -72.0 0 -9999.9 1 -9999.9 1 -9999.9 1 -9999.9 1   236.8 0 -9999.9 1
 1999 174  6 23  0 12  0.200  77.81    71.0 0 -9999.9 1 -9999.9 1    67.4 0   364.2 0   316.1 0   315.3 0   435.9 0   298.9 0   298.8 0     4.7 0    34.1 0 -9999.9 1   -71.7 0 -9999.9 1 -9999.9 1 -9999.9 1 -9999.9 1   224.3 0 -9999.9 1
 1999 174  6 23  0 18  0.300  78.88    75.4 0 -9999.9 1 -9999.9 1    72.1 0   374.3 0   316.1 0   314.5 0   436.0 0   298.8 0   298.7 0     4.1 0    35.8 0 -9999.9 1   -61.8 0 -9999.9 1 -9999.9 1 -9999.9 1 -9999.9 1   140.9 0 -9999.9 1
 1999 174  6 23  0 21  0.350  79.41    76.8 0 -9999.9 1 -9999.9 1    75.7 0   383.2 0   316.0 0   312.8 0   431.1 0   298.6 0   298.4 0     3.8 0    36.2 0 -9999.9 1   -47.8 0 -9999.9 1 -9999.9 1 -9999.9 1 -9999.9 1   133.7 0 -9999.9 1
 1999 174  6 23  0 24  0.400  79.94    77.3 0 -9999.9 1 -9999.9 1    77.8 0   391.0 0   315.6 0   311.9 0   425.9 0   298.1 0   297.8 0     3.4 0    36.7 0 -9999.9 1   -34.9 0 -9999.9 1 -9999.9 1 -9999.9 1 -9999.9 1   133.1 0 -9999.9 1
 1999 174  6 23  0 27  0.450  80.46    78.5 0 -9999.9 1 -9999.9 1    80.0 0   394.6 0   315.1 0   311.1 0   425.4 0   297.5 0   297.2 0     3.1 0    36.8 0 -9999.9 1   -30.7 0 -9999.9 1 -9999.9 1 -9999.9 1 -9999.9 1   126.5 0 -9999.9 1
 1999 174  6 23  0 33  0.550  81.51    67.8 0 -9999.9 1 -9999.9 1    69.4 0   381.6 0   313.8 0   310.1 0   423.8 0   296.5 0   296.2 0     2.7 0    32.0 0 -9999.9 1   -42.2 0 -9999.9 1 -9999.9 1 -9999.9 1 -9999.9 1   123.0 0 -9999.9 1
 1999 174  6 23  0 36  0.600  82.02    57.1 0 -9999.9 1 -9999.9 1    58.4 0   378.0 0   313.1 0   309.7 0   424.0 0   296.1 0   295.9 0     2.4 0    27.3 0 -9999.9 1   -46.0 0 -9999.9 1 -9999.9 1 -9999.9 1 -9999.9 1   123.2 0 -9999.9 1
 1999 174  6 23  0 39  0.650  82.54    49.3 0 -9999.9 1 -9999.9 1    50.9 0   374.4 0   312.5 0   309.5 0   424.0 0   295.8 0   295.6 0     2.1 0    23.8 0 -9999.9 1   -49.6 0 -9999.9 1 -9999.9 1 -9999.9 1 -9999.9 1   117.8 0 -9999.9 1
 1999 174  6 23  0 42  0.700  83.05    40.5 0 -9999.9 1 -9999.9 1    42.9 0   374.3 0   312.0 0   309.1 0   423.6 0   295.6 0   295.5 0     1.8 0    19.7 0 -9999.9 1   -49.3 0 -9999.9 1 -9999.9 1 -9999.9 1 -9999.9 1   110.4 0 -9999.9 1
 1999 174  6 23  0 48  0.800  84.07    24.7 0 -9999.9 1 -9999.9 1    28.9 0   373.0 0   311.1 0   308.0 0   422.9 0   295.4 0   295.3 0     1.4 0    12.9 0 -9999.9 1   -50.0 0 -9999.9 1 -9999.9 1 -9999.9 1 -9999.9 1   102.8 0 -9999.9 1
 1999 174  6 23  0 51  0.850  84.58    18.1 0 -9999.9 1 -9999.9 1    22.5 0   372.7 0   310.5 0   307.6 0   421.9 0   295.2 0   295.1 0     1.1 0    10.1 0 -9999.9 1   -49.2 0 -9999.9 1 -9999.9 1 -9999.9 1 -9999.9 1   100.9 0 -9999.9 1
 1999 174  6 23  0 54  0.900  85.08    13.1 0 -9999.9 1 -9999.9 1    17.8 0   372.2 0   310.0 0   307.3 0   420.9 0   295.0 0   294.9 0     1.0 0     7.9 0 -9999.9 1   -48.7 0 -9999.9 1 -9999.9 1 -9999.9 1 -9999.9 1   100.2 0 -9999.9 1
 1999 174  6 23  0 57  0.950  85.57    10.1 0 -9999.9 1 -9999.9 1    15.0 0   375.2 0   309.6 0   307.0 0   420.9 0   294.9 0   294.8 0     0.8 0     6.3 0 -9999.9 1   -45.6 0 -9999.9 1 -9999.9 1 -9999.9 1 -9999.9 1   107.5 0 -9999.9 1
 1999 174  6 23  1  3  1.050  86.55     5.8 0 -9999.9 1 -9999.9 1    11.5 0   384.5 0   309.0 0   306.8 0   421.1 0   294.8 0   294.8 0     0.6 0     4.3 0 -9999.9 1   -36.6 0 -9999.9 1 -9999.9 1 -9999.9 1 -9999.9 1   116.4 0 -9999.9 1
 1999 174  6 23  1  6  1.100  87.03     4.4 0 -9999.9 1 -9999.9 1     9.7 0   387.1 0   308.7 0   306.7 0   420.9 0   294.8 0   294.7 0     0.5 0     3.5 0 -9999.9 1   -33.8 0 -9999.9 1 -9999.9 1 -9999.9 1 -9999.9 1   118.9 0 -9999.9 1
 1999 174  6 23  1  9  1.150  87.50     3.7 0 -9999.9 1 -9999.9 1     8.7 0   388.6 0   308.5 0   306.5 0   421.1 0   294.8 0   294.7 0     0.4 0     2.9 0 -9999.9 1   -32.4 0 -9999.9 1 -9999.9 1 -9999.9 1 -9999.9 1   122.9 0 -9999.9 1
 1999 174  6 23  1 12  1.200  87.96     2.9 0 -9999.9 1 -9999.9 1     7.9 0   386.8 0   308.1 0   306.2 0   420.4 0   294.6 0   294.5 0     0.3 0     2.5 0 -9999.9 1   -33.6 0 -9999.9 1 -9999.9 1 -9999.9 1 -9999.9 1   124.3 0 -9999.9 1
 1999 174  6 23  1 18  1.300  88.84     0.0 0 -9999.9 1 -9999.9 1     5.1 0   387.9 0   307.7 0   306.0 0   419.0 0   294.4 0   294.4 0     0.2 0     1.4 0 -9999.9 1   -31.1 0 -9999.9 1 -9999.9 1 -9999.9 1 -9999.9 1   121.6 0 -9999.9 1
 1999 174  6 23  1 21  1.350  89.25    -0.9 0 -9999.9 1 -9999.9 1     4.2 0   387.1 0   307.6 0   306.0 0   418.6 0   294.4 0   294.3 0     0.1 0     1.1 0 -9999.9 1   -31.5 0 -9999.9 1 -9999.9 1 -9999.9 1 -9999.9 1   121.5 0 -9999.9 1
 1999 174  6 23  1 24  1.400  89.63    -1.6 0 -9999.9 1 -9999.9 1     2.2 0   386.6 0   307.4 0   305.7 0   417.6 0   294.2 0   294.2 0     0.1 0     0.8 0 -9999.9 1   -31.0 0 -9999.9 1 -9999.9 1 -9999.9 1 -9999.9 1   117.5 0 -9999.9 1
 1999 174  6 23  1 27  1.450  89.98    -2.3 0 -9999.9 1 -9999.9 1    -0.2 0   387.0 0   307.4 0   305.7 0   417.7 0   294.2 0   294.2 0     0.0 0     0.5 0 -9999.9 1   -30.7 0 -9999.9 1 -9999.9 1 -9999.9 1 -9999.9 1   113.8 0 -9999.9 1
 1999 174  6 23  1 33  1.550  91.71    -2.8 0 -9999.9 1 -9999.9 1    -1.8 0   386.6 0   307.3 0   305.7 0   417.7 0   294.2 0   294.2 0     0.0 0     0.2 0 -9999.9 1   -31.2 0 -9999.9 1 -9999.9 1 -9999.9 1 -9999.9 1   116.5 0 -9999.9 1
 1999 174  6 23  1 36  1.600  92.19    -3.1 0 -9999.9 1 -9999.9 1    -2.1 0   386.3 0   307.1 0   305.5 0   417.0 0   294.0 0   294.0 0     0.0 0     0.1 0 -9999.9 1   -30.7 0 -9999.9 1 -9999.9 1 -9999.9 1 -9999.9 1   114.5 0 -9999.9 1
 1999 174  6 23  1 39  1.650  92.67    -3.2 0 -9999.9 1 -9999.9 1    -2.3 0   388.0 0   307.2 0   305.5 0   417.1 0   294.1 0   294.0 0     0.0 0     0.0 0 -9999.9 1   -29.1 0 -9999.9 1 -9999.9 1 -9999.9 1 -9999.9 1   113.4 0 -9999.9 1
 1999 174  6 23  1 42  1.700  93.14    -3.3 0 -9999.9 1 -9999.9 1    -2.5 0   388.6 0   307.2 0   305.6 0   417.7 0   294.1 0   294.1 0     0.0 0     0.0 0 -9999.9 1   -29.1 0 -9999.9 1 -9999.9 1 -9999.9 1 -9999.9 1   113.3 0 -9999.9 1
 1999 174  6 23  1 48  1.800  94.08    -3.6 0 -9999.9 1 -9999.9 1    -2.9 0   384.5 0   306.8 0   305.1 0   415.1 0   293.6 0   293.6 0     0.0 2    -0.1 0 -9999.9 1   -30.6 0 -9999.9 1 -9999.9 1 -9999.9 1 -9999.9 1   122.8 0 -9999.9 1
 1999 174  6 23  1 51  1.850  94.55    -3.6 0 -9999.9 1 -9999.9 1    -2.9 0   385.2 0   306.8 0   305.1 0   414.9 0   293.6 0   293.6 0     0.0 2    -0.1 0 -9999.9 1   -29.7 0 -9999.9 1 -9999.9 1 -9999.9 1 -9999.9 1   124.7 0 -9999.9 1
 1999 174  6 23  1 54  1.900  95.01    -3.7 0 -9999.9 1 -9999.9 1    -2.8 0   387.4 0   306.9 0   305.2 0   416.0 0   293.7 0   293.7 0     0.0 2    -0.1 0 -9999.9 1   -28.7 0 -9999.9 1 -9999.9 1 -9999.9 1 -9999.9 1   125.6 0 -9999.9 1
 1999 174  6 23  1 57  1.950  95.47    -3.7 0 -9999.9 1 -9999.9 1    -2.9 0   387.9 0   306.9 0   305.2 0   416.2 0   293.7 0   293.7 0     0.0 2    -0.1 0 -9999.9 1   -28.3 0 -9999.9 1 -9999.9 1 -9999.9 1 -9999.9 1   127.7 0 -9999.9 1
 1999 174  6 23  2  3  2.050  96.38    -3.6 0 -9999.9 1 -9999.9 1    -2.8 0   385.7 0   306.7 0   305.1 0   415.2 0   293.6 0   293.5 0     0.0 2    -0.2 0 -9999.9 1   -29.5 0 -9999.9 1 -9999.9 1 -9999.9 1 -9999.9 1   126.4 0 -9999.9 1
 1999 174  6 23  2  6  2.100  96.83    -3.5 0 -9999.9 1 -9999.9 1    -2.9 0   386.9 0   306.8 0   305.2 0   416.0 0   293.7 0   293.6 0     0.0 2    -0.2 0 -9999.9 1   -29.1 0 -9999.9 1 -9999.9 1 -9999.9 1 -9999.9 1   122.1 0 -9999.9 1
 1999 174  6 23  2  9  2.150  97.28    -3.5 0 -9999.9 1 -9999.9 1    -3.1 0   387.8 0   306.8 0   305.2 0   416.6 0   293.8 0   293.7 0     0.0 2    -0.2 0 -9999.9 1   -28.8 0 -9999.9 1 -9999.9 1 -9999.9 1 -9999.9 1   118.8 0 -9999.9 1
 1999 174  6 23  2 12  2.200  97.72    -3.5 0 -9999.9 1 -9999.9 1    -3.1 0   386.6 0   306.8 0   305.2 0   416.7 0   293.8 0   293.7 0     0.0 2    -0.3 0 -9999.9 1   -30.1 0 -9999.9 1 -9999.9 1 -9999.9 1 -9999.9 1   119.4 0 -9999.9 1
 1999 174  6 23  2 18  2.300  98.60    -3.6 0 -9999.9 1 -9999.9 1    -3.0 0   385.5 0   306.9 0   305.3 0   416.5 0   293.9 0   293.9 0     0.0 0    -0.3 0 -9999.9 1   -31.0 0 -9999.9 1 -9999.9 1 -9999.9 1 -9999.9 1   122.5 0 -9999.9 1
 1999 174  6 23  2 21  2.350  99.03    -3.7 0 -9999.9 1 -9999.9 1    -3.2 0   383.2 0   307.0 0   305.3 0   416.6 0   294.0 0   294.0 0     0.0 0    -0.2 0 -9999.9 1   -33.4 0 -9999.9 1 -9999.9 1 -9999.9 1 -9999.9 1   118.2 0 -9999.9 1
 1999 174  6 23  2 24  2.400  99.46    -3.7 0 -9999.9 1 -9999.9 1    -3.4 0   382.0 0   307.0 0   305.3 0   416.4 0   294.1 0   294.0 0     0.0 0    -0.2 0 -9999.9 1   -34.4 0 -9999.9 1 -9999.9 1 -9999.9 1 -9999.9 1   114.7 0 -9999.9 1
 1999 174  6 23  2 27  2.450  99.89    -3.8 0 -9999.9 1 -9999.9 1    -3.7 0   381.2 0   306.9 0   305.0 0   415.9 0   294.0 0   293.9 0     0.0 0    -0.2 0 -9999.9 1   -34.7 0 -9999.9 1 -9999.9 1 -9999.9 1 -9999.9 1   111.2 0 -9999.9 1
 1999 174  6 23  2 33  2.550 100.73    -3.9 0 -9999.9 1 -9999.9 1    -3.9 0   380.0 0   306.9 0   304.9 0   415.5 0   293.8 0   293.8 0     0.0 0    -0.2 0 -9999.9 1   -35.5 0 -9999.9 1 -9999.9 1 -9999.9 1 -9999.9 1   113.6 0 -9999.9 1
 1999 174  6 23  2 36  2.600 101.14    -3.8 0 -9999.9 1 -9999.9 1    -3.9 0   380.1 0   306.8 0   304.9 0   415.2 0   293.7 0   293.7 0     0.0 0    -0.2 0 -9999.9 1   -35.0 0 -9999.9 1 -9999.9 1 -9999.9 1 -9999.9 1   118.3 0 -9999.9 1
 1999 174  6 23  2 39  2.650 101.55    -3.8 0 -9999.9 1 -9999.9 1    -3.9 0   379.2 0   306.7 0   304.9 0   414.5 0   293.7 0   293.6 0     0.0 0    -0.2 0 -9999.9 1   -35.3 0 -9999.9 1 -9999.9 1 -9999.9 1 -9999.9 1   118.4 0 -9999.9 1
 1999 174  6 23  2 42  2.700 101.96    -3.8 0 -9999.9 1 -9999.9 1    -3.8 0   378.4 0   306.6 0   304.9 0   414.1 0   293.6 0   293.5 0     0.0 2    -0.2 0 -9999.9 1   -35.7 0 -9999.9 1 -9999.9 1 -9999.9 1 -9999.9 1   119.0 0 -9999.9 1
 1999 174  6 23  2 48  2.800 102.76    -3.5 0 -9999.9 1 -9999.9 1    -3.4 0   381.2 0   306.6 0   305.0 0   413.7 0   293.6 0   293.5 0     0.0 2    -0.2 0 -9999.9 1   -32.6 0 -9999.9 1 -9999.9 1 -9999.9 1 -9999.9 1   126.6 0 -9999.9 1
 1999 174  6 23  2 51  2.850 103.16    -3.4 0 -9999.9 1 -9999.9 1    -3.3 0   381.0 0   306.5 0   305.0 0   413.7 0   293.5 0   293.4 0     0.0 2    -0.2 0 -9999.9 1   -32.8 0 -9999.9 1 -9999.9 1 -9999.9 1 -9999.9 1   130.8 0 -9999.9 1
 1999 174  6 23  2 54  2.900 103.55    -3.5 0 -9999.9 1 -9999.9 1    -3.2 0   380.2 0   306.5 0   304.9 0   413.8 0   293.5 0   293.4 0     0.0 2    -0.2 0 -9999.9 1   -33.6 0 -9999.9 1 -9999.9 1 -9999.9 1 -9999.9 1   133.9 0 -9999.9 1
 1999 174  6 23  2 57  2.950 103.93    -3.6 0 -9999.9 1 -9999.9 1    -3.0 0   379.8 0   306.5 0   304.8 0   413.9 0   293.5 0   293.4 0     0.0 0    -0.2 0 -9999.9 1   -34.1 0 -9999.9 1 -9999.9 1 -9999.9 1 -9999.9 1   132.9 0 -9999.9 1
 1999 174  6 23  3  3  3.050 104.69    -3.6 0 -9999.9 1 -9999.9 1    -2.7 0   380.3 0   306.5 0   305.0 0   413.4 0   293.5 0   293.5 0     0.0 0    -0.2 0 -9999.9 1   -33.1 0 -9999.9 1 -9999.9 1 -9999.9 1 -9999.9 1   140.7 0 -9999.9 1
 1999 174  6 23  3  6  3.100 105.06    -3.4 0 -9999.9 1 -9999.9 1    -2.9 0   380.1 0   306.5 0   305.0 0   413.5 0   293.6 0   293.5 0     0.0 0    -0.2 0 -9999.9 1   -33.4 0 -9999.9 1 -9999.9 1 -9999.9 1 -9999.9 1   135.7 0 -9999.9 1
 1999 174  6 23  3  9  3.150 105.43    -3.5 0 -9999.9 1 -9999.9 1    -3.2 0   381.2 0   306.5 0   304.9 0   414.0 0   293.6 0   293.5 0     0.0 0    -0.2 0 -9999.9 1   -32.8 0 -9999.9 1 -9999.9 1 -9999.9 1 -9999.9 1   133.7 0 -9999.9 1
 1999 174  6 23  3 12  3.200 105.79    -3.4 0 -9999.9 1 -9999.9 1    -3.6 0   381.6 0   306.5 0   304.8 0   413.8 0   293.6 0   293.5 0     0.0 0    -0.2 0 -9999.9 1   -32.2 0 -9999.9 1 -9999.9 1 -9999.9 1 -9999.9 1   128.1 0 -9999.9 1
 1999 174  6 23  3 18  3.300 106.51    -3.4 0 -9999.9 1 -9999.9 1    -3.1 0   380.8 0   306.4 0   304.9 0   413.2 0   293.5 0   293.4 0     0.0 0    -0.2 0 -9999.9 1   -32.5 0 -9999.9 1 -9999.9 1 -9999.9 1 -9999.9 1   133.9 0 -9999.9 1
 1999 174  6 23  3 21  3.350 106.85    -3.4 0 -9999.9 1 -9999.9 1    -2.8 0   382.9 0   306.5 0   305.0 0   413.6 0   293.6 0   293.5 0     0.0 0    -0.2 0 -9999.9 1   -30.7 0 -9999.9 1 -9999.9 1 -9999.9 1 -9999.9 1   135.8 0 -9999.9 1
 1999 174  6 23  3 24  3.400 107.20    -3.4 0 -9999.9 1 -9999.9 1    -2.6 0   383.7 0   306.6 0   305.1 0   413.9 0   293.6 0   293.5 0     0.0 0    -0.2 0 -9999.9 1   -30.2 0 -9999.9 1 -9999.9 1 -9999.9 1 -9999.9 1   137.6 0 -9999.9 1
 1999 174  6 23  3 27  3.450 107.54    -3.5 0 -9999.9 1 -9999.9 1    -2.6 0   385.2 0   306.6 0   305.1 0   414.7 0   293.7 0   293.6 0     0.0 0    -0.2 0 -9999.9 1   -29.4 0 -9999.9 1 -9999.9 1 -9999.9 1 -9999.9 1   135.8 0 -9999.9 1
 1999 174  6 23  3 33  3.550 108.20    -3.6 0 -9999.9 1 -9999.9 1    -3.1 0   386.6 0   306.6 0   304.8 0   415.6 0   293.7 0   293.6 0     0.0 0    -0.1 0 -9999.9 1   -29.0 0 -9999.9 1 -9999.9 1 -9999.9 1 -9999.9 1   133.0 0 -9999.9 1
 1999 174  6 23  3 36  3.600 108.52    -3.8 0 -9999.9 1 -9999.9 1    -3.1 0   387.3 0   306.6 0   304.8 0   415.6 0   293.7 0   293.6 0     0.0 0    -0.1 0 -9999.9 1   -28.3 0 -9999.9 1 -9999.9 1 -9999.9 1 -9999.9 1   132.7 0 -9999.9 1
 1999 174  6 23  3 39  3.650 108.84    -3.8 0 -9999.9 1 -9999.9 1    -3.1 0   387.0 0   306.6 0   304.9 0   415.3 0   293.7 0   293.6 0     0.0 0    -0.2 0 -9999.9 1   -28.3 0 -9999.9 1 -9999.9 1 -9999.9 1 -9999.9 1   132.0 0 -9999.9 1
 1999 174  6 23  3 42  3.700 109.15    -3.6 0 -9999.9 1 -9999.9 1    -2.8 0   386.1 0   306.5 0   304.9 0   414.6 0   293.6 0   293.5 0     0.0 0    -0.2 0 -9999.9 1   -28.5 0 -9999.9 1 -9999.9 1 -9999.9 1 -9999.9 1   136.1 0 -9999.9 1
 1999 174  6 23  3 48  3.800 109.76    -3.6 0 -9999.9 1 -9999.9 1    -2.2 0   382.3 0   306.3 0   304.8 0   413.8 0   293.4 0   293.4 0     0.0 0    -0.2 0 -9999.9 1   -31.5 0 -9999.9 1 -9999.9 1 -9999.9 1 -9999.9 1   142.8 0 -9999.9 1
 1999 174  6 23  3 51  3.850 110.06    -3.7 0 -9999.9 1 -9999.9 1    -2.1 0   384.6 0   306.4 0   304.8 0   414.6 0   293.5 0   293.5 0     0.0 0    -0.2 0 -9999.9 1   -29.9 0 -9999.9 1 -9999.9 1 -9999.9 1 -9999.9 1   143.4 0 -9999.9 1
 1999 174  6 23  3 54  3.900 110.35    -3.7 0 -9999.9 1 -9999.9 1    -2.0 0   384.2 0   306.3 0   304.8 0   414.1 0   293.4 0   293.4 0     0.0 0    -0.2 0 -9999.9 1   -29.9 0 -9999.9 1 -9999.9 1 -9999.9 1 -9999.9 1   144.6 0 -9999.9 1
 1999 174  6 23  3 57  3.950 110.63    -3.6 0 -9999.9 1 -9999.9 1    -2.3 0   387.1 0   306.4 0   304.9 0   414.8 0   293.6 0   293.5 0     0.0 0    -0.1 0 -9999.9 1   -27.7 0 -9999.9 1 -9999.9 1 -9999.9 1 -9999.9 1   137.9 0 -9999.9 1
 1999 174  6 23  4  3  4.050 111.18    -3.5 0 -9999.9 1 -9999.9 1    -2.5 0   388.5 0   306.5 0   304.9 0   415.2 0   293.6 0   293.6 0     0.0 0    -0.2 0 -9999.9 1   -26.7 0 -9999.9 1 -9999.9 1 -9999.9 1 -9999.9 1   139.8 0 -9999.9 1
 1999 174  6 23  4  6  4.100 111.45    -3.6 0 -9999.9 1 -9999.9 1    -2.7 0   390.8 0   306.6 0   304.9 0   415.7 0   293.7 0   293.6 0     0.0 0    -0.1 0 -9999.9 1   -24.9 0 -9999.9 1 -9999.9 1 -9999.9 1 -9999.9 1   136.4 0 -9999.9 1
 1999 174  6 23  4  9  4.150 111.71    -3.6 0 -9999.9 1 -9999.9 1    -2.8 0   390.0 0   306.5 0   304.8 0   415.5 0   293.6 0   293.5 0     0.0 0    -0.2 0 -9999.9 1   -25.6 0 -9999.9 1 -9999.9 1 -9999.9 1 -9999.9 1   140.7 0 -9999.9 1
 1999 174  6 23  4 12  4.200 111.96    -3.8 0 -9999.9 1 -9999.9 1    -2.5 0   391.2 0   306.6 0   304.9 0   416.4 0   293.7 0   293.6 0     0.0 0    -0.1 0 -9999.9 1   -25.2 0 -9999.9 1 -9999.9 1 -9999.9 1 -9999.9 1   149.5 0 -9999.9 1
 1999 174  6 23  4 18  4.300 112.45    -4.0 0 -9999.9 1 -9999.9 1    -2.3 0   389.1 0   306.3 0   304.5 0   415.5 0   293.4 0   293.4 0     0.0 0    -0.2 0 -9999.9 1   -26.5 0 -9999.9 1 -9999.9 1 -9999.9 1 -9999.9 1   144.6 0 -9999.9 1
 1999 174  6 23  4 21  4.350 112.69    -4.0 0 -9999.9 1 -9999.9 1    -2.5 0   388.2 0   306.2 0   304.4 0   414.9 0   293.4 0   293.3 0     0.0 0    -0.1 0 -9999.9 1   -26.7 0 -9999.9 1 -9999.9 1 -9999.9 1 -9999.9 1   134.2 0 -9999.9 1
 1999 174  6 23  4 24  4.400 112.92    -3.8 0 -9999.9 1 -9999.9 1    -2.9 0   387.4 0   306.2 0   304.5 0   414.6 0   293.4 0   293.3 0     0.0 0    -0.1 0 -9999.9 1   -27.2 0 -9999.9 1 -9999.9 1 -9999.9 1 -9999.9 1   133.7 0 -9999.9 1
 1999 174  6 23  4 27  4.450 113.14    -3.8 0 -9999.9 1 -9999.9 1    -2.9 0   386.8 0   306.2 0   304.5 0   414.6 0   293.4 0   293.4 0     0.0 2    -0.1 0 -9999.9 1   -27.8 0 -9999.9 1 -9999.9 1 -9999.9 1 -9999.9 1   135.8 0 -9999.9 1
 1999 174  6 23  4 33  4.550 113.57    -3.7 0 -9999.9 1 -9999.9 1    -2.6 0   386.5 0   306.2 0   304.6 0   414.8 0   293.5 0   293.4 0     0.0 0    -0.1 0 -9999.9 1   -28.3 0 -9999.9 1 -9999.9 1 -9999.9 1 -9999.9 1   138.9 0 -9999.9 1
 1999 174  6 23  4 36  4.600 113.77    -3.8 0 -9999.9 1 -9999.9 1    -2.6 0   385.4 0   306.2 0   304.6 0   414.4 0   293.4 0   293.3 0     0.0 0    -0.1 0 -9999.9 1   -29.0 0 -9999.9 1 -9999.9 1 -9999.9 1 -9999.9 1   139.7 0 -9999.9 1
 1999 174  6 23  4 39  4.650 113.96    -3.8 0 -9999.9 1 -9999.9 1    -2.6 0   385.4 0   306.2 0   304.6 0   414.5 0   293.5 0   293.4 0     0.0 0    -0.1 0 -9999.9 1   -29.1 0 -9999.9 1 -9999.9 1 -9999.9 1 -9999.9 1   145.0 0 -9999.9 1
 1999 174  6 23  4 42  4.700 114.15    -3.7 0 -9999.9 1 -9999.9 1    -2.3 0   384.4 0   306.2 0   304.6 0   414.3 0   293.4 0   293.4 0     0.0 0    -0.1 0 -9999.9 1   -29.8 0 -9999.9 1 -9999.9 1 -9999.9 1 -9999.9 1   145.1 0 -9999.9 1
 1999 174  6 23  4 48  4.800 114.51    -3.9 0 -9999.9 1 -9999.9 1    -2.2 0   384.8 0   306.1 0   304.4 0   414.3 0   293.4 0   293.3 0     0.0 2    -0.1 0 -9999.9 1   -29.5 0 -9999.9 1 -9999.9 1 -9999.9 1 -9999.9 1   150.7 0 -9999.9 1
 1999 174  6 23  4 51  4.850 114.68    -3.9 0 -9999.9 1 -9999.9 1    -2.0 0   384.1 0   306.1 0   304.5 0   414.4 0   293.4 0   293.3 0     0.0 2    -0.1 0 -9999.9 1   -30.3 0 -9999.9 1 -9999.9 1 -9999.9 1 -9999.9 1   152.6 0 -9999.9 1
 1999 174  6 23  4 54  4.900 114.84    -3.8 0 -9999.9 1 -9999.9 1    -1.6 0   384.6 0   306.1 0   304.5 0   414.7 0   293.4 0   293.3 0     0.0 0    -0.1 0 -9999.9 1   -30.1 0 -9999.9 1 -9999.9 1 -9999.9 1 -9999.9 1   153.2 0 -9999.9 1
 1999 174  6 23  4 57  4.950 114.99    -4.0 0 -9999.9 1 -9999.9 1    -1.5 0   383.8 0   306.1 0   304.5 0   414.8 0   293.4 0   293.4 0     0.0 0    -0.1 0 -9999.9 1   -30.9 0 -9999.9 1 -9999.9 1 -9999.9 1 -9999.9 1   152.9 0 -9999.9 1
 1999 174  6 23  5  3  5.050 115.28    -3.9 0 -9999.9 1 -9999.9 1    -1.6 0   384.2 0   306.1 0   304.5 0   414.8 0   293.5 0   293.4 0     0.0 0    -0.1 0 -9999.9 1   -30.6 0 -9999.9 1 -9999.9 1 -9999.9 1 -9999.9 1   151.0 0 -9999.9 1
 1999 174  6 23  5  6  5.100 115.41    -3.9 0 -9999.9 1 -9999.9 1    -1.5 0   383.8 0   306.2 0   304.6 0   414.8 0   293.5 0   293.5 0     0.0 0    -0.1 0 -9999.9 1   -31.0 0 -9999.9 1 -9999.9 1 -9999.9 1 -9999.9 1   154.7 0 -9999.9 1
 1999 174  6 23  5  9  5.150 115.54    -4.0 0 -9999.9 1 -9999.9 1    -1.4 0   383.0 0   306.1 0   304.5 0   414.7 0   293.5 0   293.5 0     0.0 0    -0.1 0 -9999.9 1   -31.7 0 -9999.9 1 -9999.9 1 -9999.9 1 -9999.9 1   156.5 0 -9999.9 1
 1999 174  6 23  5 12  5.200 115.66    -3.8 0 -9999.9 1 -9999.9 1    -1.3 0   382.1 0   306.2 0   304.5 0   415.1 0   293.6 0   293.5 0     0.0 0    -0.2 0 -9999.9 1   -33.0 0 -9999.9 1 -9999.9 1 -9999.9 1 -9999.9 1   157.7 0 -9999.9 1
 1999 174  6 23  5 18  5.300 115.87    -4.1 0 -9999.9 1 -9999.9 1    -1.1 0   378.0 0   306.0 0   304.3 0   414.1 0   293.4 0   293.4 0     0.0 0    -0.1 0 -9999.9 1   -36.1 0 -9999.9 1 -9999.9 1 -9999.9 1 -9999.9 1   159.7 0 -9999.9 1
 1999 174  6 23  5 21  5.350 115.96    -4.0 0 -9999.9 1 -9999.9 1    -1.2 0   375.2 0   306.1 0   304.4 0   414.1 0   293.5 0   293.4 0     0.0 0    -0.2 0 -9999.9 1   -38.8 0 -9999.9 1 -9999.9 1 -9999.9 1 -9999.9 1   158.4 0 -9999.9 1
 1999 174  6 23  5 24  5.400 116.05    -4.1 0 -9999.9 1 -9999.9 1    -1.3 0   373.0 0   306.1 0   304.4 0   414.1 0   293.6 0   293.5 0     0.0 0    -0.2 0 -9999.9 1   -41.1 0 -9999.9 1 -9999.9 1 -9999.9 1 -9999.9 1   158.3 0 -9999.9 1
 1999 174  6 23  5 27  5.450 116.13    -4.0 0 -9999.9 1 -9999.9 1    -1.4 0   372.5 0   306.1 0   304.3 0   414.1 0   293.6 0   293.5 0     0.0 0    -0.2 0 -9999.9 1   -41.5 0 -9999.9 1 -9999.9 1 -9999.9 1 -9999.9 1   157.6 0 -9999.9 1
 1999 174  6 23  5 33  5.550 116.27    -4.1 0 -9999.9 1 -9999.9 1    -0.8 0   371.6 0   305.9 0   304.2 0   413.3 0   293.5 0   293.4 0     0.0 0    -0.2 0 -9999.9 1   -41.8 0 -9999.9 1 -9999.9 1 -9999.9 1 -9999.9 1   157.9 0 -9999.9 1
 1999 174  6 23  5 36  5.600 116.33    -4.1 0 -9999.9 1 -9999.9 1    -0.8 0   368.6 0   305.8 0   304.1 0   412.6 0   293.4 0   293.3 0     0.0 0    -0.2 0 -9999.9 1   -44.1 0 -9999.9 1 -9999.9 1 -9999.9 1 -9999.9 1   159.8 0 -9999.9 1
 1999 174  6 23  5 39  5.650 116.38    -4.2 0 -9999.9 1 -9999.9 1    -0.5 0   367.8 0   305.8 0   304.0 0   412.7 0   293.4 0   293.4 0     0.0 0    -0.2 0 -9999.9 1   -44.9 0 -9999.9 1 -9999.9 1 -9999.9 1 -9999.9 1   158.5 0 -9999.9 1
 1999 174  6 23  5 42  5.700 116.42    -4.3 0 -9999.9 1 -9999.9 1    -0.2 0   365.5 0   305.8 0   304.0 0   412.5 0   293.5 0   293.4 0     0.0 0    -0.2 0 -9999.9 1   -47.0 0 -9999.9 1 -9999.9 1 -9999.9 1 -9999.9 1   157.5 0 -9999.9 1
 1999 174  6 23  5 48  5.800 116.48    -4.5 0 -9999.9 1 -9999.9 1     0.4 0   363.7 0   305.7 0   303.9 0   412.2 0   293.4 0   293.3 0     0.0 0    -0.1 0 -9999.9 1   -48.4 0 -9999.9 1 -9999.9 1 -9999.9 1 -9999.9 1   161.9 0 -9999.9 1
 1999 174  6 23  5 51  5.850 116.50    -4.6 0 -9999.9 1 -9999.9 1     0.8 0   361.4 0   305.6 0   303.8 0   411.9 0   293.4 0   293.3 0     0.0 0    -0.1 0 -9999.9 1   -50.4 0 -9999.9 1 -9999.9 1 -9999.9 1 -9999.9 1   164.5 0 -9999.9 1
 1999 174  6 23  5 54  5.900 116.51    -4.4 0 -9999.9 1 -9999.9 1     0.8 0   358.2 0   305.5 0   303.8 0   410.8 0   293.3 0   293.2 0     0.0 0    -0.2 0 -9999.9 1   -52.6 0 -9999.9 1 -9999.9 1 -9999.9 1 -9999.9 1   168.5 0 -9999.9 1
 1999 174  6 23  5 57  5.950 116.52    -4.5 0 -9999.9 1 -9999.9 1     0.9 0   355.4 0   305.4 0   303.7 0   409.9 0   293.2 0   293.1 0     0.0 2    -0.2 0 -9999.9 1   -54.5 0 -9999.9 1 -9999.9 1 -9999.9 1 -9999.9 1   170.6 0 -9999.9 1
 1999 174  6 23  6  3  6.050 116.50    -4.5 0 -9999.9 1 -9999.9 1     1.3 0   355.1 0   305.4 0   303.6 0   409.2 0   293.1 0   293.0 0     0.0 2    -0.2 0 -9999.9 1   -54.1 0 -9999.9 1 -9999.9 1 -9999.9 1 -9999.9 1   171.4 0 -9999.9 1
 1999 174  6 23  6  6  6.100 116.48    -4.5 0 -9999.9 1 -9999.9 1     1.5 0   355.9 0   305.5 0   303.7 0   409.5 0   293.2 0   293.1 0     0.0 0    -0.2 0 -9999.9 1   -53.6 0 -9999.9 1 -9999.9 1 -9999.9 1 -9999.9 1   170.5 0 -9999.9 1
 1999 174  6 23  6  9  6.150 116.46    -4.4 0 -9999.9 1 -9999.9 1     1.5 0   355.8 0   305.6 0   303.8 0   410.1 0   293.3 0   293.2 0     0.0 0    -0.2 0 -9999.9 1   -54.2 0 -9999.9 1 -9999.9 1 -9999.9 1 -9999.9 1   169.4 0 -9999.9 1
 1999 174  6 23  6 12  6.200 116.42    -4.4 0 -9999.9 1 -9999.9 1     1.6 0   356.2 0   305.5 0   303.7 0   409.5 0   293.1 0   293.1 0     0.0 0    -0.2 0 -9999.9 1   -53.3 0 -9999.9 1 -9999.9 1 -9999.9 1 -9999.9 1   171.5 0 -9999.9 1
 1999 174  6 23  6 18  6.300 116.33    -4.4 0 -9999.9 1 -9999.9 1     1.8 0   356.8 0   305.2 0   303.4 0   408.3 0   292.8 0   292.7 0     0.0 2    -0.2 0 -9999.9 1   -51.5 0 -9999.9 1 -9999.9 1 -9999.9 1 -9999.9 1   172.4 0 -9999.9 1
 1999 174  6 23  6 21  6.350 116.27    -4.3 0 -9999.9 1 -9999.9 1     1.7 0   354.2 0   305.1 0   303.4 0   407.4 0   292.7 0   292.6 0     0.0 2    -0.2 0 -9999.9 1   -53.2 0 -9999.9 1 -9999.9 1 -9999.9 1 -9999.9 1   173.1 0 -9999.9 1
 1999 174  6 23  6 24  6.400 116.21    -4.3 0 -9999.9 1 -9999.9 1     1.8 0   353.8 0   305.0 0   303.2 0   406.7 0   292.6 0   292.5 0     0.0 2    -0.2 0 -9999.9 1   -52.9 0 -9999.9 1 -9999.9 1 -9999.9 1 -9999.9 1   172.1 0 -9999.9 1
 1999 174  6 23  6 27  6.450 116.13    -4.3 0 -9999.9 1 -9999.9 1     1.8 0   352.3 0   304.8 0   303.1 0   405.4 0   292.4 0   292.3 0     0.0 2    -0.1 0 -9999.9 1   -53.2 0 -9999.9 1 -9999.9 1 -9999.9 1 -9999.9 1   173.8 0 -9999.9 1
 1999 174  6 23  6 33  6.550 115.97    -4.3 0 -9999.9 1 -9999.9 1     1.9 0   347.3 0   304.9 0   303.1 0   405.3 0   292.3 0   292.2 0     0.0 2    -0.1 0 -9999.9 1   -58.0 0 -9999.9 1 -9999.9 1 -9999.9 1 -9999.9 1   174.3 0 -9999.9 1
 1999 174  6 23  6 36  6.600 115.87    -4.5 0 -9999.9 1 -9999.9 1     2.0 0   344.9 0   304.9 0   303.2 0   405.8 0   292.3 0   292.2 0     0.0 2    -0.1 0 -9999.9 1   -60.9 0 -9999.9 1 -9999.9 1 -9999.9 1 -9999.9 1   173.6 0 -9999.9 1
 1999 174  6 23  6 39  6.650 115.77    -4.5 0 -9999.9 1 -9999.9 1     2.2 0   344.0 0   304.9 0   303.2 0   405.6 0   292.4 0   292.3 0     0.0 2    -0.1 0 -9999.9 1   -61.6 0 -9999.9 1 -9999.9 1 -9999.9 1 -9999.9 1   175.2 0 -9999.9 1
 1999 174  6 23  6 42  6.700 115.66    -4.5 0 -9999.9 1 -9999.9 1     2.8 0   342.6 0   304.9 0   303.1 0   405.2 0   292.3 0   292.2 0     0.0 2    -0.1 0 -9999.9 1   -62.5 0 -9999.9 1 -9999.9 1 -9999.9 1 -9999.9 1   177.2 0 -9999.9 1
 1999 174  6 23  6 48  6.800 115.42    -4.6 0 -9999.9 1 -9999.9 1     2.3 0   342.1 0   305.0 0   303.2 0   405.5 0   292.3 0   292.3 0     0.0 2    -0.1 0 -9999.9 1   -63.5 0 -9999.9 1 -9999.9 1 -9999.9 1 -9999.9 1   178.6 0 -9999.9 1
 1999 174  6 23  6 51  6.850 115.28    -4.6 0 -9999.9 1 -9999.9 1     2.5 0   341.4 0   304.9 0   303.1 0   404.9 0   292.3 0   292.2 0     0.0 2    -0.1 0 -9999.9 1   -63.4 0 -9999.9 1 -9999.9 1 -9999.9 1 -9999.9 1   178.6 0 -9999.9 1
 1999 174  6 23  6 54  6.900 115.14    -4.5 0 -9999.9 1 -9999.9 1     2.4 0   341.3 0   304.8 0   303.1 0   404.3 0   292.2 0   292.1 0     0.0 2    -0.1 0 -9999.9 1   -62.9 0 -9999.9 1 -9999.9 1 -9999.9 1 -9999.9 1   178.0 0 -9999.9 1
 1999 174  6 23  6 57  6.950 115.00    -4.7 0 -9999.9 1 -9999.9 1     2.6 0   342.9 0   304.8 0   302.9 0   404.1 0   292.1 0   292.0 0     0.0 2    -0.2 0 -9999.9 1   -61.2 0 -9999.9 1 -9999.9 1 -9999.9 1 -9999.9 1   175.9 0 -9999.9 1
 1999 174  6 23  7  3  7.050 114.68    -4.7 0 -9999.9 1 -9999.9 1     2.1 0   347.6 0   304.6 0   302.8 0   403.9 0   292.0 0   291.9 0     0.0 2    -0.2 0 -9999.9 1   -56.3 0 -9999.9 1 -9999.9 1 -9999.9 1 -9999.9 1   168.7 0 -9999.9 1
 1999 174  6 23  7  6  7.100 114.51    -4.7 0 -9999.9 1 -9999.9 1     2.3 0   355.8 0   304.6 0   302.8 0   404.6 0   292.0 0   291.9 0     0.0 2    -0.2 0 -9999.9 1   -48.8 0 -9999.9 1 -9999.9 1 -9999.9 1 -9999.9 1   167.2 0 -9999.9 1
 1999 174  6 23  7  9  7.150 114.34    -4.4 0 -9999.9 1 -9999.9 1     2.1 0   362.3 0   304.6 0   302.8 0   405.1 0   292.0 0   291.9 0     0.0 2    -0.1 0 -9999.9 1   -42.7 0 -9999.9 1 -9999.9 1 -9999.9 1 -9999.9 1   167.4 0 -9999.9 1
 1999 174  6 23  7 12  7.200 114.16    -4.3 0 -9999.9 1 -9999.9 1     1.9 0   366.0 0   304.6 0   302.8 0   405.6 0   292.0 0   291.9 0     0.0 2    -0.2 0 -9999.9 1   -39.6 0 -9999.9 1 -9999.9 1 -9999.9 1 -9999.9 1   165.6 0 -9999.9 1
 1999 174  6 23  7 18  7.300 113.77    -4.4 0 -9999.9 1 -9999.9 1     2.2 0   367.8 0   304.4 0   302.5 0   406.4 0   291.9 0   291.9 0     0.0 2    -0.1 0 -9999.9 1   -38.6 0 -9999.9 1 -9999.9 1 -9999.9 1 -9999.9 1   166.4 0 -9999.9 1
 1999 174  6 23  7 21  7.350 113.57    -4.3 0 -9999.9 1 -9999.9 1     2.4 0   365.6 0   304.4 0   302.5 0   406.5 0   291.9 0   291.9 0     0.0 2    -0.2 0 -9999.9 1   -40.9 0 -9999.9 1 -9999.9 1 -9999.9 1 -9999.9 1   168.5 0 -9999.9 1
 1999 174  6 23  7 24  7.400 113.36    -4.3 0 -9999.9 1 -9999.9 1     2.6 0   363.9 0   304.3 0   302.4 0   406.0 0   291.9 0   291.8 0     0.0 2    -0.2 0 -9999.9 1   -42.1 0 -9999.9 1 -9999.9 1 -9999.9 1 -9999.9 1   169.1 0 -9999.9 1
 1999 174  6 23  7 27  7.450 113.15    -4.7 0 -9999.9 1 -9999.9 1     2.8 0   361.4 0   304.2 0   302.4 0   405.9 0   291.9 0   291.8 0     0.0 2    -0.1 0 -9999.9 1   -44.5 0 -9999.9 1 -9999.9 1 -9999.9 1 -9999.9 1   173.5 0 -9999.9 1
 1999 174  6 23  7 33  7.550 112.69    -4.6 0 -9999.9 1 -9999.9 1     3.4 0   358.1 0   304.1 0   302.3 0   405.4 0   291.8 0   291.7 0     0.0 2    -0.2 0 -9999.9 1   -47.3 0 -9999.9 1 -9999.9 1 -9999.9 1 -9999.9 1   181.0 0 -9999.9 1
 1999 174  6 23  7 36  7.600 112.46    -4.5 0 -9999.9 1 -9999.9 1     3.5 0   356.9 0   304.1 0   302.4 0   405.2 0   291.8 0   291.7 0     0.0 2    -0.1 0 -9999.9 1   -48.4 0 -9999.9 1 -9999.9 1 -9999.9 1 -9999.9 1   180.5 0 -9999.9 1
 1999 174  6 23  7 39  7.650 112.22    -4.5 0 -9999.9 1 -9999.9 1     3.6 0   356.0 0   304.2 0   302.5 0   405.5 0   291.9 0   291.8 0     0.0 2    -0.1 0 -9999.9 1   -49.5 0 -9999.9 1 -9999.9 1 -9999.9 1 -9999.9 1   180.3 0 -9999.9 1
 1999 174  6 23  7 42  7.700 111.97    -4.5 0 -9999.9 1 -9999.9 1     3.7 0   354.6 0   304.2 0   302.5 0   405.2 0   291.9 0   291.8 0     0.0 2    -0.1 0 -9999.9 1   -50.6 0 -9999.9 1 -9999.9 1 -9999.9 1 -9999.9 1   179.1 0 -9999.9 1
 1999 174  6 23  7 48  7.800 111.45    -4.6 0 -9999.9 1 -9999.9 1     3.6 0   351.4 0   304.1 0   302.3 0   404.5 0   291.8 0   291.7 0     0.0 2    -0.2 0 -9999.9 1   -53.2 0 -9999.9 1 -9999.9 1 -9999.9 1 -9999.9 1   173.7 0 -9999.9 1
 1999 174  6 23  7 51  7.850 111.19    -4.6 0 -9999.9 1 -9999.9 1     3.4 0   348.5 0   304.0 0   302.2 0   403.7 0   291.7 0   291.6 0     0.0 2    -0.2 0 -9999.9 1   -55.2 0 -9999.9 1 -9999.9 1 -9999.9 1 -9999.9 1   171.1 0 -9999.9 1
 1999 174  6 23  7 54  7.900 110.92    -4.7 0 -9999.9 1 -9999.9 1     3.3 0   349.9 0   304.1 0   302.2 0   404.0 0   291.8 0   291.7 0     0.0 2    -0.2 0 -9999.9 1   -54.0 0 -9999.9 1 -9999.9 1 -9999.9 1 -9999.9 1   171.4 0 -9999.9 1
 1999 174  6 23  7 57  7.950 110.64    -4.6 0 -9999.9 1 -9999.9 1     3.1 0   348.8 0   304.0 0   302.3 0   403.6 0   291.8 0   291.7 0     0.0 2    -0.2 0 -9999.9 1   -54.8 0 -9999.9 1 -9999.9 1 -9999.9 1 -9999.9 1   171.7 0 -9999.9 1
 1999 174  6 23  8  3  8.050 110.06    -4.4 0 -9999.9 1 -9999.9 1     2.8 0   344.3 0   303.9 0   302.1 0   402.4 0   291.6 0   291.5 0     0.0 2    -0.2 0 -9999.9 1   -58.1 0 -9999.9 1 -9999.9 1 -9999.9 1 -9999.9 1   168.1 0 -9999.9 1
 1999 174  6 23  8  6  8.100 109.77    -4.4 0 -9999.9 1 -9999.9 1     2.8 0   347.5 0   303.9 0   302.2 0   402.8 0   291.7 0   291.6 0     0.0 2    -0.2 0 -9999.9 1   -55.3 0 -9999.9 1 -9999.9 1 -9999.9 1 -9999.9 1   167.8 0 -9999.9 1
 1999 174  6 23  8  9  8.150 109.47    -4.5 0 -9999.9 1 -9999.9 1     3.0 0   350.6 0   304.0 0   302.2 0   403.6 0   291.7 0   291.6 0     0.0 0    -0.2 0 -9999.9 1   -53.0 0 -9999.9 1 -9999.9 1 -9999.9 1 -9999.9 1   167.5 0 -9999.9 1
 1999 174  6 23  8 12  8.200 109.16    -4.4 0 -9999.9 1 -9999.9 1     2.7 0   345.4 0   303.8 0   302.0 0   402.4 0   291.5 0   291.5 0     0.0 2    -0.2 0 -9999.9 1   -57.0 0 -9999.9 1 -9999.9 1 -9999.9 1 -9999.9 1   165.9 0 -9999.9 1
 1999 174  6 23  8 18  8.300 108.53    -4.8 0 -9999.9 1 -9999.9 1     2.4 0   341.3 0   303.8 0   302.0 0   402.0 0   291.5 0   291.5 0     0.0 2    -0.1 0 -9999.9 1   -60.6 0 -9999.9 1 -9999.9 1 -9999.9 1 -9999.9 1   165.3 0 -9999.9 1
 1999 174  6 23  8 21  8.350 108.21    -4.4 0 -9999.9 1 -9999.9 1     2.3 0   341.6 0   303.7 0   302.0 0   401.8 0   291.5 0   291.4 0     0.0 2    -0.2 0 -9999.9 1   -60.2 0 -9999.9 1 -9999.9 1 -9999.9 1 -9999.9 1   167.5 0 -9999.9 1
 1999 174  6 23  8 24  8.400 107.88    -4.4 0 -9999.9 1 -9999.9 1     2.3 0   343.5 0   303.7 0   301.9 0   401.9 0   291.5 0   291.4 0     0.0 0    -0.2 0 -9999.9 1   -58.4 0 -9999.9 1 -9999.9 1 -9999.9 1 -9999.9 1   172.9 0 -9999.9 1
 1999 174  6 23  8 27  8.450 107.54    -4.4 0 -9999.9 1 -9999.9 1     2.4 0   340.9 0   303.6 0   301.8 0   400.7 0   291.3 0   291.2 0     0.0 2    -0.2 0 -9999.9 1   -59.8 0 -9999.9 1 -9999.9 1 -9999.9 1 -9999.9 1   172.7 0 -9999.9 1
 1999 174  6 23  8 33  8.550 106.86    -4.3 0 -9999.9 1 -9999.9 1     2.2 0   337.5 0   303.4 0   301.6 0   399.1 0   291.1 0   291.1 0     0.0 2    -0.1 0 -9999.9 1   -61.6 0 -9999.9 1 -9999.9 1 -9999.9 1 -9999.9 1   173.3 0 -9999.9 1
 1999 174  6 23  8 36  8.600 106.51    -4.4 0 -9999.9 1 -9999.9 1     2.1 0   337.2 0   303.5 0   301.7 0   399.6 0   291.2 0   291.1 0     0.0 2    -0.1 0 -9999.9 1   -62.4 0 -9999.9 1 -9999.9 1 -9999.9 1 -9999.9 1   172.3 0 -9999.9 1
 1999 174  6 23  8 39  8.650 106.16    -4.4 0 -9999.9 1 -9999.9 1     1.8 0   335.0 0   303.4 0   301.7 0   398.6 0   291.1 0   291.0 0     0.0 2    -0.2 0 -9999.9 1   -63.6 0 -9999.9 1 -9999.9 1 -9999.9 1 -9999.9 1   172.0 0 -9999.9 1
 1999 174  6 23  8 42  8.700 105.80    -4.3 0 -9999.9 1 -9999.9 1     1.5 0   336.0 0   303.4 0   301.7 0   398.9 0   291.1 0   291.0 0     0.0 2    -0.1 0 -9999.9 1   -62.9 0 -9999.9 1 -9999.9 1 -9999.9 1 -9999.9 1   168.3 0 -9999.9 1
 1999 174  6 23  8 48  8.800 105.07    -4.0 0 -9999.9 1 -9999.9 1     1.6 0   334.7 0   303.3 0   301.6 0   398.4 0   291.0 0   290.9 0     0.0 2    -0.1 0 -9999.9 1   -63.7 0 -9999.9 1 -9999.9 1 -9999.9 1 -9999.9 1   165.3 0 -9999.9 1
 1999 174  6 23  8 51  8.850 104.70    -4.1 0 -9999.9 1 -9999.9 1     1.6 0   335.2 0   303.4 0   301.6 0   399.0 0   291.0 0   291.0 0     0.0 0    -0.1 0 -9999.9 1   -63.8 0 -9999.9 1 -9999.9 1 -9999.9 1 -9999.9 1   163.5 0 -9999.9 1
 1999 174  6 23  8 54  8.900 104.32    -4.3 0 -9999.9 1 -9999.9 1     2.1 0   335.4 0   303.3 0   301.5 0   398.8 0   291.0 0   290.9 0     0.0 0    -0.1 0 -9999.9 1   -63.5 0 -9999.9 1 -9999.9 1 -9999.9 1 -9999.9 1   165.8 0 -9999.9 1
 1999 174  6 23  8 57  8.950 103.94    -4.3 0 -9999.9 1 -9999.9 1     1.8 0   336.0 0   303.4 0   301.6 0   399.1 0   291.0 0   290.9 0     0.0 0    -0.1 0 -9999.9 1   -63.1 0 -9999.9 1 -9999.9 1 -9999.9 1 -9999.9 1   160.7 0 -9999.9 1
 1999 174  6 23  9  3  9.050 103.16    -4.3 0 -9999.9 1 -9999.9 1     1.4 0   336.2 0   303.2 0   301.4 0   398.4 0   290.9 0   290.8 0     0.0 0    -0.2 0 -9999.9 1   -62.1 0 -9999.9 1 -9999.9 1 -9999.9 1 -9999.9 1   159.2 0 -9999.9 1
 1999 174  6 23  9  6  9.100 102.77    -4.3 0 -9999.9 1 -9999.9 1     1.6 0   336.4 0   303.2 0   301.4 0   398.7 0   290.8 0   290.8 0     0.0 2    -0.1 0 -9999.9 1   -62.4 0 -9999.9 1 -9999.9 1 -9999.9 1 -9999.9 1   162.6 0 -9999.9 1
 1999 174  6 23  9  9  9.150 102.37    -4.3 0 -9999.9 1 -9999.9 1     1.9 0   336.2 0   303.2 0   301.5 0   398.6 0   290.8 0   290.8 0     0.0 0    -0.2 0 -9999.9 1   -62.4 0 -9999.9 1 -9999.9 1 -9999.9 1 -9999.9 1   162.5 0 -9999.9 1
 1999 174  6 23  9 12  9.200 101.97    -4.3 0 -9999.9 1 -9999.9 1     1.8 0   337.1 0   303.2 0   301.5 0   398.4 0   290.9 0   290.8 0     0.0 0    -0.2 0 -9999.9 1   -61.2 0 -9999.9 1 -9999.9 1 -9999.9 1 -9999.9 1   162.9 0 -9999.9 1
 1999 174  6 23  9 18  9.300 101.15    -4.3 0 -9999.9 1 -9999.9 1     0.5 0   336.8 0   303.1 0   301.4 0   396.8 0   290.7 0   290.6 0     0.0 0    -0.2 0 -9999.9 1   -60.0 0 -9999.9 1 -9999.9 1 -9999.9 1 -9999.9 1   154.2 0 -9999.9 1
 1999 174  6 23  9 21  9.350 100.73    -4.1 0 -9999.9 1 -9999.9 1     0.3 0   337.5 0   303.1 0   301.4 0   397.1 0   290.7 0   290.6 0     0.0 0    -0.1 0 -9999.9 1   -59.5 0 -9999.9 1 -9999.9 1 -9999.9 1 -9999.9 1   156.5 0 -9999.9 1
 1999 174  6 23  9 24  9.400 100.32    -4.1 0 -9999.9 1 -9999.9 1     0.3 0   338.7 0   303.1 0   301.5 0   396.7 0   290.7 0   290.6 0     0.0 0    -0.1 0 -9999.9 1   -57.9 0 -9999.9 1 -9999.9 1 -9999.9 1 -9999.9 1   156.6 0 -9999.9 1
 1999 174  6 23  9 27  9.450  99.89    -3.9 0 -9999.9 1 -9999.9 1     0.1 0   337.7 0   303.1 0   301.6 0   395.9 0   290.7 0   290.6 0     0.0 0    -0.1 0 -9999.9 1   -58.1 0 -9999.9 1 -9999.9 1 -9999.9 1 -9999.9 1   157.8 0 -9999.9 1
 1999 174  6 23  9 33  9.550  99.04    -3.5 0 -9999.9 1 -9999.9 1    -0.3 0   344.2 0   303.0 0   301.6 0   395.3 0   290.6 0   290.5 0     0.0 0    -0.1 0 -9999.9 1   -51.1 0 -9999.9 1 -9999.9 1 -9999.9 1 -9999.9 1   157.4 0 -9999.9 1
 1999 174  6 23  9 36  9.600  98.61    -3.5 0 -9999.9 1 -9999.9 1    -0.3 0   349.1 0   303.0 0   301.5 0   396.2 0   290.5 0   290.4 0     0.0 0    -0.1 0 -9999.9 1   -47.0 0 -9999.9 1 -9999.9 1 -9999.9 1 -9999.9 1   156.9 0 -9999.9 1
 1999 174  6 23  9 39  9.650  98.17    -3.6 0 -9999.9 1 -9999.9 1    -0.3 0   350.7 0   303.0 0   301.5 0   396.6 0   290.4 0   290.3 0     0.0 0    -0.1 0 -9999.9 1   -45.9 0 -9999.9 1 -9999.9 1 -9999.9 1 -9999.9 1   155.3 0 -9999.9 1
 1999 174  6 23  9 42  9.700  97.73    -3.6 0 -9999.9 1 -9999.9 1    -0.2 0   353.2 0   303.0 0   301.5 0   396.9 0   290.4 0   290.3 0     0.0 0    -0.1 0 -9999.9 1   -43.7 0 -9999.9 1 -9999.9 1 -9999.9 1 -9999.9 1   153.3 0 -9999.9 1
 1999 174  6 23  9 48  9.800  96.84    -3.6 0 -9999.9 1 -9999.9 1    -0.4 0   360.3 0   303.0 0   301.5 0   397.8 0   290.2 0   290.2 0     0.0 0    -0.2 0 -9999.9 1   -37.5 0 -9999.9 1 -9999.9 1 -9999.9 1 -9999.9 1   153.1 0 -9999.9 1
 1999 174  6 23  9 51  9.850  96.39    -3.7 0 -9999.9 1 -9999.9 1    -0.2 0   361.4 0   303.0 0   301.6 0   398.2 0   290.2 0   290.1 0     0.0 0    -0.3 0 -9999.9 1   -36.9 0 -9999.9 1 -9999.9 1 -9999.9 1 -9999.9 1   155.3 0 -9999.9 1
 1999 174  6 23  9 54  9.900  95.93    -3.7 0 -9999.9 1 -9999.9 1     0.1 0   351.4 0   303.1 0   301.6 0   398.0 0   290.2 0   290.1 0     0.0 0    -0.2 0 -9999.9 1   -46.6 0 -9999.9 1 -9999.9 1 -9999.9 1 -9999.9 1   155.8 0 -9999.9 1
 1999 174  6 23  9 57  9.950  95.48    -3.7 0 -9999.9 1 -9999.9 1     0.0 0   342.9 0   303.1 0   301.6 0   397.0 0   290.2 0   290.2 0     0.0 0    -0.1 0 -9999.9 1   -54.1 0 -9999.9 1 -9999.9 1 -9999.9 1 -9999.9 1   154.2 0 -9999.9 1
 1999 174  6 23 10  3 10.050  94.56    -3.8 0 -9999.9 1 -9999.9 1    -0.9 0   339.6 0   303.2 0   301.6 0   395.7 0   290.2 0   290.2 0     0.0 0    -0.2 0 -9999.9 1   -56.1 0 -9999.9 1 -9999.9 1 -9999.9 1 -9999.9 1   148.2 0 -9999.9 1
 1999 174  6 23 10  6 10.100  94.09    -3.7 0 -9999.9 1 -9999.9 1    -1.5 0   340.4 0   303.2 0   301.5 0   395.7 0   290.2 0   290.1 0     0.0 0     0.0 0 -9999.9 1   -55.3 0 -9999.9 1 -9999.9 1 -9999.9 1 -9999.9 1   147.8 0 -9999.9 1
 1999 174  6 23 10  9 10.150  93.62    -3.5 0 -9999.9 1 -9999.9 1    -1.1 0   340.2 0   303.1 0   301.4 0   396.0 0   290.1 0   290.1 0     0.0 0     0.1 0 -9999.9 1   -55.8 0 -9999.9 1 -9999.9 1 -9999.9 1 -9999.9 1   150.4 0 -9999.9 1
 1999 174  6 23 10 12 10.200  93.15    -3.4 0 -9999.9 1 -9999.9 1    -0.6 0   337.1 0   303.1 0   301.4 0   395.8 0   290.1 0   290.0 0     0.0 0     0.1 0 -9999.9 1   -58.7 0 -9999.9 1 -9999.9 1 -9999.9 1 -9999.9 1   150.1 0 -9999.9 1
 1999 174  6 23 10 18 10.300  92.20    -3.2 0 -9999.9 1 -9999.9 1     0.4 0   343.5 0   303.1 0   301.5 0   395.4 0   290.1 0   290.0 0     0.0 0     0.2 0 -9999.9 1   -51.9 0 -9999.9 1 -9999.9 1 -9999.9 1 -9999.9 1   151.7 0 -9999.9 1
 1999 174  6 23 10 21 10.350  91.72    -2.5 0 -9999.9 1 -9999.9 1     0.9 0   346.5 0   303.0 0   301.4 0   395.2 0   290.0 0   289.9 0     0.0 2     0.5 0 -9999.9 1   -48.7 0 -9999.9 1 -9999.9 1 -9999.9 1 -9999.9 1   150.8 0 -9999.9 1
 1999 174  6 23 10 24 10.400  91.24    -1.4 0 -9999.9 1 -9999.9 1     1.9 0   346.3 0   302.9 0   301.4 0   395.0 0   289.9 0   289.8 0     0.0 2     1.0 0 -9999.9 1   -48.7 0 -9999.9 1 -9999.9 1 -9999.9 1 -9999.9 1   151.7 0 -9999.9 1
 1999 174  6 23 10 27 10.450  89.99    -0.5 0 -9999.9 1 -9999.9 1     3.2 0   345.1 0   303.0 0   301.4 0   395.4 0   289.9 0   289.9 0     0.1 2     1.4 0 -9999.9 1   -50.2 0 -9999.9 1 -9999.9 1 -9999.9 1 -9999.9 1   152.1 0 -9999.9 1
 1999 174  6 23 10 33 10.550  89.26     2.0 0 -9999.9 1 -9999.9 1     4.5 0   352.8 0   302.9 0   301.3 0   396.2 0   289.9 0   289.8 0     0.2 2     2.5 0 -9999.9 1   -43.5 0 -9999.9 1 -9999.9 1 -9999.9 1 -9999.9 1   159.3 0 -9999.9 1
 1999 174  6 23 10 36 10.600  88.85     3.7 0 -9999.9 1 -9999.9 1     5.1 0   349.8 0   303.1 0   301.5 0   397.2 0   290.0 0   289.9 0     0.2 0     3.4 0 -9999.9 1   -47.5 0 -9999.9 1 -9999.9 1 -9999.9 1 -9999.9 1   162.5 0 -9999.9 1
 1999 174  6 23 10 39 10.650  88.41     5.4 0 -9999.9 1 -9999.9 1     7.0 0   338.9 0   303.0 0   301.4 0   395.8 0   289.9 0   289.8 0     0.3 2     4.4 0 -9999.9 1   -56.9 0 -9999.9 1 -9999.9 1 -9999.9 1 -9999.9 1   164.4 0 -9999.9 1
 1999 174  6 23 10 42 10.700  87.96     8.2 0 -9999.9 1 -9999.9 1     9.8 0   338.1 0   303.2 0   301.5 0   396.3 0   290.0 0   289.9 0     0.4 0     5.7 0 -9999.9 1   -58.2 0 -9999.9 1 -9999.9 1 -9999.9 1 -9999.9 1   159.2 0 -9999.9 1
 1999 174  6 23 10 48 10.800  87.03    14.1 0 -9999.9 1 -9999.9 1    15.2 0   335.2 0   303.2 0   301.7 0   396.3 0   290.0 0   290.0 0     0.7 0     8.6 0 -9999.9 1   -61.0 0 -9999.9 1 -9999.9 1 -9999.9 1 -9999.9 1   156.1 0 -9999.9 1
 1999 174  6 23 10 51 10.850  86.56    17.9 0 -9999.9 1 -9999.9 1    18.2 0   335.4 0   303.3 0   301.7 0   397.0 0   290.1 0   290.1 0     0.8 0    10.3 0 -9999.9 1   -61.6 0 -9999.9 1 -9999.9 1 -9999.9 1 -9999.9 1   157.0 0 -9999.9 1
 1999 174  6 23 10 54 10.900  86.07    22.3 0 -9999.9 1 -9999.9 1    22.4 0   333.6 0   303.2 0   301.5 0   396.6 0   290.0 0   289.9 0     0.9 0    12.4 0 -9999.9 1   -63.0 0 -9999.9 1 -9999.9 1 -9999.9 1 -9999.9 1   152.7 0 -9999.9 1
 1999 174  6 23 10 57 10.950  85.58    26.2 0 -9999.9 1 -9999.9 1    26.9 0   331.9 0   303.0 0   301.4 0   396.1 0   289.8 0   289.8 0     1.0 2    14.4 0 -9999.9 1   -64.2 0 -9999.9 1 -9999.9 1 -9999.9 1 -9999.9 1   149.7 0 -9999.9 1
 1999 174  6 23 11  3 11.050  84.58    36.4 0 -9999.9 1 -9999.9 1    36.2 0   331.7 0   303.2 0   301.7 0   396.9 0   289.9 0   289.9 0     1.4 0    18.8 0 -9999.9 1   -65.3 0 -9999.9 1 -9999.9 1 -9999.9 1 -9999.9 1   148.9 0 -9999.9 1
 1999 174  6 23 11  6 11.100  84.08    42.9 0 -9999.9 1 -9999.9 1    39.4 0   330.0 0   303.1 0   301.7 0   397.1 0   289.8 0   289.8 0     1.6 2    20.4 0 -9999.9 1   -67.1 0 -9999.9 1 -9999.9 1 -9999.9 1 -9999.9 1   151.9 0 -9999.9 1
 1999 174  6 23 11  9 11.150  83.57    47.9 0 -9999.9 1 -9999.9 1    42.7 0   331.6 0   303.2 0   301.5 0   398.4 0   289.9 0   289.9 0     1.8 0    22.4 0 -9999.9 1   -66.8 0 -9999.9 1 -9999.9 1 -9999.9 1 -9999.9 1   149.1 0 -9999.9 1
 1999 174  6 23 11 12 11.200  83.06    52.5 0 -9999.9 1 -9999.9 1    46.2 0   333.7 0   303.4 0   301.6 0   399.8 0   290.1 0   290.1 0     2.1 0    24.5 0 -9999.9 1   -66.1 0 -9999.9 1 -9999.9 1 -9999.9 1 -9999.9 1   149.8 0 -9999.9 1
 1999 174  6 23 11 18 11.300  82.03    59.5 0 -9999.9 1 -9999.9 1    49.7 0   334.2 0   303.5 0   301.8 0   401.4 0   290.2 0   290.2 0     2.6 0    26.7 0 -9999.9 1   -67.1 0 -9999.9 1 -9999.9 1 -9999.9 1 -9999.9 1   155.9 0 -9999.9 1
 1999 174  6 23 11 21 11.350  81.52    61.7 0 -9999.9 1 -9999.9 1    50.7 0   335.7 0   303.6 0   301.8 0   402.0 0   290.3 0   290.3 0     2.9 0    27.5 0 -9999.9 1   -66.3 0 -9999.9 1 -9999.9 1 -9999.9 1 -9999.9 1   153.4 0 -9999.9 1
 1999 174  6 23 11 24 11.400  80.99    61.6 0 -9999.9 1 -9999.9 1    52.9 0   336.2 0   303.6 0   301.8 0   402.3 0   290.4 0   290.4 0     3.3 0    29.6 0 -9999.9 1   -66.1 0 -9999.9 1 -9999.9 1 -9999.9 1 -9999.9 1   153.6 0 -9999.9 1
 1999 174  6 23 11 27 11.450  80.47    66.9 0 -9999.9 1 -9999.9 1    59.5 0   335.6 0   303.6 0   301.8 0   402.3 0   290.4 0   290.4 0     3.6 0    33.2 0 -9999.9 1   -66.7 0 -9999.9 1 -9999.9 1 -9999.9 1 -9999.9 1   155.3 0 -9999.9 1
 1999 174  6 23 11 33 11.550  79.42    67.0 0 -9999.9 1 -9999.9 1    61.7 0   336.0 0   303.7 0   302.0 0   403.5 0   290.5 0   290.6 0     4.3 0    34.7 0 -9999.9 1   -67.4 0 -9999.9 1 -9999.9 1 -9999.9 1 -9999.9 1   159.6 0 -9999.9 1
 1999 174  6 23 11 36 11.600  78.89    63.8 0 -9999.9 1 -9999.9 1    60.4 0   336.0 0   303.7 0   302.1 0   403.5 0   290.6 0   290.6 0     4.7 0    34.0 0 -9999.9 1   -67.5 0 -9999.9 1 -9999.9 1 -9999.9 1 -9999.9 1   162.1 0 -9999.9 1
 1999 174  6 23 11 39 11.650  78.36    65.6 0 -9999.9 1 -9999.9 1    64.4 0   338.0 0   303.9 0   302.2 0   404.2 0   290.7 0   290.7 0     5.1 0    36.1 0 -9999.9 1   -66.2 0 -9999.9 1 -9999.9 1 -9999.9 1 -9999.9 1   161.9 0 -9999.9 1
 1999 174  6 23 11 42 11.700  77.82    74.2 0 -9999.9 1 -9999.9 1    70.8 0   338.2 0   303.9 0   302.2 0   404.9 0   290.8 0   290.8 0     5.6 0    40.1 0 -9999.9 1   -66.7 0 -9999.9 1 -9999.9 1 -9999.9 1 -9999.9 1   159.6 0 -9999.9 1
 1999 174  6 23 11 48 11.800  76.75    93.0 0 -9999.9 1 -9999.9 1    87.4 0   338.9 0   304.0 0   302.3 0   406.8 0   290.9 0   291.0 0     6.6 0    50.3 0 -9999.9 1   -67.9 0 -9999.9 1 -9999.9 1 -9999.9 1 -9999.9 1   166.6 0 -9999.9 1
 1999 174  6 23 11 51 11.850  76.21   119.3 0 -9999.9 1 -9999.9 1   105.3 0   339.1 0   304.0 0   302.5 0   408.2 0   291.0 0   291.0 0     7.2 0    61.6 0 -9999.9 1   -69.1 0 -9999.9 1 -9999.9 1 -9999.9 1 -9999.9 1   167.9 0 -9999.9 1
 1999 174  6 23 11 54 11.900  75.67   165.9 0 -9999.9 1 -9999.9 1   122.6 0   340.5 0   304.2 0   302.8 0   411.0 0   291.1 0   291.2 0     7.9 0    74.4 0 -9999.9 1   -70.5 0 -9999.9 1 -9999.9 1 -9999.9 1 -9999.9 1   168.3 0 -9999.9 1
 1999 174  6 23 11 57 11.950  75.13   182.6 0 -9999.9 1 -9999.9 1   137.1 0   344.4 0   304.4 0   303.0 0   413.1 0   291.2 0   291.4 0     8.5 0    82.2 0 -9999.9 1   -68.8 0 -9999.9 1 -9999.9 1 -9999.9 1 -9999.9 1   168.3 0 -9999.9 1
 1999 174  6 23 12  3 12.050  74.04   237.5 0 -9999.9 1 -9999.9 1   180.0 0   352.7 0   304.9 0   303.5 0   418.0 0   291.7 0   291.9 0    10.2 0   104.2 0 -9999.9 1   -65.3 0 -9999.9 1 -9999.9 1 -9999.9 1 -9999.9 1   164.7 0 -9999.9 1
 1999 174  6 23 12  6 12.100  73.50   269.3 0 -9999.9 1 -9999.9 1   210.8 0   358.2 0   305.2 0   303.8 0   420.5 0   292.0 0   292.2 0    11.1 0   117.2 0 -9999.9 1   -62.3 0 -9999.9 1 -9999.9 1 -9999.9 1 -9999.9 1   165.3 0 -9999.9 1
 1999 174  6 23 12  9 12.150  72.95   298.0 0 -9999.9 1 -9999.9 1   235.7 0   364.2 0   305.5 0   304.1 0   423.3 0   292.3 0   292.5 0    11.7 0   127.0 0 -9999.9 1   -59.1 0 -9999.9 1 -9999.9 1 -9999.9 1 -9999.9 1   166.3 0 -9999.9 1
 1999 174  6 23 12 12 12.200  72.40   297.6 0 -9999.9 1 -9999.9 1   234.8 0   369.2 0   305.8 0   304.3 0   424.3 0   292.6 0   292.9 0    12.1 0   124.4 0 -9999.9 1   -55.1 0 -9999.9 1 -9999.9 1 -9999.9 1 -9999.9 1   168.4 0 -9999.9 1
 1999 174  6 23 12 18 12.300  71.30   226.9 0 -9999.9 1 -9999.9 1   219.6 0   374.3 0   306.3 0   304.5 0   423.8 0   293.2 0   293.3 0    12.6 0   107.4 0 -9999.9 1   -49.5 0 -9999.9 1 -9999.9 1 -9999.9 1 -9999.9 1   168.9 0 -9999.9 1
 1999 174  6 23 12 21 12.350  70.74   242.5 0 -9999.9 1 -9999.9 1   225.1 0   374.9 0   306.3 0   304.5 0   424.0 0   293.3 0   293.5 0    12.9 0   113.3 0 -9999.9 1   -49.1 0 -9999.9 1 -9999.9 1 -9999.9 1 -9999.9 1   170.8 0 -9999.9 1
 1999 174  6 23 12 24 12.400  70.19   275.3 0 -9999.9 1 -9999.9 1   221.1 0   374.0 0   306.3 0   304.7 0   425.5 0   293.5 0   293.6 0    13.3 0   119.1 0 -9999.9 1   -51.5 0 -9999.9 1 -9999.9 1 -9999.9 1 -9999.9 1   173.2 0 -9999.9 1
 1999 174  6 23 12 27 12.450  69.64   218.5 0 -9999.9 1 -9999.9 1   202.4 0   375.1 0   306.5 0   304.8 0   424.4 0   293.7 0   293.8 0    13.4 0   101.0 0 -9999.9 1   -49.3 0 -9999.9 1 -9999.9 1 -9999.9 1 -9999.9 1   175.1 0 -9999.9 1
 1999 174  6 23 12 33 12.550  68.52   188.9 0 -9999.9 1 -9999.9 1   188.2 0   377.0 0   306.5 0   304.8 0   424.0 0   293.9 0   294.0 0    14.1 0    89.6 0 -9999.9 1   -47.0 0 -9999.9 1 -9999.9 1 -9999.9 1 -9999.9 1   171.7 0 -9999.9 1
 1999 174  6 23 12 36 12.600  67.96   191.2 0 -9999.9 1 -9999.9 1   190.8 0   375.0 0   306.4 0   304.7 0   423.6 0   293.8 0   293.9 0    14.6 0    90.4 0 -9999.9 1   -48.6 0 -9999.9 1 -9999.9 1 -9999.9 1 -9999.9 1   168.6 0 -9999.9 1
 1999 174  6 23 12 39 12.650  67.40   193.5 0 -9999.9 1 -9999.9 1   193.8 0   376.9 0   306.4 0   304.6 0   423.6 0   293.9 0   294.0 0    15.2 0    91.7 0 -9999.9 1   -46.8 0 -9999.9 1 -9999.9 1 -9999.9 1 -9999.9 1   169.0 0 -9999.9 1
 1999 174  6 23 12 42 12.700  66.84   194.9 0 -9999.9 1 -9999.9 1   195.0 0   377.1 0   306.4 0   304.7 0   424.2 0   294.0 0   294.0 0    15.6 0    92.3 0 -9999.9 1   -47.1 0 -9999.9 1 -9999.9 1 -9999.9 1 -9999.9 1   172.6 0 -9999.9 1
 1999 174  6 23 12 48 12.800  65.72   201.3 0 -9999.9 1 -9999.9 1   199.6 0   375.4 0   306.2 0   304.6 0   424.2 0   293.9 0   293.9 0    16.9 0    95.3 0 -9999.9 1   -48.9 0 -9999.9 1 -9999.9 1 -9999.9 1 -9999.9 1   175.0 0 -9999.9 1
 1999 174  6 23 12 51 12.850  65.16   206.1 0 -9999.9 1 -9999.9 1   202.3 0   375.2 0   306.3 0   304.7 0   425.1 0   293.9 0   294.0 0    17.9 0    97.2 0 -9999.9 1   -49.9 0 -9999.9 1 -9999.9 1 -9999.9 1 -9999.9 1   174.8 0 -9999.9 1
 1999 174  6 23 12 54 12.900  64.59   208.0 0 -9999.9 1 -9999.9 1   205.8 0   373.2 0   306.2 0   304.7 0   424.6 0   293.8 0   293.9 0    19.0 2    98.2 0 -9999.9 1   -51.4 0 -9999.9 1 -9999.9 1 -9999.9 1 -9999.9 1   179.8 0 -9999.9 1
 1999 174  6 23 12 57 12.950  64.03   207.6 0 -9999.9 1 -9999.9 1   205.6 0   373.5 0   306.1 0   304.7 0   424.4 0   293.8 0   293.8 0    19.6 2    98.1 0 -9999.9 1   -50.9 0 -9999.9 1 -9999.9 1 -9999.9 1 -9999.9 1   183.8 0 -9999.9 1
 1999 174  6 23 13  3 13.050  62.90   191.3 0 -9999.9 1 -9999.9 1   190.4 0   377.1 0   306.5 0   305.1 0   425.9 0   294.1 0   294.2 0    19.5 0    90.7 0 -9999.9 1   -48.8 0 -9999.9 1 -9999.9 1 -9999.9 1 -9999.9 1   188.6 0 -9999.9 1
 1999 174  6 23 13  6 13.100  62.33   178.3 0 -9999.9 1 -9999.9 1   177.3 0   376.2 0   306.5 0   304.9 0   424.4 0   294.0 0   294.0 0    18.9 2    84.5 0 -9999.9 1   -48.1 0 -9999.9 1 -9999.9 1 -9999.9 1 -9999.9 1   186.4 0 -9999.9 1
 1999 174  6 23 13  9 13.150  61.76   173.5 0 -9999.9 1 -9999.9 1   173.1 0   376.6 0   306.4 0   304.8 0   422.5 0   293.9 0   294.0 0    19.1 2    82.4 0 -9999.9 1   -45.9 0 -9999.9 1 -9999.9 1 -9999.9 1 -9999.9 1   186.4 0 -9999.9 1
 1999 174  6 23 13 12 13.200  61.20   174.9 0 -9999.9 1 -9999.9 1   174.3 0   376.0 0   306.5 0   304.9 0   423.0 0   294.0 0   294.0 0    19.8 2    82.9 0 -9999.9 1   -47.0 0 -9999.9 1 -9999.9 1 -9999.9 1 -9999.9 1   178.6 0 -9999.9 1
 1999 174  6 23 13 18 13.300  60.06   170.7 0 -9999.9 1 -9999.9 1   170.3 0   378.6 0   306.6 0   304.9 0   423.9 0   294.1 0   294.1 0    20.6 2    81.0 0 -9999.9 1   -45.3 0 -9999.9 1 -9999.9 1 -9999.9 1 -9999.9 1   179.8 0 -9999.9 1
 1999 174  6 23 13 21 13.350  59.49   166.0 0 -9999.9 1 -9999.9 1   164.9 0   377.7 0   306.6 0   305.0 0   424.0 0   294.1 0   294.1 0    20.9 2    78.7 0 -9999.9 1   -46.3 0 -9999.9 1 -9999.9 1 -9999.9 1 -9999.9 1   178.0 0 -9999.9 1
 1999 174  6 23 13 24 13.400  58.92   165.8 0 -9999.9 1 -9999.9 1   165.2 0   377.2 0   306.6 0   305.1 0   424.2 0   294.1 0   294.1 0    21.6 2    78.8 0 -9999.9 1   -47.0 0 -9999.9 1 -9999.9 1 -9999.9 1 -9999.9 1   180.3 0 -9999.9 1
 1999 174  6 23 13 27 13.450  58.35   175.9 0 -9999.9 1 -9999.9 1   176.3 0   376.8 0   306.8 0   305.1 0   425.3 0   294.3 0   294.3 0    23.7 0    84.1 0 -9999.9 1   -48.5 0 -9999.9 1 -9999.9 1 -9999.9 1 -9999.9 1   177.6 0 -9999.9 1
 1999 174  6 23 13 33 13.550  57.20   225.7 0 -9999.9 1 -9999.9 1   225.3 0   377.7 0   307.0 0   305.5 0   429.4 0   294.5 0   294.6 0    29.2 0   108.1 0 -9999.9 1   -51.7 0 -9999.9 1 -9999.9 1 -9999.9 1 -9999.9 1   176.9 0 -9999.9 1
 1999 174  6 23 13 36 13.600  56.63   242.7 0 -9999.9 1 -9999.9 1   241.7 0   379.0 0   307.1 0   305.6 0   431.0 0   294.6 0   294.7 0    30.4 0   116.2 0 -9999.9 1   -51.9 0 -9999.9 1 -9999.9 1 -9999.9 1 -9999.9 1   172.9 0 -9999.9 1
 1999 174  6 23 13 39 13.650  56.06   253.7 0 -9999.9 1 -9999.9 1   251.6 0   381.2 0   307.2 0   305.8 0   432.3 0   294.8 0   294.8 0    30.6 0   121.5 0 -9999.9 1   -51.1 0 -9999.9 1 -9999.9 1 -9999.9 1 -9999.9 1   177.6 0 -9999.9 1
 1999 174  6 23 13 42 13.700  55.49   234.9 0 -9999.9 1 -9999.9 1   232.4 0   384.3 0   307.2 0   305.7 0   431.4 0   294.8 0   294.9 0    27.9 0   113.1 0 -9999.9 1   -47.1 0 -9999.9 1 -9999.9 1 -9999.9 1 -9999.9 1   175.9 0 -9999.9 1
 1999 174  6 23 13 48 13.800  54.34   179.1 0 -9999.9 1 -9999.9 1   176.4 0   385.0 0   307.3 0   305.7 0   429.5 0   294.8 0   294.8 0    22.4 0    87.1 0 -9999.9 1   -44.5 0 -9999.9 1 -9999.9 1 -9999.9 1 -9999.9 1   175.1 0 -9999.9 1
 1999 174  6 23 13 51 13.850  53.77   155.0 0 -9999.9 1 -9999.9 1   154.0 0   386.9 0   307.3 0   305.5 0   427.4 0   294.8 0   294.8 0    20.4 0    75.8 0 -9999.9 1   -40.5 0 -9999.9 1 -9999.9 1 -9999.9 1 -9999.9 1   174.8 0 -9999.9 1
 1999 174  6 23 13 54 13.900  53.20   143.0 0 -9999.9 1 -9999.9 1   142.4 0   386.0 0   307.2 0   305.5 0   426.6 0   294.8 0   294.8 0    20.0 0    70.2 0 -9999.9 1   -40.6 0 -9999.9 1 -9999.9 1 -9999.9 1 -9999.9 1   178.0 0 -9999.9 1
 1999 174  6 23 13 57 13.950  52.62   143.1 0 -9999.9 1 -9999.9 1   143.3 0   386.4 0   307.2 0   305.4 0   426.0 0   294.8 0   294.8 0    21.2 0    70.4 0 -9999.9 1   -39.6 0 -9999.9 1 -9999.9 1 -9999.9 1 -9999.9 1   176.0 0 -9999.9 1
 1999 174  6 23 14  3 14.050  51.47   154.3 0 -9999.9 1 -9999.9 1   154.2 0   386.2 0   307.2 0   305.5 0   426.6 0   294.8 0   294.8 0    24.5 0    75.1 0 -9999.9 1   -40.5 0 -9999.9 1 -9999.9 1 -9999.9 1 -9999.9 1   176.9 0 -9999.9 1
 1999 174  6 23 14  6 14.100  50.90   156.4 0 -9999.9 1 -9999.9 1   156.0 0   384.7 0   307.1 0   305.6 0   426.8 0   294.7 0   294.7 0    25.0 0    75.5 0 -9999.9 1   -42.1 0 -9999.9 1 -9999.9 1 -9999.9 1 -9999.9 1   181.8 0 -9999.9 1
 1999 174  6 23 14  9 14.150  50.33   156.9 0 -9999.9 1 -9999.9 1   156.4 0   386.6 0   307.1 0   305.4 0   426.4 0   294.7 0   294.8 0    24.9 0    75.1 0 -9999.9 1   -39.8 0 -9999.9 1 -9999.9 1 -9999.9 1 -9999.9 1   183.5 0 -9999.9 1
 1999 174  6 23 14 12 14.200  49.75   176.5 0 -9999.9 1 -9999.9 1   176.8 0   388.7 0   307.2 0   305.3 0   426.7 0   294.8 0   294.8 0    27.8 0    83.2 0 -9999.9 1   -37.9 0 -9999.9 1 -9999.9 1 -9999.9 1 -9999.9 1   181.6 0 -9999.9 1
 1999 174  6 23 14 18 14.300  48.61   253.7 0 -9999.9 1 -9999.9 1   252.9 0   381.1 0   307.2 0   305.8 0   430.7 0   294.8 0   294.9 0    42.1 0   122.0 0 -9999.9 1   -49.6 0 -9999.9 1 -9999.9 1 -9999.9 1 -9999.9 1   181.3 0 -9999.9 1
 1999 174  6 23 14 21 14.350  48.03   287.3 0 -9999.9 1 -9999.9 1   285.6 0   376.3 0   307.4 0   306.0 0   432.6 0   294.9 0   295.1 0    48.3 0   137.8 0 -9999.9 1   -56.4 0 -9999.9 1 -9999.9 1 -9999.9 1 -9999.9 1   179.0 0 -9999.9 1
 1999 174  6 23 14 24 14.400  47.46   353.5 0 -9999.9 1 -9999.9 1   335.2 0   369.6 0   307.5 0   306.3 0   435.9 0   295.0 0   295.2 0    57.9 0   168.8 0 -9999.9 1   -66.3 0 -9999.9 1 -9999.9 1 -9999.9 1 -9999.9 1   182.9 0 -9999.9 1
 1999 174  6 23 14 27 14.450  46.89   428.3 0 -9999.9 1 -9999.9 1   366.1 0   365.4 0   307.7 0   306.7 0   440.2 0   295.2 0   295.4 0    65.5 0   203.6 0 -9999.9 1   -74.8 0 -9999.9 1 -9999.9 1 -9999.9 1 -9999.9 1   182.8 0 -9999.9 1
 1999 174  6 23 14 33 14.550  45.75   657.3 0 -9999.9 1 -9999.9 1   446.3 0   364.9 0   308.3 0   307.6 0   453.0 0   295.7 0   296.1 0    84.0 0   299.0 0 -9999.9 1   -88.1 0 -9999.9 1 -9999.9 1 -9999.9 1 -9999.9 1   181.7 0 -9999.9 1
 1999 174  6 23 14 36 14.600  45.18   775.0 0 -9999.9 1 -9999.9 1   492.4 0   368.3 0   308.8 0   308.3 0   457.8 0   296.1 0   296.5 0    95.1 0   349.8 0 -9999.9 1   -89.4 0 -9999.9 1 -9999.9 1 -9999.9 1 -9999.9 1   190.1 0 -9999.9 1
 1999 174  6 23 14 39 14.650  44.61   861.1 0 -9999.9 1 -9999.9 1   533.0 0   370.8 0   309.4 0   308.9 0   463.3 0   296.6 0   297.0 0   104.0 0   386.7 0 -9999.9 1   -92.5 0 -9999.9 1 -9999.9 1 -9999.9 1 -9999.9 1   186.5 0 -9999.9 1
 1999 174  6 23 14 42 14.700  44.04   874.0 0 -9999.9 1 -9999.9 1   528.6 0   370.3 0   309.9 0   309.5 0   466.2 0   296.9 0   297.4 0   103.4 0   386.1 0 -9999.9 1   -95.9 0 -9999.9 1 -9999.9 1 -9999.9 1 -9999.9 1   188.0 0 -9999.9 1
 1999 174  6 23 14 48 14.800  42.90   397.1 0 -9999.9 1 -9999.9 1   332.6 0   362.2 0   310.6 0   309.2 0   446.8 0   297.4 0   297.5 0    70.4 0   190.6 0 -9999.9 1   -84.6 0 -9999.9 1 -9999.9 1 -9999.9 1 -9999.9 1   186.5 0 -9999.9 1
 1999 174  6 23 14 51 14.850  42.33   474.6 0 -9999.9 1 -9999.9 1   326.4 0   358.8 0   310.8 0   309.4 0   446.8 0   297.4 0   297.6 0    80.4 0   229.9 0 -9999.9 1   -88.0 0 -9999.9 1 -9999.9 1 -9999.9 1 -9999.9 1   189.1 0 -9999.9 1
 1999 174  6 23 14 54 14.900  41.76   774.0 0 -9999.9 1 -9999.9 1   374.4 0   356.5 0   311.1 0   310.1 0   458.1 0   297.5 0   297.8 0   104.1 0   348.3 0 -9999.9 1  -101.7 0 -9999.9 1 -9999.9 1 -9999.9 1 -9999.9 1   192.5 0 -9999.9 1
 1999 174  6 23 14 57 14.950  41.20   789.8 0 -9999.9 1 -9999.9 1   375.0 0   356.0 0   311.4 0   310.6 0   461.4 0   297.7 0   298.1 0   109.0 0   360.8 0 -9999.9 1  -105.4 0 -9999.9 1 -9999.9 1 -9999.9 1 -9999.9 1   188.4 0 -9999.9 1
 1999 174  6 23 15  3 15.050  40.07   773.9 0 -9999.9 1 -9999.9 1   378.8 0   357.7 0   312.2 0   311.2 0   462.9 0   298.2 0   298.5 0   113.9 0   355.1 0 -9999.9 1  -105.1 0 -9999.9 1 -9999.9 1 -9999.9 1 -9999.9 1   191.6 0 -9999.9 1
 1999 174  6 23 15  6 15.100  39.51   795.2 0 -9999.9 1 -9999.9 1   388.1 0   360.1 0   312.5 0   311.6 0   463.5 0   298.4 0   298.7 0   116.3 0   362.1 0 -9999.9 1  -103.4 0 -9999.9 1 -9999.9 1 -9999.9 1 -9999.9 1   197.6 0 -9999.9 1
 1999 174  6 23 15  9 15.150  38.95   819.8 0 -9999.9 1 -9999.9 1   396.2 0   361.9 0   312.8 0   312.0 0   467.2 0   298.6 0   299.0 0   117.1 0   368.9 0 -9999.9 1  -105.3 0 -9999.9 1 -9999.9 1 -9999.9 1 -9999.9 1   190.3 0 -9999.9 1
 1999 174  6 23 15 12 15.200  38.39   647.5 0 -9999.9 1 -9999.9 1   346.0 0   362.0 0   313.2 0   312.1 0   463.7 0   298.8 0   299.1 0   103.8 0   294.1 0 -9999.9 1  -101.7 0 -9999.9 1 -9999.9 1 -9999.9 1 -9999.9 1   192.3 0 -9999.9 1
 1999 174  6 23 15 18 15.300  37.27   315.1 0 -9999.9 1 -9999.9 1   232.4 0   361.9 0   313.2 0   311.2 0   443.8 0   298.6 0   298.6 0    74.1 0   150.7 0 -9999.9 1   -81.9 0 -9999.9 1 -9999.9 1 -9999.9 1 -9999.9 1   203.4 0 -9999.9 1
 1999 174  6 23 15 21 15.350  36.72   443.3 0 -9999.9 1 -9999.9 1   265.3 0   357.6 0   312.9 0   311.2 0   446.3 0   298.3 0   298.3 0    88.5 0   209.2 0 -9999.9 1   -88.7 0 -9999.9 1 -9999.9 1 -9999.9 1 -9999.9 1   194.7 0 -9999.9 1
 1999 174  6 23 15 24 15.400  36.16   708.5 0 -9999.9 1 -9999.9 1   317.4 0   357.5 0   312.9 0   311.7 0   459.6 0   298.2 0   298.4 0   114.7 0   320.4 0 -9999.9 1  -102.1 0 -9999.9 1 -9999.9 1 -9999.9 1 -9999.9 1   194.8 0 -9999.9 1
 1999 174  6 23 15 27 15.450  35.61   489.0 0 -9999.9 1 -9999.9 1   269.9 0   353.1 0   312.8 0   311.3 0   453.1 0   298.1 0   298.3 0   101.0 0   230.6 0 -9999.9 1  -100.0 0 -9999.9 1 -9999.9 1 -9999.9 1 -9999.9 1   194.2 0 -9999.9 1
 1999 174  6 23 15 33 15.550  34.51   784.6 0 -9999.9 1 -9999.9 1   304.4 0   350.4 0   312.6 0   311.3 0   458.4 0   297.9 0   298.2 0   134.2 0   361.1 0 -9999.9 1  -108.0 0 -9999.9 1 -9999.9 1 -9999.9 1 -9999.9 1   200.4 0 -9999.9 1
 1999 174  6 23 15 36 15.600  33.97   846.4 0 -9999.9 1 -9999.9 1   307.0 0   350.3 0   312.8 0   311.8 0   464.5 0   298.2 0   298.5 0   143.7 0   387.6 0 -9999.9 1  -114.2 0 -9999.9 1 -9999.9 1 -9999.9 1 -9999.9 1   202.8 0 -9999.9 1
 1999 174  6 23 15 39 15.650  33.43   880.2 0 -9999.9 1 -9999.9 1   311.7 0   352.3 0   313.0 0   312.1 0   466.6 0   298.4 0   298.7 0   150.3 0   402.8 0 -9999.9 1  -114.3 0 -9999.9 1 -9999.9 1 -9999.9 1 -9999.9 1   201.7 0 -9999.9 1
 1999 174  6 23 15 42 15.700  32.89   914.9 0 -9999.9 1 -9999.9 1   337.5 0   358.5 0   313.3 0   312.3 0   470.3 0   298.6 0   299.0 0   158.4 0   417.2 0 -9999.9 1  -111.8 0 -9999.9 1 -9999.9 1 -9999.9 1 -9999.9 1   207.1 0 -9999.9 1
 1999 174  6 23 15 48 15.800  31.81   744.1 0 -9999.9 1 -9999.9 1   468.3 0   365.5 0   313.7 0   312.8 0   468.0 0   299.0 0   299.3 0   142.4 0   347.5 0 -9999.9 1  -102.4 0 -9999.9 1 -9999.9 1 -9999.9 1 -9999.9 1   196.4 0 -9999.9 1
 1999 174  6 23 15 51 15.850  31.28   915.9 0 -9999.9 1 -9999.9 1   458.9 0   365.3 0   313.9 0   313.0 0   471.7 0   299.1 0   299.4 0   159.3 0   417.0 0 -9999.9 1  -106.4 0 -9999.9 1 -9999.9 1 -9999.9 1 -9999.9 1   199.9 0 -9999.9 1
 1999 174  6 23 15 54 15.900  30.75   958.3 0 -9999.9 1 -9999.9 1   419.0 0   365.4 0   314.1 0   313.0 0   473.6 0   299.2 0   299.6 0   167.1 0   436.3 0 -9999.9 1  -108.3 0 -9999.9 1 -9999.9 1 -9999.9 1 -9999.9 1   212.2 0 -9999.9 1
 1999 174  6 23 15 57 15.950  30.23   968.9 0 -9999.9 1 -9999.9 1   392.6 0   362.5 0   314.2 0   313.5 0   477.4 0   299.3 0   299.7 0   169.9 0   443.4 0 -9999.9 1  -115.0 0 -9999.9 1 -9999.9 1 -9999.9 1 -9999.9 1   205.2 0 -9999.9 1
 1999 174  6 23 16  3 16.050  29.19   976.8 0 -9999.9 1 -9999.9 1   372.1 0   364.9 0   314.6 0   313.2 0   473.0 0   299.6 0   299.9 0   173.8 0   445.7 0 -9999.9 1  -108.1 0 -9999.9 1 -9999.9 1 -9999.9 1 -9999.9 1   214.8 0 -9999.9 1
 1999 174  6 23 16  6 16.100  28.68  1007.2 0 -9999.9 1 -9999.9 1   382.6 0   366.1 0   314.7 0   313.3 0   476.0 0   299.6 0   300.0 0   179.8 0   458.2 0 -9999.9 1  -109.9 0 -9999.9 1 -9999.9 1 -9999.9 1 -9999.9 1   214.5 0 -9999.9 1
 1999 174  6 23 16  9 16.150  28.17  1017.6 0 -9999.9 1 -9999.9 1   409.6 0   366.6 0   314.8 0   313.9 0   481.6 0   299.7 0   300.1 0   183.3 0   463.5 0 -9999.9 1  -115.0 0 -9999.9 1 -9999.9 1 -9999.9 1 -9999.9 1   208.2 0 -9999.9 1
 1999 174  6 23 16 12 16.200  27.66  1087.2 0 -9999.9 1 -9999.9 1   437.2 0   367.3 0   315.0 0   314.3 0   483.5 0   299.9 0   300.3 0   193.2 0   493.9 0 -9999.9 1  -116.1 0 -9999.9 1 -9999.9 1 -9999.9 1 -9999.9 1   197.6 0 -9999.9 1
 1999 174  6 23 16 18 16.300  26.67  1108.2 0 -9999.9 1 -9999.9 1   531.8 0   373.6 0   315.5 0   314.6 0   484.9 0   300.2 0   300.6 0   200.6 0   505.4 0 -9999.9 1  -111.3 0 -9999.9 1 -9999.9 1 -9999.9 1 -9999.9 1   212.0 0 -9999.9 1
 1999 174  6 23 16 21 16.350  26.18   747.6 0 -9999.9 1 -9999.9 1   529.9 0   374.7 0   315.6 0   314.2 0   473.4 0   300.3 0   300.5 0   154.6 0   346.5 0 -9999.9 1   -98.7 0 -9999.9 1 -9999.9 1 -9999.9 1 -9999.9 1   188.4 0 -9999.9 1
 1999 174  6 23 16 24 16.400  25.70   507.3 0 -9999.9 1 -9999.9 1   491.5 0   380.6 0   315.6 0   313.6 0   458.7 0   300.2 0   300.2 0   118.1 0   238.0 0 -9999.9 1   -78.1 0 -9999.9 1 -9999.9 1 -9999.9 1 -9999.9 1   202.2 0 -9999.9 1
 1999 174  6 23 16 27 16.450  25.22   555.3 0 -9999.9 1 -9999.9 1   527.6 0   384.4 0   315.4 0   313.4 0   457.9 0   299.9 0   299.9 0   123.4 0   260.8 0 -9999.9 1   -73.5 0 -9999.9 1 -9999.9 1 -9999.9 1 -9999.9 1   206.3 0 -9999.9 1
 1999 174  6 23 16 33 16.550  24.29   619.4 0 -9999.9 1 -9999.9 1   583.1 0   387.9 0   315.3 0   313.6 0   463.7 0   299.8 0   299.9 0   130.2 0   288.1 0 -9999.9 1   -75.8 0 -9999.9 1 -9999.9 1 -9999.9 1 -9999.9 1   203.6 0 -9999.9 1
 1999 174  6 23 16 36 16.600  23.83   576.8 0 -9999.9 1 -9999.9 1   544.7 0   389.1 0   315.3 0   313.6 0   462.8 0   299.8 0   300.0 0   124.2 0   269.4 0 -9999.9 1   -73.7 0 -9999.9 1 -9999.9 1 -9999.9 1 -9999.9 1   198.8 0 -9999.9 1
 1999 174  6 23 16 39 16.650  23.39   527.4 0 -9999.9 1 -9999.9 1   514.2 0   391.2 0   315.2 0   313.1 0   458.1 0   299.8 0   299.9 0   116.2 0   246.6 0 -9999.9 1   -66.9 0 -9999.9 1 -9999.9 1 -9999.9 1 -9999.9 1   205.8 0 -9999.9 1
 1999 174  6 23 16 42 16.700  22.95   507.4 0 -9999.9 1 -9999.9 1   496.1 0   391.4 0   315.0 0   313.1 0   456.6 0   299.6 0   299.7 0   111.4 0   238.6 0 -9999.9 1   -65.3 0 -9999.9 1 -9999.9 1 -9999.9 1 -9999.9 1   193.3 0 -9999.9 1
 1999 174  6 23 16 48 16.800  22.10   409.1 0 -9999.9 1 -9999.9 1   401.3 0   392.5 0   314.6 0   312.6 0   452.0 0   299.4 0   299.5 0    91.3 0   194.1 0 -9999.9 1   -59.4 0 -9999.9 1 -9999.9 1 -9999.9 1 -9999.9 1   206.7 0 -9999.9 1
 1999 174  6 23 16 51 16.850  21.69   353.3 0 -9999.9 1 -9999.9 1   348.0 0   394.8 0   314.4 0   312.3 0   448.7 0   299.3 0   299.3 0    79.1 0   167.9 0 -9999.9 1   -53.9 0 -9999.9 1 -9999.9 1 -9999.9 1 -9999.9 1   195.7 0 -9999.9 1
 1999 174  6 23 16 54 16.900  21.29   322.4 0 -9999.9 1 -9999.9 1   316.5 0   394.8 0   314.2 0   312.1 0   447.1 0   299.1 0   299.1 0    72.4 0   153.0 0 -9999.9 1   -52.3 0 -9999.9 1 -9999.9 1 -9999.9 1 -9999.9 1   207.8 0 -9999.9 1
 1999 174  6 23 16 57 16.950  20.90   331.4 0 -9999.9 1 -9999.9 1   324.0 0   394.6 0   313.8 0   311.8 0   447.1 0   298.9 0   298.9 0    74.5 0   157.6 0 -9999.9 1   -52.5 0 -9999.9 1 -9999.9 1 -9999.9 1 -9999.9 1   192.1 0 -9999.9 1
 1999 174  6 23 17  3 17.050  20.16   372.8 0 -9999.9 1 -9999.9 1   364.9 0   392.7 0   313.3 0   311.1 0   446.5 0   298.6 0   298.6 0    83.7 0   177.8 0 -9999.9 1   -53.8 0 -9999.9 1 -9999.9 1 -9999.9 1 -9999.9 1   193.6 0 -9999.9 1
 1999 174  6 23 17  6 17.100  19.81   330.5 0 -9999.9 1 -9999.9 1   325.2 0   392.6 0   313.1 0   310.8 0   444.8 0   298.6 0   298.6 0    75.1 0   158.1 0 -9999.9 1   -52.2 0 -9999.9 1 -9999.9 1 -9999.9 1 -9999.9 1   193.2 0 -9999.9 1
 1999 174  6 23 17  9 17.150  19.47   298.0 0 -9999.9 1 -9999.9 1   294.1 0   393.8 0   312.8 0   310.5 0   443.0 0   298.5 0   298.5 0    68.3 0   142.3 0 -9999.9 1   -49.2 0 -9999.9 1 -9999.9 1 -9999.9 1 -9999.9 1   204.6 0 -9999.9 1
 1999 174  6 23 17 12 17.200  19.15   292.7 0 -9999.9 1 -9999.9 1   288.0 0   392.6 0   312.5 0   310.5 0   443.8 0   298.4 0   298.4 0    67.6 0   139.7 0 -9999.9 1   -51.2 0 -9999.9 1 -9999.9 1 -9999.9 1 -9999.9 1   203.0 0 -9999.9 1
 1999 174  6 23 17 18 17.300  18.55   258.1 0 -9999.9 1 -9999.9 1   254.5 0   391.8 0   311.9 0   309.9 0   441.0 0   298.1 0   298.1 0    59.9 0   125.5 0 -9999.9 1   -49.2 0 -9999.9 1 -9999.9 1 -9999.9 1 -9999.9 1   195.6 0 -9999.9 1
 1999 174  6 23 17 21 17.350  18.28   230.0 0 -9999.9 1 -9999.9 1   227.2 0   391.8 0   311.6 0   309.8 0   440.6 0   298.0 0   298.0 0    53.7 0   112.8 0 -9999.9 1   -48.8 0 -9999.9 1 -9999.9 1 -9999.9 1 -9999.9 1   197.4 0 -9999.9 1
 1999 174  6 23 17 24 17.400  18.03   210.6 0 -9999.9 1 -9999.9 1   208.4 0   392.8 0   311.3 0   309.3 0   438.4 0   297.8 0   297.8 0    50.0 0   103.8 0 -9999.9 1   -45.6 0 -9999.9 1 -9999.9 1 -9999.9 1 -9999.9 1   205.0 0 -9999.9 1
 1999 174  6 23 17 27 17.450  17.79   207.2 0 -9999.9 1 -9999.9 1   205.5 0   392.3 0   310.9 0   308.7 0   435.7 0   297.6 0   297.6 0    49.0 2   102.7 0 -9999.9 1   -43.5 0 -9999.9 1 -9999.9 1 -9999.9 1 -9999.9 1   201.4 0 -9999.9 1
 1999 174  6 23 17 33 17.550  17.38   215.9 0 -9999.9 1 -9999.9 1   214.2 0   391.8 0   310.8 0   308.9 0   437.6 0   297.6 0   297.6 0    52.1 0   107.7 0 -9999.9 1   -45.8 0 -9999.9 1 -9999.9 1 -9999.9 1 -9999.9 1   200.4 0 -9999.9 1
 1999 174  6 23 17 36 17.600  17.21   232.7 0 -9999.9 1 -9999.9 1   231.0 0   390.3 0   310.5 0   308.7 0   437.4 0   297.4 0   297.5 0    55.8 2   115.4 0 -9999.9 1   -47.1 0 -9999.9 1 -9999.9 1 -9999.9 1 -9999.9 1   196.5 0 -9999.9 1
 1999 174  6 23 17 39 17.650  17.05   255.6 0 -9999.9 1 -9999.9 1   254.2 0   388.6 0   310.3 0   308.6 0   438.1 0   297.3 0   297.3 0    61.0 2   126.4 0 -9999.9 1   -49.5 0 -9999.9 1 -9999.9 1 -9999.9 1 -9999.9 1   196.2 0 -9999.9 1
 1999 174  6 23 17 42 17.700  16.92   281.2 0 -9999.9 1 -9999.9 1   280.4 0   390.9 0   310.4 0   308.6 0   440.6 0   297.5 0   297.5 0    67.8 0   138.9 0 -9999.9 1   -49.7 0 -9999.9 1 -9999.9 1 -9999.9 1 -9999.9 1   195.4 0 -9999.9 1
 1999 174  6 23 17 48 17.800  16.73   328.2 0 -9999.9 1 -9999.9 1   326.4 0   389.4 0   310.4 0   309.0 0   444.5 0   297.6 0   297.7 0    79.2 0   161.0 0 -9999.9 1   -55.0 0 -9999.9 1 -9999.9 1 -9999.9 1 -9999.9 1   190.5 0 -9999.9 1
 1999 174  6 23 17 51 17.850  16.67   352.6 0 -9999.9 1 -9999.9 1   350.6 0   391.2 0   310.4 0   308.9 0   445.3 0   297.7 0   297.8 0    85.1 0   171.6 0 -9999.9 1   -54.1 0 -9999.9 1 -9999.9 1 -9999.9 1 -9999.9 1   192.3 0 -9999.9 1
 1999 174  6 23 17 54 17.900  16.63   362.6 0 -9999.9 1 -9999.9 1   360.0 0   391.0 0   310.5 0   309.1 0   446.7 0   297.7 0   297.9 0    87.5 0   175.6 0 -9999.9 1   -55.7 0 -9999.9 1 -9999.9 1 -9999.9 1 -9999.9 1   189.3 0 -9999.9 1
 1999 174  6 23 17 57 17.950  16.62   358.2 0 -9999.9 1 -9999.9 1   356.1 0   392.9 0   310.6 0   309.2 0   447.6 0   297.8 0   298.0 0    86.5 0   172.9 0 -9999.9 1   -54.7 0 -9999.9 1 -9999.9 1 -9999.9 1 -9999.9 1   189.8 0 -9999.9 1
 1999 174  6 23 18  3 18.050  16.67   372.7 0 -9999.9 1 -9999.9 1   370.7 0   394.3 0   310.7 0   309.2 0   446.3 0   298.0 0   298.1 0    89.7 0   178.4 0 -9999.9 1   -52.0 0 -9999.9 1 -9999.9 1 -9999.9 1 -9999.9 1   191.8 0 -9999.9 1
 1999 174  6 23 18  6 18.100  16.72   365.0 0 -9999.9 1 -9999.9 1   363.3 0   394.9 0   310.8 0   309.3 0   447.0 0   298.1 0   298.2 0    87.2 0   174.2 0 -9999.9 1   -52.1 0 -9999.9 1 -9999.9 1 -9999.9 1 -9999.9 1   191.2 0 -9999.9 1
 1999 174  6 23 18  9 18.150  16.81   369.4 0 -9999.9 1 -9999.9 1   368.3 0   394.6 0   310.9 0   309.5 0   447.8 0   298.1 0   298.3 0    87.4 0   176.3 0 -9999.9 1   -53.2 0 -9999.9 1 -9999.9 1 -9999.9 1 -9999.9 1   191.2 0 -9999.9 1
 1999 174  6 23 18 12 18.200  16.91   379.7 0 -9999.9 1 -9999.9 1   378.2 0   395.5 0   311.0 0   309.4 0   447.8 0   298.2 0   298.3 0    89.2 0   180.8 0 -9999.9 1   -52.4 0 -9999.9 1 -9999.9 1 -9999.9 1 -9999.9 1   187.8 0 -9999.9 1
 1999 174  6 23 18 18 18.300  17.19   396.0 0 -9999.9 1 -9999.9 1   393.9 0   394.6 0   310.9 0   309.4 0   448.0 0   298.1 0   298.3 0    92.6 0   188.8 0 -9999.9 1   -53.3 0 -9999.9 1 -9999.9 1 -9999.9 1 -9999.9 1   189.0 0 -9999.9 1
 1999 174  6 23 18 21 18.350  17.36   405.3 0 -9999.9 1 -9999.9 1   402.4 0   392.8 0   311.0 0   309.7 0   449.3 0   298.2 0   298.3 0    94.5 0   193.1 0 -9999.9 1   -56.5 0 -9999.9 1 -9999.9 1 -9999.9 1 -9999.9 1   193.0 0 -9999.9 1
 1999 174  6 23 18 24 18.400  17.56   422.0 0 -9999.9 1 -9999.9 1   418.6 0   394.8 0   311.1 0   309.6 0   448.6 0   298.3 0   298.4 0    98.5 0   201.5 0 -9999.9 1   -53.8 0 -9999.9 1 -9999.9 1 -9999.9 1 -9999.9 1   191.1 0 -9999.9 1
 1999 174  6 23 18 27 18.450  17.77   485.4 0 -9999.9 1 -9999.9 1   475.0 0   392.9 0   311.2 0   309.8 0   451.1 0   298.3 0   298.4 0   112.7 0   232.2 0 -9999.9 1   -58.2 0 -9999.9 1 -9999.9 1 -9999.9 1 -9999.9 1   193.2 0 -9999.9 1
 1999 174  6 23 18 33 18.550  18.26   474.1 0 -9999.9 1 -9999.9 1   469.3 0   390.6 0   311.4 0   310.0 0   452.8 0   298.5 0   298.6 0   111.4 0   223.2 0 -9999.9 1   -62.3 0 -9999.9 1 -9999.9 1 -9999.9 1 -9999.9 1   191.4 0 -9999.9 1
 1999 174  6 23 18 36 18.600  18.53   442.4 0 -9999.9 1 -9999.9 1   436.6 0   391.5 0   311.5 0   310.1 0   451.2 0   298.5 0   298.7 0   104.4 0   208.3 0 -9999.9 1   -59.7 0 -9999.9 1 -9999.9 1 -9999.9 1 -9999.9 1   191.4 0 -9999.9 1
 1999 174  6 23 18 39 18.650  18.82   423.6 0 -9999.9 1 -9999.9 1   417.5 0   392.2 0   311.5 0   310.1 0   451.1 0   298.6 0   298.7 0   100.0 0   199.9 0 -9999.9 1   -58.8 0 -9999.9 1 -9999.9 1 -9999.9 1 -9999.9 1   188.8 0 -9999.9 1
 1999 174  6 23 18 42 18.700  19.12   383.4 0 -9999.9 1 -9999.9 1   378.3 0   392.8 0   311.5 0   310.0 0   449.1 0   298.6 0   298.7 0    89.6 0   180.5 0 -9999.9 1   -56.3 0 -9999.9 1 -9999.9 1 -9999.9 1 -9999.9 1   184.0 0 -9999.9 1
 1999 174  6 23 18 48 18.800  19.78   298.0 0 -9999.9 1 -9999.9 1   295.8 0   395.9 0   311.4 0   309.4 0   442.2 0   298.5 0   298.5 0    68.6 0   141.2 0 -9999.9 1   -46.3 0 -9999.9 1 -9999.9 1 -9999.9 1 -9999.9 1   195.6 0 -9999.9 1
 1999 174  6 23 18 51 18.850  20.13   300.5 0 -9999.9 1 -9999.9 1   297.5 0   394.5 0   311.3 0   309.6 0   443.2 0   298.4 0   298.4 0    69.0 0   142.9 0 -9999.9 1   -48.7 0 -9999.9 1 -9999.9 1 -9999.9 1 -9999.9 1   192.2 0 -9999.9 1
 1999 174  6 23 18 54 18.900  20.49   317.8 0 -9999.9 1 -9999.9 1   313.3 0   393.0 0   311.3 0   309.7 0   445.2 0   298.4 0   298.4 0    73.1 0   151.1 0 -9999.9 1   -52.2 0 -9999.9 1 -9999.9 1 -9999.9 1 -9999.9 1   185.6 0 -9999.9 1
 1999 174  6 23 18 57 18.950  20.87   336.5 0 -9999.9 1 -9999.9 1   332.1 0   395.3 0   311.2 0   309.4 0   444.8 0   298.3 0   298.4 0    77.5 0   160.5 0 -9999.9 1   -49.4 0 -9999.9 1 -9999.9 1 -9999.9 1 -9999.9 1   186.4 0 -9999.9 1
 1999 174  6 23 19  3 19.050  21.65   396.9 0 -9999.9 1 -9999.9 1   392.6 0   393.7 0   311.2 0   309.7 0   448.3 0   298.4 0   298.5 0    89.7 0   188.7 0 -9999.9 1   -54.6 0 -9999.9 1 -9999.9 1 -9999.9 1 -9999.9 1   186.5 0 -9999.9 1
 1999 174  6 23 19  6 19.100  22.06   409.0 0 -9999.9 1 -9999.9 1   404.7 0   395.2 0   311.2 0   309.6 0   448.6 0   298.4 0   298.6 0    91.8 0   194.3 0 -9999.9 1   -53.4 0 -9999.9 1 -9999.9 1 -9999.9 1 -9999.9 1   186.9 0 -9999.9 1
 1999 174  6 23 19  9 19.150  22.48   420.4 0 -9999.9 1 -9999.9 1   416.5 0   395.0 0   311.2 0   309.7 0   449.7 0   298.4 0   298.6 0    93.1 0   199.7 0 -9999.9 1   -54.7 0 -9999.9 1 -9999.9 1 -9999.9 1 -9999.9 1   183.5 0 -9999.9 1
 1999 174  6 23 19 12 19.200  22.91   442.9 0 -9999.9 1 -9999.9 1   438.9 0   393.8 0   311.1 0   309.7 0   450.3 0   298.4 0   298.5 0    96.6 0   210.4 0 -9999.9 1   -56.5 0 -9999.9 1 -9999.9 1 -9999.9 1 -9999.9 1   185.4 0 -9999.9 1
 1999 174  6 23 19 18 19.300  23.80   552.8 0 -9999.9 1 -9999.9 1   542.5 0   393.8 0   311.5 0   310.4 0   459.0 0   298.7 0   298.9 0   117.8 0   261.2 0 -9999.9 1   -65.3 0 -9999.9 1 -9999.9 1 -9999.9 1 -9999.9 1   175.8 0 -9999.9 1
 1999 174  6 23 19 21 19.350  24.25   577.6 0 -9999.9 1 -9999.9 1   558.8 0   394.0 0   311.7 0   310.4 0   459.1 0   298.8 0   299.0 0   121.5 0   273.7 0 -9999.9 1   -65.2 0 -9999.9 1 -9999.9 1 -9999.9 1 -9999.9 1   178.3 0 -9999.9 1
 1999 174  6 23 19 24 19.400  24.71   735.1 0 -9999.9 1 -9999.9 1   665.6 0   392.2 0   311.9 0   310.8 0   464.2 0   299.0 0   299.3 0   148.1 0   346.7 0 -9999.9 1   -72.0 0 -9999.9 1 -9999.9 1 -9999.9 1 -9999.9 1   182.1 0 -9999.9 1
 1999 174  6 23 19 27 19.450  25.18   871.7 0 -9999.9 1 -9999.9 1   710.2 0   389.9 0   312.2 0   311.5 0   473.1 0   299.2 0   299.6 0   167.8 0   406.4 0 -9999.9 1   -83.2 0 -9999.9 1 -9999.9 1 -9999.9 1 -9999.9 1   184.9 0 -9999.9 1
 1999 174  6 23 19 33 19.550  26.14   543.0 0 -9999.9 1 -9999.9 1   526.4 0   391.1 0   312.8 0   311.4 0   461.6 0   299.6 0   299.8 0   123.4 0   255.5 0 -9999.9 1   -70.5 0 -9999.9 1 -9999.9 1 -9999.9 1 -9999.9 1   203.4 0 -9999.9 1
 1999 174  6 23 19 36 19.600  26.63   432.9 0 -9999.9 1 -9999.9 1   428.5 0   393.0 0   312.7 0   311.2 0   455.1 0   299.5 0   299.6 0   103.6 0   203.3 0 -9999.9 1   -62.1 0 -9999.9 1 -9999.9 1 -9999.9 1 -9999.9 1   207.5 0 -9999.9 1
 1999 174  6 23 19 39 19.650  27.12   346.7 0 -9999.9 1 -9999.9 1   344.6 0   399.6 0   312.6 0   310.5 0   447.1 0   299.2 0   299.2 0    83.0 0   163.0 0 -9999.9 1   -47.5 0 -9999.9 1 -9999.9 1 -9999.9 1 -9999.9 1   212.9 0 -9999.9 1
 1999 174  6 23 19 42 19.700  27.62   326.2 0 -9999.9 1 -9999.9 1   321.9 0   402.4 0   312.5 0   310.6 0   446.1 0   299.1 0   299.1 0    74.8 0   153.9 0 -9999.9 1   -43.7 0 -9999.9 1 -9999.9 1 -9999.9 1 -9999.9 1   215.0 0 -9999.9 1
 1999 174  6 23 19 48 19.800  28.63   339.1 0 -9999.9 1 -9999.9 1   335.4 0   394.6 0   311.9 0   309.8 0   443.3 0   298.4 0   298.4 0    72.9 2   161.9 0 -9999.9 1   -48.7 0 -9999.9 1 -9999.9 1 -9999.9 1 -9999.9 1   212.2 0 -9999.9 1
 1999 174  6 23 19 51 19.850  29.15   339.5 0 -9999.9 1 -9999.9 1   335.9 0   393.8 0   311.8 0   309.9 0   443.8 0   298.3 0   298.3 0    72.1 2   162.8 0 -9999.9 1   -50.0 0 -9999.9 1 -9999.9 1 -9999.9 1 -9999.9 1   210.4 0 -9999.9 1
 1999 174  6 23 19 54 19.900  29.66   346.1 0 -9999.9 1 -9999.9 1   342.7 0   395.0 0   311.8 0   310.2 0   446.8 0   298.3 0   298.4 0    73.8 2   166.2 0 -9999.9 1   -51.8 0 -9999.9 1 -9999.9 1 -9999.9 1 -9999.9 1   205.0 0 -9999.9 1
 1999 174  6 23 19 57 19.950  30.19   362.6 0 -9999.9 1 -9999.9 1   358.2 0   397.3 0   311.9 0   310.1 0   448.0 0   298.4 0   298.5 0    76.7 0   174.1 0 -9999.9 1   -50.6 0 -9999.9 1 -9999.9 1 -9999.9 1 -9999.9 1   214.2 0 -9999.9 1
 1999 174  6 23 20  3 20.050  31.24   363.0 0 -9999.9 1 -9999.9 1   358.9 0   398.4 0   311.8 0   310.3 0   449.5 0   298.4 0   298.5 0    76.2 0   174.6 0 -9999.9 1   -51.1 0 -9999.9 1 -9999.9 1 -9999.9 1 -9999.9 1   208.2 0 -9999.9 1
 1999 174  6 23 20  6 20.100  31.77   359.0 0 -9999.9 1 -9999.9 1   355.5 0   402.6 0   311.9 0   310.1 0   448.9 0   298.5 0   298.6 0    74.6 0   172.4 0 -9999.9 1   -46.3 0 -9999.9 1 -9999.9 1 -9999.9 1 -9999.9 1   209.9 0 -9999.9 1
 1999 174  6 23 20  9 20.150  32.30   370.9 0 -9999.9 1 -9999.9 1   365.8 0   402.6 0   311.8 0   310.0 0   448.9 0   298.4 0   298.5 0    76.2 0   177.7 0 -9999.9 1   -46.3 0 -9999.9 1 -9999.9 1 -9999.9 1 -9999.9 1   218.8 0 -9999.9 1
 1999 174  6 23 20 12 20.200  32.84   366.6 0 -9999.9 1 -9999.9 1   362.2 0   404.3 0   311.7 0   309.8 0   448.4 0   298.3 0   298.4 0    74.9 0   175.1 0 -9999.9 1   -44.1 0 -9999.9 1 -9999.9 1 -9999.9 1 -9999.9 1   215.6 0 -9999.9 1
 1999 174  6 23 20 18 20.300  33.92   260.6 0 -9999.9 1 -9999.9 1   259.7 0   411.7 0   311.7 0   309.8 0   444.9 0   298.3 0   298.3 0    52.5 0   121.8 0 -9999.9 1   -33.3 0 -9999.9 1 -9999.9 1 -9999.9 1 -9999.9 1   210.8 0 -9999.9 1
 1999 174  6 23 20 21 20.350  34.47   266.2 0 -9999.9 1 -9999.9 1   264.5 0   413.4 0   311.6 0   309.7 0   444.4 0   298.2 0   298.2 0    53.0 0   125.4 0 -9999.9 1   -31.0 0 -9999.9 1 -9999.9 1 -9999.9 1 -9999.9 1   207.9 0 -9999.9 1
 1999 174  6 23 20 24 20.400  35.02   294.1 0 -9999.9 1 -9999.9 1   291.1 0   410.9 0   311.5 0   309.9 0   447.0 0   298.1 0   298.2 0    57.5 0   138.7 0 -9999.9 1   -36.1 0 -9999.9 1 -9999.9 1 -9999.9 1 -9999.9 1   206.5 0 -9999.9 1
 1999 174  6 23 20 27 20.450  35.57   343.6 0 -9999.9 1 -9999.9 1   338.8 0   406.2 0   311.5 0   310.1 0   449.1 0   298.1 0   298.2 0    66.0 0   161.1 0 -9999.9 1   -42.9 0 -9999.9 1 -9999.9 1 -9999.9 1 -9999.9 1   200.3 0 -9999.9 1
 1999 174  6 23 20 33 20.550  36.67   494.7 0 -9999.9 1 -9999.9 1   456.4 0   400.6 0   311.6 0   310.3 0   455.7 0   298.1 0   298.3 0    89.0 0   231.3 0 -9999.9 1   -55.1 0 -9999.9 1 -9999.9 1 -9999.9 1 -9999.9 1   201.6 0 -9999.9 1
 1999 174  6 23 20 36 20.600  37.23   462.3 0 -9999.9 1 -9999.9 1   448.9 0   396.6 0   311.8 0   310.5 0   456.4 0   298.3 0   298.5 0    89.0 0   217.9 0 -9999.9 1   -59.8 0 -9999.9 1 -9999.9 1 -9999.9 1 -9999.9 1   197.7 0 -9999.9 1
 1999 174  6 23 20 39 20.650  37.78   409.1 0 -9999.9 1 -9999.9 1   406.2 0   396.0 0   311.8 0   310.2 0   451.6 0   298.3 0   298.4 0    81.5 0   194.6 0 -9999.9 1   -55.6 0 -9999.9 1 -9999.9 1 -9999.9 1 -9999.9 1   196.3 0 -9999.9 1
 1999 174  6 23 20 42 20.700  38.34   390.6 0 -9999.9 1 -9999.9 1   385.0 0   396.7 0   311.8 0   310.2 0   450.4 0   298.2 0   298.3 0    77.0 0   186.4 0 -9999.9 1   -53.7 0 -9999.9 1 -9999.9 1 -9999.9 1 -9999.9 1   198.8 0 -9999.9 1
 1999 174  6 23 20 48 20.800  39.46   371.6 0 -9999.9 1 -9999.9 1   371.9 0   397.5 0   311.8 0   310.2 0   450.3 0   298.3 0   298.4 0    71.6 0   177.1 0 -9999.9 1   -52.8 0 -9999.9 1 -9999.9 1 -9999.9 1 -9999.9 1   196.0 0 -9999.9 1
 1999 174  6 23 20 51 20.850  40.02   361.1 0 -9999.9 1 -9999.9 1   361.2 0   398.6 0   311.8 0   310.1 0   450.0 0   298.3 0   298.4 0    68.8 0   172.5 0 -9999.9 1   -51.5 0 -9999.9 1 -9999.9 1 -9999.9 1 -9999.9 1   198.3 0 -9999.9 1
 1999 174  6 23 20 54 20.900  40.59   365.2 0 -9999.9 1 -9999.9 1   364.6 0   402.1 0   311.8 0   310.0 0   449.3 0   298.4 0   298.5 0    66.1 0   174.7 0 -9999.9 1   -47.3 0 -9999.9 1 -9999.9 1 -9999.9 1 -9999.9 1   195.6 0 -9999.9 1
 1999 174  6 23 20 57 20.950  41.15   377.6 0 -9999.9 1 -9999.9 1   374.9 0   401.3 0   311.6 0   310.0 0   450.1 0   298.3 0   298.4 0    66.4 0   180.2 0 -9999.9 1   -48.8 0 -9999.9 1 -9999.9 1 -9999.9 1 -9999.9 1   203.0 0 -9999.9 1
 1999 174  6 23 21  3 21.050  42.28   360.4 0 -9999.9 1 -9999.9 1   360.4 0   405.2 0   311.4 0   309.8 0   450.0 0   298.2 0   298.3 0    59.2 0   170.4 0 -9999.9 1   -44.8 0 -9999.9 1 -9999.9 1 -9999.9 1 -9999.9 1   204.1 0 -9999.9 1
 1999 174  6 23 21  6 21.100  42.85   389.5 0 -9999.9 1 -9999.9 1   389.2 0   404.9 0   311.5 0   310.1 0   451.8 0   298.3 0   298.4 0    62.7 0   183.5 0 -9999.9 1   -46.9 0 -9999.9 1 -9999.9 1 -9999.9 1 -9999.9 1   201.4 0 -9999.9 1
 1999 174  6 23 21  9 21.150  43.42   374.4 0 -9999.9 1 -9999.9 1   371.5 0   408.3 0   311.6 0   310.1 0   452.5 0   298.4 0   298.6 0    57.3 0   174.8 0 -9999.9 1   -44.2 0 -9999.9 1 -9999.9 1 -9999.9 1 -9999.9 1   208.1 0 -9999.9 1
 1999 174  6 23 21 12 21.200  43.99   521.1 0 -9999.9 1 -9999.9 1   466.0 0   406.4 0   311.7 0   310.4 0   457.8 0   298.6 0   298.8 0    71.8 0   245.0 0 -9999.9 1   -51.4 0 -9999.9 1 -9999.9 1 -9999.9 1 -9999.9 1   210.8 0 -9999.9 1
 1999 174  6 23 21 18 21.300  45.13   610.9 0 -9999.9 1 -9999.9 1   497.8 0   390.4 0   312.3 0   311.1 0   464.7 0   299.1 0   299.4 0    90.4 0   282.5 0 -9999.9 1   -74.4 0 -9999.9 1 -9999.9 1 -9999.9 1 -9999.9 1   197.2 0 -9999.9 1
 1999 174  6 23 21 21 21.350  45.70   405.7 0 -9999.9 1 -9999.9 1   390.4 0   392.8 0   312.4 0   310.7 0   454.0 0   299.1 0   299.2 0    71.0 0   192.5 0 -9999.9 1   -61.3 0 -9999.9 1 -9999.9 1 -9999.9 1 -9999.9 1   204.1 0 -9999.9 1
 1999 174  6 23 21 24 21.400  46.27   351.4 0 -9999.9 1 -9999.9 1   351.9 0   398.0 0   312.3 0   310.5 0   451.2 0   299.0 0   299.1 0    61.8 0   167.2 0 -9999.9 1   -53.1 0 -9999.9 1 -9999.9 1 -9999.9 1 -9999.9 1   206.9 0 -9999.9 1
 1999 174  6 23 21 27 21.450  46.84   415.4 0 -9999.9 1 -9999.9 1   369.1 0   401.9 0   312.3 0   310.5 0   452.4 0   299.0 0   299.1 0    62.7 0   195.9 0 -9999.9 1   -50.6 0 -9999.9 1 -9999.9 1 -9999.9 1 -9999.9 1   199.0 0 -9999.9 1
 1999 174  6 23 21 33 21.550  47.99   417.2 0 -9999.9 1 -9999.9 1   364.7 0   408.9 0   312.2 0   310.5 0   453.0 0   298.9 0   299.0 0    56.9 0   195.3 0 -9999.9 1   -44.1 0 -9999.9 1 -9999.9 1 -9999.9 1 -9999.9 1   197.2 0 -9999.9 1
 1999 174  6 23 21 36 21.600  48.56   491.3 0 -9999.9 1 -9999.9 1   436.8 0   407.4 0   312.3 0   310.8 0   457.3 0   299.0 0   299.1 0    64.3 0   230.1 0 -9999.9 1   -49.9 0 -9999.9 1 -9999.9 1 -9999.9 1 -9999.9 1   196.7 0 -9999.9 1
 1999 174  6 23 21 39 21.650  49.13   437.6 0 -9999.9 1 -9999.9 1   433.4 0   403.5 0   312.0 0   310.4 0   453.7 0   298.6 0   298.8 0    61.9 0   207.8 0 -9999.9 1   -50.3 0 -9999.9 1 -9999.9 1 -9999.9 1 -9999.9 1   198.8 0 -9999.9 1
 1999 174  6 23 21 42 21.700  49.71   447.7 0 -9999.9 1 -9999.9 1   431.7 0   399.9 0   311.8 0   310.2 0   452.9 0   298.5 0   298.6 0    60.9 2   211.8 0 -9999.9 1   -53.0 0 -9999.9 1 -9999.9 1 -9999.9 1 -9999.9 1   206.0 0 -9999.9 1
 1999 174  6 23 21 48 21.800  50.85   345.3 0 -9999.9 1 -9999.9 1   327.6 0   406.9 0   311.7 0   309.8 0   448.8 0   298.4 0   298.5 0    43.8 2   161.2 0 -9999.9 1   -41.9 0 -9999.9 1 -9999.9 1 -9999.9 1 -9999.9 1   216.8 0 -9999.9 1
 1999 174  6 23 21 51 21.850  51.43   335.9 0 -9999.9 1 -9999.9 1   321.1 0   404.5 0   311.4 0   309.5 0   446.2 0   298.2 0   298.3 0    44.9 2   158.0 0 -9999.9 1   -41.7 0 -9999.9 1 -9999.9 1 -9999.9 1 -9999.9 1   215.6 0 -9999.9 1
 1999 174  6 23 21 54 21.900  52.00   358.8 0 -9999.9 1 -9999.9 1   345.3 0   396.7 0   311.3 0   309.4 0   446.0 0   298.1 0   298.2 0    51.8 2   172.0 0 -9999.9 1   -49.3 0 -9999.9 1 -9999.9 1 -9999.9 1 -9999.9 1   209.6 0 -9999.9 1
 1999 174  6 23 21 57 21.950  52.58   343.9 0 -9999.9 1 -9999.9 1   334.6 0   391.3 0   311.4 0   309.5 0   447.3 0   298.2 0   298.3 0    52.4 2   164.6 0 -9999.9 1   -56.0 0 -9999.9 1 -9999.9 1 -9999.9 1 -9999.9 1   215.0 0 -9999.9 1
 1999 174  6 23 22  3 22.050  53.72   252.8 0 -9999.9 1 -9999.9 1   252.5 0   396.5 0   311.1 0   309.2 0   443.8 0   298.1 0   298.2 0    39.3 2   120.5 0 -9999.9 1   -47.3 0 -9999.9 1 -9999.9 1 -9999.9 1 -9999.9 1   210.7 0 -9999.9 1
 1999 174  6 23 22  6 22.100  54.30   225.0 0 -9999.9 1 -9999.9 1   225.2 0   403.2 0   310.9 0   309.2 0   443.4 0   298.0 0   298.0 0    31.9 2   106.6 0 -9999.9 1   -40.1 0 -9999.9 1 -9999.9 1 -9999.9 1 -9999.9 1   206.1 0 -9999.9 1
 1999 174  6 23 22  9 22.150  54.87   258.0 0 -9999.9 1 -9999.9 1   251.1 0   396.1 0   310.7 0   309.0 0   442.9 0   297.8 0   297.9 0    36.9 2   122.8 0 -9999.9 1   -46.8 0 -9999.9 1 -9999.9 1 -9999.9 1 -9999.9 1   207.6 0 -9999.9 1
 1999 174  6 23 22 12 22.200  55.44   229.5 0 -9999.9 1 -9999.9 1   228.0 0   391.3 0   310.8 0   309.1 0   442.9 0   297.9 0   298.0 0    35.9 2   109.6 0 -9999.9 1   -51.6 0 -9999.9 1 -9999.9 1 -9999.9 1 -9999.9 1   194.6 0 -9999.9 1
 1999 174  6 23 22 18 22.300  56.59   225.6 0 -9999.9 1 -9999.9 1   227.9 0   388.1 0   310.7 0   308.9 0   441.8 0   298.0 0   298.0 0    35.5 0   109.3 0 -9999.9 1   -53.7 0 -9999.9 1 -9999.9 1 -9999.9 1 -9999.9 1   195.4 0 -9999.9 1
 1999 174  6 23 22 21 22.350  57.16   234.6 0 -9999.9 1 -9999.9 1   236.2 0   389.6 0   310.7 0   308.9 0   443.1 0   297.9 0   298.0 0    35.7 0   113.7 0 -9999.9 1   -53.5 0 -9999.9 1 -9999.9 1 -9999.9 1 -9999.9 1   200.7 0 -9999.9 1
 1999 174  6 23 22 24 22.400  57.73   277.8 0 -9999.9 1 -9999.9 1   264.0 0   393.4 0   310.7 0   309.2 0   446.4 0   298.0 0   298.1 0    36.9 0   133.6 0 -9999.9 1   -53.1 0 -9999.9 1 -9999.9 1 -9999.9 1 -9999.9 1   201.7 0 -9999.9 1
 1999 174  6 23 22 27 22.450  58.30   398.6 0 -9999.9 1 -9999.9 1   296.5 0   394.4 0   310.8 0   309.6 0   453.1 0   298.2 0   298.3 0    39.1 0   184.5 0 -9999.9 1   -58.7 0 -9999.9 1 -9999.9 1 -9999.9 1 -9999.9 1   197.4 0 -9999.9 1
 1999 174  6 23 22 33 22.550  59.44   239.3 0 -9999.9 1 -9999.9 1   235.4 0   394.2 0   311.0 0   309.5 0   448.1 0   298.3 0   298.4 0    32.0 0   115.2 0 -9999.9 1   -53.9 0 -9999.9 1 -9999.9 1 -9999.9 1 -9999.9 1   195.6 0 -9999.9 1
 1999 174  6 23 22 36 22.600  60.01   223.3 0 -9999.9 1 -9999.9 1   224.8 0   389.5 0   311.0 0   309.3 0   446.6 0   298.3 0   298.4 0    31.4 0   109.0 0 -9999.9 1   -57.1 0 -9999.9 1 -9999.9 1 -9999.9 1 -9999.9 1   190.9 0 -9999.9 1
 1999 174  6 23 22 39 22.650  60.58   240.1 0 -9999.9 1 -9999.9 1   227.2 0   390.1 0   311.0 0   309.1 0   445.2 0   298.4 0   298.4 0    30.9 0   116.9 0 -9999.9 1   -55.0 0 -9999.9 1 -9999.9 1 -9999.9 1 -9999.9 1   193.6 0 -9999.9 1
 1999 174  6 23 22 42 22.700  61.15   260.7 0 -9999.9 1 -9999.9 1   230.8 0   390.1 0   311.0 0   309.2 0   445.7 0   298.4 0   298.4 0    30.2 0   126.4 0 -9999.9 1   -55.6 0 -9999.9 1 -9999.9 1 -9999.9 1 -9999.9 1   200.2 0 -9999.9 1
 1999 174  6 23 22 48 22.800  62.29   212.5 0 -9999.9 1 -9999.9 1   214.5 0   393.2 0   310.9 0   309.1 0   444.6 0   298.3 0   298.3 0    26.5 0   103.9 0 -9999.9 1   -51.4 0 -9999.9 1 -9999.9 1 -9999.9 1 -9999.9 1   198.8 0 -9999.9 1
 1999 174  6 23 22 51 22.850  62.85   202.6 0 -9999.9 1 -9999.9 1   198.6 0   394.6 0   310.7 0   309.0 0   443.4 0   298.2 0   298.2 0    24.5 0    98.8 0 -9999.9 1   -48.8 0 -9999.9 1 -9999.9 1 -9999.9 1 -9999.9 1   202.4 0 -9999.9 1
 1999 174  6 23 22 54 22.900  63.42   190.0 0 -9999.9 1 -9999.9 1   192.2 0   394.1 0   310.6 0   308.8 0   442.3 0   298.1 0   298.1 0    23.0 0    92.6 0 -9999.9 1   -48.2 0 -9999.9 1 -9999.9 1 -9999.9 1 -9999.9 1   195.3 0 -9999.9 1
 1999 174  6 23 22 57 22.950  63.99   173.4 0 -9999.9 1 -9999.9 1   176.6 0   394.1 0   310.5 0   308.8 0   442.2 0   298.1 0   298.1 0    21.3 0    84.1 0 -9999.9 1   -48.1 0 -9999.9 1 -9999.9 1 -9999.9 1 -9999.9 1   194.9 0 -9999.9 1
 1999 174  6 23 23  3 23.050  65.11   123.3 0 -9999.9 1 -9999.9 1   128.4 0   395.3 0   310.3 0   308.6 0   440.5 0   298.0 0   298.0 0    16.8 0    60.4 0 -9999.9 1   -45.2 0 -9999.9 1 -9999.9 1 -9999.9 1 -9999.9 1   205.0 0 -9999.9 1
 1999 174  6 23 23  6 23.100  65.68   107.9 0 -9999.9 1 -9999.9 1   113.0 0   395.1 0   310.1 0   308.3 0   439.6 0   297.9 0   297.8 0    15.0 0    53.5 0 -9999.9 1   -44.5 0 -9999.9 1 -9999.9 1 -9999.9 1 -9999.9 1   207.4 0 -9999.9 1
 1999 174  6 23 23  9 23.150  66.24    98.8 0 -9999.9 1 -9999.9 1   104.9 0   397.3 0   309.9 0   308.0 0   438.1 0   297.8 0   297.7 0    13.6 0    49.6 0 -9999.9 1   -40.8 0 -9999.9 1 -9999.9 1 -9999.9 1 -9999.9 1   205.4 0 -9999.9 1
 1999 174  6 23 23 12 23.200  66.80    94.5 0 -9999.9 1 -9999.9 1   101.8 0   398.7 0   309.8 0   308.0 0   438.0 0   297.7 0   297.7 0    12.5 0    48.0 0 -9999.9 1   -39.4 0 -9999.9 1 -9999.9 1 -9999.9 1 -9999.9 1   207.3 0 -9999.9 1
 1999 174  6 23 23 18 23.300  67.92    93.1 0 -9999.9 1 -9999.9 1    98.8 0   399.0 0   309.6 0   307.9 0   438.5 0   297.6 0   297.6 0    11.2 0    46.7 0 -9999.9 1   -39.5 0 -9999.9 1 -9999.9 1 -9999.9 1 -9999.9 1   207.1 0 -9999.9 1
 1999 174  6 23 23 21 23.350  68.48    87.3 0 -9999.9 1 -9999.9 1    93.1 0   400.2 0   309.6 0   307.9 0   439.1 0   297.6 0   297.6 0    10.2 0    43.9 0 -9999.9 1   -38.8 0 -9999.9 1 -9999.9 1 -9999.9 1 -9999.9 1   208.0 0 -9999.9 1
 1999 174  6 23 23 24 23.400  69.04    83.2 0 -9999.9 1 -9999.9 1    89.5 0   401.7 0   309.6 0   307.9 0   439.1 0   297.6 0   297.6 0     9.3 0    41.8 0 -9999.9 1   -37.4 0 -9999.9 1 -9999.9 1 -9999.9 1 -9999.9 1   206.5 0 -9999.9 1
 1999 174  6 23 23 27 23.450  69.59    85.3 0 -9999.9 1 -9999.9 1    91.1 0   401.4 0   309.6 0   307.9 0   439.5 0   297.6 0   297.6 0     9.2 0    42.5 0 -9999.9 1   -38.0 0 -9999.9 1 -9999.9 1 -9999.9 1 -9999.9 1   213.1 0 -9999.9 1
 1999 174  6 23 23 33 23.550  70.70   106.1 0 -9999.9 1 -9999.9 1   110.8 0   401.1 0   309.6 0   307.9 0   440.4 0   297.6 0   297.6 0     9.5 0    52.3 0 -9999.9 1   -39.4 0 -9999.9 1 -9999.9 1 -9999.9 1 -9999.9 1   210.8 0 -9999.9 1
 1999 174  6 23 23 36 23.600  71.25   115.9 0 -9999.9 1 -9999.9 1   118.9 0   400.0 0   309.5 0   307.8 0   439.9 0   297.5 0   297.5 0     9.5 0    56.6 0 -9999.9 1   -40.0 0 -9999.9 1 -9999.9 1 -9999.9 1 -9999.9 1   208.6 0 -9999.9 1
 1999 174  6 23 23 39 23.650  71.81   130.3 0 -9999.9 1 -9999.9 1   124.5 0   400.4 0   309.5 0   307.9 0   441.2 0   297.5 0   297.5 0     9.3 0    62.4 0 -9999.9 1   -40.8 0 -9999.9 1 -9999.9 1 -9999.9 1 -9999.9 1   208.3 0 -9999.9 1
 1999 174  6 23 23 42 23.700  72.36   135.2 0 -9999.9 1 -9999.9 1   129.1 0   401.6 0   309.7 0   308.1 0   442.3 0   297.6 0   297.6 0     9.0 0    64.6 0 -9999.9 1   -40.7 0 -9999.9 1 -9999.9 1 -9999.9 1 -9999.9 1   208.4 0 -9999.9 1
 1999 174  6 23 23 48 23.800  73.45   117.2 0 -9999.9 1 -9999.9 1   122.6 0   398.5 0   309.8 0   308.2 0   441.7 0   297.7 0   297.7 0     8.9 0    57.1 0 -9999.9 1   -43.1 0 -9999.9 1 -9999.9 1 -9999.9 1 -9999.9 1   205.9 0 -9999.9 1
 1999 174  6 23 23 51 23.850  74.00   110.8 0 -9999.9 1 -9999.9 1   116.7 0   395.1 0   309.7 0   307.9 0   439.9 0   297.5 0   297.5 0     8.5 0    54.1 0 -9999.9 1   -44.9 0 -9999.9 1 -9999.9 1 -9999.9 1 -9999.9 1   207.4 0 -9999.9 1
 1999 174  6 23 23 54 23.900  74.54   104.0 0 -9999.9 1 -9999.9 1   110.1 0   395.2 0   309.7 0   308.0 0   439.7 0   297.5 0   297.5 0     8.0 0    50.9 0 -9999.9 1   -44.5 0 -9999.9 1 -9999.9 1 -9999.9 1 -9999.9 1   207.0 0 -9999.9 1
 1999 174  6 23 23 57 23.950  75.09   102.1 0 -9999.9 1 -9999.9 1   108.4 0   395.3 0   309.6 0   307.9 0   438.6 0   297.4 0   297.4 0     7.5 0    49.9 0 -9999.9 1   -43.3 0 -9999.9 1 -9999.9 1 -9999.9 1 -9999.9 1   211.6 0 -9999.9 1
