 Bondville
   40.05  -88.37  213 m version 1
 1999 169  6 18  0  3  0.050  76.43   185.6 0 -9999.9 1 -9999.9 1    41.5 0   270.0 0   303.6 0   300.9 0   393.0 0   290.2 0   290.2 0     6.7 0    85.2 0 -9999.9 1  -123.0 0 -9999.9 1 -9999.9 1 -9999.9 1 -9999.9 1    39.5 0 -9999.9 1
 1999 169  6 18  0  6  0.100  76.96   172.7 0 -9999.9 1 -9999.9 1    40.2 0   268.9 0   303.5 0   301.1 0   392.0 0   290.2 0   290.2 0     6.2 0    79.3 0 -9999.9 1  -123.1 0 -9999.9 1 -9999.9 1 -9999.9 1 -9999.9 1    45.1 0 -9999.9 1
 1999 169  6 18  0  9  0.150  77.50   161.7 0 -9999.9 1 -9999.9 1    38.9 0   269.2 0   303.4 0   301.1 0   391.2 0   290.2 0   290.2 0     5.7 0    73.6 0 -9999.9 1  -122.0 0 -9999.9 1 -9999.9 1 -9999.9 1 -9999.9 1    33.8 0 -9999.9 1
 1999 169  6 18  0 12  0.200  78.04   150.4 0 -9999.9 1 -9999.9 1    37.8 0   269.5 0   303.3 0   300.8 0   390.6 0   290.1 0   290.1 0     5.2 0    68.5 0 -9999.9 1  -121.2 0 -9999.9 1 -9999.9 1 -9999.9 1 -9999.9 1    43.7 0 -9999.9 1
 1999 169  6 18  0 18  0.300  79.10   129.1 0 -9999.9 1 -9999.9 1    35.6 0   271.0 0   303.0 0   300.4 0   388.2 0   289.9 0   289.9 0     4.5 0    58.8 0 -9999.9 1  -117.2 0 -9999.9 1 -9999.9 1 -9999.9 1 -9999.9 1    55.4 0 -9999.9 1
 1999 169  6 18  0 21  0.350  79.63   120.4 0 -9999.9 1 -9999.9 1    34.3 0   267.6 0   302.6 0   300.0 0   385.6 0   289.5 0   289.5 0     4.2 0    54.8 0 -9999.9 1  -118.1 0 -9999.9 1 -9999.9 1 -9999.9 1 -9999.9 1    52.5 0 -9999.9 1
 1999 169  6 18  0 24  0.400  80.16   113.2 0 -9999.9 1 -9999.9 1    33.5 0   263.4 0   302.0 0   299.4 0   382.7 0   289.0 0   289.0 0     3.9 2    51.9 0 -9999.9 1  -119.3 0 -9999.9 1 -9999.9 1 -9999.9 1 -9999.9 1    53.6 0 -9999.9 1
 1999 169  6 18  0 27  0.450  80.68   104.9 0 -9999.9 1 -9999.9 1    32.4 0   261.5 0   301.6 0   299.1 0   381.1 0   288.7 0   288.7 0     3.5 2    48.4 0 -9999.9 1  -119.6 0 -9999.9 1 -9999.9 1 -9999.9 1 -9999.9 1    45.2 0 -9999.9 1
 1999 169  6 18  0 33  0.550  81.72    90.4 0 -9999.9 1 -9999.9 1    30.0 0   257.8 0   301.0 0   298.6 0   377.9 0   288.3 0   288.3 0     2.9 2    42.7 0 -9999.9 1  -120.1 0 -9999.9 1 -9999.9 1 -9999.9 1 -9999.9 1    47.4 0 -9999.9 1
 1999 169  6 18  0 36  0.600  82.24    82.9 0 -9999.9 1 -9999.9 1    28.5 0   261.4 0   301.0 0   298.6 0   378.0 0   288.5 0   288.4 0     2.6 2    39.6 0 -9999.9 1  -116.6 0 -9999.9 1 -9999.9 1 -9999.9 1 -9999.9 1    47.6 0 -9999.9 1
 1999 169  6 18  0 39  0.650  82.76    76.3 0 -9999.9 1 -9999.9 1    27.4 0   260.8 0   300.8 0   298.4 0   377.5 0   288.4 0   288.3 0     2.3 2    36.7 0 -9999.9 1  -116.7 0 -9999.9 1 -9999.9 1 -9999.9 1 -9999.9 1    42.6 0 -9999.9 1
 1999 169  6 18  0 42  0.700  83.27    69.2 0 -9999.9 1 -9999.9 1    26.2 0   260.6 0   300.6 0   298.2 0   376.2 0   288.2 0   288.2 0     2.0 2    33.2 0 -9999.9 1  -115.6 0 -9999.9 1 -9999.9 1 -9999.9 1 -9999.9 1    45.1 0 -9999.9 1
 1999 169  6 18  0 48  0.800  84.28    54.8 0 -9999.9 1 -9999.9 1    23.2 0   256.2 0   300.1 0   297.6 0   372.0 0   287.8 0   287.7 0     1.6 2    26.2 0 -9999.9 1  -115.8 0 -9999.9 1 -9999.9 1 -9999.9 1 -9999.9 1    46.7 0 -9999.9 1
 1999 169  6 18  0 51  0.850  84.79    48.4 0 -9999.9 1 -9999.9 1    21.5 0   253.9 0   299.8 0   297.6 0   370.9 0   287.6 0   287.6 0     1.4 2    23.1 0 -9999.9 1  -117.1 0 -9999.9 1 -9999.9 1 -9999.9 1 -9999.9 1    45.7 0 -9999.9 1
 1999 169  6 18  0 54  0.900  85.28    42.6 0 -9999.9 1 -9999.9 1    19.6 0   254.1 0   299.6 0   297.3 0   370.3 0   287.5 0   287.4 0     1.2 2    20.4 0 -9999.9 1  -116.1 0 -9999.9 1 -9999.9 1 -9999.9 1 -9999.9 1    45.0 0 -9999.9 1
 1999 169  6 18  0 57  0.950  85.78    35.7 0 -9999.9 1 -9999.9 1    18.1 0   254.1 0   299.5 0   297.1 0   369.0 0   287.4 0   287.3 0     1.0 2    17.7 0 -9999.9 1  -114.9 0 -9999.9 1 -9999.9 1 -9999.9 1 -9999.9 1    47.1 0 -9999.9 1
 1999 169  6 18  1  3  1.050  86.75    19.8 0 -9999.9 1 -9999.9 1    15.2 0   255.4 0   299.1 0   296.7 0   368.3 0   287.2 0   287.1 0     0.7 2    13.0 0 -9999.9 1  -112.9 0 -9999.9 1 -9999.9 1 -9999.9 1 -9999.9 1    42.4 0 -9999.9 1
 1999 169  6 18  1  6  1.100  87.23    14.4 0 -9999.9 1 -9999.9 1    13.3 0   255.9 0   299.0 0   296.5 0   367.4 0   287.1 0   287.0 0     0.7 2    11.0 0 -9999.9 1  -111.5 0 -9999.9 1 -9999.9 1 -9999.9 1 -9999.9 1    48.9 0 -9999.9 1
 1999 169  6 18  1  9  1.150  87.69    11.5 0 -9999.9 1 -9999.9 1    11.5 0   256.3 0   298.8 0   296.4 0   367.0 0   287.0 0   287.0 0     0.6 2     9.3 0 -9999.9 1  -110.7 0 -9999.9 1 -9999.9 1 -9999.9 1 -9999.9 1    49.1 0 -9999.9 1
 1999 169  6 18  1 12  1.200  88.15     9.5 0 -9999.9 1 -9999.9 1     9.9 0   255.4 0   298.6 0   296.1 0   367.7 0   286.9 0   286.9 0     0.4 2     7.7 0 -9999.9 1  -112.3 0 -9999.9 1 -9999.9 1 -9999.9 1 -9999.9 1    52.9 0 -9999.9 1
 1999 169  6 18  1 18  1.300  89.02     5.4 0 -9999.9 1 -9999.9 1     6.3 0   257.2 0   298.2 0   295.7 0   367.2 0   286.9 0   286.8 0     0.3 2     4.9 0 -9999.9 1  -110.0 0 -9999.9 1 -9999.9 1 -9999.9 1 -9999.9 1    54.1 0 -9999.9 1
 1999 169  6 18  1 21  1.350  89.42     3.7 0 -9999.9 1 -9999.9 1     6.5 0   258.1 0   298.0 0   295.7 0   367.0 0   287.0 0   286.9 0     0.2 2     4.0 0 -9999.9 1  -108.9 0 -9999.9 1 -9999.9 1 -9999.9 1 -9999.9 1    57.5 0 -9999.9 1
 1999 169  6 18  1 24  1.400  89.79     2.1 0 -9999.9 1 -9999.9 1     5.9 0   258.2 0   297.9 0   295.7 0   366.4 0   287.1 0   286.9 0     0.2 0     3.1 0 -9999.9 1  -108.2 0 -9999.9 1 -9999.9 1 -9999.9 1 -9999.9 1    64.8 0 -9999.9 1
 1999 169  6 18  1 27  1.450  90.95     0.8 0 -9999.9 1 -9999.9 1     4.3 0   258.4 0   297.8 0   295.5 0   367.3 0   287.1 0   286.9 0     0.0 0     2.3 0 -9999.9 1  -108.9 0 -9999.9 1 -9999.9 1 -9999.9 1 -9999.9 1    62.0 0 -9999.9 1
 1999 169  6 18  1 33  1.550  91.92    -1.8 0 -9999.9 1 -9999.9 1     3.0 0   258.7 0   297.3 0   295.1 0   365.9 0   287.0 0   286.8 0     0.0 0     1.1 0 -9999.9 1  -107.2 0 -9999.9 1 -9999.9 1 -9999.9 1 -9999.9 1    64.9 0 -9999.9 1
 1999 169  6 18  1 36  1.600  92.39    -2.7 0 -9999.9 1 -9999.9 1     1.5 0   257.9 0   297.1 0   295.0 0   364.9 0   286.8 0   286.7 0     0.0 0     0.7 0 -9999.9 1  -107.0 0 -9999.9 1 -9999.9 1 -9999.9 1 -9999.9 1    67.6 0 -9999.9 1
 1999 169  6 18  1 39  1.650  92.87    -3.4 0 -9999.9 1 -9999.9 1     0.6 0   257.8 0   296.9 0   294.8 0   364.3 0   286.7 0   286.6 0     0.0 0     0.3 0 -9999.9 1  -106.5 0 -9999.9 1 -9999.9 1 -9999.9 1 -9999.9 1    67.3 0 -9999.9 1
 1999 169  6 18  1 42  1.700  93.34    -4.0 0 -9999.9 1 -9999.9 1     0.1 0   256.8 0   296.7 0   294.7 0   364.6 0   286.6 0   286.5 0     0.0 0     0.2 0 -9999.9 1  -107.8 0 -9999.9 1 -9999.9 1 -9999.9 1 -9999.9 1    67.7 0 -9999.9 1
 1999 169  6 18  1 48  1.800  94.28    -4.6 0 -9999.9 1 -9999.9 1    -0.1 0   254.2 0   296.2 0   294.1 0   361.4 0   286.1 0   286.0 0     0.0 0    -0.1 0 -9999.9 1  -107.2 0 -9999.9 1 -9999.9 1 -9999.9 1 -9999.9 1    67.1 0 -9999.9 1
 1999 169  6 18  1 51  1.850  94.75    -4.8 0 -9999.9 1 -9999.9 1     0.1 0   255.0 0   296.1 0   294.0 0   361.2 0   286.1 0   286.0 0     0.0 0    -0.2 0 -9999.9 1  -106.2 0 -9999.9 1 -9999.9 1 -9999.9 1 -9999.9 1    65.7 0 -9999.9 1
 1999 169  6 18  1 54  1.900  95.21    -4.8 0 -9999.9 1 -9999.9 1     0.0 0   255.7 0   296.0 0   293.9 0   362.2 0   286.1 0   286.0 0     0.0 0    -0.2 0 -9999.9 1  -106.6 0 -9999.9 1 -9999.9 1 -9999.9 1 -9999.9 1    64.5 0 -9999.9 1
 1999 169  6 18  1 57  1.950  95.67    -4.9 0 -9999.9 1 -9999.9 1     0.1 0   255.6 0   295.9 0   293.8 0   362.7 0   286.1 0   286.0 0     0.0 0    -0.1 0 -9999.9 1  -107.0 0 -9999.9 1 -9999.9 1 -9999.9 1 -9999.9 1    63.6 0 -9999.9 1
 1999 169  6 18  2  3  2.050  96.58    -4.8 0 -9999.9 1 -9999.9 1    -0.1 0   255.6 0   295.6 0   293.7 0   362.0 0   286.0 0   285.9 0     0.0 0    -0.2 0 -9999.9 1  -106.4 0 -9999.9 1 -9999.9 1 -9999.9 1 -9999.9 1    64.6 0 -9999.9 1
 1999 169  6 18  2  6  2.100  97.03    -4.8 0 -9999.9 1 -9999.9 1    -0.1 0   256.2 0   295.5 0   293.6 0   361.0 0   286.0 0   285.8 0     0.0 0    -0.2 0 -9999.9 1  -104.8 0 -9999.9 1 -9999.9 1 -9999.9 1 -9999.9 1    64.7 0 -9999.9 1
 1999 169  6 18  2  9  2.150  97.47    -4.8 0 -9999.9 1 -9999.9 1    -0.1 0   256.3 0   295.5 0   293.6 0   359.5 0   285.9 0   285.8 0     0.0 0    -0.2 0 -9999.9 1  -103.2 0 -9999.9 1 -9999.9 1 -9999.9 1 -9999.9 1    64.9 0 -9999.9 1
 1999 169  6 18  2 12  2.200  97.91    -4.8 0 -9999.9 1 -9999.9 1    -0.2 0   256.5 0   295.4 0   293.5 0   359.5 0   285.9 0   285.7 0     0.0 0    -0.3 0 -9999.9 1  -102.9 0 -9999.9 1 -9999.9 1 -9999.9 1 -9999.9 1    65.3 0 -9999.9 1
 1999 169  6 18  2 18  2.300  98.79    -4.9 0 -9999.9 1 -9999.9 1    -0.1 0   255.0 0   295.0 0   293.1 0   357.8 0   285.4 0   285.3 0     0.0 0    -0.2 0 -9999.9 1  -102.8 0 -9999.9 1 -9999.9 1 -9999.9 1 -9999.9 1    67.2 0 -9999.9 1
 1999 169  6 18  2 21  2.350  99.22    -4.9 0 -9999.9 1 -9999.9 1     0.0 0   255.4 0   295.0 0   293.1 0   357.1 0   285.4 0   285.2 0     0.0 0    -0.2 0 -9999.9 1  -101.7 0 -9999.9 1 -9999.9 1 -9999.9 1 -9999.9 1    67.0 0 -9999.9 1
 1999 169  6 18  2 24  2.400  99.65    -4.8 0 -9999.9 1 -9999.9 1     0.1 0   257.0 0   295.0 0   293.2 0   357.2 0   285.4 0   285.3 0     0.0 0    -0.2 0 -9999.9 1  -100.3 0 -9999.9 1 -9999.9 1 -9999.9 1 -9999.9 1    65.7 0 -9999.9 1
 1999 169  6 18  2 27  2.450 100.07    -4.8 0 -9999.9 1 -9999.9 1    -0.1 0   255.2 0   294.8 0   293.0 0   356.1 0   285.2 0   285.0 0     0.0 0    -0.2 0 -9999.9 1  -100.8 0 -9999.9 1 -9999.9 1 -9999.9 1 -9999.9 1    68.8 0 -9999.9 1
 1999 169  6 18  2 33  2.550 100.91    -4.9 0 -9999.9 1 -9999.9 1    -0.1 0   252.7 0   294.6 0   292.8 0   354.2 0   284.9 0   284.8 0     0.0 0    -0.2 0 -9999.9 1  -101.4 0 -9999.9 1 -9999.9 1 -9999.9 1 -9999.9 1    71.4 0 -9999.9 1
 1999 169  6 18  2 36  2.600 101.33    -4.8 0 -9999.9 1 -9999.9 1    -0.2 0   251.4 0   294.5 0   292.6 0   353.0 0   284.7 0   284.6 0     0.0 0    -0.3 0 -9999.9 1  -101.6 0 -9999.9 1 -9999.9 1 -9999.9 1 -9999.9 1    71.4 0 -9999.9 1
 1999 169  6 18  2 39  2.650 101.73    -4.7 0 -9999.9 1 -9999.9 1    -0.1 0   253.4 0   294.6 0   292.7 0   353.0 0   284.7 0   284.6 0     0.0 0    -0.2 0 -9999.9 1   -99.6 0 -9999.9 1 -9999.9 1 -9999.9 1 -9999.9 1    71.0 0 -9999.9 1
 1999 169  6 18  2 42  2.700 102.14    -4.8 0 -9999.9 1 -9999.9 1    -0.2 0   252.6 0   294.4 0   292.6 0   351.6 0   284.6 0   284.5 0     0.0 0    -0.2 0 -9999.9 1   -99.0 0 -9999.9 1 -9999.9 1 -9999.9 1 -9999.9 1    70.8 0 -9999.9 1
 1999 169  6 18  2 48  2.800 102.94    -4.8 0 -9999.9 1 -9999.9 1     0.0 0   256.4 0   294.7 0   292.8 0   352.7 0   284.8 0   284.7 0     0.0 0    -0.2 0 -9999.9 1   -96.3 0 -9999.9 1 -9999.9 1 -9999.9 1 -9999.9 1    68.6 0 -9999.9 1
 1999 169  6 18  2 51  2.850 103.33    -4.8 0 -9999.9 1 -9999.9 1    -0.1 0   255.3 0   294.6 0   292.7 0   351.7 0   284.6 0   284.4 0     0.0 0    -0.2 0 -9999.9 1   -96.3 0 -9999.9 1 -9999.9 1 -9999.9 1 -9999.9 1    68.5 0 -9999.9 1
 1999 169  6 18  2 54  2.900 103.72    -4.7 0 -9999.9 1 -9999.9 1    -0.2 0   256.5 0   294.6 0   292.7 0   352.7 0   284.6 0   284.5 0     0.0 0    -0.2 0 -9999.9 1   -96.3 0 -9999.9 1 -9999.9 1 -9999.9 1 -9999.9 1    69.3 0 -9999.9 1
 1999 169  6 18  2 57  2.950 104.10    -4.8 0 -9999.9 1 -9999.9 1    -0.1 0   255.9 0   294.5 0   292.6 0   352.5 0   284.5 0   284.3 0     0.0 0    -0.2 0 -9999.9 1   -96.6 0 -9999.9 1 -9999.9 1 -9999.9 1 -9999.9 1    67.0 0 -9999.9 1
 1999 169  6 18  3  3  3.050 104.86    -4.9 0 -9999.9 1 -9999.9 1     0.0 0   253.4 0   294.4 0   292.5 0   352.6 0   284.3 0   284.2 0     0.0 0    -0.2 0 -9999.9 1   -99.2 0 -9999.9 1 -9999.9 1 -9999.9 1 -9999.9 1    67.1 0 -9999.9 1
 1999 169  6 18  3  6  3.100 105.23    -4.9 0 -9999.9 1 -9999.9 1    -0.1 0   251.4 0   294.2 0   292.3 0   351.8 0   284.1 0   284.0 0     0.0 0    -0.2 0 -9999.9 1  -100.5 0 -9999.9 1 -9999.9 1 -9999.9 1 -9999.9 1    69.8 0 -9999.9 1
 1999 169  6 18  3  9  3.150 105.60    -4.9 0 -9999.9 1 -9999.9 1    -0.1 0   252.0 0   294.3 0   292.4 0   351.5 0   284.1 0   284.0 0     0.0 0    -0.2 0 -9999.9 1   -99.5 0 -9999.9 1 -9999.9 1 -9999.9 1 -9999.9 1    72.3 0 -9999.9 1
 1999 169  6 18  3 12  3.200 105.96    -4.9 0 -9999.9 1 -9999.9 1    -0.1 0   250.4 0   294.2 0   292.4 0   349.6 0   284.0 0   283.9 0     0.0 0    -0.1 0 -9999.9 1   -99.2 0 -9999.9 1 -9999.9 1 -9999.9 1 -9999.9 1    72.5 0 -9999.9 1
 1999 169  6 18  3 18  3.300 106.67    -4.6 0 -9999.9 1 -9999.9 1    -0.2 0   248.9 0   294.1 0   292.4 0   346.1 0   283.8 0   283.7 0     0.0 0    -0.2 0 -9999.9 1   -97.3 0 -9999.9 1 -9999.9 1 -9999.9 1 -9999.9 1    74.6 0 -9999.9 1
 1999 169  6 18  3 21  3.350 107.02    -4.5 0 -9999.9 1 -9999.9 1    -0.3 0   250.2 0   294.2 0   292.5 0   346.6 0   283.8 0   283.7 0     0.0 0    -0.2 0 -9999.9 1   -96.4 0 -9999.9 1 -9999.9 1 -9999.9 1 -9999.9 1    76.4 0 -9999.9 1
 1999 169  6 18  3 24  3.400 107.36    -4.7 0 -9999.9 1 -9999.9 1    -0.2 0   250.3 0   294.2 0   292.4 0   345.8 0   283.8 0   283.7 0     0.0 0    -0.1 0 -9999.9 1   -95.6 0 -9999.9 1 -9999.9 1 -9999.9 1 -9999.9 1    76.3 0 -9999.9 1
 1999 169  6 18  3 27  3.450 107.69    -4.5 0 -9999.9 1 -9999.9 1    -0.2 0   248.6 0   294.0 0   292.3 0   344.3 0   283.6 0   283.5 0     0.0 0    -0.2 0 -9999.9 1   -95.6 0 -9999.9 1 -9999.9 1 -9999.9 1 -9999.9 1    75.8 0 -9999.9 1
 1999 169  6 18  3 33  3.550 108.35    -4.6 0 -9999.9 1 -9999.9 1    -0.2 0   247.3 0   293.9 0   292.2 0   343.4 0   283.4 0   283.3 0     0.0 2    -0.1 0 -9999.9 1   -96.1 0 -9999.9 1 -9999.9 1 -9999.9 1 -9999.9 1    75.7 0 -9999.9 1
 1999 169  6 18  3 36  3.600 108.67    -4.5 0 -9999.9 1 -9999.9 1    -0.1 0   249.2 0   294.1 0   292.3 0   343.5 0   283.5 0   283.4 0     0.0 0    -0.2 0 -9999.9 1   -94.3 0 -9999.9 1 -9999.9 1 -9999.9 1 -9999.9 1    72.0 0 -9999.9 1
 1999 169  6 18  3 39  3.650 108.99    -4.5 0 -9999.9 1 -9999.9 1     0.1 0   251.0 0   294.1 0   292.3 0   343.8 0   283.6 0   283.5 0     0.0 0    -0.2 0 -9999.9 1   -92.8 0 -9999.9 1 -9999.9 1 -9999.9 1 -9999.9 1    67.4 0 -9999.9 1
 1999 169  6 18  3 42  3.700 109.30    -4.4 0 -9999.9 1 -9999.9 1    -0.1 0   252.3 0   294.3 0   292.3 0   343.7 0   283.7 0   283.6 0     0.0 0    -0.2 0 -9999.9 1   -91.4 0 -9999.9 1 -9999.9 1 -9999.9 1 -9999.9 1    64.6 0 -9999.9 1
 1999 169  6 18  3 48  3.800 109.91    -4.3 0 -9999.9 1 -9999.9 1    -0.2 0   253.9 0   294.4 0   292.6 0   344.2 0   283.7 0   283.6 0     0.0 0    -0.2 0 -9999.9 1   -90.3 0 -9999.9 1 -9999.9 1 -9999.9 1 -9999.9 1    62.3 0 -9999.9 1
 1999 169  6 18  3 51  3.850 110.20    -4.3 0 -9999.9 1 -9999.9 1    -0.3 0   252.8 0   294.3 0   292.4 0   344.0 0   283.5 0   283.4 0     0.0 0    -0.2 0 -9999.9 1   -91.2 0 -9999.9 1 -9999.9 1 -9999.9 1 -9999.9 1    62.7 0 -9999.9 1
 1999 169  6 18  3 54  3.900 110.49    -4.4 0 -9999.9 1 -9999.9 1    -0.3 0   251.4 0   294.1 0   292.3 0   343.8 0   283.3 0   283.2 0     0.0 0    -0.2 0 -9999.9 1   -92.4 0 -9999.9 1 -9999.9 1 -9999.9 1 -9999.9 1    62.7 0 -9999.9 1
 1999 169  6 18  3 57  3.950 110.77    -4.5 0 -9999.9 1 -9999.9 1    -0.1 0   252.5 0   294.2 0   292.4 0   344.8 0   283.4 0   283.3 0     0.0 0    -0.2 0 -9999.9 1   -92.3 0 -9999.9 1 -9999.9 1 -9999.9 1 -9999.9 1    65.5 0 -9999.9 1
 1999 169  6 18  4  3  4.050 111.32    -4.6 0 -9999.9 1 -9999.9 1     0.2 0   254.6 0   294.3 0   292.6 0   346.2 0   283.5 0   283.4 0     0.0 0    -0.2 0 -9999.9 1   -91.5 0 -9999.9 1 -9999.9 1 -9999.9 1 -9999.9 1    64.8 0 -9999.9 1
 1999 169  6 18  4  6  4.100 111.58    -4.6 0 -9999.9 1 -9999.9 1     0.3 0   255.7 0   294.4 0   292.6 0   345.2 0   283.5 0   283.4 0     0.0 0    -0.2 0 -9999.9 1   -89.5 0 -9999.9 1 -9999.9 1 -9999.9 1 -9999.9 1    63.3 0 -9999.9 1
 1999 169  6 18  4  9  4.150 111.84    -4.6 0 -9999.9 1 -9999.9 1     0.4 0   256.2 0   294.4 0   292.7 0   343.9 0   283.6 0   283.4 0     0.0 0    -0.2 0 -9999.9 1   -87.7 0 -9999.9 1 -9999.9 1 -9999.9 1 -9999.9 1    64.5 0 -9999.9 1
 1999 169  6 18  4 12  4.200 112.09    -4.6 0 -9999.9 1 -9999.9 1     0.4 0   254.2 0   294.3 0   292.5 0   342.9 0   283.4 0   283.3 0     0.0 0    -0.2 0 -9999.9 1   -88.6 0 -9999.9 1 -9999.9 1 -9999.9 1 -9999.9 1    65.9 0 -9999.9 1
 1999 169  6 18  4 18  4.300 112.58    -4.6 0 -9999.9 1 -9999.9 1     0.3 0   254.1 0   294.2 0   292.3 0   343.0 0   283.2 0   283.1 0     0.0 0    -0.1 0 -9999.9 1   -88.9 0 -9999.9 1 -9999.9 1 -9999.9 1 -9999.9 1    64.9 0 -9999.9 1
 1999 169  6 18  4 21  4.350 112.81    -4.4 0 -9999.9 1 -9999.9 1     0.2 0   252.4 0   294.0 0   292.1 0   341.6 0   283.0 0   282.9 0     0.0 0    -0.3 0 -9999.9 1   -89.2 0 -9999.9 1 -9999.9 1 -9999.9 1 -9999.9 1    64.7 0 -9999.9 1
 1999 169  6 18  4 24  4.400 113.04    -4.4 0 -9999.9 1 -9999.9 1     0.2 0   252.3 0   294.0 0   292.1 0   341.3 0   283.0 0   282.9 0     0.0 0    -0.3 0 -9999.9 1   -89.0 0 -9999.9 1 -9999.9 1 -9999.9 1 -9999.9 1    67.6 0 -9999.9 1
 1999 169  6 18  4 27  4.450 113.26    -4.4 0 -9999.9 1 -9999.9 1     0.3 0   253.3 0   294.0 0   292.1 0   340.9 0   283.0 0   282.9 0     0.0 0    -0.3 0 -9999.9 1   -87.6 0 -9999.9 1 -9999.9 1 -9999.9 1 -9999.9 1    63.5 0 -9999.9 1
 1999 169  6 18  4 33  4.550 113.68    -4.4 0 -9999.9 1 -9999.9 1     0.4 0   252.7 0   293.9 0   292.1 0   339.4 0   282.9 0   282.8 0     0.0 0    -0.2 0 -9999.9 1   -86.6 0 -9999.9 1 -9999.9 1 -9999.9 1 -9999.9 1    65.9 0 -9999.9 1
 1999 169  6 18  4 36  4.600 113.88    -4.5 0 -9999.9 1 -9999.9 1     0.4 0   252.6 0   293.9 0   292.1 0   339.5 0   282.9 0   282.8 0     0.0 0    -0.2 0 -9999.9 1   -86.8 0 -9999.9 1 -9999.9 1 -9999.9 1 -9999.9 1    65.0 0 -9999.9 1
 1999 169  6 18  4 39  4.650 114.07    -4.4 0 -9999.9 1 -9999.9 1     0.7 0   252.7 0   293.9 0   292.1 0   338.8 0   282.9 0   282.8 0     0.0 0    -0.2 0 -9999.9 1   -86.1 0 -9999.9 1 -9999.9 1 -9999.9 1 -9999.9 1    61.4 0 -9999.9 1
 1999 169  6 18  4 42  4.700 114.26    -4.3 0 -9999.9 1 -9999.9 1     1.0 0   251.9 0   293.9 0   292.1 0   338.0 0   282.8 0   282.7 0     0.0 0    -0.2 0 -9999.9 1   -86.1 0 -9999.9 1 -9999.9 1 -9999.9 1 -9999.9 1    60.0 0 -9999.9 1
 1999 169  6 18  4 48  4.800 114.61    -4.1 0 -9999.9 1 -9999.9 1     0.5 0   251.7 0   293.9 0   292.1 0   337.8 0   282.8 0   282.7 0     0.0 0    -0.2 0 -9999.9 1   -86.1 0 -9999.9 1 -9999.9 1 -9999.9 1 -9999.9 1    56.0 0 -9999.9 1
 1999 169  6 18  4 51  4.850 114.78    -4.1 0 -9999.9 1 -9999.9 1     0.6 0   251.9 0   293.9 0   292.3 0   337.4 0   282.8 0   282.7 0     0.0 0    -0.2 0 -9999.9 1   -85.5 0 -9999.9 1 -9999.9 1 -9999.9 1 -9999.9 1    51.3 0 -9999.9 1
 1999 169  6 18  4 54  4.900 114.93    -3.9 0 -9999.9 1 -9999.9 1     0.3 0   250.2 0   294.0 0   292.7 0   337.1 0   282.8 0   282.7 0     0.0 0    -0.2 0 -9999.9 1   -86.9 0 -9999.9 1 -9999.9 1 -9999.9 1 -9999.9 1    53.6 0 -9999.9 1
 1999 169  6 18  4 57  4.950 115.09    -3.7 0 -9999.9 1 -9999.9 1     0.0 0   249.5 0   294.0 0   292.9 0   336.4 0   282.8 0   282.7 0     0.0 0    -0.2 0 -9999.9 1   -86.9 0 -9999.9 1 -9999.9 1 -9999.9 1 -9999.9 1    51.3 0 -9999.9 1
 1999 169  6 18  5  3  5.050 115.37    -3.7 0 -9999.9 1 -9999.9 1     0.0 0   247.6 0   294.0 0   293.1 0   336.0 0   282.7 0   282.6 0     0.0 0    -0.1 0 -9999.9 1   -88.5 0 -9999.9 1 -9999.9 1 -9999.9 1 -9999.9 1    31.7 0 -9999.9 1
 1999 169  6 18  5  6  5.100 115.50    -3.2 0 -9999.9 1 -9999.9 1    -0.1 0   247.5 0   294.0 0   292.5 0   335.5 0   282.5 0   282.3 0     0.0 0    -0.3 0 -9999.9 1   -88.0 0 -9999.9 1 -9999.9 1 -9999.9 1 -9999.9 1    16.1 0 -9999.9 1
 1999 169  6 18  5  9  5.150 115.62    -2.9 0 -9999.9 1 -9999.9 1    -0.9 0   246.5 0   293.8 0   292.2 0   334.5 0   282.1 0   282.0 0     0.0 0    -0.2 0 -9999.9 1   -88.0 0 -9999.9 1 -9999.9 1 -9999.9 1 -9999.9 1    19.4 0 -9999.9 1
 1999 169  6 18  5 12  5.200 115.73    -3.0 0 -9999.9 1 -9999.9 1    -1.3 0   246.9 0   293.8 0   292.1 0   334.4 0   282.0 0   281.9 0     0.0 0    -0.2 0 -9999.9 1   -87.4 0 -9999.9 1 -9999.9 1 -9999.9 1 -9999.9 1    23.7 0 -9999.9 1
 1999 169  6 18  5 18  5.300 115.94    -3.2 0 -9999.9 1 -9999.9 1    -1.3 0   246.0 0   294.1 0   292.4 0   334.1 0   282.1 0   282.0 0     0.0 0    -0.2 0 -9999.9 1   -88.0 0 -9999.9 1 -9999.9 1 -9999.9 1 -9999.9 1     8.4 0 -9999.9 1
 1999 169  6 18  5 21  5.350 116.04    -3.1 0 -9999.9 1 -9999.9 1    -1.5 0   245.8 0   294.1 0   292.4 0   334.1 0   282.0 0   281.9 0     0.0 0    -0.2 0 -9999.9 1   -88.3 0 -9999.9 1 -9999.9 1 -9999.9 1 -9999.9 1    12.2 0 -9999.9 1
 1999 169  6 18  5 24  5.400 116.12    -3.0 0 -9999.9 1 -9999.9 1    -1.6 0   246.4 0   294.2 0   292.4 0   334.8 0   282.0 0   281.9 0     0.0 0    -0.2 0 -9999.9 1   -88.3 0 -9999.9 1 -9999.9 1 -9999.9 1 -9999.9 1     6.1 0 -9999.9 1
 1999 169  6 18  5 27  5.450 116.20    -3.0 0 -9999.9 1 -9999.9 1    -1.6 0   246.5 0   294.2 0   292.5 0   334.4 0   282.0 0   281.8 0     0.0 0    -0.2 0 -9999.9 1   -87.9 0 -9999.9 1 -9999.9 1 -9999.9 1 -9999.9 1     8.7 0 -9999.9 1
 1999 169  6 18  5 33  5.550 116.33    -3.2 0 -9999.9 1 -9999.9 1    -1.2 0   247.2 0   294.3 0   292.7 0   333.5 0   281.9 0   281.7 0     0.0 0    -0.2 0 -9999.9 1   -86.3 0 -9999.9 1 -9999.9 1 -9999.9 1 -9999.9 1     2.9 0 -9999.9 1
 1999 169  6 18  5 36  5.600 116.39    -3.0 0 -9999.9 1 -9999.9 1    -0.9 0   245.4 0   294.3 0   293.1 0   332.3 0   281.8 0   281.6 0     0.0 0    -0.2 0 -9999.9 1   -87.0 0 -9999.9 1 -9999.9 1 -9999.9 1 -9999.9 1    10.1 0 -9999.9 1
 1999 169  6 18  5 39  5.650 116.43    -3.1 0 -9999.9 1 -9999.9 1    -0.9 0   243.7 0   294.2 0   292.9 0   330.4 0   281.4 0   281.3 0     0.0 0    -0.1 0 -9999.9 1   -86.7 0 -9999.9 1 -9999.9 1 -9999.9 1 -9999.9 1    12.1 0 -9999.9 1
 1999 169  6 18  5 42  5.700 116.47    -3.0 0 -9999.9 1 -9999.9 1    -0.7 0   243.5 0   294.1 0   292.8 0   330.5 0   281.3 0   281.2 0     0.0 0    -0.3 0 -9999.9 1   -87.0 0 -9999.9 1 -9999.9 1 -9999.9 1 -9999.9 1    16.4 0 -9999.9 1
 1999 169  6 18  5 48  5.800 116.53    -3.3 0 -9999.9 1 -9999.9 1    -0.3 0   247.0 0   294.4 0   292.7 0   331.9 0   281.3 0   281.2 0     0.0 0    -0.2 0 -9999.9 1   -84.9 0 -9999.9 1 -9999.9 1 -9999.9 1 -9999.9 1    17.2 0 -9999.9 1
 1999 169  6 18  5 51  5.850 116.54    -3.5 0 -9999.9 1 -9999.9 1    -0.3 0   249.1 0   294.6 0   292.8 0   332.4 0   281.4 0   281.2 0     0.0 0    -0.2 0 -9999.9 1   -83.3 0 -9999.9 1 -9999.9 1 -9999.9 1 -9999.9 1    12.3 0 -9999.9 1
 1999 169  6 18  5 54  5.900 116.55    -3.8 0 -9999.9 1 -9999.9 1    -0.4 0   249.5 0   294.7 0   292.9 0   332.8 0   281.4 0   281.2 0     0.0 0    -0.2 0 -9999.9 1   -83.3 0 -9999.9 1 -9999.9 1 -9999.9 1 -9999.9 1    13.7 0 -9999.9 1
 1999 169  6 18  5 57  5.950 116.55    -3.7 0 -9999.9 1 -9999.9 1    -0.5 0   248.8 0   294.8 0   293.0 0   333.1 0   281.4 0   281.2 0     0.0 0    -0.2 0 -9999.9 1   -84.2 0 -9999.9 1 -9999.9 1 -9999.9 1 -9999.9 1    11.2 0 -9999.9 1
 1999 169  6 18  6  3  6.050 116.53    -3.5 0 -9999.9 1 -9999.9 1    -0.9 0   248.6 0   294.9 0   293.3 0   332.9 0   281.4 0   281.3 0     0.0 0    -0.1 0 -9999.9 1   -84.3 0 -9999.9 1 -9999.9 1 -9999.9 1 -9999.9 1     7.9 0 -9999.9 1
 1999 169  6 18  6  6  6.100 116.51    -3.4 0 -9999.9 1 -9999.9 1    -0.7 0   247.2 0   294.9 0   293.3 0   332.9 0   281.3 0   281.2 0     0.0 0    -0.2 0 -9999.9 1   -85.8 0 -9999.9 1 -9999.9 1 -9999.9 1 -9999.9 1     2.9 0 -9999.9 1
 1999 169  6 18  6  9  6.150 116.48    -3.2 0 -9999.9 1 -9999.9 1    -0.4 0   246.5 0   294.9 0   293.5 0   332.9 0   281.3 0   281.2 0     0.0 0    -0.2 0 -9999.9 1   -86.5 0 -9999.9 1 -9999.9 1 -9999.9 1 -9999.9 1    11.5 0 -9999.9 1
 1999 169  6 18  6 12  6.200 116.44    -3.0 0 -9999.9 1 -9999.9 1    -0.3 0   247.2 0   295.0 0   293.6 0   332.9 0   281.4 0   281.3 0     0.0 0    -0.2 0 -9999.9 1   -85.7 0 -9999.9 1 -9999.9 1 -9999.9 1 -9999.9 1    16.4 0 -9999.9 1
 1999 169  6 18  6 18  6.300 116.35    -3.3 0 -9999.9 1 -9999.9 1    -0.7 0   249.3 0   295.1 0   293.6 0   333.1 0   281.5 0   281.4 0     0.0 0    -0.2 0 -9999.9 1   -83.8 0 -9999.9 1 -9999.9 1 -9999.9 1 -9999.9 1    10.8 0 -9999.9 1
 1999 169  6 18  6 21  6.350 116.29    -3.5 0 -9999.9 1 -9999.9 1    -0.4 0   250.0 0   295.2 0   293.5 0   333.3 0   281.5 0   281.4 0     0.0 0    -0.2 0 -9999.9 1   -83.3 0 -9999.9 1 -9999.9 1 -9999.9 1 -9999.9 1     2.8 0 -9999.9 1
 1999 169  6 18  6 24  6.400 116.22    -3.5 0 -9999.9 1 -9999.9 1    -0.4 0   249.9 0   295.2 0   293.5 0   333.0 0   281.5 0   281.3 0     0.0 0    -0.2 0 -9999.9 1   -83.1 0 -9999.9 1 -9999.9 1 -9999.9 1 -9999.9 1     1.9 0 -9999.9 1
 1999 169  6 18  6 27  6.450 116.14    -3.3 0 -9999.9 1 -9999.9 1    -0.5 0   249.4 0   295.2 0   293.7 0   332.8 0   281.4 0   281.3 0     0.0 0    -0.3 0 -9999.9 1   -83.4 0 -9999.9 1 -9999.9 1 -9999.9 1 -9999.9 1     0.4 0 -9999.9 1
 1999 169  6 18  6 33  6.550 115.97    -3.4 0 -9999.9 1 -9999.9 1    -0.5 0   245.6 0   295.0 0   293.7 0   330.7 0   281.1 0   281.0 0     0.0 0    -0.2 0 -9999.9 1   -85.1 0 -9999.9 1 -9999.9 1 -9999.9 1 -9999.9 1     7.1 0 -9999.9 1
 1999 169  6 18  6 36  6.600 115.87    -3.0 0 -9999.9 1 -9999.9 1    -0.3 0   245.6 0   295.0 0   293.7 0   330.6 0   281.1 0   280.9 0     0.0 0    -0.2 0 -9999.9 1   -85.0 0 -9999.9 1 -9999.9 1 -9999.9 1 -9999.9 1     7.5 0 -9999.9 1
 1999 169  6 18  6 39  6.650 115.77    -3.1 0 -9999.9 1 -9999.9 1    -0.3 0   246.1 0   295.0 0   293.6 0   329.9 0   281.0 0   280.9 0     0.0 0    -0.2 0 -9999.9 1   -83.8 0 -9999.9 1 -9999.9 1 -9999.9 1 -9999.9 1     7.2 0 -9999.9 1
 1999 169  6 18  6 42  6.700 115.65    -3.5 0 -9999.9 1 -9999.9 1    -0.2 0   247.3 0   295.1 0   293.5 0   330.4 0   281.0 0   280.9 0     0.0 0    -0.2 0 -9999.9 1   -83.1 0 -9999.9 1 -9999.9 1 -9999.9 1 -9999.9 1     5.2 0 -9999.9 1
 1999 169  6 18  6 48  6.800 115.40    -3.8 0 -9999.9 1 -9999.9 1    -0.1 0   247.9 0   295.3 0   293.5 0   331.2 0   281.0 0   280.9 0     0.0 0    -0.1 0 -9999.9 1   -83.2 0 -9999.9 1 -9999.9 1 -9999.9 1 -9999.9 1     6.6 0 -9999.9 1
 1999 169  6 18  6 51  6.850 115.27    -3.7 0 -9999.9 1 -9999.9 1    -0.1 0   248.9 0   295.3 0   293.4 0   332.5 0   281.0 0   280.9 0     0.0 0    -0.2 0 -9999.9 1   -83.6 0 -9999.9 1 -9999.9 1 -9999.9 1 -9999.9 1     7.2 0 -9999.9 1
 1999 169  6 18  6 54  6.900 115.13    -3.7 0 -9999.9 1 -9999.9 1     0.0 0   248.6 0   295.4 0   293.6 0   333.4 0   281.1 0   281.0 0     0.0 0    -0.2 0 -9999.9 1   -84.7 0 -9999.9 1 -9999.9 1 -9999.9 1 -9999.9 1    12.3 0 -9999.9 1
 1999 169  6 18  6 57  6.950 114.98    -3.2 0 -9999.9 1 -9999.9 1    -0.3 0   244.3 0   295.2 0   293.5 0   330.1 0   280.9 0   280.8 0     0.0 0    -0.1 0 -9999.9 1   -85.8 0 -9999.9 1 -9999.9 1 -9999.9 1 -9999.9 1    16.6 0 -9999.9 1
 1999 169  6 18  7  3  7.050 114.66    -3.0 0 -9999.9 1 -9999.9 1    -0.9 0   242.3 0   295.0 0   293.4 0   327.8 0   280.7 0   280.6 0     0.0 0    -0.2 0 -9999.9 1   -85.4 0 -9999.9 1 -9999.9 1 -9999.9 1 -9999.9 1    17.7 0 -9999.9 1
 1999 169  6 18  7  6  7.100 114.49    -3.4 0 -9999.9 1 -9999.9 1    -0.3 0   243.2 0   294.8 0   293.0 0   326.9 0   280.6 0   280.5 0     0.0 0    -0.2 0 -9999.9 1   -83.7 0 -9999.9 1 -9999.9 1 -9999.9 1 -9999.9 1    17.8 0 -9999.9 1
 1999 169  6 18  7  9  7.150 114.31    -3.5 0 -9999.9 1 -9999.9 1     0.3 0   244.2 0   294.9 0   293.1 0   327.7 0   280.6 0   280.5 0     0.0 0    -0.2 0 -9999.9 1   -83.5 0 -9999.9 1 -9999.9 1 -9999.9 1 -9999.9 1    18.4 0 -9999.9 1
 1999 169  6 18  7 12  7.200 114.12    -3.5 0 -9999.9 1 -9999.9 1     0.2 0   243.1 0   295.0 0   293.6 0   328.1 0   280.8 0   280.7 0     0.0 0    -0.2 0 -9999.9 1   -84.9 0 -9999.9 1 -9999.9 1 -9999.9 1 -9999.9 1    16.6 0 -9999.9 1
 1999 169  6 18  7 18  7.300 113.73    -3.5 0 -9999.9 1 -9999.9 1    -0.1 0   241.2 0   294.9 0   293.5 0   326.7 0   280.6 0   280.5 0     0.0 0    -0.1 0 -9999.9 1   -85.5 0 -9999.9 1 -9999.9 1 -9999.9 1 -9999.9 1    19.8 0 -9999.9 1
 1999 169  6 18  7 21  7.350 113.53    -3.4 0 -9999.9 1 -9999.9 1    -0.4 0   238.3 0   294.8 0   293.6 0   326.4 0   280.5 0   280.4 0     0.0 0    -0.2 0 -9999.9 1   -88.1 0 -9999.9 1 -9999.9 1 -9999.9 1 -9999.9 1    19.1 0 -9999.9 1
 1999 169  6 18  7 24  7.400 113.32    -3.5 0 -9999.9 1 -9999.9 1    -0.5 0   237.2 0   294.8 0   293.5 0   325.6 0   280.4 0   280.3 0     0.0 0    -0.1 0 -9999.9 1   -88.4 0 -9999.9 1 -9999.9 1 -9999.9 1 -9999.9 1    22.5 0 -9999.9 1
 1999 169  6 18  7 27  7.450 113.10    -3.5 0 -9999.9 1 -9999.9 1    -0.5 0   238.3 0   294.7 0   293.1 0   325.1 0   280.3 0   280.2 0     0.0 0    -0.1 0 -9999.9 1   -86.8 0 -9999.9 1 -9999.9 1 -9999.9 1 -9999.9 1    21.1 0 -9999.9 1
 1999 169  6 18  7 33  7.550 112.64    -3.5 0 -9999.9 1 -9999.9 1    -0.5 0   236.7 0   294.7 0   293.2 0   325.3 0   280.2 0   280.1 0     0.0 0    -0.2 0 -9999.9 1   -88.5 0 -9999.9 1 -9999.9 1 -9999.9 1 -9999.9 1    25.8 0 -9999.9 1
 1999 169  6 18  7 36  7.600 112.40    -3.7 0 -9999.9 1 -9999.9 1    -0.5 0   235.7 0   294.6 0   293.0 0   324.4 0   280.0 0   279.9 0     0.0 0    -0.1 0 -9999.9 1   -88.7 0 -9999.9 1 -9999.9 1 -9999.9 1 -9999.9 1    24.3 0 -9999.9 1
 1999 169  6 18  7 39  7.650 112.16    -3.8 0 -9999.9 1 -9999.9 1    -0.6 0   237.6 0   294.7 0   292.9 0   324.7 0   280.0 0   279.9 0     0.0 0     0.0 0 -9999.9 1   -87.1 0 -9999.9 1 -9999.9 1 -9999.9 1 -9999.9 1    21.2 0 -9999.9 1
 1999 169  6 18  7 42  7.700 111.91    -3.7 0 -9999.9 1 -9999.9 1    -0.7 0   238.1 0   294.8 0   293.1 0   325.9 0   280.2 0   280.1 0     0.0 0    -0.1 0 -9999.9 1   -87.7 0 -9999.9 1 -9999.9 1 -9999.9 1 -9999.9 1    20.0 0 -9999.9 1
 1999 169  6 18  7 48  7.800 111.39    -3.6 0 -9999.9 1 -9999.9 1    -1.0 0   238.2 0   295.0 0   293.4 0   327.0 0   280.4 0   280.3 0     0.0 0    -0.1 0 -9999.9 1   -88.9 0 -9999.9 1 -9999.9 1 -9999.9 1 -9999.9 1    16.5 0 -9999.9 1
 1999 169  6 18  7 51  7.850 111.12    -3.4 0 -9999.9 1 -9999.9 1    -1.0 0   236.6 0   295.0 0   293.7 0   326.6 0   280.4 0   280.3 0     0.0 0    -0.2 0 -9999.9 1   -90.0 0 -9999.9 1 -9999.9 1 -9999.9 1 -9999.9 1    15.5 0 -9999.9 1
 1999 169  6 18  7 54  7.900 110.85    -3.3 0 -9999.9 1 -9999.9 1    -0.9 0   234.9 0   294.9 0   293.8 0   325.3 0   280.3 0   280.2 0     0.0 0    -0.1 0 -9999.9 1   -90.4 0 -9999.9 1 -9999.9 1 -9999.9 1 -9999.9 1    11.3 0 -9999.9 1
 1999 169  6 18  7 57  7.950 110.57    -3.5 0 -9999.9 1 -9999.9 1    -0.9 0   236.9 0   294.8 0   293.2 0   324.9 0   280.2 0   280.1 0     0.0 0     0.0 0 -9999.9 1   -88.0 0 -9999.9 1 -9999.9 1 -9999.9 1 -9999.9 1     6.6 0 -9999.9 1
 1999 169  6 18  8  3  8.050 109.99    -3.4 0 -9999.9 1 -9999.9 1    -0.4 0   238.7 0   295.0 0   293.5 0   326.1 0   280.3 0   280.2 0     0.0 0     0.0 0 -9999.9 1   -87.4 0 -9999.9 1 -9999.9 1 -9999.9 1 -9999.9 1    12.4 0 -9999.9 1
 1999 169  6 18  8  6  8.100 109.69    -3.2 0 -9999.9 1 -9999.9 1    -0.5 0   238.5 0   294.9 0   293.5 0   325.7 0   280.3 0   280.1 0     0.0 0     0.0 0 -9999.9 1   -87.2 0 -9999.9 1 -9999.9 1 -9999.9 1 -9999.9 1    20.1 0 -9999.9 1
 1999 169  6 18  8  9  8.150 109.39    -3.3 0 -9999.9 1 -9999.9 1    -0.4 0   241.8 0   294.9 0   292.9 0   325.9 0   280.2 0   280.1 0     0.0 0    -0.2 0 -9999.9 1   -84.1 0 -9999.9 1 -9999.9 1 -9999.9 1 -9999.9 1    28.8 0 -9999.9 1
 1999 169  6 18  8 12  8.200 109.08    -3.7 0 -9999.9 1 -9999.9 1     1.0 0   243.8 0   294.9 0   292.8 0   326.5 0   280.2 0   280.1 0     0.0 0    -0.1 0 -9999.9 1   -82.7 0 -9999.9 1 -9999.9 1 -9999.9 1 -9999.9 1    33.8 0 -9999.9 1
 1999 169  6 18  8 18  8.300 108.44    -3.8 0 -9999.9 1 -9999.9 1     2.0 0   245.9 0   294.9 0   292.6 0   327.8 0   280.4 0   280.3 0     0.0 0    -0.1 0 -9999.9 1   -81.9 0 -9999.9 1 -9999.9 1 -9999.9 1 -9999.9 1    35.4 0 -9999.9 1
 1999 169  6 18  8 21  8.350 108.12    -3.8 0 -9999.9 1 -9999.9 1     1.4 0   242.6 0   294.7 0   292.7 0   326.4 0   280.3 0   280.2 0     0.0 0    -0.1 0 -9999.9 1   -83.8 0 -9999.9 1 -9999.9 1 -9999.9 1 -9999.9 1    36.2 0 -9999.9 1
 1999 169  6 18  8 24  8.400 107.79    -3.6 0 -9999.9 1 -9999.9 1     0.6 0   239.4 0   294.4 0   292.4 0   323.9 0   280.0 0   279.9 0     0.0 0    -0.2 0 -9999.9 1   -84.4 0 -9999.9 1 -9999.9 1 -9999.9 1 -9999.9 1    37.9 0 -9999.9 1
 1999 169  6 18  8 27  8.450 107.45    -3.8 0 -9999.9 1 -9999.9 1     0.5 0   239.0 0   294.3 0   292.3 0   323.4 0   280.0 0   279.9 0     0.0 0    -0.1 0 -9999.9 1   -84.3 0 -9999.9 1 -9999.9 1 -9999.9 1 -9999.9 1    37.8 0 -9999.9 1
 1999 169  6 18  8 33  8.550 106.76    -3.9 0 -9999.9 1 -9999.9 1     0.8 0   238.5 0   294.2 0   292.6 0   324.4 0   280.1 0   280.0 0     0.0 0    -0.2 0 -9999.9 1   -85.9 0 -9999.9 1 -9999.9 1 -9999.9 1 -9999.9 1    30.7 0 -9999.9 1
 1999 169  6 18  8 36  8.600 106.41    -3.8 0 -9999.9 1 -9999.9 1     1.0 0   238.6 0   294.0 0   292.2 0   323.4 0   279.9 0   279.8 0     0.0 0    -0.2 0 -9999.9 1   -84.8 0 -9999.9 1 -9999.9 1 -9999.9 1 -9999.9 1    30.8 0 -9999.9 1
 1999 169  6 18  8 39  8.650 106.06    -4.0 0 -9999.9 1 -9999.9 1     1.6 0   238.2 0   293.9 0   292.1 0   323.2 0   279.9 0   279.8 0     0.0 0    -0.2 0 -9999.9 1   -85.0 0 -9999.9 1 -9999.9 1 -9999.9 1 -9999.9 1    30.6 0 -9999.9 1
 1999 169  6 18  8 42  8.700 105.70    -3.8 0 -9999.9 1 -9999.9 1     0.9 0   237.5 0   294.0 0   292.2 0   323.1 0   279.9 0   279.8 0     0.0 0    -0.3 0 -9999.9 1   -85.7 0 -9999.9 1 -9999.9 1 -9999.9 1 -9999.9 1    31.5 0 -9999.9 1
 1999 169  6 18  8 48  8.800 104.96    -3.6 0 -9999.9 1 -9999.9 1     0.2 0   237.3 0   293.9 0   292.1 0   322.6 0   279.7 0   279.6 0     0.0 0    -0.2 0 -9999.9 1   -85.3 0 -9999.9 1 -9999.9 1 -9999.9 1 -9999.9 1    34.7 0 -9999.9 1
 1999 169  6 18  8 51  8.850 104.59    -3.8 0 -9999.9 1 -9999.9 1     0.9 0   237.0 0   293.8 0   292.1 0   322.8 0   279.7 0   279.5 0     0.0 0    -0.2 0 -9999.9 1   -85.8 0 -9999.9 1 -9999.9 1 -9999.9 1 -9999.9 1    31.0 0 -9999.9 1
 1999 169  6 18  8 54  8.900 104.21    -4.1 0 -9999.9 1 -9999.9 1     1.7 0   237.8 0   293.9 0   292.0 0   323.0 0   279.6 0   279.5 0     0.0 0    -0.2 0 -9999.9 1   -85.2 0 -9999.9 1 -9999.9 1 -9999.9 1 -9999.9 1    31.3 0 -9999.9 1
 1999 169  6 18  8 57  8.950 103.83    -4.1 0 -9999.9 1 -9999.9 1     1.6 0   238.4 0   293.8 0   291.8 0   323.2 0   279.5 0   279.4 0     0.0 0    -0.1 0 -9999.9 1   -84.9 0 -9999.9 1 -9999.9 1 -9999.9 1 -9999.9 1    33.0 0 -9999.9 1
 1999 169  6 18  9  3  9.050 103.05    -3.9 0 -9999.9 1 -9999.9 1     1.0 0   237.2 0   293.7 0   291.7 0   321.8 0   279.3 0   279.1 0     0.0 0    -0.2 0 -9999.9 1   -84.7 0 -9999.9 1 -9999.9 1 -9999.9 1 -9999.9 1    34.9 0 -9999.9 1
 1999 169  6 18  9  6  9.100 102.65    -4.2 0 -9999.9 1 -9999.9 1     1.1 0   237.8 0   293.6 0   291.6 0   321.3 0   279.1 0   279.0 0     0.0 0    -0.1 0 -9999.9 1   -83.5 0 -9999.9 1 -9999.9 1 -9999.9 1 -9999.9 1    38.0 0 -9999.9 1
 1999 169  6 18  9  9  9.150 102.25    -4.0 0 -9999.9 1 -9999.9 1     1.4 0   236.2 0   293.5 0   291.6 0   321.4 0   278.9 0   278.8 0     0.0 0    -0.1 0 -9999.9 1   -85.2 0 -9999.9 1 -9999.9 1 -9999.9 1 -9999.9 1    41.3 0 -9999.9 1
 1999 169  6 18  9 12  9.200 101.85    -4.0 0 -9999.9 1 -9999.9 1     1.5 0   236.3 0   293.5 0   291.7 0   321.7 0   278.9 0   278.7 0     0.0 0    -0.1 0 -9999.9 1   -85.4 0 -9999.9 1 -9999.9 1 -9999.9 1 -9999.9 1    45.4 0 -9999.9 1
 1999 169  6 18  9 18  9.300 101.03    -4.1 0 -9999.9 1 -9999.9 1     2.4 0   238.8 0   293.5 0   291.6 0   323.0 0   278.9 0   278.8 0     0.0 0    -0.1 0 -9999.9 1   -84.3 0 -9999.9 1 -9999.9 1 -9999.9 1 -9999.9 1    53.1 0 -9999.9 1
 1999 169  6 18  9 21  9.350 100.61    -4.2 0 -9999.9 1 -9999.9 1     2.6 0   240.1 0   293.5 0   291.6 0   323.9 0   279.0 0   278.8 0     0.0 0    -0.1 0 -9999.9 1   -83.8 0 -9999.9 1 -9999.9 1 -9999.9 1 -9999.9 1    55.7 0 -9999.9 1
 1999 169  6 18  9 24  9.400 100.19    -4.4 0 -9999.9 1 -9999.9 1     2.5 0   239.4 0   293.4 0   291.4 0   323.9 0   278.9 0   278.8 0     0.0 0    -0.2 0 -9999.9 1   -84.5 0 -9999.9 1 -9999.9 1 -9999.9 1 -9999.9 1    58.8 0 -9999.9 1
 1999 169  6 18  9 27  9.450  99.77    -4.4 0 -9999.9 1 -9999.9 1     2.3 0   240.5 0   293.4 0   291.4 0   324.2 0   278.9 0   278.8 0     0.0 0    -0.1 0 -9999.9 1   -83.7 0 -9999.9 1 -9999.9 1 -9999.9 1 -9999.9 1    56.2 0 -9999.9 1
 1999 169  6 18  9 33  9.550  98.91    -4.4 0 -9999.9 1 -9999.9 1     3.4 0   239.9 0   293.3 0   291.2 0   324.1 0   278.9 0   278.8 0     0.0 0    -0.1 0 -9999.9 1   -84.1 0 -9999.9 1 -9999.9 1 -9999.9 1 -9999.9 1    51.4 0 -9999.9 1
 1999 169  6 18  9 36  9.600  98.47    -4.3 0 -9999.9 1 -9999.9 1     3.1 0   240.0 0   293.2 0   291.3 0   323.9 0   278.9 0   278.8 0     0.0 0    -0.2 0 -9999.9 1   -83.9 0 -9999.9 1 -9999.9 1 -9999.9 1 -9999.9 1    53.5 0 -9999.9 1
 1999 169  6 18  9 39  9.650  98.03    -4.1 0 -9999.9 1 -9999.9 1     2.3 0   237.2 0   293.0 0   291.1 0   322.7 0   278.7 0   278.6 0     0.0 0    -0.3 0 -9999.9 1   -85.5 0 -9999.9 1 -9999.9 1 -9999.9 1 -9999.9 1    54.5 0 -9999.9 1
 1999 169  6 18  9 42  9.700  97.59    -4.2 0 -9999.9 1 -9999.9 1     2.0 0   236.7 0   292.9 0   291.0 0   322.4 0   278.7 0   278.6 0     0.0 0    -0.1 0 -9999.9 1   -85.6 0 -9999.9 1 -9999.9 1 -9999.9 1 -9999.9 1    53.9 0 -9999.9 1
 1999 169  6 18  9 48  9.800  96.70    -3.9 0 -9999.9 1 -9999.9 1     2.0 0   233.1 0   292.6 0   290.8 0   320.4 0   278.4 0   278.2 0     0.0 0    -0.1 0 -9999.9 1   -87.3 0 -9999.9 1 -9999.9 1 -9999.9 1 -9999.9 1    53.8 0 -9999.9 1
 1999 169  6 18  9 51  9.850  96.25    -3.6 0 -9999.9 1 -9999.9 1     1.3 0   231.9 0   292.5 0   290.8 0   319.7 0   278.2 0   278.1 0     0.0 0    -0.1 0 -9999.9 1   -87.8 0 -9999.9 1 -9999.9 1 -9999.9 1 -9999.9 1    50.1 0 -9999.9 1
 1999 169  6 18  9 54  9.900  95.79    -3.5 0 -9999.9 1 -9999.9 1     0.7 0   229.7 0   292.3 0   290.7 0   318.4 0   278.0 0   277.9 0     0.0 2    -0.2 0 -9999.9 1   -88.8 0 -9999.9 1 -9999.9 1 -9999.9 1 -9999.9 1    46.4 0 -9999.9 1
 1999 169  6 18  9 57  9.950  95.34    -3.4 0 -9999.9 1 -9999.9 1     0.6 0   228.8 0   292.2 0   290.8 0   318.4 0   278.0 0   277.8 0     0.0 2    -0.1 0 -9999.9 1   -89.5 0 -9999.9 1 -9999.9 1 -9999.9 1 -9999.9 1    47.5 0 -9999.9 1
 1999 169  6 18 10  3 10.050  94.41    -3.1 0 -9999.9 1 -9999.9 1     1.0 0   232.2 0   292.5 0   291.0 0   319.4 0   278.2 0   278.1 0     0.0 0     0.0 0 -9999.9 1   -87.2 0 -9999.9 1 -9999.9 1 -9999.9 1 -9999.9 1    42.5 0 -9999.9 1
 1999 169  6 18 10  6 10.100  93.94    -2.9 0 -9999.9 1 -9999.9 1     1.2 0   233.3 0   292.5 0   290.9 0   319.7 0   278.1 0   278.0 0     0.0 0     0.0 0 -9999.9 1   -86.4 0 -9999.9 1 -9999.9 1 -9999.9 1 -9999.9 1    37.2 0 -9999.9 1
 1999 169  6 18 10  9 10.150  93.47    -2.3 0 -9999.9 1 -9999.9 1     2.1 0   235.4 0   292.6 0   291.1 0   321.2 0   278.2 0   278.1 0     0.0 0     0.1 0 -9999.9 1   -85.8 0 -9999.9 1 -9999.9 1 -9999.9 1 -9999.9 1    37.7 0 -9999.9 1
 1999 169  6 18 10 12 10.200  93.00    -1.4 0 -9999.9 1 -9999.9 1     3.0 0   236.8 0   292.7 0   291.2 0   322.0 0   278.3 0   278.2 0     0.0 0     0.3 0 -9999.9 1   -85.2 0 -9999.9 1 -9999.9 1 -9999.9 1 -9999.9 1    39.6 0 -9999.9 1
 1999 169  6 18 10 18 10.300  92.05     0.8 0 -9999.9 1 -9999.9 1     4.5 0   241.4 0   292.9 0   291.1 0   323.3 0   278.4 0   278.3 0     0.0 0     0.9 0 -9999.9 1   -81.9 0 -9999.9 1 -9999.9 1 -9999.9 1 -9999.9 1    29.9 0 -9999.9 1
 1999 169  6 18 10 21 10.350  91.57     1.5 0 -9999.9 1 -9999.9 1     4.9 0   242.7 0   293.0 0   291.1 0   323.6 0   278.4 0   278.2 0     0.0 0     1.4 0 -9999.9 1   -80.9 0 -9999.9 1 -9999.9 1 -9999.9 1 -9999.9 1    26.0 0 -9999.9 1
 1999 169  6 18 10 24 10.400  91.08     2.8 0 -9999.9 1 -9999.9 1     5.8 0   242.5 0   292.9 0   291.1 0   323.4 0   278.2 0   278.1 0     0.0 0     2.2 0 -9999.9 1   -80.9 0 -9999.9 1 -9999.9 1 -9999.9 1 -9999.9 1    26.3 0 -9999.9 1
 1999 169  6 18 10 27 10.450  89.88     3.8 0 -9999.9 1 -9999.9 1     6.8 0   239.9 0   292.8 0   291.1 0   322.6 0   277.9 0   277.8 0     0.1 0     2.9 0 -9999.9 1   -82.7 0 -9999.9 1 -9999.9 1 -9999.9 1 -9999.9 1    25.9 0 -9999.9 1
 1999 169  6 18 10 33 10.550  89.13     7.0 0 -9999.9 1 -9999.9 1    10.7 0   243.4 0   292.9 0   291.1 0   324.3 0   278.0 0   277.9 0     0.2 0     5.1 0 -9999.9 1   -81.0 0 -9999.9 1 -9999.9 1 -9999.9 1 -9999.9 1    25.8 0 -9999.9 1
 1999 169  6 18 10 36 10.600  88.71    10.3 0 -9999.9 1 -9999.9 1    14.1 0   244.9 0   293.1 0   291.4 0   325.5 0   278.1 0   278.1 0     0.3 0     6.8 0 -9999.9 1   -80.6 0 -9999.9 1 -9999.9 1 -9999.9 1 -9999.9 1    27.5 0 -9999.9 1
 1999 169  6 18 10 39 10.650  88.27    15.0 0 -9999.9 1 -9999.9 1    17.8 0   245.4 0   293.2 0   291.8 0   327.1 0   278.2 0   278.2 0     0.4 0     9.2 0 -9999.9 1   -81.7 0 -9999.9 1 -9999.9 1 -9999.9 1 -9999.9 1    30.7 0 -9999.9 1
 1999 169  6 18 10 42 10.700  87.82    19.4 0 -9999.9 1 -9999.9 1    22.0 0   246.4 0   293.4 0   292.0 0   329.4 0   278.3 0   278.3 0     0.5 0    11.5 0 -9999.9 1   -82.9 0 -9999.9 1 -9999.9 1 -9999.9 1 -9999.9 1    33.0 0 -9999.9 1
 1999 169  6 18 10 48 10.800  86.88    32.1 0 -9999.9 1 -9999.9 1    31.0 0   249.9 0   293.6 0   291.8 0   331.9 0   278.2 0   278.3 0     0.7 0    17.3 0 -9999.9 1   -81.9 0 -9999.9 1 -9999.9 1 -9999.9 1 -9999.9 1    38.0 0 -9999.9 1
 1999 169  6 18 10 51 10.850  86.40    44.3 0 -9999.9 1 -9999.9 1    35.2 0   248.5 0   293.8 0   292.2 0   333.7 0   278.3 0   278.3 0     0.8 0    21.1 0 -9999.9 1   -85.2 0 -9999.9 1 -9999.9 1 -9999.9 1 -9999.9 1    35.0 0 -9999.9 1
 1999 169  6 18 10 54 10.900  85.91    56.1 0 -9999.9 1 -9999.9 1    39.8 0   247.1 0   293.9 0   292.5 0   335.1 0   278.2 0   278.3 0     1.0 0    24.9 0 -9999.9 1   -88.1 0 -9999.9 1 -9999.9 1 -9999.9 1 -9999.9 1    30.1 0 -9999.9 1
 1999 169  6 18 10 57 10.950  85.42    66.4 0 -9999.9 1 -9999.9 1    44.1 0   246.1 0   294.0 0   292.6 0   336.5 0   278.2 0   278.2 0     1.1 0    28.9 0 -9999.9 1   -90.3 0 -9999.9 1 -9999.9 1 -9999.9 1 -9999.9 1    24.7 0 -9999.9 1
 1999 169  6 18 11  3 11.050  84.42    67.3 0 -9999.9 1 -9999.9 1    51.3 0   248.8 0   294.6 0   293.1 0   340.4 0   278.5 0   278.5 0     1.5 0    31.2 0 -9999.9 1   -91.6 0 -9999.9 1 -9999.9 1 -9999.9 1 -9999.9 1    26.9 0 -9999.9 1
 1999 169  6 18 11  6 11.100  83.92    74.1 0 -9999.9 1 -9999.9 1    55.3 0   251.1 0   294.9 0   293.3 0   342.5 0   278.7 0   278.7 0     1.8 0    34.3 0 -9999.9 1   -91.4 0 -9999.9 1 -9999.9 1 -9999.9 1 -9999.9 1    29.9 0 -9999.9 1
 1999 169  6 18 11  9 11.150  83.41    81.8 0 -9999.9 1 -9999.9 1    59.7 0   252.7 0   295.1 0   293.4 0   344.1 0   278.9 0   278.9 0     2.1 0    38.2 0 -9999.9 1   -91.4 0 -9999.9 1 -9999.9 1 -9999.9 1 -9999.9 1    29.9 0 -9999.9 1
 1999 169  6 18 11 12 11.200  82.90    89.4 0 -9999.9 1 -9999.9 1    65.3 0   250.9 0   295.1 0   293.3 0   344.3 0   278.8 0   278.8 0     2.4 0    41.9 0 -9999.9 1   -93.4 0 -9999.9 1 -9999.9 1 -9999.9 1 -9999.9 1    28.7 0 -9999.9 1
 1999 169  6 18 11 18 11.300  81.87   116.0 0 -9999.9 1 -9999.9 1    78.2 0   248.8 0   295.3 0   293.6 0   345.5 0   278.6 0   278.7 0     3.0 0    53.0 0 -9999.9 1   -96.7 0 -9999.9 1 -9999.9 1 -9999.9 1 -9999.9 1    37.9 0 -9999.9 1
 1999 169  6 18 11 21 11.350  81.35   137.0 0 -9999.9 1 -9999.9 1    85.9 0   251.5 0   295.6 0   294.0 0   348.8 0   278.9 0   279.1 0     3.3 0    61.2 0 -9999.9 1   -97.3 0 -9999.9 1 -9999.9 1 -9999.9 1 -9999.9 1    38.4 0 -9999.9 1
 1999 169  6 18 11 24 11.400  80.82   163.8 0 -9999.9 1 -9999.9 1    93.7 0   251.9 0   295.8 0   294.1 0   350.9 0   279.0 0   279.1 0     3.7 2    72.1 0 -9999.9 1   -98.9 0 -9999.9 1 -9999.9 1 -9999.9 1 -9999.9 1    39.2 0 -9999.9 1
 1999 169  6 18 11 27 11.450  80.30   168.0 0 -9999.9 1 -9999.9 1    99.6 0   249.8 0   296.0 0   294.5 0   352.3 0   279.1 0   279.2 0     4.0 2    74.7 0 -9999.9 1  -102.5 0 -9999.9 1 -9999.9 1 -9999.9 1 -9999.9 1    40.1 0 -9999.9 1
 1999 169  6 18 11 33 11.550  79.24   137.2 0 -9999.9 1 -9999.9 1   107.6 0   253.8 0   296.6 0   294.5 0   352.1 0   279.7 0   279.8 0     4.8 2    64.0 0 -9999.9 1   -98.3 0 -9999.9 1 -9999.9 1 -9999.9 1 -9999.9 1    42.0 0 -9999.9 1
 1999 169  6 18 11 36 11.600  78.71   143.7 0 -9999.9 1 -9999.9 1   111.2 0   255.1 0   296.8 0   294.9 0   353.3 0   280.1 0   280.2 0     5.2 0    66.6 0 -9999.9 1   -98.3 0 -9999.9 1 -9999.9 1 -9999.9 1 -9999.9 1    46.4 0 -9999.9 1
 1999 169  6 18 11 39 11.650  78.18   146.8 0 -9999.9 1 -9999.9 1   113.3 0   254.2 0   296.8 0   294.8 0   353.0 0   280.1 0   280.2 0     5.6 2    67.7 0 -9999.9 1   -98.8 0 -9999.9 1 -9999.9 1 -9999.9 1 -9999.9 1    48.7 0 -9999.9 1
 1999 169  6 18 11 42 11.700  77.65   141.9 0 -9999.9 1 -9999.9 1   113.6 0   254.3 0   296.8 0   294.8 0   352.8 0   280.1 0   280.2 0     5.9 2    65.8 0 -9999.9 1   -98.5 0 -9999.9 1 -9999.9 1 -9999.9 1 -9999.9 1    47.2 0 -9999.9 1
 1999 169  6 18 11 48 11.800  76.57   160.9 0 -9999.9 1 -9999.9 1   111.9 0   253.2 0   296.9 0   295.0 0   354.0 0   280.4 0   280.5 0     6.8 2    74.2 0 -9999.9 1  -100.8 0 -9999.9 1 -9999.9 1 -9999.9 1 -9999.9 1    47.3 0 -9999.9 1
 1999 169  6 18 11 51 11.850  76.03   160.3 0 -9999.9 1 -9999.9 1   111.7 0   252.4 0   297.0 0   295.0 0   354.6 0   280.6 0   280.7 0     7.1 2    74.3 0 -9999.9 1  -102.2 0 -9999.9 1 -9999.9 1 -9999.9 1 -9999.9 1    54.2 0 -9999.9 1
 1999 169  6 18 11 54 11.900  75.49   153.5 0 -9999.9 1 -9999.9 1   111.6 0   251.0 0   297.1 0   295.1 0   354.5 0   280.8 0   280.8 0     7.5 2    71.4 0 -9999.9 1  -103.5 0 -9999.9 1 -9999.9 1 -9999.9 1 -9999.9 1    62.2 0 -9999.9 1
 1999 169  6 18 11 57 11.950  74.95   167.5 0 -9999.9 1 -9999.9 1   113.3 0   250.2 0   297.1 0   295.3 0   355.6 0   280.9 0   281.0 0     8.0 2    77.6 0 -9999.9 1  -105.3 0 -9999.9 1 -9999.9 1 -9999.9 1 -9999.9 1    64.0 0 -9999.9 1
 1999 169  6 18 12  3 12.050  73.86   195.0 0 -9999.9 1 -9999.9 1   118.9 0   249.3 0   297.3 0   295.5 0   358.6 0   281.1 0   281.2 0     9.3 2    91.1 0 -9999.9 1  -109.3 0 -9999.9 1 -9999.9 1 -9999.9 1 -9999.9 1    68.4 0 -9999.9 1
 1999 169  6 18 12  6 12.100  73.31   228.8 0 -9999.9 1 -9999.9 1   125.0 0   248.0 0   297.3 0   295.8 0   361.2 0   281.2 0   281.4 0    10.3 2   105.3 0 -9999.9 1  -113.2 0 -9999.9 1 -9999.9 1 -9999.9 1 -9999.9 1    69.9 0 -9999.9 1
 1999 169  6 18 12  9 12.150  72.77   231.6 0 -9999.9 1 -9999.9 1   131.0 0   249.8 0   297.5 0   296.1 0   363.1 0   281.4 0   281.6 0    11.4 2   106.8 0 -9999.9 1  -113.3 0 -9999.9 1 -9999.9 1 -9999.9 1 -9999.9 1    73.1 0 -9999.9 1
 1999 169  6 18 12 12 12.200  72.22   243.1 0 -9999.9 1 -9999.9 1   137.8 0   250.3 0   297.8 0   296.3 0   365.2 0   281.7 0   281.9 0    12.3 2   111.5 0 -9999.9 1  -114.9 0 -9999.9 1 -9999.9 1 -9999.9 1 -9999.9 1    71.0 0 -9999.9 1
 1999 169  6 18 12 18 12.300  71.11   260.8 0 -9999.9 1 -9999.9 1   149.6 0   250.2 0   298.3 0   296.9 0   368.2 0   282.3 0   282.5 0    14.3 2   120.0 0 -9999.9 1  -118.0 0 -9999.9 1 -9999.9 1 -9999.9 1 -9999.9 1    81.7 0 -9999.9 1
 1999 169  6 18 12 21 12.350  70.56   248.9 0 -9999.9 1 -9999.9 1   155.4 0   251.1 0   298.4 0   296.6 0   366.6 0   282.4 0   282.6 0    15.0 2   114.7 0 -9999.9 1  -115.5 0 -9999.9 1 -9999.9 1 -9999.9 1 -9999.9 1    85.7 0 -9999.9 1
 1999 169  6 18 12 24 12.400  70.01   232.2 0 -9999.9 1 -9999.9 1   160.3 0   252.2 0   298.6 0   296.7 0   366.5 0   282.7 0   282.8 0    15.4 2   108.1 0 -9999.9 1  -114.4 0 -9999.9 1 -9999.9 1 -9999.9 1 -9999.9 1    86.3 0 -9999.9 1
 1999 169  6 18 12 27 12.450  69.45   268.6 0 -9999.9 1 -9999.9 1   166.0 0   254.5 0   298.8 0   297.0 0   367.9 0   283.0 0   283.2 0    16.4 0   124.0 0 -9999.9 1  -113.5 0 -9999.9 1 -9999.9 1 -9999.9 1 -9999.9 1    82.0 0 -9999.9 1
 1999 169  6 18 12 33 12.550  68.34   280.0 0 -9999.9 1 -9999.9 1   175.4 0   255.6 0   298.9 0   297.0 0   367.7 0   283.2 0   283.4 0    18.3 2   128.7 0 -9999.9 1  -112.1 0 -9999.9 1 -9999.9 1 -9999.9 1 -9999.9 1    86.7 0 -9999.9 1
 1999 169  6 18 12 36 12.600  67.78   269.7 0 -9999.9 1 -9999.9 1   180.6 0   256.5 0   299.0 0   297.1 0   367.8 0   283.5 0   283.6 0    19.3 2   124.4 0 -9999.9 1  -111.3 0 -9999.9 1 -9999.9 1 -9999.9 1 -9999.9 1    89.5 0 -9999.9 1
 1999 169  6 18 12 39 12.650  67.22   334.0 0 -9999.9 1 -9999.9 1   185.5 0   260.3 0   299.2 0   297.1 0   371.1 0   283.8 0   284.0 0    20.9 0   152.8 0 -9999.9 1  -110.7 0 -9999.9 1 -9999.9 1 -9999.9 1 -9999.9 1    92.0 0 -9999.9 1
 1999 169  6 18 12 42 12.700  66.66   368.2 0 -9999.9 1 -9999.9 1   190.6 0   262.4 0   299.3 0   297.2 0   372.8 0   284.1 0   284.3 0    22.3 0   168.6 0 -9999.9 1  -110.4 0 -9999.9 1 -9999.9 1 -9999.9 1 -9999.9 1    94.2 0 -9999.9 1
 1999 169  6 18 12 48 12.800  65.53   439.7 0 -9999.9 1 -9999.9 1   199.3 0   263.3 0   299.7 0   298.0 0   381.0 0   284.7 0   285.0 0    24.9 0   197.4 0 -9999.9 1  -117.8 0 -9999.9 1 -9999.9 1 -9999.9 1 -9999.9 1    97.3 0 -9999.9 1
 1999 169  6 18 12 51 12.850  64.97   405.5 0 -9999.9 1 -9999.9 1   199.9 0   263.7 0   300.0 0   298.3 0   380.6 0   285.0 0   285.2 0    25.3 0   183.1 0 -9999.9 1  -116.8 0 -9999.9 1 -9999.9 1 -9999.9 1 -9999.9 1    99.0 0 -9999.9 1
 1999 169  6 18 12 54 12.900  64.41   385.9 0 -9999.9 1 -9999.9 1   199.6 0   264.1 0   300.1 0   298.0 0   381.7 0   285.1 0   285.4 0    26.1 0   174.6 0 -9999.9 1  -117.6 0 -9999.9 1 -9999.9 1 -9999.9 1 -9999.9 1   100.7 0 -9999.9 1
 1999 169  6 18 12 57 12.950  63.84   377.3 0 -9999.9 1 -9999.9 1   201.3 0   264.7 0   300.1 0   298.1 0   379.4 0   285.3 0   285.4 0    27.5 0   172.0 0 -9999.9 1  -114.6 0 -9999.9 1 -9999.9 1 -9999.9 1 -9999.9 1    95.2 0 -9999.9 1
 1999 169  6 18 13  3 13.050  62.71   391.0 0 -9999.9 1 -9999.9 1   213.6 0   267.4 0   300.2 0   298.1 0   382.1 0   285.5 0   285.6 0    30.7 0   178.3 0 -9999.9 1  -114.6 0 -9999.9 1 -9999.9 1 -9999.9 1 -9999.9 1   103.8 0 -9999.9 1
 1999 169  6 18 13  6 13.100  62.14   433.9 0 -9999.9 1 -9999.9 1   221.5 0   268.5 0   300.3 0   298.3 0   385.2 0   285.6 0   285.8 0    33.1 0   197.4 0 -9999.9 1  -116.7 0 -9999.9 1 -9999.9 1 -9999.9 1 -9999.9 1    98.6 0 -9999.9 1
 1999 169  6 18 13  9 13.150  61.57   497.1 0 -9999.9 1 -9999.9 1   227.8 0   267.6 0   300.3 0   298.7 0   391.1 0   285.7 0   286.0 0    36.0 0   225.3 0 -9999.9 1  -123.5 0 -9999.9 1 -9999.9 1 -9999.9 1 -9999.9 1   107.4 0 -9999.9 1
 1999 169  6 18 13 12 13.200  61.01   550.7 0 -9999.9 1 -9999.9 1   226.8 0   267.4 0   300.5 0   299.0 0   394.8 0   285.9 0   286.2 0    38.9 0   247.1 0 -9999.9 1  -127.4 0 -9999.9 1 -9999.9 1 -9999.9 1 -9999.9 1   110.0 0 -9999.9 1
 1999 169  6 18 13 18 13.300  59.87   615.6 0 -9999.9 1 -9999.9 1   223.1 0   267.6 0   301.0 0   299.5 0   401.7 0   286.5 0   286.8 0    43.9 0   275.7 0 -9999.9 1  -134.1 0 -9999.9 1 -9999.9 1 -9999.9 1 -9999.9 1   117.7 0 -9999.9 1
 1999 169  6 18 13 21 13.350  59.30   641.3 0 -9999.9 1 -9999.9 1   222.8 0   270.2 0   301.3 0   299.5 0   401.0 0   286.7 0   287.0 0    46.2 0   287.6 0 -9999.9 1  -130.8 0 -9999.9 1 -9999.9 1 -9999.9 1 -9999.9 1   104.6 0 -9999.9 1
 1999 169  6 18 13 24 13.400  58.73   648.6 0 -9999.9 1 -9999.9 1   223.8 0   270.9 0   301.5 0   299.8 0   402.1 0   286.9 0   287.2 0    47.9 0   291.6 0 -9999.9 1  -131.2 0 -9999.9 1 -9999.9 1 -9999.9 1 -9999.9 1   102.8 0 -9999.9 1
 1999 169  6 18 13 27 13.450  58.16   654.2 0 -9999.9 1 -9999.9 1   226.1 0   271.6 0   301.8 0   300.4 0   405.9 0   287.1 0   287.4 0    49.9 0   292.8 0 -9999.9 1  -134.2 0 -9999.9 1 -9999.9 1 -9999.9 1 -9999.9 1   108.8 0 -9999.9 1
 1999 169  6 18 13 33 13.550  57.01   593.2 0 -9999.9 1 -9999.9 1   230.0 0   272.7 0   302.3 0   300.7 0   406.2 0   287.5 0   287.8 0    49.8 0   265.7 0 -9999.9 1  -133.5 0 -9999.9 1 -9999.9 1 -9999.9 1 -9999.9 1   107.1 0 -9999.9 1
 1999 169  6 18 13 36 13.600  56.44   518.4 0 -9999.9 1 -9999.9 1   225.4 0   274.6 0   302.5 0   300.5 0   401.1 0   287.6 0   287.8 0    47.6 0   233.6 0 -9999.9 1  -126.5 0 -9999.9 1 -9999.9 1 -9999.9 1 -9999.9 1    99.4 0 -9999.9 1
 1999 169  6 18 13 39 13.650  55.87   495.6 0 -9999.9 1 -9999.9 1   218.0 0   273.7 0   302.6 0   300.7 0   400.6 0   287.7 0   287.9 0    47.9 0   223.8 0 -9999.9 1  -126.9 0 -9999.9 1 -9999.9 1 -9999.9 1 -9999.9 1   101.0 0 -9999.9 1
 1999 169  6 18 13 42 13.700  55.29   493.8 0 -9999.9 1 -9999.9 1   208.0 0   272.2 0   302.6 0   300.7 0   401.6 0   287.7 0   287.9 0    49.7 0   223.6 0 -9999.9 1  -129.4 0 -9999.9 1 -9999.9 1 -9999.9 1 -9999.9 1   116.9 0 -9999.9 1
 1999 169  6 18 13 48 13.800  54.15   612.6 0 -9999.9 1 -9999.9 1   178.1 0   271.0 0   302.7 0   301.3 0   407.9 0   287.9 0   288.2 0    58.7 0   277.4 0 -9999.9 1  -137.0 0 -9999.9 1 -9999.9 1 -9999.9 1 -9999.9 1   100.9 0 -9999.9 1
 1999 169  6 18 13 51 13.850  53.58   653.9 0 -9999.9 1 -9999.9 1   158.7 0   266.4 0   302.9 0   301.6 0   411.1 0   288.0 0   288.3 0    62.2 0   295.9 0 -9999.9 1  -144.7 0 -9999.9 1 -9999.9 1 -9999.9 1 -9999.9 1   113.1 0 -9999.9 1
 1999 169  6 18 13 54 13.900  53.00   679.5 0 -9999.9 1 -9999.9 1   141.6 0   265.8 0   303.1 0   301.5 0   411.6 0   288.2 0   288.5 0    65.3 0   306.9 0 -9999.9 1  -145.8 0 -9999.9 1 -9999.9 1 -9999.9 1 -9999.9 1    98.4 0 -9999.9 1
 1999 169  6 18 13 57 13.950  52.43   684.7 0 -9999.9 1 -9999.9 1   127.2 0   264.3 0   303.4 0   302.0 0   415.5 0   288.4 0   288.7 0    67.2 0   309.3 0 -9999.9 1  -151.2 0 -9999.9 1 -9999.9 1 -9999.9 1 -9999.9 1   106.2 0 -9999.9 1
 1999 169  6 18 14  3 14.050  51.28   677.5 0 -9999.9 1 -9999.9 1   108.9 0   262.4 0   303.6 0   302.0 0   414.5 0   288.7 0   289.0 0    72.0 0   305.3 0 -9999.9 1  -152.1 0 -9999.9 1 -9999.9 1 -9999.9 1 -9999.9 1   121.8 0 -9999.9 1
 1999 169  6 18 14  6 14.100  50.71   703.3 0 -9999.9 1 -9999.9 1   105.9 0   261.9 0   303.7 0   302.1 0   415.2 0   288.8 0   289.0 0    76.2 0   316.2 0 -9999.9 1  -153.3 0 -9999.9 1 -9999.9 1 -9999.9 1 -9999.9 1   119.6 0 -9999.9 1
 1999 169  6 18 14  9 14.150  50.13   717.0 0 -9999.9 1 -9999.9 1   105.4 0   262.7 0   303.8 0   302.3 0   417.2 0   288.9 0   289.2 0    78.0 0   321.8 0 -9999.9 1  -154.5 0 -9999.9 1 -9999.9 1 -9999.9 1 -9999.9 1   103.8 0 -9999.9 1
 1999 169  6 18 14 12 14.200  49.56   720.6 0 -9999.9 1 -9999.9 1   104.9 0   260.8 0   304.0 0   302.5 0   420.3 0   289.1 0   289.4 0    81.4 0   324.5 0 -9999.9 1  -159.5 0 -9999.9 1 -9999.9 1 -9999.9 1 -9999.9 1   131.1 0 -9999.9 1
 1999 169  6 18 14 18 14.300  48.41   739.1 0 -9999.9 1 -9999.9 1    95.7 0   264.4 0   304.2 0   302.4 0   419.5 0   289.4 0   289.7 0    87.2 0   332.5 0 -9999.9 1  -155.1 0 -9999.9 1 -9999.9 1 -9999.9 1 -9999.9 1   117.0 0 -9999.9 1
 1999 169  6 18 14 21 14.350  47.84   746.2 0 -9999.9 1 -9999.9 1    91.4 0   262.1 0   304.3 0   302.7 0   421.3 0   289.5 0   289.8 0    88.9 0   335.1 0 -9999.9 1  -159.2 0 -9999.9 1 -9999.9 1 -9999.9 1 -9999.9 1   128.9 0 -9999.9 1
 1999 169  6 18 14 24 14.400  47.27   760.4 0 -9999.9 1 -9999.9 1    89.1 0   260.1 0   304.1 0   302.6 0   422.7 0   289.3 0   289.7 0    91.3 0   340.2 0 -9999.9 1  -162.6 0 -9999.9 1 -9999.9 1 -9999.9 1 -9999.9 1   118.8 0 -9999.9 1
 1999 169  6 18 14 27 14.450  46.70   773.5 0 -9999.9 1 -9999.9 1    92.1 0   259.6 0   304.2 0   302.5 0   420.7 0   289.4 0   289.7 0    93.9 0   345.2 0 -9999.9 1  -161.1 0 -9999.9 1 -9999.9 1 -9999.9 1 -9999.9 1   125.5 0 -9999.9 1
 1999 169  6 18 14 33 14.550  45.55   787.9 0 -9999.9 1 -9999.9 1   100.9 0   262.5 0   304.5 0   303.1 0   426.2 0   289.7 0   290.1 0    98.7 0   352.7 0 -9999.9 1  -163.7 0 -9999.9 1 -9999.9 1 -9999.9 1 -9999.9 1   117.9 0 -9999.9 1
 1999 169  6 18 14 36 14.600  44.98   813.1 0 -9999.9 1 -9999.9 1   109.7 0   262.2 0   304.6 0   303.3 0   428.3 0   289.9 0   290.2 0   102.2 0   363.3 0 -9999.9 1  -166.2 0 -9999.9 1 -9999.9 1 -9999.9 1 -9999.9 1   136.8 0 -9999.9 1
 1999 169  6 18 14 39 14.650  44.41   772.8 0 -9999.9 1 -9999.9 1   122.0 0   265.5 0   304.7 0   303.2 0   425.2 0   290.0 0   290.3 0   101.5 0   344.2 0 -9999.9 1  -159.7 0 -9999.9 1 -9999.9 1 -9999.9 1 -9999.9 1   108.4 0 -9999.9 1
 1999 169  6 18 14 42 14.700  43.84   813.2 0 -9999.9 1 -9999.9 1   141.8 0   266.4 0   304.8 0   303.1 0   424.9 0   290.0 0   290.3 0   105.0 0   361.7 0 -9999.9 1  -158.5 0 -9999.9 1 -9999.9 1 -9999.9 1 -9999.9 1   123.1 0 -9999.9 1
 1999 169  6 18 14 48 14.800  42.71   774.8 0 -9999.9 1 -9999.9 1   160.5 0   269.7 0   304.8 0   302.9 0   424.6 0   290.1 0   290.4 0   105.5 0   345.0 0 -9999.9 1  -154.9 0 -9999.9 1 -9999.9 1 -9999.9 1 -9999.9 1   126.3 0 -9999.9 1
 1999 169  6 18 14 51 14.850  42.14   721.9 0 -9999.9 1 -9999.9 1   168.1 0   268.8 0   304.7 0   303.1 0   425.6 0   290.2 0   290.4 0   102.3 0   320.2 0 -9999.9 1  -156.9 0 -9999.9 1 -9999.9 1 -9999.9 1 -9999.9 1   119.5 0 -9999.9 1
 1999 169  6 18 14 54 14.900  41.57   472.2 0 -9999.9 1 -9999.9 1   162.7 0   268.3 0   304.8 0   302.6 0   410.8 0   290.3 0   290.4 0    82.0 0   214.2 0 -9999.9 1  -142.5 0 -9999.9 1 -9999.9 1 -9999.9 1 -9999.9 1   131.8 0 -9999.9 1
 1999 169  6 18 14 57 14.950  41.01   603.2 0 -9999.9 1 -9999.9 1   151.9 0   268.3 0   304.7 0   302.7 0   415.2 0   290.2 0   290.4 0    93.0 0   269.3 0 -9999.9 1  -146.8 0 -9999.9 1 -9999.9 1 -9999.9 1 -9999.9 1   141.9 0 -9999.9 1
 1999 169  6 18 15  3 15.050  39.88   891.5 0 -9999.9 1 -9999.9 1   109.6 0   268.0 0   304.5 0   303.0 0   431.4 0   290.2 0   290.5 0   124.1 0   397.6 0 -9999.9 1  -163.4 0 -9999.9 1 -9999.9 1 -9999.9 1 -9999.9 1   141.4 0 -9999.9 1
 1999 169  6 18 15  6 15.100  39.32   893.8 0 -9999.9 1 -9999.9 1   105.4 0   269.7 0   304.7 0   303.4 0   433.1 0   290.4 0   290.7 0   129.2 0   398.7 0 -9999.9 1  -163.4 0 -9999.9 1 -9999.9 1 -9999.9 1 -9999.9 1   136.4 0 -9999.9 1
 1999 169  6 18 15  9 15.150  38.76   906.8 0 -9999.9 1 -9999.9 1   111.6 0   270.7 0   304.8 0   303.6 0   436.0 0   290.6 0   291.0 0   130.9 0   404.2 0 -9999.9 1  -165.3 0 -9999.9 1 -9999.9 1 -9999.9 1 -9999.9 1   147.6 0 -9999.9 1
 1999 169  6 18 15 12 15.200  38.20   856.6 0 -9999.9 1 -9999.9 1   116.9 0   272.1 0   305.0 0   303.5 0   433.2 0   290.8 0   291.1 0   130.9 0   382.4 0 -9999.9 1  -161.1 0 -9999.9 1 -9999.9 1 -9999.9 1 -9999.9 1   134.6 0 -9999.9 1
 1999 169  6 18 15 18 15.300  37.08   917.4 0 -9999.9 1 -9999.9 1   110.3 0   272.3 0   305.1 0   303.6 0   436.1 0   291.0 0   291.3 0   139.7 0   408.5 0 -9999.9 1  -163.8 0 -9999.9 1 -9999.9 1 -9999.9 1 -9999.9 1   134.5 0 -9999.9 1
 1999 169  6 18 15 21 15.350  36.53   937.5 0 -9999.9 1 -9999.9 1   109.4 0   270.7 0   305.1 0   303.8 0   439.6 0   291.0 0   291.4 0   145.3 0   417.1 0 -9999.9 1  -168.9 0 -9999.9 1 -9999.9 1 -9999.9 1 -9999.9 1   140.4 0 -9999.9 1
 1999 169  6 18 15 24 15.400  35.98   951.9 0 -9999.9 1 -9999.9 1   116.5 0   272.8 0   305.3 0   304.1 0   442.9 0   291.2 0   291.6 0   148.0 0   423.0 0 -9999.9 1  -170.1 0 -9999.9 1 -9999.9 1 -9999.9 1 -9999.9 1   121.4 0 -9999.9 1
 1999 169  6 18 15 27 15.450  35.43   942.2 0 -9999.9 1 -9999.9 1   128.0 0   274.8 0   305.5 0   304.0 0   442.8 0   291.4 0   291.8 0   149.1 0   418.5 0 -9999.9 1  -167.9 0 -9999.9 1 -9999.9 1 -9999.9 1 -9999.9 1   127.7 0 -9999.9 1
 1999 169  6 18 15 33 15.550  34.33   998.5 0 -9999.9 1 -9999.9 1   149.0 0   276.2 0   305.8 0   304.4 0   444.3 0   291.7 0   292.1 0   158.6 0   443.2 0 -9999.9 1  -168.1 0 -9999.9 1 -9999.9 1 -9999.9 1 -9999.9 1   141.8 0 -9999.9 1
 1999 169  6 18 15 36 15.600  33.79   984.2 0 -9999.9 1 -9999.9 1   171.8 0   277.6 0   305.9 0   304.7 0   445.9 0   291.8 0   292.1 0   158.2 0   436.1 0 -9999.9 1  -168.3 0 -9999.9 1 -9999.9 1 -9999.9 1 -9999.9 1   141.8 0 -9999.9 1
 1999 169  6 18 15 39 15.650  33.24   823.5 0 -9999.9 1 -9999.9 1   184.5 0   276.3 0   306.0 0   304.7 0   438.7 0   291.9 0   292.2 0   143.3 0   367.2 0 -9999.9 1  -162.4 0 -9999.9 1 -9999.9 1 -9999.9 1 -9999.9 1   108.6 0 -9999.9 1
 1999 169  6 18 15 42 15.700  32.71  1018.0 0 -9999.9 1 -9999.9 1   189.4 0   279.8 0   306.2 0   305.2 0   446.6 0   292.0 0   292.3 0   165.3 0   451.5 0 -9999.9 1  -166.8 0 -9999.9 1 -9999.9 1 -9999.9 1 -9999.9 1   108.5 0 -9999.9 1
 1999 169  6 18 15 48 15.800  31.64   867.4 0 -9999.9 1 -9999.9 1   233.4 0   279.5 0   306.5 0   305.2 0   445.0 0   292.3 0   292.5 0   148.4 0   383.3 0 -9999.9 1  -165.5 0 -9999.9 1 -9999.9 1 -9999.9 1 -9999.9 1   133.3 0 -9999.9 1
 1999 169  6 18 15 51 15.850  31.10   857.4 0 -9999.9 1 -9999.9 1   249.4 0   282.2 0   306.6 0   305.1 0   440.7 0   292.3 0   292.5 0   148.7 0   380.9 0 -9999.9 1  -158.5 0 -9999.9 1 -9999.9 1 -9999.9 1 -9999.9 1   114.5 0 -9999.9 1
 1999 169  6 18 15 54 15.900  30.58   873.1 0 -9999.9 1 -9999.9 1   249.9 0   282.2 0   306.6 0   305.1 0   441.8 0   292.3 0   292.5 0   151.4 0   387.5 0 -9999.9 1  -159.7 0 -9999.9 1 -9999.9 1 -9999.9 1 -9999.9 1   140.6 0 -9999.9 1
 1999 169  6 18 15 57 15.950  30.05   939.9 0 -9999.9 1 -9999.9 1   249.6 0   282.6 0   306.6 0   305.2 0   444.7 0   292.3 0   292.6 0   161.8 0   416.3 0 -9999.9 1  -162.2 0 -9999.9 1 -9999.9 1 -9999.9 1 -9999.9 1   123.4 0 -9999.9 1
 1999 169  6 18 16  3 16.050  29.02   791.5 0 -9999.9 1 -9999.9 1   260.4 0   282.6 0   306.7 0   305.1 0   436.3 0   292.4 0   292.6 0   146.1 0   351.8 0 -9999.9 1  -153.6 0 -9999.9 1 -9999.9 1 -9999.9 1 -9999.9 1   107.8 0 -9999.9 1
 1999 169  6 18 16  6 16.100  28.51   889.1 0 -9999.9 1 -9999.9 1   238.4 0   282.8 0   306.7 0   305.3 0   443.5 0   292.4 0   292.7 0   163.0 0   393.9 0 -9999.9 1  -160.6 0 -9999.9 1 -9999.9 1 -9999.9 1 -9999.9 1   135.0 0 -9999.9 1
 1999 169  6 18 16  9 16.150  28.00   985.7 0 -9999.9 1 -9999.9 1   211.4 0   281.8 0   306.9 0   306.0 0   450.4 0   292.5 0   292.9 0   178.2 0   435.6 0 -9999.9 1  -168.7 0 -9999.9 1 -9999.9 1 -9999.9 1 -9999.9 1   142.8 0 -9999.9 1
 1999 169  6 18 16 12 16.200  27.50  1028.9 0 -9999.9 1 -9999.9 1   192.5 0   281.4 0   307.1 0   305.9 0   449.9 0   292.7 0   293.0 0   181.6 0   454.6 0 -9999.9 1  -168.5 0 -9999.9 1 -9999.9 1 -9999.9 1 -9999.9 1   132.3 0 -9999.9 1
 1999 169  6 18 16 18 16.300  26.51  1075.4 0 -9999.9 1 -9999.9 1   163.0 0   279.5 0   307.4 0   306.7 0   455.6 0   292.9 0   293.2 0   199.2 0   473.5 0 -9999.9 1  -176.2 0 -9999.9 1 -9999.9 1 -9999.9 1 -9999.9 1   164.3 0 -9999.9 1
 1999 169  6 18 16 21 16.350  26.02  1077.8 0 -9999.9 1 -9999.9 1   162.5 0   283.9 0   307.4 0   306.0 0   451.4 0   292.9 0   293.2 0   201.2 0   473.1 0 -9999.9 1  -167.6 0 -9999.9 1 -9999.9 1 -9999.9 1 -9999.9 1   122.8 0 -9999.9 1
 1999 169  6 18 16 24 16.400  25.54  1022.6 0 -9999.9 1 -9999.9 1   175.5 0   279.6 0   307.3 0   306.3 0   454.5 0   292.6 0   293.0 0   195.8 0   448.9 0 -9999.9 1  -174.9 0 -9999.9 1 -9999.9 1 -9999.9 1 -9999.9 1   111.3 0 -9999.9 1
 1999 169  6 18 16 27 16.450  25.07  1013.5 0 -9999.9 1 -9999.9 1   188.2 0   277.8 0   307.3 0   306.2 0   451.8 0   292.6 0   292.9 0   195.7 0   443.6 0 -9999.9 1  -174.1 0 -9999.9 1 -9999.9 1 -9999.9 1 -9999.9 1   122.1 0 -9999.9 1
 1999 169  6 18 16 33 16.550  24.14  1081.1 0 -9999.9 1 -9999.9 1   175.5 0   275.9 0   307.6 0   307.0 0   461.1 0   292.8 0   293.2 0   209.9 0   472.5 0 -9999.9 1  -185.2 0 -9999.9 1 -9999.9 1 -9999.9 1 -9999.9 1   149.3 0 -9999.9 1
 1999 169  6 18 16 36 16.600  23.69  1081.5 0 -9999.9 1 -9999.9 1   176.3 0   277.0 0   307.7 0   306.8 0   456.6 0   292.9 0   293.3 0   213.3 2   473.0 0 -9999.9 1  -179.6 0 -9999.9 1 -9999.9 1 -9999.9 1 -9999.9 1   125.6 0 -9999.9 1
 1999 169  6 18 16 39 16.650  23.24  1113.4 0 -9999.9 1 -9999.9 1   176.3 0   283.8 0   308.0 0   306.4 0   452.8 0   293.1 0   293.4 0   217.3 0   487.6 0 -9999.9 1  -169.0 0 -9999.9 1 -9999.9 1 -9999.9 1 -9999.9 1   132.0 0 -9999.9 1
 1999 169  6 18 16 42 16.700  22.81  1130.7 0 -9999.9 1 -9999.9 1   188.6 0   286.6 0   308.0 0   306.7 0   456.5 0   293.1 0   293.5 0   218.5 0   494.8 0 -9999.9 1  -169.9 0 -9999.9 1 -9999.9 1 -9999.9 1 -9999.9 1   117.7 0 -9999.9 1
 1999 169  6 18 16 48 16.800  21.96  1057.7 0 -9999.9 1 -9999.9 1   218.7 0   283.4 0   308.2 0   307.2 0   458.4 0   293.2 0   293.6 0   207.9 0   463.1 0 -9999.9 1  -175.0 0 -9999.9 1 -9999.9 1 -9999.9 1 -9999.9 1   122.7 0 -9999.9 1
 1999 169  6 18 16 51 16.850  21.56  1071.7 0 -9999.9 1 -9999.9 1   211.5 0   285.7 0   308.5 0   307.5 0   459.1 0   293.4 0   293.8 0   211.1 0   469.2 0 -9999.9 1  -173.3 0 -9999.9 1 -9999.9 1 -9999.9 1 -9999.9 1   124.9 0 -9999.9 1
 1999 169  6 18 16 54 16.900  21.16  1155.9 0 -9999.9 1 -9999.9 1   210.2 0   293.4 0   308.6 0   307.0 0   456.9 0   293.5 0   293.9 0   222.7 0   504.9 0 -9999.9 1  -163.5 0 -9999.9 1 -9999.9 1 -9999.9 1 -9999.9 1   123.9 0 -9999.9 1
 1999 169  6 18 16 57 16.950  20.78  1084.6 0 -9999.9 1 -9999.9 1   227.9 0   289.8 0   308.6 0   307.5 0   462.1 0   293.6 0   294.0 0   212.5 0   474.2 0 -9999.9 1  -172.2 0 -9999.9 1 -9999.9 1 -9999.9 1 -9999.9 1   134.2 0 -9999.9 1
 1999 169  6 18 17  3 17.050  20.05  1074.8 0 -9999.9 1 -9999.9 1   229.0 0   290.1 0   308.8 0   307.8 0   462.1 0   293.8 0   294.1 0   210.9 0   472.3 0 -9999.9 1  -172.1 0 -9999.9 1 -9999.9 1 -9999.9 1 -9999.9 1   125.7 0 -9999.9 1
 1999 169  6 18 17  6 17.100  19.70  1120.4 0 -9999.9 1 -9999.9 1   231.7 0   286.9 0   309.0 0   308.9 0   466.5 0   293.9 0   294.4 0   218.7 0   491.7 0 -9999.9 1  -179.6 0 -9999.9 1 -9999.9 1 -9999.9 1 -9999.9 1   136.9 0 -9999.9 1
 1999 169  6 18 17  9 17.150  19.37  1033.8 0 -9999.9 1 -9999.9 1   241.8 0   288.3 0   309.2 0   307.9 0   458.9 0   294.1 0   294.4 0   207.7 0   453.8 0 -9999.9 1  -170.6 0 -9999.9 1 -9999.9 1 -9999.9 1 -9999.9 1   149.0 0 -9999.9 1
 1999 169  6 18 17 12 17.200  19.05  1136.3 0 -9999.9 1 -9999.9 1   229.6 0   291.1 0   309.2 0   307.9 0   459.1 0   294.1 0   294.4 0   221.8 0   482.3 0 -9999.9 1  -168.1 0 -9999.9 1 -9999.9 1 -9999.9 1 -9999.9 1   150.1 0 -9999.9 1
 1999 169  6 18 17 18 17.300  18.47  1099.8 0 -9999.9 1 -9999.9 1   208.1 0   286.7 0   309.4 0   308.4 0   466.6 0   294.2 0   294.5 0   219.9 0   481.8 0 -9999.9 1  -179.9 0 -9999.9 1 -9999.9 1 -9999.9 1 -9999.9 1   150.4 0 -9999.9 1
 1999 169  6 18 17 21 17.350  18.21  1024.5 0 -9999.9 1 -9999.9 1   201.4 0   285.2 0   309.5 0   308.4 0   460.6 0   294.3 0   294.6 0   210.0 0   450.4 0 -9999.9 1  -175.5 0 -9999.9 1 -9999.9 1 -9999.9 1 -9999.9 1   162.3 0 -9999.9 1
 1999 169  6 18 17 24 17.400  17.96  1048.7 0 -9999.9 1 -9999.9 1   182.1 0   284.9 0   309.6 0   308.6 0   463.5 0   294.3 0   294.7 0   215.0 0   461.1 0 -9999.9 1  -178.6 0 -9999.9 1 -9999.9 1 -9999.9 1 -9999.9 1   163.3 0 -9999.9 1
 1999 169  6 18 17 27 17.450  17.73  1034.4 0 -9999.9 1 -9999.9 1   154.1 0   283.5 0   309.6 0   308.5 0   460.6 0   294.3 0   294.6 0   214.9 0   455.0 0 -9999.9 1  -177.1 0 -9999.9 1 -9999.9 1 -9999.9 1 -9999.9 1   141.5 0 -9999.9 1
 1999 169  6 18 17 33 17.550  17.33  1115.9 0 -9999.9 1 -9999.9 1   109.9 0   283.4 0   309.7 0   308.4 0   464.4 0   294.4 0   294.7 0   231.0 0   489.8 0 -9999.9 1  -181.1 0 -9999.9 1 -9999.9 1 -9999.9 1 -9999.9 1   135.8 0 -9999.9 1
 1999 169  6 18 17 36 17.600  17.17  1115.2 0 -9999.9 1 -9999.9 1   103.6 0   283.3 0   309.7 0   308.7 0   469.4 0   294.5 0   294.9 0   231.8 0   489.6 0 -9999.9 1  -186.1 0 -9999.9 1 -9999.9 1 -9999.9 1 -9999.9 1   110.3 0 -9999.9 1
 1999 169  6 18 17 39 17.650  17.02  1107.2 0 -9999.9 1 -9999.9 1   102.9 0   284.8 0   309.8 0   308.5 0   465.9 0   294.6 0   294.9 0   228.4 0   486.3 0 -9999.9 1  -181.1 0 -9999.9 1 -9999.9 1 -9999.9 1 -9999.9 1   101.8 0 -9999.9 1
 1999 169  6 18 17 42 17.700  16.90  1110.5 0 -9999.9 1 -9999.9 1   103.0 0   285.7 0   309.8 0   308.3 0   464.5 0   294.6 0   294.9 0   228.2 0   488.0 0 -9999.9 1  -178.8 0 -9999.9 1 -9999.9 1 -9999.9 1 -9999.9 1   119.3 0 -9999.9 1
 1999 169  6 18 17 48 17.800  16.73  1108.4 0 -9999.9 1 -9999.9 1   103.6 0   281.6 0   309.7 0   308.7 0   468.6 0   294.5 0   294.8 0   227.4 0   487.4 0 -9999.9 1  -186.9 0 -9999.9 1 -9999.9 1 -9999.9 1 -9999.9 1    94.9 0 -9999.9 1
 1999 169  6 18 17 51 17.850  16.67  1111.8 0 -9999.9 1 -9999.9 1   100.7 0   279.8 0   309.8 0   309.0 0   469.6 0   294.5 0   294.9 0   226.7 0   463.6 0 -9999.9 1  -189.8 0 -9999.9 1 -9999.9 1 -9999.9 1 -9999.9 1   117.8 0 -9999.9 1
 1999 169  6 18 17 54 17.900  16.64  1119.6 0 -9999.9 1 -9999.9 1    95.6 0   281.1 0   309.9 0   308.9 0   469.4 0   294.7 0   295.0 0   230.0 0   420.2 0 -9999.9 1  -188.4 0 -9999.9 1 -9999.9 1 -9999.9 1 -9999.9 1   123.9 0 -9999.9 1
 1999 169  6 18 17 57 17.950  16.64  1115.7 0 -9999.9 1 -9999.9 1    93.9 0   283.9 0   309.9 0   308.4 0   462.5 0   294.7 0   295.0 0   229.5 0   489.2 0 -9999.9 1  -178.5 0 -9999.9 1 -9999.9 1 -9999.9 1 -9999.9 1   125.1 0 -9999.9 1
 1999 169  6 18 18  3 18.050  16.70  1102.5 0 -9999.9 1 -9999.9 1    91.0 0   283.3 0   310.0 0   309.4 0   472.0 0   294.9 0   295.3 0   228.2 0   484.4 0 -9999.9 1  -188.7 0 -9999.9 1 -9999.9 1 -9999.9 1 -9999.9 1   107.9 0 -9999.9 1
 1999 169  6 18 18  6 18.100  16.77  1102.0 0 -9999.9 1 -9999.9 1    87.3 0   281.3 0   310.3 0   310.5 0   473.4 0   295.1 0   295.6 0   227.5 0   477.7 0 -9999.9 1  -192.1 0 -9999.9 1 -9999.9 1 -9999.9 1 -9999.9 1   155.7 0 -9999.9 1
 1999 169  6 18 18  9 18.150  16.86  1098.6 0 -9999.9 1 -9999.9 1    85.8 0   281.1 0   310.5 0   310.1 0   472.5 0   295.4 0   295.7 0   226.1 0   481.6 0 -9999.9 1  -191.4 0 -9999.9 1 -9999.9 1 -9999.9 1 -9999.9 1   156.1 0 -9999.9 1
 1999 169  6 18 18 12 18.200  16.98  1096.6 0 -9999.9 1 -9999.9 1    87.0 0   286.2 0   310.6 0   309.3 0   467.0 0   295.5 0   295.7 0   225.4 0   481.6 0 -9999.9 1  -180.8 0 -9999.9 1 -9999.9 1 -9999.9 1 -9999.9 1   136.0 0 -9999.9 1
 1999 169  6 18 18 18 18.300  17.27  1104.0 0 -9999.9 1 -9999.9 1    89.1 0   280.4 0   310.4 0   309.4 0   468.8 0   295.1 0   295.4 0   224.7 0   484.7 0 -9999.9 1  -188.4 0 -9999.9 1 -9999.9 1 -9999.9 1 -9999.9 1   135.2 0 -9999.9 1
 1999 169  6 18 18 21 18.350  17.45  1097.6 0 -9999.9 1 -9999.9 1    91.5 0   279.4 0   310.5 0   309.5 0   465.9 0   295.2 0   295.5 0   226.6 0   482.2 0 -9999.9 1  -186.5 0 -9999.9 1 -9999.9 1 -9999.9 1 -9999.9 1   162.9 0 -9999.9 1
 1999 169  6 18 18 24 18.400  17.65  1085.8 0 -9999.9 1 -9999.9 1    94.9 0   279.7 0   310.6 0   309.7 0   469.1 0   295.2 0   295.5 0   221.7 0   477.3 0 -9999.9 1  -189.4 0 -9999.9 1 -9999.9 1 -9999.9 1 -9999.9 1   150.4 0 -9999.9 1
 1999 169  6 18 18 27 18.450  17.87  1086.9 0 -9999.9 1 -9999.9 1    95.6 0   282.3 0   310.8 0   309.8 0   469.0 0   295.4 0   295.7 0   219.6 0   473.4 0 -9999.9 1  -186.7 0 -9999.9 1 -9999.9 1 -9999.9 1 -9999.9 1   161.6 0 -9999.9 1
 1999 169  6 18 18 33 18.550  18.37  1086.3 0 -9999.9 1 -9999.9 1    94.3 0   285.8 0   310.9 0   309.7 0   465.4 0   295.4 0   295.7 0   219.5 0   477.3 0 -9999.9 1  -179.6 0 -9999.9 1 -9999.9 1 -9999.9 1 -9999.9 1   161.9 0 -9999.9 1
 1999 169  6 18 18 36 18.600  18.65  1076.9 0 -9999.9 1 -9999.9 1    97.3 0   285.7 0   310.9 0   309.7 0   467.7 0   295.4 0   295.7 0   216.2 0   473.4 0 -9999.9 1  -182.0 0 -9999.9 1 -9999.9 1 -9999.9 1 -9999.9 1   153.1 0 -9999.9 1
 1999 169  6 18 18 39 18.650  18.94  1079.6 0 -9999.9 1 -9999.9 1    98.7 0   279.6 0   310.7 0   310.2 0   471.1 0   295.1 0   295.4 0   218.0 0   465.4 0 -9999.9 1  -191.5 0 -9999.9 1 -9999.9 1 -9999.9 1 -9999.9 1   172.9 0 -9999.9 1
 1999 169  6 18 18 42 18.700  19.25  1076.4 0 -9999.9 1 -9999.9 1    99.1 0   281.5 0   310.9 0   310.1 0   470.7 0   295.3 0   295.6 0   217.8 0   473.7 0 -9999.9 1  -189.3 0 -9999.9 1 -9999.9 1 -9999.9 1 -9999.9 1   149.0 0 -9999.9 1
 1999 169  6 18 18 48 18.800  19.92  1073.2 0 -9999.9 1 -9999.9 1   100.0 0   290.1 0   310.9 0   309.4 0   466.4 0   295.2 0   295.5 0   218.0 0   472.1 0 -9999.9 1  -176.3 0 -9999.9 1 -9999.9 1 -9999.9 1 -9999.9 1    60.4 0 -9999.9 1
 1999 169  6 18 18 51 18.850  20.27  1070.1 0 -9999.9 1 -9999.9 1    98.2 0   283.4 0   310.9 0   310.1 0   471.8 0   295.2 0   295.5 0   214.3 0   472.1 0 -9999.9 1  -188.4 0 -9999.9 1 -9999.9 1 -9999.9 1 -9999.9 1    88.5 0 -9999.9 1
 1999 169  6 18 18 54 18.900  20.64  1070.9 0 -9999.9 1 -9999.9 1    97.1 0   282.4 0   311.0 0   310.3 0   471.4 0   295.2 0   295.5 0   211.6 0   371.0 0 -9999.9 1  -189.0 0 -9999.9 1 -9999.9 1 -9999.9 1 -9999.9 1    69.4 0 -9999.9 1
 1999 169  6 18 18 57 18.950  21.02  1076.7 0 -9999.9 1 -9999.9 1    99.9 0   284.6 0   310.8 0   309.0 0   461.2 0   295.0 0   295.2 0   208.7 2   242.1 0 -9999.9 1  -176.6 0 -9999.9 1 -9999.9 1 -9999.9 1 -9999.9 1    94.4 0 -9999.9 1
 1999 169  6 18 19  3 19.050  21.81  1052.9 0 -9999.9 1 -9999.9 1    99.8 0   280.9 0   310.5 0   309.4 0   466.3 0   294.7 0   295.1 0   204.8 0   430.6 0 -9999.9 1  -185.4 0 -9999.9 1 -9999.9 1 -9999.9 1 -9999.9 1   113.4 0 -9999.9 1
 1999 169  6 18 19  6 19.100  22.23  1060.5 0 -9999.9 1 -9999.9 1    94.8 0   273.6 0   310.6 0   310.3 0   470.4 0   294.8 0   295.2 0   203.1 0   463.7 0 -9999.9 1  -196.8 0 -9999.9 1 -9999.9 1 -9999.9 1 -9999.9 1   199.2 0 -9999.9 1
 1999 169  6 18 19  9 19.150  22.65  1063.3 0 -9999.9 1 -9999.9 1    93.1 0   277.4 0   310.8 0   310.3 0   469.6 0   295.0 0   295.3 0   203.2 0   464.0 0 -9999.9 1  -192.2 0 -9999.9 1 -9999.9 1 -9999.9 1 -9999.9 1   173.2 0 -9999.9 1
 1999 169  6 18 19 12 19.200  23.08  1068.5 0 -9999.9 1 -9999.9 1    94.4 0   282.0 0   310.8 0   309.6 0   464.6 0   295.1 0   295.3 0   204.1 2   466.2 0 -9999.9 1  -182.6 0 -9999.9 1 -9999.9 1 -9999.9 1 -9999.9 1    89.2 0 -9999.9 1
 1999 169  6 18 19 18 19.300  23.97  1051.8 0 -9999.9 1 -9999.9 1    98.3 0   283.4 0   310.8 0   309.5 0   465.8 0   295.0 0   295.3 0   198.4 0   460.8 0 -9999.9 1  -182.4 0 -9999.9 1 -9999.9 1 -9999.9 1 -9999.9 1    97.1 0 -9999.9 1
 1999 169  6 18 19 21 19.350  24.43  1049.5 0 -9999.9 1 -9999.9 1   100.5 0   284.4 0   310.8 0   309.6 0   462.8 0   295.1 0   295.4 0   198.9 0   459.5 0 -9999.9 1  -178.4 0 -9999.9 1 -9999.9 1 -9999.9 1 -9999.9 1    98.7 0 -9999.9 1
 1999 169  6 18 19 24 19.400  24.90  1045.3 0 -9999.9 1 -9999.9 1   107.9 0   286.2 0   310.8 0   309.3 0   463.5 0   295.1 0   295.4 0   196.5 0   458.0 0 -9999.9 1  -177.3 0 -9999.9 1 -9999.9 1 -9999.9 1 -9999.9 1   104.1 0 -9999.9 1
 1999 169  6 18 19 27 19.450  25.37  1036.7 0 -9999.9 1 -9999.9 1   117.4 0   285.8 0   310.8 0   309.3 0   464.1 0   295.1 0   295.4 0   195.0 0   453.3 0 -9999.9 1  -178.4 0 -9999.9 1 -9999.9 1 -9999.9 1 -9999.9 1   118.6 0 -9999.9 1
 1999 169  6 18 19 33 19.550  26.33   961.1 0 -9999.9 1 -9999.9 1   139.4 0   285.5 0   311.0 0   310.3 0   467.1 0   295.4 0   295.7 0   179.9 0   421.6 0 -9999.9 1  -181.5 0 -9999.9 1 -9999.9 1 -9999.9 1 -9999.9 1    97.4 0 -9999.9 1
 1999 169  6 18 19 36 19.600  26.82   977.2 0 -9999.9 1 -9999.9 1   146.4 0   293.7 0   311.0 0   309.2 0   460.6 0   295.4 0   295.6 0   180.3 0   428.6 0 -9999.9 1  -166.9 0 -9999.9 1 -9999.9 1 -9999.9 1 -9999.9 1    84.1 0 -9999.9 1
 1999 169  6 18 19 39 19.650  27.32   956.2 0 -9999.9 1 -9999.9 1   147.2 0   293.9 0   310.9 0   309.1 0   459.1 0   295.4 0   295.6 0   176.4 0   420.1 0 -9999.9 1  -165.2 0 -9999.9 1 -9999.9 1 -9999.9 1 -9999.9 1   104.0 0 -9999.9 1
 1999 169  6 18 19 42 19.700  27.82   968.4 0 -9999.9 1 -9999.9 1   149.1 0   289.8 0   310.8 0   309.4 0   461.9 0   295.2 0   295.5 0   175.2 0   425.3 0 -9999.9 1  -172.0 0 -9999.9 1 -9999.9 1 -9999.9 1 -9999.9 1    88.9 0 -9999.9 1
 1999 169  6 18 19 48 19.800  28.83   979.2 0 -9999.9 1 -9999.9 1   150.9 0   290.7 0   310.8 0   309.3 0   464.0 0   295.4 0   295.7 0   172.4 0   430.1 0 -9999.9 1  -173.3 0 -9999.9 1 -9999.9 1 -9999.9 1 -9999.9 1   105.5 0 -9999.9 1
 1999 169  6 18 19 51 19.850  29.35   976.0 0 -9999.9 1 -9999.9 1   149.5 0   294.5 0   310.8 0   308.7 0   460.2 0   295.4 0   295.7 0   173.0 0   428.9 0 -9999.9 1  -165.7 0 -9999.9 1 -9999.9 1 -9999.9 1 -9999.9 1    91.8 0 -9999.9 1
 1999 169  6 18 19 54 19.900  29.86   982.4 0 -9999.9 1 -9999.9 1   143.2 0   290.6 0   310.7 0   309.7 0   469.4 0   295.5 0   295.8 0   172.2 0   431.7 0 -9999.9 1  -178.8 0 -9999.9 1 -9999.9 1 -9999.9 1 -9999.9 1    83.0 0 -9999.9 1
 1999 169  6 18 19 57 19.950  30.39   985.2 0 -9999.9 1 -9999.9 1   140.5 0   282.8 0   310.6 0   310.4 0   472.4 0   295.4 0   295.8 0   170.2 0   432.5 0 -9999.9 1  -189.6 0 -9999.9 1 -9999.9 1 -9999.9 1 -9999.9 1    73.3 0 -9999.9 1
 1999 169  6 18 20  3 20.050  31.44   876.6 0 -9999.9 1 -9999.9 1   153.4 0   281.2 0   310.7 0   309.5 0   461.7 0   295.5 0   295.8 0   153.4 0   386.2 0 -9999.9 1  -180.5 0 -9999.9 1 -9999.9 1 -9999.9 1 -9999.9 1   125.5 0 -9999.9 1
 1999 169  6 18 20  6 20.100  31.97   932.4 0 -9999.9 1 -9999.9 1   156.1 0   284.3 0   310.8 0   309.3 0   462.7 0   295.6 0   295.9 0   157.4 0   393.0 0 -9999.9 1  -178.4 0 -9999.9 1 -9999.9 1 -9999.9 1 -9999.9 1   130.2 0 -9999.9 1
 1999 169  6 18 20  9 20.150  32.51   899.9 0 -9999.9 1 -9999.9 1   155.4 0   287.6 0   310.9 0   309.3 0   460.7 0   295.8 0   296.0 0   151.9 0   396.7 0 -9999.9 1  -173.2 0 -9999.9 1 -9999.9 1 -9999.9 1 -9999.9 1   101.6 0 -9999.9 1
 1999 169  6 18 20 12 20.200  33.05   880.0 0 -9999.9 1 -9999.9 1   155.7 0   287.9 0   310.9 0   309.5 0   459.4 0   295.8 0   296.0 0   147.5 0   389.1 0 -9999.9 1  -171.6 0 -9999.9 1 -9999.9 1 -9999.9 1 -9999.9 1   103.5 0 -9999.9 1
 1999 169  6 18 20 18 20.300  34.13   935.8 0 -9999.9 1 -9999.9 1   152.6 0   286.3 0   310.9 0   309.9 0   465.4 0   295.6 0   295.9 0   151.9 0   412.6 0 -9999.9 1  -179.1 0 -9999.9 1 -9999.9 1 -9999.9 1 -9999.9 1    65.5 0 -9999.9 1
 1999 169  6 18 20 21 20.350  34.68   895.7 0 -9999.9 1 -9999.9 1   161.9 0   280.9 0   310.9 0   309.8 0   460.5 0   295.5 0   295.8 0   145.1 0   395.9 0 -9999.9 1  -179.6 0 -9999.9 1 -9999.9 1 -9999.9 1 -9999.9 1   134.4 0 -9999.9 1
 1999 169  6 18 20 24 20.400  35.23   797.6 0 -9999.9 1 -9999.9 1   178.7 0   287.1 0   311.0 0   309.0 0   452.7 0   295.6 0   295.8 0   132.3 0   352.9 0 -9999.9 1  -165.6 0 -9999.9 1 -9999.9 1 -9999.9 1 -9999.9 1   119.5 0 -9999.9 1
 1999 169  6 18 20 27 20.450  35.78   738.8 0 -9999.9 1 -9999.9 1   190.2 0   286.4 0   310.9 0   309.0 0   448.1 0   295.6 0   295.7 0   123.6 0   328.3 0 -9999.9 1  -161.8 0 -9999.9 1 -9999.9 1 -9999.9 1 -9999.9 1   128.3 0 -9999.9 1
 1999 169  6 18 20 33 20.550  36.88   903.4 0 -9999.9 1 -9999.9 1   158.4 0   288.2 0   311.1 0   310.0 0   464.1 0   295.8 0   296.1 0   140.4 0   398.8 0 -9999.9 1  -175.9 0 -9999.9 1 -9999.9 1 -9999.9 1 -9999.9 1   122.8 0 -9999.9 1
 1999 169  6 18 20 36 20.600  37.44   898.9 0 -9999.9 1 -9999.9 1   147.6 0   288.6 0   311.2 0   310.1 0   462.7 0   295.9 0   296.2 0   139.3 0   397.4 0 -9999.9 1  -174.1 0 -9999.9 1 -9999.9 1 -9999.9 1 -9999.9 1   129.3 0 -9999.9 1
 1999 169  6 18 20 39 20.650  37.99   861.4 0 -9999.9 1 -9999.9 1   145.6 0   291.9 0   311.3 0   309.3 0   455.8 0   296.0 0   296.2 0   133.8 0   381.5 0 -9999.9 1  -163.9 0 -9999.9 1 -9999.9 1 -9999.9 1 -9999.9 1   130.6 0 -9999.9 1
 1999 169  6 18 20 42 20.700  38.55   852.0 0 -9999.9 1 -9999.9 1   146.5 0   287.5 0   310.9 0   309.1 0   453.0 0   295.6 0   295.8 0   129.4 0   378.2 0 -9999.9 1  -165.5 0 -9999.9 1 -9999.9 1 -9999.9 1 -9999.9 1   128.6 0 -9999.9 1
 1999 169  6 18 20 48 20.800  39.67   857.9 0 -9999.9 1 -9999.9 1   149.6 0   284.9 0   310.9 0   309.3 0   456.2 0   295.5 0   295.7 0   126.5 0   362.4 0 -9999.9 1  -171.3 0 -9999.9 1 -9999.9 1 -9999.9 1 -9999.9 1   120.1 0 -9999.9 1
 1999 169  6 18 20 51 20.850  40.24   860.1 0 -9999.9 1 -9999.9 1   157.6 0   282.4 0   311.0 0   310.4 0   461.7 0   295.5 0   295.9 0   123.7 0   373.1 0 -9999.9 1  -179.4 0 -9999.9 1 -9999.9 1 -9999.9 1 -9999.9 1    94.0 0 -9999.9 1
 1999 169  6 18 20 54 20.900  40.80   780.2 0 -9999.9 1 -9999.9 1   167.7 0   286.5 0   311.3 0   309.8 0   452.7 0   295.7 0   295.9 0   114.5 0   347.1 0 -9999.9 1  -166.2 0 -9999.9 1 -9999.9 1 -9999.9 1 -9999.9 1    72.6 0 -9999.9 1
 1999 169  6 18 20 57 20.950  41.37   779.2 0 -9999.9 1 -9999.9 1   181.0 0   288.1 0   311.2 0   309.4 0   450.3 0   295.6 0   295.8 0   111.6 0   347.5 0 -9999.9 1  -162.3 0 -9999.9 1 -9999.9 1 -9999.9 1 -9999.9 1    99.5 0 -9999.9 1
 1999 169  6 18 21  3 21.050  42.50   761.1 0 -9999.9 1 -9999.9 1   182.7 0   283.5 0   311.1 0   309.3 0   449.0 0   295.4 0   295.6 0   106.6 0   339.5 0 -9999.9 1  -165.5 0 -9999.9 1 -9999.9 1 -9999.9 1 -9999.9 1   116.1 0 -9999.9 1
 1999 169  6 18 21  6 21.100  43.07   782.6 0 -9999.9 1 -9999.9 1   178.1 0   284.0 0   311.0 0   309.1 0   450.4 0   295.3 0   295.6 0   106.4 0   348.5 0 -9999.9 1  -166.4 0 -9999.9 1 -9999.9 1 -9999.9 1 -9999.9 1   119.9 0 -9999.9 1
 1999 169  6 18 21  9 21.150  43.64   772.3 0 -9999.9 1 -9999.9 1   174.0 0   283.1 0   310.8 0   308.8 0   447.2 0   295.2 0   295.5 0   103.2 2   344.3 0 -9999.9 1  -164.1 0 -9999.9 1 -9999.9 1 -9999.9 1 -9999.9 1   132.9 0 -9999.9 1
 1999 169  6 18 21 12 21.200  44.20   757.6 0 -9999.9 1 -9999.9 1   178.0 0   281.9 0   310.7 0   309.2 0   449.4 0   295.2 0   295.5 0    99.7 2   337.9 0 -9999.9 1  -167.5 0 -9999.9 1 -9999.9 1 -9999.9 1 -9999.9 1   123.7 0 -9999.9 1
 1999 169  6 18 21 18 21.300  45.34   696.1 0 -9999.9 1 -9999.9 1   194.8 0   286.3 0   310.9 0   308.9 0   443.3 0   295.3 0   295.4 0    90.6 2   312.3 0 -9999.9 1  -157.0 0 -9999.9 1 -9999.9 1 -9999.9 1 -9999.9 1    90.9 0 -9999.9 1
 1999 169  6 18 21 21 21.350  45.92   691.1 0 -9999.9 1 -9999.9 1   193.4 0   288.6 0   310.9 0   309.0 0   445.0 0   295.3 0   295.5 0    88.6 0   310.2 0 -9999.9 1  -156.3 0 -9999.9 1 -9999.9 1 -9999.9 1 -9999.9 1    93.8 0 -9999.9 1
 1999 169  6 18 21 24 21.400  46.49   707.3 0 -9999.9 1 -9999.9 1   191.7 0   290.0 0   311.0 0   308.8 0   444.9 0   295.3 0   295.5 0    88.5 0   317.1 0 -9999.9 1  -154.9 0 -9999.9 1 -9999.9 1 -9999.9 1 -9999.9 1    98.5 0 -9999.9 1
 1999 169  6 18 21 27 21.450  47.06   755.6 0 -9999.9 1 -9999.9 1   191.4 0   286.2 0   310.9 0   309.2 0   450.3 0   295.4 0   295.7 0    91.6 0   337.3 0 -9999.9 1  -164.1 0 -9999.9 1 -9999.9 1 -9999.9 1 -9999.9 1   123.0 0 -9999.9 1
 1999 169  6 18 21 33 21.550  48.20   731.8 0 -9999.9 1 -9999.9 1   188.5 0   288.3 0   310.9 0   309.0 0   447.7 0   295.4 0   295.7 0    86.2 0   327.1 0 -9999.9 1  -159.5 0 -9999.9 1 -9999.9 1 -9999.9 1 -9999.9 1    92.5 0 -9999.9 1
 1999 169  6 18 21 36 21.600  48.78   724.1 0 -9999.9 1 -9999.9 1   185.3 0   286.0 0   310.9 0   309.5 0   450.2 0   295.4 0   295.7 0    83.5 0   323.7 0 -9999.9 1  -164.3 0 -9999.9 1 -9999.9 1 -9999.9 1 -9999.9 1    92.6 0 -9999.9 1
 1999 169  6 18 21 39 21.650  49.35   694.3 0 -9999.9 1 -9999.9 1   182.3 0   285.8 0   311.1 0   309.4 0   447.6 0   295.6 0   295.8 0    79.7 0   310.7 0 -9999.9 1  -161.8 0 -9999.9 1 -9999.9 1 -9999.9 1 -9999.9 1   115.0 0 -9999.9 1
 1999 169  6 18 21 42 21.700  49.92   682.9 0 -9999.9 1 -9999.9 1   180.3 0   284.2 0   311.0 0   309.3 0   448.4 0   295.6 0   295.8 0    77.1 0   306.1 0 -9999.9 1  -164.1 0 -9999.9 1 -9999.9 1 -9999.9 1 -9999.9 1   126.9 0 -9999.9 1
 1999 169  6 18 21 48 21.800  51.07   677.9 0 -9999.9 1 -9999.9 1   180.3 0   285.0 0   311.0 0   309.3 0   447.0 0   295.5 0   295.8 0    73.1 0   303.6 0 -9999.9 1  -162.0 0 -9999.9 1 -9999.9 1 -9999.9 1 -9999.9 1   118.0 0 -9999.9 1
 1999 169  6 18 21 51 21.850  51.64   653.5 0 -9999.9 1 -9999.9 1   184.9 0   282.9 0   311.0 0   309.0 0   442.5 0   295.5 0   295.7 0    69.4 0   293.2 0 -9999.9 1  -159.6 0 -9999.9 1 -9999.9 1 -9999.9 1 -9999.9 1   139.9 0 -9999.9 1
 1999 169  6 18 21 54 21.900  52.22   567.2 0 -9999.9 1 -9999.9 1   191.5 0   281.6 0   311.0 0   309.6 0   442.3 0   295.5 0   295.7 0    62.5 0   255.4 0 -9999.9 1  -160.6 0 -9999.9 1 -9999.9 1 -9999.9 1 -9999.9 1   136.3 0 -9999.9 1
 1999 169  6 18 21 57 21.950  52.79   534.8 0 -9999.9 1 -9999.9 1   204.6 0   285.4 0   311.1 0   309.3 0   437.6 0   295.6 0   295.8 0    58.1 0   241.1 0 -9999.9 1  -152.2 0 -9999.9 1 -9999.9 1 -9999.9 1 -9999.9 1   117.0 0 -9999.9 1
 1999 169  6 18 22  3 22.050  53.94   508.4 0 -9999.9 1 -9999.9 1   226.9 0   285.0 0   310.9 0   309.2 0   435.2 0   295.3 0   295.4 0    53.6 0   229.7 0 -9999.9 1  -150.2 0 -9999.9 1 -9999.9 1 -9999.9 1 -9999.9 1   105.7 0 -9999.9 1
 1999 169  6 18 22  6 22.100  54.51   508.2 0 -9999.9 1 -9999.9 1   232.3 0   289.8 0   310.9 0   308.6 0   431.5 0   295.3 0   295.4 0    53.1 0   228.5 0 -9999.9 1  -141.7 0 -9999.9 1 -9999.9 1 -9999.9 1 -9999.9 1    98.2 0 -9999.9 1
 1999 169  6 18 22  9 22.150  55.08   547.0 0 -9999.9 1 -9999.9 1   231.5 0   288.3 0   310.9 0   308.9 0   435.9 0   295.2 0   295.4 0    53.7 0   246.2 0 -9999.9 1  -147.6 0 -9999.9 1 -9999.9 1 -9999.9 1 -9999.9 1   116.6 0 -9999.9 1
 1999 169  6 18 22 12 22.200  55.66   596.7 0 -9999.9 1 -9999.9 1   224.0 0   284.9 0   311.0 0   310.0 0   446.5 0   295.3 0   295.6 0    55.8 0   266.8 0 -9999.9 1  -161.7 0 -9999.9 1 -9999.9 1 -9999.9 1 -9999.9 1   100.2 0 -9999.9 1
 1999 169  6 18 22 18 22.300  56.80   431.4 0 -9999.9 1 -9999.9 1   198.8 0   288.3 0   311.2 0   308.8 0   430.7 0   295.5 0   295.6 0    45.7 0   195.5 0 -9999.9 1  -142.4 0 -9999.9 1 -9999.9 1 -9999.9 1 -9999.9 1   134.8 0 -9999.9 1
 1999 169  6 18 22 21 22.350  57.37   352.3 0 -9999.9 1 -9999.9 1   192.1 0   288.2 0   311.1 0   308.7 0   422.9 0   295.4 0   295.3 0    39.4 0   161.4 0 -9999.9 1  -134.7 0 -9999.9 1 -9999.9 1 -9999.9 1 -9999.9 1   134.3 0 -9999.9 1
 1999 169  6 18 22 24 22.400  57.94   401.9 0 -9999.9 1 -9999.9 1   197.0 0   287.4 0   311.0 0   308.8 0   425.4 0   295.2 0   295.3 0    39.1 0   182.5 0 -9999.9 1  -138.0 0 -9999.9 1 -9999.9 1 -9999.9 1 -9999.9 1   130.2 0 -9999.9 1
 1999 169  6 18 22 27 22.450  58.52   420.5 0 -9999.9 1 -9999.9 1   204.2 0   291.6 0   310.9 0   308.5 0   425.9 0   295.1 0   295.2 0    39.0 0   189.9 0 -9999.9 1  -134.3 0 -9999.9 1 -9999.9 1 -9999.9 1 -9999.9 1   105.1 0 -9999.9 1
 1999 169  6 18 22 33 22.550  59.66   408.0 0 -9999.9 1 -9999.9 1   206.9 0   291.0 0   310.8 0   308.7 0   427.7 0   294.9 0   295.1 0    36.9 0   184.9 0 -9999.9 1  -136.7 0 -9999.9 1 -9999.9 1 -9999.9 1 -9999.9 1   100.7 0 -9999.9 1
 1999 169  6 18 22 36 22.600  60.23   432.7 0 -9999.9 1 -9999.9 1   208.1 0   291.6 0   310.7 0   308.7 0   428.5 0   294.9 0   295.0 0    36.2 0   195.6 0 -9999.9 1  -136.9 0 -9999.9 1 -9999.9 1 -9999.9 1 -9999.9 1    96.2 0 -9999.9 1
 1999 169  6 18 22 39 22.650  60.80   414.9 0 -9999.9 1 -9999.9 1   210.6 0   289.9 0   310.4 0   308.2 0   425.2 0   294.5 0   294.6 0    34.1 2   187.9 0 -9999.9 1  -135.3 0 -9999.9 1 -9999.9 1 -9999.9 1 -9999.9 1    80.7 0 -9999.9 1
 1999 169  6 18 22 42 22.700  61.36   452.4 0 -9999.9 1 -9999.9 1   214.0 0   288.3 0   310.4 0   308.5 0   427.6 0   294.4 0   294.6 0    34.8 2   203.6 0 -9999.9 1  -139.3 0 -9999.9 1 -9999.9 1 -9999.9 1 -9999.9 1    88.2 0 -9999.9 1
 1999 169  6 18 22 48 22.800  62.50   363.1 0 -9999.9 1 -9999.9 1   212.3 0   291.0 0   310.2 0   307.7 0   421.2 0   294.4 0   294.4 0    30.7 2   165.0 0 -9999.9 1  -130.1 0 -9999.9 1 -9999.9 1 -9999.9 1 -9999.9 1   116.1 0 -9999.9 1
 1999 169  6 18 22 51 22.850  63.07   379.4 0 -9999.9 1 -9999.9 1   210.4 0   291.6 0   310.1 0   307.9 0   422.4 0   294.4 0   294.5 0    30.5 2   171.4 0 -9999.9 1  -130.8 0 -9999.9 1 -9999.9 1 -9999.9 1 -9999.9 1   120.4 0 -9999.9 1
 1999 169  6 18 22 54 22.900  63.63   394.7 0 -9999.9 1 -9999.9 1   210.0 0   293.8 0   310.1 0   308.0 0   424.0 0   294.5 0   294.6 0    30.1 0   178.5 0 -9999.9 1  -130.2 0 -9999.9 1 -9999.9 1 -9999.9 1 -9999.9 1   103.0 0 -9999.9 1
 1999 169  6 18 22 57 22.950  64.20   441.9 0 -9999.9 1 -9999.9 1   207.1 0   294.5 0   310.2 0   308.2 0   428.7 0   294.5 0   294.7 0    30.9 0   198.8 0 -9999.9 1  -134.1 0 -9999.9 1 -9999.9 1 -9999.9 1 -9999.9 1   107.9 0 -9999.9 1
 1999 169  6 18 23  3 23.050  65.32   441.5 0 -9999.9 1 -9999.9 1   188.1 0   298.2 0   310.3 0   308.1 0   429.6 0   294.8 0   295.0 0    28.7 0   199.1 0 -9999.9 1  -131.5 0 -9999.9 1 -9999.9 1 -9999.9 1 -9999.9 1   109.6 0 -9999.9 1
 1999 169  6 18 23  6 23.100  65.89   382.5 0 -9999.9 1 -9999.9 1   174.0 0   299.1 0   310.4 0   308.2 0   427.5 0   295.0 0   295.1 0    26.8 0   173.8 0 -9999.9 1  -128.4 0 -9999.9 1 -9999.9 1 -9999.9 1 -9999.9 1   103.2 0 -9999.9 1
 1999 169  6 18 23  9 23.150  66.45   411.8 0 -9999.9 1 -9999.9 1   162.0 0   296.8 0   310.4 0   308.4 0   428.1 0   295.1 0   295.2 0    25.1 0   185.5 0 -9999.9 1  -131.3 0 -9999.9 1 -9999.9 1 -9999.9 1 -9999.9 1   113.8 0 -9999.9 1
 1999 169  6 18 23 12 23.200  67.01   410.0 0 -9999.9 1 -9999.9 1   154.2 0   295.3 0   310.5 0   308.6 0   428.3 0   295.0 0   295.2 0    23.8 0   184.6 0 -9999.9 1  -133.0 0 -9999.9 1 -9999.9 1 -9999.9 1 -9999.9 1   104.2 0 -9999.9 1
 1999 169  6 18 23 18 23.300  68.13   347.6 0 -9999.9 1 -9999.9 1   148.6 0   291.5 0   310.5 0   308.6 0   424.6 0   294.9 0   295.0 0    21.0 0   157.2 0 -9999.9 1  -133.2 0 -9999.9 1 -9999.9 1 -9999.9 1 -9999.9 1   116.1 0 -9999.9 1
 1999 169  6 18 23 21 23.350  68.69   308.6 0 -9999.9 1 -9999.9 1   143.8 0   290.2 0   310.3 0   307.9 0   418.8 0   294.7 0   294.8 0    19.3 0   140.9 0 -9999.9 1  -128.6 0 -9999.9 1 -9999.9 1 -9999.9 1 -9999.9 1   134.5 0 -9999.9 1
 1999 169  6 18 23 24 23.400  69.24   300.3 0 -9999.9 1 -9999.9 1   139.4 0   291.1 0   310.3 0   307.9 0   417.0 0   294.7 0   294.8 0    17.9 0   136.2 0 -9999.9 1  -126.0 0 -9999.9 1 -9999.9 1 -9999.9 1 -9999.9 1   134.1 0 -9999.9 1
 1999 169  6 18 23 27 23.450  69.80   279.5 0 -9999.9 1 -9999.9 1   136.3 0   292.8 0   310.2 0   307.6 0   415.1 0   294.6 0   294.7 0    16.6 0   127.3 0 -9999.9 1  -122.3 0 -9999.9 1 -9999.9 1 -9999.9 1 -9999.9 1   116.3 0 -9999.9 1
 1999 169  6 18 23 33 23.550  70.91   247.3 0 -9999.9 1 -9999.9 1   131.4 0   293.3 0   310.0 0   307.3 0   412.5 0   294.4 0   294.5 0    14.8 0   112.6 0 -9999.9 1  -119.2 0 -9999.9 1 -9999.9 1 -9999.9 1 -9999.9 1    98.8 0 -9999.9 1
 1999 169  6 18 23 36 23.600  71.46   259.7 0 -9999.9 1 -9999.9 1   131.7 0   293.0 0   309.8 0   307.1 0   412.5 0   294.3 0   294.3 0    14.2 0   117.3 0 -9999.9 1  -119.4 0 -9999.9 1 -9999.9 1 -9999.9 1 -9999.9 1   102.6 0 -9999.9 1
 1999 169  6 18 23 39 23.650  72.01   255.3 0 -9999.9 1 -9999.9 1   129.8 0   293.0 0   309.7 0   307.3 0   413.1 0   294.2 0   294.2 0    13.4 0   115.6 0 -9999.9 1  -120.1 0 -9999.9 1 -9999.9 1 -9999.9 1 -9999.9 1    98.1 0 -9999.9 1
 1999 169  6 18 23 42 23.700  72.56   249.1 0 -9999.9 1 -9999.9 1   127.6 0   294.8 0   309.6 0   307.0 0   412.9 0   294.1 0   294.2 0    12.8 0   112.2 0 -9999.9 1  -118.2 0 -9999.9 1 -9999.9 1 -9999.9 1 -9999.9 1   114.7 0 -9999.9 1
 1999 169  6 18 23 48 23.800  73.66   185.2 0 -9999.9 1 -9999.9 1   119.8 0   294.7 0   309.3 0   306.6 0   409.2 0   294.0 0   294.1 0    11.1 0    85.7 0 -9999.9 1  -114.5 0 -9999.9 1 -9999.9 1 -9999.9 1 -9999.9 1   115.9 0 -9999.9 1
 1999 169  6 18 23 51 23.850  74.20   180.6 0 -9999.9 1 -9999.9 1   115.9 0   292.9 0   309.0 0   306.5 0   408.0 0   294.0 0   294.0 0    10.3 0    83.5 0 -9999.9 1  -115.0 0 -9999.9 1 -9999.9 1 -9999.9 1 -9999.9 1   117.9 0 -9999.9 1
 1999 169  6 18 23 54 23.900  74.75   225.8 0 -9999.9 1 -9999.9 1   113.5 0   291.9 0   309.0 0   306.9 0   411.1 0   294.0 0   294.0 0     9.7 0   100.7 0 -9999.9 1  -119.2 0 -9999.9 1 -9999.9 1 -9999.9 1 -9999.9 1   107.0 0 -9999.9 1
 1999 169  6 18 23 57 23.950  75.29   231.3 0 -9999.9 1 -9999.9 1   112.3 0   292.9 0   308.9 0   306.7 0   412.7 0   294.0 0   294.0 0     9.4 0   103.4 0 -9999.9 1  -119.8 0 -9999.9 1 -9999.9 1 -9999.9 1 -9999.9 1   110.4 0 -9999.9 1
