 Bondville
   40.05  -88.37  213 m version 1
 1999 186  7  5  0  3  0.050  76.13   165.9 0 -9999.9 1 -9999.9 1    72.6 0   381.0 0   318.3 0   316.3 0   455.9 0   302.2 0   302.2 0    10.4 2    80.7 0 -9999.9 1   -75.0 0 -9999.9 1 -9999.9 1 -9999.9 1 -9999.9 1   237.0 0 -9999.9 1
 1999 186  7  5  0  6  0.100  76.67   156.3 0 -9999.9 1 -9999.9 1    69.0 0   379.9 0   318.3 0   316.4 0   455.8 0   302.1 0   302.1 0     9.6 2    76.4 0 -9999.9 1   -75.9 0 -9999.9 1 -9999.9 1 -9999.9 1 -9999.9 1   236.6 0 -9999.9 1
 1999 186  7  5  0  9  0.150  77.21   149.1 0 -9999.9 1 -9999.9 1    66.3 0   377.4 0   318.1 0   316.3 0   454.6 0   301.9 0   301.9 0     8.9 2    72.7 0 -9999.9 1   -77.2 0 -9999.9 1 -9999.9 1 -9999.9 1 -9999.9 1   234.6 0 -9999.9 1
 1999 186  7  5  0 12  0.200  77.75   141.4 0 -9999.9 1 -9999.9 1    64.7 0   375.1 0   318.0 0   316.2 0   453.8 0   301.8 0   301.8 0     8.2 2    69.1 0 -9999.9 1   -78.7 0 -9999.9 1 -9999.9 1 -9999.9 1 -9999.9 1   229.8 0 -9999.9 1
 1999 186  7  5  0 18  0.300  78.82   123.4 0 -9999.9 1 -9999.9 1    60.5 0   376.0 0   318.0 0   316.3 0   453.3 0   301.6 0   301.6 0     6.8 2    60.7 0 -9999.9 1   -77.4 0 -9999.9 1 -9999.9 1 -9999.9 1 -9999.9 1   227.3 0 -9999.9 1
 1999 186  7  5  0 21  0.350  79.35   116.9 0 -9999.9 1 -9999.9 1    58.4 0   377.1 0   318.0 0   316.1 0   452.9 0   301.6 0   301.5 0     6.3 2    57.4 0 -9999.9 1   -75.7 0 -9999.9 1 -9999.9 1 -9999.9 1 -9999.9 1   226.9 0 -9999.9 1
 1999 186  7  5  0 24  0.400  79.88   108.6 0 -9999.9 1 -9999.9 1    56.7 0   379.0 0   318.1 0   316.1 0   452.7 0   301.6 0   301.5 0     5.7 2    53.6 0 -9999.9 1   -73.7 0 -9999.9 1 -9999.9 1 -9999.9 1 -9999.9 1   225.6 0 -9999.9 1
 1999 186  7  5  0 27  0.450  80.41   100.2 0 -9999.9 1 -9999.9 1    54.0 0   379.9 0   318.1 0   315.9 0   452.3 0   301.5 0   301.5 0     5.2 2    49.8 0 -9999.9 1   -72.3 0 -9999.9 1 -9999.9 1 -9999.9 1 -9999.9 1   224.4 0 -9999.9 1
 1999 186  7  5  0 33  0.550  81.46    84.1 0 -9999.9 1 -9999.9 1    49.3 0   378.7 0   317.9 0   315.9 0   450.3 0   301.3 0   301.2 0     4.3 2    42.2 0 -9999.9 1   -71.6 0 -9999.9 1 -9999.9 1 -9999.9 1 -9999.9 1   222.1 0 -9999.9 1
 1999 186  7  5  0 36  0.600  81.98    76.6 0 -9999.9 1 -9999.9 1    46.4 0   376.8 0   317.7 0   315.9 0   449.4 0   301.1 0   301.0 0     3.8 2    38.5 0 -9999.9 1   -72.6 0 -9999.9 1 -9999.9 1 -9999.9 1 -9999.9 1   221.0 0 -9999.9 1
 1999 186  7  5  0 39  0.650  82.50    69.7 0 -9999.9 1 -9999.9 1    44.0 0   377.3 0   317.7 0   315.7 0   448.9 0   301.0 0   300.9 0     3.4 2    34.9 0 -9999.9 1   -71.6 0 -9999.9 1 -9999.9 1 -9999.9 1 -9999.9 1   221.1 0 -9999.9 1
 1999 186  7  5  0 42  0.700  83.02    62.9 0 -9999.9 1 -9999.9 1    41.3 0   376.6 0   317.6 0   315.7 0   448.5 0   300.9 0   300.9 0     3.1 2    31.7 0 -9999.9 1   -72.0 0 -9999.9 1 -9999.9 1 -9999.9 1 -9999.9 1   220.3 0 -9999.9 1
 1999 186  7  5  0 48  0.800  84.05    49.9 0 -9999.9 1 -9999.9 1    36.1 0   376.6 0   317.4 0   315.5 0   447.6 0   300.7 0   300.7 0     2.4 2    25.6 0 -9999.9 1   -71.0 0 -9999.9 1 -9999.9 1 -9999.9 1 -9999.9 1   221.4 0 -9999.9 1
 1999 186  7  5  0 51  0.850  84.55    43.6 0 -9999.9 1 -9999.9 1    32.8 0   375.4 0   317.3 0   315.4 0   446.3 0   300.6 0   300.5 0     2.1 2    22.7 0 -9999.9 1   -70.9 0 -9999.9 1 -9999.9 1 -9999.9 1 -9999.9 1   223.5 0 -9999.9 1
 1999 186  7  5  0 54  0.900  85.06    39.2 0 -9999.9 1 -9999.9 1    30.1 0   374.3 0   317.2 0   315.4 0   445.5 0   300.5 0   300.4 0     1.8 2    20.4 0 -9999.9 1   -71.2 0 -9999.9 1 -9999.9 1 -9999.9 1 -9999.9 1   221.5 0 -9999.9 1
 1999 186  7  5  0 57  0.950  85.56    34.2 0 -9999.9 1 -9999.9 1    27.0 0   373.8 0   317.1 0   315.3 0   444.4 0   300.4 0   300.3 0     1.6 2    17.9 0 -9999.9 1   -70.6 0 -9999.9 1 -9999.9 1 -9999.9 1 -9999.9 1   220.5 0 -9999.9 1
 1999 186  7  5  1  3  1.050  86.54    24.2 0 -9999.9 1 -9999.9 1    21.2 0   375.4 0   317.0 0   315.3 0   444.1 0   300.3 0   300.2 0     1.2 2    13.8 0 -9999.9 1   -68.6 0 -9999.9 1 -9999.9 1 -9999.9 1 -9999.9 1   212.3 0 -9999.9 1
 1999 186  7  5  1  6  1.100  87.02    19.2 0 -9999.9 1 -9999.9 1    17.9 0   375.5 0   316.9 0   315.2 0   444.1 0   300.2 0   300.1 0     1.0 0    11.8 0 -9999.9 1   -68.6 0 -9999.9 1 -9999.9 1 -9999.9 1 -9999.9 1   212.4 0 -9999.9 1
 1999 186  7  5  1  9  1.150  87.50    15.7 0 -9999.9 1 -9999.9 1    15.4 0   375.2 0   316.8 0   315.0 0   443.6 0   300.1 0   300.0 0     0.8 0    10.0 0 -9999.9 1   -68.4 0 -9999.9 1 -9999.9 1 -9999.9 1 -9999.9 1   214.8 0 -9999.9 1
 1999 186  7  5  1 12  1.200  87.96    12.4 0 -9999.9 1 -9999.9 1    13.1 0   376.3 0   316.7 0   314.9 0   442.6 0   300.0 0   300.0 0     0.7 0     8.3 0 -9999.9 1   -66.3 0 -9999.9 1 -9999.9 1 -9999.9 1 -9999.9 1   214.7 0 -9999.9 1
 1999 186  7  5  1 18  1.300  88.85     7.1 0 -9999.9 1 -9999.9 1     7.8 0   375.4 0   316.5 0   314.8 0   441.8 0   299.8 0   299.7 0     0.5 0     5.4 0 -9999.9 1   -66.3 0 -9999.9 1 -9999.9 1 -9999.9 1 -9999.9 1   209.9 0 -9999.9 1
 1999 186  7  5  1 21  1.350  89.26     5.0 0 -9999.9 1 -9999.9 1     5.5 0   372.1 0   316.4 0   314.7 0   440.8 0   299.7 0   299.6 0     0.4 0     4.3 0 -9999.9 1   -68.7 0 -9999.9 1 -9999.9 1 -9999.9 1 -9999.9 1   208.5 0 -9999.9 1
 1999 186  7  5  1 24  1.400  89.65     3.5 0 -9999.9 1 -9999.9 1     3.0 0   368.9 0   316.1 0   314.5 0   438.3 0   299.4 0   299.3 0     0.3 0     3.4 0 -9999.9 1   -69.3 0 -9999.9 1 -9999.9 1 -9999.9 1 -9999.9 1   213.4 0 -9999.9 1
 1999 186  7  5  1 27  1.450  90.77     2.2 0 -9999.9 1 -9999.9 1     1.6 0   367.9 0   315.9 0   314.4 0   437.1 0   299.3 0   299.2 0     0.0 0     2.6 0 -9999.9 1   -69.2 0 -9999.9 1 -9999.9 1 -9999.9 1 -9999.9 1   214.1 0 -9999.9 1
 1999 186  7  5  1 33  1.550  91.74     0.2 0 -9999.9 1 -9999.9 1    -0.6 0   366.5 0   315.6 0   314.4 0   434.2 0   298.9 0   298.7 0     0.0 0     1.3 0 -9999.9 1   -67.7 0 -9999.9 1 -9999.9 1 -9999.9 1 -9999.9 1   210.4 0 -9999.9 1
 1999 186  7  5  1 36  1.600  92.23    -0.3 0 -9999.9 1 -9999.9 1    -1.5 0   368.7 0   315.6 0   314.3 0   434.2 0   298.8 0   298.7 0     0.0 0     0.8 0 -9999.9 1   -65.5 0 -9999.9 1 -9999.9 1 -9999.9 1 -9999.9 1   206.1 0 -9999.9 1
 1999 186  7  5  1 39  1.650  92.71    -1.0 0 -9999.9 1 -9999.9 1    -2.0 0   368.7 0   315.5 0   314.0 0   434.3 0   298.7 0   298.6 0     0.0 0     0.5 0 -9999.9 1   -65.6 0 -9999.9 1 -9999.9 1 -9999.9 1 -9999.9 1   200.9 0 -9999.9 1
 1999 186  7  5  1 42  1.700  93.19    -1.5 0 -9999.9 1 -9999.9 1    -2.6 0   367.1 0   315.3 0   313.9 0   433.6 0   298.6 0   298.4 0     0.0 0     0.3 0 -9999.9 1   -66.5 0 -9999.9 1 -9999.9 1 -9999.9 1 -9999.9 1   206.0 0 -9999.9 1
 1999 186  7  5  1 48  1.800  94.14    -2.4 0 -9999.9 1 -9999.9 1    -2.9 0   363.1 0   315.0 0   313.4 0   432.9 0   298.2 0   298.1 0     0.0 2     0.0 0 -9999.9 1   -69.8 0 -9999.9 1 -9999.9 1 -9999.9 1 -9999.9 1   208.2 0 -9999.9 1
 1999 186  7  5  1 51  1.850  94.61    -2.8 0 -9999.9 1 -9999.9 1    -2.1 0   366.5 0   315.0 0   313.1 0   434.0 0   298.2 0   298.1 0     0.0 0    -0.1 0 -9999.9 1   -67.5 0 -9999.9 1 -9999.9 1 -9999.9 1 -9999.9 1   201.6 0 -9999.9 1
 1999 186  7  5  1 54  1.900  95.08    -3.2 0 -9999.9 1 -9999.9 1    -2.0 0   366.9 0   314.8 0   313.0 0   434.4 0   298.1 0   298.0 0     0.0 0    -0.2 0 -9999.9 1   -67.5 0 -9999.9 1 -9999.9 1 -9999.9 1 -9999.9 1   204.2 0 -9999.9 1
 1999 186  7  5  1 57  1.950  95.54    -3.4 0 -9999.9 1 -9999.9 1    -1.9 0   365.7 0   314.6 0   312.8 0   434.0 0   297.9 0   297.8 0     0.0 2    -0.2 0 -9999.9 1   -68.4 0 -9999.9 1 -9999.9 1 -9999.9 1 -9999.9 1   206.3 0 -9999.9 1
 1999 186  7  5  2  3  2.050  96.46    -3.6 0 -9999.9 1 -9999.9 1    -1.5 0   363.1 0   314.2 0   312.4 0   432.4 0   297.5 0   297.4 0     0.0 2    -0.2 0 -9999.9 1   -69.3 0 -9999.9 1 -9999.9 1 -9999.9 1 -9999.9 1   211.9 0 -9999.9 1
 1999 186  7  5  2  6  2.100  96.92    -3.6 0 -9999.9 1 -9999.9 1    -1.8 0   361.8 0   314.1 0   312.5 0   431.9 0   297.4 0   297.3 0     0.0 2    -0.1 0 -9999.9 1   -70.0 0 -9999.9 1 -9999.9 1 -9999.9 1 -9999.9 1   215.7 0 -9999.9 1
 1999 186  7  5  2  9  2.150  97.37    -3.6 0 -9999.9 1 -9999.9 1    -1.6 0   363.3 0   314.1 0   312.4 0   431.9 0   297.4 0   297.3 0     0.0 2    -0.2 0 -9999.9 1   -68.7 0 -9999.9 1 -9999.9 1 -9999.9 1 -9999.9 1   215.3 0 -9999.9 1
 1999 186  7  5  2 12  2.200  97.82    -3.7 0 -9999.9 1 -9999.9 1    -1.4 0   361.8 0   313.9 0   312.2 0   431.3 0   297.3 0   297.2 0     0.0 2    -0.2 0 -9999.9 1   -69.5 0 -9999.9 1 -9999.9 1 -9999.9 1 -9999.9 1   212.2 0 -9999.9 1
 1999 186  7  5  2 18  2.300  98.71    -3.8 0 -9999.9 1 -9999.9 1    -1.5 0   359.4 0   313.5 0   311.8 0   428.8 0   296.9 0   296.8 0     0.0 2    -0.2 0 -9999.9 1   -69.5 0 -9999.9 1 -9999.9 1 -9999.9 1 -9999.9 1   212.8 0 -9999.9 1
 1999 186  7  5  2 21  2.350  99.15    -3.7 0 -9999.9 1 -9999.9 1    -1.7 0   357.0 0   313.4 0   311.9 0   428.3 0   296.8 0   296.7 0     0.0 2    -0.1 0 -9999.9 1   -71.3 0 -9999.9 1 -9999.9 1 -9999.9 1 -9999.9 1   214.1 0 -9999.9 1
 1999 186  7  5  2 24  2.400  99.58    -3.6 0 -9999.9 1 -9999.9 1    -1.6 0   358.8 0   313.4 0   311.7 0   428.8 0   296.8 0   296.7 0     0.0 2    -0.1 0 -9999.9 1   -70.0 0 -9999.9 1 -9999.9 1 -9999.9 1 -9999.9 1   213.9 0 -9999.9 1
 1999 186  7  5  2 27  2.450 100.01    -3.8 0 -9999.9 1 -9999.9 1    -1.5 0   360.3 0   313.3 0   311.6 0   429.3 0   296.7 0   296.6 0     0.0 2    -0.2 0 -9999.9 1   -68.9 0 -9999.9 1 -9999.9 1 -9999.9 1 -9999.9 1   215.7 0 -9999.9 1
 1999 186  7  5  2 33  2.550 100.86    -3.9 0 -9999.9 1 -9999.9 1    -0.9 0   361.3 0   313.1 0   311.3 0   429.5 0   296.6 0   296.5 0     0.0 2    -0.1 0 -9999.9 1   -68.1 0 -9999.9 1 -9999.9 1 -9999.9 1 -9999.9 1   214.3 0 -9999.9 1
 1999 186  7  5  2 36  2.600 101.28    -4.0 0 -9999.9 1 -9999.9 1    -0.9 0   360.4 0   313.0 0   311.2 0   428.6 0   296.4 0   296.4 0     0.0 2    -0.2 0 -9999.9 1   -68.3 0 -9999.9 1 -9999.9 1 -9999.9 1 -9999.9 1   216.4 0 -9999.9 1
 1999 186  7  5  2 39  2.650 101.70    -4.0 0 -9999.9 1 -9999.9 1    -1.0 0   359.1 0   312.8 0   311.1 0   428.0 0   296.3 0   296.3 0     0.0 2    -0.1 0 -9999.9 1   -68.9 0 -9999.9 1 -9999.9 1 -9999.9 1 -9999.9 1   218.8 0 -9999.9 1
 1999 186  7  5  2 42  2.700 102.11    -4.0 0 -9999.9 1 -9999.9 1    -0.9 0   358.5 0   312.7 0   311.0 0   427.7 0   296.3 0   296.2 0     0.0 2    -0.1 0 -9999.9 1   -69.2 0 -9999.9 1 -9999.9 1 -9999.9 1 -9999.9 1   220.7 0 -9999.9 1
 1999 186  7  5  2 48  2.800 102.93    -3.9 0 -9999.9 1 -9999.9 1    -1.1 0   359.5 0   312.6 0   311.1 0   427.4 0   296.3 0   296.2 0     0.0 2     0.0 0 -9999.9 1   -67.9 0 -9999.9 1 -9999.9 1 -9999.9 1 -9999.9 1   220.6 0 -9999.9 1
 1999 186  7  5  2 51  2.850 103.33    -3.7 0 -9999.9 1 -9999.9 1    -1.2 0   361.1 0   312.7 0   311.2 0   428.2 0   296.4 0   296.4 0     0.0 2    -0.1 0 -9999.9 1   -67.2 0 -9999.9 1 -9999.9 1 -9999.9 1 -9999.9 1   217.5 0 -9999.9 1
 1999 186  7  5  2 54  2.900 103.72    -3.8 0 -9999.9 1 -9999.9 1    -1.5 0   359.1 0   312.5 0   311.1 0   427.8 0   296.3 0   296.2 0     0.0 2    -0.2 0 -9999.9 1   -68.7 0 -9999.9 1 -9999.9 1 -9999.9 1 -9999.9 1   215.6 0 -9999.9 1
 1999 186  7  5  2 57  2.950 104.12    -3.8 0 -9999.9 1 -9999.9 1    -1.2 0   360.3 0   312.6 0   311.0 0   428.6 0   296.3 0   296.3 0     0.0 2    -0.2 0 -9999.9 1   -68.3 0 -9999.9 1 -9999.9 1 -9999.9 1 -9999.9 1   217.1 0 -9999.9 1
 1999 186  7  5  3  3  3.050 104.89    -3.8 0 -9999.9 1 -9999.9 1    -0.8 0   359.3 0   312.4 0   310.9 0   427.5 0   296.2 0   296.1 0     0.0 2    -0.1 0 -9999.9 1   -68.2 0 -9999.9 1 -9999.9 1 -9999.9 1 -9999.9 1   217.1 0 -9999.9 1
 1999 186  7  5  3  6  3.100 105.27    -3.8 0 -9999.9 1 -9999.9 1    -1.0 0   357.7 0   312.2 0   310.7 0   426.9 0   296.0 0   296.0 0     0.0 2    -0.1 0 -9999.9 1   -69.2 0 -9999.9 1 -9999.9 1 -9999.9 1 -9999.9 1   212.9 0 -9999.9 1
 1999 186  7  5  3  9  3.150 105.64    -3.9 0 -9999.9 1 -9999.9 1    -0.8 0   357.5 0   312.1 0   310.4 0   426.9 0   295.9 0   295.9 0     0.0 2    -0.1 0 -9999.9 1   -69.4 0 -9999.9 1 -9999.9 1 -9999.9 1 -9999.9 1   208.9 0 -9999.9 1
 1999 186  7  5  3 12  3.200 106.01    -4.1 0 -9999.9 1 -9999.9 1    -0.1 0   358.0 0   312.1 0   310.3 0   427.1 0   295.9 0   295.9 0     0.0 2    -0.2 0 -9999.9 1   -69.1 0 -9999.9 1 -9999.9 1 -9999.9 1 -9999.9 1   206.7 0 -9999.9 1
 1999 186  7  5  3 18  3.300 106.74    -3.9 0 -9999.9 1 -9999.9 1    -0.8 0   359.8 0   312.3 0   310.7 0   428.0 0   296.2 0   296.1 0     0.0 0    -0.2 0 -9999.9 1   -68.1 0 -9999.9 1 -9999.9 1 -9999.9 1 -9999.9 1   206.3 0 -9999.9 1
 1999 186  7  5  3 21  3.350 107.09    -3.9 0 -9999.9 1 -9999.9 1    -0.9 0   360.1 0   312.3 0   310.7 0   428.4 0   296.2 0   296.1 0     0.0 0    -0.2 0 -9999.9 1   -68.3 0 -9999.9 1 -9999.9 1 -9999.9 1 -9999.9 1   208.1 0 -9999.9 1
 1999 186  7  5  3 24  3.400 107.44    -3.9 0 -9999.9 1 -9999.9 1    -0.7 0   358.9 0   312.1 0   310.5 0   428.4 0   296.1 0   296.0 0     0.0 0    -0.2 0 -9999.9 1   -69.5 0 -9999.9 1 -9999.9 1 -9999.9 1 -9999.9 1   207.4 0 -9999.9 1
 1999 186  7  5  3 27  3.450 107.79    -4.1 0 -9999.9 1 -9999.9 1     0.0 0   361.5 0   312.1 0   310.3 0   429.5 0   296.1 0   296.0 0     0.0 0    -0.2 0 -9999.9 1   -68.0 0 -9999.9 1 -9999.9 1 -9999.9 1 -9999.9 1   210.3 0 -9999.9 1
 1999 186  7  5  3 33  3.550 108.46    -4.2 0 -9999.9 1 -9999.9 1     0.2 0   361.4 0   311.9 0   310.1 0   429.7 0   296.0 0   296.0 0     0.0 0    -0.2 0 -9999.9 1   -68.3 0 -9999.9 1 -9999.9 1 -9999.9 1 -9999.9 1   210.3 0 -9999.9 1
 1999 186  7  5  3 36  3.600 108.79    -4.2 0 -9999.9 1 -9999.9 1     0.3 0   359.7 0   311.8 0   310.2 0   429.1 0   296.0 0   295.9 0     0.0 0    -0.1 0 -9999.9 1   -69.4 0 -9999.9 1 -9999.9 1 -9999.9 1 -9999.9 1   211.5 0 -9999.9 1
 1999 186  7  5  3 39  3.650 109.12    -4.2 0 -9999.9 1 -9999.9 1     0.4 0   361.2 0   311.9 0   310.1 0   430.3 0   296.1 0   296.1 0     0.0 0    -0.2 0 -9999.9 1   -69.1 0 -9999.9 1 -9999.9 1 -9999.9 1 -9999.9 1   211.9 0 -9999.9 1
 1999 186  7  5  3 42  3.700 109.44    -4.2 0 -9999.9 1 -9999.9 1     0.6 0   362.1 0   311.8 0   310.1 0   431.4 0   296.2 0   296.1 0     0.0 0    -0.2 0 -9999.9 1   -69.3 0 -9999.9 1 -9999.9 1 -9999.9 1 -9999.9 1   212.4 0 -9999.9 1
 1999 186  7  5  3 48  3.800 110.06    -4.5 0 -9999.9 1 -9999.9 1     0.8 0   361.3 0   311.6 0   309.8 0   431.3 0   296.1 0   296.1 0     0.0 0    -0.2 0 -9999.9 1   -70.0 0 -9999.9 1 -9999.9 1 -9999.9 1 -9999.9 1   216.1 0 -9999.9 1
 1999 186  7  5  3 51  3.850 110.36    -4.5 0 -9999.9 1 -9999.9 1     0.9 0   361.6 0   311.5 0   309.7 0   431.4 0   296.1 0   296.1 0     0.0 0    -0.2 0 -9999.9 1   -69.8 0 -9999.9 1 -9999.9 1 -9999.9 1 -9999.9 1   219.2 0 -9999.9 1
 1999 186  7  5  3 54  3.900 110.66    -4.6 0 -9999.9 1 -9999.9 1     0.9 0   360.4 0   311.3 0   309.4 0   430.8 0   296.0 0   296.0 0     0.0 0    -0.2 0 -9999.9 1   -70.5 0 -9999.9 1 -9999.9 1 -9999.9 1 -9999.9 1   218.4 0 -9999.9 1
 1999 186  7  5  3 57  3.950 110.95    -4.7 0 -9999.9 1 -9999.9 1     1.2 0   360.3 0   311.2 0   309.2 0   431.1 0   296.0 0   296.0 0     0.0 0    -0.2 0 -9999.9 1   -70.7 0 -9999.9 1 -9999.9 1 -9999.9 1 -9999.9 1   218.7 0 -9999.9 1
 1999 186  7  5  4  3  4.050 111.52    -5.0 0 -9999.9 1 -9999.9 1     1.1 0   356.1 0   310.8 0   308.9 0   429.1 0   295.8 0   295.8 0     0.0 2    -0.1 0 -9999.9 1   -73.0 0 -9999.9 1 -9999.9 1 -9999.9 1 -9999.9 1   220.3 0 -9999.9 1
 1999 186  7  5  4  6  4.100 111.79    -4.8 0 -9999.9 1 -9999.9 1     0.9 0   354.8 0   310.7 0   308.9 0   428.5 0   295.8 0   295.8 0     0.0 2    -0.2 0 -9999.9 1   -73.7 0 -9999.9 1 -9999.9 1 -9999.9 1 -9999.9 1   220.3 0 -9999.9 1
 1999 186  7  5  4  9  4.150 112.06    -4.6 0 -9999.9 1 -9999.9 1     1.0 0   354.1 0   310.6 0   308.8 0   428.3 0   295.8 0   295.7 0     0.0 2    -0.1 0 -9999.9 1   -74.2 0 -9999.9 1 -9999.9 1 -9999.9 1 -9999.9 1   218.7 0 -9999.9 1
 1999 186  7  5  4 12  4.200 112.32    -4.7 0 -9999.9 1 -9999.9 1     1.5 0   355.6 0   310.5 0   308.6 0   429.0 0   295.8 0   295.8 0     0.0 2    -0.2 0 -9999.9 1   -73.4 0 -9999.9 1 -9999.9 1 -9999.9 1 -9999.9 1   219.0 0 -9999.9 1
 1999 186  7  5  4 18  4.300 112.82    -4.8 0 -9999.9 1 -9999.9 1     1.4 0   357.3 0   310.4 0   308.5 0   429.3 0   295.9 0   295.8 0     0.0 2    -0.2 0 -9999.9 1   -71.9 0 -9999.9 1 -9999.9 1 -9999.9 1 -9999.9 1   218.6 0 -9999.9 1
 1999 186  7  5  4 21  4.350 113.07    -4.7 0 -9999.9 1 -9999.9 1     1.2 0   356.9 0   310.3 0   308.5 0   429.1 0   295.9 0   295.8 0     0.0 2    -0.2 0 -9999.9 1   -72.2 0 -9999.9 1 -9999.9 1 -9999.9 1 -9999.9 1   219.9 0 -9999.9 1
 1999 186  7  5  4 24  4.400 113.30    -4.7 0 -9999.9 1 -9999.9 1     1.0 0   353.8 0   310.1 0   308.4 0   427.8 0   295.8 0   295.7 0     0.0 2    -0.1 0 -9999.9 1   -74.0 0 -9999.9 1 -9999.9 1 -9999.9 1 -9999.9 1   219.0 0 -9999.9 1
 1999 186  7  5  4 27  4.450 113.53    -4.6 0 -9999.9 1 -9999.9 1     1.1 0   354.7 0   310.1 0   308.2 0   427.7 0   295.7 0   295.7 0     0.0 2    -0.2 0 -9999.9 1   -73.0 0 -9999.9 1 -9999.9 1 -9999.9 1 -9999.9 1   216.1 0 -9999.9 1
 1999 186  7  5  4 33  4.550 113.97    -4.6 0 -9999.9 1 -9999.9 1     1.3 0   353.6 0   309.9 0   308.1 0   427.9 0   295.7 0   295.6 0     0.0 2    -0.1 0 -9999.9 1   -74.2 0 -9999.9 1 -9999.9 1 -9999.9 1 -9999.9 1   214.9 0 -9999.9 1
 1999 186  7  5  4 36  4.600 114.18    -4.5 0 -9999.9 1 -9999.9 1     1.1 0   353.6 0   309.9 0   308.1 0   428.2 0   295.7 0   295.6 0     0.0 2    -0.2 0 -9999.9 1   -74.5 0 -9999.9 1 -9999.9 1 -9999.9 1 -9999.9 1   218.1 0 -9999.9 1
 1999 186  7  5  4 39  4.650 114.39    -4.6 0 -9999.9 1 -9999.9 1     1.1 0   353.6 0   309.8 0   308.1 0   428.3 0   295.7 0   295.6 0     0.0 2    -0.1 0 -9999.9 1   -74.6 0 -9999.9 1 -9999.9 1 -9999.9 1 -9999.9 1   223.9 0 -9999.9 1
 1999 186  7  5  4 42  4.700 114.58    -4.5 0 -9999.9 1 -9999.9 1     0.5 0   352.6 0   309.7 0   307.9 0   427.7 0   295.5 0   295.4 0     0.0 2    -0.1 0 -9999.9 1   -75.1 0 -9999.9 1 -9999.9 1 -9999.9 1 -9999.9 1   227.9 0 -9999.9 1
 1999 186  7  5  4 48  4.800 114.96    -4.5 0 -9999.9 1 -9999.9 1     0.3 0   351.5 0   309.4 0   307.7 0   427.0 0   295.4 0   295.3 0     0.0 2    -0.1 0 -9999.9 1   -75.5 0 -9999.9 1 -9999.9 1 -9999.9 1 -9999.9 1   235.9 0 -9999.9 1
 1999 186  7  5  4 51  4.850 115.13    -4.5 0 -9999.9 1 -9999.9 1     0.0 0   351.3 0   309.3 0   307.6 0   426.4 0   295.3 0   295.2 0     0.0 2    -0.1 0 -9999.9 1   -75.1 0 -9999.9 1 -9999.9 1 -9999.9 1 -9999.9 1   239.2 0 -9999.9 1
 1999 186  7  5  4 54  4.900 115.30    -4.5 0 -9999.9 1 -9999.9 1    -0.2 0   351.1 0   309.2 0   307.4 0   426.5 0   295.2 0   295.1 0     0.0 2    -0.1 0 -9999.9 1   -75.4 0 -9999.9 1 -9999.9 1 -9999.9 1 -9999.9 1   238.2 0 -9999.9 1
 1999 186  7  5  4 57  4.950 115.46    -4.6 0 -9999.9 1 -9999.9 1    -0.1 0   352.3 0   309.1 0   307.4 0   427.1 0   295.3 0   295.2 0     0.0 2    -0.1 0 -9999.9 1   -74.7 0 -9999.9 1 -9999.9 1 -9999.9 1 -9999.9 1   237.6 0 -9999.9 1
 1999 186  7  5  5  3  5.050 115.76    -4.6 0 -9999.9 1 -9999.9 1    -0.1 0   352.5 0   309.0 0   307.3 0   426.9 0   295.3 0   295.2 0     0.0 2    -0.2 0 -9999.9 1   -74.3 0 -9999.9 1 -9999.9 1 -9999.9 1 -9999.9 1   233.6 0 -9999.9 1
 1999 186  7  5  5  6  5.100 115.90    -4.7 0 -9999.9 1 -9999.9 1     0.3 0   353.9 0   309.0 0   307.2 0   427.6 0   295.3 0   295.3 0     0.0 2    -0.1 0 -9999.9 1   -73.7 0 -9999.9 1 -9999.9 1 -9999.9 1 -9999.9 1   230.4 0 -9999.9 1
 1999 186  7  5  5  9  5.150 116.03    -4.6 0 -9999.9 1 -9999.9 1     0.5 0   354.8 0   309.1 0   307.3 0   427.9 0   295.4 0   295.4 0     0.0 2    -0.1 0 -9999.9 1   -73.1 0 -9999.9 1 -9999.9 1 -9999.9 1 -9999.9 1   228.6 0 -9999.9 1
 1999 186  7  5  5 12  5.200 116.16    -4.5 0 -9999.9 1 -9999.9 1     0.4 0   354.3 0   309.1 0   307.4 0   427.9 0   295.5 0   295.4 0     0.0 2    -0.2 0 -9999.9 1   -73.6 0 -9999.9 1 -9999.9 1 -9999.9 1 -9999.9 1   229.3 0 -9999.9 1
 1999 186  7  5  5 18  5.300 116.39    -4.5 0 -9999.9 1 -9999.9 1     0.1 0   354.5 0   309.0 0   307.2 0   427.1 0   295.4 0   295.3 0     0.0 2    -0.1 0 -9999.9 1   -72.7 0 -9999.9 1 -9999.9 1 -9999.9 1 -9999.9 1   226.3 0 -9999.9 1
 1999 186  7  5  5 21  5.350 116.49    -4.5 0 -9999.9 1 -9999.9 1     0.3 0   353.9 0   308.9 0   307.2 0   426.9 0   295.4 0   295.3 0     0.0 2    -0.1 0 -9999.9 1   -73.0 0 -9999.9 1 -9999.9 1 -9999.9 1 -9999.9 1   226.4 0 -9999.9 1
 1999 186  7  5  5 24  5.400 116.58    -4.4 0 -9999.9 1 -9999.9 1     0.2 0   353.8 0   308.9 0   307.2 0   426.6 0   295.4 0   295.3 0     0.0 2    -0.1 0 -9999.9 1   -72.7 0 -9999.9 1 -9999.9 1 -9999.9 1 -9999.9 1   223.9 0 -9999.9 1
 1999 186  7  5  5 27  5.450 116.67    -4.5 0 -9999.9 1 -9999.9 1     0.3 0   353.5 0   308.8 0   307.1 0   426.3 0   295.3 0   295.2 0     0.0 2    -0.1 0 -9999.9 1   -72.8 0 -9999.9 1 -9999.9 1 -9999.9 1 -9999.9 1   227.8 0 -9999.9 1
 1999 186  7  5  5 33  5.550 116.82    -4.5 0 -9999.9 1 -9999.9 1     0.2 0   357.8 0   309.0 0   307.2 0   427.9 0   295.5 0   295.4 0     0.0 0    -0.1 0 -9999.9 1   -70.1 0 -9999.9 1 -9999.9 1 -9999.9 1 -9999.9 1   236.7 0 -9999.9 1
 1999 186  7  5  5 36  5.600 116.89    -4.7 0 -9999.9 1 -9999.9 1     0.6 0   359.2 0   309.0 0   307.2 0   429.1 0   295.5 0   295.5 0     0.0 0    -0.2 0 -9999.9 1   -69.8 0 -9999.9 1 -9999.9 1 -9999.9 1 -9999.9 1   233.9 0 -9999.9 1
 1999 186  7  5  5 39  5.650 116.95    -4.6 0 -9999.9 1 -9999.9 1     0.7 0   360.2 0   309.0 0   307.2 0   429.2 0   295.6 0   295.5 0     0.0 0    -0.1 0 -9999.9 1   -69.0 0 -9999.9 1 -9999.9 1 -9999.9 1 -9999.9 1   234.6 0 -9999.9 1
 1999 186  7  5  5 42  5.700 116.99    -4.8 0 -9999.9 1 -9999.9 1     0.6 0   358.6 0   308.8 0   306.8 0   428.1 0   295.4 0   295.3 0     0.0 2    -0.1 0 -9999.9 1   -69.5 0 -9999.9 1 -9999.9 1 -9999.9 1 -9999.9 1   235.1 0 -9999.9 1
 1999 186  7  5  5 48  5.800 117.07    -4.8 0 -9999.9 1 -9999.9 1     0.9 0   356.9 0   308.6 0   306.7 0   427.6 0   295.3 0   295.2 0     0.0 2    -0.1 0 -9999.9 1   -70.6 0 -9999.9 1 -9999.9 1 -9999.9 1 -9999.9 1   229.0 0 -9999.9 1
 1999 186  7  5  5 51  5.850 117.10    -4.9 0 -9999.9 1 -9999.9 1     0.6 0   357.5 0   308.6 0   306.8 0   427.9 0   295.4 0   295.3 0     0.0 0    -0.1 0 -9999.9 1   -70.3 0 -9999.9 1 -9999.9 1 -9999.9 1 -9999.9 1   230.5 0 -9999.9 1
 1999 186  7  5  5 54  5.900 117.11    -4.9 0 -9999.9 1 -9999.9 1     0.0 0   356.5 0   308.4 0   306.6 0   427.0 0   295.3 0   295.2 0     0.0 2    -0.1 0 -9999.9 1   -70.5 0 -9999.9 1 -9999.9 1 -9999.9 1 -9999.9 1   230.8 0 -9999.9 1
 1999 186  7  5  5 57  5.950 117.12    -4.7 0 -9999.9 1 -9999.9 1     0.3 0   357.9 0   308.5 0   306.6 0   427.9 0   295.4 0   295.3 0     0.0 2    -0.2 0 -9999.9 1   -70.0 0 -9999.9 1 -9999.9 1 -9999.9 1 -9999.9 1   230.3 0 -9999.9 1
 1999 186  7  5  6  3  6.050 117.12    -4.9 0 -9999.9 1 -9999.9 1     0.3 0   358.7 0   308.3 0   306.5 0   427.9 0   295.4 0   295.3 0     0.0 2    -0.1 0 -9999.9 1   -69.2 0 -9999.9 1 -9999.9 1 -9999.9 1 -9999.9 1   229.3 0 -9999.9 1
 1999 186  7  5  6  6  6.100 117.11    -4.8 0 -9999.9 1 -9999.9 1     0.2 0   358.6 0   308.3 0   306.5 0   427.8 0   295.4 0   295.4 0     0.0 2    -0.1 0 -9999.9 1   -69.2 0 -9999.9 1 -9999.9 1 -9999.9 1 -9999.9 1   229.4 0 -9999.9 1
 1999 186  7  5  6  9  6.150 117.09    -4.8 0 -9999.9 1 -9999.9 1     0.2 0   358.9 0   308.3 0   306.5 0   428.4 0   295.5 0   295.5 0     0.0 0    -0.2 0 -9999.9 1   -69.4 0 -9999.9 1 -9999.9 1 -9999.9 1 -9999.9 1   229.2 0 -9999.9 1
 1999 186  7  5  6 12  6.200 117.06    -4.8 0 -9999.9 1 -9999.9 1     0.3 0   359.3 0   308.2 0   306.3 0   427.7 0   295.5 0   295.4 0     0.0 0    -0.2 0 -9999.9 1   -68.4 0 -9999.9 1 -9999.9 1 -9999.9 1 -9999.9 1   230.3 0 -9999.9 1
 1999 186  7  5  6 18  6.300 116.98    -4.8 0 -9999.9 1 -9999.9 1     0.3 0   358.3 0   308.0 0   306.2 0   427.2 0   295.5 0   295.4 0     0.0 2    -0.2 0 -9999.9 1   -68.9 0 -9999.9 1 -9999.9 1 -9999.9 1 -9999.9 1   233.6 0 -9999.9 1
 1999 186  7  5  6 21  6.350 116.93    -4.7 0 -9999.9 1 -9999.9 1    -0.2 0   357.8 0   307.9 0   306.2 0   426.6 0   295.4 0   295.4 0     0.0 2    -0.1 0 -9999.9 1   -68.9 0 -9999.9 1 -9999.9 1 -9999.9 1 -9999.9 1   234.7 0 -9999.9 1
 1999 186  7  5  6 24  6.400 116.87    -4.6 0 -9999.9 1 -9999.9 1    -0.4 0   357.4 0   307.8 0   306.1 0   426.0 0   295.4 0   295.3 0     0.0 2    -0.2 0 -9999.9 1   -68.5 0 -9999.9 1 -9999.9 1 -9999.9 1 -9999.9 1   233.3 0 -9999.9 1
 1999 186  7  5  6 27  6.450 116.80    -4.6 0 -9999.9 1 -9999.9 1    -0.5 0   358.3 0   307.8 0   306.0 0   426.1 0   295.3 0   295.3 0     0.0 2    -0.2 0 -9999.9 1   -67.8 0 -9999.9 1 -9999.9 1 -9999.9 1 -9999.9 1   232.4 0 -9999.9 1
 1999 186  7  5  6 33  6.550 116.64    -4.6 0 -9999.9 1 -9999.9 1    -0.6 0   357.1 0   307.7 0   305.9 0   425.8 0   295.3 0   295.2 0     0.0 2    -0.2 0 -9999.9 1   -68.7 0 -9999.9 1 -9999.9 1 -9999.9 1 -9999.9 1   229.8 0 -9999.9 1
 1999 186  7  5  6 36  6.600 116.55    -4.6 0 -9999.9 1 -9999.9 1    -0.5 0   356.3 0   307.6 0   305.9 0   425.2 0   295.2 0   295.1 0     0.0 2    -0.1 0 -9999.9 1   -68.9 0 -9999.9 1 -9999.9 1 -9999.9 1 -9999.9 1   228.4 0 -9999.9 1
 1999 186  7  5  6 39  6.650 116.46    -4.5 0 -9999.9 1 -9999.9 1    -0.4 0   355.6 0   307.6 0   306.0 0   424.6 0   295.2 0   295.1 0     0.0 2    -0.2 0 -9999.9 1   -69.0 0 -9999.9 1 -9999.9 1 -9999.9 1 -9999.9 1   229.1 0 -9999.9 1
 1999 186  7  5  6 42  6.700 116.35    -4.5 0 -9999.9 1 -9999.9 1    -0.8 0   356.2 0   307.6 0   305.9 0   424.5 0   295.1 0   295.0 0     0.0 2    -0.2 0 -9999.9 1   -68.2 0 -9999.9 1 -9999.9 1 -9999.9 1 -9999.9 1   232.1 0 -9999.9 1
 1999 186  7  5  6 48  6.800 116.12    -4.5 0 -9999.9 1 -9999.9 1    -1.0 0   356.1 0   307.5 0   305.8 0   423.8 0   295.0 0   294.9 0     0.0 2    -0.2 0 -9999.9 1   -67.8 0 -9999.9 1 -9999.9 1 -9999.9 1 -9999.9 1   230.1 0 -9999.9 1
 1999 186  7  5  6 51  6.850 115.99    -4.3 0 -9999.9 1 -9999.9 1    -0.8 0   354.6 0   307.5 0   305.9 0   423.6 0   295.0 0   294.9 0     0.0 2    -0.1 0 -9999.9 1   -68.9 0 -9999.9 1 -9999.9 1 -9999.9 1 -9999.9 1   228.7 0 -9999.9 1
 1999 186  7  5  6 54  6.900 115.86    -4.3 0 -9999.9 1 -9999.9 1    -0.7 0   354.3 0   307.5 0   305.8 0   423.4 0   294.9 0   294.8 0     0.0 2    -0.1 0 -9999.9 1   -69.1 0 -9999.9 1 -9999.9 1 -9999.9 1 -9999.9 1   230.3 0 -9999.9 1
 1999 186  7  5  6 57  6.950 115.71    -4.3 0 -9999.9 1 -9999.9 1    -0.9 0   353.2 0   307.5 0   305.9 0   423.1 0   294.9 0   294.8 0     0.0 2    -0.1 0 -9999.9 1   -69.9 0 -9999.9 1 -9999.9 1 -9999.9 1 -9999.9 1   231.2 0 -9999.9 1
 1999 186  7  5  7  3  7.050 115.41    -4.4 0 -9999.9 1 -9999.9 1    -1.1 0   352.0 0   307.5 0   305.8 0   423.0 0   294.8 0   294.7 0     0.0 2    -0.1 0 -9999.9 1   -71.1 0 -9999.9 1 -9999.9 1 -9999.9 1 -9999.9 1   229.8 0 -9999.9 1
 1999 186  7  5  7  6  7.100 115.24    -4.3 0 -9999.9 1 -9999.9 1    -0.7 0   352.2 0   307.5 0   305.8 0   422.9 0   294.8 0   294.7 0     0.0 2    -0.1 0 -9999.9 1   -70.8 0 -9999.9 1 -9999.9 1 -9999.9 1 -9999.9 1   228.2 0 -9999.9 1
 1999 186  7  5  7  9  7.150 115.07    -4.3 0 -9999.9 1 -9999.9 1    -0.6 0   352.8 0   307.5 0   305.8 0   422.5 0   294.7 0   294.6 0     0.0 2    -0.2 0 -9999.9 1   -69.7 0 -9999.9 1 -9999.9 1 -9999.9 1 -9999.9 1   226.6 0 -9999.9 1
 1999 186  7  5  7 12  7.200 114.90    -4.4 0 -9999.9 1 -9999.9 1    -0.5 0   352.6 0   307.5 0   305.8 0   422.3 0   294.7 0   294.6 0     0.0 2    -0.1 0 -9999.9 1   -69.7 0 -9999.9 1 -9999.9 1 -9999.9 1 -9999.9 1   226.0 0 -9999.9 1
 1999 186  7  5  7 18  7.300 114.52    -4.3 0 -9999.9 1 -9999.9 1    -0.8 0   353.1 0   307.6 0   305.9 0   422.8 0   294.7 0   294.6 0     0.0 2    -0.1 0 -9999.9 1   -69.7 0 -9999.9 1 -9999.9 1 -9999.9 1 -9999.9 1   227.6 0 -9999.9 1
 1999 186  7  5  7 21  7.350 114.32    -4.3 0 -9999.9 1 -9999.9 1    -0.8 0   353.5 0   307.6 0   305.9 0   423.2 0   294.7 0   294.6 0     0.0 2    -0.1 0 -9999.9 1   -69.7 0 -9999.9 1 -9999.9 1 -9999.9 1 -9999.9 1   227.3 0 -9999.9 1
 1999 186  7  5  7 24  7.400 114.11    -4.3 0 -9999.9 1 -9999.9 1    -0.8 0   354.4 0   307.7 0   306.0 0   423.4 0   294.7 0   294.7 0     0.0 0    -0.1 0 -9999.9 1   -69.0 0 -9999.9 1 -9999.9 1 -9999.9 1 -9999.9 1   224.9 0 -9999.9 1
 1999 186  7  5  7 27  7.450 113.90    -4.3 0 -9999.9 1 -9999.9 1    -0.3 0   354.6 0   307.7 0   305.9 0   423.3 0   294.7 0   294.6 0     0.0 0    -0.1 0 -9999.9 1   -68.7 0 -9999.9 1 -9999.9 1 -9999.9 1 -9999.9 1   225.9 0 -9999.9 1
 1999 186  7  5  7 33  7.550 113.46    -4.3 0 -9999.9 1 -9999.9 1     0.6 0   352.4 0   307.8 0   306.1 0   422.6 0   294.7 0   294.6 0     0.0 0    -0.1 0 -9999.9 1   -70.2 0 -9999.9 1 -9999.9 1 -9999.9 1 -9999.9 1   218.9 0 -9999.9 1
 1999 186  7  5  7 36  7.600 113.23    -4.3 0 -9999.9 1 -9999.9 1     0.3 0   351.5 0   307.8 0   306.1 0   422.0 0   294.6 0   294.5 0     0.0 0    -0.1 0 -9999.9 1   -70.5 0 -9999.9 1 -9999.9 1 -9999.9 1 -9999.9 1   217.6 0 -9999.9 1
 1999 186  7  5  7 39  7.650 112.99    -4.3 0 -9999.9 1 -9999.9 1     0.2 0   350.1 0   307.6 0   305.9 0   420.6 0   294.4 0   294.3 0     0.0 2    -0.2 0 -9999.9 1   -70.5 0 -9999.9 1 -9999.9 1 -9999.9 1 -9999.9 1   224.0 0 -9999.9 1
 1999 186  7  5  7 42  7.700 112.74    -4.2 0 -9999.9 1 -9999.9 1    -0.7 0   348.6 0   307.5 0   305.9 0   419.7 0   294.2 0   294.1 0     0.0 2    -0.1 0 -9999.9 1   -71.1 0 -9999.9 1 -9999.9 1 -9999.9 1 -9999.9 1   232.1 0 -9999.9 1
 1999 186  7  5  7 48  7.800 112.23    -4.2 0 -9999.9 1 -9999.9 1    -0.9 0   347.5 0   307.3 0   305.7 0   418.5 0   294.0 0   293.9 0     0.0 2    -0.1 0 -9999.9 1   -71.1 0 -9999.9 1 -9999.9 1 -9999.9 1 -9999.9 1   238.1 0 -9999.9 1
 1999 186  7  5  7 51  7.850 111.97    -4.2 0 -9999.9 1 -9999.9 1    -0.7 0   346.7 0   307.3 0   305.7 0   418.5 0   293.9 0   293.8 0     0.0 2    -0.2 0 -9999.9 1   -71.8 0 -9999.9 1 -9999.9 1 -9999.9 1 -9999.9 1   237.2 0 -9999.9 1
 1999 186  7  5  7 54  7.900 111.70    -4.2 0 -9999.9 1 -9999.9 1    -0.6 0   348.1 0   307.4 0   305.8 0   419.1 0   294.0 0   293.9 0     0.0 2    -0.2 0 -9999.9 1   -71.0 0 -9999.9 1 -9999.9 1 -9999.9 1 -9999.9 1   237.7 0 -9999.9 1
 1999 186  7  5  7 57  7.950 111.42    -4.2 0 -9999.9 1 -9999.9 1    -0.4 0   346.5 0   307.3 0   305.8 0   418.2 0   293.8 0   293.7 0     0.0 2    -0.1 0 -9999.9 1   -71.7 0 -9999.9 1 -9999.9 1 -9999.9 1 -9999.9 1   238.8 0 -9999.9 1
 1999 186  7  5  8  3  8.050 110.86    -4.1 0 -9999.9 1 -9999.9 1     0.0 0   346.6 0   307.5 0   305.9 0   418.2 0   293.9 0   293.8 0     0.0 2    -0.2 0 -9999.9 1   -71.6 0 -9999.9 1 -9999.9 1 -9999.9 1 -9999.9 1   230.4 0 -9999.9 1
 1999 186  7  5  8  6  8.100 110.56    -4.1 0 -9999.9 1 -9999.9 1     0.0 0   345.4 0   307.4 0   305.9 0   417.1 0   293.8 0   293.7 0     0.0 2    -0.1 0 -9999.9 1   -71.7 0 -9999.9 1 -9999.9 1 -9999.9 1 -9999.9 1   228.2 0 -9999.9 1
 1999 186  7  5  8  9  8.150 110.26    -4.1 0 -9999.9 1 -9999.9 1    -0.3 0   345.7 0   307.5 0   305.9 0   417.0 0   293.7 0   293.6 0     0.0 2    -0.1 0 -9999.9 1   -71.4 0 -9999.9 1 -9999.9 1 -9999.9 1 -9999.9 1   227.6 0 -9999.9 1
 1999 186  7  5  8 12  8.200 109.96    -4.1 0 -9999.9 1 -9999.9 1    -0.1 0   348.8 0   307.7 0   306.1 0   418.2 0   293.9 0   293.8 0     0.0 2    -0.1 0 -9999.9 1   -69.5 0 -9999.9 1 -9999.9 1 -9999.9 1 -9999.9 1   225.1 0 -9999.9 1
 1999 186  7  5  8 18  8.300 109.33    -4.2 0 -9999.9 1 -9999.9 1     0.0 0   350.9 0   307.8 0   306.2 0   419.1 0   293.9 0   293.8 0     0.0 2    -0.2 0 -9999.9 1   -68.2 0 -9999.9 1 -9999.9 1 -9999.9 1 -9999.9 1   222.8 0 -9999.9 1
 1999 186  7  5  8 21  8.350 109.01    -4.2 0 -9999.9 1 -9999.9 1     0.0 0   350.3 0   307.8 0   306.2 0   418.9 0   293.8 0   293.8 0     0.0 2    -0.1 0 -9999.9 1   -68.6 0 -9999.9 1 -9999.9 1 -9999.9 1 -9999.9 1   222.2 0 -9999.9 1
 1999 186  7  5  8 24  8.400 108.68    -4.2 0 -9999.9 1 -9999.9 1    -0.2 0   350.2 0   307.8 0   306.2 0   418.7 0   293.8 0   293.7 0     0.0 2    -0.1 0 -9999.9 1   -68.6 0 -9999.9 1 -9999.9 1 -9999.9 1 -9999.9 1   224.2 0 -9999.9 1
 1999 186  7  5  8 27  8.450 108.35    -4.3 0 -9999.9 1 -9999.9 1    -0.4 0   350.7 0   307.8 0   306.2 0   418.8 0   293.8 0   293.7 0     0.0 2    -0.2 0 -9999.9 1   -68.1 0 -9999.9 1 -9999.9 1 -9999.9 1 -9999.9 1   224.6 0 -9999.9 1
 1999 186  7  5  8 33  8.550 107.67    -4.2 0 -9999.9 1 -9999.9 1     0.0 0   349.9 0   307.8 0   306.1 0   419.0 0   293.7 0   293.7 0     0.0 2    -0.1 0 -9999.9 1   -69.1 0 -9999.9 1 -9999.9 1 -9999.9 1 -9999.9 1   227.8 0 -9999.9 1
 1999 186  7  5  8 36  8.600 107.33    -4.4 0 -9999.9 1 -9999.9 1     0.1 0   350.8 0   307.9 0   306.2 0   419.5 0   293.8 0   293.8 0     0.0 2    -0.2 0 -9999.9 1   -68.8 0 -9999.9 1 -9999.9 1 -9999.9 1 -9999.9 1   231.4 0 -9999.9 1
 1999 186  7  5  8 39  8.650 106.97    -4.3 0 -9999.9 1 -9999.9 1    -0.2 0   351.1 0   307.9 0   306.2 0   419.4 0   293.8 0   293.8 0     0.0 2    -0.1 0 -9999.9 1   -68.3 0 -9999.9 1 -9999.9 1 -9999.9 1 -9999.9 1   229.1 0 -9999.9 1
 1999 186  7  5  8 42  8.700 106.62    -4.3 0 -9999.9 1 -9999.9 1     0.2 0   350.9 0   307.9 0   306.2 0   419.3 0   293.9 0   293.8 0     0.0 2    -0.2 0 -9999.9 1   -68.5 0 -9999.9 1 -9999.9 1 -9999.9 1 -9999.9 1   227.7 0 -9999.9 1
 1999 186  7  5  8 48  8.800 105.89    -4.4 0 -9999.9 1 -9999.9 1     0.3 0   352.3 0   307.9 0   306.1 0   419.2 0   293.9 0   293.8 0     0.0 2    -0.2 0 -9999.9 1   -66.9 0 -9999.9 1 -9999.9 1 -9999.9 1 -9999.9 1   233.4 0 -9999.9 1
 1999 186  7  5  8 51  8.850 105.52    -4.4 0 -9999.9 1 -9999.9 1     0.4 0   351.1 0   307.8 0   306.1 0   419.1 0   293.8 0   293.8 0     0.0 2    -0.2 0 -9999.9 1   -68.0 0 -9999.9 1 -9999.9 1 -9999.9 1 -9999.9 1   229.8 0 -9999.9 1
 1999 186  7  5  8 54  8.900 105.14    -4.5 0 -9999.9 1 -9999.9 1     0.3 0   350.7 0   307.8 0   306.1 0   419.2 0   293.8 0   293.8 0     0.0 2    -0.2 0 -9999.9 1   -68.5 0 -9999.9 1 -9999.9 1 -9999.9 1 -9999.9 1   226.8 0 -9999.9 1
 1999 186  7  5  8 57  8.950 104.76    -4.5 0 -9999.9 1 -9999.9 1     0.6 0   351.5 0   307.9 0   306.1 0   419.6 0   293.9 0   293.9 0     0.0 0    -0.2 0 -9999.9 1   -68.0 0 -9999.9 1 -9999.9 1 -9999.9 1 -9999.9 1   225.0 0 -9999.9 1
 1999 186  7  5  9  3  9.050 103.99    -4.5 0 -9999.9 1 -9999.9 1     0.7 0   350.7 0   307.9 0   306.2 0   419.9 0   294.0 0   293.9 0     0.0 0    -0.2 0 -9999.9 1   -69.2 0 -9999.9 1 -9999.9 1 -9999.9 1 -9999.9 1   224.8 0 -9999.9 1
 1999 186  7  5  9  6  9.100 103.59    -4.5 0 -9999.9 1 -9999.9 1     0.7 0   351.2 0   307.9 0   306.1 0   419.9 0   293.9 0   293.9 0     0.0 2    -0.2 0 -9999.9 1   -68.8 0 -9999.9 1 -9999.9 1 -9999.9 1 -9999.9 1   222.0 0 -9999.9 1
 1999 186  7  5  9  9  9.150 103.19    -4.5 0 -9999.9 1 -9999.9 1     0.9 0   351.7 0   307.9 0   306.0 0   419.8 0   294.0 0   293.9 0     0.0 0    -0.2 0 -9999.9 1   -68.1 0 -9999.9 1 -9999.9 1 -9999.9 1 -9999.9 1   221.9 0 -9999.9 1
 1999 186  7  5  9 12  9.200 102.79    -4.5 0 -9999.9 1 -9999.9 1     0.9 0   352.2 0   307.9 0   306.1 0   420.2 0   294.1 0   294.0 0     0.0 0    -0.1 0 -9999.9 1   -68.0 0 -9999.9 1 -9999.9 1 -9999.9 1 -9999.9 1   223.0 0 -9999.9 1
 1999 186  7  5  9 18  9.300 101.98    -4.5 0 -9999.9 1 -9999.9 1     0.0 0   350.5 0   307.8 0   306.0 0   419.6 0   294.0 0   293.9 0     0.0 0    -0.2 0 -9999.9 1   -69.1 0 -9999.9 1 -9999.9 1 -9999.9 1 -9999.9 1   226.6 0 -9999.9 1
 1999 186  7  5  9 21  9.350 101.56    -4.6 0 -9999.9 1 -9999.9 1    -0.3 0   351.0 0   307.7 0   305.9 0   419.7 0   293.9 0   293.9 0     0.0 2    -0.2 0 -9999.9 1   -68.6 0 -9999.9 1 -9999.9 1 -9999.9 1 -9999.9 1   229.6 0 -9999.9 1
 1999 186  7  5  9 24  9.400 101.15    -4.6 0 -9999.9 1 -9999.9 1     0.1 0   350.0 0   307.6 0   305.8 0   419.6 0   293.9 0   293.8 0     0.0 2    -0.1 0 -9999.9 1   -69.6 0 -9999.9 1 -9999.9 1 -9999.9 1 -9999.9 1   226.6 0 -9999.9 1
 1999 186  7  5  9 27  9.450 100.72    -4.6 0 -9999.9 1 -9999.9 1     0.3 0   350.1 0   307.6 0   305.8 0   419.5 0   293.9 0   293.8 0     0.0 2    -0.2 0 -9999.9 1   -69.4 0 -9999.9 1 -9999.9 1 -9999.9 1 -9999.9 1   225.3 0 -9999.9 1
 1999 186  7  5  9 33  9.550  99.87    -4.4 0 -9999.9 1 -9999.9 1     0.3 0   348.3 0   307.6 0   305.9 0   419.0 0   293.9 0   293.9 0     0.0 0    -0.2 0 -9999.9 1   -70.7 0 -9999.9 1 -9999.9 1 -9999.9 1 -9999.9 1   221.6 0 -9999.9 1
 1999 186  7  5  9 36  9.600  99.44    -4.4 0 -9999.9 1 -9999.9 1     0.2 0   347.7 0   307.5 0   305.9 0   418.6 0   293.9 0   293.8 0     0.0 2    -0.1 0 -9999.9 1   -70.9 0 -9999.9 1 -9999.9 1 -9999.9 1 -9999.9 1   222.8 0 -9999.9 1
 1999 186  7  5  9 39  9.650  99.00    -4.4 0 -9999.9 1 -9999.9 1     0.2 0   347.4 0   307.5 0   305.8 0   418.5 0   293.9 0   293.8 0     0.0 2    -0.2 0 -9999.9 1   -71.2 0 -9999.9 1 -9999.9 1 -9999.9 1 -9999.9 1   221.6 0 -9999.9 1
 1999 186  7  5  9 42  9.700  98.56    -4.3 0 -9999.9 1 -9999.9 1    -0.3 0   347.1 0   307.4 0   305.9 0   417.7 0   293.8 0   293.7 0     0.0 2    -0.2 0 -9999.9 1   -70.6 0 -9999.9 1 -9999.9 1 -9999.9 1 -9999.9 1   226.4 0 -9999.9 1
 1999 186  7  5  9 48  9.800  97.67    -4.4 0 -9999.9 1 -9999.9 1     0.0 0   347.9 0   307.5 0   305.9 0   418.6 0   293.9 0   293.8 0     0.0 0    -0.1 0 -9999.9 1   -70.7 0 -9999.9 1 -9999.9 1 -9999.9 1 -9999.9 1   226.6 0 -9999.9 1
 1999 186  7  5  9 51  9.850  97.22    -4.3 0 -9999.9 1 -9999.9 1     0.2 0   345.3 0   307.4 0   305.7 0   417.3 0   293.7 0   293.6 0     0.0 2    -0.2 0 -9999.9 1   -72.0 0 -9999.9 1 -9999.9 1 -9999.9 1 -9999.9 1   229.2 0 -9999.9 1
 1999 186  7  5  9 54  9.900  96.77    -4.4 0 -9999.9 1 -9999.9 1     0.2 0   345.6 0   307.3 0   305.6 0   417.0 0   293.6 0   293.5 0     0.0 2    -0.1 0 -9999.9 1   -71.4 0 -9999.9 1 -9999.9 1 -9999.9 1 -9999.9 1   230.2 0 -9999.9 1
 1999 186  7  5  9 57  9.950  96.31    -4.3 0 -9999.9 1 -9999.9 1    -0.2 0   344.5 0   307.3 0   305.6 0   416.2 0   293.5 0   293.4 0     0.0 2    -0.1 0 -9999.9 1   -71.7 0 -9999.9 1 -9999.9 1 -9999.9 1 -9999.9 1   233.8 0 -9999.9 1
 1999 186  7  5 10  3 10.050  95.39    -4.3 0 -9999.9 1 -9999.9 1    -1.2 0   345.1 0   307.2 0   305.6 0   416.2 0   293.5 0   293.5 0     0.0 2    -0.1 0 -9999.9 1   -71.0 0 -9999.9 1 -9999.9 1 -9999.9 1 -9999.9 1   242.9 0 -9999.9 1
 1999 186  7  5 10  6 10.100  94.92    -4.2 0 -9999.9 1 -9999.9 1    -1.1 0   344.2 0   307.1 0   305.6 0   415.7 0   293.5 0   293.4 0     0.0 2    -0.1 0 -9999.9 1   -71.5 0 -9999.9 1 -9999.9 1 -9999.9 1 -9999.9 1   241.1 0 -9999.9 1
 1999 186  7  5 10  9 10.150  94.45    -4.1 0 -9999.9 1 -9999.9 1    -1.3 0   344.0 0   307.1 0   305.6 0   415.3 0   293.4 0   293.3 0     0.0 2    -0.1 0 -9999.9 1   -71.3 0 -9999.9 1 -9999.9 1 -9999.9 1 -9999.9 1   238.6 0 -9999.9 1
 1999 186  7  5 10 12 10.200  93.98    -4.0 0 -9999.9 1 -9999.9 1    -0.9 0   343.0 0   307.0 0   305.4 0   414.5 0   293.3 0   293.2 0     0.0 2     0.0 0 -9999.9 1   -71.5 0 -9999.9 1 -9999.9 1 -9999.9 1 -9999.9 1   237.5 0 -9999.9 1
 1999 186  7  5 10 18 10.300  93.03    -3.4 0 -9999.9 1 -9999.9 1    -0.3 0   343.2 0   306.9 0   305.3 0   414.5 0   293.2 0   293.1 0     0.0 2     0.3 0 -9999.9 1   -71.3 0 -9999.9 1 -9999.9 1 -9999.9 1 -9999.9 1   229.4 0 -9999.9 1
 1999 186  7  5 10 21 10.350  92.55    -2.9 0 -9999.9 1 -9999.9 1     0.6 0   340.4 0   306.8 0   305.3 0   413.6 0   293.0 0   293.0 0     0.0 2     0.5 0 -9999.9 1   -73.2 0 -9999.9 1 -9999.9 1 -9999.9 1 -9999.9 1   226.9 0 -9999.9 1
 1999 186  7  5 10 24 10.400  92.07    -2.3 0 -9999.9 1 -9999.9 1     1.0 0   339.3 0   306.9 0   305.4 0   413.5 0   293.0 0   293.0 0     0.0 2     0.9 0 -9999.9 1   -74.2 0 -9999.9 1 -9999.9 1 -9999.9 1 -9999.9 1   225.2 0 -9999.9 1
 1999 186  7  5 10 27 10.450  91.58    -1.5 0 -9999.9 1 -9999.9 1     1.8 0   340.3 0   307.0 0   305.5 0   413.8 0   293.1 0   293.1 0     0.0 2     1.3 0 -9999.9 1   -73.5 0 -9999.9 1 -9999.9 1 -9999.9 1 -9999.9 1   226.1 0 -9999.9 1
 1999 186  7  5 10 33 10.550  89.89     0.9 0 -9999.9 1 -9999.9 1     3.3 0   341.1 0   307.2 0   305.8 0   413.0 0   293.1 0   293.1 0     0.2 2     2.6 0 -9999.9 1   -71.9 0 -9999.9 1 -9999.9 1 -9999.9 1 -9999.9 1   228.3 0 -9999.9 1
 1999 186  7  5 10 36 10.600  89.53     2.4 0 -9999.9 1 -9999.9 1     4.5 0   341.0 0   307.3 0   305.9 0   412.8 0   293.2 0   293.1 0     0.3 2     3.5 0 -9999.9 1   -71.8 0 -9999.9 1 -9999.9 1 -9999.9 1 -9999.9 1   229.9 0 -9999.9 1
 1999 186  7  5 10 39 10.650  89.13     3.9 0 -9999.9 1 -9999.9 1     6.1 0   341.0 0   307.3 0   306.0 0   412.8 0   293.1 0   293.1 0     0.4 2     4.5 0 -9999.9 1   -71.8 0 -9999.9 1 -9999.9 1 -9999.9 1 -9999.9 1   233.1 0 -9999.9 1
 1999 186  7  5 10 42 10.700  88.71     5.8 0 -9999.9 1 -9999.9 1     7.5 0   341.0 0   307.4 0   306.1 0   412.9 0   293.1 0   293.1 0     0.5 2     5.4 0 -9999.9 1   -71.9 0 -9999.9 1 -9999.9 1 -9999.9 1 -9999.9 1   231.1 0 -9999.9 1
 1999 186  7  5 10 48 10.800  87.81    10.2 0 -9999.9 1 -9999.9 1    11.6 0   340.2 0   307.6 0   306.4 0   413.2 0   293.1 0   293.1 0     0.7 2     8.4 0 -9999.9 1   -73.0 0 -9999.9 1 -9999.9 1 -9999.9 1 -9999.9 1   225.5 0 -9999.9 1
 1999 186  7  5 10 51 10.850  87.34    13.2 0 -9999.9 1 -9999.9 1    13.8 0   339.1 0   307.8 0   306.6 0   413.2 0   293.1 0   293.1 0     0.8 2    10.2 0 -9999.9 1   -74.1 0 -9999.9 1 -9999.9 1 -9999.9 1 -9999.9 1   223.8 0 -9999.9 1
 1999 186  7  5 10 54 10.900  86.86    17.2 0 -9999.9 1 -9999.9 1    15.6 0   339.0 0   307.9 0   306.7 0   413.3 0   293.1 0   293.1 0     0.9 2    12.3 0 -9999.9 1   -74.3 0 -9999.9 1 -9999.9 1 -9999.9 1 -9999.9 1   219.4 0 -9999.9 1
 1999 186  7  5 10 57 10.950  86.38    23.0 0 -9999.9 1 -9999.9 1    18.0 0   338.7 0   308.0 0   306.9 0   413.8 0   293.1 0   293.1 0     1.1 2    14.7 0 -9999.9 1   -75.1 0 -9999.9 1 -9999.9 1 -9999.9 1 -9999.9 1   216.7 0 -9999.9 1
 1999 186  7  5 11  3 11.050  85.39    36.3 0 -9999.9 1 -9999.9 1    23.5 0   340.9 0   308.4 0   307.2 0   415.3 0   293.2 0   293.2 0     1.5 2    20.5 0 -9999.9 1   -74.4 0 -9999.9 1 -9999.9 1 -9999.9 1 -9999.9 1   215.6 0 -9999.9 1
 1999 186  7  5 11  6 11.100  84.89    42.2 0 -9999.9 1 -9999.9 1    26.1 0   342.7 0   308.6 0   307.3 0   416.2 0   293.2 0   293.2 0     1.7 2    23.3 0 -9999.9 1   -73.5 0 -9999.9 1 -9999.9 1 -9999.9 1 -9999.9 1   216.1 0 -9999.9 1
 1999 186  7  5 11  9 11.150  84.38    47.7 0 -9999.9 1 -9999.9 1    28.5 0   342.6 0   308.8 0   307.5 0   416.5 0   293.1 0   293.2 0     2.0 2    26.0 0 -9999.9 1   -73.9 0 -9999.9 1 -9999.9 1 -9999.9 1 -9999.9 1   215.4 0 -9999.9 1
 1999 186  7  5 11 12 11.200  83.88    53.2 0 -9999.9 1 -9999.9 1    30.9 0   342.4 0   309.0 0   307.7 0   417.2 0   293.2 0   293.2 0     2.3 2    29.0 0 -9999.9 1   -74.7 0 -9999.9 1 -9999.9 1 -9999.9 1 -9999.9 1   217.2 0 -9999.9 1
 1999 186  7  5 11 18 11.300  82.85    65.9 0 -9999.9 1 -9999.9 1    35.7 0   343.7 0   309.6 0   308.5 0   419.7 0   293.4 0   293.5 0     3.0 0    35.6 0 -9999.9 1   -76.0 0 -9999.9 1 -9999.9 1 -9999.9 1 -9999.9 1   216.8 0 -9999.9 1
 1999 186  7  5 11 21 11.350  82.33    73.0 0 -9999.9 1 -9999.9 1    38.0 0   343.5 0   309.8 0   308.6 0   420.7 0   293.5 0   293.5 0     3.3 0    39.0 0 -9999.9 1   -77.1 0 -9999.9 1 -9999.9 1 -9999.9 1 -9999.9 1   216.0 0 -9999.9 1
 1999 186  7  5 11 24 11.400  81.81    79.9 0 -9999.9 1 -9999.9 1    40.7 0   343.6 0   310.0 0   308.7 0   421.3 0   293.5 0   293.6 0     3.7 0    42.3 0 -9999.9 1   -77.7 0 -9999.9 1 -9999.9 1 -9999.9 1 -9999.9 1   217.5 0 -9999.9 1
 1999 186  7  5 11 27 11.450  81.29    86.5 0 -9999.9 1 -9999.9 1    42.7 0   343.4 0   310.2 0   308.9 0   422.0 0   293.6 0   293.6 0     4.1 0    45.1 0 -9999.9 1   -78.6 0 -9999.9 1 -9999.9 1 -9999.9 1 -9999.9 1   215.8 0 -9999.9 1
 1999 186  7  5 11 33 11.550  80.24   101.8 0 -9999.9 1 -9999.9 1    47.4 0   345.0 0   310.7 0   309.4 0   423.0 0   293.7 0   293.8 0     5.0 0    52.2 0 -9999.9 1   -78.0 0 -9999.9 1 -9999.9 1 -9999.9 1 -9999.9 1   208.6 0 -9999.9 1
 1999 186  7  5 11 36 11.600  79.71   109.3 0 -9999.9 1 -9999.9 1    49.4 0   342.7 0   310.9 0   309.5 0   423.4 0   293.8 0   293.8 0     5.5 0    55.4 0 -9999.9 1   -80.7 0 -9999.9 1 -9999.9 1 -9999.9 1 -9999.9 1   205.8 0 -9999.9 1
 1999 186  7  5 11 39 11.650  79.17   117.8 0 -9999.9 1 -9999.9 1    52.2 0   343.0 0   311.1 0   309.7 0   424.2 0   293.8 0   293.9 0     6.0 0    59.3 0 -9999.9 1   -81.2 0 -9999.9 1 -9999.9 1 -9999.9 1 -9999.9 1   205.0 0 -9999.9 1
 1999 186  7  5 11 42 11.700  78.64   125.7 0 -9999.9 1 -9999.9 1    54.5 0   343.6 0   311.4 0   309.9 0   425.3 0   294.0 0   294.0 0     6.5 0    63.0 0 -9999.9 1   -81.7 0 -9999.9 1 -9999.9 1 -9999.9 1 -9999.9 1   207.0 0 -9999.9 1
 1999 186  7  5 11 48 11.800  77.57   140.9 0 -9999.9 1 -9999.9 1    58.8 0   347.2 0   312.0 0   310.5 0   427.1 0   294.2 0   294.3 0     7.7 0    70.0 0 -9999.9 1   -79.9 0 -9999.9 1 -9999.9 1 -9999.9 1 -9999.9 1   207.5 0 -9999.9 1
 1999 186  7  5 11 51 11.850  77.03   150.1 0 -9999.9 1 -9999.9 1    61.1 0   349.2 0   312.2 0   310.6 0   427.9 0   294.3 0   294.4 0     8.4 0    74.4 0 -9999.9 1   -78.6 0 -9999.9 1 -9999.9 1 -9999.9 1 -9999.9 1   210.1 0 -9999.9 1
 1999 186  7  5 11 54 11.900  76.49   159.4 0 -9999.9 1 -9999.9 1    64.0 0   349.6 0   312.4 0   310.7 0   428.5 0   294.4 0   294.5 0     9.0 0    78.9 0 -9999.9 1   -78.9 0 -9999.9 1 -9999.9 1 -9999.9 1 -9999.9 1   213.9 0 -9999.9 1
 1999 186  7  5 11 57 11.950  75.95   166.9 0 -9999.9 1 -9999.9 1    66.2 0   350.6 0   312.6 0   310.9 0   429.5 0   294.6 0   294.7 0     9.7 0    82.5 0 -9999.9 1   -78.9 0 -9999.9 1 -9999.9 1 -9999.9 1 -9999.9 1   212.4 0 -9999.9 1
 1999 186  7  5 12  3 12.050  74.86   185.0 0 -9999.9 1 -9999.9 1    69.3 0   348.9 0   312.9 0   311.3 0   431.0 0   294.8 0   294.9 0    11.1 0    91.0 0 -9999.9 1   -82.1 0 -9999.9 1 -9999.9 1 -9999.9 1 -9999.9 1   211.2 0 -9999.9 1
 1999 186  7  5 12  6 12.100  74.31   195.3 0 -9999.9 1 -9999.9 1    70.5 0   350.7 0   313.2 0   311.5 0   432.2 0   295.1 0   295.2 0    12.1 0    96.1 0 -9999.9 1   -81.5 0 -9999.9 1 -9999.9 1 -9999.9 1 -9999.9 1   211.9 0 -9999.9 1
 1999 186  7  5 12  9 12.150  73.76   205.6 0 -9999.9 1 -9999.9 1    72.6 0   349.9 0   313.4 0   311.8 0   433.4 0   295.2 0   295.3 0    13.2 0   101.3 0 -9999.9 1   -83.5 0 -9999.9 1 -9999.9 1 -9999.9 1 -9999.9 1   216.7 0 -9999.9 1
 1999 186  7  5 12 12 12.200  73.22   215.8 0 -9999.9 1 -9999.9 1    75.2 0   350.3 0   313.5 0   311.8 0   433.2 0   295.3 0   295.4 0    14.0 0   106.0 0 -9999.9 1   -82.9 0 -9999.9 1 -9999.9 1 -9999.9 1 -9999.9 1   216.5 0 -9999.9 1
 1999 186  7  5 12 18 12.300  72.11   235.3 0 -9999.9 1 -9999.9 1    78.1 0   355.4 0   314.0 0   312.2 0   435.6 0   295.7 0   295.8 0    15.9 0   115.3 0 -9999.9 1   -80.2 0 -9999.9 1 -9999.9 1 -9999.9 1 -9999.9 1   217.3 0 -9999.9 1
 1999 186  7  5 12 21 12.350  71.56   243.8 0 -9999.9 1 -9999.9 1    80.8 0   357.3 0   314.2 0   312.3 0   436.4 0   295.9 0   296.0 0    16.9 0   119.0 0 -9999.9 1   -79.1 0 -9999.9 1 -9999.9 1 -9999.9 1 -9999.9 1   223.7 0 -9999.9 1
 1999 186  7  5 12 24 12.400  71.01   253.6 0 -9999.9 1 -9999.9 1    82.4 0   358.4 0   314.3 0   312.4 0   436.9 0   296.0 0   296.2 0    18.0 0   123.5 0 -9999.9 1   -78.5 0 -9999.9 1 -9999.9 1 -9999.9 1 -9999.9 1   220.1 0 -9999.9 1
 1999 186  7  5 12 27 12.450  70.45   265.2 0 -9999.9 1 -9999.9 1    84.6 0   354.7 0   314.2 0   312.5 0   436.7 0   296.0 0   296.1 0    19.4 0   128.8 0 -9999.9 1   -82.0 0 -9999.9 1 -9999.9 1 -9999.9 1 -9999.9 1   226.2 0 -9999.9 1
 1999 186  7  5 12 33 12.550  69.34   286.6 0 -9999.9 1 -9999.9 1    89.4 0   354.3 0   314.2 0   312.3 0   437.5 0   296.1 0   296.2 0    21.6 0   138.8 0 -9999.9 1   -83.2 0 -9999.9 1 -9999.9 1 -9999.9 1 -9999.9 1   231.5 0 -9999.9 1
 1999 186  7  5 12 36 12.600  68.78   297.4 0 -9999.9 1 -9999.9 1    92.3 0   353.8 0   314.3 0   312.4 0   437.8 0   296.2 0   296.3 0    22.8 0   143.8 0 -9999.9 1   -84.0 0 -9999.9 1 -9999.9 1 -9999.9 1 -9999.9 1   232.6 0 -9999.9 1
 1999 186  7  5 12 39 12.650  68.22   307.4 0 -9999.9 1 -9999.9 1    93.0 0   353.5 0   314.2 0   312.4 0   438.8 0   296.2 0   296.4 0    24.0 2   148.1 0 -9999.9 1   -85.3 0 -9999.9 1 -9999.9 1 -9999.9 1 -9999.9 1   228.2 0 -9999.9 1
 1999 186  7  5 12 42 12.700  67.66   319.5 0 -9999.9 1 -9999.9 1    95.8 0   355.8 0   314.2 0   311.9 0   437.5 0   296.3 0   296.5 0    25.6 2   154.0 0 -9999.9 1   -81.7 0 -9999.9 1 -9999.9 1 -9999.9 1 -9999.9 1   240.7 0 -9999.9 1
 1999 186  7  5 12 48 12.800  66.53   339.3 0 -9999.9 1 -9999.9 1    99.4 0   353.7 0   314.2 0   312.3 0   439.1 0   296.5 0   296.7 0    28.6 2   162.8 0 -9999.9 1   -85.4 0 -9999.9 1 -9999.9 1 -9999.9 1 -9999.9 1   238.3 0 -9999.9 1
 1999 186  7  5 12 51 12.850  65.97   350.9 0 -9999.9 1 -9999.9 1   100.0 0   352.7 0   314.2 0   312.3 0   439.2 0   296.6 0   296.7 0    30.0 2   168.2 0 -9999.9 1   -86.4 0 -9999.9 1 -9999.9 1 -9999.9 1 -9999.9 1   240.5 0 -9999.9 1
 1999 186  7  5 12 54 12.900  65.41   362.6 0 -9999.9 1 -9999.9 1   101.2 0   351.4 0   314.3 0   312.6 0   440.8 0   296.7 0   296.9 0    31.3 2   173.5 0 -9999.9 1   -89.3 0 -9999.9 1 -9999.9 1 -9999.9 1 -9999.9 1   235.5 0 -9999.9 1
 1999 186  7  5 12 57 12.950  64.84   373.3 0 -9999.9 1 -9999.9 1   102.1 0   354.5 0   314.4 0   312.4 0   440.6 0   296.9 0   297.1 0    33.0 2   178.8 0 -9999.9 1   -86.1 0 -9999.9 1 -9999.9 1 -9999.9 1 -9999.9 1   239.2 0 -9999.9 1
 1999 186  7  5 13  3 13.050  63.71   394.4 0 -9999.9 1 -9999.9 1   107.3 0   357.1 0   314.5 0   312.5 0   442.0 0   297.1 0   297.3 0    36.6 2   188.6 0 -9999.9 1   -84.9 0 -9999.9 1 -9999.9 1 -9999.9 1 -9999.9 1   241.1 0 -9999.9 1
 1999 186  7  5 13  6 13.100  63.14   404.6 0 -9999.9 1 -9999.9 1   108.2 0   356.8 0   314.5 0   312.5 0   442.6 0   297.1 0   297.3 0    38.5 2   193.2 0 -9999.9 1   -85.8 0 -9999.9 1 -9999.9 1 -9999.9 1 -9999.9 1   245.6 0 -9999.9 1
 1999 186  7  5 13  9 13.150  62.58   418.0 0 -9999.9 1 -9999.9 1   109.3 0   355.7 0   314.4 0   312.6 0   443.4 0   297.2 0   297.4 0    40.4 2   199.6 0 -9999.9 1   -87.7 0 -9999.9 1 -9999.9 1 -9999.9 1 -9999.9 1   245.6 0 -9999.9 1
 1999 186  7  5 13 12 13.200  62.01   428.4 0 -9999.9 1 -9999.9 1   111.0 0   355.0 0   314.5 0   312.8 0   444.4 0   297.2 0   297.5 0    42.7 2   204.2 0 -9999.9 1   -89.4 0 -9999.9 1 -9999.9 1 -9999.9 1 -9999.9 1   251.6 0 -9999.9 1
 1999 186  7  5 13 18 13.300  60.87   450.4 0 -9999.9 1 -9999.9 1   113.8 0   356.4 0   314.5 0   312.7 0   446.5 0   297.4 0   297.7 0    46.5 2   214.0 0 -9999.9 1   -90.2 0 -9999.9 1 -9999.9 1 -9999.9 1 -9999.9 1   246.7 0 -9999.9 1
 1999 186  7  5 13 21 13.350  60.30   461.2 0 -9999.9 1 -9999.9 1   115.2 0   356.3 0   314.6 0   312.9 0   447.3 0   297.6 0   297.8 0    48.4 2   219.0 0 -9999.9 1   -91.0 0 -9999.9 1 -9999.9 1 -9999.9 1 -9999.9 1   243.8 0 -9999.9 1
 1999 186  7  5 13 24 13.400  59.73   472.2 0 -9999.9 1 -9999.9 1   117.4 0   357.1 0   314.7 0   312.9 0   447.7 0   297.7 0   298.0 0    50.2 2   224.0 0 -9999.9 1   -90.6 0 -9999.9 1 -9999.9 1 -9999.9 1 -9999.9 1   245.6 0 -9999.9 1
 1999 186  7  5 13 27 13.450  59.16   481.4 0 -9999.9 1 -9999.9 1   120.1 0   357.5 0   314.7 0   313.0 0   447.5 0   297.9 0   298.1 0    51.9 2   228.1 0 -9999.9 1   -90.0 0 -9999.9 1 -9999.9 1 -9999.9 1 -9999.9 1   242.1 0 -9999.9 1
 1999 186  7  5 13 33 13.550  58.01   500.4 0 -9999.9 1 -9999.9 1   123.5 0   358.9 0   315.0 0   313.2 0   449.5 0   298.1 0   298.4 0    55.6 2   236.5 0 -9999.9 1   -90.6 0 -9999.9 1 -9999.9 1 -9999.9 1 -9999.9 1   246.1 0 -9999.9 1
 1999 186  7  5 13 36 13.600  57.44   511.5 0 -9999.9 1 -9999.9 1   121.5 0   361.1 0   315.1 0   313.4 0   451.6 0   298.3 0   298.6 0    57.8 2   241.8 0 -9999.9 1   -90.6 0 -9999.9 1 -9999.9 1 -9999.9 1 -9999.9 1   238.4 0 -9999.9 1
 1999 186  7  5 13 39 13.650  56.87   522.5 0 -9999.9 1 -9999.9 1   122.1 0   363.4 0   315.3 0   313.7 0   453.1 0   298.6 0   298.9 0    60.6 0   246.9 0 -9999.9 1   -89.7 0 -9999.9 1 -9999.9 1 -9999.9 1 -9999.9 1   245.2 0 -9999.9 1
 1999 186  7  5 13 42 13.700  56.30   528.8 0 -9999.9 1 -9999.9 1   125.9 0   362.5 0   315.4 0   313.9 0   454.3 0   298.7 0   299.0 0    62.7 0   249.2 0 -9999.9 1   -91.8 0 -9999.9 1 -9999.9 1 -9999.9 1 -9999.9 1   245.2 0 -9999.9 1
 1999 186  7  5 13 48 13.800  55.15   546.6 0 -9999.9 1 -9999.9 1   128.2 0   363.9 0   315.7 0   314.1 0   454.0 0   299.0 0   299.3 0    66.7 0   257.2 0 -9999.9 1   -90.1 0 -9999.9 1 -9999.9 1 -9999.9 1 -9999.9 1   244.1 0 -9999.9 1
 1999 186  7  5 13 51 13.850  54.58   559.3 0 -9999.9 1 -9999.9 1   129.3 0   362.5 0   315.8 0   314.2 0   456.0 0   299.1 0   299.4 0    69.1 0   262.9 0 -9999.9 1   -93.5 0 -9999.9 1 -9999.9 1 -9999.9 1 -9999.9 1   236.9 0 -9999.9 1
 1999 186  7  5 13 54 13.900  54.01   568.9 0 -9999.9 1 -9999.9 1   130.5 0   365.0 0   315.9 0   314.2 0   455.6 0   299.2 0   299.4 0    71.4 0   267.2 0 -9999.9 1   -90.5 0 -9999.9 1 -9999.9 1 -9999.9 1 -9999.9 1   245.7 0 -9999.9 1
 1999 186  7  5 13 57 13.950  53.43   576.2 0 -9999.9 1 -9999.9 1   132.3 0   364.6 0   316.0 0   314.5 0   456.7 0   299.3 0   299.6 0    74.4 0   270.2 0 -9999.9 1   -92.1 0 -9999.9 1 -9999.9 1 -9999.9 1 -9999.9 1   247.7 0 -9999.9 1
 1999 186  7  5 14  3 14.050  52.28   596.5 0 -9999.9 1 -9999.9 1   133.8 0   369.4 0   316.3 0   314.5 0   458.6 0   299.7 0   299.9 0    79.5 0   279.2 0 -9999.9 1   -89.2 0 -9999.9 1 -9999.9 1 -9999.9 1 -9999.9 1   258.7 0 -9999.9 1
 1999 186  7  5 14  6 14.100  51.71   604.8 0 -9999.9 1 -9999.9 1   139.6 0   369.2 0   316.2 0   314.7 0   460.4 0   299.7 0   300.0 0    81.6 0   282.9 0 -9999.9 1   -91.2 0 -9999.9 1 -9999.9 1 -9999.9 1 -9999.9 1   260.5 0 -9999.9 1
 1999 186  7  5 14  9 14.150  51.14   617.7 0 -9999.9 1 -9999.9 1   141.9 0   367.2 0   316.1 0   314.6 0   461.7 0   299.8 0   300.0 0    84.2 0   288.3 0 -9999.9 1   -94.5 0 -9999.9 1 -9999.9 1 -9999.9 1 -9999.9 1   256.1 0 -9999.9 1
 1999 186  7  5 14 12 14.200  50.56   624.9 0 -9999.9 1 -9999.9 1   143.4 0   366.6 0   316.3 0   314.9 0   462.4 0   300.0 0   300.2 0    86.4 0   291.3 0 -9999.9 1   -95.8 0 -9999.9 1 -9999.9 1 -9999.9 1 -9999.9 1   240.5 0 -9999.9 1
 1999 186  7  5 14 18 14.300  49.42   646.0 0 -9999.9 1 -9999.9 1   144.5 0   370.3 0   316.6 0   314.9 0   462.7 0   300.2 0   300.4 0    92.3 0   301.0 0 -9999.9 1   -92.4 0 -9999.9 1 -9999.9 1 -9999.9 1 -9999.9 1   251.2 0 -9999.9 1
 1999 186  7  5 14 21 14.350  48.85   648.2 0 -9999.9 1 -9999.9 1   144.7 0   371.4 0   316.6 0   315.0 0   463.4 0   300.4 0   300.6 0    94.5 0   301.3 0 -9999.9 1   -91.9 0 -9999.9 1 -9999.9 1 -9999.9 1 -9999.9 1   249.5 0 -9999.9 1
 1999 186  7  5 14 24 14.400  48.27   661.2 0 -9999.9 1 -9999.9 1   144.4 0   372.1 0   316.7 0   315.1 0   462.7 0   300.4 0   300.6 0    98.2 0   307.4 0 -9999.9 1   -90.6 0 -9999.9 1 -9999.9 1 -9999.9 1 -9999.9 1   248.8 0 -9999.9 1
 1999 186  7  5 14 27 14.450  47.70   669.8 0 -9999.9 1 -9999.9 1   148.8 0   372.8 0   316.6 0   315.1 0   463.6 0   300.4 0   300.6 0   102.3 0   311.2 0 -9999.9 1   -90.8 0 -9999.9 1 -9999.9 1 -9999.9 1 -9999.9 1   260.0 0 -9999.9 1
 1999 186  7  5 14 33 14.550  46.56   689.7 0 -9999.9 1 -9999.9 1   144.8 0   371.6 0   316.9 0   315.4 0   466.6 0   300.7 0   300.9 0   107.8 0   320.1 0 -9999.9 1   -95.0 0 -9999.9 1 -9999.9 1 -9999.9 1 -9999.9 1   234.8 0 -9999.9 1
 1999 186  7  5 14 36 14.600  45.99   695.1 0 -9999.9 1 -9999.9 1   144.4 0   373.1 0   317.0 0   315.4 0   466.5 0   300.8 0   301.0 0   110.3 0   322.3 0 -9999.9 1   -93.4 0 -9999.9 1 -9999.9 1 -9999.9 1 -9999.9 1   236.6 0 -9999.9 1
 1999 186  7  5 14 39 14.650  45.42   706.3 0 -9999.9 1 -9999.9 1   145.0 0   372.4 0   317.0 0   315.4 0   466.7 0   300.7 0   300.9 0   113.5 0   327.4 0 -9999.9 1   -94.3 0 -9999.9 1 -9999.9 1 -9999.9 1 -9999.9 1   242.2 0 -9999.9 1
 1999 186  7  5 14 42 14.700  44.85   718.9 0 -9999.9 1 -9999.9 1   144.3 0   372.2 0   317.0 0   315.7 0   467.9 0   300.8 0   301.0 0   117.4 0   333.0 0 -9999.9 1   -95.7 0 -9999.9 1 -9999.9 1 -9999.9 1 -9999.9 1   249.2 0 -9999.9 1
 1999 186  7  5 14 48 14.800  43.71   737.9 0 -9999.9 1 -9999.9 1   146.9 0   369.0 0   317.1 0   315.6 0   467.9 0   300.7 0   300.9 0   122.3 0   341.1 0 -9999.9 1   -98.8 0 -9999.9 1 -9999.9 1 -9999.9 1 -9999.9 1   228.8 0 -9999.9 1
 1999 186  7  5 14 51 14.850  43.15   752.3 0 -9999.9 1 -9999.9 1   146.7 0   367.3 0   317.0 0   315.5 0   468.1 0   300.6 0   300.8 0   125.6 2   347.8 0 -9999.9 1  -100.9 0 -9999.9 1 -9999.9 1 -9999.9 1 -9999.9 1   237.4 0 -9999.9 1
 1999 186  7  5 14 54 14.900  42.58   763.5 0 -9999.9 1 -9999.9 1   149.4 0   367.2 0   317.0 0   315.5 0   468.6 0   300.6 0   300.8 0   128.7 2   353.1 0 -9999.9 1  -101.4 0 -9999.9 1 -9999.9 1 -9999.9 1 -9999.9 1   238.1 0 -9999.9 1
 1999 186  7  5 14 57 14.950  42.01   764.2 0 -9999.9 1 -9999.9 1   151.8 0   367.9 0   317.0 0   315.6 0   467.7 0   300.7 0   300.9 0   131.0 2   352.5 0 -9999.9 1   -99.7 0 -9999.9 1 -9999.9 1 -9999.9 1 -9999.9 1   240.9 0 -9999.9 1
 1999 186  7  5 15  3 15.050  40.89   781.9 0 -9999.9 1 -9999.9 1   151.9 0   369.9 0   317.3 0   315.8 0   468.9 0   300.9 0   301.2 0   137.7 0   360.9 0 -9999.9 1   -99.0 0 -9999.9 1 -9999.9 1 -9999.9 1 -9999.9 1   245.9 0 -9999.9 1
 1999 186  7  5 15  6 15.100  40.33   791.0 0 -9999.9 1 -9999.9 1   154.4 0   367.8 0   317.3 0   316.1 0   472.0 0   301.0 0   301.2 0   140.3 0   364.7 0 -9999.9 1  -104.3 0 -9999.9 1 -9999.9 1 -9999.9 1 -9999.9 1   235.3 0 -9999.9 1
 1999 186  7  5 15  9 15.150  39.77   795.5 0 -9999.9 1 -9999.9 1   157.0 0   369.0 0   317.3 0   316.0 0   471.5 0   301.0 0   301.3 0   142.6 2   366.2 0 -9999.9 1  -102.5 0 -9999.9 1 -9999.9 1 -9999.9 1 -9999.9 1   235.7 0 -9999.9 1
 1999 186  7  5 15 12 15.200  39.21   807.8 0 -9999.9 1 -9999.9 1   157.3 0   367.7 0   317.4 0   316.3 0   471.4 0   301.1 0   301.3 0   147.3 2   372.1 0 -9999.9 1  -103.6 0 -9999.9 1 -9999.9 1 -9999.9 1 -9999.9 1   246.1 0 -9999.9 1
 1999 186  7  5 15 18 15.300  38.09   828.8 0 -9999.9 1 -9999.9 1   157.5 0   368.8 0   317.6 0   316.2 0   471.0 0   301.2 0   301.4 0   155.8 2   381.9 0 -9999.9 1  -102.2 0 -9999.9 1 -9999.9 1 -9999.9 1 -9999.9 1   232.6 0 -9999.9 1
 1999 186  7  5 15 21 15.350  37.54   836.6 0 -9999.9 1 -9999.9 1   159.6 0   369.0 0   317.7 0   316.4 0   471.9 0   301.2 0   301.4 0   159.4 2   385.4 0 -9999.9 1  -102.9 0 -9999.9 1 -9999.9 1 -9999.9 1 -9999.9 1   236.7 0 -9999.9 1
 1999 186  7  5 15 24 15.400  36.99   841.5 0 -9999.9 1 -9999.9 1   160.8 0   367.5 0   317.8 0   316.7 0   472.2 0   301.3 0   301.5 0   163.3 2   387.0 0 -9999.9 1  -104.8 0 -9999.9 1 -9999.9 1 -9999.9 1 -9999.9 1   228.2 0 -9999.9 1
 1999 186  7  5 15 27 15.450  36.44   849.6 0 -9999.9 1 -9999.9 1   157.1 0   369.1 0   318.0 0   316.9 0   475.1 0   301.3 0   301.6 0   166.4 2   390.5 0 -9999.9 1  -106.0 0 -9999.9 1 -9999.9 1 -9999.9 1 -9999.9 1   243.6 0 -9999.9 1
 1999 186  7  5 15 33 15.550  35.34   869.1 0 -9999.9 1 -9999.9 1   158.4 0   369.9 0   318.0 0   316.8 0   474.7 0   301.5 0   301.7 0   173.1 2   399.6 0 -9999.9 1  -104.8 0 -9999.9 1 -9999.9 1 -9999.9 1 -9999.9 1   239.6 0 -9999.9 1
 1999 186  7  5 15 36 15.600  34.80   872.9 0 -9999.9 1 -9999.9 1   159.5 0   369.3 0   318.1 0   317.0 0   474.3 0   301.5 0   301.8 0   176.1 2   400.8 0 -9999.9 1  -105.0 0 -9999.9 1 -9999.9 1 -9999.9 1 -9999.9 1   235.0 0 -9999.9 1
 1999 186  7  5 15 39 15.650  34.26   877.9 0 -9999.9 1 -9999.9 1   160.3 0   368.9 0   318.3 0   317.2 0   475.5 0   301.6 0   301.9 0   177.1 2   402.3 0 -9999.9 1  -106.6 0 -9999.9 1 -9999.9 1 -9999.9 1 -9999.9 1   227.7 0 -9999.9 1
 1999 186  7  5 15 42 15.700  33.72   879.2 0 -9999.9 1 -9999.9 1   163.6 0   371.7 0   318.4 0   317.2 0   476.6 0   301.7 0   301.9 0   178.5 2   402.3 0 -9999.9 1  -104.8 0 -9999.9 1 -9999.9 1 -9999.9 1 -9999.9 1   246.1 0 -9999.9 1
 1999 186  7  5 15 48 15.800  32.65   894.9 0 -9999.9 1 -9999.9 1   165.1 0   372.8 0   318.6 0   317.2 0   475.9 0   301.9 0   302.1 0   186.8 2   409.8 0 -9999.9 1  -103.1 0 -9999.9 1 -9999.9 1 -9999.9 1 -9999.9 1   238.6 0 -9999.9 1
 1999 186  7  5 15 51 15.850  32.12   903.4 0 -9999.9 1 -9999.9 1   163.6 0   374.8 0   318.7 0   317.2 0   475.6 0   302.0 0   302.2 0   189.4 2   413.7 0 -9999.9 1  -100.8 0 -9999.9 1 -9999.9 1 -9999.9 1 -9999.9 1   238.8 0 -9999.9 1
 1999 186  7  5 15 54 15.900  31.59   909.2 0 -9999.9 1 -9999.9 1   167.6 0   375.0 0   318.7 0   317.6 0   480.7 0   302.0 0   302.3 0   191.7 0   415.9 0 -9999.9 1  -105.7 0 -9999.9 1 -9999.9 1 -9999.9 1 -9999.9 1   252.1 0 -9999.9 1
 1999 186  7  5 15 57 15.950  31.06   905.0 0 -9999.9 1 -9999.9 1   178.7 0   377.3 0   318.8 0   317.7 0   480.1 0   302.2 0   302.5 0   191.9 0   413.3 0 -9999.9 1  -102.8 0 -9999.9 1 -9999.9 1 -9999.9 1 -9999.9 1   244.6 0 -9999.9 1
 1999 186  7  5 16  3 16.050  30.03   938.8 0 -9999.9 1 -9999.9 1   210.6 0   382.0 0   319.1 0   318.0 0   483.5 0   302.5 0   302.8 0   198.5 0   427.1 0 -9999.9 1  -101.5 0 -9999.9 1 -9999.9 1 -9999.9 1 -9999.9 1   235.1 0 -9999.9 1
 1999 186  7  5 16  6 16.100  29.52   946.3 0 -9999.9 1 -9999.9 1   198.0 0   380.4 0   319.0 0   317.8 0   479.6 0   302.5 0   302.7 0   201.4 0   432.1 0 -9999.9 1   -99.2 0 -9999.9 1 -9999.9 1 -9999.9 1 -9999.9 1   245.7 0 -9999.9 1
 1999 186  7  5 16  9 16.150  29.01   939.1 0 -9999.9 1 -9999.9 1   193.0 0   380.2 0   319.1 0   318.2 0   482.1 0   302.6 0   302.9 0   203.2 0   427.8 0 -9999.9 1  -101.9 0 -9999.9 1 -9999.9 1 -9999.9 1 -9999.9 1   250.8 0 -9999.9 1
 1999 186  7  5 16 12 16.200  28.50   948.5 0 -9999.9 1 -9999.9 1   205.2 0   385.1 0   319.2 0   317.9 0   480.8 0   302.7 0   303.0 0   205.7 0   432.1 0 -9999.9 1   -95.7 0 -9999.9 1 -9999.9 1 -9999.9 1 -9999.9 1   246.7 0 -9999.9 1
 1999 186  7  5 16 18 16.300  27.51   856.0 0 -9999.9 1 -9999.9 1   267.6 0   386.0 0   319.2 0   317.7 0   476.3 0   302.6 0   302.7 0   192.4 0   390.9 0 -9999.9 1   -90.2 0 -9999.9 1 -9999.9 1 -9999.9 1 -9999.9 1   220.7 0 -9999.9 1
 1999 186  7  5 16 21 16.350  27.02  1009.2 0 -9999.9 1 -9999.9 1   235.6 0   383.3 0   319.3 0   318.1 0   482.0 0   302.5 0   302.8 0   216.9 0   457.8 0 -9999.9 1   -98.7 0 -9999.9 1 -9999.9 1 -9999.9 1 -9999.9 1   216.8 0 -9999.9 1
 1999 186  7  5 16 24 16.400  26.54  1026.7 0 -9999.9 1 -9999.9 1   248.7 0   385.8 0   319.5 0   318.3 0   483.2 0   302.6 0   302.9 0   223.7 0   464.5 0 -9999.9 1   -97.4 0 -9999.9 1 -9999.9 1 -9999.9 1 -9999.9 1   222.3 0 -9999.9 1
 1999 186  7  5 16 27 16.450  26.07   757.8 0 -9999.9 1 -9999.9 1   286.2 0   387.3 0   319.7 0   318.6 0   482.4 0   302.8 0   303.1 0   187.5 0   344.3 0 -9999.9 1   -95.1 0 -9999.9 1 -9999.9 1 -9999.9 1 -9999.9 1   227.6 0 -9999.9 1
 1999 186  7  5 16 33 16.550  25.14   804.8 0 -9999.9 1 -9999.9 1   274.9 0   388.1 0   319.5 0   318.2 0   479.9 0   302.7 0   302.9 0   194.6 0   360.1 0 -9999.9 1   -91.8 0 -9999.9 1 -9999.9 1 -9999.9 1 -9999.9 1   238.4 0 -9999.9 1
 1999 186  7  5 16 36 16.600  24.68  1043.4 0 -9999.9 1 -9999.9 1   271.2 0   391.7 0   319.5 0   318.3 0   482.3 0   302.7 0   302.9 0   229.6 0   470.9 0 -9999.9 1   -90.6 0 -9999.9 1 -9999.9 1 -9999.9 1 -9999.9 1   234.7 0 -9999.9 1
 1999 186  7  5 16 39 16.650  24.23   794.8 0 -9999.9 1 -9999.9 1   272.3 0   391.6 0   319.7 0   318.2 0   483.4 0   302.9 0   303.1 0   195.1 0   355.5 0 -9999.9 1   -91.8 0 -9999.9 1 -9999.9 1 -9999.9 1 -9999.9 1   239.1 0 -9999.9 1
 1999 186  7  5 16 42 16.700  23.79   820.3 0 -9999.9 1 -9999.9 1   269.7 0   394.0 0   319.5 0   317.9 0   474.3 0   302.7 0   302.8 0   194.6 0   373.3 0 -9999.9 1   -80.3 0 -9999.9 1 -9999.9 1 -9999.9 1 -9999.9 1   248.7 0 -9999.9 1
 1999 186  7  5 16 48 16.800  22.94   810.5 0 -9999.9 1 -9999.9 1   243.3 0   382.9 0   319.0 0   317.5 0   475.9 0   302.3 0   302.5 0   204.2 2   370.5 0 -9999.9 1   -93.0 0 -9999.9 1 -9999.9 1 -9999.9 1 -9999.9 1   238.0 0 -9999.9 1
 1999 186  7  5 16 51 16.850  22.53  1048.3 0 -9999.9 1 -9999.9 1   237.3 0   383.4 0   319.1 0   318.1 0   483.7 0   302.5 0   302.8 0   239.2 2   471.4 0 -9999.9 1  -100.3 0 -9999.9 1 -9999.9 1 -9999.9 1 -9999.9 1   232.5 0 -9999.9 1
 1999 186  7  5 16 54 16.900  22.13  1065.4 0 -9999.9 1 -9999.9 1   239.5 0   382.5 0   319.1 0   317.9 0   482.6 0   302.5 0   302.8 0   243.4 2   480.1 0 -9999.9 1  -100.1 0 -9999.9 1 -9999.9 1 -9999.9 1 -9999.9 1   227.7 0 -9999.9 1
 1999 186  7  5 16 57 16.950  21.74  1044.7 0 -9999.9 1 -9999.9 1   229.8 0   379.9 0   319.1 0   317.7 0   481.0 0   302.4 0   302.7 0   240.5 2   467.6 0 -9999.9 1  -101.2 0 -9999.9 1 -9999.9 1 -9999.9 1 -9999.9 1   231.1 0 -9999.9 1
 1999 186  7  5 17  3 17.050  20.99  1104.3 0 -9999.9 1 -9999.9 1   265.8 0   388.2 0   319.3 0   318.3 0   486.9 0   302.8 0   303.1 0   255.1 0   494.1 0 -9999.9 1   -98.7 0 -9999.9 1 -9999.9 1 -9999.9 1 -9999.9 1   223.9 0 -9999.9 1
 1999 186  7  5 17  6 17.100  20.64   991.3 0 -9999.9 1 -9999.9 1   278.5 0   393.0 0   319.4 0   318.3 0   486.3 0   302.8 0   303.2 0   233.2 2   440.5 0 -9999.9 1   -93.2 0 -9999.9 1 -9999.9 1 -9999.9 1 -9999.9 1   229.9 0 -9999.9 1
 1999 186  7  5 17  9 17.150  20.30   973.1 0 -9999.9 1 -9999.9 1   298.0 0   395.1 0   319.4 0   318.2 0   483.4 0   302.9 0   303.1 0   234.3 2   436.7 0 -9999.9 1   -88.3 0 -9999.9 1 -9999.9 1 -9999.9 1 -9999.9 1   233.8 0 -9999.9 1
 1999 186  7  5 17 12 17.200  19.98   741.9 0 -9999.9 1 -9999.9 1   254.2 0   394.1 0   319.4 0   318.1 0   478.5 0   303.0 0   303.1 0   194.3 2   326.8 0 -9999.9 1   -84.4 0 -9999.9 1 -9999.9 1 -9999.9 1 -9999.9 1   219.4 0 -9999.9 1
 1999 186  7  5 17 18 17.300  19.37  1064.4 0 -9999.9 1 -9999.9 1   249.1 0   386.9 0   319.3 0   318.0 0   482.5 0   302.8 0   303.0 0   255.4 2   474.2 0 -9999.9 1   -95.6 0 -9999.9 1 -9999.9 1 -9999.9 1 -9999.9 1   225.3 0 -9999.9 1
 1999 186  7  5 17 21 17.350  19.09  1022.6 0 -9999.9 1 -9999.9 1   260.3 0   386.8 0   319.3 0   318.2 0   485.2 0   302.8 0   303.1 0   248.5 0   461.9 0 -9999.9 1   -98.4 0 -9999.9 1 -9999.9 1 -9999.9 1 -9999.9 1   231.2 0 -9999.9 1
 1999 186  7  5 17 24 17.400  18.83   705.1 0 -9999.9 1 -9999.9 1   278.8 0   386.8 0   319.2 0   317.6 0   475.6 0   302.9 0   303.0 0   206.3 0   325.5 0 -9999.9 1   -88.9 0 -9999.9 1 -9999.9 1 -9999.9 1 -9999.9 1   239.4 0 -9999.9 1
 1999 186  7  5 17 27 17.450  18.59  1026.6 0 -9999.9 1 -9999.9 1   221.0 0   384.5 0   319.2 0   318.3 0   486.6 0   302.9 0   303.2 0   255.9 0   456.5 0 -9999.9 1  -102.1 0 -9999.9 1 -9999.9 1 -9999.9 1 -9999.9 1   227.3 0 -9999.9 1
 1999 186  7  5 17 33 17.550  18.15  1026.0 0 -9999.9 1 -9999.9 1   265.0 0   388.9 0   319.1 0   318.1 0   485.2 0   302.9 0   303.2 0   251.1 0   453.3 0 -9999.9 1   -96.3 0 -9999.9 1 -9999.9 1 -9999.9 1 -9999.9 1   245.6 0 -9999.9 1
 1999 186  7  5 17 36 17.600  17.97   831.9 0 -9999.9 1 -9999.9 1   292.5 0   392.9 0   319.1 0   317.5 0   478.3 0   302.9 0   303.1 0   222.1 0   380.3 0 -9999.9 1   -85.3 0 -9999.9 1 -9999.9 1 -9999.9 1 -9999.9 1   239.2 0 -9999.9 1
 1999 186  7  5 17 39 17.650  17.80   609.5 0 -9999.9 1 -9999.9 1   302.3 0   390.9 0   319.1 0   317.5 0   474.3 0   303.0 0   303.1 0   187.4 0   275.8 0 -9999.9 1   -83.4 0 -9999.9 1 -9999.9 1 -9999.9 1 -9999.9 1   244.4 0 -9999.9 1
 1999 186  7  5 17 42 17.700  17.66   795.4 0 -9999.9 1 -9999.9 1   269.6 0   391.3 0   318.9 0   317.2 0   475.1 0   302.9 0   303.0 0   218.2 0   364.6 0 -9999.9 1   -83.8 0 -9999.9 1 -9999.9 1 -9999.9 1 -9999.9 1   239.0 0 -9999.9 1
 1999 186  7  5 17 48 17.800  17.44  1111.1 0 -9999.9 1 -9999.9 1   224.8 0   387.1 0   318.8 0   317.9 0   486.0 0   303.0 0   303.3 0   273.7 0   496.3 0 -9999.9 1   -98.9 0 -9999.9 1 -9999.9 1 -9999.9 1 -9999.9 1   222.6 0 -9999.9 1
 1999 186  7  5 17 51 17.850  17.36  1101.0 0 -9999.9 1 -9999.9 1   217.6 0   384.9 0   318.9 0   318.0 0   486.2 0   303.1 0   303.4 0   273.3 0   492.6 0 -9999.9 1  -101.2 0 -9999.9 1 -9999.9 1 -9999.9 1 -9999.9 1   229.9 0 -9999.9 1
 1999 186  7  5 17 54 17.900  17.31  1100.7 0 -9999.9 1 -9999.9 1   203.2 0   384.2 0   318.9 0   317.8 0   486.5 0   303.1 0   303.4 0   273.5 0   493.6 0 -9999.9 1  -102.3 0 -9999.9 1 -9999.9 1 -9999.9 1 -9999.9 1   237.8 0 -9999.9 1
 1999 186  7  5 17 57 17.950  17.28  1121.4 0 -9999.9 1 -9999.9 1   239.2 0   388.8 0   318.9 0   317.9 0   487.7 0   303.2 0   303.5 0   272.2 0   501.0 0 -9999.9 1   -98.9 0 -9999.9 1 -9999.9 1 -9999.9 1 -9999.9 1   244.4 0 -9999.9 1
 1999 186  7  5 18  3 18.050  17.28  1115.5 0 -9999.9 1 -9999.9 1   245.7 0   390.3 0   318.9 0   317.6 0   484.2 0   303.3 0   303.6 0   265.6 0   501.0 0 -9999.9 1   -93.9 0 -9999.9 1 -9999.9 1 -9999.9 1 -9999.9 1   248.3 0 -9999.9 1
 1999 186  7  5 18  6 18.100  17.32  1132.1 0 -9999.9 1 -9999.9 1   244.7 0   388.4 0   318.8 0   317.8 0   485.1 0   303.3 0   303.6 0   267.4 2   505.7 0 -9999.9 1   -96.7 0 -9999.9 1 -9999.9 1 -9999.9 1 -9999.9 1   246.7 0 -9999.9 1
 1999 186  7  5 18  9 18.150  17.38   981.2 0 -9999.9 1 -9999.9 1   252.6 0   385.1 0   318.8 0   317.7 0   486.3 0   303.3 0   303.6 0   247.3 2   439.5 0 -9999.9 1  -101.2 0 -9999.9 1 -9999.9 1 -9999.9 1 -9999.9 1   244.4 0 -9999.9 1
 1999 186  7  5 18 12 18.200  17.47  1157.7 0 -9999.9 1 -9999.9 1   288.3 0   392.2 0   318.8 0   317.7 0   486.7 0   303.5 0   303.7 0   266.8 0   513.8 0 -9999.9 1   -94.4 0 -9999.9 1 -9999.9 1 -9999.9 1 -9999.9 1   231.8 0 -9999.9 1
 1999 186  7  5 18 18 18.300  17.71  1076.0 0 -9999.9 1 -9999.9 1   271.2 0   392.2 0   318.8 0   317.5 0   484.9 0   303.5 0   303.8 0   256.1 0   482.2 0 -9999.9 1   -92.6 0 -9999.9 1 -9999.9 1 -9999.9 1 -9999.9 1   251.6 0 -9999.9 1
 1999 186  7  5 18 21 18.350  17.86   802.0 0 -9999.9 1 -9999.9 1   260.3 0   389.7 0   318.7 0   317.1 0   477.8 0   303.5 0   303.6 0   214.9 2   363.0 0 -9999.9 1   -88.2 0 -9999.9 1 -9999.9 1 -9999.9 1 -9999.9 1   245.1 0 -9999.9 1
 1999 186  7  5 18 24 18.400  18.03   927.2 0 -9999.9 1 -9999.9 1   211.2 0   385.8 0   318.6 0   317.2 0   483.1 0   303.4 0   303.6 0   238.1 0   420.7 0 -9999.9 1   -97.3 0 -9999.9 1 -9999.9 1 -9999.9 1 -9999.9 1   241.3 0 -9999.9 1
 1999 186  7  5 18 27 18.450  18.22  1070.4 0 -9999.9 1 -9999.9 1   175.4 0   383.9 0   318.5 0   317.3 0   487.1 0   303.5 0   303.7 0   260.6 2   481.1 0 -9999.9 1  -103.2 0 -9999.9 1 -9999.9 1 -9999.9 1 -9999.9 1   241.7 0 -9999.9 1
 1999 186  7  5 18 33 18.550  18.67  1058.6 0 -9999.9 1 -9999.9 1   177.7 0   384.2 0   318.5 0   317.4 0   484.5 0   303.5 0   303.8 0   256.8 0   476.8 0 -9999.9 1  -100.2 0 -9999.9 1 -9999.9 1 -9999.9 1 -9999.9 1   245.2 0 -9999.9 1
 1999 186  7  5 18 36 18.600  18.92  1065.6 0 -9999.9 1 -9999.9 1   187.1 0   385.0 0   318.6 0   317.7 0   487.9 0   303.7 0   304.0 0   256.8 0   479.5 0 -9999.9 1  -102.9 0 -9999.9 1 -9999.9 1 -9999.9 1 -9999.9 1   239.5 0 -9999.9 1
 1999 186  7  5 18 39 18.650  19.18  1051.1 0 -9999.9 1 -9999.9 1   197.6 0   389.2 0   318.7 0   317.5 0   487.1 0   303.8 0   304.1 0   253.2 0   476.6 0 -9999.9 1   -97.9 0 -9999.9 1 -9999.9 1 -9999.9 1 -9999.9 1   243.6 0 -9999.9 1
 1999 186  7  5 18 42 18.700  19.47  1016.2 0 -9999.9 1 -9999.9 1   236.7 0   391.5 0   318.8 0   317.5 0   486.5 0   303.9 0   304.2 0   244.4 0   455.8 0 -9999.9 1   -95.0 0 -9999.9 1 -9999.9 1 -9999.9 1 -9999.9 1   233.6 0 -9999.9 1
 1999 186  7  5 18 48 18.800  20.08  1074.8 0 -9999.9 1 -9999.9 1   230.1 0   391.9 0   318.8 0   317.7 0   487.6 0   304.0 0   304.3 0   249.3 0   482.6 0 -9999.9 1   -95.6 0 -9999.9 1 -9999.9 1 -9999.9 1 -9999.9 1   233.4 0 -9999.9 1
 1999 186  7  5 18 51 18.850  20.42  1089.5 0 -9999.9 1 -9999.9 1   232.4 0   388.3 0   318.6 0   317.7 0   489.5 0   303.8 0   304.1 0   251.8 0   489.0 0 -9999.9 1  -101.2 0 -9999.9 1 -9999.9 1 -9999.9 1 -9999.9 1   245.5 0 -9999.9 1
 1999 186  7  5 18 54 18.900  20.76  1093.5 0 -9999.9 1 -9999.9 1   237.0 0   390.6 0   318.7 0   317.5 0   485.6 0   303.9 0   304.2 0   252.3 0   490.8 0 -9999.9 1   -95.0 0 -9999.9 1 -9999.9 1 -9999.9 1 -9999.9 1   247.8 0 -9999.9 1
 1999 186  7  5 18 57 18.950  21.12  1078.9 0 -9999.9 1 -9999.9 1   218.4 0   389.4 0   318.8 0   317.6 0   489.1 0   304.0 0   304.3 0   250.9 0   486.2 0 -9999.9 1   -99.7 0 -9999.9 1 -9999.9 1 -9999.9 1 -9999.9 1   237.8 0 -9999.9 1
 1999 186  7  5 19  3 19.050  21.87  1090.1 0 -9999.9 1 -9999.9 1   246.8 0   390.9 0   318.7 0   317.6 0   487.3 0   303.9 0   304.2 0   249.3 2   489.6 0 -9999.9 1   -96.3 0 -9999.9 1 -9999.9 1 -9999.9 1 -9999.9 1   234.3 0 -9999.9 1
 1999 186  7  5 19  6 19.100  22.27  1082.7 0 -9999.9 1 -9999.9 1   238.2 0   387.9 0   318.6 0   317.5 0   486.7 0   303.8 0   304.1 0   245.1 2   486.0 0 -9999.9 1   -98.8 0 -9999.9 1 -9999.9 1 -9999.9 1 -9999.9 1   241.3 0 -9999.9 1
 1999 186  7  5 19  9 19.150  22.67  1083.4 0 -9999.9 1 -9999.9 1   250.4 0   391.2 0   318.7 0   317.6 0   487.0 0   303.9 0   304.2 0   241.8 2   486.0 0 -9999.9 1   -95.8 0 -9999.9 1 -9999.9 1 -9999.9 1 -9999.9 1   247.1 0 -9999.9 1
 1999 186  7  5 19 12 19.200  23.09  1069.1 0 -9999.9 1 -9999.9 1   227.7 0   390.0 0   318.8 0   317.5 0   486.7 0   304.0 0   304.3 0   244.9 2   482.0 0 -9999.9 1   -96.7 0 -9999.9 1 -9999.9 1 -9999.9 1 -9999.9 1   247.0 0 -9999.9 1
 1999 186  7  5 19 18 19.300  23.94  1048.9 0 -9999.9 1 -9999.9 1   242.5 0   391.4 0   318.9 0   317.8 0   487.6 0   304.2 0   304.4 0   234.0 0   471.1 0 -9999.9 1   -96.2 0 -9999.9 1 -9999.9 1 -9999.9 1 -9999.9 1   242.4 0 -9999.9 1
 1999 186  7  5 19 21 19.350  24.39  1069.4 0 -9999.9 1 -9999.9 1   264.4 0   392.8 0   318.9 0   317.8 0   487.4 0   304.1 0   304.3 0   234.0 0   480.3 0 -9999.9 1   -94.6 0 -9999.9 1 -9999.9 1 -9999.9 1 -9999.9 1   239.3 0 -9999.9 1
 1999 186  7  5 19 24 19.400  24.84   911.7 0 -9999.9 1 -9999.9 1   256.6 0   388.9 0   318.8 0   317.4 0   482.3 0   304.0 0   304.2 0   212.7 2   414.3 0 -9999.9 1   -93.4 0 -9999.9 1 -9999.9 1 -9999.9 1 -9999.9 1   231.3 0 -9999.9 1
 1999 186  7  5 19 27 19.450  25.29   993.1 0 -9999.9 1 -9999.9 1   244.2 0   386.4 0   318.7 0   317.6 0   484.5 0   303.8 0   304.1 0   220.7 2   445.8 0 -9999.9 1   -98.1 0 -9999.9 1 -9999.9 1 -9999.9 1 -9999.9 1   224.6 0 -9999.9 1
 1999 186  7  5 19 33 19.550  26.23   747.0 0 -9999.9 1 -9999.9 1   252.7 0   385.1 0   318.7 0   317.5 0   479.0 0   303.6 0   303.8 0   189.3 2   337.6 0 -9999.9 1   -93.9 0 -9999.9 1 -9999.9 1 -9999.9 1 -9999.9 1   231.3 0 -9999.9 1
 1999 186  7  5 19 36 19.600  26.71   933.8 0 -9999.9 1 -9999.9 1   203.8 0   385.6 0   318.7 0   317.3 0   480.3 0   303.6 0   303.8 0   213.8 2   428.9 0 -9999.9 1   -94.7 0 -9999.9 1 -9999.9 1 -9999.9 1 -9999.9 1   234.5 0 -9999.9 1
 1999 186  7  5 19 39 19.650  27.19   833.0 0 -9999.9 1 -9999.9 1   197.3 0   381.7 0   318.8 0   317.5 0   482.4 0   303.6 0   303.9 0   203.0 2   379.2 0 -9999.9 1  -100.7 0 -9999.9 1 -9999.9 1 -9999.9 1 -9999.9 1   234.8 0 -9999.9 1
 1999 186  7  5 19 42 19.700  27.68   911.6 0 -9999.9 1 -9999.9 1   187.8 0   382.4 0   318.8 0   317.6 0   483.0 0   303.6 0   303.9 0   209.7 2   419.8 0 -9999.9 1  -100.6 0 -9999.9 1 -9999.9 1 -9999.9 1 -9999.9 1   241.4 0 -9999.9 1
 1999 186  7  5 19 48 19.800  28.68   963.6 0 -9999.9 1 -9999.9 1   164.3 0   380.7 0   318.8 0   317.5 0   484.0 0   303.8 0   304.1 0   212.2 2   438.9 0 -9999.9 1  -103.3 0 -9999.9 1 -9999.9 1 -9999.9 1 -9999.9 1   242.6 0 -9999.9 1
 1999 186  7  5 19 51 19.850  29.18   963.6 0 -9999.9 1 -9999.9 1   172.5 0   381.0 0   318.7 0   317.5 0   483.8 0   303.8 0   304.1 0   208.2 2   439.0 0 -9999.9 1  -102.8 0 -9999.9 1 -9999.9 1 -9999.9 1 -9999.9 1   246.7 0 -9999.9 1
 1999 186  7  5 19 54 19.900  29.69   630.8 0 -9999.9 1 -9999.9 1   207.6 0   383.7 0   318.7 0   317.0 0   473.3 0   303.7 0   303.8 0   162.5 2   294.1 0 -9999.9 1   -89.5 0 -9999.9 1 -9999.9 1 -9999.9 1 -9999.9 1   245.7 0 -9999.9 1
 1999 186  7  5 19 57 19.950  30.20   968.4 0 -9999.9 1 -9999.9 1   202.5 0   383.7 0   318.7 0   317.5 0   484.6 0   303.6 0   303.9 0   203.9 2   440.0 0 -9999.9 1  -100.9 0 -9999.9 1 -9999.9 1 -9999.9 1 -9999.9 1   234.1 0 -9999.9 1
 1999 186  7  5 20  3 20.050  31.24   874.8 0 -9999.9 1 -9999.9 1   203.5 0   383.2 0   319.0 0   317.6 0   480.1 0   303.9 0   304.1 0   189.3 0   398.8 0 -9999.9 1   -96.9 0 -9999.9 1 -9999.9 1 -9999.9 1 -9999.9 1   233.2 0 -9999.9 1
 1999 186  7  5 20  6 20.100  31.77   930.4 0 -9999.9 1 -9999.9 1   169.6 0   379.7 0   319.0 0   317.8 0   483.4 0   303.9 0   304.1 0   195.5 2   424.2 0 -9999.9 1  -103.7 0 -9999.9 1 -9999.9 1 -9999.9 1 -9999.9 1   233.8 0 -9999.9 1
 1999 186  7  5 20  9 20.150  32.30   912.6 0 -9999.9 1 -9999.9 1   164.8 0   380.6 0   319.0 0   317.7 0   482.3 0   303.8 0   304.1 0   190.1 2   416.3 0 -9999.9 1  -101.7 0 -9999.9 1 -9999.9 1 -9999.9 1 -9999.9 1   231.9 0 -9999.9 1
 1999 186  7  5 20 12 20.200  32.83   910.1 0 -9999.9 1 -9999.9 1   167.8 0   379.9 0   319.0 0   317.7 0   482.8 0   303.8 0   304.1 0   186.4 2   415.8 0 -9999.9 1  -102.9 0 -9999.9 1 -9999.9 1 -9999.9 1 -9999.9 1   237.5 0 -9999.9 1
 1999 186  7  5 20 18 20.300  33.90   937.6 0 -9999.9 1 -9999.9 1   213.3 0   386.0 0   319.0 0   317.7 0   485.6 0   303.9 0   304.2 0   180.2 2   424.2 0 -9999.9 1   -99.6 0 -9999.9 1 -9999.9 1 -9999.9 1 -9999.9 1   228.9 0 -9999.9 1
 1999 186  7  5 20 21 20.350  34.44   905.8 0 -9999.9 1 -9999.9 1   166.5 0   379.7 0   319.1 0   317.9 0   484.6 0   304.0 0   304.3 0   178.8 0   414.0 0 -9999.9 1  -104.9 0 -9999.9 1 -9999.9 1 -9999.9 1 -9999.9 1   236.6 0 -9999.9 1
 1999 186  7  5 20 24 20.400  34.98   894.5 0 -9999.9 1 -9999.9 1   174.8 0   380.8 0   319.1 0   317.7 0   482.6 0   304.1 0   304.3 0   173.4 0   408.4 0 -9999.9 1  -101.8 0 -9999.9 1 -9999.9 1 -9999.9 1 -9999.9 1   232.5 0 -9999.9 1
 1999 186  7  5 20 27 20.450  35.53   885.2 0 -9999.9 1 -9999.9 1   168.2 0   381.3 0   319.1 0   317.6 0   482.2 0   304.1 0   304.3 0   170.1 0   405.2 0 -9999.9 1  -100.9 0 -9999.9 1 -9999.9 1 -9999.9 1 -9999.9 1   235.9 0 -9999.9 1
 1999 186  7  5 20 33 20.550  36.63   837.5 0 -9999.9 1 -9999.9 1   196.3 0   380.5 0   318.9 0   317.4 0   479.2 0   303.9 0   304.1 0   155.9 2   379.6 0 -9999.9 1   -98.7 0 -9999.9 1 -9999.9 1 -9999.9 1 -9999.9 1   233.5 0 -9999.9 1
 1999 186  7  5 20 36 20.600  37.18   682.0 0 -9999.9 1 -9999.9 1   195.3 0   381.4 0   318.8 0   317.2 0   474.6 0   303.8 0   303.9 0   140.3 2   318.9 0 -9999.9 1   -93.2 0 -9999.9 1 -9999.9 1 -9999.9 1 -9999.9 1   227.4 0 -9999.9 1
 1999 186  7  5 20 39 20.650  37.73   858.2 0 -9999.9 1 -9999.9 1   181.1 0   379.7 0   318.8 0   317.7 0   484.2 0   303.8 0   304.1 0   156.0 2   393.1 0 -9999.9 1  -104.5 0 -9999.9 1 -9999.9 1 -9999.9 1 -9999.9 1   228.6 0 -9999.9 1
 1999 186  7  5 20 42 20.700  38.29   797.1 0 -9999.9 1 -9999.9 1   199.2 0   380.0 0   318.8 0   317.5 0   479.9 0   303.8 0   304.0 0   145.9 2   364.8 0 -9999.9 1   -99.8 0 -9999.9 1 -9999.9 1 -9999.9 1 -9999.9 1   244.8 0 -9999.9 1
 1999 186  7  5 20 48 20.800  39.40   831.7 0 -9999.9 1 -9999.9 1   162.7 0   378.1 0   318.9 0   317.5 0   477.8 0   303.9 0   304.1 0   147.9 2   380.9 0 -9999.9 1   -99.7 0 -9999.9 1 -9999.9 1 -9999.9 1 -9999.9 1   243.4 0 -9999.9 1
 1999 186  7  5 20 51 20.850  39.96   805.2 0 -9999.9 1 -9999.9 1   158.8 0   379.9 0   319.0 0   317.3 0   476.8 0   304.0 0   304.2 0   141.0 0   367.9 0 -9999.9 1   -96.9 0 -9999.9 1 -9999.9 1 -9999.9 1 -9999.9 1   244.3 0 -9999.9 1
 1999 186  7  5 20 54 20.900  40.52   782.9 0 -9999.9 1 -9999.9 1   161.2 0   381.7 0   319.0 0   317.3 0   478.0 0   304.0 0   304.2 0   136.9 0   357.5 0 -9999.9 1   -96.3 0 -9999.9 1 -9999.9 1 -9999.9 1 -9999.9 1   247.4 0 -9999.9 1
 1999 186  7  5 20 57 20.950  41.08   780.3 0 -9999.9 1 -9999.9 1   170.0 0   379.4 0   318.9 0   317.5 0   480.4 0   303.9 0   304.1 0   134.7 2   357.0 0 -9999.9 1  -101.0 0 -9999.9 1 -9999.9 1 -9999.9 1 -9999.9 1   243.8 0 -9999.9 1
 1999 186  7  5 21  3 21.050  42.21   801.3 0 -9999.9 1 -9999.9 1   175.0 0   381.7 0   319.0 0   317.6 0   481.3 0   304.0 0   304.3 0   133.8 0   368.3 0 -9999.9 1   -99.6 0 -9999.9 1 -9999.9 1 -9999.9 1 -9999.9 1   239.9 0 -9999.9 1
 1999 186  7  5 21  6 21.100  42.78   791.2 0 -9999.9 1 -9999.9 1   158.8 0   379.5 0   319.0 0   317.2 0   475.8 0   303.9 0   304.1 0   133.4 0   364.8 0 -9999.9 1   -96.3 0 -9999.9 1 -9999.9 1 -9999.9 1 -9999.9 1   243.7 0 -9999.9 1
 1999 186  7  5 21  9 21.150  43.34   782.8 0 -9999.9 1 -9999.9 1   158.5 0   378.6 0   318.8 0   317.2 0   475.2 0   303.8 0   304.0 0   132.1 2   360.9 0 -9999.9 1   -96.6 0 -9999.9 1 -9999.9 1 -9999.9 1 -9999.9 1   255.4 0 -9999.9 1
 1999 186  7  5 21 12 21.200  43.91   779.7 0 -9999.9 1 -9999.9 1   165.3 0   376.8 0   318.6 0   317.0 0   474.3 0   303.6 0   303.8 0   126.6 2   358.8 0 -9999.9 1   -97.5 0 -9999.9 1 -9999.9 1 -9999.9 1 -9999.9 1   250.6 0 -9999.9 1
 1999 186  7  5 21 18 21.300  45.05   772.5 0 -9999.9 1 -9999.9 1   166.1 0   376.5 0   318.4 0   316.7 0   473.9 0   303.4 0   303.6 0   118.9 2   355.5 0 -9999.9 1   -97.4 0 -9999.9 1 -9999.9 1 -9999.9 1 -9999.9 1   241.2 0 -9999.9 1
 1999 186  7  5 21 21 21.350  45.62   741.0 0 -9999.9 1 -9999.9 1   142.9 0   371.9 0   318.3 0   316.8 0   474.4 0   303.3 0   303.6 0   114.9 2   342.0 0 -9999.9 1  -102.5 0 -9999.9 1 -9999.9 1 -9999.9 1 -9999.9 1   243.1 0 -9999.9 1
 1999 186  7  5 21 24 21.400  46.19   719.8 0 -9999.9 1 -9999.9 1   137.1 0   374.5 0   318.4 0   316.8 0   473.6 0   303.5 0   303.7 0   110.7 2   332.5 0 -9999.9 1   -99.0 0 -9999.9 1 -9999.9 1 -9999.9 1 -9999.9 1   246.9 0 -9999.9 1
 1999 186  7  5 21 27 21.450  46.76   702.5 0 -9999.9 1 -9999.9 1   143.7 0   377.9 0   318.5 0   316.9 0   475.3 0   303.6 0   303.9 0   105.8 2   322.9 0 -9999.9 1   -97.4 0 -9999.9 1 -9999.9 1 -9999.9 1 -9999.9 1   244.4 0 -9999.9 1
 1999 186  7  5 21 33 21.550  47.90   701.1 0 -9999.9 1 -9999.9 1   133.4 0   377.1 0   318.5 0   317.0 0   474.9 0   303.7 0   303.9 0   103.1 2   325.4 0 -9999.9 1   -97.7 0 -9999.9 1 -9999.9 1 -9999.9 1 -9999.9 1   244.1 0 -9999.9 1
 1999 186  7  5 21 36 21.600  48.47   689.6 0 -9999.9 1 -9999.9 1   131.4 0   378.1 0   318.5 0   316.8 0   473.9 0   303.7 0   303.9 0   100.5 2   320.6 0 -9999.9 1   -95.8 0 -9999.9 1 -9999.9 1 -9999.9 1 -9999.9 1   244.4 0 -9999.9 1
 1999 186  7  5 21 39 21.650  49.05   669.4 0 -9999.9 1 -9999.9 1   125.3 0   380.0 0   318.4 0   316.5 0   472.5 0   303.6 0   303.8 0    97.9 2   311.3 0 -9999.9 1   -92.5 0 -9999.9 1 -9999.9 1 -9999.9 1 -9999.9 1   251.6 0 -9999.9 1
 1999 186  7  5 21 42 21.700  49.62   646.4 0 -9999.9 1 -9999.9 1   130.5 0   380.6 0   318.4 0   316.5 0   472.7 0   303.7 0   303.8 0    92.5 2   299.0 0 -9999.9 1   -92.1 0 -9999.9 1 -9999.9 1 -9999.9 1 -9999.9 1   244.3 0 -9999.9 1
 1999 186  7  5 21 48 21.800  50.77   641.8 0 -9999.9 1 -9999.9 1   140.4 0   377.5 0   318.4 0   317.1 0   475.9 0   303.7 0   303.9 0    88.1 2   296.7 0 -9999.9 1   -98.3 0 -9999.9 1 -9999.9 1 -9999.9 1 -9999.9 1   242.1 0 -9999.9 1
 1999 186  7  5 21 51 21.850  51.34   507.2 0 -9999.9 1 -9999.9 1   162.6 0   380.2 0   318.5 0   316.5 0   469.7 0   303.7 0   303.8 0    78.5 2   238.6 0 -9999.9 1   -89.5 0 -9999.9 1 -9999.9 1 -9999.9 1 -9999.9 1   239.6 0 -9999.9 1
 1999 186  7  5 21 54 21.900  51.91   453.9 0 -9999.9 1 -9999.9 1   159.7 0   381.1 0   318.3 0   316.3 0   467.9 0   303.5 0   303.6 0    74.1 2   214.6 0 -9999.9 1   -86.8 0 -9999.9 1 -9999.9 1 -9999.9 1 -9999.9 1   241.1 0 -9999.9 1
 1999 186  7  5 21 57 21.950  52.49   448.2 0 -9999.9 1 -9999.9 1   153.7 0   381.1 0   318.1 0   316.1 0   463.5 0   303.3 0   303.3 0    71.0 2   216.6 0 -9999.9 1   -82.4 0 -9999.9 1 -9999.9 1 -9999.9 1 -9999.9 1   245.1 0 -9999.9 1
 1999 186  7  5 22  3 22.050  53.64   603.5 0 -9999.9 1 -9999.9 1   154.3 0   380.4 0   318.2 0   316.4 0   470.9 0   303.3 0   303.5 0    74.4 2   280.9 0 -9999.9 1   -90.5 0 -9999.9 1 -9999.9 1 -9999.9 1 -9999.9 1   247.4 0 -9999.9 1
 1999 186  7  5 22  6 22.100  54.21   599.9 0 -9999.9 1 -9999.9 1   141.1 0   380.3 0   318.1 0   316.4 0   471.0 0   303.3 0   303.5 0    72.8 2   279.8 0 -9999.9 1   -90.7 0 -9999.9 1 -9999.9 1 -9999.9 1 -9999.9 1   245.3 0 -9999.9 1
 1999 186  7  5 22  9 22.150  54.78   576.4 0 -9999.9 1 -9999.9 1   125.0 0   377.4 0   318.1 0   316.6 0   470.8 0   303.3 0   303.5 0    69.4 2   269.4 0 -9999.9 1   -93.4 0 -9999.9 1 -9999.9 1 -9999.9 1 -9999.9 1   241.7 0 -9999.9 1
 1999 186  7  5 22 12 22.200  55.36   555.6 0 -9999.9 1 -9999.9 1   121.7 0   377.2 0   318.1 0   316.5 0   470.4 0   303.3 0   303.5 0    65.6 2   258.6 0 -9999.9 1   -93.2 0 -9999.9 1 -9999.9 1 -9999.9 1 -9999.9 1   244.0 0 -9999.9 1
 1999 186  7  5 22 18 22.300  56.50   435.0 0 -9999.9 1 -9999.9 1   134.0 0   377.6 0   318.0 0   316.1 0   463.7 0   303.2 0   303.2 0    58.0 2   208.3 0 -9999.9 1   -86.1 0 -9999.9 1 -9999.9 1 -9999.9 1 -9999.9 1   235.0 0 -9999.9 1
 1999 186  7  5 22 21 22.350  57.07   517.2 0 -9999.9 1 -9999.9 1   132.2 0   375.6 0   318.0 0   316.2 0   466.1 0   303.1 0   303.2 0    59.2 2   242.7 0 -9999.9 1   -90.5 0 -9999.9 1 -9999.9 1 -9999.9 1 -9999.9 1   239.4 0 -9999.9 1
 1999 186  7  5 22 24 22.400  57.65   512.1 0 -9999.9 1 -9999.9 1   111.5 0   374.0 0   318.0 0   316.2 0   465.6 0   303.1 0   303.2 0    57.8 2   240.2 0 -9999.9 1   -91.6 0 -9999.9 1 -9999.9 1 -9999.9 1 -9999.9 1   236.1 0 -9999.9 1
 1999 186  7  5 22 27 22.450  58.22   501.2 0 -9999.9 1 -9999.9 1    94.3 0   372.6 0   318.0 0   316.3 0   465.2 0   303.0 0   303.2 0    55.9 2   236.5 0 -9999.9 1   -92.6 0 -9999.9 1 -9999.9 1 -9999.9 1 -9999.9 1   236.9 0 -9999.9 1
 1999 186  7  5 22 33 22.550  59.36   474.3 0 -9999.9 1 -9999.9 1    87.3 0   372.5 0   318.2 0   316.6 0   467.1 0   303.1 0   303.3 0    51.5 2   224.1 0 -9999.9 1   -94.6 0 -9999.9 1 -9999.9 1 -9999.9 1 -9999.9 1   236.2 0 -9999.9 1
 1999 186  7  5 22 36 22.600  59.93   470.8 0 -9999.9 1 -9999.9 1    84.4 0   375.1 0   318.3 0   316.4 0   466.5 0   303.1 0   303.3 0    50.3 2   223.5 0 -9999.9 1   -91.4 0 -9999.9 1 -9999.9 1 -9999.9 1 -9999.9 1   238.5 0 -9999.9 1
 1999 186  7  5 22 39 22.650  60.50   463.8 0 -9999.9 1 -9999.9 1    80.6 0   373.2 0   318.3 0   316.5 0   466.5 0   303.1 0   303.3 0    48.3 2   220.4 0 -9999.9 1   -93.3 0 -9999.9 1 -9999.9 1 -9999.9 1 -9999.9 1   243.7 0 -9999.9 1
 1999 186  7  5 22 42 22.700  61.07   454.9 0 -9999.9 1 -9999.9 1    78.3 0   371.1 0   318.4 0   316.9 0   467.5 0   303.1 0   303.3 0    46.4 2   216.6 0 -9999.9 1   -96.4 0 -9999.9 1 -9999.9 1 -9999.9 1 -9999.9 1   241.7 0 -9999.9 1
 1999 186  7  5 22 48 22.800  62.21   435.2 0 -9999.9 1 -9999.9 1    74.5 0   371.6 0   318.6 0   316.7 0   465.1 0   303.2 0   303.3 0    42.5 2   207.6 0 -9999.9 1   -93.6 0 -9999.9 1 -9999.9 1 -9999.9 1 -9999.9 1   244.5 0 -9999.9 1
 1999 186  7  5 22 51 22.850  62.78   420.5 0 -9999.9 1 -9999.9 1    73.2 0   370.4 0   318.6 0   316.7 0   464.2 0   303.2 0   303.3 0    40.4 2   200.6 0 -9999.9 1   -93.8 0 -9999.9 1 -9999.9 1 -9999.9 1 -9999.9 1   245.0 0 -9999.9 1
 1999 186  7  5 22 54 22.900  63.35   412.1 0 -9999.9 1 -9999.9 1    73.4 0   371.1 0   318.6 0   316.6 0   462.5 0   303.1 0   303.2 0    38.6 2   197.1 0 -9999.9 1   -91.4 0 -9999.9 1 -9999.9 1 -9999.9 1 -9999.9 1   241.4 0 -9999.9 1
 1999 186  7  5 22 57 22.950  63.92   402.2 0 -9999.9 1 -9999.9 1    72.1 0   372.1 0   318.6 0   316.6 0   461.4 0   303.0 0   303.1 0    36.7 2   192.9 0 -9999.9 1   -89.3 0 -9999.9 1 -9999.9 1 -9999.9 1 -9999.9 1   244.6 0 -9999.9 1
 1999 186  7  5 23  3 23.050  65.05   378.7 0 -9999.9 1 -9999.9 1    68.0 0   373.4 0   318.7 0   316.6 0   461.6 0   303.1 0   303.2 0    33.3 0   182.4 0 -9999.9 1   -88.2 0 -9999.9 1 -9999.9 1 -9999.9 1 -9999.9 1   242.8 0 -9999.9 1
 1999 186  7  5 23  6 23.100  65.61   367.1 0 -9999.9 1 -9999.9 1    67.3 0   372.2 0   318.8 0   316.8 0   462.7 0   303.1 0   303.2 0    31.8 0   176.4 0 -9999.9 1   -90.6 0 -9999.9 1 -9999.9 1 -9999.9 1 -9999.9 1   239.4 0 -9999.9 1
 1999 186  7  5 23  9 23.150  66.18   355.9 0 -9999.9 1 -9999.9 1    67.1 0   374.0 0   318.8 0   316.6 0   462.1 0   303.1 0   303.2 0    30.2 0   171.7 0 -9999.9 1   -88.0 0 -9999.9 1 -9999.9 1 -9999.9 1 -9999.9 1   237.4 0 -9999.9 1
 1999 186  7  5 23 12 23.200  66.74   346.1 0 -9999.9 1 -9999.9 1    66.6 0   372.8 0   318.7 0   316.6 0   461.3 0   303.0 0   303.1 0    28.8 0   167.2 0 -9999.9 1   -88.5 0 -9999.9 1 -9999.9 1 -9999.9 1 -9999.9 1   239.9 0 -9999.9 1
 1999 186  7  5 23 18 23.300  67.86   325.7 0 -9999.9 1 -9999.9 1    65.1 0   371.6 0   318.3 0   316.1 0   458.4 0   302.7 0   302.8 0    26.4 0   157.8 0 -9999.9 1   -86.8 0 -9999.9 1 -9999.9 1 -9999.9 1 -9999.9 1   247.5 0 -9999.9 1
 1999 186  7  5 23 21 23.350  68.42   316.7 0 -9999.9 1 -9999.9 1    65.0 0   368.8 0   318.1 0   315.9 0   457.4 0   302.5 0   302.5 0    24.8 2   153.3 0 -9999.9 1   -88.6 0 -9999.9 1 -9999.9 1 -9999.9 1 -9999.9 1   245.5 0 -9999.9 1
 1999 186  7  5 23 24 23.400  68.98   305.9 0 -9999.9 1 -9999.9 1    64.3 0   367.5 0   318.1 0   316.0 0   457.4 0   302.5 0   302.5 0    23.4 2   148.4 0 -9999.9 1   -89.9 0 -9999.9 1 -9999.9 1 -9999.9 1 -9999.9 1   243.8 0 -9999.9 1
 1999 186  7  5 23 27 23.450  69.54   294.0 0 -9999.9 1 -9999.9 1    63.9 0   365.4 0   317.9 0   316.0 0   456.3 0   302.3 0   302.4 0    22.0 2   142.4 0 -9999.9 1   -90.9 0 -9999.9 1 -9999.9 1 -9999.9 1 -9999.9 1   241.5 0 -9999.9 1
 1999 186  7  5 23 33 23.550  70.66   274.8 0 -9999.9 1 -9999.9 1    62.2 0   366.8 0   317.8 0   315.6 0   455.2 0   302.1 0   302.2 0    19.6 2   133.5 0 -9999.9 1   -88.4 0 -9999.9 1 -9999.9 1 -9999.9 1 -9999.9 1   239.9 0 -9999.9 1
 1999 186  7  5 23 36 23.600  71.21   265.4 0 -9999.9 1 -9999.9 1    61.3 0   364.5 0   317.8 0   315.7 0   454.7 0   302.0 0   302.1 0    18.5 2   129.3 0 -9999.9 1   -90.2 0 -9999.9 1 -9999.9 1 -9999.9 1 -9999.9 1   236.2 0 -9999.9 1
 1999 186  7  5 23 39 23.650  71.77   256.2 0 -9999.9 1 -9999.9 1    60.2 0   363.1 0   317.8 0   315.8 0   454.7 0   302.0 0   302.1 0    17.7 2   124.9 0 -9999.9 1   -91.6 0 -9999.9 1 -9999.9 1 -9999.9 1 -9999.9 1   241.1 0 -9999.9 1
 1999 186  7  5 23 42 23.700  72.32   245.7 0 -9999.9 1 -9999.9 1    59.2 0   364.1 0   317.8 0   315.7 0   454.2 0   301.9 0   302.0 0    16.6 2   120.2 0 -9999.9 1   -90.1 0 -9999.9 1 -9999.9 1 -9999.9 1 -9999.9 1   239.6 0 -9999.9 1
 1999 186  7  5 23 48 23.800  73.42   226.0 0 -9999.9 1 -9999.9 1    57.6 0   366.1 0   317.8 0   315.5 0   452.4 0   301.8 0   301.8 0    14.5 2   110.6 0 -9999.9 1   -86.3 0 -9999.9 1 -9999.9 1 -9999.9 1 -9999.9 1   242.8 0 -9999.9 1
 1999 186  7  5 23 51 23.850  73.97   217.3 0 -9999.9 1 -9999.9 1    56.6 0   365.5 0   317.7 0   315.4 0   452.0 0   301.7 0   301.8 0    13.5 2   106.6 0 -9999.9 1   -86.6 0 -9999.9 1 -9999.9 1 -9999.9 1 -9999.9 1   241.8 0 -9999.9 1
 1999 186  7  5 23 54 23.900  74.52   207.7 0 -9999.9 1 -9999.9 1    54.5 0   364.2 0   317.6 0   315.4 0   451.0 0   301.6 0   301.6 0    12.6 2   101.8 0 -9999.9 1   -86.8 0 -9999.9 1 -9999.9 1 -9999.9 1 -9999.9 1   245.6 0 -9999.9 1
 1999 186  7  5 23 57 23.950  75.06   198.5 0 -9999.9 1 -9999.9 1    52.4 0   363.2 0   317.5 0   315.4 0   450.3 0   301.5 0   301.6 0    11.9 2    97.2 0 -9999.9 1   -87.1 0 -9999.9 1 -9999.9 1 -9999.9 1 -9999.9 1   247.6 0 -9999.9 1
