 Bondville
   40.05  -88.37  213 m version 1
 1999 201  7 20  0  3  0.050  77.05   164.6 0 -9999.9 1 -9999.9 1   108.5 0   389.9 0   320.5 0   318.8 0   457.2 0   302.0 0   302.0 0     8.2 2    76.9 0 -9999.9 1   -67.4 0 -9999.9 1 -9999.9 1 -9999.9 1 -9999.9 1   259.2 0 -9999.9 1
 1999 201  7 20  0  6  0.100  77.60   160.4 0 -9999.9 1 -9999.9 1   118.2 0   398.0 0   320.4 0   318.9 0   457.2 0   301.9 0   302.0 0     6.5 2    72.0 0 -9999.9 1   -59.2 0 -9999.9 1 -9999.9 1 -9999.9 1 -9999.9 1   259.5 0 -9999.9 1
 1999 201  7 20  0  9  0.150  78.15   138.7 0 -9999.9 1 -9999.9 1   118.1 0   405.7 0   320.4 0   319.1 0   457.6 0   301.9 0   301.9 0     5.5 2    61.6 0 -9999.9 1   -51.9 0 -9999.9 1 -9999.9 1 -9999.9 1 -9999.9 1   261.0 0 -9999.9 1
 1999 201  7 20  0 12  0.200  78.69   109.4 0 -9999.9 1 -9999.9 1   103.9 0   401.4 0   320.3 0   318.7 0   456.2 0   301.9 0   301.8 0     5.5 2    51.4 0 -9999.9 1   -54.8 0 -9999.9 1 -9999.9 1 -9999.9 1 -9999.9 1   248.0 0 -9999.9 1
 1999 201  7 20  0 18  0.300  79.77    75.4 0 -9999.9 1 -9999.9 1    71.1 0   394.7 0   320.0 0   318.5 0   452.3 0   301.6 0   301.6 0     4.6 2    36.1 0 -9999.9 1   -57.6 0 -9999.9 1 -9999.9 1 -9999.9 1 -9999.9 1   240.5 0 -9999.9 1
 1999 201  7 20  0 21  0.350  80.31    57.8 0 -9999.9 1 -9999.9 1    52.8 0   399.7 0   319.9 0   318.4 0   451.7 0   301.5 0   301.5 0     4.0 2    28.1 0 -9999.9 1   -52.0 0 -9999.9 1 -9999.9 1 -9999.9 1 -9999.9 1   252.4 0 -9999.9 1
 1999 201  7 20  0 24  0.400  80.85    40.2 0 -9999.9 1 -9999.9 1    35.7 0   401.1 0   319.7 0   317.9 0   450.2 0   301.4 0   301.3 0     3.8 2    20.8 0 -9999.9 1   -49.1 0 -9999.9 1 -9999.9 1 -9999.9 1 -9999.9 1   261.9 0 -9999.9 1
 1999 201  7 20  0 27  0.450  81.38    31.0 0 -9999.9 1 -9999.9 1    26.8 0   398.8 0   319.5 0   317.5 0   448.4 0   301.3 0   301.2 0     3.5 2    16.6 0 -9999.9 1   -49.6 0 -9999.9 1 -9999.9 1 -9999.9 1 -9999.9 1   264.9 0 -9999.9 1
 1999 201  7 20  0 33  0.550  82.45    26.2 0 -9999.9 1 -9999.9 1    21.0 0   409.0 0   319.0 0   317.4 0   448.0 0   301.0 0   300.9 0     2.5 2    13.8 0 -9999.9 1   -39.0 0 -9999.9 1 -9999.9 1 -9999.9 1 -9999.9 1   263.9 0 -9999.9 1
 1999 201  7 20  0 36  0.600  82.97    25.6 0 -9999.9 1 -9999.9 1    20.7 0   403.3 0   318.7 0   317.1 0   447.0 0   300.8 0   300.7 0     2.3 2    13.7 0 -9999.9 1   -43.8 0 -9999.9 1 -9999.9 1 -9999.9 1 -9999.9 1   261.5 0 -9999.9 1
 1999 201  7 20  0 39  0.650  83.50    26.4 0 -9999.9 1 -9999.9 1    22.2 0   395.3 0   318.6 0   316.7 0   445.6 0   300.7 0   300.6 0     2.2 2    14.1 0 -9999.9 1   -50.3 0 -9999.9 1 -9999.9 1 -9999.9 1 -9999.9 1   258.4 0 -9999.9 1
 1999 201  7 20  0 42  0.700  84.02    26.0 0 -9999.9 1 -9999.9 1    22.0 0   389.3 0   318.3 0   316.4 0   444.1 0   300.5 0   300.4 0     2.0 2    14.0 0 -9999.9 1   -54.8 0 -9999.9 1 -9999.9 1 -9999.9 1 -9999.9 1   258.2 0 -9999.9 1
 1999 201  7 20  0 48  0.800  85.05    21.0 0 -9999.9 1 -9999.9 1    16.9 0   387.5 0   317.8 0   315.9 0   442.2 0   300.1 0   300.0 0     1.5 2    11.3 0 -9999.9 1   -54.7 0 -9999.9 1 -9999.9 1 -9999.9 1 -9999.9 1   263.0 0 -9999.9 1
 1999 201  7 20  0 51  0.850  85.56    20.4 0 -9999.9 1 -9999.9 1    16.2 0   393.2 0   317.6 0   315.6 0   442.4 0   300.0 0   299.9 0     1.2 2    10.8 0 -9999.9 1   -49.2 0 -9999.9 1 -9999.9 1 -9999.9 1 -9999.9 1   265.7 0 -9999.9 1
 1999 201  7 20  0 54  0.900  86.07    20.0 0 -9999.9 1 -9999.9 1    16.2 0   389.1 0   317.3 0   315.4 0   442.0 0   299.9 0   299.8 0     1.1 2    10.4 0 -9999.9 1   -52.8 0 -9999.9 1 -9999.9 1 -9999.9 1 -9999.9 1   262.4 0 -9999.9 1
 1999 201  7 20  0 57  0.950  86.57    19.1 0 -9999.9 1 -9999.9 1    16.1 0   381.9 0   317.1 0   315.2 0   441.1 0   299.7 0   299.6 0     1.0 2     9.8 0 -9999.9 1   -59.2 0 -9999.9 1 -9999.9 1 -9999.9 1 -9999.9 1   255.2 0 -9999.9 1
 1999 201  7 20  1  3  1.050  87.55    14.2 0 -9999.9 1 -9999.9 1    11.7 0   381.0 0   316.7 0   315.1 0   440.1 0   299.5 0   299.4 0     0.7 2     7.5 0 -9999.9 1   -59.1 0 -9999.9 1 -9999.9 1 -9999.9 1 -9999.9 1   259.7 0 -9999.9 1
 1999 201  7 20  1  6  1.100  88.02    10.5 0 -9999.9 1 -9999.9 1     8.0 0   382.1 0   316.5 0   315.0 0   438.0 0   299.4 0   299.3 0     0.5 2     5.8 0 -9999.9 1   -55.9 0 -9999.9 1 -9999.9 1 -9999.9 1 -9999.9 1   277.7 0 -9999.9 1
 1999 201  7 20  1  9  1.150  88.49     8.6 0 -9999.9 1 -9999.9 1     5.8 0   378.8 0   316.3 0   315.2 0   436.6 0   299.3 0   299.2 0     0.4 2     4.7 0 -9999.9 1   -57.8 0 -9999.9 1 -9999.9 1 -9999.9 1 -9999.9 1   265.8 0 -9999.9 1
 1999 201  7 20  1 12  1.200  88.93     5.5 0 -9999.9 1 -9999.9 1     3.5 0   377.4 0   316.2 0   315.2 0   435.3 0   299.2 0   299.1 0     0.3 2     3.5 0 -9999.9 1   -57.9 0 -9999.9 1 -9999.9 1 -9999.9 1 -9999.9 1   262.1 0 -9999.9 1
 1999 201  7 20  1 18  1.300  89.74     0.4 0 -9999.9 1 -9999.9 1    -2.0 0   381.9 0   316.0 0   314.6 0   434.5 0   298.9 0   298.8 0     0.2 2     1.3 0 -9999.9 1   -52.6 0 -9999.9 1 -9999.9 1 -9999.9 1 -9999.9 1   266.5 0 -9999.9 1
 1999 201  7 20  1 21  1.350  90.90    -0.8 0 -9999.9 1 -9999.9 1    -3.2 0   384.4 0   315.8 0   314.5 0   434.4 0   298.8 0   298.7 0     0.0 2     0.8 0 -9999.9 1   -50.0 0 -9999.9 1 -9999.9 1 -9999.9 1 -9999.9 1   270.0 0 -9999.9 1
 1999 201  7 20  1 24  1.400  91.41    -1.4 0 -9999.9 1 -9999.9 1    -4.3 0   385.6 0   315.7 0   314.8 0   433.9 0   298.8 0   298.7 0     0.0 2     0.6 0 -9999.9 1   -48.4 0 -9999.9 1 -9999.9 1 -9999.9 1 -9999.9 1   273.3 0 -9999.9 1
 1999 201  7 20  1 27  1.450  91.91    -1.5 0 -9999.9 1 -9999.9 1    -4.3 0   388.5 0   315.7 0   314.8 0   433.1 0   298.7 0   298.6 0     0.0 2     0.2 0 -9999.9 1   -44.6 0 -9999.9 1 -9999.9 1 -9999.9 1 -9999.9 1   275.1 0 -9999.9 1
 1999 201  7 20  1 33  1.550  92.91    -2.1 0 -9999.9 1 -9999.9 1    -5.3 0   402.5 0   315.6 0   313.7 0   433.3 0   298.5 0   298.4 0     0.0 2     0.0 0 -9999.9 1   -30.8 0 -9999.9 1 -9999.9 1 -9999.9 1 -9999.9 1   267.3 0 -9999.9 1
 1999 201  7 20  1 36  1.600  93.40    -2.2 0 -9999.9 1 -9999.9 1    -6.1 0   402.7 0   315.4 0   313.4 0   434.6 0   298.4 0   298.3 0     0.0 2    -0.1 0 -9999.9 1   -31.9 0 -9999.9 1 -9999.9 1 -9999.9 1 -9999.9 1   260.6 0 -9999.9 1
 1999 201  7 20  1 39  1.650  93.89    -2.2 0 -9999.9 1 -9999.9 1    -6.4 0   399.2 0   315.3 0   313.5 0   434.3 0   298.3 0   298.2 0     0.0 2    -0.1 0 -9999.9 1   -35.1 0 -9999.9 1 -9999.9 1 -9999.9 1 -9999.9 1   142.9 0 -9999.9 1
 1999 201  7 20  1 42  1.700  94.38    -2.2 0 -9999.9 1 -9999.9 1    -6.7 0   404.6 0   315.2 0   313.6 0   434.2 0   298.3 0   298.2 0     0.0 2    -0.1 0 -9999.9 1   -29.6 0 -9999.9 1 -9999.9 1 -9999.9 1 -9999.9 1   127.9 0 -9999.9 1
 1999 201  7 20  1 48  1.800  95.35    -2.2 0 -9999.9 1 -9999.9 1    -5.8 0   404.1 0   315.1 0   313.6 0   434.0 0   298.1 0   298.0 0     0.0 2    -0.1 0 -9999.9 1   -29.9 0 -9999.9 1 -9999.9 1 -9999.9 1 -9999.9 1    78.6 0 -9999.9 1
 1999 201  7 20  1 51  1.850  95.83    -2.5 0 -9999.9 1 -9999.9 1    -4.9 0   399.5 0   315.0 0   313.3 0   433.3 0   298.0 0   297.8 0     0.0 2    -0.1 0 -9999.9 1   -33.8 0 -9999.9 1 -9999.9 1 -9999.9 1 -9999.9 1    66.5 0 -9999.9 1
 1999 201  7 20  1 54  1.900  96.31    -2.6 0 -9999.9 1 -9999.9 1    -4.3 0   395.9 0   314.9 0   313.0 0   433.0 0   297.8 0   297.7 0     0.0 2    -0.1 0 -9999.9 1   -37.1 0 -9999.9 1 -9999.9 1 -9999.9 1 -9999.9 1    55.7 0 -9999.9 1
 1999 201  7 20  1 57  1.950  96.78    -3.1 0 -9999.9 1 -9999.9 1    -4.1 0   390.5 0   314.9 0   312.7 0   433.6 0   297.7 0   297.5 0     0.0 2    -0.1 0 -9999.9 1   -43.0 0 -9999.9 1 -9999.9 1 -9999.9 1 -9999.9 1    68.9 0 -9999.9 1
 1999 201  7 20  2  3  2.050  97.72    -3.6 0 -9999.9 1 -9999.9 1    -4.0 0   392.9 0   314.6 0   312.6 0   434.7 0   297.5 0   297.4 0     0.0 2     0.0 0 -9999.9 1   -41.8 0 -9999.9 1 -9999.9 1 -9999.9 1 -9999.9 1    81.0 0 -9999.9 1
 1999 201  7 20  2  6  2.100  98.19    -3.8 0 -9999.9 1 -9999.9 1    -2.7 0   399.5 0   314.5 0   312.2 0   433.8 0   297.4 0   297.3 0     0.0 2    -0.1 0 -9999.9 1   -34.3 0 -9999.9 1 -9999.9 1 -9999.9 1 -9999.9 1    30.5 0 -9999.9 1
 1999 201  7 20  2  9  2.150  98.65    -3.8 0 -9999.9 1 -9999.9 1    -2.5 0   406.9 0   314.4 0   312.0 0   433.8 0   297.4 0   297.3 0     0.0 2    -0.1 0 -9999.9 1   -26.9 0 -9999.9 1 -9999.9 1 -9999.9 1 -9999.9 1    23.4 0 -9999.9 1
 1999 201  7 20  2 12  2.200  99.11    -3.9 0 -9999.9 1 -9999.9 1    -2.2 0   414.6 0   314.2 0   311.6 0   434.5 0   297.3 0   297.2 0     0.0 2    -0.1 0 -9999.9 1   -19.9 0 -9999.9 1 -9999.9 1 -9999.9 1 -9999.9 1    18.4 0 -9999.9 1
 1999 201  7 20  2 18  2.300 100.02    -4.1 0 -9999.9 1 -9999.9 1    -2.6 0   416.1 0   313.7 0   311.3 0   433.4 0   297.1 0   297.0 0     0.0 2     0.0 0 -9999.9 1   -17.3 0 -9999.9 1 -9999.9 1 -9999.9 1 -9999.9 1    52.7 0 -9999.9 1
 1999 201  7 20  2 21  2.350 100.47    -4.1 0 -9999.9 1 -9999.9 1    -3.3 0   415.4 0   313.5 0   311.2 0   433.7 0   297.0 0   296.9 0     0.0 2     0.0 0 -9999.9 1   -18.4 0 -9999.9 1 -9999.9 1 -9999.9 1 -9999.9 1    69.9 0 -9999.9 1
 1999 201  7 20  2 24  2.400 100.92    -4.2 0 -9999.9 1 -9999.9 1    -3.0 0   415.7 0   313.2 0   310.9 0   434.7 0   297.0 0   296.9 0     0.0 2    -0.1 0 -9999.9 1   -19.0 0 -9999.9 1 -9999.9 1 -9999.9 1 -9999.9 1    74.2 0 -9999.9 1
 1999 201  7 20  2 27  2.450 101.36    -4.3 0 -9999.9 1 -9999.9 1    -3.0 0   415.4 0   312.9 0   310.5 0   435.4 0   296.9 0   296.9 0     0.0 2    -0.2 0 -9999.9 1   -20.1 0 -9999.9 1 -9999.9 1 -9999.9 1 -9999.9 1    79.4 0 -9999.9 1
 1999 201  7 20  2 33  2.550 102.23    -4.3 0 -9999.9 1 -9999.9 1    -4.2 0   410.5 0   312.3 0   310.2 0   434.3 0   297.0 0   296.9 0     0.0 2    -0.2 0 -9999.9 1   -23.8 0 -9999.9 1 -9999.9 1 -9999.9 1 -9999.9 1   117.6 0 -9999.9 1
 1999 201  7 20  2 36  2.600 102.66    -4.0 0 -9999.9 1 -9999.9 1    -4.7 0   410.5 0   312.1 0   310.1 0   434.3 0   297.0 0   296.9 0     0.0 2    -0.1 0 -9999.9 1   -23.8 0 -9999.9 1 -9999.9 1 -9999.9 1 -9999.9 1   101.3 0 -9999.9 1
 1999 201  7 20  2 39  2.650 103.09    -3.9 0 -9999.9 1 -9999.9 1    -4.4 0   411.4 0   311.9 0   310.0 0   434.6 0   297.0 0   296.9 0     0.0 2    -0.1 0 -9999.9 1   -23.3 0 -9999.9 1 -9999.9 1 -9999.9 1 -9999.9 1    94.9 0 -9999.9 1
 1999 201  7 20  2 42  2.700 103.52    -3.9 0 -9999.9 1 -9999.9 1    -4.5 0   406.3 0   311.7 0   310.0 0   434.1 0   296.9 0   296.9 0     0.0 2    -0.1 0 -9999.9 1   -27.8 0 -9999.9 1 -9999.9 1 -9999.9 1 -9999.9 1   106.9 0 -9999.9 1
 1999 201  7 20  2 48  2.800 104.35    -3.4 0 -9999.9 1 -9999.9 1    -4.7 0   399.2 0   311.4 0   310.1 0   432.2 0   296.8 0   296.8 0     0.0 2    -0.1 0 -9999.9 1   -33.0 0 -9999.9 1 -9999.9 1 -9999.9 1 -9999.9 1   110.4 0 -9999.9 1
 1999 201  7 20  2 51  2.850 104.76    -3.2 0 -9999.9 1 -9999.9 1    -4.8 0   396.7 0   311.3 0   310.1 0   430.7 0   296.8 0   296.7 0     0.0 2    -0.1 0 -9999.9 1   -34.0 0 -9999.9 1 -9999.9 1 -9999.9 1 -9999.9 1    90.0 0 -9999.9 1
 1999 201  7 20  2 54  2.900 105.17    -3.2 0 -9999.9 1 -9999.9 1    -4.4 0   394.9 0   311.2 0   309.8 0   430.6 0   296.7 0   296.6 0     0.0 2    -0.1 0 -9999.9 1   -35.7 0 -9999.9 1 -9999.9 1 -9999.9 1 -9999.9 1    68.2 0 -9999.9 1
 1999 201  7 20  2 57  2.950 105.58    -3.3 0 -9999.9 1 -9999.9 1    -4.1 0   392.8 0   311.2 0   309.7 0   430.2 0   296.6 0   296.6 0     0.0 2    -0.1 0 -9999.9 1   -37.4 0 -9999.9 1 -9999.9 1 -9999.9 1 -9999.9 1    88.4 0 -9999.9 1
 1999 201  7 20  3  3  3.050 106.37    -3.2 0 -9999.9 1 -9999.9 1    -4.7 0   388.3 0   311.1 0   309.9 0   428.5 0   296.5 0   296.5 0     0.0 2    -0.1 0 -9999.9 1   -40.2 0 -9999.9 1 -9999.9 1 -9999.9 1 -9999.9 1   135.7 0 -9999.9 1
 1999 201  7 20  3  6  3.100 106.76    -3.2 0 -9999.9 1 -9999.9 1    -3.7 0   386.5 0   311.1 0   309.6 0   428.0 0   296.4 0   296.4 0     0.0 2    -0.1 0 -9999.9 1   -41.5 0 -9999.9 1 -9999.9 1 -9999.9 1 -9999.9 1   151.0 0 -9999.9 1
 1999 201  7 20  3  9  3.150 107.15    -3.5 0 -9999.9 1 -9999.9 1    -3.0 0   385.0 0   311.1 0   309.4 0   427.6 0   296.3 0   296.3 0     0.0 2    -0.1 0 -9999.9 1   -42.6 0 -9999.9 1 -9999.9 1 -9999.9 1 -9999.9 1   155.1 0 -9999.9 1
 1999 201  7 20  3 12  3.200 107.53    -3.8 0 -9999.9 1 -9999.9 1    -2.6 0   384.4 0   311.1 0   309.3 0   427.9 0   296.3 0   296.2 0     0.0 2    -0.1 0 -9999.9 1   -43.5 0 -9999.9 1 -9999.9 1 -9999.9 1 -9999.9 1   160.0 0 -9999.9 1
 1999 201  7 20  3 18  3.300 108.28    -3.7 0 -9999.9 1 -9999.9 1    -2.8 0   383.7 0   311.1 0   309.5 0   427.6 0   296.1 0   296.0 0     0.0 2    -0.1 0 -9999.9 1   -43.9 0 -9999.9 1 -9999.9 1 -9999.9 1 -9999.9 1   169.0 0 -9999.9 1
 1999 201  7 20  3 21  3.350 108.65    -3.6 0 -9999.9 1 -9999.9 1    -3.3 0   385.5 0   311.1 0   309.6 0   427.6 0   296.1 0   296.0 0     0.0 2    -0.1 0 -9999.9 1   -42.1 0 -9999.9 1 -9999.9 1 -9999.9 1 -9999.9 1   165.5 0 -9999.9 1
 1999 201  7 20  3 24  3.400 109.01    -3.2 0 -9999.9 1 -9999.9 1    -4.2 0   387.6 0   311.1 0   309.8 0   427.2 0   296.0 0   295.9 0     0.0 2    -0.1 0 -9999.9 1   -39.6 0 -9999.9 1 -9999.9 1 -9999.9 1 -9999.9 1   147.1 0 -9999.9 1
 1999 201  7 20  3 27  3.450 109.37    -2.9 0 -9999.9 1 -9999.9 1    -3.8 0   391.4 0   311.1 0   309.6 0   426.8 0   296.0 0   295.9 0     0.0 2    -0.1 0 -9999.9 1   -35.4 0 -9999.9 1 -9999.9 1 -9999.9 1 -9999.9 1   110.8 0 -9999.9 1
 1999 201  7 20  3 33  3.550 110.07    -2.9 0 -9999.9 1 -9999.9 1    -4.0 0   392.6 0   311.1 0   309.6 0   426.1 0   295.8 0   295.8 0     0.0 2    -0.1 0 -9999.9 1   -33.5 0 -9999.9 1 -9999.9 1 -9999.9 1 -9999.9 1    95.5 0 -9999.9 1
 1999 201  7 20  3 36  3.600 110.41    -3.0 0 -9999.9 1 -9999.9 1    -3.8 0   396.0 0   311.1 0   309.4 0   426.5 0   295.8 0   295.7 0     0.0 2    -0.1 0 -9999.9 1   -30.5 0 -9999.9 1 -9999.9 1 -9999.9 1 -9999.9 1    53.7 0 -9999.9 1
 1999 201  7 20  3 39  3.650 110.75    -3.2 0 -9999.9 1 -9999.9 1    -3.7 0   396.1 0   311.2 0   309.5 0   427.0 0   295.7 0   295.7 0     0.0 2    -0.1 0 -9999.9 1   -30.9 0 -9999.9 1 -9999.9 1 -9999.9 1 -9999.9 1    24.6 0 -9999.9 1
 1999 201  7 20  3 42  3.700 111.08    -3.3 0 -9999.9 1 -9999.9 1    -3.5 0   398.1 0   311.2 0   309.4 0   428.0 0   295.7 0   295.6 0     0.0 2    -0.1 0 -9999.9 1   -29.9 0 -9999.9 1 -9999.9 1 -9999.9 1 -9999.9 1    36.1 0 -9999.9 1
 1999 201  7 20  3 48  3.800 111.72    -3.9 0 -9999.9 1 -9999.9 1    -2.7 0   410.7 0   311.2 0   309.1 0   429.2 0   295.5 0   295.5 0     0.0 2    -0.1 0 -9999.9 1   -18.5 0 -9999.9 1 -9999.9 1 -9999.9 1 -9999.9 1    25.0 0 -9999.9 1
 1999 201  7 20  3 51  3.850 112.04    -3.7 0 -9999.9 1 -9999.9 1    -3.9 0   404.5 0   311.2 0   309.4 0   429.1 0   295.4 0   295.4 0     0.0 2    -0.1 0 -9999.9 1   -24.6 0 -9999.9 1 -9999.9 1 -9999.9 1 -9999.9 1    51.3 0 -9999.9 1
 1999 201  7 20  3 54  3.900 112.35    -3.5 0 -9999.9 1 -9999.9 1    -4.7 0   404.5 0   311.1 0   309.6 0   428.8 0   295.4 0   295.3 0     0.0 2    -0.2 0 -9999.9 1   -24.3 0 -9999.9 1 -9999.9 1 -9999.9 1 -9999.9 1   106.8 0 -9999.9 1
 1999 201  7 20  3 57  3.950 112.65    -3.2 0 -9999.9 1 -9999.9 1    -5.1 0   408.4 0   311.0 0   309.6 0   429.9 0   295.3 0   295.3 0     0.0 2    -0.1 0 -9999.9 1   -21.5 0 -9999.9 1 -9999.9 1 -9999.9 1 -9999.9 1   106.7 0 -9999.9 1
 1999 201  7 20  4  3  4.050 113.24    -3.5 0 -9999.9 1 -9999.9 1    -2.8 0   406.4 0   310.8 0   309.2 0   430.1 0   295.3 0   295.2 0     0.0 2    -0.1 0 -9999.9 1   -23.6 0 -9999.9 1 -9999.9 1 -9999.9 1 -9999.9 1   141.8 0 -9999.9 1
 1999 201  7 20  4  6  4.100 113.53    -3.6 0 -9999.9 1 -9999.9 1    -2.2 0   405.1 0   310.8 0   309.2 0   430.4 0   295.3 0   295.3 0     0.0 2    -0.1 0 -9999.9 1   -25.3 0 -9999.9 1 -9999.9 1 -9999.9 1 -9999.9 1   155.6 0 -9999.9 1
 1999 201  7 20  4  9  4.150 113.81    -3.5 0 -9999.9 1 -9999.9 1    -3.0 0   405.5 0   310.8 0   309.5 0   430.5 0   295.3 0   295.3 0     0.0 2    -0.1 0 -9999.9 1   -25.0 0 -9999.9 1 -9999.9 1 -9999.9 1 -9999.9 1   170.9 0 -9999.9 1
 1999 201  7 20  4 12  4.200 114.08    -3.4 0 -9999.9 1 -9999.9 1    -4.0 0   406.8 0   310.8 0   309.6 0   430.6 0   295.4 0   295.3 0     0.0 2    -0.1 0 -9999.9 1   -23.8 0 -9999.9 1 -9999.9 1 -9999.9 1 -9999.9 1   185.1 0 -9999.9 1
 1999 201  7 20  4 18  4.300 114.61    -3.4 0 -9999.9 1 -9999.9 1    -3.5 0   417.4 0   310.9 0   308.9 0   430.3 0   295.4 0   295.4 0     0.0 2    -0.1 0 -9999.9 1   -12.9 0 -9999.9 1 -9999.9 1 -9999.9 1 -9999.9 1    20.3 0 -9999.9 1
 1999 201  7 20  4 21  4.350 114.86    -2.8 0 -9999.9 1 -9999.9 1    -1.2 0   433.1 0   310.9 0   307.6 0   431.5 0   295.4 0   295.4 0     0.0 2    -0.2 0 -9999.9 1     0.0 0 -9999.9 1 -9999.9 1 -9999.9 1 -9999.9 1    17.9 0 -9999.9 1
 1999 201  7 20  4 24  4.400 115.11    -0.6 0 -9999.9 1 -9999.9 1     3.5 0   468.0 0   310.0 0   303.9 0   429.5 0   295.4 0   295.3 0     0.0 2    -0.1 0 -9999.9 1     0.0 0 -9999.9 1 -9999.9 1 -9999.9 1 -9999.9 1    15.9 0 -9999.9 1
 1999 201  7 20  4 27  4.450 115.35    -0.9 0 -9999.9 1 -9999.9 1     2.3 0   462.4 0   308.8 0   303.1 0   428.3 0   295.3 0   295.3 0     0.0 2     0.1 0 -9999.9 1     0.0 0 -9999.9 1 -9999.9 1 -9999.9 1 -9999.9 1    11.5 0 -9999.9 1
 1999 201  7 20  4 33  4.550 115.81    -2.8 0 -9999.9 1 -9999.9 1     1.7 0   447.3 0   307.1 0   302.8 0   428.6 0   295.2 0   295.1 0     0.0 2    -0.1 0 -9999.9 1     0.0 0 -9999.9 1 -9999.9 1 -9999.9 1 -9999.9 1    11.5 0 -9999.9 1
 1999 201  7 20  4 36  4.600 116.03    -3.5 0 -9999.9 1 -9999.9 1     1.6 0   445.3 0   306.4 0   302.2 0   427.2 0   295.1 0   295.1 0     0.0 2     0.0 0 -9999.9 1     0.0 0 -9999.9 1 -9999.9 1 -9999.9 1 -9999.9 1     7.8 0 -9999.9 1
 1999 201  7 20  4 39  4.650 116.25    -3.7 0 -9999.9 1 -9999.9 1     0.5 0   443.9 0   305.8 0   301.7 0   426.6 0   295.0 0   295.0 0     0.0 2     0.0 0 -9999.9 1     0.0 0 -9999.9 1 -9999.9 1 -9999.9 1 -9999.9 1   359.8 0 -9999.9 1
 1999 201  7 20  4 42  4.700 116.46    -3.6 0 -9999.9 1 -9999.9 1    -0.2 0   440.1 0   305.1 0   301.5 0   426.0 0   294.9 0   294.8 0     0.0 2     0.2 0 -9999.9 1     0.0 0 -9999.9 1 -9999.9 1 -9999.9 1 -9999.9 1    11.8 0 -9999.9 1
 1999 201  7 20  4 48  4.800 116.85    -4.5 0 -9999.9 1 -9999.9 1    -0.2 0   430.9 0   304.4 0   301.5 0   425.8 0   294.7 0   294.7 0     0.0 2    -0.1 0 -9999.9 1     0.0 0 -9999.9 1 -9999.9 1 -9999.9 1 -9999.9 1    13.7 0 -9999.9 1
 1999 201  7 20  4 51  4.850 117.03    -4.6 0 -9999.9 1 -9999.9 1    -0.1 0   429.9 0   304.0 0   301.2 0   425.4 0   294.6 0   294.6 0     0.0 2    -0.1 0 -9999.9 1     0.0 0 -9999.9 1 -9999.9 1 -9999.9 1 -9999.9 1    14.2 0 -9999.9 1
 1999 201  7 20  4 54  4.900 117.21    -4.8 0 -9999.9 1 -9999.9 1    -0.6 0   431.5 0   303.8 0   300.9 0   425.0 0   294.5 0   294.5 0     0.0 2     0.2 0 -9999.9 1     0.0 0 -9999.9 1 -9999.9 1 -9999.9 1 -9999.9 1    34.2 0 -9999.9 1
 1999 201  7 20  4 57  4.950 117.38    -5.3 0 -9999.9 1 -9999.9 1    -0.9 0   431.3 0   303.5 0   300.6 0   425.1 0   294.5 0   294.4 0     0.0 2     0.1 0 -9999.9 1     0.0 0 -9999.9 1 -9999.9 1 -9999.9 1 -9999.9 1    51.4 0 -9999.9 1
 1999 201  7 20  5  3  5.050 117.71    -5.5 0 -9999.9 1 -9999.9 1    -1.9 0   423.5 0   303.0 0   300.9 0   425.4 0   294.3 0   294.3 0     0.0 2     0.0 0 -9999.9 1    -1.8 0 -9999.9 1 -9999.9 1 -9999.9 1 -9999.9 1   170.8 0 -9999.9 1
 1999 201  7 20  5  6  5.100 117.85    -5.2 0 -9999.9 1 -9999.9 1    -1.2 0   425.6 0   302.8 0   300.3 0   425.4 0   294.3 0   294.2 0     0.0 2     0.1 0 -9999.9 1     0.0 0 -9999.9 1 -9999.9 1 -9999.9 1 -9999.9 1    75.2 0 -9999.9 1
 1999 201  7 20  5  9  5.150 118.00    -5.2 0 -9999.9 1 -9999.9 1    -1.3 0   419.9 0   302.6 0   300.3 0   424.9 0   294.2 0   294.2 0     0.0 2     0.0 0 -9999.9 1    -5.0 0 -9999.9 1 -9999.9 1 -9999.9 1 -9999.9 1    95.3 0 -9999.9 1
 1999 201  7 20  5 12  5.200 118.13    -5.4 0 -9999.9 1 -9999.9 1    -1.3 0   418.7 0   302.4 0   300.0 0   424.7 0   294.1 0   294.1 0     0.0 2     0.0 0 -9999.9 1    -6.0 0 -9999.9 1 -9999.9 1 -9999.9 1 -9999.9 1    88.5 0 -9999.9 1
 1999 201  7 20  5 18  5.300 118.38    -5.5 0 -9999.9 1 -9999.9 1    -1.4 0   413.4 0   302.2 0   300.2 0   424.8 0   294.1 0   294.0 0     0.0 2     0.0 0 -9999.9 1   -11.4 0 -9999.9 1 -9999.9 1 -9999.9 1 -9999.9 1    91.3 0 -9999.9 1
 1999 201  7 20  5 21  5.350 118.49    -5.8 0 -9999.9 1 -9999.9 1    -1.6 0   412.2 0   302.2 0   300.4 0   424.6 0   294.0 0   294.0 0     0.0 2     0.0 0 -9999.9 1   -12.5 0 -9999.9 1 -9999.9 1 -9999.9 1 -9999.9 1    92.6 0 -9999.9 1
 1999 201  7 20  5 24  5.400 118.59    -6.1 0 -9999.9 1 -9999.9 1    -2.3 0   409.7 0   302.2 0   300.9 0   424.3 0   293.9 0   293.9 0     0.0 2     0.1 0 -9999.9 1   -14.6 0 -9999.9 1 -9999.9 1 -9999.9 1 -9999.9 1    93.0 0 -9999.9 1
 1999 201  7 20  5 27  5.450 118.69    -6.1 0 -9999.9 1 -9999.9 1    -2.4 0   409.9 0   302.2 0   301.1 0   424.4 0   293.9 0   293.9 0     0.0 2     0.0 0 -9999.9 1   -14.5 0 -9999.9 1 -9999.9 1 -9999.9 1 -9999.9 1   153.2 0 -9999.9 1
 1999 201  7 20  5 33  5.550 118.85    -6.1 0 -9999.9 1 -9999.9 1    -2.7 0   417.0 0   302.4 0   301.1 0   425.2 0   293.9 0   293.9 0     0.0 2     0.1 0 -9999.9 1    -8.1 0 -9999.9 1 -9999.9 1 -9999.9 1 -9999.9 1   159.1 0 -9999.9 1
 1999 201  7 20  5 36  5.600 118.92    -6.1 0 -9999.9 1 -9999.9 1    -2.3 0   416.0 0   302.4 0   300.9 0   425.4 0   293.9 0   293.9 0     0.0 2     0.1 0 -9999.9 1    -9.4 0 -9999.9 1 -9999.9 1 -9999.9 1 -9999.9 1   160.6 0 -9999.9 1
 1999 201  7 20  5 39  5.650 118.99    -6.1 0 -9999.9 1 -9999.9 1    -2.5 0   415.5 0   302.5 0   301.0 0   425.0 0   293.9 0   293.8 0     0.0 2     0.0 0 -9999.9 1    -9.6 0 -9999.9 1 -9999.9 1 -9999.9 1 -9999.9 1   156.2 0 -9999.9 1
 1999 201  7 20  5 42  5.700 119.04    -5.8 0 -9999.9 1 -9999.9 1    -1.7 0   419.9 0   302.5 0   300.4 0   424.8 0   293.9 0   293.8 0     0.0 2     0.1 0 -9999.9 1    -5.0 0 -9999.9 1 -9999.9 1 -9999.9 1 -9999.9 1    68.0 0 -9999.9 1
 1999 201  7 20  5 48  5.800 119.13    -5.7 0 -9999.9 1 -9999.9 1    -1.5 0   422.7 0   302.6 0   300.3 0   424.8 0   293.8 0   293.8 0     0.0 2     0.2 0 -9999.9 1    -2.1 0 -9999.9 1 -9999.9 1 -9999.9 1 -9999.9 1    72.7 0 -9999.9 1
 1999 201  7 20  5 51  5.850 119.16    -5.8 0 -9999.9 1 -9999.9 1    -1.6 0   420.6 0   302.7 0   300.6 0   424.8 0   293.8 0   293.7 0     0.0 2     0.2 0 -9999.9 1    -4.2 0 -9999.9 1 -9999.9 1 -9999.9 1 -9999.9 1   271.7 0 -9999.9 1
 1999 201  7 20  5 54  5.900 119.19    -5.4 0 -9999.9 1 -9999.9 1    -0.4 0   429.8 0   302.6 0   299.7 0   425.1 0   293.8 0   293.7 0     0.0 2     0.0 0 -9999.9 1     0.0 0 -9999.9 1 -9999.9 1 -9999.9 1 -9999.9 1   346.9 0 -9999.9 1
 1999 201  7 20  5 57  5.950 119.20    -6.0 0 -9999.9 1 -9999.9 1    -1.0 0   430.1 0   302.5 0   299.8 0   426.0 0   293.8 0   293.8 0     0.0 2     0.1 0 -9999.9 1     0.0 0 -9999.9 1 -9999.9 1 -9999.9 1 -9999.9 1   344.2 0 -9999.9 1
 1999 201  7 20  6  3  6.050 119.21    -5.5 0 -9999.9 1 -9999.9 1    -0.8 0   430.9 0   302.3 0   299.5 0   425.4 0   293.8 0   293.8 0     0.0 2     0.3 0 -9999.9 1     0.0 0 -9999.9 1 -9999.9 1 -9999.9 1 -9999.9 1     7.5 0 -9999.9 1
 1999 201  7 20  6  6  6.100 119.20    -5.1 0 -9999.9 1 -9999.9 1    -1.1 0   427.5 0   302.2 0   299.7 0   425.4 0   293.8 0   293.8 0     0.0 2     0.3 0 -9999.9 1     0.0 0 -9999.9 1 -9999.9 1 -9999.9 1 -9999.9 1    13.0 0 -9999.9 1
 1999 201  7 20  6  9  6.150 119.19    -4.9 0 -9999.9 1 -9999.9 1    -0.6 0   425.3 0   302.1 0   299.6 0   425.2 0   293.9 0   293.8 0     0.0 2     0.2 0 -9999.9 1     0.0 0 -9999.9 1 -9999.9 1 -9999.9 1 -9999.9 1    11.9 0 -9999.9 1
 1999 201  7 20  6 12  6.200 119.16    -5.1 0 -9999.9 1 -9999.9 1    -0.8 0   419.3 0   302.0 0   299.7 0   424.3 0   293.8 0   293.8 0     0.0 2     0.0 0 -9999.9 1    -5.0 0 -9999.9 1 -9999.9 1 -9999.9 1 -9999.9 1    10.1 0 -9999.9 1
 1999 201  7 20  6 18  6.300 119.09    -5.6 0 -9999.9 1 -9999.9 1    -1.5 0   412.1 0   301.7 0   299.8 0   423.3 0   293.7 0   293.7 0     0.0 2     0.0 0 -9999.9 1   -11.2 0 -9999.9 1 -9999.9 1 -9999.9 1 -9999.9 1    19.5 0 -9999.9 1
 1999 201  7 20  6 21  6.350 119.04    -5.7 0 -9999.9 1 -9999.9 1    -2.3 0   410.4 0   301.7 0   300.1 0   423.2 0   293.7 0   293.6 0     0.0 2     0.0 0 -9999.9 1   -12.8 0 -9999.9 1 -9999.9 1 -9999.9 1 -9999.9 1    18.2 0 -9999.9 1
 1999 201  7 20  6 24  6.400 118.99    -5.3 0 -9999.9 1 -9999.9 1    -1.8 0   410.2 0   301.6 0   299.9 0   423.0 0   293.6 0   293.6 0     0.0 2     0.0 0 -9999.9 1   -12.7 0 -9999.9 1 -9999.9 1 -9999.9 1 -9999.9 1    21.6 0 -9999.9 1
 1999 201  7 20  6 27  6.450 118.92    -5.3 0 -9999.9 1 -9999.9 1    -1.8 0   408.9 0   301.6 0   299.9 0   422.6 0   293.6 0   293.5 0     0.0 2     0.0 0 -9999.9 1   -13.7 0 -9999.9 1 -9999.9 1 -9999.9 1 -9999.9 1    13.6 0 -9999.9 1
 1999 201  7 20  6 33  6.550 118.77    -5.3 0 -9999.9 1 -9999.9 1    -1.9 0   410.2 0   301.6 0   299.9 0   422.2 0   293.5 0   293.5 0     0.0 2     0.1 0 -9999.9 1   -12.0 0 -9999.9 1 -9999.9 1 -9999.9 1 -9999.9 1   354.9 0 -9999.9 1
 1999 201  7 20  6 36  6.600 118.68    -5.4 0 -9999.9 1 -9999.9 1    -1.5 0   416.0 0   301.6 0   299.4 0   422.2 0   293.5 0   293.5 0     0.0 2     0.1 0 -9999.9 1    -6.2 0 -9999.9 1 -9999.9 1 -9999.9 1 -9999.9 1   356.9 0 -9999.9 1
 1999 201  7 20  6 39  6.650 118.58    -5.4 0 -9999.9 1 -9999.9 1    -1.7 0   418.6 0   301.5 0   299.3 0   421.6 0   293.5 0   293.4 0     0.0 2     0.0 0 -9999.9 1    -3.0 0 -9999.9 1 -9999.9 1 -9999.9 1 -9999.9 1     4.3 0 -9999.9 1
 1999 201  7 20  6 42  6.700 118.48    -5.2 0 -9999.9 1 -9999.9 1    -1.6 0   421.4 0   301.4 0   299.1 0   420.3 0   293.4 0   293.3 0     0.0 2     0.0 0 -9999.9 1     0.0 0 -9999.9 1 -9999.9 1 -9999.9 1 -9999.9 1   354.6 0 -9999.9 1
 1999 201  7 20  6 48  6.800 118.25    -4.7 0 -9999.9 1 -9999.9 1    -1.2 0   418.3 0   301.3 0   298.9 0   419.3 0   293.2 0   293.2 0     0.0 2     0.0 0 -9999.9 1    -1.0 0 -9999.9 1 -9999.9 1 -9999.9 1 -9999.9 1    21.5 0 -9999.9 1
 1999 201  7 20  6 51  6.850 118.12    -5.0 0 -9999.9 1 -9999.9 1    -1.2 0   414.3 0   301.2 0   298.9 0   418.8 0   293.1 0   293.1 0     0.0 2     0.0 0 -9999.9 1    -4.4 0 -9999.9 1 -9999.9 1 -9999.9 1 -9999.9 1    23.2 0 -9999.9 1
 1999 201  7 20  6 54  6.900 117.99    -5.0 0 -9999.9 1 -9999.9 1    -1.2 0   415.2 0   301.2 0   298.9 0   418.6 0   293.1 0   293.0 0     0.0 2     0.0 0 -9999.9 1    -3.4 0 -9999.9 1 -9999.9 1 -9999.9 1 -9999.9 1    20.4 0 -9999.9 1
 1999 201  7 20  6 57  6.950 117.85    -5.3 0 -9999.9 1 -9999.9 1    -1.9 0   415.5 0   301.1 0   299.2 0   418.1 0   293.0 0   292.9 0     0.0 2     0.0 0 -9999.9 1    -2.7 0 -9999.9 1 -9999.9 1 -9999.9 1 -9999.9 1    13.2 0 -9999.9 1
 1999 201  7 20  7  3  7.050 117.54    -5.5 0 -9999.9 1 -9999.9 1    -1.1 0   413.9 0   301.0 0   298.6 0   417.2 0   292.8 0   292.7 0     0.0 2     0.0 0 -9999.9 1    -3.3 0 -9999.9 1 -9999.9 1 -9999.9 1 -9999.9 1    27.8 0 -9999.9 1
 1999 201  7 20  7  6  7.100 117.38    -5.2 0 -9999.9 1 -9999.9 1    -0.8 0   412.2 0   300.9 0   298.5 0   416.9 0   292.7 0   292.7 0     0.0 2     0.3 0 -9999.9 1    -4.7 0 -9999.9 1 -9999.9 1 -9999.9 1 -9999.9 1    30.5 0 -9999.9 1
 1999 201  7 20  7  9  7.150 117.20    -5.5 0 -9999.9 1 -9999.9 1    -1.1 0   409.8 0   300.9 0   298.5 0   416.3 0   292.6 0   292.6 0     0.0 2     0.0 0 -9999.9 1    -6.5 0 -9999.9 1 -9999.9 1 -9999.9 1 -9999.9 1    18.2 0 -9999.9 1
 1999 201  7 20  7 12  7.200 117.03    -5.7 0 -9999.9 1 -9999.9 1    -1.3 0   406.7 0   300.8 0   298.7 0   415.9 0   292.6 0   292.5 0     0.0 2     0.0 0 -9999.9 1    -9.2 0 -9999.9 1 -9999.9 1 -9999.9 1 -9999.9 1     5.9 0 -9999.9 1
 1999 201  7 20  7 18  7.300 116.65    -5.8 0 -9999.9 1 -9999.9 1    -1.5 0   404.3 0   300.8 0   298.8 0   416.9 0   292.5 0   292.5 0     0.0 2    -0.1 0 -9999.9 1   -12.6 0 -9999.9 1 -9999.9 1 -9999.9 1 -9999.9 1   351.9 0 -9999.9 1
 1999 201  7 20  7 21  7.350 116.44    -5.9 0 -9999.9 1 -9999.9 1    -1.4 0   403.5 0   300.7 0   298.8 0   416.8 0   292.5 0   292.4 0     0.0 2     0.0 0 -9999.9 1   -13.4 0 -9999.9 1 -9999.9 1 -9999.9 1 -9999.9 1   350.4 0 -9999.9 1
 1999 201  7 20  7 24  7.400 116.24    -5.8 0 -9999.9 1 -9999.9 1    -1.1 0   401.4 0   300.7 0   298.7 0   416.8 0   292.5 0   292.4 0     0.0 2     0.0 0 -9999.9 1   -15.4 0 -9999.9 1 -9999.9 1 -9999.9 1 -9999.9 1   329.2 0 -9999.9 1
 1999 201  7 20  7 27  7.450 116.02    -5.6 0 -9999.9 1 -9999.9 1    -0.9 0   401.4 0   300.5 0   298.5 0   416.8 0   292.4 0   292.4 0     0.0 2     0.0 0 -9999.9 1   -15.3 0 -9999.9 1 -9999.9 1 -9999.9 1 -9999.9 1   322.9 0 -9999.9 1
 1999 201  7 20  7 33  7.550 115.57    -5.6 0 -9999.9 1 -9999.9 1    -1.2 0   400.2 0   300.4 0   298.5 0   416.7 0   292.4 0   292.4 0     0.0 2     0.0 0 -9999.9 1   -16.4 0 -9999.9 1 -9999.9 1 -9999.9 1 -9999.9 1   355.9 0 -9999.9 1
 1999 201  7 20  7 36  7.600 115.34    -5.7 0 -9999.9 1 -9999.9 1    -1.3 0   399.4 0   300.5 0   298.6 0   416.9 0   292.4 0   292.4 0     0.0 2     0.0 0 -9999.9 1   -17.6 0 -9999.9 1 -9999.9 1 -9999.9 1 -9999.9 1   357.3 0 -9999.9 1
 1999 201  7 20  7 39  7.650 115.10    -5.4 0 -9999.9 1 -9999.9 1    -1.1 0   399.8 0   300.5 0   298.6 0   416.9 0   292.4 0   292.4 0     0.0 2     0.1 0 -9999.9 1   -17.1 0 -9999.9 1 -9999.9 1 -9999.9 1 -9999.9 1     1.1 0 -9999.9 1
 1999 201  7 20  7 42  7.700 114.85    -5.7 0 -9999.9 1 -9999.9 1    -1.0 0   400.2 0   300.5 0   298.5 0   416.5 0   292.4 0   292.4 0     0.0 2     0.1 0 -9999.9 1   -16.3 0 -9999.9 1 -9999.9 1 -9999.9 1 -9999.9 1   355.9 0 -9999.9 1
 1999 201  7 20  7 48  7.800 114.33    -5.7 0 -9999.9 1 -9999.9 1    -1.9 0   397.7 0   300.5 0   299.1 0   416.6 0   292.3 0   292.3 0     0.0 2    -0.1 0 -9999.9 1   -18.8 0 -9999.9 1 -9999.9 1 -9999.9 1 -9999.9 1   353.8 0 -9999.9 1
 1999 201  7 20  7 51  7.850 114.07    -5.7 0 -9999.9 1 -9999.9 1    -2.3 0   397.2 0   300.6 0   299.3 0   416.4 0   292.3 0   292.3 0     0.0 2    -0.1 0 -9999.9 1   -19.2 0 -9999.9 1 -9999.9 1 -9999.9 1 -9999.9 1   358.1 0 -9999.9 1
 1999 201  7 20  7 54  7.900 113.79    -5.7 0 -9999.9 1 -9999.9 1    -2.3 0   398.8 0   300.6 0   299.3 0   416.1 0   292.3 0   292.3 0     0.0 2     0.0 0 -9999.9 1   -17.4 0 -9999.9 1 -9999.9 1 -9999.9 1 -9999.9 1   324.5 0 -9999.9 1
 1999 201  7 20  7 57  7.950 113.51    -5.7 0 -9999.9 1 -9999.9 1    -2.0 0   400.6 0   300.6 0   299.0 0   416.2 0   292.3 0   292.3 0     0.0 2     0.0 0 -9999.9 1   -15.6 0 -9999.9 1 -9999.9 1 -9999.9 1 -9999.9 1   304.3 0 -9999.9 1
 1999 201  7 20  8  3  8.050 112.93    -5.6 0 -9999.9 1 -9999.9 1    -2.0 0   401.5 0   300.7 0   299.1 0   416.5 0   292.3 0   292.3 0     0.0 2     0.1 0 -9999.9 1   -14.9 0 -9999.9 1 -9999.9 1 -9999.9 1 -9999.9 1   271.5 0 -9999.9 1
 1999 201  7 20  8  6  8.100 112.64    -5.4 0 -9999.9 1 -9999.9 1    -1.8 0   403.7 0   300.7 0   299.0 0   416.6 0   292.3 0   292.3 0     0.0 2    -0.1 0 -9999.9 1   -12.9 0 -9999.9 1 -9999.9 1 -9999.9 1 -9999.9 1   266.9 0 -9999.9 1
 1999 201  7 20  8  9  8.150 112.33    -5.2 0 -9999.9 1 -9999.9 1    -1.7 0   405.4 0   300.8 0   298.9 0   416.9 0   292.3 0   292.3 0     0.0 2     0.0 0 -9999.9 1   -11.5 0 -9999.9 1 -9999.9 1 -9999.9 1 -9999.9 1   271.4 0 -9999.9 1
 1999 201  7 20  8 12  8.200 112.02    -5.2 0 -9999.9 1 -9999.9 1    -1.6 0   406.4 0   300.8 0   298.9 0   416.8 0   292.3 0   292.3 0     0.0 2     0.0 0 -9999.9 1   -10.4 0 -9999.9 1 -9999.9 1 -9999.9 1 -9999.9 1   277.6 0 -9999.9 1
 1999 201  7 20  8 18  8.300 111.39    -5.0 0 -9999.9 1 -9999.9 1    -1.6 0   404.6 0   300.7 0   298.9 0   416.5 0   292.3 0   292.3 0     0.0 2     0.0 0 -9999.9 1   -11.9 0 -9999.9 1 -9999.9 1 -9999.9 1 -9999.9 1   278.0 0 -9999.9 1
 1999 201  7 20  8 21  8.350 111.06    -5.4 0 -9999.9 1 -9999.9 1    -2.0 0   402.5 0   300.8 0   299.2 0   416.3 0   292.3 0   292.3 0     0.0 2     0.1 0 -9999.9 1   -13.8 0 -9999.9 1 -9999.9 1 -9999.9 1 -9999.9 1   257.0 0 -9999.9 1
 1999 201  7 20  8 24  8.400 110.73    -5.1 0 -9999.9 1 -9999.9 1    -1.5 0   403.3 0   300.9 0   298.9 0   416.5 0   292.3 0   292.3 0     0.0 2    -0.1 0 -9999.9 1   -13.2 0 -9999.9 1 -9999.9 1 -9999.9 1 -9999.9 1   168.6 0 -9999.9 1
 1999 201  7 20  8 27  8.450 110.39    -4.9 0 -9999.9 1 -9999.9 1    -1.2 0   404.5 0   300.8 0   298.5 0   416.3 0   292.3 0   292.3 0     0.0 2     0.0 0 -9999.9 1   -11.8 0 -9999.9 1 -9999.9 1 -9999.9 1 -9999.9 1   104.7 0 -9999.9 1
 1999 201  7 20  8 33  8.550 109.70    -5.2 0 -9999.9 1 -9999.9 1    -1.0 0   401.6 0   300.8 0   298.6 0   415.7 0   292.3 0   292.3 0     0.0 2    -0.1 0 -9999.9 1   -14.0 0 -9999.9 1 -9999.9 1 -9999.9 1 -9999.9 1    65.3 0 -9999.9 1
 1999 201  7 20  8 36  8.600 109.35    -5.5 0 -9999.9 1 -9999.9 1    -1.6 0   397.8 0   300.9 0   299.2 0   415.5 0   292.3 0   292.3 0     0.0 2     0.0 0 -9999.9 1   -17.7 0 -9999.9 1 -9999.9 1 -9999.9 1 -9999.9 1    61.0 0 -9999.9 1
 1999 201  7 20  8 39  8.650 108.99    -5.4 0 -9999.9 1 -9999.9 1    -1.6 0   395.6 0   300.9 0   299.4 0   415.5 0   292.3 0   292.3 0     0.0 2     0.0 0 -9999.9 1   -19.9 0 -9999.9 1 -9999.9 1 -9999.9 1 -9999.9 1    24.6 0 -9999.9 1
 1999 201  7 20  8 42  8.700 108.63    -5.4 0 -9999.9 1 -9999.9 1    -1.7 0   394.4 0   301.0 0   299.5 0   415.3 0   292.2 0   292.2 0     0.0 2    -0.1 0 -9999.9 1   -21.0 0 -9999.9 1 -9999.9 1 -9999.9 1 -9999.9 1    25.0 0 -9999.9 1
 1999 201  7 20  8 48  8.800 107.89    -5.1 0 -9999.9 1 -9999.9 1    -2.1 0   391.9 0   301.1 0   299.9 0   415.2 0   292.2 0   292.2 0     0.0 2     0.0 0 -9999.9 1   -23.4 0 -9999.9 1 -9999.9 1 -9999.9 1 -9999.9 1    20.0 0 -9999.9 1
 1999 201  7 20  8 51  8.850 107.51    -4.9 0 -9999.9 1 -9999.9 1    -1.9 0   391.7 0   301.2 0   300.0 0   415.3 0   292.3 0   292.2 0     0.0 2     0.1 0 -9999.9 1   -23.7 0 -9999.9 1 -9999.9 1 -9999.9 1 -9999.9 1    21.7 0 -9999.9 1
 1999 201  7 20  8 54  8.900 107.13    -5.0 0 -9999.9 1 -9999.9 1    -1.9 0   391.9 0   301.4 0   300.0 0   415.5 0   292.3 0   292.3 0     0.0 2     0.0 0 -9999.9 1   -23.6 0 -9999.9 1 -9999.9 1 -9999.9 1 -9999.9 1    18.0 0 -9999.9 1
 1999 201  7 20  8 57  8.950 106.74    -5.0 0 -9999.9 1 -9999.9 1    -1.2 0   392.5 0   301.4 0   299.8 0   415.7 0   292.3 0   292.2 0     0.0 2     0.1 0 -9999.9 1   -23.2 0 -9999.9 1 -9999.9 1 -9999.9 1 -9999.9 1   336.5 0 -9999.9 1
 1999 201  7 20  9  3  9.050 105.96    -5.0 0 -9999.9 1 -9999.9 1    -1.4 0   392.9 0   301.3 0   299.7 0   415.3 0   292.2 0   292.2 0     0.0 2     0.0 0 -9999.9 1   -22.4 0 -9999.9 1 -9999.9 1 -9999.9 1 -9999.9 1   357.1 0 -9999.9 1
 1999 201  7 20  9  6  9.100 105.56    -5.0 0 -9999.9 1 -9999.9 1    -1.4 0   392.4 0   301.4 0   299.9 0   415.3 0   292.2 0   292.2 0     0.0 2     0.0 0 -9999.9 1   -22.9 0 -9999.9 1 -9999.9 1 -9999.9 1 -9999.9 1    19.7 0 -9999.9 1
 1999 201  7 20  9  9  9.150 105.15    -4.7 0 -9999.9 1 -9999.9 1    -1.4 0   391.7 0   301.5 0   300.1 0   415.4 0   292.2 0   292.2 0     0.0 2    -0.1 0 -9999.9 1   -23.6 0 -9999.9 1 -9999.9 1 -9999.9 1 -9999.9 1    13.1 0 -9999.9 1
 1999 201  7 20  9 12  9.200 104.74    -5.0 0 -9999.9 1 -9999.9 1    -1.8 0   391.7 0   301.5 0   300.2 0   414.9 0   292.2 0   292.2 0     0.0 2     0.0 0 -9999.9 1   -23.2 0 -9999.9 1 -9999.9 1 -9999.9 1 -9999.9 1    24.3 0 -9999.9 1
 1999 201  7 20  9 18  9.300 103.92    -5.0 0 -9999.9 1 -9999.9 1    -1.5 0   393.0 0   301.6 0   300.1 0   414.9 0   292.1 0   292.1 0     0.0 2     0.0 0 -9999.9 1   -21.9 0 -9999.9 1 -9999.9 1 -9999.9 1 -9999.9 1    22.5 0 -9999.9 1
 1999 201  7 20  9 21  9.350 103.50    -4.5 0 -9999.9 1 -9999.9 1    -1.4 0   393.5 0   301.7 0   300.0 0   415.0 0   292.1 0   292.1 0     0.0 2    -0.2 0 -9999.9 1   -21.5 0 -9999.9 1 -9999.9 1 -9999.9 1 -9999.9 1    10.8 0 -9999.9 1
 1999 201  7 20  9 24  9.400 103.07    -4.9 0 -9999.9 1 -9999.9 1    -1.7 0   394.2 0   301.7 0   300.2 0   414.9 0   292.1 0   292.1 0     0.0 2     0.0 0 -9999.9 1   -20.6 0 -9999.9 1 -9999.9 1 -9999.9 1 -9999.9 1    11.2 0 -9999.9 1
 1999 201  7 20  9 27  9.450 102.64    -5.1 0 -9999.9 1 -9999.9 1    -1.7 0   395.7 0   301.7 0   300.2 0   415.0 0   292.1 0   292.1 0     0.0 2     0.0 0 -9999.9 1   -19.3 0 -9999.9 1 -9999.9 1 -9999.9 1 -9999.9 1    16.9 0 -9999.9 1
 1999 201  7 20  9 33  9.550 101.78    -5.1 0 -9999.9 1 -9999.9 1    -2.1 0   396.2 0   301.8 0   300.3 0   415.0 0   292.1 0   292.1 0     0.0 2    -0.1 0 -9999.9 1   -18.8 0 -9999.9 1 -9999.9 1 -9999.9 1 -9999.9 1    14.5 0 -9999.9 1
 1999 201  7 20  9 36  9.600 101.34    -4.9 0 -9999.9 1 -9999.9 1    -2.0 0   396.5 0   301.9 0   300.4 0   414.9 0   292.1 0   292.1 0     0.0 2     0.0 0 -9999.9 1   -18.5 0 -9999.9 1 -9999.9 1 -9999.9 1 -9999.9 1     5.8 0 -9999.9 1
 1999 201  7 20  9 39  9.650 100.89    -4.7 0 -9999.9 1 -9999.9 1    -1.7 0   396.2 0   301.9 0   300.3 0   415.0 0   292.1 0   292.1 0     0.0 2    -0.1 0 -9999.9 1   -18.8 0 -9999.9 1 -9999.9 1 -9999.9 1 -9999.9 1    39.0 0 -9999.9 1
 1999 201  7 20  9 42  9.700 100.45    -5.1 0 -9999.9 1 -9999.9 1    -1.7 0   396.5 0   302.0 0   300.2 0   414.8 0   292.1 0   292.1 0     0.0 2    -0.1 0 -9999.9 1   -18.3 0 -9999.9 1 -9999.9 1 -9999.9 1 -9999.9 1    24.5 0 -9999.9 1
 1999 201  7 20  9 48  9.800  99.55    -5.4 0 -9999.9 1 -9999.9 1    -1.9 0   394.1 0   302.1 0   300.6 0   414.6 0   292.1 0   292.1 0     0.0 2     0.0 0 -9999.9 1   -20.5 0 -9999.9 1 -9999.9 1 -9999.9 1 -9999.9 1    13.6 0 -9999.9 1
 1999 201  7 20  9 51  9.850  99.09    -5.2 0 -9999.9 1 -9999.9 1    -1.2 0   393.7 0   302.1 0   300.3 0   414.6 0   292.1 0   292.0 0     0.0 2     0.0 0 -9999.9 1   -20.9 0 -9999.9 1 -9999.9 1 -9999.9 1 -9999.9 1    87.6 0 -9999.9 1
 1999 201  7 20  9 54  9.900  98.63    -5.3 0 -9999.9 1 -9999.9 1    -1.9 0   390.7 0   302.1 0   300.8 0   414.3 0   292.1 0   292.0 0     0.0 2    -0.1 0 -9999.9 1   -23.5 0 -9999.9 1 -9999.9 1 -9999.9 1 -9999.9 1    71.7 0 -9999.9 1
 1999 201  7 20  9 57  9.950  98.17    -5.2 0 -9999.9 1 -9999.9 1    -2.3 0   387.2 0   302.2 0   301.1 0   414.3 0   292.1 0   292.0 0     0.0 2    -0.1 0 -9999.9 1   -27.0 0 -9999.9 1 -9999.9 1 -9999.9 1 -9999.9 1    65.2 0 -9999.9 1
 1999 201  7 20 10  3 10.050  97.23    -4.9 0 -9999.9 1 -9999.9 1    -1.6 0   383.5 0   302.4 0   301.0 0   414.1 0   292.0 0   292.0 0     0.0 2     0.0 0 -9999.9 1   -30.6 0 -9999.9 1 -9999.9 1 -9999.9 1 -9999.9 1    63.7 0 -9999.9 1
 1999 201  7 20 10  6 10.100  96.76    -4.7 0 -9999.9 1 -9999.9 1    -1.1 0   382.0 0   302.4 0   300.9 0   413.8 0   292.0 0   292.0 0     0.0 2    -0.1 0 -9999.9 1   -31.8 0 -9999.9 1 -9999.9 1 -9999.9 1 -9999.9 1   291.1 0 -9999.9 1
 1999 201  7 20 10  9 10.150  96.28    -4.8 0 -9999.9 1 -9999.9 1    -0.6 0   380.7 0   302.4 0   300.7 0   413.5 0   292.0 0   292.0 0     0.0 2     0.1 0 -9999.9 1   -32.8 0 -9999.9 1 -9999.9 1 -9999.9 1 -9999.9 1   281.3 0 -9999.9 1
 1999 201  7 20 10 12 10.200  95.81    -4.7 0 -9999.9 1 -9999.9 1    -0.8 0   379.1 0   302.3 0   300.8 0   413.2 0   292.0 0   292.0 0     0.0 2     0.1 0 -9999.9 1   -34.1 0 -9999.9 1 -9999.9 1 -9999.9 1 -9999.9 1   283.4 0 -9999.9 1
 1999 201  7 20 10 18 10.300  94.84    -4.0 0 -9999.9 1 -9999.9 1    -1.2 0   375.5 0   302.5 0   301.2 0   413.1 0   292.0 0   292.0 0     0.0 2    -0.1 0 -9999.9 1   -37.6 0 -9999.9 1 -9999.9 1 -9999.9 1 -9999.9 1   269.6 0 -9999.9 1
 1999 201  7 20 10 21 10.350  94.36    -4.0 0 -9999.9 1 -9999.9 1    -1.5 0   373.4 0   302.5 0   301.4 0   412.5 0   292.0 0   291.9 0     0.0 2    -0.1 0 -9999.9 1   -39.1 0 -9999.9 1 -9999.9 1 -9999.9 1 -9999.9 1   278.4 0 -9999.9 1
 1999 201  7 20 10 24 10.400  93.87    -3.8 0 -9999.9 1 -9999.9 1    -1.3 0   371.4 0   302.6 0   301.6 0   412.2 0   292.0 0   291.9 0     0.0 2     0.0 0 -9999.9 1   -40.9 0 -9999.9 1 -9999.9 1 -9999.9 1 -9999.9 1   268.6 0 -9999.9 1
 1999 201  7 20 10 27 10.450  93.38    -3.6 0 -9999.9 1 -9999.9 1    -1.0 0   370.5 0   302.7 0   301.6 0   411.9 0   291.9 0   291.9 0     0.0 2     0.1 0 -9999.9 1   -41.4 0 -9999.9 1 -9999.9 1 -9999.9 1 -9999.9 1   256.5 0 -9999.9 1
 1999 201  7 20 10 33 10.550  92.39    -3.3 0 -9999.9 1 -9999.9 1     0.0 0   369.8 0   302.9 0   301.7 0   411.9 0   291.9 0   291.9 0     0.0 2     0.1 0 -9999.9 1   -42.1 0 -9999.9 1 -9999.9 1 -9999.9 1 -9999.9 1   223.3 0 -9999.9 1
 1999 201  7 20 10 36 10.600  91.89    -3.2 0 -9999.9 1 -9999.9 1     0.2 0   369.7 0   303.0 0   301.8 0   411.6 0   291.9 0   291.9 0     0.0 2     0.4 0 -9999.9 1   -41.9 0 -9999.9 1 -9999.9 1 -9999.9 1 -9999.9 1   213.6 0 -9999.9 1
 1999 201  7 20 10 39 10.650  91.38    -2.4 0 -9999.9 1 -9999.9 1     0.6 0   368.8 0   303.1 0   301.8 0   411.4 0   291.9 0   291.9 0     0.0 2     0.5 0 -9999.9 1   -42.6 0 -9999.9 1 -9999.9 1 -9999.9 1 -9999.9 1   199.1 0 -9999.9 1
 1999 201  7 20 10 42 10.700  90.88    -2.3 0 -9999.9 1 -9999.9 1     0.8 0   368.7 0   303.2 0   302.0 0   411.3 0   291.9 0   291.9 0     0.0 2     0.8 0 -9999.9 1   -42.6 0 -9999.9 1 -9999.9 1 -9999.9 1 -9999.9 1   201.6 0 -9999.9 1
 1999 201  7 20 10 48 10.800  89.33    -0.4 0 -9999.9 1 -9999.9 1     2.6 0   370.0 0   303.4 0   302.0 0   411.8 0   291.9 0   291.9 0     0.1 2     1.4 0 -9999.9 1   -41.8 0 -9999.9 1 -9999.9 1 -9999.9 1 -9999.9 1   218.6 0 -9999.9 1
 1999 201  7 20 10 51 10.850  88.91     1.2 0 -9999.9 1 -9999.9 1     3.9 0   371.9 0   303.5 0   302.2 0   412.3 0   291.9 0   291.9 0     0.2 2     2.0 0 -9999.9 1   -40.4 0 -9999.9 1 -9999.9 1 -9999.9 1 -9999.9 1   235.3 0 -9999.9 1
 1999 201  7 20 10 54 10.900  88.47     3.1 0 -9999.9 1 -9999.9 1     5.3 0   372.8 0   303.5 0   302.5 0   412.5 0   291.9 0   291.9 0     0.3 2     2.7 0 -9999.9 1   -39.7 0 -9999.9 1 -9999.9 1 -9999.9 1 -9999.9 1   236.4 0 -9999.9 1
 1999 201  7 20 10 57 10.950  88.00     4.9 0 -9999.9 1 -9999.9 1     7.2 0   372.9 0   303.6 0   302.6 0   412.2 0   291.9 0   291.8 0     0.3 2     3.5 0 -9999.9 1   -39.3 0 -9999.9 1 -9999.9 1 -9999.9 1 -9999.9 1   225.8 0 -9999.9 1
 1999 201  7 20 11  3 11.050  87.04     9.3 0 -9999.9 1 -9999.9 1    11.2 0   373.1 0   303.7 0   302.7 0   412.1 0   291.8 0   291.8 0     0.5 2     5.4 0 -9999.9 1   -38.9 0 -9999.9 1 -9999.9 1 -9999.9 1 -9999.9 1   225.6 0 -9999.9 1
 1999 201  7 20 11  6 11.100  86.55    11.8 0 -9999.9 1 -9999.9 1    13.2 0   373.2 0   303.8 0   302.9 0   412.1 0   291.8 0   291.7 0     0.6 2     6.7 0 -9999.9 1   -38.9 0 -9999.9 1 -9999.9 1 -9999.9 1 -9999.9 1   226.3 0 -9999.9 1
 1999 201  7 20 11  9 11.150  86.05    15.0 0 -9999.9 1 -9999.9 1    15.9 0   372.2 0   303.9 0   303.0 0   412.3 0   291.7 0   291.7 0     0.7 2     7.8 0 -9999.9 1   -40.1 0 -9999.9 1 -9999.9 1 -9999.9 1 -9999.9 1   226.8 0 -9999.9 1
 1999 201  7 20 11 12 11.200  85.54    18.0 0 -9999.9 1 -9999.9 1    18.6 0   372.0 0   304.0 0   303.0 0   412.5 0   291.7 0   291.7 0     0.8 2     8.9 0 -9999.9 1   -40.5 0 -9999.9 1 -9999.9 1 -9999.9 1 -9999.9 1   259.8 0 -9999.9 1
 1999 201  7 20 11 18 11.300  84.51    22.9 0 -9999.9 1 -9999.9 1    24.4 0   373.3 0   304.2 0   303.0 0   413.4 0   291.8 0   291.7 0     1.1 2    11.1 0 -9999.9 1   -40.1 0 -9999.9 1 -9999.9 1 -9999.9 1 -9999.9 1   276.6 0 -9999.9 1
 1999 201  7 20 11 21 11.350  84.00    25.2 0 -9999.9 1 -9999.9 1    26.8 0   373.6 0   304.3 0   303.1 0   413.7 0   291.7 0   291.7 0     1.2 2    12.1 0 -9999.9 1   -40.0 0 -9999.9 1 -9999.9 1 -9999.9 1 -9999.9 1   270.1 0 -9999.9 1
 1999 201  7 20 11 24 11.400  83.47    27.7 0 -9999.9 1 -9999.9 1    28.7 0   375.0 0   304.3 0   303.3 0   413.8 0   291.7 0   291.7 0     1.4 2    13.4 0 -9999.9 1   -38.9 0 -9999.9 1 -9999.9 1 -9999.9 1 -9999.9 1   272.1 0 -9999.9 1
 1999 201  7 20 11 27 11.450  82.95    30.7 0 -9999.9 1 -9999.9 1    31.2 0   374.8 0   304.4 0   303.5 0   414.3 0   291.7 0   291.7 0     1.5 2    14.5 0 -9999.9 1   -39.5 0 -9999.9 1 -9999.9 1 -9999.9 1 -9999.9 1   260.9 0 -9999.9 1
 1999 201  7 20 11 33 11.550  81.89    37.5 0 -9999.9 1 -9999.9 1    38.7 0   376.9 0   304.6 0   303.4 0   415.2 0   291.8 0   291.8 0     1.8 2    17.6 0 -9999.9 1   -38.3 0 -9999.9 1 -9999.9 1 -9999.9 1 -9999.9 1   280.7 0 -9999.9 1
 1999 201  7 20 11 36 11.600  81.36    41.8 0 -9999.9 1 -9999.9 1    42.6 0   377.1 0   304.7 0   303.4 0   415.4 0   291.8 0   291.8 0     2.1 2    19.3 0 -9999.9 1   -38.3 0 -9999.9 1 -9999.9 1 -9999.9 1 -9999.9 1   295.4 0 -9999.9 1
 1999 201  7 20 11 39 11.650  80.82    46.4 0 -9999.9 1 -9999.9 1    46.8 0   376.9 0   304.8 0   303.6 0   415.8 0   291.8 0   291.8 0     2.4 2    21.3 0 -9999.9 1   -38.9 0 -9999.9 1 -9999.9 1 -9999.9 1 -9999.9 1   294.3 0 -9999.9 1
 1999 201  7 20 11 42 11.700  80.29    51.1 0 -9999.9 1 -9999.9 1    51.1 0   375.8 0   304.9 0   303.9 0   416.5 0   291.9 0   291.9 0     2.6 2    23.4 0 -9999.9 1   -40.6 0 -9999.9 1 -9999.9 1 -9999.9 1 -9999.9 1   279.0 0 -9999.9 1
 1999 201  7 20 11 48 11.800  79.21    61.8 0 -9999.9 1 -9999.9 1    62.2 0   374.8 0   305.1 0   303.9 0   417.4 0   291.9 0   292.0 0     3.5 2    28.4 0 -9999.9 1   -42.6 0 -9999.9 1 -9999.9 1 -9999.9 1 -9999.9 1   275.0 0 -9999.9 1
 1999 201  7 20 11 51 11.850  78.67    67.8 0 -9999.9 1 -9999.9 1    67.8 0   375.0 0   305.2 0   304.2 0   418.1 0   292.0 0   292.0 0     4.3 2    31.4 0 -9999.9 1   -43.0 0 -9999.9 1 -9999.9 1 -9999.9 1 -9999.9 1   279.8 0 -9999.9 1
 1999 201  7 20 11 54 11.900  78.12    73.8 0 -9999.9 1 -9999.9 1    73.5 0   376.3 0   305.3 0   304.3 0   419.0 0   292.1 0   292.1 0     4.8 2    34.3 0 -9999.9 1   -42.7 0 -9999.9 1 -9999.9 1 -9999.9 1 -9999.9 1   289.7 0 -9999.9 1
 1999 201  7 20 11 57 11.950  77.58    79.0 0 -9999.9 1 -9999.9 1    78.8 0   376.7 0   305.4 0   304.3 0   419.6 0   292.1 0   292.1 0     5.2 2    36.5 0 -9999.9 1   -42.8 0 -9999.9 1 -9999.9 1 -9999.9 1 -9999.9 1   285.9 0 -9999.9 1
 1999 201  7 20 12  3 12.050  76.48    93.8 0 -9999.9 1 -9999.9 1    93.4 0   379.0 0   305.5 0   304.3 0   420.1 0   292.2 0   292.2 0     5.9 2    43.2 0 -9999.9 1   -41.1 0 -9999.9 1 -9999.9 1 -9999.9 1 -9999.9 1   298.5 0 -9999.9 1
 1999 201  7 20 12  6 12.100  75.93   105.9 0 -9999.9 1 -9999.9 1   104.9 0   378.4 0   305.6 0   304.4 0   421.3 0   292.2 0   292.3 0     6.9 2    48.4 0 -9999.9 1   -42.9 0 -9999.9 1 -9999.9 1 -9999.9 1 -9999.9 1   287.8 0 -9999.9 1
 1999 201  7 20 12  9 12.150  75.38   120.8 0 -9999.9 1 -9999.9 1   119.4 0   379.6 0   305.7 0   304.4 0   422.1 0   292.4 0   292.4 0     7.5 2    55.3 0 -9999.9 1   -42.6 0 -9999.9 1 -9999.9 1 -9999.9 1 -9999.9 1   291.0 0 -9999.9 1
 1999 201  7 20 12 12 12.200  74.83   138.0 0 -9999.9 1 -9999.9 1   135.6 0   378.1 0   305.8 0   304.9 0   423.4 0   292.4 0   292.5 0     8.6 2    63.1 0 -9999.9 1   -45.3 0 -9999.9 1 -9999.9 1 -9999.9 1 -9999.9 1   299.6 0 -9999.9 1
 1999 201  7 20 12 18 12.300  73.72   179.1 0 -9999.9 1 -9999.9 1   174.7 0   376.8 0   306.1 0   305.3 0   426.0 0   292.6 0   292.7 0    11.6 2    81.9 0 -9999.9 1   -49.3 0 -9999.9 1 -9999.9 1 -9999.9 1 -9999.9 1   302.1 0 -9999.9 1
 1999 201  7 20 12 21 12.350  73.16   203.5 0 -9999.9 1 -9999.9 1   197.2 0   373.9 0   306.3 0   305.8 0   427.2 0   292.7 0   292.8 0    13.1 2    93.3 0 -9999.9 1   -53.3 0 -9999.9 1 -9999.9 1 -9999.9 1 -9999.9 1   269.6 0 -9999.9 1
 1999 201  7 20 12 24 12.400  72.60   228.3 0 -9999.9 1 -9999.9 1   218.9 0   371.7 0   306.6 0   306.0 0   429.2 0   292.8 0   292.9 0    14.8 2   105.5 0 -9999.9 1   -57.5 0 -9999.9 1 -9999.9 1 -9999.9 1 -9999.9 1   203.1 0 -9999.9 1
 1999 201  7 20 12 27 12.450  72.05   251.6 0 -9999.9 1 -9999.9 1   234.4 0   370.1 0   306.9 0   306.5 0   430.3 0   292.9 0   293.1 0    16.4 2   117.1 0 -9999.9 1   -60.3 0 -9999.9 1 -9999.9 1 -9999.9 1 -9999.9 1   220.2 0 -9999.9 1
 1999 201  7 20 12 33 12.550  70.93   296.6 0 -9999.9 1 -9999.9 1   248.4 0   368.9 0   307.7 0   307.3 0   433.4 0   293.3 0   293.5 0    19.5 2   138.4 0 -9999.9 1   -64.5 0 -9999.9 1 -9999.9 1 -9999.9 1 -9999.9 1   198.7 0 -9999.9 1
 1999 201  7 20 12 36 12.600  70.36   379.1 0 -9999.9 1 -9999.9 1   253.6 0   368.5 0   308.1 0   307.8 0   435.5 0   293.4 0   293.7 0    20.7 2   175.1 0 -9999.9 1   -67.0 0 -9999.9 1 -9999.9 1 -9999.9 1 -9999.9 1   219.2 0 -9999.9 1
 1999 201  7 20 12 39 12.650  69.80   316.0 0 -9999.9 1 -9999.9 1   276.2 0   373.1 0   308.6 0   308.0 0   435.3 0   293.6 0   293.8 0    20.3 2   146.8 0 -9999.9 1   -62.1 0 -9999.9 1 -9999.9 1 -9999.9 1 -9999.9 1   230.7 0 -9999.9 1
 1999 201  7 20 12 42 12.700  69.24   341.2 0 -9999.9 1 -9999.9 1   332.0 0   370.0 0   309.0 0   308.4 0   435.2 0   293.8 0   294.0 0    21.0 2   157.6 0 -9999.9 1   -65.2 0 -9999.9 1 -9999.9 1 -9999.9 1 -9999.9 1   235.0 0 -9999.9 1
 1999 201  7 20 12 48 12.800  68.11   226.8 0 -9999.9 1 -9999.9 1   217.7 0   370.2 0   309.7 0   308.8 0   432.4 0   294.1 0   294.2 0    21.2 2   106.2 0 -9999.9 1   -62.2 0 -9999.9 1 -9999.9 1 -9999.9 1 -9999.9 1   169.6 0 -9999.9 1
 1999 201  7 20 12 51 12.850  67.54   266.6 0 -9999.9 1 -9999.9 1   232.6 0   375.0 0   309.9 0   309.1 0   433.7 0   294.2 0   294.3 0    21.5 2   122.5 0 -9999.9 1   -58.7 0 -9999.9 1 -9999.9 1 -9999.9 1 -9999.9 1   170.2 0 -9999.9 1
 1999 201  7 20 12 54 12.900  66.98   273.8 0 -9999.9 1 -9999.9 1   215.6 0   379.5 0   310.2 0   309.7 0   433.5 0   294.3 0   294.5 0    21.1 2   125.3 0 -9999.9 1   -54.1 0 -9999.9 1 -9999.9 1 -9999.9 1 -9999.9 1   217.6 0 -9999.9 1
 1999 201  7 20 12 57 12.950  66.41   213.3 0 -9999.9 1 -9999.9 1   200.4 0   380.9 0   310.5 0   309.7 0   433.0 0   294.5 0   294.6 0    20.0 2    96.6 0 -9999.9 1   -52.0 0 -9999.9 1 -9999.9 1 -9999.9 1 -9999.9 1   257.4 0 -9999.9 1
