 Bondville
   40.05  -88.37  213 m version 1
 1999 177  6 26  0  3  0.050  76.12    88.1 0 -9999.9 1 -9999.9 1    78.9 0   342.8 0   315.1 0   313.5 0   433.3 0   298.8 0   298.7 0     7.4 0    42.3 0 -9999.9 1   -90.5 0 -9999.9 1 -9999.9 1 -9999.9 1 -9999.9 1   133.6 0 -9999.9 1
 1999 177  6 26  0  6  0.100  76.66    82.7 0 -9999.9 1 -9999.9 1    76.0 0   342.8 0   315.0 0   313.4 0   432.6 0   298.6 0   298.6 0     6.8 0    39.6 0 -9999.9 1   -89.7 0 -9999.9 1 -9999.9 1 -9999.9 1 -9999.9 1   134.5 0 -9999.9 1
 1999 177  6 26  0  9  0.150  77.20    77.6 0 -9999.9 1 -9999.9 1    73.8 0   343.2 0   314.8 0   313.0 0   431.2 0   298.4 0   298.3 0     6.3 0    37.3 0 -9999.9 1   -88.0 0 -9999.9 1 -9999.9 1 -9999.9 1 -9999.9 1   129.2 0 -9999.9 1
 1999 177  6 26  0 12  0.200  77.73    75.6 0 -9999.9 1 -9999.9 1    71.8 0   342.5 0   314.6 0   312.9 0   430.4 0   298.3 0   298.2 0     5.8 0    36.2 0 -9999.9 1   -87.9 0 -9999.9 1 -9999.9 1 -9999.9 1 -9999.9 1   126.4 0 -9999.9 1
 1999 177  6 26  0 18  0.300  78.80    73.2 0 -9999.9 1 -9999.9 1    69.7 0   342.4 0   314.3 0   312.6 0   428.9 0   297.9 0   297.8 0     5.0 2    34.5 0 -9999.9 1   -86.5 0 -9999.9 1 -9999.9 1 -9999.9 1 -9999.9 1   132.9 0 -9999.9 1
 1999 177  6 26  0 21  0.350  79.33    71.8 0 -9999.9 1 -9999.9 1    68.5 0   344.0 0   314.2 0   312.6 0   430.1 0   297.9 0   297.8 0     4.6 0    33.8 0 -9999.9 1   -86.1 0 -9999.9 1 -9999.9 1 -9999.9 1 -9999.9 1   133.9 0 -9999.9 1
 1999 177  6 26  0 24  0.400  79.86    69.5 0 -9999.9 1 -9999.9 1    66.8 0   345.2 0   314.2 0   312.7 0   430.9 0   297.9 0   297.8 0     4.3 0    32.6 0 -9999.9 1   -85.7 0 -9999.9 1 -9999.9 1 -9999.9 1 -9999.9 1   137.4 0 -9999.9 1
 1999 177  6 26  0 27  0.450  80.38    67.1 0 -9999.9 1 -9999.9 1    64.6 0   345.7 0   314.2 0   312.7 0   431.0 0   297.9 0   297.8 0     3.9 0    31.3 0 -9999.9 1   -85.3 0 -9999.9 1 -9999.9 1 -9999.9 1 -9999.9 1   138.7 0 -9999.9 1
 1999 177  6 26  0 33  0.550  81.43    62.0 0 -9999.9 1 -9999.9 1    60.4 0   346.0 0   313.9 0   312.4 0   429.8 0   297.6 0   297.5 0     3.2 0    28.7 0 -9999.9 1   -83.8 0 -9999.9 1 -9999.9 1 -9999.9 1 -9999.9 1   135.3 0 -9999.9 1
 1999 177  6 26  0 36  0.600  81.95    58.3 0 -9999.9 1 -9999.9 1    57.4 0   349.9 0   313.9 0   312.2 0   429.9 0   297.6 0   297.5 0     2.9 0    27.1 0 -9999.9 1   -80.0 0 -9999.9 1 -9999.9 1 -9999.9 1 -9999.9 1   132.1 0 -9999.9 1
 1999 177  6 26  0 39  0.650  82.47    54.3 0 -9999.9 1 -9999.9 1    54.1 0   350.9 0   313.8 0   312.1 0   429.5 0   297.6 0   297.5 0     2.6 0    25.2 0 -9999.9 1   -78.5 0 -9999.9 1 -9999.9 1 -9999.9 1 -9999.9 1   131.7 0 -9999.9 1
 1999 177  6 26  0 42  0.700  82.98    49.9 0 -9999.9 1 -9999.9 1    50.3 0   352.2 0   313.8 0   312.2 0   429.1 0   297.6 0   297.5 0     2.3 0    23.2 0 -9999.9 1   -76.9 0 -9999.9 1 -9999.9 1 -9999.9 1 -9999.9 1   130.3 0 -9999.9 1
 1999 177  6 26  0 48  0.800  84.00    42.4 0 -9999.9 1 -9999.9 1    42.8 0   351.1 0   313.5 0   312.0 0   426.8 0   297.4 0   297.3 0     1.8 0    19.6 0 -9999.9 1   -75.7 0 -9999.9 1 -9999.9 1 -9999.9 1 -9999.9 1   134.9 0 -9999.9 1
 1999 177  6 26  0 51  0.850  84.50    38.5 0 -9999.9 1 -9999.9 1    39.5 0   352.3 0   313.5 0   311.8 0   426.8 0   297.4 0   297.3 0     1.5 0    17.8 0 -9999.9 1   -74.5 0 -9999.9 1 -9999.9 1 -9999.9 1 -9999.9 1   132.3 0 -9999.9 1
 1999 177  6 26  0 54  0.900  85.00    34.4 0 -9999.9 1 -9999.9 1    35.8 0   352.4 0   313.4 0   311.7 0   426.0 0   297.3 0   297.2 0     1.3 0    15.9 0 -9999.9 1   -73.6 0 -9999.9 1 -9999.9 1 -9999.9 1 -9999.9 1   132.0 0 -9999.9 1
 1999 177  6 26  0 57  0.950  85.50    30.2 0 -9999.9 1 -9999.9 1    31.8 0   351.7 0   313.1 0   311.5 0   424.3 0   297.1 0   297.0 0     1.1 0    14.1 0 -9999.9 1   -72.6 0 -9999.9 1 -9999.9 1 -9999.9 1 -9999.9 1   129.7 0 -9999.9 1
 1999 177  6 26  1  3  1.050  86.48    21.9 0 -9999.9 1 -9999.9 1    23.0 0   351.7 0   313.1 0   311.5 0   422.6 0   297.0 0   296.9 0     0.8 0    10.4 0 -9999.9 1   -71.0 0 -9999.9 1 -9999.9 1 -9999.9 1 -9999.9 1   126.0 0 -9999.9 1
 1999 177  6 26  1  6  1.100  86.96    17.9 0 -9999.9 1 -9999.9 1    19.6 0   351.4 0   313.0 0   311.3 0   421.9 0   296.9 0   296.8 0     0.8 0     8.8 0 -9999.9 1   -70.5 0 -9999.9 1 -9999.9 1 -9999.9 1 -9999.9 1   126.1 0 -9999.9 1
 1999 177  6 26  1  9  1.150  87.43    14.3 0 -9999.9 1 -9999.9 1    16.5 0   349.8 0   312.8 0   311.0 0   420.3 0   296.7 0   296.6 0     0.7 0     7.2 0 -9999.9 1   -70.6 0 -9999.9 1 -9999.9 1 -9999.9 1 -9999.9 1   121.4 0 -9999.9 1
 1999 177  6 26  1 12  1.200  87.89    10.7 0 -9999.9 1 -9999.9 1    13.1 0   351.0 0   312.7 0   310.8 0   418.8 0   296.6 0   296.5 0     0.6 0     5.9 0 -9999.9 1   -67.7 0 -9999.9 1 -9999.9 1 -9999.9 1 -9999.9 1   118.3 0 -9999.9 1
 1999 177  6 26  1 18  1.300  88.78     4.7 0 -9999.9 1 -9999.9 1     7.4 0   342.5 0   312.5 0   311.5 0   416.7 0   296.4 0   296.3 0     0.3 0     3.4 0 -9999.9 1   -74.2 0 -9999.9 1 -9999.9 1 -9999.9 1 -9999.9 1   113.3 0 -9999.9 1
 1999 177  6 26  1 21  1.350  89.20     2.6 0 -9999.9 1 -9999.9 1     4.8 0   342.3 0   312.5 0   311.1 0   415.7 0   296.3 0   296.2 0     0.3 0     2.6 0 -9999.9 1   -73.3 0 -9999.9 1 -9999.9 1 -9999.9 1 -9999.9 1   111.8 0 -9999.9 1
 1999 177  6 26  1 24  1.400  89.58     0.6 0 -9999.9 1 -9999.9 1     3.1 0   343.9 0   312.3 0   310.6 0   413.9 0   296.1 0   296.0 0     0.2 0     1.8 0 -9999.9 1   -70.0 0 -9999.9 1 -9999.9 1 -9999.9 1 -9999.9 1   110.8 0 -9999.9 1
 1999 177  6 26  1 27  1.450  89.94    -0.7 0 -9999.9 1 -9999.9 1     1.0 0   341.7 0   312.1 0   310.3 0   412.4 0   295.9 0   295.8 0     0.2 2     1.4 0 -9999.9 1   -70.6 0 -9999.9 1 -9999.9 1 -9999.9 1 -9999.9 1   109.7 0 -9999.9 1
 1999 177  6 26  1 33  1.550  91.65    -1.8 0 -9999.9 1 -9999.9 1    -0.6 0   341.0 0   312.1 0   310.2 0   411.4 0   295.8 0   295.7 0     0.0 0     0.8 0 -9999.9 1   -70.4 0 -9999.9 1 -9999.9 1 -9999.9 1 -9999.9 1   107.4 0 -9999.9 1
 1999 177  6 26  1 36  1.600  92.13    -2.3 0 -9999.9 1 -9999.9 1    -1.4 0   338.2 0   311.9 0   310.0 0   410.9 0   295.7 0   295.6 0     0.0 0     0.5 0 -9999.9 1   -72.7 0 -9999.9 1 -9999.9 1 -9999.9 1 -9999.9 1   113.1 0 -9999.9 1
 1999 177  6 26  1 39  1.650  92.61    -2.6 0 -9999.9 1 -9999.9 1    -1.8 0   336.2 0   311.7 0   309.9 0   410.0 0   295.6 0   295.5 0     0.0 0     0.3 0 -9999.9 1   -73.8 0 -9999.9 1 -9999.9 1 -9999.9 1 -9999.9 1   114.1 0 -9999.9 1
 1999 177  6 26  1 42  1.700  93.08    -2.7 0 -9999.9 1 -9999.9 1    -2.2 0   336.7 0   311.7 0   309.8 0   409.4 0   295.5 0   295.4 0     0.0 0     0.2 0 -9999.9 1   -72.6 0 -9999.9 1 -9999.9 1 -9999.9 1 -9999.9 1   108.9 0 -9999.9 1
 1999 177  6 26  1 48  1.800  94.02    -3.2 0 -9999.9 1 -9999.9 1    -2.3 0   334.9 0   311.4 0   309.6 0   407.2 0   295.3 0   295.2 0     0.0 0     0.0 0 -9999.9 1   -72.4 0 -9999.9 1 -9999.9 1 -9999.9 1 -9999.9 1   106.4 0 -9999.9 1
 1999 177  6 26  1 51  1.850  94.49    -3.2 0 -9999.9 1 -9999.9 1    -2.4 0   332.4 0   311.2 0   309.4 0   406.1 0   295.1 0   295.0 0     0.0 0     0.0 0 -9999.9 1   -73.7 0 -9999.9 1 -9999.9 1 -9999.9 1 -9999.9 1   110.0 0 -9999.9 1
 1999 177  6 26  1 54  1.900  94.95    -3.1 0 -9999.9 1 -9999.9 1    -2.4 0   330.1 0   311.1 0   309.7 0   405.6 0   295.0 0   294.9 0     0.0 0    -0.2 0 -9999.9 1   -75.5 0 -9999.9 1 -9999.9 1 -9999.9 1 -9999.9 1   109.1 0 -9999.9 1
 1999 177  6 26  1 57  1.950  95.41    -3.0 0 -9999.9 1 -9999.9 1    -2.3 0   327.4 0   311.1 0   309.7 0   404.6 0   294.9 0   294.8 0     0.0 0    -0.1 0 -9999.9 1   -77.2 0 -9999.9 1 -9999.9 1 -9999.9 1 -9999.9 1   106.2 0 -9999.9 1
 1999 177  6 26  2  3  2.050  96.33    -2.9 0 -9999.9 1 -9999.9 1    -1.6 0   324.7 0   310.9 0   309.8 0   403.2 0   294.6 0   294.5 0     0.0 2     0.0 0 -9999.9 1   -78.5 0 -9999.9 1 -9999.9 1 -9999.9 1 -9999.9 1    95.5 0 -9999.9 1
 1999 177  6 26  2  6  2.100  96.78    -3.2 0 -9999.9 1 -9999.9 1    -1.2 0   325.9 0   310.9 0   309.7 0   404.0 0   294.6 0   294.6 0     0.0 0    -0.1 0 -9999.9 1   -78.0 0 -9999.9 1 -9999.9 1 -9999.9 1 -9999.9 1    94.0 0 -9999.9 1
 1999 177  6 26  2  9  2.150  97.23    -3.2 0 -9999.9 1 -9999.9 1    -1.1 0   327.1 0   310.8 0   309.3 0   403.1 0   294.5 0   294.4 0     0.0 0    -0.1 0 -9999.9 1   -76.0 0 -9999.9 1 -9999.9 1 -9999.9 1 -9999.9 1    90.2 0 -9999.9 1
 1999 177  6 26  2 12  2.200  97.67    -3.1 0 -9999.9 1 -9999.9 1    -1.6 0   326.5 0   310.7 0   309.2 0   402.8 0   294.4 0   294.3 0     0.0 2    -0.1 0 -9999.9 1   -76.3 0 -9999.9 1 -9999.9 1 -9999.9 1 -9999.9 1    87.4 0 -9999.9 1
 1999 177  6 26  2 18  2.300  98.55    -3.3 0 -9999.9 1 -9999.9 1    -1.8 0   325.1 0   310.7 0   309.6 0   402.7 0   294.4 0   294.4 0     0.0 2    -0.3 0 -9999.9 1   -77.6 0 -9999.9 1 -9999.9 1 -9999.9 1 -9999.9 1    94.2 0 -9999.9 1
 1999 177  6 26  2 21  2.350  98.98    -3.2 0 -9999.9 1 -9999.9 1    -1.6 0   325.1 0   310.7 0   309.7 0   403.6 0   294.5 0   294.5 0     0.0 0    -0.2 0 -9999.9 1   -78.5 0 -9999.9 1 -9999.9 1 -9999.9 1 -9999.9 1    99.2 0 -9999.9 1
 1999 177  6 26  2 24  2.400  99.41    -3.3 0 -9999.9 1 -9999.9 1    -1.3 0   326.5 0   310.8 0   309.8 0   404.1 0   294.7 0   294.6 0     0.0 0    -0.1 0 -9999.9 1   -77.6 0 -9999.9 1 -9999.9 1 -9999.9 1 -9999.9 1   101.5 0 -9999.9 1
 1999 177  6 26  2 27  2.450  99.84    -3.3 0 -9999.9 1 -9999.9 1    -0.8 0   328.5 0   310.8 0   309.8 0   404.3 0   294.8 0   294.7 0     0.0 0    -0.2 0 -9999.9 1   -75.8 0 -9999.9 1 -9999.9 1 -9999.9 1 -9999.9 1   101.9 0 -9999.9 1
 1999 177  6 26  2 33  2.550 100.68    -3.5 0 -9999.9 1 -9999.9 1    -0.4 0   330.6 0   310.6 0   309.3 0   403.4 0   294.7 0   294.6 0     0.0 0    -0.2 0 -9999.9 1   -72.8 0 -9999.9 1 -9999.9 1 -9999.9 1 -9999.9 1   103.6 0 -9999.9 1
 1999 177  6 26  2 36  2.600 101.10    -3.6 0 -9999.9 1 -9999.9 1    -0.8 0   332.2 0   310.5 0   308.8 0   403.3 0   294.6 0   294.5 0     0.0 0     0.0 0 -9999.9 1   -71.2 0 -9999.9 1 -9999.9 1 -9999.9 1 -9999.9 1   108.2 0 -9999.9 1
 1999 177  6 26  2 39  2.650 101.51    -3.7 0 -9999.9 1 -9999.9 1    -0.9 0   333.2 0   310.3 0   308.7 0   403.9 0   294.5 0   294.5 0     0.0 0    -0.2 0 -9999.9 1   -70.7 0 -9999.9 1 -9999.9 1 -9999.9 1 -9999.9 1   108.0 0 -9999.9 1
 1999 177  6 26  2 42  2.700 101.92    -3.7 0 -9999.9 1 -9999.9 1    -0.8 0   335.7 0   310.3 0   308.7 0   405.0 0   294.7 0   294.6 0     0.0 0    -0.2 0 -9999.9 1   -69.3 0 -9999.9 1 -9999.9 1 -9999.9 1 -9999.9 1   108.8 0 -9999.9 1
 1999 177  6 26  2 48  2.800 102.72    -3.7 0 -9999.9 1 -9999.9 1    -1.0 0   329.3 0   310.0 0   308.6 0   402.6 0   294.5 0   294.4 0     0.0 2    -0.1 0 -9999.9 1   -73.3 0 -9999.9 1 -9999.9 1 -9999.9 1 -9999.9 1   107.9 0 -9999.9 1
 1999 177  6 26  2 51  2.850 103.12    -3.7 0 -9999.9 1 -9999.9 1    -1.2 0   328.7 0   309.9 0   308.5 0   402.3 0   294.4 0   294.3 0     0.0 2    -0.1 0 -9999.9 1   -73.6 0 -9999.9 1 -9999.9 1 -9999.9 1 -9999.9 1   107.1 0 -9999.9 1
 1999 177  6 26  2 54  2.900 103.51    -3.7 0 -9999.9 1 -9999.9 1    -1.5 0   325.4 0   310.0 0   309.1 0   402.3 0   294.5 0   294.4 0     0.0 2    -0.1 0 -9999.9 1   -76.9 0 -9999.9 1 -9999.9 1 -9999.9 1 -9999.9 1   106.0 0 -9999.9 1
 1999 177  6 26  2 57  2.950 103.90    -3.7 0 -9999.9 1 -9999.9 1    -1.7 0   325.0 0   310.0 0   309.1 0   402.3 0   294.6 0   294.5 0     0.0 0     0.0 0 -9999.9 1   -77.4 0 -9999.9 1 -9999.9 1 -9999.9 1 -9999.9 1   107.1 0 -9999.9 1
 1999 177  6 26  3  3  3.050 104.66    -3.7 0 -9999.9 1 -9999.9 1    -1.6 0   321.5 0   309.9 0   309.0 0   400.7 0   294.5 0   294.4 0     0.0 2    -0.1 0 -9999.9 1   -79.3 0 -9999.9 1 -9999.9 1 -9999.9 1 -9999.9 1   106.8 0 -9999.9 1
 1999 177  6 26  3  6  3.100 105.03    -3.7 0 -9999.9 1 -9999.9 1    -1.5 0   318.9 0   309.7 0   308.9 0   399.3 0   294.4 0   294.3 0     0.0 2    -0.1 0 -9999.9 1   -80.3 0 -9999.9 1 -9999.9 1 -9999.9 1 -9999.9 1   106.2 0 -9999.9 1
 1999 177  6 26  3  9  3.150 105.40    -3.7 0 -9999.9 1 -9999.9 1    -1.2 0   317.1 0   309.7 0   308.6 0   398.6 0   294.3 0   294.2 0     0.0 2    -0.1 0 -9999.9 1   -81.5 0 -9999.9 1 -9999.9 1 -9999.9 1 -9999.9 1   105.9 0 -9999.9 1
 1999 177  6 26  3 12  3.200 105.77    -3.7 0 -9999.9 1 -9999.9 1    -1.0 0   318.0 0   309.7 0   308.7 0   398.0 0   294.3 0   294.2 0     0.0 2    -0.1 0 -9999.9 1   -80.1 0 -9999.9 1 -9999.9 1 -9999.9 1 -9999.9 1   107.2 0 -9999.9 1
 1999 177  6 26  3 18  3.300 106.48    -3.7 0 -9999.9 1 -9999.9 1    -0.9 0   322.2 0   309.8 0   308.6 0   399.2 0   294.4 0   294.3 0     0.0 0    -0.1 0 -9999.9 1   -77.0 0 -9999.9 1 -9999.9 1 -9999.9 1 -9999.9 1   106.6 0 -9999.9 1
 1999 177  6 26  3 21  3.350 106.83    -3.8 0 -9999.9 1 -9999.9 1    -0.9 0   324.2 0   309.8 0   308.5 0   399.5 0   294.4 0   294.3 0     0.0 0    -0.1 0 -9999.9 1   -75.3 0 -9999.9 1 -9999.9 1 -9999.9 1 -9999.9 1   106.4 0 -9999.9 1
 1999 177  6 26  3 24  3.400 107.18    -3.9 0 -9999.9 1 -9999.9 1    -1.1 0   323.5 0   309.8 0   308.9 0   399.7 0   294.4 0   294.2 0     0.0 0    -0.1 0 -9999.9 1   -76.2 0 -9999.9 1 -9999.9 1 -9999.9 1 -9999.9 1   107.1 0 -9999.9 1
 1999 177  6 26  3 27  3.450 107.52    -4.1 0 -9999.9 1 -9999.9 1    -1.3 0   324.2 0   309.8 0   308.8 0   399.7 0   294.3 0   294.2 0     0.0 0     0.0 0 -9999.9 1   -75.5 0 -9999.9 1 -9999.9 1 -9999.9 1 -9999.9 1   106.3 0 -9999.9 1
 1999 177  6 26  3 33  3.550 108.18    -3.9 0 -9999.9 1 -9999.9 1    -0.9 0   323.6 0   309.7 0   308.8 0   398.4 0   294.2 0   294.1 0     0.0 0    -0.1 0 -9999.9 1   -74.7 0 -9999.9 1 -9999.9 1 -9999.9 1 -9999.9 1   102.6 0 -9999.9 1
 1999 177  6 26  3 36  3.600 108.51    -3.3 0 -9999.9 1 -9999.9 1    -0.9 0   324.9 0   309.6 0   308.3 0   397.9 0   294.2 0   294.0 0     0.0 0    -0.1 0 -9999.9 1   -73.1 0 -9999.9 1 -9999.9 1 -9999.9 1 -9999.9 1    87.5 0 -9999.9 1
 1999 177  6 26  3 39  3.650 108.82    -3.2 0 -9999.9 1 -9999.9 1    -1.0 0   325.1 0   309.7 0   308.5 0   397.9 0   294.2 0   294.1 0     0.0 0    -0.2 0 -9999.9 1   -72.9 0 -9999.9 1 -9999.9 1 -9999.9 1 -9999.9 1    85.3 0 -9999.9 1
 1999 177  6 26  3 42  3.700 109.14    -3.1 0 -9999.9 1 -9999.9 1    -0.9 0   325.7 0   309.7 0   308.7 0   398.4 0   294.3 0   294.2 0     0.0 0    -0.2 0 -9999.9 1   -72.7 0 -9999.9 1 -9999.9 1 -9999.9 1 -9999.9 1    81.5 0 -9999.9 1
 1999 177  6 26  3 48  3.800 109.75    -3.1 0 -9999.9 1 -9999.9 1    -0.7 0   328.5 0   309.8 0   308.8 0   399.4 0   294.3 0   294.2 0     0.0 0    -0.1 0 -9999.9 1   -71.0 0 -9999.9 1 -9999.9 1 -9999.9 1 -9999.9 1    80.8 0 -9999.9 1
 1999 177  6 26  3 51  3.850 110.05    -3.1 0 -9999.9 1 -9999.9 1    -0.6 0   329.6 0   309.8 0   308.8 0   399.1 0   294.3 0   294.2 0     0.0 0    -0.1 0 -9999.9 1   -69.5 0 -9999.9 1 -9999.9 1 -9999.9 1 -9999.9 1    81.0 0 -9999.9 1
 1999 177  6 26  3 54  3.900 110.34    -2.9 0 -9999.9 1 -9999.9 1    -0.7 0   329.7 0   309.8 0   308.6 0   398.0 0   294.2 0   294.1 0     0.0 0    -0.1 0 -9999.9 1   -68.2 0 -9999.9 1 -9999.9 1 -9999.9 1 -9999.9 1    82.9 0 -9999.9 1
 1999 177  6 26  3 57  3.950 110.63    -3.0 0 -9999.9 1 -9999.9 1    -0.9 0   330.7 0   309.8 0   308.7 0   398.2 0   294.1 0   294.0 0     0.0 0    -0.2 0 -9999.9 1   -67.5 0 -9999.9 1 -9999.9 1 -9999.9 1 -9999.9 1    78.4 0 -9999.9 1
 1999 177  6 26  4  3  4.050 111.18    -3.0 0 -9999.9 1 -9999.9 1    -0.9 0   334.2 0   309.8 0   308.4 0   398.0 0   294.0 0   293.9 0     0.0 0    -0.1 0 -9999.9 1   -63.8 0 -9999.9 1 -9999.9 1 -9999.9 1 -9999.9 1    74.6 0 -9999.9 1
 1999 177  6 26  4  6  4.100 111.45    -3.0 0 -9999.9 1 -9999.9 1    -0.7 0   337.0 0   309.8 0   308.3 0   398.6 0   293.9 0   293.8 0     0.0 0    -0.1 0 -9999.9 1   -61.5 0 -9999.9 1 -9999.9 1 -9999.9 1 -9999.9 1    75.8 0 -9999.9 1
 1999 177  6 26  4  9  4.150 111.71    -3.2 0 -9999.9 1 -9999.9 1    -0.7 0   336.9 0   309.8 0   308.4 0   399.1 0   293.8 0   293.7 0     0.0 0    -0.1 0 -9999.9 1   -62.2 0 -9999.9 1 -9999.9 1 -9999.9 1 -9999.9 1    75.9 0 -9999.9 1
 1999 177  6 26  4 12  4.200 111.97    -3.4 0 -9999.9 1 -9999.9 1    -0.8 0   337.8 0   309.8 0   308.2 0   399.4 0   293.6 0   293.6 0     0.0 0    -0.1 0 -9999.9 1   -61.6 0 -9999.9 1 -9999.9 1 -9999.9 1 -9999.9 1    75.2 0 -9999.9 1
 1999 177  6 26  4 18  4.300 112.46    -3.7 0 -9999.9 1 -9999.9 1     0.0 0   337.5 0   309.5 0   307.7 0   399.4 0   293.3 0   293.2 0     0.0 0     0.0 0 -9999.9 1   -61.9 0 -9999.9 1 -9999.9 1 -9999.9 1 -9999.9 1    74.8 0 -9999.9 1
 1999 177  6 26  4 21  4.350 112.70    -3.4 0 -9999.9 1 -9999.9 1     0.0 0   334.7 0   309.5 0   308.1 0   399.1 0   293.2 0   293.2 0     0.0 0    -0.1 0 -9999.9 1   -64.4 0 -9999.9 1 -9999.9 1 -9999.9 1 -9999.9 1    58.4 0 -9999.9 1
 1999 177  6 26  4 24  4.400 112.93    -3.3 0 -9999.9 1 -9999.9 1    -0.3 0   332.5 0   309.4 0   308.1 0   398.0 0   293.2 0   293.1 0     0.0 0    -0.1 0 -9999.9 1   -65.4 0 -9999.9 1 -9999.9 1 -9999.9 1 -9999.9 1    39.2 0 -9999.9 1
 1999 177  6 26  4 27  4.450 113.15    -3.3 0 -9999.9 1 -9999.9 1    -0.6 0   332.0 0   309.4 0   308.1 0   397.7 0   293.1 0   293.0 0     0.0 0     0.0 0 -9999.9 1   -65.7 0 -9999.9 1 -9999.9 1 -9999.9 1 -9999.9 1    38.8 0 -9999.9 1
 1999 177  6 26  4 33  4.550 113.58    -3.1 0 -9999.9 1 -9999.9 1    -0.8 0   325.7 0   309.1 0   307.8 0   395.4 0   292.8 0   292.7 0     0.0 0    -0.1 0 -9999.9 1   -69.7 0 -9999.9 1 -9999.9 1 -9999.9 1 -9999.9 1    40.2 0 -9999.9 1
 1999 177  6 26  4 36  4.600 113.78    -3.3 0 -9999.9 1 -9999.9 1    -0.9 0   325.5 0   309.0 0   307.6 0   395.1 0   292.7 0   292.6 0     0.0 0     0.0 0 -9999.9 1   -69.6 0 -9999.9 1 -9999.9 1 -9999.9 1 -9999.9 1    41.3 0 -9999.9 1
 1999 177  6 26  4 39  4.650 113.98    -3.1 0 -9999.9 1 -9999.9 1    -0.8 0   322.1 0   309.1 0   308.2 0   395.2 0   292.8 0   292.7 0     0.0 0    -0.2 0 -9999.9 1   -73.2 0 -9999.9 1 -9999.9 1 -9999.9 1 -9999.9 1    43.4 0 -9999.9 1
 1999 177  6 26  4 42  4.700 114.17    -3.2 0 -9999.9 1 -9999.9 1    -0.3 0   323.0 0   309.1 0   307.9 0   395.2 0   292.8 0   292.7 0     0.0 0    -0.1 0 -9999.9 1   -72.2 0 -9999.9 1 -9999.9 1 -9999.9 1 -9999.9 1    46.9 0 -9999.9 1
 1999 177  6 26  4 48  4.800 114.53    -3.1 0 -9999.9 1 -9999.9 1    -1.0 0   317.0 0   308.9 0   307.7 0   393.3 0   292.6 0   292.5 0     0.0 0    -0.1 0 -9999.9 1   -76.3 0 -9999.9 1 -9999.9 1 -9999.9 1 -9999.9 1    51.5 0 -9999.9 1
 1999 177  6 26  4 51  4.850 114.70    -3.0 0 -9999.9 1 -9999.9 1    -0.9 0   315.4 0   308.8 0   307.9 0   392.9 0   292.5 0   292.5 0     0.0 0    -0.1 0 -9999.9 1   -77.5 0 -9999.9 1 -9999.9 1 -9999.9 1 -9999.9 1    51.6 0 -9999.9 1
 1999 177  6 26  4 54  4.900 114.86    -3.3 0 -9999.9 1 -9999.9 1    -0.8 0   313.9 0   308.7 0   307.8 0   391.9 0   292.5 0   292.4 0     0.0 0    -0.1 0 -9999.9 1   -77.9 0 -9999.9 1 -9999.9 1 -9999.9 1 -9999.9 1    51.4 0 -9999.9 1
 1999 177  6 26  4 57  4.950 115.02    -3.3 0 -9999.9 1 -9999.9 1    -0.1 0   315.1 0   308.8 0   308.0 0   392.7 0   292.6 0   292.5 0     0.0 0    -0.1 0 -9999.9 1   -77.6 0 -9999.9 1 -9999.9 1 -9999.9 1 -9999.9 1    55.3 0 -9999.9 1
 1999 177  6 26  5  3  5.050 115.31    -3.4 0 -9999.9 1 -9999.9 1     0.6 0   315.6 0   308.8 0   307.9 0   392.0 0   292.6 0   292.5 0     0.0 0    -0.2 0 -9999.9 1   -76.5 0 -9999.9 1 -9999.9 1 -9999.9 1 -9999.9 1    57.7 0 -9999.9 1
 1999 177  6 26  5  6  5.100 115.44    -3.4 0 -9999.9 1 -9999.9 1     0.5 0   315.9 0   308.8 0   307.9 0   391.7 0   292.6 0   292.5 0     0.0 0    -0.1 0 -9999.9 1   -75.8 0 -9999.9 1 -9999.9 1 -9999.9 1 -9999.9 1    57.5 0 -9999.9 1
 1999 177  6 26  5  9  5.150 115.57    -3.1 0 -9999.9 1 -9999.9 1     0.1 0   315.2 0   308.8 0   308.0 0   391.2 0   292.6 0   292.5 0     0.0 0    -0.1 0 -9999.9 1   -76.1 0 -9999.9 1 -9999.9 1 -9999.9 1 -9999.9 1    57.3 0 -9999.9 1
 1999 177  6 26  5 12  5.200 115.69    -3.1 0 -9999.9 1 -9999.9 1     0.1 0   314.5 0   308.8 0   308.0 0   391.1 0   292.5 0   292.4 0     0.0 0    -0.2 0 -9999.9 1   -76.6 0 -9999.9 1 -9999.9 1 -9999.9 1 -9999.9 1    57.2 0 -9999.9 1
 1999 177  6 26  5 18  5.300 115.91    -3.2 0 -9999.9 1 -9999.9 1    -0.2 0   315.0 0   308.9 0   307.9 0   390.6 0   292.4 0   292.3 0     0.0 0     0.0 0 -9999.9 1   -75.6 0 -9999.9 1 -9999.9 1 -9999.9 1 -9999.9 1    57.7 0 -9999.9 1
 1999 177  6 26  5 21  5.350 116.00    -3.1 0 -9999.9 1 -9999.9 1    -0.7 0   316.1 0   309.0 0   308.1 0   391.5 0   292.5 0   292.4 0     0.0 0    -0.1 0 -9999.9 1   -75.4 0 -9999.9 1 -9999.9 1 -9999.9 1 -9999.9 1    56.8 0 -9999.9 1
 1999 177  6 26  5 24  5.400 116.09    -3.3 0 -9999.9 1 -9999.9 1    -0.7 0   317.7 0   309.1 0   308.1 0   392.1 0   292.5 0   292.4 0     0.0 0    -0.1 0 -9999.9 1   -74.5 0 -9999.9 1 -9999.9 1 -9999.9 1 -9999.9 1    45.9 0 -9999.9 1
 1999 177  6 26  5 27  5.450 116.18    -3.0 0 -9999.9 1 -9999.9 1    -0.7 0   317.9 0   309.1 0   308.1 0   392.3 0   292.4 0   292.3 0     0.0 0    -0.1 0 -9999.9 1   -74.4 0 -9999.9 1 -9999.9 1 -9999.9 1 -9999.9 1    46.0 0 -9999.9 1
 1999 177  6 26  5 33  5.550 116.32    -3.6 0 -9999.9 1 -9999.9 1     0.2 0   322.0 0   309.0 0   307.6 0   391.9 0   292.3 0   292.2 0     0.0 0    -0.1 0 -9999.9 1   -69.8 0 -9999.9 1 -9999.9 1 -9999.9 1 -9999.9 1    47.5 0 -9999.9 1
 1999 177  6 26  5 36  5.600 116.38    -3.7 0 -9999.9 1 -9999.9 1     0.5 0   321.6 0   308.8 0   307.4 0   391.4 0   292.1 0   292.1 0     0.0 0    -0.2 0 -9999.9 1   -69.7 0 -9999.9 1 -9999.9 1 -9999.9 1 -9999.9 1    47.7 0 -9999.9 1
 1999 177  6 26  5 39  5.650 116.43    -3.6 0 -9999.9 1 -9999.9 1     0.0 0   319.0 0   308.7 0   307.5 0   390.7 0   292.0 0   291.9 0     0.0 0     0.0 0 -9999.9 1   -71.7 0 -9999.9 1 -9999.9 1 -9999.9 1 -9999.9 1    47.3 0 -9999.9 1
 1999 177  6 26  5 42  5.700 116.47    -3.4 0 -9999.9 1 -9999.9 1    -0.2 0   317.7 0   308.7 0   307.7 0   390.6 0   292.0 0   291.9 0     0.0 0    -0.2 0 -9999.9 1   -72.9 0 -9999.9 1 -9999.9 1 -9999.9 1 -9999.9 1    47.1 0 -9999.9 1
 1999 177  6 26  5 48  5.800 116.54    -3.4 0 -9999.9 1 -9999.9 1     0.1 0   319.7 0   308.7 0   307.8 0   391.1 0   292.0 0   291.9 0     0.0 0    -0.2 0 -9999.9 1   -71.3 0 -9999.9 1 -9999.9 1 -9999.9 1 -9999.9 1    56.0 0 -9999.9 1
 1999 177  6 26  5 51  5.850 116.56    -3.1 0 -9999.9 1 -9999.9 1     0.1 0   320.4 0   308.7 0   307.7 0   390.9 0   292.0 0   291.9 0     0.0 0    -0.1 0 -9999.9 1   -70.5 0 -9999.9 1 -9999.9 1 -9999.9 1 -9999.9 1    54.9 0 -9999.9 1
 1999 177  6 26  5 54  5.900 116.57    -3.3 0 -9999.9 1 -9999.9 1     0.1 0   322.2 0   308.7 0   307.7 0   391.3 0   292.1 0   292.0 0     0.0 0    -0.2 0 -9999.9 1   -69.2 0 -9999.9 1 -9999.9 1 -9999.9 1 -9999.9 1    48.1 0 -9999.9 1
 1999 177  6 26  5 57  5.950 116.58    -3.1 0 -9999.9 1 -9999.9 1     0.0 0   324.0 0   308.7 0   307.5 0   391.0 0   292.0 0   292.0 0     0.0 0     0.0 0 -9999.9 1   -67.0 0 -9999.9 1 -9999.9 1 -9999.9 1 -9999.9 1    38.8 0 -9999.9 1
 1999 177  6 26  6  3  6.050 116.57    -3.3 0 -9999.9 1 -9999.9 1     0.0 0   328.7 0   308.7 0   307.5 0   392.2 0   292.1 0   292.0 0     0.0 0    -0.1 0 -9999.9 1   -63.5 0 -9999.9 1 -9999.9 1 -9999.9 1 -9999.9 1    31.8 0 -9999.9 1
 1999 177  6 26  6  6  6.100 116.55    -3.3 0 -9999.9 1 -9999.9 1     0.0 0   330.5 0   308.8 0   307.4 0   392.7 0   292.1 0   292.1 0     0.0 0    -0.1 0 -9999.9 1   -62.1 0 -9999.9 1 -9999.9 1 -9999.9 1 -9999.9 1    28.8 0 -9999.9 1
 1999 177  6 26  6  9  6.150 116.52    -3.4 0 -9999.9 1 -9999.9 1    -0.1 0   330.6 0   308.6 0   307.2 0   392.1 0   292.0 0   291.9 0     0.0 0    -0.1 0 -9999.9 1   -61.5 0 -9999.9 1 -9999.9 1 -9999.9 1 -9999.9 1    25.9 0 -9999.9 1
 1999 177  6 26  6 12  6.200 116.49    -3.5 0 -9999.9 1 -9999.9 1     0.1 0   332.6 0   308.6 0   307.0 0   392.4 0   292.0 0   291.9 0     0.0 0    -0.1 0 -9999.9 1   -59.8 0 -9999.9 1 -9999.9 1 -9999.9 1 -9999.9 1    21.2 0 -9999.9 1
 1999 177  6 26  6 18  6.300 116.40    -3.4 0 -9999.9 1 -9999.9 1     0.1 0   333.8 0   308.7 0   307.2 0   393.8 0   292.1 0   292.0 0     0.0 0    -0.1 0 -9999.9 1   -60.0 0 -9999.9 1 -9999.9 1 -9999.9 1 -9999.9 1    18.5 0 -9999.9 1
 1999 177  6 26  6 21  6.350 116.35    -3.6 0 -9999.9 1 -9999.9 1     0.3 0   339.2 0   308.7 0   306.8 0   395.5 0   292.1 0   292.1 0     0.0 0    -0.2 0 -9999.9 1   -56.2 0 -9999.9 1 -9999.9 1 -9999.9 1 -9999.9 1    13.0 0 -9999.9 1
 1999 177  6 26  6 24  6.400 116.28    -3.8 0 -9999.9 1 -9999.9 1     0.6 0   336.7 0   308.5 0   306.8 0   395.3 0   292.0 0   291.9 0     0.0 0    -0.2 0 -9999.9 1   -58.5 0 -9999.9 1 -9999.9 1 -9999.9 1 -9999.9 1    12.8 0 -9999.9 1
 1999 177  6 26  6 27  6.450 116.21    -3.3 0 -9999.9 1 -9999.9 1     0.2 0   332.3 0   308.5 0   307.3 0   394.4 0   292.0 0   291.9 0     0.0 0    -0.1 0 -9999.9 1   -62.1 0 -9999.9 1 -9999.9 1 -9999.9 1 -9999.9 1    14.8 0 -9999.9 1
 1999 177  6 26  6 33  6.550 116.05    -3.2 0 -9999.9 1 -9999.9 1     0.3 0   333.3 0   308.4 0   307.3 0   393.0 0   291.9 0   291.8 0     0.0 0    -0.1 0 -9999.9 1   -59.7 0 -9999.9 1 -9999.9 1 -9999.9 1 -9999.9 1    22.9 0 -9999.9 1
 1999 177  6 26  6 36  6.600 115.95    -3.2 0 -9999.9 1 -9999.9 1     0.4 0   337.0 0   308.4 0   307.2 0   393.8 0   292.0 0   291.9 0     0.0 0    -0.1 0 -9999.9 1   -56.8 0 -9999.9 1 -9999.9 1 -9999.9 1 -9999.9 1    22.7 0 -9999.9 1
 1999 177  6 26  6 39  6.650 115.85    -3.3 0 -9999.9 1 -9999.9 1     0.4 0   339.1 0   308.3 0   307.0 0   393.8 0   291.9 0   291.8 0     0.0 0    -0.2 0 -9999.9 1   -54.7 0 -9999.9 1 -9999.9 1 -9999.9 1 -9999.9 1    22.6 0 -9999.9 1
 1999 177  6 26  6 42  6.700 115.74    -3.2 0 -9999.9 1 -9999.9 1     0.4 0   339.0 0   308.3 0   307.1 0   393.9 0   291.8 0   291.8 0     0.0 0    -0.2 0 -9999.9 1   -54.9 0 -9999.9 1 -9999.9 1 -9999.9 1 -9999.9 1    22.7 0 -9999.9 1
 1999 177  6 26  6 48  6.800 115.50    -3.1 0 -9999.9 1 -9999.9 1     0.1 0   333.3 0   308.0 0   307.0 0   391.4 0   291.4 0   291.3 0     0.0 0    -0.1 0 -9999.9 1   -58.1 0 -9999.9 1 -9999.9 1 -9999.9 1 -9999.9 1    22.9 0 -9999.9 1
 1999 177  6 26  6 51  6.850 115.37    -3.1 0 -9999.9 1 -9999.9 1     0.1 0   332.7 0   307.9 0   306.8 0   390.7 0   291.2 0   291.1 0     0.0 0    -0.1 0 -9999.9 1   -58.0 0 -9999.9 1 -9999.9 1 -9999.9 1 -9999.9 1    28.1 0 -9999.9 1
 1999 177  6 26  6 54  6.900 115.23    -3.0 0 -9999.9 1 -9999.9 1     0.0 0   331.4 0   307.7 0   306.8 0   389.8 0   291.0 0   290.9 0     0.0 2    -0.2 0 -9999.9 1   -58.5 0 -9999.9 1 -9999.9 1 -9999.9 1 -9999.9 1    39.0 0 -9999.9 1
 1999 177  6 26  6 57  6.950 115.09    -3.1 0 -9999.9 1 -9999.9 1     0.0 0   329.5 0   307.6 0   306.8 0   389.6 0   290.8 0   290.7 0     0.0 2    -0.2 0 -9999.9 1   -60.1 0 -9999.9 1 -9999.9 1 -9999.9 1 -9999.9 1    50.3 0 -9999.9 1
 1999 177  6 26  7  3  7.050 114.78    -3.4 0 -9999.9 1 -9999.9 1     0.0 0   338.3 0   307.9 0   306.5 0   391.8 0   291.0 0   290.9 0     0.0 0    -0.1 0 -9999.9 1   -53.6 0 -9999.9 1 -9999.9 1 -9999.9 1 -9999.9 1    55.0 0 -9999.9 1
 1999 177  6 26  7  6  7.100 114.61    -3.0 0 -9999.9 1 -9999.9 1     0.1 0   335.9 0   307.9 0   306.9 0   391.8 0   291.0 0   290.9 0     0.0 0    -0.2 0 -9999.9 1   -55.9 0 -9999.9 1 -9999.9 1 -9999.9 1 -9999.9 1    55.7 0 -9999.9 1
 1999 177  6 26  7  9  7.150 114.44    -3.3 0 -9999.9 1 -9999.9 1     0.5 0   337.5 0   308.0 0   307.1 0   392.6 0   291.0 0   290.9 0     0.0 0    -0.1 0 -9999.9 1   -55.0 0 -9999.9 1 -9999.9 1 -9999.9 1 -9999.9 1    66.9 0 -9999.9 1
 1999 177  6 26  7 12  7.200 114.26    -3.4 0 -9999.9 1 -9999.9 1     0.8 0   339.1 0   308.0 0   306.9 0   392.6 0   291.0 0   290.9 0     0.0 0    -0.1 0 -9999.9 1   -53.6 0 -9999.9 1 -9999.9 1 -9999.9 1 -9999.9 1    71.4 0 -9999.9 1
 1999 177  6 26  7 18  7.300 113.87    -3.5 0 -9999.9 1 -9999.9 1     1.1 0   347.2 0   308.0 0   306.0 0   394.5 0   291.1 0   291.0 0     0.0 0    -0.2 0 -9999.9 1   -47.3 0 -9999.9 1 -9999.9 1 -9999.9 1 -9999.9 1    80.8 0 -9999.9 1
 1999 177  6 26  7 21  7.350 113.67    -3.5 0 -9999.9 1 -9999.9 1     0.9 0   347.3 0   307.9 0   306.2 0   395.6 0   291.1 0   291.1 0     0.0 0    -0.1 0 -9999.9 1   -48.3 0 -9999.9 1 -9999.9 1 -9999.9 1 -9999.9 1    89.5 0 -9999.9 1
 1999 177  6 26  7 24  7.400 113.46    -3.5 0 -9999.9 1 -9999.9 1     0.8 0   346.0 0   307.8 0   306.2 0   395.5 0   291.1 0   291.1 0     0.0 0     0.0 0 -9999.9 1   -49.5 0 -9999.9 1 -9999.9 1 -9999.9 1 -9999.9 1    92.1 0 -9999.9 1
 1999 177  6 26  7 27  7.450 113.25    -3.2 0 -9999.9 1 -9999.9 1     0.5 0   344.8 0   307.8 0   306.5 0   395.8 0   291.2 0   291.2 0     0.0 0    -0.1 0 -9999.9 1   -51.0 0 -9999.9 1 -9999.9 1 -9999.9 1 -9999.9 1    93.4 0 -9999.9 1
 1999 177  6 26  7 33  7.550 112.80    -3.1 0 -9999.9 1 -9999.9 1     0.5 0   341.1 0   307.6 0   306.6 0   394.2 0   291.1 0   291.1 0     0.0 0    -0.1 0 -9999.9 1   -53.2 0 -9999.9 1 -9999.9 1 -9999.9 1 -9999.9 1    93.1 0 -9999.9 1
 1999 177  6 26  7 36  7.600 112.57    -3.1 0 -9999.9 1 -9999.9 1     0.6 0   340.8 0   307.5 0   306.4 0   393.8 0   291.1 0   291.1 0     0.0 2    -0.1 0 -9999.9 1   -53.0 0 -9999.9 1 -9999.9 1 -9999.9 1 -9999.9 1    92.2 0 -9999.9 1
 1999 177  6 26  7 39  7.650 112.33    -3.2 0 -9999.9 1 -9999.9 1     0.4 0   340.2 0   307.5 0   306.4 0   393.7 0   291.2 0   291.1 0     0.0 2    -0.2 0 -9999.9 1   -53.5 0 -9999.9 1 -9999.9 1 -9999.9 1 -9999.9 1    93.6 0 -9999.9 1
 1999 177  6 26  7 42  7.700 112.08    -3.2 0 -9999.9 1 -9999.9 1     0.3 0   339.1 0   307.6 0   306.7 0   393.7 0   291.2 0   291.1 0     0.0 2    -0.2 0 -9999.9 1   -54.6 0 -9999.9 1 -9999.9 1 -9999.9 1 -9999.9 1    96.7 0 -9999.9 1
 1999 177  6 26  7 48  7.800 111.57    -3.2 0 -9999.9 1 -9999.9 1     0.6 0   336.0 0   307.5 0   306.6 0   392.0 0   291.1 0   291.0 0     0.0 2    -0.2 0 -9999.9 1   -56.0 0 -9999.9 1 -9999.9 1 -9999.9 1 -9999.9 1    95.7 0 -9999.9 1
 1999 177  6 26  7 51  7.850 111.30    -3.3 0 -9999.9 1 -9999.9 1     0.4 0   336.5 0   307.6 0   306.5 0   392.1 0   291.1 0   291.0 0     0.0 2     0.0 0 -9999.9 1   -55.7 0 -9999.9 1 -9999.9 1 -9999.9 1 -9999.9 1    86.9 0 -9999.9 1
 1999 177  6 26  7 54  7.900 111.03    -3.3 0 -9999.9 1 -9999.9 1     0.1 0   337.2 0   307.6 0   306.3 0   392.1 0   291.1 0   291.0 0     0.0 2    -0.1 0 -9999.9 1   -54.9 0 -9999.9 1 -9999.9 1 -9999.9 1 -9999.9 1    86.2 0 -9999.9 1
 1999 177  6 26  7 57  7.950 110.75    -3.2 0 -9999.9 1 -9999.9 1     0.0 0   336.5 0   307.6 0   306.2 0   391.9 0   291.0 0   290.9 0     0.0 2    -0.1 0 -9999.9 1   -55.4 0 -9999.9 1 -9999.9 1 -9999.9 1 -9999.9 1    85.2 0 -9999.9 1
 1999 177  6 26  8  3  8.050 110.18    -3.2 0 -9999.9 1 -9999.9 1     0.2 0   337.0 0   307.6 0   306.0 0   391.9 0   291.0 0   291.0 0     0.0 2    -0.2 0 -9999.9 1   -54.9 0 -9999.9 1 -9999.9 1 -9999.9 1 -9999.9 1    86.3 0 -9999.9 1
 1999 177  6 26  8  6  8.100 109.89    -3.3 0 -9999.9 1 -9999.9 1     0.5 0   337.3 0   307.7 0   306.1 0   392.3 0   291.1 0   291.1 0     0.0 0    -0.2 0 -9999.9 1   -55.0 0 -9999.9 1 -9999.9 1 -9999.9 1 -9999.9 1    83.6 0 -9999.9 1
 1999 177  6 26  8  9  8.150 109.59    -3.3 0 -9999.9 1 -9999.9 1     0.6 0   338.1 0   307.8 0   306.2 0   393.1 0   291.2 0   291.2 0     0.0 0     0.0 0 -9999.9 1   -55.0 0 -9999.9 1 -9999.9 1 -9999.9 1 -9999.9 1    83.3 0 -9999.9 1
 1999 177  6 26  8 12  8.200 109.28    -3.1 0 -9999.9 1 -9999.9 1     0.6 0   337.5 0   307.8 0   306.3 0   392.8 0   291.2 0   291.2 0     0.0 0    -0.2 0 -9999.9 1   -55.3 0 -9999.9 1 -9999.9 1 -9999.9 1 -9999.9 1    84.5 0 -9999.9 1
 1999 177  6 26  8 18  8.300 108.65    -3.4 0 -9999.9 1 -9999.9 1     1.3 0   343.4 0   307.7 0   305.7 0   393.8 0   291.4 0   291.3 0     0.0 0    -0.2 0 -9999.9 1   -50.5 0 -9999.9 1 -9999.9 1 -9999.9 1 -9999.9 1    80.3 0 -9999.9 1
 1999 177  6 26  8 21  8.350 108.33    -3.6 0 -9999.9 1 -9999.9 1     2.1 0   344.5 0   307.7 0   305.6 0   394.8 0   291.5 0   291.4 0     0.0 0    -0.2 0 -9999.9 1   -50.2 0 -9999.9 1 -9999.9 1 -9999.9 1 -9999.9 1    74.3 0 -9999.9 1
 1999 177  6 26  8 24  8.400 108.00    -3.7 0 -9999.9 1 -9999.9 1     2.3 0   346.1 0   307.7 0   305.7 0   394.9 0   291.6 0   291.5 0     0.0 0    -0.1 0 -9999.9 1   -48.9 0 -9999.9 1 -9999.9 1 -9999.9 1 -9999.9 1    73.8 0 -9999.9 1
 1999 177  6 26  8 27  8.450 107.67    -3.5 0 -9999.9 1 -9999.9 1     1.6 0   346.3 0   307.7 0   305.8 0   394.5 0   291.6 0   291.5 0     0.0 0    -0.1 0 -9999.9 1   -48.3 0 -9999.9 1 -9999.9 1 -9999.9 1 -9999.9 1    75.1 0 -9999.9 1
 1999 177  6 26  8 33  8.550 106.99    -3.2 0 -9999.9 1 -9999.9 1     1.2 0   338.3 0   307.4 0   306.1 0   393.6 0   291.4 0   291.3 0     0.0 0    -0.2 0 -9999.9 1   -55.3 0 -9999.9 1 -9999.9 1 -9999.9 1 -9999.9 1    80.2 0 -9999.9 1
 1999 177  6 26  8 36  8.600 106.64    -3.3 0 -9999.9 1 -9999.9 1     0.8 0   337.5 0   307.1 0   305.7 0   391.8 0   291.2 0   291.1 0     0.0 0    -0.1 0 -9999.9 1   -54.4 0 -9999.9 1 -9999.9 1 -9999.9 1 -9999.9 1    76.9 0 -9999.9 1
 1999 177  6 26  8 39  8.650 106.29    -3.1 0 -9999.9 1 -9999.9 1     0.7 0   336.9 0   306.9 0   305.3 0   390.6 0   290.9 0   290.9 0     0.0 2    -0.1 0 -9999.9 1   -53.7 0 -9999.9 1 -9999.9 1 -9999.9 1 -9999.9 1    75.3 0 -9999.9 1
 1999 177  6 26  8 42  8.700 105.93    -3.4 0 -9999.9 1 -9999.9 1     0.8 0   334.8 0   306.7 0   305.2 0   389.4 0   290.7 0   290.7 0     0.0 2    -0.2 0 -9999.9 1   -54.5 0 -9999.9 1 -9999.9 1 -9999.9 1 -9999.9 1    73.1 0 -9999.9 1
 1999 177  6 26  8 48  8.800 105.20    -3.3 0 -9999.9 1 -9999.9 1     0.8 0   335.3 0   306.9 0   305.9 0   390.7 0   291.0 0   290.9 0     0.0 0    -0.1 0 -9999.9 1   -55.4 0 -9999.9 1 -9999.9 1 -9999.9 1 -9999.9 1    63.6 0 -9999.9 1
 1999 177  6 26  8 51  8.850 104.83    -3.2 0 -9999.9 1 -9999.9 1     1.0 0   338.4 0   307.0 0   305.9 0   391.7 0   291.1 0   291.0 0     0.0 0    -0.1 0 -9999.9 1   -53.3 0 -9999.9 1 -9999.9 1 -9999.9 1 -9999.9 1    64.9 0 -9999.9 1
 1999 177  6 26  8 54  8.900 104.45    -3.3 0 -9999.9 1 -9999.9 1     1.0 0   338.4 0   307.1 0   305.9 0   392.1 0   291.1 0   291.0 0     0.0 0    -0.2 0 -9999.9 1   -53.7 0 -9999.9 1 -9999.9 1 -9999.9 1 -9999.9 1    70.4 0 -9999.9 1
 1999 177  6 26  8 57  8.950 104.07    -3.2 0 -9999.9 1 -9999.9 1     1.3 0   340.0 0   307.1 0   305.9 0   392.5 0   291.1 0   291.0 0     0.0 0    -0.1 0 -9999.9 1   -52.5 0 -9999.9 1 -9999.9 1 -9999.9 1 -9999.9 1    66.4 0 -9999.9 1
 1999 177  6 26  9  3  9.050 103.30    -3.3 0 -9999.9 1 -9999.9 1     1.1 0   338.6 0   307.0 0   305.3 0   390.8 0   290.8 0   290.8 0     0.0 0    -0.2 0 -9999.9 1   -52.3 0 -9999.9 1 -9999.9 1 -9999.9 1 -9999.9 1    53.6 0 -9999.9 1
 1999 177  6 26  9  6  9.100 102.90    -3.3 0 -9999.9 1 -9999.9 1     1.0 0   338.3 0   306.9 0   305.0 0   390.7 0   290.8 0   290.7 0     0.0 0    -0.2 0 -9999.9 1   -52.5 0 -9999.9 1 -9999.9 1 -9999.9 1 -9999.9 1    53.0 0 -9999.9 1
 1999 177  6 26  9  9  9.150 102.51    -3.0 0 -9999.9 1 -9999.9 1     0.9 0   336.0 0   306.8 0   305.2 0   390.6 0   290.7 0   290.6 0     0.0 0    -0.2 0 -9999.9 1   -54.5 0 -9999.9 1 -9999.9 1 -9999.9 1 -9999.9 1    61.6 0 -9999.9 1
 1999 177  6 26  9 12  9.200 102.10    -3.1 0 -9999.9 1 -9999.9 1     0.3 0   335.1 0   306.8 0   305.4 0   390.4 0   290.7 0   290.6 0     0.0 0    -0.1 0 -9999.9 1   -55.3 0 -9999.9 1 -9999.9 1 -9999.9 1 -9999.9 1    62.2 0 -9999.9 1
 1999 177  6 26  9 18  9.300 101.29    -3.3 0 -9999.9 1 -9999.9 1     0.3 0   340.2 0   307.0 0   305.4 0   392.1 0   290.9 0   290.8 0     0.0 0    -0.2 0 -9999.9 1   -51.9 0 -9999.9 1 -9999.9 1 -9999.9 1 -9999.9 1    72.6 0 -9999.9 1
 1999 177  6 26  9 21  9.350 100.87    -3.3 0 -9999.9 1 -9999.9 1     0.9 0   344.4 0   307.0 0   305.2 0   392.6 0   290.9 0   290.9 0     0.0 0    -0.2 0 -9999.9 1   -48.3 0 -9999.9 1 -9999.9 1 -9999.9 1 -9999.9 1    71.2 0 -9999.9 1
 1999 177  6 26  9 24  9.400 100.46    -3.5 0 -9999.9 1 -9999.9 1     1.3 0   345.6 0   307.0 0   305.0 0   392.7 0   290.9 0   290.9 0     0.0 0    -0.1 0 -9999.9 1   -47.1 0 -9999.9 1 -9999.9 1 -9999.9 1 -9999.9 1    67.3 0 -9999.9 1
 1999 177  6 26  9 27  9.450 100.03    -3.5 0 -9999.9 1 -9999.9 1     1.4 0   343.6 0   306.9 0   304.9 0   392.6 0   290.9 0   290.9 0     0.0 0    -0.1 0 -9999.9 1   -49.0 0 -9999.9 1 -9999.9 1 -9999.9 1 -9999.9 1    67.6 0 -9999.9 1
 1999 177  6 26  9 33  9.550  99.18    -3.6 0 -9999.9 1 -9999.9 1     1.1 0   342.4 0   306.8 0   304.8 0   392.6 0   291.0 0   291.0 0     0.0 0    -0.2 0 -9999.9 1   -50.2 0 -9999.9 1 -9999.9 1 -9999.9 1 -9999.9 1    75.2 0 -9999.9 1
 1999 177  6 26  9 36  9.600  98.75    -3.8 0 -9999.9 1 -9999.9 1     1.6 0   341.8 0   306.7 0   304.8 0   392.7 0   291.1 0   291.1 0     0.0 0    -0.1 0 -9999.9 1   -50.8 0 -9999.9 1 -9999.9 1 -9999.9 1 -9999.9 1    76.0 0 -9999.9 1
 1999 177  6 26  9 39  9.650  98.31    -3.7 0 -9999.9 1 -9999.9 1     1.8 0   340.0 0   306.7 0   304.8 0   392.4 0   291.2 0   291.1 0     0.0 0    -0.2 0 -9999.9 1   -52.4 0 -9999.9 1 -9999.9 1 -9999.9 1 -9999.9 1    78.2 0 -9999.9 1
 1999 177  6 26  9 42  9.700  97.87    -3.6 0 -9999.9 1 -9999.9 1     2.5 0   339.7 0   306.6 0   304.7 0   392.9 0   291.2 0   291.2 0     0.0 0    -0.2 0 -9999.9 1   -53.2 0 -9999.9 1 -9999.9 1 -9999.9 1 -9999.9 1    78.1 0 -9999.9 1
 1999 177  6 26  9 48  9.800  96.98    -3.4 0 -9999.9 1 -9999.9 1     1.7 0   333.8 0   306.6 0   305.3 0   392.4 0   291.3 0   291.3 0     0.0 0    -0.1 0 -9999.9 1   -58.6 0 -9999.9 1 -9999.9 1 -9999.9 1 -9999.9 1    86.2 0 -9999.9 1
 1999 177  6 26  9 51  9.850  96.53    -3.1 0 -9999.9 1 -9999.9 1     1.2 0   332.5 0   306.5 0   305.3 0   391.4 0   291.3 0   291.2 0     0.0 0    -0.2 0 -9999.9 1   -58.9 0 -9999.9 1 -9999.9 1 -9999.9 1 -9999.9 1    84.7 0 -9999.9 1
 1999 177  6 26  9 54  9.900  96.08    -3.3 0 -9999.9 1 -9999.9 1     1.7 0   336.3 0   306.4 0   304.7 0   391.2 0   291.2 0   291.2 0     0.0 0    -0.1 0 -9999.9 1   -54.9 0 -9999.9 1 -9999.9 1 -9999.9 1 -9999.9 1    85.9 0 -9999.9 1
 1999 177  6 26  9 57  9.950  95.62    -3.2 0 -9999.9 1 -9999.9 1     1.5 0   335.9 0   306.4 0   304.9 0   391.4 0   291.3 0   291.2 0     0.0 0    -0.1 0 -9999.9 1   -55.5 0 -9999.9 1 -9999.9 1 -9999.9 1 -9999.9 1    89.2 0 -9999.9 1
 1999 177  6 26 10  3 10.050  94.70    -2.9 0 -9999.9 1 -9999.9 1     1.3 0   336.8 0   306.4 0   304.9 0   391.0 0   291.4 0   291.3 0     0.0 0    -0.1 0 -9999.9 1   -54.2 0 -9999.9 1 -9999.9 1 -9999.9 1 -9999.9 1    92.1 0 -9999.9 1
 1999 177  6 26 10  6 10.100  94.24    -3.1 0 -9999.9 1 -9999.9 1     1.6 0   338.5 0   306.2 0   304.4 0   390.6 0   291.2 0   291.2 0     0.0 0     0.0 0 -9999.9 1   -52.0 0 -9999.9 1 -9999.9 1 -9999.9 1 -9999.9 1    87.5 0 -9999.9 1
 1999 177  6 26 10  9 10.150  93.77    -2.9 0 -9999.9 1 -9999.9 1     1.9 0   340.5 0   306.2 0   304.2 0   391.3 0   291.3 0   291.2 0     0.0 0    -0.1 0 -9999.9 1   -50.8 0 -9999.9 1 -9999.9 1 -9999.9 1 -9999.9 1    82.1 0 -9999.9 1
 1999 177  6 26 10 12 10.200  93.30    -3.0 0 -9999.9 1 -9999.9 1     1.9 0   340.1 0   306.1 0   304.2 0   390.9 0   291.2 0   291.1 0     0.0 0     0.0 0 -9999.9 1   -50.8 0 -9999.9 1 -9999.9 1 -9999.9 1 -9999.9 1    83.1 0 -9999.9 1
 1999 177  6 26 10 18 10.300  92.35    -2.3 0 -9999.9 1 -9999.9 1     1.8 0   335.2 0   306.1 0   305.0 0   390.6 0   291.3 0   291.2 0     0.0 0     0.2 0 -9999.9 1   -55.3 0 -9999.9 1 -9999.9 1 -9999.9 1 -9999.9 1    78.1 0 -9999.9 1
 1999 177  6 26 10 21 10.350  91.87    -2.0 0 -9999.9 1 -9999.9 1     2.1 0   338.4 0   306.2 0   304.9 0   391.1 0   291.3 0   291.3 0     0.0 0     0.4 0 -9999.9 1   -52.7 0 -9999.9 1 -9999.9 1 -9999.9 1 -9999.9 1    75.6 0 -9999.9 1
 1999 177  6 26 10 24 10.400  91.38    -1.7 0 -9999.9 1 -9999.9 1     2.9 0   342.2 0   306.2 0   304.8 0   391.7 0   291.4 0   291.3 0     0.0 0     0.9 0 -9999.9 1   -49.5 0 -9999.9 1 -9999.9 1 -9999.9 1 -9999.9 1    72.1 0 -9999.9 1
 1999 177  6 26 10 27 10.450  90.90    -1.1 0 -9999.9 1 -9999.9 1     3.3 0   346.4 0   306.3 0   304.8 0   391.9 0   291.4 0   291.3 0     0.0 0     1.1 0 -9999.9 1   -45.5 0 -9999.9 1 -9999.9 1 -9999.9 1 -9999.9 1    68.0 0 -9999.9 1
 1999 177  6 26 10 33 10.550  89.38     0.3 0 -9999.9 1 -9999.9 1     5.0 0   359.6 0   306.4 0   305.0 0   394.5 0   291.3 0   291.2 0     0.2 0     1.8 0 -9999.9 1   -34.9 0 -9999.9 1 -9999.9 1 -9999.9 1 -9999.9 1    75.7 0 -9999.9 1
 1999 177  6 26 10 36 10.600  88.97     1.6 0 -9999.9 1 -9999.9 1     5.9 0   357.6 0   306.4 0   305.3 0   396.3 0   291.3 0   291.3 0     0.3 0     2.3 0 -9999.9 1   -38.7 0 -9999.9 1 -9999.9 1 -9999.9 1 -9999.9 1    83.8 0 -9999.9 1
 1999 177  6 26 10 39 10.650  88.55     2.9 0 -9999.9 1 -9999.9 1     7.0 0   357.4 0   306.4 0   305.3 0   396.7 0   291.3 0   291.2 0     0.4 0     3.0 0 -9999.9 1   -39.3 0 -9999.9 1 -9999.9 1 -9999.9 1 -9999.9 1    85.7 0 -9999.9 1
 1999 177  6 26 10 42 10.700  88.10     4.1 0 -9999.9 1 -9999.9 1     8.2 0   360.7 0   306.5 0   305.4 0   397.7 0   291.3 0   291.3 0     0.5 0     3.6 0 -9999.9 1   -37.0 0 -9999.9 1 -9999.9 1 -9999.9 1 -9999.9 1    89.6 0 -9999.9 1
 1999 177  6 26 10 48 10.800  87.18     6.7 0 -9999.9 1 -9999.9 1    12.2 0   364.6 0   306.6 0   305.0 0   399.3 0   291.4 0   291.3 0     0.7 0     5.1 0 -9999.9 1   -34.7 0 -9999.9 1 -9999.9 1 -9999.9 1 -9999.9 1    94.9 0 -9999.9 1
 1999 177  6 26 10 51 10.850  86.70     8.8 0 -9999.9 1 -9999.9 1    14.6 0   370.3 0   306.6 0   305.0 0   399.9 0   291.4 0   291.4 0     0.7 0     6.1 0 -9999.9 1   -29.6 0 -9999.9 1 -9999.9 1 -9999.9 1 -9999.9 1    95.4 0 -9999.9 1
 1999 177  6 26 10 54 10.900  86.22    11.2 0 -9999.9 1 -9999.9 1    17.1 0   372.5 0   306.6 0   304.9 0   400.4 0   291.4 0   291.3 0     0.9 0     7.0 0 -9999.9 1   -27.9 0 -9999.9 1 -9999.9 1 -9999.9 1 -9999.9 1    91.2 0 -9999.9 1
 1999 177  6 26 10 57 10.950  85.73    13.6 0 -9999.9 1 -9999.9 1    19.1 0   375.8 0   306.6 0   305.0 0   401.2 0   291.4 0   291.4 0     1.0 0     8.0 0 -9999.9 1   -25.4 0 -9999.9 1 -9999.9 1 -9999.9 1 -9999.9 1    90.4 0 -9999.9 1
 1999 177  6 26 11  3 11.050  84.73    17.5 0 -9999.9 1 -9999.9 1    23.0 0   379.3 0   306.5 0   304.9 0   401.7 0   291.3 0   291.3 0     1.3 0     9.8 0 -9999.9 1   -22.4 0 -9999.9 1 -9999.9 1 -9999.9 1 -9999.9 1    97.7 0 -9999.9 1
 1999 177  6 26 11  6 11.100  84.23    20.1 0 -9999.9 1 -9999.9 1    25.7 0   381.6 0   306.6 0   304.9 0   402.6 0   291.4 0   291.4 0     1.4 0    11.0 0 -9999.9 1   -21.0 0 -9999.9 1 -9999.9 1 -9999.9 1 -9999.9 1    93.4 0 -9999.9 1
 1999 177  6 26 11  9 11.150  83.72    21.2 0 -9999.9 1 -9999.9 1    26.9 0   383.7 0   306.6 0   305.0 0   403.4 0   291.5 0   291.4 0     1.6 0    11.6 0 -9999.9 1   -19.7 0 -9999.9 1 -9999.9 1 -9999.9 1 -9999.9 1    92.3 0 -9999.9 1
 1999 177  6 26 11 12 11.200  83.21    24.1 0 -9999.9 1 -9999.9 1    29.9 0   377.6 0   306.5 0   304.9 0   402.4 0   291.3 0   291.2 0     1.9 0    13.4 0 -9999.9 1   -24.8 0 -9999.9 1 -9999.9 1 -9999.9 1 -9999.9 1    92.6 0 -9999.9 1
 1999 177  6 26 11 18 11.300  82.19    46.0 0 -9999.9 1 -9999.9 1    49.4 0   377.4 0   306.6 0   305.4 0   404.4 0   291.3 0   291.2 0     2.4 0    22.1 0 -9999.9 1   -27.0 0 -9999.9 1 -9999.9 1 -9999.9 1 -9999.9 1    97.6 0 -9999.9 1
 1999 177  6 26 11 21 11.350  81.67    61.8 0 -9999.9 1 -9999.9 1    61.7 0   378.2 0   306.7 0   305.4 0   406.1 0   291.3 0   291.2 0     2.8 0    28.2 0 -9999.9 1   -28.0 0 -9999.9 1 -9999.9 1 -9999.9 1 -9999.9 1    97.3 0 -9999.9 1
 1999 177  6 26 11 24 11.400  81.15    88.6 0 -9999.9 1 -9999.9 1    81.5 0   373.7 0   306.6 0   305.4 0   406.5 0   291.0 0   291.0 0     3.2 0    37.5 0 -9999.9 1   -32.9 0 -9999.9 1 -9999.9 1 -9999.9 1 -9999.9 1    96.9 0 -9999.9 1
 1999 177  6 26 11 27 11.450  80.62   101.7 0 -9999.9 1 -9999.9 1    93.0 0   377.7 0   306.7 0   305.4 0   407.8 0   291.0 0   291.0 0     3.3 0    42.5 0 -9999.9 1   -30.2 0 -9999.9 1 -9999.9 1 -9999.9 1 -9999.9 1   100.3 0 -9999.9 1
 1999 177  6 26 11 33 11.550  79.57   104.9 0 -9999.9 1 -9999.9 1    98.2 0   383.6 0   307.0 0   305.4 0   409.1 0   291.2 0   291.2 0     3.8 0    44.7 0 -9999.9 1   -25.5 0 -9999.9 1 -9999.9 1 -9999.9 1 -9999.9 1   109.4 0 -9999.9 1
 1999 177  6 26 11 36 11.600  79.04    98.6 0 -9999.9 1 -9999.9 1   102.6 0   384.7 0   307.1 0   305.4 0   409.6 0   291.3 0   291.3 0     4.5 0    45.6 0 -9999.9 1   -24.9 0 -9999.9 1 -9999.9 1 -9999.9 1 -9999.9 1   113.8 0 -9999.9 1
 1999 177  6 26 11 39 11.650  78.51   115.1 0 -9999.9 1 -9999.9 1   119.1 0   378.9 0   307.1 0   305.4 0   409.2 0   291.3 0   291.3 0     5.4 0    53.5 0 -9999.9 1   -30.3 0 -9999.9 1 -9999.9 1 -9999.9 1 -9999.9 1   116.4 0 -9999.9 1
 1999 177  6 26 11 42 11.700  77.98   131.7 0 -9999.9 1 -9999.9 1   135.4 0   377.1 0   307.0 0   305.2 0   408.8 0   291.1 0   291.2 0     6.1 2    60.8 0 -9999.9 1   -31.7 0 -9999.9 1 -9999.9 1 -9999.9 1 -9999.9 1   117.9 0 -9999.9 1
 1999 177  6 26 11 48 11.800  76.91   134.9 0 -9999.9 1 -9999.9 1   137.8 0   387.4 0   307.1 0   305.2 0   411.0 0   291.3 0   291.4 0     6.4 0    61.9 0 -9999.9 1   -23.6 0 -9999.9 1 -9999.9 1 -9999.9 1 -9999.9 1   121.5 0 -9999.9 1
 1999 177  6 26 11 51 11.850  76.37   136.8 0 -9999.9 1 -9999.9 1   139.7 0   387.5 0   307.1 0   305.2 0   411.7 0   291.5 0   291.6 0     6.9 0    63.1 0 -9999.9 1   -24.2 0 -9999.9 1 -9999.9 1 -9999.9 1 -9999.9 1   120.1 0 -9999.9 1
 1999 177  6 26 11 54 11.900  75.83   137.3 0 -9999.9 1 -9999.9 1   140.3 0   385.5 0   307.2 0   305.2 0   411.6 0   291.7 0   291.7 0     7.4 0    64.0 0 -9999.9 1   -26.1 0 -9999.9 1 -9999.9 1 -9999.9 1 -9999.9 1   119.5 0 -9999.9 1
 1999 177  6 26 11 57 11.950  75.29   153.0 0 -9999.9 1 -9999.9 1   155.3 0   381.3 0   307.0 0   305.2 0   411.9 0   291.7 0   291.7 0     8.1 0    71.5 0 -9999.9 1   -30.6 0 -9999.9 1 -9999.9 1 -9999.9 1 -9999.9 1   118.6 0 -9999.9 1
 1999 177  6 26 12  3 12.050  74.20   156.4 0 -9999.9 1 -9999.9 1   157.1 0   373.3 0   306.9 0   305.3 0   413.1 0   291.7 0   291.8 0     9.2 0    73.1 0 -9999.9 1   -39.8 0 -9999.9 1 -9999.9 1 -9999.9 1 -9999.9 1   123.3 0 -9999.9 1
 1999 177  6 26 12  6 12.100  73.65   142.6 0 -9999.9 1 -9999.9 1   143.4 0   369.4 0   306.9 0   305.1 0   412.5 0   291.8 0   291.8 0     9.7 0    67.6 0 -9999.9 1   -43.2 0 -9999.9 1 -9999.9 1 -9999.9 1 -9999.9 1   123.1 0 -9999.9 1
 1999 177  6 26 12  9 12.150  73.10   132.5 0 -9999.9 1 -9999.9 1   133.7 0   366.9 0   306.9 0   305.2 0   412.3 0   291.9 0   291.9 0    10.1 0    63.7 0 -9999.9 1   -45.4 0 -9999.9 1 -9999.9 1 -9999.9 1 -9999.9 1   119.9 0 -9999.9 1
 1999 177  6 26 12 12 12.200  72.56   128.7 0 -9999.9 1 -9999.9 1   129.5 0   365.2 0   307.0 0   305.4 0   412.4 0   292.0 0   292.1 0    10.7 0    62.4 0 -9999.9 1   -47.2 0 -9999.9 1 -9999.9 1 -9999.9 1 -9999.9 1   122.6 0 -9999.9 1
 1999 177  6 26 12 18 12.300  71.45   116.3 0 -9999.9 1 -9999.9 1   117.0 0   364.4 0   306.8 0   305.2 0   412.6 0   292.0 0   292.1 0    11.6 0    56.9 0 -9999.9 1   -48.3 0 -9999.9 1 -9999.9 1 -9999.9 1 -9999.9 1   124.6 0 -9999.9 1
 1999 177  6 26 12 21 12.350  70.90   107.8 0 -9999.9 1 -9999.9 1   108.8 0   368.5 0   306.8 0   305.1 0   412.2 0   292.1 0   292.1 0    11.8 0    52.6 0 -9999.9 1   -43.6 0 -9999.9 1 -9999.9 1 -9999.9 1 -9999.9 1   124.4 0 -9999.9 1
 1999 177  6 26 12 24 12.400  70.35   106.3 0 -9999.9 1 -9999.9 1   107.9 0   371.9 0   306.8 0   305.1 0   412.1 0   292.1 0   292.1 0    12.3 0    51.9 0 -9999.9 1   -40.2 0 -9999.9 1 -9999.9 1 -9999.9 1 -9999.9 1   122.4 0 -9999.9 1
 1999 177  6 26 12 27 12.450  69.79   112.8 0 -9999.9 1 -9999.9 1   114.6 0   372.8 0   306.8 0   305.0 0   412.1 0   292.1 0   292.1 0    13.1 0    55.1 0 -9999.9 1   -39.3 0 -9999.9 1 -9999.9 1 -9999.9 1 -9999.9 1   121.7 0 -9999.9 1
 1999 177  6 26 12 33 12.550  68.68   174.2 0 -9999.9 1 -9999.9 1   174.8 0   372.8 0   306.9 0   305.3 0   416.0 0   292.3 0   292.3 0    16.5 0    83.5 0 -9999.9 1   -43.1 0 -9999.9 1 -9999.9 1 -9999.9 1 -9999.9 1   117.2 0 -9999.9 1
 1999 177  6 26 12 36 12.600  68.12   224.7 0 -9999.9 1 -9999.9 1   207.1 0   369.7 0   307.0 0   305.5 0   419.7 0   292.5 0   292.6 0    18.7 0   103.9 0 -9999.9 1   -50.0 0 -9999.9 1 -9999.9 1 -9999.9 1 -9999.9 1   116.3 0 -9999.9 1
 1999 177  6 26 12 39 12.650  67.56   238.3 0 -9999.9 1 -9999.9 1   234.3 0   369.8 0   307.2 0   305.6 0   421.4 0   292.7 0   292.8 0    20.7 0   114.4 0 -9999.9 1   -51.7 0 -9999.9 1 -9999.9 1 -9999.9 1 -9999.9 1   117.3 0 -9999.9 1
 1999 177  6 26 12 42 12.700  67.00   270.3 0 -9999.9 1 -9999.9 1   265.7 0   372.8 0   307.3 0   305.6 0   422.7 0   292.8 0   292.9 0    22.7 0   129.7 0 -9999.9 1   -49.9 0 -9999.9 1 -9999.9 1 -9999.9 1 -9999.9 1   119.4 0 -9999.9 1
 1999 177  6 26 12 48 12.800  65.88   421.8 0 -9999.9 1 -9999.9 1   357.5 0   375.1 0   307.7 0   306.6 0   431.5 0   293.2 0   293.4 0    27.8 0   191.4 0 -9999.9 1   -56.5 0 -9999.9 1 -9999.9 1 -9999.9 1 -9999.9 1   122.3 0 -9999.9 1
 1999 177  6 26 12 51 12.850  65.32   451.4 0 -9999.9 1 -9999.9 1   363.1 0   374.2 0   308.0 0   306.8 0   434.9 0   293.5 0   293.8 0    29.6 0   200.4 0 -9999.9 1   -60.7 0 -9999.9 1 -9999.9 1 -9999.9 1 -9999.9 1   122.8 0 -9999.9 1
 1999 177  6 26 12 54 12.900  64.75   378.0 0 -9999.9 1 -9999.9 1   349.0 0   372.6 0   308.3 0   306.9 0   433.4 0   293.8 0   294.1 0    30.0 0   178.8 0 -9999.9 1   -60.7 0 -9999.9 1 -9999.9 1 -9999.9 1 -9999.9 1   122.9 0 -9999.9 1
 1999 177  6 26 12 57 12.950  64.19   433.3 0 -9999.9 1 -9999.9 1   357.2 0   375.7 0   308.5 0   307.3 0   435.2 0   294.0 0   294.3 0    31.1 0   192.7 0 -9999.9 1   -59.5 0 -9999.9 1 -9999.9 1 -9999.9 1 -9999.9 1   123.7 0 -9999.9 1
 1999 177  6 26 13  3 13.050  63.06   302.5 0 -9999.9 1 -9999.9 1   287.6 0   393.1 0   309.0 0   307.5 0   433.6 0   294.5 0   294.6 0    25.8 0   138.3 0 -9999.9 1   -40.5 0 -9999.9 1 -9999.9 1 -9999.9 1 -9999.9 1   122.3 0 -9999.9 1
 1999 177  6 26 13  6 13.100  62.49   233.5 0 -9999.9 1 -9999.9 1   230.7 0   397.1 0   309.1 0   307.6 0   431.5 0   294.6 0   294.7 0    22.4 0   107.0 0 -9999.9 1   -34.4 0 -9999.9 1 -9999.9 1 -9999.9 1 -9999.9 1   124.1 0 -9999.9 1
 1999 177  6 26 13  9 13.150  61.92   213.4 0 -9999.9 1 -9999.9 1   212.2 0   398.2 0   309.2 0   307.6 0   430.2 0   294.6 0   294.7 0    22.0 0    98.1 0 -9999.9 1   -32.0 0 -9999.9 1 -9999.9 1 -9999.9 1 -9999.9 1   128.0 0 -9999.9 1
 1999 177  6 26 13 12 13.200  61.36   239.6 0 -9999.9 1 -9999.9 1   230.4 0   394.2 0   309.2 0   307.8 0   431.3 0   294.6 0   294.7 0    24.9 0   110.4 0 -9999.9 1   -37.1 0 -9999.9 1 -9999.9 1 -9999.9 1 -9999.9 1   123.3 0 -9999.9 1
 1999 177  6 26 13 18 13.300  60.22   331.3 0 -9999.9 1 -9999.9 1   291.6 0   381.0 0   309.4 0   308.1 0   437.4 0   294.9 0   295.0 0    33.8 0   152.1 0 -9999.9 1   -56.4 0 -9999.9 1 -9999.9 1 -9999.9 1 -9999.9 1   132.6 0 -9999.9 1
 1999 177  6 26 13 21 13.350  59.65   336.6 0 -9999.9 1 -9999.9 1   306.9 0   381.3 0   309.6 0   308.4 0   437.9 0   295.0 0   295.2 0    35.7 0   157.1 0 -9999.9 1   -56.5 0 -9999.9 1 -9999.9 1 -9999.9 1 -9999.9 1   127.7 0 -9999.9 1
 1999 177  6 26 13 24 13.400  59.08   343.1 0 -9999.9 1 -9999.9 1   314.1 0   381.4 0   309.9 0   308.7 0   440.6 0   295.2 0   295.4 0    36.9 0   159.1 0 -9999.9 1   -59.1 0 -9999.9 1 -9999.9 1 -9999.9 1 -9999.9 1   129.7 0 -9999.9 1
 1999 177  6 26 13 27 13.450  58.51   327.7 0 -9999.9 1 -9999.9 1   303.6 0   381.5 0   310.1 0   308.8 0   440.1 0   295.4 0   295.5 0    38.0 0   152.4 0 -9999.9 1   -58.7 0 -9999.9 1 -9999.9 1 -9999.9 1 -9999.9 1   134.4 0 -9999.9 1
 1999 177  6 26 13 33 13.550  57.36   330.6 0 -9999.9 1 -9999.9 1   302.0 0   388.5 0   310.4 0   309.1 0   442.1 0   295.7 0   295.8 0    37.8 0   151.1 0 -9999.9 1   -53.5 0 -9999.9 1 -9999.9 1 -9999.9 1 -9999.9 1   138.0 0 -9999.9 1
 1999 177  6 26 13 36 13.600  56.79   272.7 0 -9999.9 1 -9999.9 1   265.2 0   393.4 0   310.5 0   309.3 0   440.8 0   295.8 0   295.9 0    34.5 0   127.2 0 -9999.9 1   -47.4 0 -9999.9 1 -9999.9 1 -9999.9 1 -9999.9 1   147.9 0 -9999.9 1
 1999 177  6 26 13 39 13.650  56.22   288.2 0 -9999.9 1 -9999.9 1   273.1 0   394.7 0   310.7 0   309.3 0   440.0 0   296.0 0   296.0 0    35.8 0   134.1 0 -9999.9 1   -45.3 0 -9999.9 1 -9999.9 1 -9999.9 1 -9999.9 1   149.3 0 -9999.9 1
 1999 177  6 26 13 42 13.700  55.65   362.9 0 -9999.9 1 -9999.9 1   329.9 0   390.3 0   310.8 0   309.5 0   442.5 0   296.0 0   296.2 0    43.1 0   167.8 0 -9999.9 1   -52.3 0 -9999.9 1 -9999.9 1 -9999.9 1 -9999.9 1   153.6 0 -9999.9 1
 1999 177  6 26 13 48 13.800  54.50   390.9 0 -9999.9 1 -9999.9 1   371.6 0   385.7 0   310.9 0   309.8 0   445.2 0   296.1 0   296.2 0    49.6 0   182.6 0 -9999.9 1   -59.5 0 -9999.9 1 -9999.9 1 -9999.9 1 -9999.9 1   137.8 0 -9999.9 1
 1999 177  6 26 13 51 13.850  53.93   312.5 0 -9999.9 1 -9999.9 1   304.4 0   385.9 0   311.0 0   310.0 0   443.0 0   296.1 0   296.2 0    43.5 0   146.3 0 -9999.9 1   -57.1 0 -9999.9 1 -9999.9 1 -9999.9 1 -9999.9 1   147.5 0 -9999.9 1
 1999 177  6 26 13 54 13.900  53.35   245.1 0 -9999.9 1 -9999.9 1   239.8 0   392.7 0   311.1 0   309.7 0   437.8 0   296.0 0   296.1 0    36.0 0   114.4 0 -9999.9 1   -45.1 0 -9999.9 1 -9999.9 1 -9999.9 1 -9999.9 1   151.9 0 -9999.9 1
 1999 177  6 26 13 57 13.950  52.78   213.4 0 -9999.9 1 -9999.9 1   209.3 0   395.7 0   311.1 0   309.5 0   436.0 0   296.0 0   296.0 0    32.9 0    99.8 0 -9999.9 1   -40.3 0 -9999.9 1 -9999.9 1 -9999.9 1 -9999.9 1   157.7 0 -9999.9 1
 1999 177  6 26 14  3 14.050  51.63   207.4 0 -9999.9 1 -9999.9 1   203.3 0   397.5 0   311.2 0   309.5 0   435.1 0   296.0 0   296.1 0    33.8 0    97.6 0 -9999.9 1   -37.6 0 -9999.9 1 -9999.9 1 -9999.9 1 -9999.9 1   166.9 0 -9999.9 1
 1999 177  6 26 14  6 14.100  51.06   224.5 0 -9999.9 1 -9999.9 1   220.2 0   396.6 0   311.2 0   309.6 0   435.1 0   296.0 0   296.0 0    36.5 0   105.9 0 -9999.9 1   -38.4 0 -9999.9 1 -9999.9 1 -9999.9 1 -9999.9 1   166.3 0 -9999.9 1
 1999 177  6 26 14  9 14.150  50.49   247.5 0 -9999.9 1 -9999.9 1   241.6 0   392.9 0   311.3 0   310.0 0   437.2 0   296.0 0   296.0 0    40.6 0   116.7 0 -9999.9 1   -44.2 0 -9999.9 1 -9999.9 1 -9999.9 1 -9999.9 1   166.3 0 -9999.9 1
 1999 177  6 26 14 12 14.200  49.91   255.0 0 -9999.9 1 -9999.9 1   249.9 0   393.3 0   311.4 0   309.8 0   437.6 0   296.0 0   296.1 0    41.7 0   119.9 0 -9999.9 1   -44.3 0 -9999.9 1 -9999.9 1 -9999.9 1 -9999.9 1   169.4 0 -9999.9 1
 1999 177  6 26 14 18 14.300  48.77   281.2 0 -9999.9 1 -9999.9 1   275.2 0   390.2 0   311.5 0   310.2 0   438.8 0   296.0 0   296.1 0    46.1 0   132.1 0 -9999.9 1   -48.6 0 -9999.9 1 -9999.9 1 -9999.9 1 -9999.9 1   174.3 0 -9999.9 1
 1999 177  6 26 14 21 14.350  48.19   298.7 0 -9999.9 1 -9999.9 1   290.8 0   390.0 0   311.6 0   310.3 0   439.6 0   296.0 0   296.1 0    47.8 0   140.0 0 -9999.9 1   -49.6 0 -9999.9 1 -9999.9 1 -9999.9 1 -9999.9 1   179.0 0 -9999.9 1
 1999 177  6 26 14 24 14.400  47.62   313.5 0 -9999.9 1 -9999.9 1   306.2 0   389.8 0   311.7 0   310.5 0   441.2 0   296.0 0   296.1 0    49.4 0   146.6 0 -9999.9 1   -51.4 0 -9999.9 1 -9999.9 1 -9999.9 1 -9999.9 1   172.6 0 -9999.9 1
 1999 177  6 26 14 27 14.450  47.05   348.6 0 -9999.9 1 -9999.9 1   333.5 0   388.0 0   311.9 0   310.9 0   444.1 0   296.1 0   296.2 0    53.7 0   162.5 0 -9999.9 1   -56.1 0 -9999.9 1 -9999.9 1 -9999.9 1 -9999.9 1   171.8 0 -9999.9 1
 1999 177  6 26 14 33 14.550  45.91   345.0 0 -9999.9 1 -9999.9 1   335.7 0   385.0 0   312.2 0   311.0 0   443.9 0   296.2 0   296.4 0    54.0 0   161.9 0 -9999.9 1   -58.9 0 -9999.9 1 -9999.9 1 -9999.9 1 -9999.9 1   170.7 0 -9999.9 1
 1999 177  6 26 14 36 14.600  45.34   335.6 0 -9999.9 1 -9999.9 1   319.4 0   384.6 0   312.3 0   311.0 0   443.2 0   296.2 0   296.4 0    54.1 0   157.8 0 -9999.9 1   -58.6 0 -9999.9 1 -9999.9 1 -9999.9 1 -9999.9 1   174.5 0 -9999.9 1
 1999 177  6 26 14 39 14.650  44.77   337.2 0 -9999.9 1 -9999.9 1   325.4 0   382.8 0   312.4 0   311.3 0   443.5 0   296.3 0   296.4 0    57.3 0   158.8 0 -9999.9 1   -60.7 0 -9999.9 1 -9999.9 1 -9999.9 1 -9999.9 1   179.3 0 -9999.9 1
 1999 177  6 26 14 42 14.700  44.20   381.8 0 -9999.9 1 -9999.9 1   365.8 0   384.5 0   312.7 0   311.3 0   445.2 0   296.4 0   296.6 0    63.7 0   178.7 0 -9999.9 1   -60.7 0 -9999.9 1 -9999.9 1 -9999.9 1 -9999.9 1   159.6 0 -9999.9 1
 1999 177  6 26 14 48 14.800  43.06   369.1 0 -9999.9 1 -9999.9 1   356.7 0   386.3 0   313.2 0   312.0 0   447.5 0   296.8 0   297.0 0    62.2 0   172.6 0 -9999.9 1   -61.2 0 -9999.9 1 -9999.9 1 -9999.9 1 -9999.9 1   174.2 0 -9999.9 1
 1999 177  6 26 14 51 14.850  42.49   338.9 0 -9999.9 1 -9999.9 1   331.5 0   389.9 0   313.4 0   311.9 0   446.4 0   297.0 0   297.1 0    58.1 0   158.3 0 -9999.9 1   -56.5 0 -9999.9 1 -9999.9 1 -9999.9 1 -9999.9 1   165.2 0 -9999.9 1
 1999 177  6 26 14 54 14.900  41.92   344.2 0 -9999.9 1 -9999.9 1   336.2 0   389.1 0   313.5 0   312.0 0   445.9 0   297.0 0   297.1 0    59.8 0   160.8 0 -9999.9 1   -56.8 0 -9999.9 1 -9999.9 1 -9999.9 1 -9999.9 1   181.9 0 -9999.9 1
 1999 177  6 26 14 57 14.950  41.36   378.1 0 -9999.9 1 -9999.9 1   367.6 0   387.3 0   313.6 0   312.2 0   447.0 0   297.1 0   297.2 0    66.8 0   177.0 0 -9999.9 1   -59.7 0 -9999.9 1 -9999.9 1 -9999.9 1 -9999.9 1   173.5 0 -9999.9 1
 1999 177  6 26 15  3 15.050  40.23   516.1 0 -9999.9 1 -9999.9 1   477.0 0   384.5 0   314.0 0   312.9 0   454.6 0   297.3 0   297.5 0    85.4 0   240.7 0 -9999.9 1   -70.0 0 -9999.9 1 -9999.9 1 -9999.9 1 -9999.9 1   175.4 0 -9999.9 1
 1999 177  6 26 15  6 15.100  39.67   425.2 0 -9999.9 1 -9999.9 1   399.5 0   392.0 0   314.3 0   313.0 0   452.6 0   297.5 0   297.7 0    71.3 0   195.1 0 -9999.9 1   -60.7 0 -9999.9 1 -9999.9 1 -9999.9 1 -9999.9 1   185.9 0 -9999.9 1
 1999 177  6 26 15  9 15.150  39.11   353.2 0 -9999.9 1 -9999.9 1   343.2 0   394.0 0   314.5 0   313.1 0   448.3 0   297.6 0   297.7 0    65.1 0   164.0 0 -9999.9 1   -54.3 0 -9999.9 1 -9999.9 1 -9999.9 1 -9999.9 1   184.3 0 -9999.9 1
 1999 177  6 26 15 12 15.200  38.55   392.9 0 -9999.9 1 -9999.9 1   381.7 0   392.1 0   314.6 0   313.2 0   450.7 0   297.6 0   297.8 0    73.1 0   183.1 0 -9999.9 1   -58.6 0 -9999.9 1 -9999.9 1 -9999.9 1 -9999.9 1   174.3 0 -9999.9 1
 1999 177  6 26 15 18 15.300  37.43   468.0 0 -9999.9 1 -9999.9 1   443.0 0   392.2 0   315.0 0   314.1 0   458.2 0   297.9 0   298.2 0    84.0 0   218.3 0 -9999.9 1   -66.0 0 -9999.9 1 -9999.9 1 -9999.9 1 -9999.9 1   180.6 0 -9999.9 1
 1999 177  6 26 15 21 15.350  36.87   606.5 0 -9999.9 1 -9999.9 1   509.1 0   390.2 0   315.3 0   314.7 0   462.9 0   298.2 0   298.4 0   102.0 0   281.3 0 -9999.9 1   -72.7 0 -9999.9 1 -9999.9 1 -9999.9 1 -9999.9 1   188.1 0 -9999.9 1
 1999 177  6 26 15 24 15.400  36.32   796.4 0 -9999.9 1 -9999.9 1   584.3 0   389.5 0   315.7 0   315.1 0   471.4 0   298.5 0   298.9 0   124.4 0   361.6 0 -9999.9 1   -81.9 0 -9999.9 1 -9999.9 1 -9999.9 1 -9999.9 1   175.9 0 -9999.9 1
 1999 177  6 26 15 27 15.450  35.77   668.0 0 -9999.9 1 -9999.9 1   562.6 0   388.3 0   316.1 0   315.4 0   468.9 0   298.8 0   299.2 0   116.4 0   307.3 0 -9999.9 1   -80.6 0 -9999.9 1 -9999.9 1 -9999.9 1 -9999.9 1   191.8 0 -9999.9 1
 1999 177  6 26 15 33 15.550  34.67   689.8 0 -9999.9 1 -9999.9 1   599.8 0   386.0 0   316.9 0   316.1 0   468.5 0   299.3 0   299.6 0   127.3 0   319.9 0 -9999.9 1   -82.4 0 -9999.9 1 -9999.9 1 -9999.9 1 -9999.9 1   183.8 0 -9999.9 1
 1999 177  6 26 15 36 15.600  34.13   747.4 0 -9999.9 1 -9999.9 1   617.6 0   387.5 0   317.2 0   316.3 0   469.6 0   299.4 0   299.7 0   135.4 0   345.1 0 -9999.9 1   -82.0 0 -9999.9 1 -9999.9 1 -9999.9 1 -9999.9 1   179.2 0 -9999.9 1
 1999 177  6 26 15 39 15.650  33.58   745.0 0 -9999.9 1 -9999.9 1   599.1 0   387.6 0   317.6 0   316.7 0   472.7 0   299.6 0   299.9 0   137.4 0   343.4 0 -9999.9 1   -85.2 0 -9999.9 1 -9999.9 1 -9999.9 1 -9999.9 1   201.5 0 -9999.9 1
 1999 177  6 26 15 42 15.700  33.04   663.5 0 -9999.9 1 -9999.9 1   590.3 0   386.9 0   317.9 0   317.0 0   470.9 0   299.8 0   300.0 0   131.7 0   308.4 0 -9999.9 1   -84.0 0 -9999.9 1 -9999.9 1 -9999.9 1 -9999.9 1   207.0 0 -9999.9 1
 1999 177  6 26 15 48 15.800  31.97   524.7 0 -9999.9 1 -9999.9 1   494.0 0   389.0 0   318.4 0   317.2 0   465.4 0   300.1 0   300.2 0   111.7 0   242.9 0 -9999.9 1   -76.5 0 -9999.9 1 -9999.9 1 -9999.9 1 -9999.9 1   174.7 0 -9999.9 1
 1999 177  6 26 15 51 15.850  31.44   486.8 0 -9999.9 1 -9999.9 1   456.0 0   391.3 0   318.6 0   317.4 0   463.9 0   300.1 0   300.3 0   104.7 0   225.6 0 -9999.9 1   -72.6 0 -9999.9 1 -9999.9 1 -9999.9 1 -9999.9 1   168.2 0 -9999.9 1
 1999 177  6 26 15 54 15.900  30.91   600.1 0 -9999.9 1 -9999.9 1   506.2 0   393.5 0   318.7 0   317.5 0   466.4 0   300.2 0   300.3 0   117.3 0   273.0 0 -9999.9 1   -72.9 0 -9999.9 1 -9999.9 1 -9999.9 1 -9999.9 1   218.7 0 -9999.9 1
 1999 177  6 26 15 57 15.950  30.39   497.4 0 -9999.9 1 -9999.9 1   456.3 0   394.1 0   318.8 0   317.1 0   462.9 0   300.1 0   300.2 0   107.2 0   228.8 0 -9999.9 1   -68.8 0 -9999.9 1 -9999.9 1 -9999.9 1 -9999.9 1   229.1 0 -9999.9 1
 1999 177  6 26 16  3 16.050  29.35   698.5 0 -9999.9 1 -9999.9 1   606.9 0   386.8 0   318.7 0   317.8 0   470.1 0   299.8 0   300.1 0   137.1 0   319.6 0 -9999.9 1   -83.3 0 -9999.9 1 -9999.9 1 -9999.9 1 -9999.9 1   218.4 0 -9999.9 1
 1999 177  6 26 16  6 16.100  28.83   651.3 0 -9999.9 1 -9999.9 1   563.7 0   385.5 0   318.8 0   318.0 0   468.8 0   299.9 0   300.1 0   131.5 0   298.3 0 -9999.9 1   -83.3 0 -9999.9 1 -9999.9 1 -9999.9 1 -9999.9 1   221.5 0 -9999.9 1
 1999 177  6 26 16  9 16.150  28.32   483.1 0 -9999.9 1 -9999.9 1   448.6 0   383.4 0   318.8 0   317.6 0   460.9 0   299.8 0   299.9 0   109.3 0   222.3 0 -9999.9 1   -77.5 0 -9999.9 1 -9999.9 1 -9999.9 1 -9999.9 1   235.2 0 -9999.9 1
 1999 177  6 26 16 12 16.200  27.82   442.9 0 -9999.9 1 -9999.9 1   421.9 0   384.1 0   318.8 0   317.7 0   458.0 0   299.8 0   299.9 0   102.8 0   206.1 0 -9999.9 1   -73.9 0 -9999.9 1 -9999.9 1 -9999.9 1 -9999.9 1   205.4 0 -9999.9 1
 1999 177  6 26 16 18 16.300  26.82   683.6 0 -9999.9 1 -9999.9 1   594.0 0   381.9 0   319.2 0   318.7 0   469.0 0   300.0 0   300.2 0   141.6 0   316.9 0 -9999.9 1   -87.2 0 -9999.9 1 -9999.9 1 -9999.9 1 -9999.9 1   226.6 0 -9999.9 1
 1999 177  6 26 16 21 16.350  26.33   895.7 0 -9999.9 1 -9999.9 1   652.7 0   381.1 0   319.5 0   319.5 0   478.3 0   300.2 0   300.5 0   172.1 0   405.0 0 -9999.9 1   -97.2 0 -9999.9 1 -9999.9 1 -9999.9 1 -9999.9 1   213.0 0 -9999.9 1
 1999 177  6 26 16 24 16.400  25.85   758.2 0 -9999.9 1 -9999.9 1   619.6 0   376.3 0   319.9 0   319.6 0   475.9 0   300.5 0   300.8 0   157.3 0   349.0 0 -9999.9 1   -99.6 0 -9999.9 1 -9999.9 1 -9999.9 1 -9999.9 1   177.7 0 -9999.9 1
 1999 177  6 26 16 27 16.450  25.37   582.3 0 -9999.9 1 -9999.9 1   538.1 0   384.2 0   320.2 0   319.8 0   469.8 0   300.7 0   300.9 0   127.4 0   270.5 0 -9999.9 1   -85.6 0 -9999.9 1 -9999.9 1 -9999.9 1 -9999.9 1   144.3 0 -9999.9 1
 1999 177  6 26 16 33 16.550  24.44   345.8 0 -9999.9 1 -9999.9 1   328.2 0   398.6 0   320.7 0   319.2 0   457.9 0   301.0 0   301.0 0    78.9 0   157.2 0 -9999.9 1   -59.3 0 -9999.9 1 -9999.9 1 -9999.9 1 -9999.9 1   225.4 0 -9999.9 1
 1999 177  6 26 16 36 16.600  23.98   268.4 0 -9999.9 1 -9999.9 1   252.5 0   405.1 0   320.7 0   318.7 0   451.3 0   300.9 0   300.8 0    61.2 0   120.8 0 -9999.9 1   -46.2 0 -9999.9 1 -9999.9 1 -9999.9 1 -9999.9 1   212.9 0 -9999.9 1
 1999 177  6 26 16 39 16.650  23.53   242.2 0 -9999.9 1 -9999.9 1   228.0 0   405.3 0   320.7 0   319.0 0   450.5 0   300.8 0   300.7 0    55.6 0   109.5 0 -9999.9 1   -45.2 0 -9999.9 1 -9999.9 1 -9999.9 1 -9999.9 1   216.6 0 -9999.9 1
 1999 177  6 26 16 42 16.700  23.09   225.7 0 -9999.9 1 -9999.9 1   212.9 0   406.7 0   320.6 0   319.0 0   449.4 0   300.6 0   300.5 0    51.0 0   101.8 0 -9999.9 1   -42.6 0 -9999.9 1 -9999.9 1 -9999.9 1 -9999.9 1   198.9 0 -9999.9 1
 1999 177  6 26 16 48 16.800  22.24   262.5 0 -9999.9 1 -9999.9 1   249.6 0   401.5 0   320.4 0   318.8 0   451.4 0   300.2 0   300.2 0    60.7 0   121.1 0 -9999.9 1   -49.9 0 -9999.9 1 -9999.9 1 -9999.9 1 -9999.9 1   189.3 0 -9999.9 1
 1999 177  6 26 16 51 16.850  21.83   314.3 0 -9999.9 1 -9999.9 1   298.4 0   395.5 0   320.3 0   319.0 0   453.5 0   300.1 0   300.1 0    71.6 0   146.3 0 -9999.9 1   -58.1 0 -9999.9 1 -9999.9 1 -9999.9 1 -9999.9 1   187.6 0 -9999.9 1
 1999 177  6 26 16 54 16.900  21.43   394.0 0 -9999.9 1 -9999.9 1   368.7 0   391.1 0   320.3 0   318.9 0   456.6 0   300.0 0   300.1 0    88.4 0   183.7 0 -9999.9 1   -65.4 0 -9999.9 1 -9999.9 1 -9999.9 1 -9999.9 1   187.5 0 -9999.9 1
 1999 177  6 26 16 57 16.950  21.04   546.3 0 -9999.9 1 -9999.9 1   475.4 0   390.5 0   320.3 0   318.9 0   461.8 0   300.0 0   300.1 0   115.6 0   254.4 0 -9999.9 1   -71.3 0 -9999.9 1 -9999.9 1 -9999.9 1 -9999.9 1   175.1 0 -9999.9 1
 1999 177  6 26 17  3 17.050  20.29   672.5 0 -9999.9 1 -9999.9 1   570.0 0   386.1 0   320.6 0   319.8 0   472.7 0   300.2 0   300.4 0   144.3 0   311.0 0 -9999.9 1   -86.6 0 -9999.9 1 -9999.9 1 -9999.9 1 -9999.9 1   201.1 0 -9999.9 1
 1999 177  6 26 17  6 17.100  19.94   747.3 0 -9999.9 1 -9999.9 1   576.2 0   385.5 0   320.8 0   319.9 0   475.5 0   300.4 0   300.6 0   155.7 0   341.1 0 -9999.9 1   -90.0 0 -9999.9 1 -9999.9 1 -9999.9 1 -9999.9 1   179.4 0 -9999.9 1
 1999 177  6 26 17  9 17.150  19.60   625.7 0 -9999.9 1 -9999.9 1   539.2 0   381.0 0   320.9 0   319.7 0   468.9 0   300.4 0   300.6 0   144.9 0   293.4 0 -9999.9 1   -87.9 0 -9999.9 1 -9999.9 1 -9999.9 1 -9999.9 1   182.3 0 -9999.9 1
 1999 177  6 26 17 12 17.200  19.28   997.3 0 -9999.9 1 -9999.9 1   657.9 0   383.3 0   321.1 0   320.4 0   482.8 0   300.6 0   301.0 0   199.1 0   451.8 0 -9999.9 1   -99.6 0 -9999.9 1 -9999.9 1 -9999.9 1 -9999.9 1   174.5 0 -9999.9 1
 1999 177  6 26 17 18 17.300  18.68   922.1 0 -9999.9 1 -9999.9 1   634.8 0   380.0 0   321.9 0   321.7 0   485.4 0   301.3 0   301.7 0   204.2 0   419.4 0 -9999.9 1  -105.3 0 -9999.9 1 -9999.9 1 -9999.9 1 -9999.9 1   172.7 0 -9999.9 1
 1999 177  6 26 17 21 17.350  18.40   932.6 0 -9999.9 1 -9999.9 1   693.9 0   385.1 0   322.1 0   321.8 0   484.2 0   301.5 0   301.8 0   206.1 0   437.7 0 -9999.9 1   -99.0 0 -9999.9 1 -9999.9 1 -9999.9 1 -9999.9 1   201.3 0 -9999.9 1
 1999 177  6 26 17 24 17.400  18.14   880.6 0 -9999.9 1 -9999.9 1   664.8 0   388.4 0   322.4 0   321.3 0   482.8 0   301.8 0   302.0 0   190.2 0   400.0 0 -9999.9 1   -94.4 0 -9999.9 1 -9999.9 1 -9999.9 1 -9999.9 1   177.1 0 -9999.9 1
 1999 177  6 26 17 27 17.450  17.91   723.6 0 -9999.9 1 -9999.9 1   598.6 0   394.2 0   322.6 0   321.4 0   474.9 0   301.8 0   301.9 0   158.5 0   328.8 0 -9999.9 1   -80.7 0 -9999.9 1 -9999.9 1 -9999.9 1 -9999.9 1   186.4 0 -9999.9 1
 1999 177  6 26 17 33 17.550  17.49   524.6 0 -9999.9 1 -9999.9 1   487.6 0   393.0 0   322.8 0   321.9 0   469.4 0   301.9 0   302.1 0   123.8 0   239.8 0 -9999.9 1   -76.4 0 -9999.9 1 -9999.9 1 -9999.9 1 -9999.9 1   174.6 0 -9999.9 1
 1999 177  6 26 17 36 17.600  17.31   472.6 0 -9999.9 1 -9999.9 1   441.4 0   391.8 0   322.7 0   321.7 0   464.7 0   301.9 0   301.9 0   115.8 0   221.0 0 -9999.9 1   -72.9 0 -9999.9 1 -9999.9 1 -9999.9 1 -9999.9 1   214.6 0 -9999.9 1
 1999 177  6 26 17 39 17.650  17.15   528.5 0 -9999.9 1 -9999.9 1   503.3 0   393.3 0   322.7 0   321.4 0   465.8 0   301.9 0   302.0 0   125.9 0   247.2 0 -9999.9 1   -72.5 0 -9999.9 1 -9999.9 1 -9999.9 1 -9999.9 1   266.2 0 -9999.9 1
 1999 177  6 26 17 42 17.700  17.02   676.8 0 -9999.9 1 -9999.9 1   598.9 0   391.8 0   322.7 0   321.5 0   470.6 0   301.9 0   302.1 0   149.2 0   308.0 0 -9999.9 1   -78.9 0 -9999.9 1 -9999.9 1 -9999.9 1 -9999.9 1   259.8 0 -9999.9 1
 1999 177  6 26 17 48 17.800  16.82   516.1 0 -9999.9 1 -9999.9 1   477.8 0   392.3 0   322.8 0   321.4 0   468.5 0   302.0 0   302.1 0   121.6 0   238.3 0 -9999.9 1   -76.2 0 -9999.9 1 -9999.9 1 -9999.9 1 -9999.9 1   236.4 0 -9999.9 1
 1999 177  6 26 17 51 17.850  16.75   388.4 0 -9999.9 1 -9999.9 1   368.6 0   393.4 0   322.8 0   321.5 0   461.6 0   302.0 0   302.0 0    95.6 0   180.5 0 -9999.9 1   -68.3 0 -9999.9 1 -9999.9 1 -9999.9 1 -9999.9 1   214.0 0 -9999.9 1
 1999 177  6 26 17 54 17.900  16.71   353.2 0 -9999.9 1 -9999.9 1   333.7 0   397.0 0   322.7 0   321.5 0   459.6 0   301.9 0   301.9 0    85.9 0   164.4 0 -9999.9 1   -62.6 0 -9999.9 1 -9999.9 1 -9999.9 1 -9999.9 1   224.9 0 -9999.9 1
 1999 177  6 26 17 57 17.950  16.69   342.6 0 -9999.9 1 -9999.9 1   321.9 0   403.0 0   322.6 0   321.4 0   459.1 0   301.9 0   301.9 0    80.1 0   159.3 0 -9999.9 1   -56.2 0 -9999.9 1 -9999.9 1 -9999.9 1 -9999.9 1   256.2 0 -9999.9 1
 1999 177  6 26 18  3 18.050  16.73   343.4 0 -9999.9 1 -9999.9 1   325.9 0   393.5 0   322.5 0   321.6 0   458.3 0   301.8 0   301.8 0    81.5 0   162.6 0 -9999.9 1   -64.7 0 -9999.9 1 -9999.9 1 -9999.9 1 -9999.9 1   235.2 0 -9999.9 1
 1999 177  6 26 18  6 18.100  16.78   312.4 0 -9999.9 1 -9999.9 1   296.6 0   397.3 0   322.4 0   321.2 0   456.7 0   301.7 0   301.7 0    73.9 0   148.0 0 -9999.9 1   -59.4 0 -9999.9 1 -9999.9 1 -9999.9 1 -9999.9 1   224.6 0 -9999.9 1
 1999 177  6 26 18  9 18.150  16.86   310.9 0 -9999.9 1 -9999.9 1   295.4 0   396.2 0   322.1 0   320.6 0   454.4 0   301.4 0   301.3 0    72.1 2   147.7 0 -9999.9 1   -58.3 0 -9999.9 1 -9999.9 1 -9999.9 1 -9999.9 1   207.0 0 -9999.9 1
 1999 177  6 26 18 12 18.200  16.96   298.0 0 -9999.9 1 -9999.9 1   282.7 0   395.7 0   322.0 0   320.6 0   453.6 0   301.1 0   301.1 0    68.8 2   141.4 0 -9999.9 1   -57.9 0 -9999.9 1 -9999.9 1 -9999.9 1 -9999.9 1   229.0 0 -9999.9 1
 1999 177  6 26 18 18 18.300  17.23   318.0 0 -9999.9 1 -9999.9 1   302.2 0   394.9 0   321.9 0   320.1 0   454.3 0   301.0 0   301.0 0    72.7 0   154.6 0 -9999.9 1   -59.4 0 -9999.9 1 -9999.9 1 -9999.9 1 -9999.9 1   174.0 0 -9999.9 1
 1999 177  6 26 18 21 18.350  17.39   337.7 0 -9999.9 1 -9999.9 1   321.0 0   388.2 0   321.8 0   320.8 0   457.1 0   301.0 0   301.1 0    76.8 0   165.9 0 -9999.9 1   -68.9 0 -9999.9 1 -9999.9 1 -9999.9 1 -9999.9 1   171.4 0 -9999.9 1
 1999 177  6 26 18 24 18.400  17.58   337.0 0 -9999.9 1 -9999.9 1   320.6 0   387.0 0   321.9 0   320.7 0   457.6 0   301.1 0   301.1 0    76.1 0   165.6 0 -9999.9 1   -70.5 0 -9999.9 1 -9999.9 1 -9999.9 1 -9999.9 1   213.0 0 -9999.9 1
 1999 177  6 26 18 27 18.450  17.79   331.3 0 -9999.9 1 -9999.9 1   316.0 0   391.0 0   321.8 0   320.1 0   456.7 0   301.1 0   301.1 0    74.4 0   162.4 0 -9999.9 1   -65.7 0 -9999.9 1 -9999.9 1 -9999.9 1 -9999.9 1   227.9 0 -9999.9 1
 1999 177  6 26 18 33 18.550  18.27   285.2 0 -9999.9 1 -9999.9 1   271.4 0   393.2 0   321.8 0   321.0 0   456.4 0   301.0 0   301.0 0    63.5 0   137.8 0 -9999.9 1   -63.2 0 -9999.9 1 -9999.9 1 -9999.9 1 -9999.9 1   211.8 0 -9999.9 1
 1999 177  6 26 18 36 18.600  18.54   262.9 0 -9999.9 1 -9999.9 1   251.4 0   402.4 0   321.6 0   319.6 0   451.9 0   300.9 0   300.8 0    58.4 0   125.3 0 -9999.9 1   -49.6 0 -9999.9 1 -9999.9 1 -9999.9 1 -9999.9 1   115.2 0 -9999.9 1
 1999 177  6 26 18 39 18.650  18.82   248.0 0 -9999.9 1 -9999.9 1   237.9 0   412.0 0   321.4 0   318.5 0   447.4 0   300.6 0   300.5 0    54.4 0   117.0 0 -9999.9 1   -35.4 0 -9999.9 1 -9999.9 1 -9999.9 1 -9999.9 1   102.4 0 -9999.9 1
 1999 177  6 26 18 42 18.700  19.12   233.4 0 -9999.9 1 -9999.9 1   223.6 0   417.1 0   321.1 0   318.2 0   446.4 0   300.2 0   300.0 0    50.1 0   108.6 0 -9999.9 1   -29.4 0 -9999.9 1 -9999.9 1 -9999.9 1 -9999.9 1    96.5 0 -9999.9 1
 1999 177  6 26 18 48 18.800  19.77   275.7 0 -9999.9 1 -9999.9 1   263.1 0   416.3 0   320.5 0   317.9 0   450.1 0   299.5 0   299.4 0    59.6 0   127.0 0 -9999.9 1   -33.8 0 -9999.9 1 -9999.9 1 -9999.9 1 -9999.9 1    97.0 0 -9999.9 1
 1999 177  6 26 18 51 18.850  20.11   299.5 0 -9999.9 1 -9999.9 1   288.6 0   417.7 0   320.2 0   317.5 0   451.3 0   299.3 0   299.3 0    65.3 0   137.6 0 -9999.9 1   -33.5 0 -9999.9 1 -9999.9 1 -9999.9 1 -9999.9 1    96.9 0 -9999.9 1
 1999 177  6 26 18 54 18.900  20.47   293.6 0 -9999.9 1 -9999.9 1   284.6 0   416.3 0   319.8 0   317.2 0   451.7 0   299.1 0   299.1 0    63.4 0   134.2 0 -9999.9 1   -35.3 0 -9999.9 1 -9999.9 1 -9999.9 1 -9999.9 1   103.1 0 -9999.9 1
 1999 177  6 26 18 57 18.950  20.84   298.0 0 -9999.9 1 -9999.9 1   289.5 0   418.4 0   319.3 0   316.5 0   449.4 0   298.8 0   298.8 0    63.7 0   136.2 0 -9999.9 1   -31.0 0 -9999.9 1 -9999.9 1 -9999.9 1 -9999.9 1    87.9 0 -9999.9 1
 1999 177  6 26 19  3 19.050  21.62   273.1 0 -9999.9 1 -9999.9 1   266.0 0   407.3 0   318.4 0   316.3 0   449.5 0   298.2 0   298.3 0    58.3 0   124.8 0 -9999.9 1   -42.2 0 -9999.9 1 -9999.9 1 -9999.9 1 -9999.9 1    86.7 0 -9999.9 1
 1999 177  6 26 19  6 19.100  22.03   251.8 0 -9999.9 1 -9999.9 1   245.4 0   407.6 0   318.1 0   315.9 0   448.8 0   298.2 0   298.3 0    52.9 0   115.8 0 -9999.9 1   -41.2 0 -9999.9 1 -9999.9 1 -9999.9 1 -9999.9 1    90.7 0 -9999.9 1
 1999 177  6 26 19  9 19.150  22.45   261.5 0 -9999.9 1 -9999.9 1   255.0 0   406.5 0   317.8 0   315.5 0   448.5 0   298.2 0   298.2 0    55.8 0   122.9 0 -9999.9 1   -42.0 0 -9999.9 1 -9999.9 1 -9999.9 1 -9999.9 1   104.6 0 -9999.9 1
 1999 177  6 26 19 12 19.200  22.87   296.2 0 -9999.9 1 -9999.9 1   287.9 0   400.0 0   317.6 0   315.7 0   450.9 0   298.2 0   298.3 0    65.1 0   141.5 0 -9999.9 1   -51.0 0 -9999.9 1 -9999.9 1 -9999.9 1 -9999.9 1   109.6 0 -9999.9 1
 1999 177  6 26 19 18 19.300  23.75   280.3 0 -9999.9 1 -9999.9 1   273.3 0   399.2 0   317.1 0   315.2 0   452.6 0   298.3 0   298.4 0    61.6 0   135.0 0 -9999.9 1   -53.4 0 -9999.9 1 -9999.9 1 -9999.9 1 -9999.9 1   127.5 0 -9999.9 1
 1999 177  6 26 19 21 19.350  24.21   250.2 0 -9999.9 1 -9999.9 1   243.8 0   401.3 0   317.0 0   315.0 0   451.2 0   298.4 0   298.5 0    55.1 0   121.4 0 -9999.9 1   -49.9 0 -9999.9 1 -9999.9 1 -9999.9 1 -9999.9 1   120.2 0 -9999.9 1
 1999 177  6 26 19 24 19.400  24.67   232.7 0 -9999.9 1 -9999.9 1   226.3 0   401.4 0   316.8 0   314.9 0   451.4 0   298.5 0   298.6 0    51.2 0   114.0 0 -9999.9 1   -49.9 0 -9999.9 1 -9999.9 1 -9999.9 1 -9999.9 1   111.7 0 -9999.9 1
 1999 177  6 26 19 27 19.450  25.13   227.7 0 -9999.9 1 -9999.9 1   223.3 0   404.4 0   316.6 0   314.5 0   448.4 0   298.5 0   298.5 0    50.3 0   112.5 0 -9999.9 1   -44.0 0 -9999.9 1 -9999.9 1 -9999.9 1 -9999.9 1    84.7 0 -9999.9 1
 1999 177  6 26 19 33 19.550  26.09   218.1 0 -9999.9 1 -9999.9 1   214.1 0   401.0 0   316.1 0   314.2 0   447.6 0   298.3 0   298.3 0    47.1 0   108.5 0 -9999.9 1   -46.6 0 -9999.9 1 -9999.9 1 -9999.9 1 -9999.9 1    92.7 0 -9999.9 1
 1999 177  6 26 19 36 19.600  26.58   200.4 0 -9999.9 1 -9999.9 1   197.0 0   400.3 0   316.0 0   314.3 0   448.5 0   298.3 0   298.3 0    43.0 0   100.0 0 -9999.9 1   -48.2 0 -9999.9 1 -9999.9 1 -9999.9 1 -9999.9 1    90.6 0 -9999.9 1
 1999 177  6 26 19 39 19.650  27.07   175.1 0 -9999.9 1 -9999.9 1   172.6 0   401.2 0   315.9 0   314.3 0   448.3 0   298.3 0   298.3 0    37.0 0    87.2 0 -9999.9 1   -47.1 0 -9999.9 1 -9999.9 1 -9999.9 1 -9999.9 1    83.3 0 -9999.9 1
 1999 177  6 26 19 42 19.700  27.56   157.1 0 -9999.9 1 -9999.9 1   155.1 0   404.0 0   315.8 0   314.1 0   447.3 0   298.3 0   298.3 0    32.7 0    78.4 0 -9999.9 1   -43.3 0 -9999.9 1 -9999.9 1 -9999.9 1 -9999.9 1    80.3 0 -9999.9 1
 1999 177  6 26 19 48 19.800  28.57   154.8 0 -9999.9 1 -9999.9 1   153.5 0   403.7 0   315.5 0   313.8 0   446.5 0   298.2 0   298.2 0    32.4 0    78.0 0 -9999.9 1   -42.8 0 -9999.9 1 -9999.9 1 -9999.9 1 -9999.9 1    87.8 0 -9999.9 1
 1999 177  6 26 19 51 19.850  29.09   148.3 0 -9999.9 1 -9999.9 1   147.0 0   401.7 0   315.2 0   313.7 0   445.4 0   298.0 0   298.1 0    30.6 0    74.9 0 -9999.9 1   -43.7 0 -9999.9 1 -9999.9 1 -9999.9 1 -9999.9 1    94.9 0 -9999.9 1
 1999 177  6 26 19 54 19.900  29.60   138.4 0 -9999.9 1 -9999.9 1   136.6 0   400.7 0   315.1 0   313.9 0   446.1 0   298.0 0   298.0 0    28.2 0    69.7 0 -9999.9 1   -45.4 0 -9999.9 1 -9999.9 1 -9999.9 1 -9999.9 1    79.3 0 -9999.9 1
 1999 177  6 26 19 57 19.950  30.12   129.1 0 -9999.9 1 -9999.9 1   128.1 0   402.9 0   315.0 0   313.5 0   444.7 0   297.9 0   297.9 0    26.3 0    64.9 0 -9999.9 1   -41.8 0 -9999.9 1 -9999.9 1 -9999.9 1 -9999.9 1    50.8 0 -9999.9 1
 1999 177  6 26 20  3 20.050  31.17   107.3 0 -9999.9 1 -9999.9 1   106.7 0   402.8 0   314.6 0   313.1 0   441.9 0   297.7 0   297.7 0    21.4 2    53.8 0 -9999.9 1   -39.1 0 -9999.9 1 -9999.9 1 -9999.9 1 -9999.9 1    24.6 0 -9999.9 1
 1999 177  6 26 20  6 20.100  31.70    81.2 0 -9999.9 1 -9999.9 1    79.7 0   413.3 0   314.4 0   312.2 0   439.7 0   297.6 0   297.5 0    14.9 2    39.4 0 -9999.9 1   -26.4 0 -9999.9 1 -9999.9 1 -9999.9 1 -9999.9 1     8.9 0 -9999.9 1
 1999 177  6 26 20  9 20.150  32.24    60.2 0 -9999.9 1 -9999.9 1    60.2 0   411.1 0   314.0 0   311.6 0   436.6 0   297.3 0   297.3 0    11.0 2    29.8 0 -9999.9 1   -25.5 0 -9999.9 1 -9999.9 1 -9999.9 1 -9999.9 1   342.8 0 -9999.9 1
 1999 177  6 26 20 12 20.200  32.77    35.5 0 -9999.9 1 -9999.9 1    36.1 0   408.6 0   313.8 0   311.5 0   430.9 0   297.2 0   297.0 0     6.2 2    17.7 0 -9999.9 1   -22.3 0 -9999.9 1 -9999.9 1 -9999.9 1 -9999.9 1   299.9 0 -9999.9 1
 1999 177  6 26 20 18 20.300  33.85    13.9 0 -9999.9 1 -9999.9 1    13.5 0   427.9 0   313.4 0   310.1 0   427.3 0   296.9 0   296.7 0     2.0 2     6.4 0 -9999.9 1     0.0 0 -9999.9 1 -9999.9 1 -9999.9 1 -9999.9 1   304.7 0 -9999.9 1
 1999 177  6 26 20 21 20.350  34.40    12.2 0 -9999.9 1 -9999.9 1    12.7 0   432.8 0   312.9 0   309.3 0   427.9 0   296.6 0   296.4 0     1.6 2     5.5 0 -9999.9 1     0.0 0 -9999.9 1 -9999.9 1 -9999.9 1 -9999.9 1   282.0 0 -9999.9 1
 1999 177  6 26 20 24 20.400  34.94    17.1 0 -9999.9 1 -9999.9 1    17.9 0   472.1 0   311.5 0   304.7 0   423.8 0   296.1 0   295.9 0     1.7 2     5.9 0 -9999.9 1     0.0 0 -9999.9 1 -9999.9 1 -9999.9 1 -9999.9 1   270.5 0 -9999.9 1
 1999 177  6 26 20 27 20.450  35.49    18.9 0 -9999.9 1 -9999.9 1    21.7 0   469.9 0   309.8 0   303.3 0   420.6 0   295.7 0   295.4 0     2.0 2     7.1 0 -9999.9 1     0.0 0 -9999.9 1 -9999.9 1 -9999.9 1 -9999.9 1   288.0 0 -9999.9 1
 1999 177  6 26 20 33 20.550  36.60    27.4 0 -9999.9 1 -9999.9 1    30.8 0   455.7 0   307.3 0   302.3 0   421.4 0   295.2 0   295.0 0     4.4 2    13.1 0 -9999.9 1     0.0 0 -9999.9 1 -9999.9 1 -9999.9 1 -9999.9 1   325.3 0 -9999.9 1
 1999 177  6 26 20 36 20.600  37.15    24.8 0 -9999.9 1 -9999.9 1    30.1 0   452.0 0   306.5 0   302.0 0   423.7 0   295.0 0   294.9 0     4.3 2    13.1 0 -9999.9 1     0.0 0 -9999.9 1 -9999.9 1 -9999.9 1 -9999.9 1   339.3 0 -9999.9 1
 1999 177  6 26 20 39 20.650  37.71    25.3 0 -9999.9 1 -9999.9 1    31.8 0   444.7 0   305.8 0   302.0 0   424.2 0   294.8 0   294.7 0     4.8 0    14.5 0 -9999.9 1     0.0 0 -9999.9 1 -9999.9 1 -9999.9 1 -9999.9 1   336.9 0 -9999.9 1
 1999 177  6 26 20 42 20.700  38.26    45.7 0 -9999.9 1 -9999.9 1    51.8 0   440.6 0   305.3 0   301.4 0   424.2 0   294.8 0   294.6 0     9.0 0    26.4 0 -9999.9 1     0.0 0 -9999.9 1 -9999.9 1 -9999.9 1 -9999.9 1     5.1 0 -9999.9 1
 1999 177  6 26 20 48 20.800  39.38    65.7 0 -9999.9 1 -9999.9 1    71.7 0   424.9 0   304.3 0   301.6 0   423.6 0   294.4 0   294.3 0    12.6 0    39.8 0 -9999.9 1     0.0 0 -9999.9 1 -9999.9 1 -9999.9 1 -9999.9 1   360.0 0 -9999.9 1
 1999 177  6 26 20 51 20.850  39.95    60.6 0 -9999.9 1 -9999.9 1    66.1 0   420.1 0   303.8 0   301.4 0   421.2 0   294.1 0   294.0 0    11.3 0    37.1 0 -9999.9 1    -1.0 0 -9999.9 1 -9999.9 1 -9999.9 1 -9999.9 1   354.2 0 -9999.9 1
 1999 177  6 26 20 54 20.900  40.51    39.0 0 -9999.9 1 -9999.9 1    45.8 0   419.8 0   303.4 0   301.4 0   419.9 0   293.9 0   293.8 0     7.3 2    24.8 0 -9999.9 1     0.0 0 -9999.9 1 -9999.9 1 -9999.9 1 -9999.9 1   323.9 0 -9999.9 1
 1999 177  6 26 20 57 20.950  41.07    24.8 0 -9999.9 1 -9999.9 1    32.1 0   428.9 0   303.2 0   300.6 0   419.4 0   293.7 0   293.6 0     4.8 2    16.3 0 -9999.9 1     0.0 0 -9999.9 1 -9999.9 1 -9999.9 1 -9999.9 1   353.2 0 -9999.9 1
 1999 177  6 26 21  3 21.050  42.21    19.6 0 -9999.9 1 -9999.9 1    28.7 0   429.9 0   302.6 0   300.1 0   420.0 0   293.5 0   293.5 0     3.7 0    13.7 0 -9999.9 1     0.0 0 -9999.9 1 -9999.9 1 -9999.9 1 -9999.9 1   346.7 0 -9999.9 1
 1999 177  6 26 21  6 21.100  42.77    21.9 0 -9999.9 1 -9999.9 1    31.3 0   433.5 0   302.4 0   299.8 0   420.4 0   293.5 0   293.5 0     3.9 0    14.7 0 -9999.9 1     0.0 0 -9999.9 1 -9999.9 1 -9999.9 1 -9999.9 1   356.3 0 -9999.9 1
 1999 177  6 26 21  9 21.150  43.34    32.9 0 -9999.9 1 -9999.9 1    42.0 0   433.9 0   302.3 0   300.0 0   421.7 0   293.5 0   293.5 0     5.7 0    20.6 0 -9999.9 1     0.0 0 -9999.9 1 -9999.9 1 -9999.9 1 -9999.9 1    13.5 0 -9999.9 1
 1999 177  6 26 21 12 21.200  43.91    46.7 0 -9999.9 1 -9999.9 1    56.5 0   435.2 0   302.3 0   300.1 0   423.1 0   293.6 0   293.6 0     8.3 0    28.9 0 -9999.9 1     0.0 0 -9999.9 1 -9999.9 1 -9999.9 1 -9999.9 1    26.0 0 -9999.9 1
 1999 177  6 26 21 18 21.300  45.05    62.5 0 -9999.9 1 -9999.9 1    72.6 0   427.8 0   301.9 0   299.5 0   423.5 0   293.3 0   293.3 0    10.8 0    38.8 0 -9999.9 1     0.0 0 -9999.9 1 -9999.9 1 -9999.9 1 -9999.9 1     8.8 0 -9999.9 1
 1999 177  6 26 21 21 21.350  45.62    60.8 0 -9999.9 1 -9999.9 1    70.5 0   425.7 0   301.9 0   299.5 0   423.3 0   293.2 0   293.3 0    10.4 0    37.8 0 -9999.9 1     0.0 0 -9999.9 1 -9999.9 1 -9999.9 1 -9999.9 1     6.3 0 -9999.9 1
 1999 177  6 26 21 24 21.400  46.19    57.4 0 -9999.9 1 -9999.9 1    67.1 0   425.4 0   302.0 0   299.8 0   424.8 0   293.4 0   293.4 0     9.9 0    35.8 0 -9999.9 1     0.0 0 -9999.9 1 -9999.9 1 -9999.9 1 -9999.9 1     9.6 0 -9999.9 1
 1999 177  6 26 21 27 21.450  46.76    44.3 0 -9999.9 1 -9999.9 1    54.9 0   428.5 0   301.8 0   299.4 0   423.7 0   293.2 0   293.2 0     7.7 2    27.7 0 -9999.9 1     0.0 0 -9999.9 1 -9999.9 1 -9999.9 1 -9999.9 1    30.4 0 -9999.9 1
 1999 177  6 26 21 33 21.550  47.91    30.4 0 -9999.9 1 -9999.9 1    42.4 0   427.9 0   301.4 0   298.8 0   420.7 0   292.8 0   292.8 0     5.3 2    19.8 0 -9999.9 1     0.0 0 -9999.9 1 -9999.9 1 -9999.9 1 -9999.9 1    71.5 0 -9999.9 1
 1999 177  6 26 21 36 21.600  48.48    32.7 0 -9999.9 1 -9999.9 1    44.6 0   428.8 0   301.5 0   299.1 0   421.1 0   293.0 0   293.0 0     5.8 2    21.6 0 -9999.9 1     0.0 0 -9999.9 1 -9999.9 1 -9999.9 1 -9999.9 1    57.7 0 -9999.9 1
 1999 177  6 26 21 39 21.650  49.05    32.9 0 -9999.9 1 -9999.9 1    44.9 0   430.2 0   301.6 0   299.2 0   422.7 0   293.2 0   293.2 0     5.8 2    21.7 0 -9999.9 1     0.0 0 -9999.9 1 -9999.9 1 -9999.9 1 -9999.9 1    57.2 0 -9999.9 1
 1999 177  6 26 21 42 21.700  49.63    25.4 0 -9999.9 1 -9999.9 1    37.6 0   432.1 0   301.7 0   299.2 0   423.1 0   293.3 0   293.3 0     4.6 0    17.0 0 -9999.9 1     0.0 0 -9999.9 1 -9999.9 1 -9999.9 1 -9999.9 1    56.9 0 -9999.9 1
 1999 177  6 26 21 48 21.800  50.77     0.1 0 -9999.9 1 -9999.9 1    12.2 0   427.5 0   301.3 0   298.5 0   420.1 0   293.0 0   293.0 0     0.5 2     2.2 0 -9999.9 1     0.0 0 -9999.9 1 -9999.9 1 -9999.9 1 -9999.9 1   178.3 0 -9999.9 1
 1999 177  6 26 21 51 21.850  51.35     1.7 0 -9999.9 1 -9999.9 1    14.1 0   429.5 0   301.1 0   297.9 0   418.5 0   293.0 0   292.9 0     0.6 2     2.8 0 -9999.9 1     0.0 0 -9999.9 1 -9999.9 1 -9999.9 1 -9999.9 1   203.8 0 -9999.9 1
 1999 177  6 26 21 54 21.900  51.92     8.4 0 -9999.9 1 -9999.9 1    19.2 0   427.3 0   300.7 0   297.6 0   415.7 0   293.0 0   292.9 0     1.5 0     6.2 0 -9999.9 1     0.0 0 -9999.9 1 -9999.9 1 -9999.9 1 -9999.9 1   214.1 0 -9999.9 1
 1999 177  6 26 21 57 21.950  52.49    19.8 0 -9999.9 1 -9999.9 1    28.2 0   428.7 0   300.3 0   297.2 0   414.9 0   292.9 0   292.8 0     3.0 0    12.3 0 -9999.9 1     0.0 0 -9999.9 1 -9999.9 1 -9999.9 1 -9999.9 1   235.0 0 -9999.9 1
 1999 177  6 26 22  3 22.050  53.64    35.2 0 -9999.9 1 -9999.9 1    43.8 0   424.6 0   299.8 0   297.6 0   417.0 0   292.9 0   292.8 0     5.4 0    20.9 0 -9999.9 1     0.0 0 -9999.9 1 -9999.9 1 -9999.9 1 -9999.9 1   280.5 0 -9999.9 1
 1999 177  6 26 22  6 22.100  54.21    45.5 0 -9999.9 1 -9999.9 1    53.8 0   421.7 0   299.6 0   298.2 0   418.0 0   292.8 0   292.7 0     7.0 0    26.8 0 -9999.9 1     0.0 0 -9999.9 1 -9999.9 1 -9999.9 1 -9999.9 1   308.8 0 -9999.9 1
 1999 177  6 26 22  9 22.150  54.79    51.6 0 -9999.9 1 -9999.9 1    60.1 0   413.8 0   299.3 0   298.0 0   418.3 0   292.6 0   292.5 0     8.1 0    29.5 0 -9999.9 1    -4.5 0 -9999.9 1 -9999.9 1 -9999.9 1 -9999.9 1    99.9 0 -9999.9 1
 1999 177  6 26 22 12 22.200  55.36    55.8 0 -9999.9 1 -9999.9 1    64.7 0   413.8 0   299.3 0   297.7 0   419.2 0   292.7 0   292.6 0     8.8 0    31.3 0 -9999.9 1    -5.5 0 -9999.9 1 -9999.9 1 -9999.9 1 -9999.9 1    96.7 0 -9999.9 1
 1999 177  6 26 22 18 22.300  56.51    62.1 0 -9999.9 1 -9999.9 1    71.5 0   410.6 0   299.3 0   297.8 0   420.0 0   292.6 0   292.6 0     9.9 0    34.1 0 -9999.9 1    -9.5 0 -9999.9 1 -9999.9 1 -9999.9 1 -9999.9 1    62.7 0 -9999.9 1
 1999 177  6 26 22 21 22.350  57.08    69.4 0 -9999.9 1 -9999.9 1    78.9 0   409.8 0   299.3 0   297.7 0   420.4 0   292.5 0   292.5 0    10.8 0    37.4 0 -9999.9 1   -10.6 0 -9999.9 1 -9999.9 1 -9999.9 1 -9999.9 1    64.1 0 -9999.9 1
 1999 177  6 26 22 24 22.400  57.65    74.9 0 -9999.9 1 -9999.9 1    84.5 0   410.5 0   299.4 0   297.7 0   420.8 0   292.5 0   292.5 0    11.6 0    39.5 0 -9999.9 1   -10.3 0 -9999.9 1 -9999.9 1 -9999.9 1 -9999.9 1    57.3 0 -9999.9 1
 1999 177  6 26 22 27 22.450  58.22    74.6 0 -9999.9 1 -9999.9 1    84.7 0   408.1 0   299.4 0   297.8 0   421.6 0   292.5 0   292.5 0    11.7 0    39.2 0 -9999.9 1   -13.5 0 -9999.9 1 -9999.9 1 -9999.9 1 -9999.9 1    67.0 0 -9999.9 1
 1999 177  6 26 22 33 22.550  59.36    78.7 0 -9999.9 1 -9999.9 1    88.0 0   413.4 0   299.7 0   298.3 0   422.5 0   292.6 0   292.6 0    12.6 0    40.4 0 -9999.9 1    -9.1 0 -9999.9 1 -9999.9 1 -9999.9 1 -9999.9 1    57.4 0 -9999.9 1
 1999 177  6 26 22 36 22.600  59.93    88.3 0 -9999.9 1 -9999.9 1    97.0 0   411.7 0   299.9 0   298.6 0   423.4 0   292.7 0   292.7 0    13.7 0    44.9 0 -9999.9 1   -11.8 0 -9999.9 1 -9999.9 1 -9999.9 1 -9999.9 1    18.8 0 -9999.9 1
 1999 177  6 26 22 39 22.650  60.50    93.6 0 -9999.9 1 -9999.9 1   102.3 0   411.2 0   300.0 0   298.6 0   423.7 0   292.7 0   292.7 0    14.1 0    47.3 0 -9999.9 1   -12.5 0 -9999.9 1 -9999.9 1 -9999.9 1 -9999.9 1    12.5 0 -9999.9 1
 1999 177  6 26 22 42 22.700  61.07    90.4 0 -9999.9 1 -9999.9 1    98.6 0   409.3 0   300.1 0   298.7 0   423.6 0   292.7 0   292.7 0    13.2 0    45.1 0 -9999.9 1   -14.3 0 -9999.9 1 -9999.9 1 -9999.9 1 -9999.9 1   336.8 0 -9999.9 1
 1999 177  6 26 22 48 22.800  62.21    85.1 0 -9999.9 1 -9999.9 1    93.0 0   401.4 0   300.5 0   299.4 0   424.6 0   292.9 0   292.9 0    12.1 0    42.2 0 -9999.9 1   -23.1 0 -9999.9 1 -9999.9 1 -9999.9 1 -9999.9 1   328.8 0 -9999.9 1
 1999 177  6 26 22 51 22.850  62.78    89.4 0 -9999.9 1 -9999.9 1    96.9 0   402.2 0   300.6 0   299.4 0   424.8 0   292.9 0   292.9 0    12.3 0    44.0 0 -9999.9 1   -22.6 0 -9999.9 1 -9999.9 1 -9999.9 1 -9999.9 1   152.8 0 -9999.9 1
 1999 177  6 26 22 54 22.900  63.34    97.8 0 -9999.9 1 -9999.9 1   105.4 0   398.3 0   300.7 0   299.3 0   424.1 0   292.8 0   292.8 0    13.1 0    48.4 0 -9999.9 1   -25.8 0 -9999.9 1 -9999.9 1 -9999.9 1 -9999.9 1   163.0 0 -9999.9 1
 1999 177  6 26 22 57 22.950  63.91   102.7 0 -9999.9 1 -9999.9 1   110.3 0   394.8 0   300.8 0   299.7 0   424.3 0   292.8 0   292.8 0    13.5 0    50.7 0 -9999.9 1   -29.4 0 -9999.9 1 -9999.9 1 -9999.9 1 -9999.9 1   183.2 0 -9999.9 1
 1999 177  6 26 23  3 23.050  65.04   103.2 0 -9999.9 1 -9999.9 1   110.8 0   394.0 0   301.1 0   299.9 0   425.0 0   292.8 0   292.8 0    13.4 0    50.9 0 -9999.9 1   -31.0 0 -9999.9 1 -9999.9 1 -9999.9 1 -9999.9 1   329.0 0 -9999.9 1
 1999 177  6 26 23  6 23.100  65.60   107.2 0 -9999.9 1 -9999.9 1   114.9 0   393.9 0   301.2 0   299.9 0   424.9 0   292.8 0   292.8 0    13.5 0    52.5 0 -9999.9 1   -31.0 0 -9999.9 1 -9999.9 1 -9999.9 1 -9999.9 1   351.4 0 -9999.9 1
 1999 177  6 26 23  9 23.150  66.16   113.6 0 -9999.9 1 -9999.9 1   121.2 0   391.4 0   301.3 0   300.2 0   425.2 0   292.8 0   292.8 0    13.7 0    55.5 0 -9999.9 1   -33.7 0 -9999.9 1 -9999.9 1 -9999.9 1 -9999.9 1     9.2 0 -9999.9 1
 1999 177  6 26 23 12 23.200  66.72   114.0 0 -9999.9 1 -9999.9 1   121.8 0   387.4 0   301.4 0   300.5 0   425.9 0   292.8 0   292.8 0    13.7 0    55.6 0 -9999.9 1   -38.4 0 -9999.9 1 -9999.9 1 -9999.9 1 -9999.9 1   339.0 0 -9999.9 1
 1999 177  6 26 23 18 23.300  67.84    94.7 0 -9999.9 1 -9999.9 1   102.8 0   386.5 0   301.7 0   300.4 0   424.3 0   292.8 0   292.8 0    12.1 0    46.3 0 -9999.9 1   -37.8 0 -9999.9 1 -9999.9 1 -9999.9 1 -9999.9 1   326.4 0 -9999.9 1
 1999 177  6 26 23 21 23.350  68.40    85.3 0 -9999.9 1 -9999.9 1    93.4 0   384.5 0   301.8 0   300.4 0   423.1 0   292.8 0   292.8 0    11.4 0    42.1 0 -9999.9 1   -38.6 0 -9999.9 1 -9999.9 1 -9999.9 1 -9999.9 1   321.1 0 -9999.9 1
 1999 177  6 26 23 24 23.400  68.96    76.2 0 -9999.9 1 -9999.9 1    84.5 0   384.4 0   301.8 0   300.6 0   423.1 0   292.9 0   292.9 0    10.6 0    38.0 0 -9999.9 1   -38.6 0 -9999.9 1 -9999.9 1 -9999.9 1 -9999.9 1   311.6 0 -9999.9 1
 1999 177  6 26 23 27 23.450  69.52    69.3 0 -9999.9 1 -9999.9 1    77.4 0   385.5 0   301.8 0   300.7 0   422.6 0   292.8 0   292.8 0     9.5 0    34.7 0 -9999.9 1   -37.1 0 -9999.9 1 -9999.9 1 -9999.9 1 -9999.9 1   329.7 0 -9999.9 1
 1999 177  6 26 23 33 23.550  70.63    69.2 0 -9999.9 1 -9999.9 1    77.4 0   388.4 0   302.0 0   300.8 0   423.4 0   292.9 0   292.9 0     8.4 0    34.9 0 -9999.9 1   -35.0 0 -9999.9 1 -9999.9 1 -9999.9 1 -9999.9 1   348.0 0 -9999.9 1
 1999 177  6 26 23 36 23.600  71.18    73.8 0 -9999.9 1 -9999.9 1    82.1 0   388.5 0   302.0 0   300.8 0   423.8 0   292.9 0   292.9 0     8.1 0    37.0 0 -9999.9 1   -35.3 0 -9999.9 1 -9999.9 1 -9999.9 1 -9999.9 1   348.0 0 -9999.9 1
 1999 177  6 26 23 39 23.650  71.73    72.6 0 -9999.9 1 -9999.9 1    81.0 0   389.0 0   302.1 0   300.9 0   424.1 0   292.9 0   292.9 0     7.5 0    36.3 0 -9999.9 1   -35.1 0 -9999.9 1 -9999.9 1 -9999.9 1 -9999.9 1   345.3 0 -9999.9 1
 1999 177  6 26 23 42 23.700  72.28    63.7 0 -9999.9 1 -9999.9 1    72.5 0   390.8 0   302.2 0   300.9 0   424.0 0   292.9 0   292.9 0     6.4 0    32.0 0 -9999.9 1   -33.2 0 -9999.9 1 -9999.9 1 -9999.9 1 -9999.9 1   341.9 0 -9999.9 1
 1999 177  6 26 23 48 23.800  73.38    57.0 0 -9999.9 1 -9999.9 1    65.1 0   390.5 0   302.2 0   301.1 0   423.3 0   293.0 0   293.0 0     5.3 0    28.7 0 -9999.9 1   -32.8 0 -9999.9 1 -9999.9 1 -9999.9 1 -9999.9 1   355.0 0 -9999.9 1
 1999 177  6 26 23 51 23.850  73.93    59.8 0 -9999.9 1 -9999.9 1    67.8 0   388.8 0   302.2 0   301.2 0   423.2 0   293.0 0   292.9 0     5.3 0    30.0 0 -9999.9 1   -34.4 0 -9999.9 1 -9999.9 1 -9999.9 1 -9999.9 1     0.4 0 -9999.9 1
 1999 177  6 26 23 54 23.900  74.47    59.2 0 -9999.9 1 -9999.9 1    67.1 0   388.3 0   302.3 0   301.4 0   423.4 0   293.0 0   293.0 0     5.0 0    29.5 0 -9999.9 1   -35.1 0 -9999.9 1 -9999.9 1 -9999.9 1 -9999.9 1     7.7 0 -9999.9 1
 1999 177  6 26 23 57 23.950  75.02    55.9 0 -9999.9 1 -9999.9 1    63.6 0   389.8 0   302.4 0   301.4 0   424.1 0   293.1 0   293.1 0     4.6 0    28.0 0 -9999.9 1   -34.3 0 -9999.9 1 -9999.9 1 -9999.9 1 -9999.9 1     4.9 0 -9999.9 1
