 Bondville
   40.05  -88.37  213 m version 1
 1999 185  7  4  0  3  0.050  76.11    74.5 0 -9999.9 1 -9999.9 1    68.1 0   386.4 0   317.0 0   314.7 0   452.4 0   301.8 0   301.7 0     9.5 2    43.6 0 -9999.9 1   -66.0 0 -9999.9 1 -9999.9 1 -9999.9 1 -9999.9 1   227.4 0 -9999.9 1
 1999 185  7  4  0  6  0.100  76.65    54.4 0 -9999.9 1 -9999.9 1    53.1 0   387.7 0   316.8 0   314.4 0   451.1 0   301.7 0   301.5 0     8.6 2    33.2 0 -9999.9 1   -63.4 0 -9999.9 1 -9999.9 1 -9999.9 1 -9999.9 1   226.7 0 -9999.9 1
 1999 185  7  4  0  9  0.150  77.19    47.6 0 -9999.9 1 -9999.9 1    45.4 0   385.6 0   316.4 0   314.2 0   450.6 0   301.5 0   301.4 0     7.9 2    28.7 0 -9999.9 1   -65.0 0 -9999.9 1 -9999.9 1 -9999.9 1 -9999.9 1   224.5 0 -9999.9 1
 1999 185  7  4  0 12  0.200  77.73    61.1 0 -9999.9 1 -9999.9 1    45.1 0   387.2 0   316.2 0   314.1 0   451.1 0   301.4 0   301.3 0     7.3 2    32.6 0 -9999.9 1   -63.8 0 -9999.9 1 -9999.9 1 -9999.9 1 -9999.9 1   224.2 0 -9999.9 1
 1999 185  7  4  0 18  0.300  78.80   108.8 0 -9999.9 1 -9999.9 1    59.9 0   386.1 0   315.9 0   314.0 0   453.4 0   301.2 0   301.2 0     6.3 2    50.7 0 -9999.9 1   -67.3 0 -9999.9 1 -9999.9 1 -9999.9 1 -9999.9 1   219.0 0 -9999.9 1
 1999 185  7  4  0 21  0.350  79.33   108.5 0 -9999.9 1 -9999.9 1    66.1 0   384.5 0   315.8 0   314.0 0   453.2 0   301.1 0   301.1 0     5.8 2    51.4 0 -9999.9 1   -68.8 0 -9999.9 1 -9999.9 1 -9999.9 1 -9999.9 1   212.8 0 -9999.9 1
 1999 185  7  4  0 24  0.400  79.86   103.1 0 -9999.9 1 -9999.9 1    66.2 0   383.0 0   315.7 0   314.0 0   452.5 0   301.0 0   301.0 0     5.4 2    49.3 0 -9999.9 1   -69.5 0 -9999.9 1 -9999.9 1 -9999.9 1 -9999.9 1   210.6 0 -9999.9 1
 1999 185  7  4  0 27  0.450  80.39    95.6 0 -9999.9 1 -9999.9 1    63.9 0   384.9 0   315.8 0   314.1 0   453.1 0   301.1 0   301.0 0     5.0 2    45.8 0 -9999.9 1   -68.2 0 -9999.9 1 -9999.9 1 -9999.9 1 -9999.9 1   210.8 0 -9999.9 1
 1999 185  7  4  0 33  0.550  81.44    85.8 0 -9999.9 1 -9999.9 1    59.5 0   382.2 0   315.8 0   314.1 0   451.5 0   300.9 0   300.8 0     4.1 2    41.7 0 -9999.9 1   -69.3 0 -9999.9 1 -9999.9 1 -9999.9 1 -9999.9 1   208.9 0 -9999.9 1
 1999 185  7  4  0 36  0.600  81.96    77.6 0 -9999.9 1 -9999.9 1    56.5 0   384.5 0   315.9 0   314.2 0   451.3 0   300.9 0   300.9 0     3.7 2    38.1 0 -9999.9 1   -66.8 0 -9999.9 1 -9999.9 1 -9999.9 1 -9999.9 1   206.2 0 -9999.9 1
 1999 185  7  4  0 39  0.650  82.48    67.8 0 -9999.9 1 -9999.9 1    50.8 0   384.4 0   316.0 0   314.2 0   451.0 0   301.0 0   300.9 0     3.3 0    33.7 0 -9999.9 1   -66.6 0 -9999.9 1 -9999.9 1 -9999.9 1 -9999.9 1   204.7 0 -9999.9 1
 1999 185  7  4  0 42  0.700  83.00    61.3 0 -9999.9 1 -9999.9 1    46.0 0   384.1 0   315.9 0   314.1 0   450.1 0   300.8 0   300.8 0     2.9 0    30.5 0 -9999.9 1   -66.0 0 -9999.9 1 -9999.9 1 -9999.9 1 -9999.9 1   206.1 0 -9999.9 1
 1999 185  7  4  0 48  0.800  84.02    47.4 0 -9999.9 1 -9999.9 1    38.6 0   384.7 0   316.0 0   314.1 0   449.6 0   300.8 0   300.7 0     2.3 0    24.5 0 -9999.9 1   -64.9 0 -9999.9 1 -9999.9 1 -9999.9 1 -9999.9 1   203.0 0 -9999.9 1
 1999 185  7  4  0 51  0.850  84.53    35.6 0 -9999.9 1 -9999.9 1    32.5 0   385.2 0   315.9 0   313.9 0   449.1 0   300.8 0   300.7 0     2.0 0    20.3 0 -9999.9 1   -63.9 0 -9999.9 1 -9999.9 1 -9999.9 1 -9999.9 1   207.1 0 -9999.9 1
 1999 185  7  4  0 54  0.900  85.03    28.8 0 -9999.9 1 -9999.9 1    26.1 0   387.1 0   315.8 0   313.7 0   449.3 0   300.7 0   300.6 0     1.7 0    16.5 0 -9999.9 1   -62.2 0 -9999.9 1 -9999.9 1 -9999.9 1 -9999.9 1   205.2 0 -9999.9 1
 1999 185  7  4  0 57  0.950  85.53    27.7 0 -9999.9 1 -9999.9 1    24.7 0   384.4 0   315.6 0   313.6 0   447.8 0   300.5 0   300.4 0     1.5 0    15.0 0 -9999.9 1   -63.4 0 -9999.9 1 -9999.9 1 -9999.9 1 -9999.9 1   203.2 0 -9999.9 1
 1999 185  7  4  1  3  1.050  86.51    21.3 0 -9999.9 1 -9999.9 1    20.0 0   380.3 0   315.3 0   313.6 0   444.7 0   300.2 0   300.1 0     1.1 0    11.8 0 -9999.9 1   -64.4 0 -9999.9 1 -9999.9 1 -9999.9 1 -9999.9 1   204.6 0 -9999.9 1
 1999 185  7  4  1  6  1.100  86.99    17.8 0 -9999.9 1 -9999.9 1    16.7 0   380.5 0   315.2 0   313.6 0   443.9 0   300.1 0   300.0 0     1.0 0    10.6 0 -9999.9 1   -63.5 0 -9999.9 1 -9999.9 1 -9999.9 1 -9999.9 1   203.7 0 -9999.9 1
 1999 185  7  4  1  9  1.150  87.47    13.9 0 -9999.9 1 -9999.9 1    12.9 0   380.8 0   315.1 0   313.4 0   444.1 0   300.0 0   299.9 0     0.8 0     8.8 0 -9999.9 1   -63.4 0 -9999.9 1 -9999.9 1 -9999.9 1 -9999.9 1   203.0 0 -9999.9 1
 1999 185  7  4  1 12  1.200  87.93    11.2 0 -9999.9 1 -9999.9 1    11.2 0   381.9 0   315.0 0   313.2 0   444.5 0   299.9 0   299.7 0     0.8 0     7.4 0 -9999.9 1   -62.7 0 -9999.9 1 -9999.9 1 -9999.9 1 -9999.9 1   206.6 0 -9999.9 1
 1999 185  7  4  1 18  1.300  88.82     6.1 0 -9999.9 1 -9999.9 1     7.6 0   377.7 0   314.4 0   312.4 0   441.7 0   299.2 0   299.2 0     0.5 2     5.0 0 -9999.9 1   -64.0 0 -9999.9 1 -9999.9 1 -9999.9 1 -9999.9 1   204.4 0 -9999.9 1
 1999 185  7  4  1 21  1.350  89.24     4.4 0 -9999.9 1 -9999.9 1     6.1 0   379.8 0   314.3 0   312.2 0   441.6 0   299.2 0   299.1 0     0.4 2     4.0 0 -9999.9 1   -61.9 0 -9999.9 1 -9999.9 1 -9999.9 1 -9999.9 1   202.2 0 -9999.9 1
 1999 185  7  4  1 24  1.400  89.63     2.9 0 -9999.9 1 -9999.9 1     3.8 0   379.5 0   314.2 0   312.2 0   441.8 0   299.2 0   299.1 0     0.3 0     3.1 0 -9999.9 1   -62.3 0 -9999.9 1 -9999.9 1 -9999.9 1 -9999.9 1   203.6 0 -9999.9 1
 1999 185  7  4  1 27  1.450  89.98     1.4 0 -9999.9 1 -9999.9 1     2.6 0   379.7 0   314.1 0   312.2 0   441.4 0   299.1 0   299.0 0     0.2 0     2.3 0 -9999.9 1   -61.7 0 -9999.9 1 -9999.9 1 -9999.9 1 -9999.9 1   204.8 0 -9999.9 1
 1999 185  7  4  1 33  1.550  91.71    -0.7 0 -9999.9 1 -9999.9 1     1.4 0   378.2 0   313.7 0   311.7 0   439.4 0   298.8 0   298.7 0     0.0 2     1.3 0 -9999.9 1   -61.2 0 -9999.9 1 -9999.9 1 -9999.9 1 -9999.9 1   205.8 0 -9999.9 1
 1999 185  7  4  1 36  1.600  92.20    -1.2 0 -9999.9 1 -9999.9 1     1.1 0   376.8 0   313.4 0   311.5 0   438.9 0   298.6 0   298.5 0     0.0 2     0.8 0 -9999.9 1   -62.1 0 -9999.9 1 -9999.9 1 -9999.9 1 -9999.9 1   205.3 0 -9999.9 1
 1999 185  7  4  1 39  1.650  92.68    -2.5 0 -9999.9 1 -9999.9 1    -0.3 0   375.6 0   313.2 0   311.4 0   438.4 0   298.5 0   298.4 0     0.0 2     0.4 0 -9999.9 1   -62.8 0 -9999.9 1 -9999.9 1 -9999.9 1 -9999.9 1   205.1 0 -9999.9 1
 1999 185  7  4  1 42  1.700  93.16    -3.3 0 -9999.9 1 -9999.9 1    -0.7 0   377.2 0   313.1 0   311.2 0   438.0 0   298.3 0   298.2 0     0.0 2     0.2 0 -9999.9 1   -60.8 0 -9999.9 1 -9999.9 1 -9999.9 1 -9999.9 1   200.7 0 -9999.9 1
 1999 185  7  4  1 48  1.800  94.10    -3.7 0 -9999.9 1 -9999.9 1    -1.2 0   377.9 0   312.8 0   310.9 0   438.7 0   298.2 0   298.0 0     0.0 2    -0.1 0 -9999.9 1   -60.8 0 -9999.9 1 -9999.9 1 -9999.9 1 -9999.9 1   205.4 0 -9999.9 1
 1999 185  7  4  1 51  1.850  94.57    -4.0 0 -9999.9 1 -9999.9 1    -1.4 0   379.3 0   312.7 0   310.7 0   439.5 0   298.1 0   298.0 0     0.0 2    -0.1 0 -9999.9 1   -60.3 0 -9999.9 1 -9999.9 1 -9999.9 1 -9999.9 1   205.9 0 -9999.9 1
 1999 185  7  4  1 54  1.900  95.04    -4.2 0 -9999.9 1 -9999.9 1    -0.8 0   377.7 0   312.5 0   310.5 0   439.4 0   298.1 0   298.0 0     0.0 2    -0.2 0 -9999.9 1   -61.7 0 -9999.9 1 -9999.9 1 -9999.9 1 -9999.9 1   205.1 0 -9999.9 1
 1999 185  7  4  1 57  1.950  95.51    -4.4 0 -9999.9 1 -9999.9 1    -0.3 0   377.9 0   312.3 0   310.3 0   439.1 0   298.0 0   297.9 0     0.0 2    -0.2 0 -9999.9 1   -61.3 0 -9999.9 1 -9999.9 1 -9999.9 1 -9999.9 1   206.5 0 -9999.9 1
 1999 185  7  4  2  3  2.050  96.42    -4.6 0 -9999.9 1 -9999.9 1     0.0 0   379.1 0   312.0 0   309.9 0   439.5 0   297.9 0   297.9 0     0.0 2    -0.2 0 -9999.9 1   -60.4 0 -9999.9 1 -9999.9 1 -9999.9 1 -9999.9 1   206.7 0 -9999.9 1
 1999 185  7  4  2  6  2.100  96.88    -4.9 0 -9999.9 1 -9999.9 1     0.3 0   379.1 0   311.8 0   309.8 0   439.4 0   297.9 0   297.9 0     0.0 2    -0.3 0 -9999.9 1   -60.3 0 -9999.9 1 -9999.9 1 -9999.9 1 -9999.9 1   206.4 0 -9999.9 1
 1999 185  7  4  2  9  2.150  97.33    -4.8 0 -9999.9 1 -9999.9 1     0.4 0   378.2 0   311.7 0   309.7 0   438.8 0   297.9 0   297.8 0     0.0 2    -0.2 0 -9999.9 1   -60.5 0 -9999.9 1 -9999.9 1 -9999.9 1 -9999.9 1   204.3 0 -9999.9 1
 1999 185  7  4  2 12  2.200  97.78    -4.8 0 -9999.9 1 -9999.9 1     0.6 0   376.4 0   311.5 0   309.5 0   437.8 0   297.8 0   297.8 0     0.0 2    -0.2 0 -9999.9 1   -61.5 0 -9999.9 1 -9999.9 1 -9999.9 1 -9999.9 1   202.1 0 -9999.9 1
 1999 185  7  4  2 18  2.300  98.67    -4.8 0 -9999.9 1 -9999.9 1     0.7 0   375.2 0   311.2 0   309.3 0   438.4 0   297.9 0   297.8 0     0.0 2    -0.2 0 -9999.9 1   -63.2 0 -9999.9 1 -9999.9 1 -9999.9 1 -9999.9 1   201.8 0 -9999.9 1
 1999 185  7  4  2 21  2.350  99.10    -4.9 0 -9999.9 1 -9999.9 1     0.6 0   374.3 0   311.1 0   309.2 0   438.5 0   297.9 0   297.8 0     0.0 2    -0.2 0 -9999.9 1   -64.2 0 -9999.9 1 -9999.9 1 -9999.9 1 -9999.9 1   201.2 0 -9999.9 1
 1999 185  7  4  2 24  2.400  99.54    -5.0 0 -9999.9 1 -9999.9 1     0.8 0   375.6 0   311.0 0   309.0 0   438.5 0   297.9 0   297.9 0     0.0 2    -0.1 0 -9999.9 1   -62.8 0 -9999.9 1 -9999.9 1 -9999.9 1 -9999.9 1   198.4 0 -9999.9 1
 1999 185  7  4  2 27  2.450  99.97    -5.0 0 -9999.9 1 -9999.9 1     0.9 0   375.3 0   310.9 0   309.0 0   438.5 0   297.9 0   297.9 0     0.0 2    -0.2 0 -9999.9 1   -63.1 0 -9999.9 1 -9999.9 1 -9999.9 1 -9999.9 1   199.5 0 -9999.9 1
 1999 185  7  4  2 33  2.550 100.82    -4.8 0 -9999.9 1 -9999.9 1     0.8 0   374.4 0   310.6 0   308.8 0   437.2 0   297.8 0   297.8 0     0.0 2    -0.1 0 -9999.9 1   -62.8 0 -9999.9 1 -9999.9 1 -9999.9 1 -9999.9 1   198.7 0 -9999.9 1
 1999 185  7  4  2 36  2.600 101.24    -4.9 0 -9999.9 1 -9999.9 1     0.9 0   374.1 0   310.5 0   308.6 0   437.4 0   297.7 0   297.7 0     0.0 2    -0.1 0 -9999.9 1   -63.3 0 -9999.9 1 -9999.9 1 -9999.9 1 -9999.9 1   201.4 0 -9999.9 1
 1999 185  7  4  2 39  2.650 101.66    -4.9 0 -9999.9 1 -9999.9 1     0.9 0   375.4 0   310.5 0   308.6 0   437.7 0   297.8 0   297.8 0     0.0 2    -0.1 0 -9999.9 1   -62.3 0 -9999.9 1 -9999.9 1 -9999.9 1 -9999.9 1   202.4 0 -9999.9 1
 1999 185  7  4  2 42  2.700 102.07    -4.8 0 -9999.9 1 -9999.9 1     0.7 0   375.0 0   310.4 0   308.6 0   437.3 0   297.8 0   297.7 0     0.0 2    -0.1 0 -9999.9 1   -62.3 0 -9999.9 1 -9999.9 1 -9999.9 1 -9999.9 1   202.6 0 -9999.9 1
 1999 185  7  4  2 48  2.800 102.88    -4.8 0 -9999.9 1 -9999.9 1     0.4 0   375.6 0   310.2 0   308.4 0   436.6 0   297.6 0   297.6 0     0.0 2    -0.1 0 -9999.9 1   -61.0 0 -9999.9 1 -9999.9 1 -9999.9 1 -9999.9 1   204.8 0 -9999.9 1
 1999 185  7  4  2 51  2.850 103.28    -4.8 0 -9999.9 1 -9999.9 1     0.7 0   374.4 0   310.0 0   308.2 0   436.2 0   297.5 0   297.5 0     0.0 2    -0.1 0 -9999.9 1   -61.8 0 -9999.9 1 -9999.9 1 -9999.9 1 -9999.9 1   204.9 0 -9999.9 1
 1999 185  7  4  2 54  2.900 103.68    -4.9 0 -9999.9 1 -9999.9 1     0.7 0   373.1 0   309.9 0   308.0 0   435.6 0   297.4 0   297.4 0     0.0 2    -0.2 0 -9999.9 1   -62.5 0 -9999.9 1 -9999.9 1 -9999.9 1 -9999.9 1   202.4 0 -9999.9 1
 1999 185  7  4  2 57  2.950 104.07    -4.9 0 -9999.9 1 -9999.9 1     0.7 0   374.0 0   309.9 0   308.2 0   436.2 0   297.6 0   297.5 0     0.0 2    -0.1 0 -9999.9 1   -62.2 0 -9999.9 1 -9999.9 1 -9999.9 1 -9999.9 1   203.0 0 -9999.9 1
 1999 185  7  4  3  3  3.050 104.84    -4.9 0 -9999.9 1 -9999.9 1     1.0 0   379.6 0   310.1 0   308.2 0   438.5 0   297.8 0   297.8 0     0.0 0    -0.2 0 -9999.9 1   -58.9 0 -9999.9 1 -9999.9 1 -9999.9 1 -9999.9 1   206.2 0 -9999.9 1
 1999 185  7  4  3  6  3.100 105.22    -4.9 0 -9999.9 1 -9999.9 1     1.0 0   376.9 0   309.8 0   308.0 0   437.3 0   297.7 0   297.6 0     0.0 2    -0.2 0 -9999.9 1   -60.4 0 -9999.9 1 -9999.9 1 -9999.9 1 -9999.9 1   203.5 0 -9999.9 1
 1999 185  7  4  3  9  3.150 105.59    -5.0 0 -9999.9 1 -9999.9 1     1.3 0   379.7 0   309.9 0   308.0 0   438.2 0   297.8 0   297.8 0     0.0 0    -0.2 0 -9999.9 1   -58.5 0 -9999.9 1 -9999.9 1 -9999.9 1 -9999.9 1   204.6 0 -9999.9 1
 1999 185  7  4  3 12  3.200 105.96    -4.9 0 -9999.9 1 -9999.9 1     1.2 0   379.0 0   309.8 0   308.0 0   437.8 0   297.8 0   297.7 0     0.0 0    -0.1 0 -9999.9 1   -58.8 0 -9999.9 1 -9999.9 1 -9999.9 1 -9999.9 1   204.3 0 -9999.9 1
 1999 185  7  4  3 18  3.300 106.68    -4.9 0 -9999.9 1 -9999.9 1     1.0 0   376.7 0   309.7 0   308.1 0   436.2 0   297.7 0   297.6 0     0.0 0    -0.2 0 -9999.9 1   -59.5 0 -9999.9 1 -9999.9 1 -9999.9 1 -9999.9 1   207.0 0 -9999.9 1
 1999 185  7  4  3 21  3.350 107.04    -4.6 0 -9999.9 1 -9999.9 1     0.4 0   376.2 0   309.7 0   308.0 0   435.9 0   297.7 0   297.6 0     0.0 0    -0.1 0 -9999.9 1   -59.7 0 -9999.9 1 -9999.9 1 -9999.9 1 -9999.9 1   204.1 0 -9999.9 1
 1999 185  7  4  3 24  3.400 107.39    -4.6 0 -9999.9 1 -9999.9 1     0.4 0   375.7 0   309.6 0   307.9 0   435.7 0   297.5 0   297.5 0     0.0 0    -0.2 0 -9999.9 1   -60.0 0 -9999.9 1 -9999.9 1 -9999.9 1 -9999.9 1   206.2 0 -9999.9 1
 1999 185  7  4  3 27  3.450 107.73    -4.7 0 -9999.9 1 -9999.9 1     0.5 0   373.8 0   309.3 0   307.5 0   435.0 0   297.2 0   297.2 0     0.0 2    -0.1 0 -9999.9 1   -61.1 0 -9999.9 1 -9999.9 1 -9999.9 1 -9999.9 1   205.0 0 -9999.9 1
 1999 185  7  4  3 33  3.550 108.41    -4.9 0 -9999.9 1 -9999.9 1     0.9 0   376.9 0   309.4 0   307.5 0   436.9 0   297.3 0   297.3 0     0.0 2    -0.2 0 -9999.9 1   -60.0 0 -9999.9 1 -9999.9 1 -9999.9 1 -9999.9 1   209.6 0 -9999.9 1
 1999 185  7  4  3 36  3.600 108.74    -4.9 0 -9999.9 1 -9999.9 1     1.0 0   374.0 0   309.2 0   307.4 0   435.9 0   297.2 0   297.2 0     0.0 2    -0.1 0 -9999.9 1   -61.8 0 -9999.9 1 -9999.9 1 -9999.9 1 -9999.9 1   210.5 0 -9999.9 1
 1999 185  7  4  3 39  3.650 109.06    -4.9 0 -9999.9 1 -9999.9 1     1.0 0   372.4 0   309.0 0   307.2 0   434.6 0   297.1 0   297.0 0     0.0 2    -0.2 0 -9999.9 1   -62.1 0 -9999.9 1 -9999.9 1 -9999.9 1 -9999.9 1   213.8 0 -9999.9 1
 1999 185  7  4  3 42  3.700 109.38    -4.7 0 -9999.9 1 -9999.9 1     0.8 0   371.4 0   308.9 0   307.1 0   433.7 0   297.0 0   296.9 0     0.0 2    -0.1 0 -9999.9 1   -62.3 0 -9999.9 1 -9999.9 1 -9999.9 1 -9999.9 1   214.1 0 -9999.9 1
 1999 185  7  4  3 48  3.800 110.00    -4.8 0 -9999.9 1 -9999.9 1     0.7 0   370.1 0   308.8 0   307.0 0   434.0 0   296.9 0   296.9 0     0.0 2    -0.1 0 -9999.9 1   -63.8 0 -9999.9 1 -9999.9 1 -9999.9 1 -9999.9 1   213.6 0 -9999.9 1
 1999 185  7  4  3 51  3.850 110.30    -4.8 0 -9999.9 1 -9999.9 1     0.7 0   370.5 0   308.8 0   307.0 0   434.1 0   296.9 0   296.9 0     0.0 2    -0.1 0 -9999.9 1   -63.5 0 -9999.9 1 -9999.9 1 -9999.9 1 -9999.9 1   212.3 0 -9999.9 1
 1999 185  7  4  3 54  3.900 110.60    -4.9 0 -9999.9 1 -9999.9 1     1.1 0   370.7 0   308.7 0   306.9 0   434.4 0   296.9 0   296.9 0     0.0 2    -0.1 0 -9999.9 1   -63.7 0 -9999.9 1 -9999.9 1 -9999.9 1 -9999.9 1   213.6 0 -9999.9 1
 1999 185  7  4  3 57  3.950 110.89    -4.9 0 -9999.9 1 -9999.9 1     1.1 0   370.1 0   308.7 0   306.8 0   434.2 0   296.9 0   296.9 0     0.0 2    -0.2 0 -9999.9 1   -64.1 0 -9999.9 1 -9999.9 1 -9999.9 1 -9999.9 1   214.9 0 -9999.9 1
 1999 185  7  4  4  3  4.050 111.45    -4.9 0 -9999.9 1 -9999.9 1     1.4 0   367.6 0   308.5 0   306.7 0   433.3 0   296.8 0   296.8 0     0.0 2    -0.1 0 -9999.9 1   -65.7 0 -9999.9 1 -9999.9 1 -9999.9 1 -9999.9 1   214.6 0 -9999.9 1
 1999 185  7  4  4  6  4.100 111.73    -5.0 0 -9999.9 1 -9999.9 1     1.2 0   367.0 0   308.4 0   306.6 0   433.3 0   296.8 0   296.8 0     0.0 2    -0.1 0 -9999.9 1   -66.4 0 -9999.9 1 -9999.9 1 -9999.9 1 -9999.9 1   212.5 0 -9999.9 1
 1999 185  7  4  4  9  4.150 111.99    -5.1 0 -9999.9 1 -9999.9 1     1.1 0   366.7 0   308.4 0   306.6 0   433.3 0   296.8 0   296.8 0     0.0 2    -0.1 0 -9999.9 1   -66.7 0 -9999.9 1 -9999.9 1 -9999.9 1 -9999.9 1   214.3 0 -9999.9 1
 1999 185  7  4  4 12  4.200 112.25    -5.0 0 -9999.9 1 -9999.9 1     1.2 0   365.9 0   308.3 0   306.5 0   432.9 0   296.7 0   296.7 0     0.0 2    -0.1 0 -9999.9 1   -67.0 0 -9999.9 1 -9999.9 1 -9999.9 1 -9999.9 1   214.4 0 -9999.9 1
 1999 185  7  4  4 18  4.300 112.76    -5.0 0 -9999.9 1 -9999.9 1     1.2 0   365.8 0   308.2 0   306.3 0   432.5 0   296.7 0   296.6 0     0.0 2    -0.2 0 -9999.9 1   -66.7 0 -9999.9 1 -9999.9 1 -9999.9 1 -9999.9 1   211.3 0 -9999.9 1
 1999 185  7  4  4 21  4.350 113.00    -5.1 0 -9999.9 1 -9999.9 1     1.3 0   364.2 0   308.0 0   306.2 0   431.9 0   296.6 0   296.5 0     0.0 2    -0.1 0 -9999.9 1   -67.7 0 -9999.9 1 -9999.9 1 -9999.9 1 -9999.9 1   213.7 0 -9999.9 1
 1999 185  7  4  4 24  4.400 113.24    -5.1 0 -9999.9 1 -9999.9 1     1.2 0   363.5 0   307.9 0   306.1 0   431.8 0   296.5 0   296.4 0     0.0 2    -0.2 0 -9999.9 1   -68.3 0 -9999.9 1 -9999.9 1 -9999.9 1 -9999.9 1   214.3 0 -9999.9 1
 1999 185  7  4  4 27  4.450 113.46    -5.1 0 -9999.9 1 -9999.9 1     1.2 0   364.8 0   307.9 0   306.0 0   432.0 0   296.5 0   296.5 0     0.0 2    -0.1 0 -9999.9 1   -67.2 0 -9999.9 1 -9999.9 1 -9999.9 1 -9999.9 1   218.1 0 -9999.9 1
 1999 185  7  4  4 33  4.550 113.90    -5.2 0 -9999.9 1 -9999.9 1     1.2 0   365.5 0   307.8 0   305.9 0   432.6 0   296.6 0   296.5 0     0.0 2    -0.2 0 -9999.9 1   -67.1 0 -9999.9 1 -9999.9 1 -9999.9 1 -9999.9 1   216.5 0 -9999.9 1
 1999 185  7  4  4 36  4.600 114.11    -5.2 0 -9999.9 1 -9999.9 1     1.2 0   366.1 0   307.8 0   306.0 0   433.8 0   296.7 0   296.7 0     0.0 2    -0.1 0 -9999.9 1   -67.7 0 -9999.9 1 -9999.9 1 -9999.9 1 -9999.9 1   215.3 0 -9999.9 1
 1999 185  7  4  4 39  4.650 114.31    -5.1 0 -9999.9 1 -9999.9 1     1.3 0   367.2 0   307.9 0   306.2 0   434.4 0   296.9 0   296.8 0     0.0 2    -0.2 0 -9999.9 1   -67.2 0 -9999.9 1 -9999.9 1 -9999.9 1 -9999.9 1   212.8 0 -9999.9 1
 1999 185  7  4  4 42  4.700 114.51    -5.1 0 -9999.9 1 -9999.9 1     1.3 0   366.4 0   307.8 0   306.0 0   434.0 0   296.8 0   296.8 0     0.0 2    -0.2 0 -9999.9 1   -67.6 0 -9999.9 1 -9999.9 1 -9999.9 1 -9999.9 1   212.1 0 -9999.9 1
 1999 185  7  4  4 48  4.800 114.88    -5.5 0 -9999.9 1 -9999.9 1     1.4 0   367.3 0   307.7 0   305.8 0   434.5 0   296.8 0   296.8 0     0.0 2    -0.2 0 -9999.9 1   -67.2 0 -9999.9 1 -9999.9 1 -9999.9 1 -9999.9 1   210.8 0 -9999.9 1
 1999 185  7  4  4 51  4.850 115.06    -5.5 0 -9999.9 1 -9999.9 1     1.4 0   367.9 0   307.7 0   305.9 0   434.6 0   296.9 0   296.9 0     0.0 0    -0.2 0 -9999.9 1   -66.7 0 -9999.9 1 -9999.9 1 -9999.9 1 -9999.9 1   212.6 0 -9999.9 1
 1999 185  7  4  4 54  4.900 115.22    -5.3 0 -9999.9 1 -9999.9 1     1.3 0   369.6 0   307.7 0   305.9 0   435.4 0   297.0 0   297.0 0     0.0 0    -0.2 0 -9999.9 1   -65.8 0 -9999.9 1 -9999.9 1 -9999.9 1 -9999.9 1   214.1 0 -9999.9 1
 1999 185  7  4  4 57  4.950 115.39    -5.4 0 -9999.9 1 -9999.9 1     1.4 0   368.6 0   307.6 0   305.8 0   434.6 0   297.0 0   296.9 0     0.0 0    -0.2 0 -9999.9 1   -66.0 0 -9999.9 1 -9999.9 1 -9999.9 1 -9999.9 1   210.5 0 -9999.9 1
 1999 185  7  4  5  3  5.050 115.68    -5.2 0 -9999.9 1 -9999.9 1     1.3 0   368.5 0   307.6 0   305.9 0   434.5 0   297.1 0   297.0 0     0.0 0    -0.2 0 -9999.9 1   -66.0 0 -9999.9 1 -9999.9 1 -9999.9 1 -9999.9 1   212.6 0 -9999.9 1
 1999 185  7  4  5  6  5.100 115.82    -5.0 0 -9999.9 1 -9999.9 1     1.1 0   367.6 0   307.4 0   305.8 0   434.1 0   296.9 0   296.9 0     0.0 0    -0.2 0 -9999.9 1   -66.5 0 -9999.9 1 -9999.9 1 -9999.9 1 -9999.9 1   214.6 0 -9999.9 1
 1999 185  7  4  5  9  5.150 115.96    -5.0 0 -9999.9 1 -9999.9 1     1.1 0   369.0 0   307.5 0   305.8 0   433.9 0   297.0 0   296.9 0     0.0 0    -0.1 0 -9999.9 1   -64.9 0 -9999.9 1 -9999.9 1 -9999.9 1 -9999.9 1   215.5 0 -9999.9 1
 1999 185  7  4  5 12  5.200 116.08    -5.0 0 -9999.9 1 -9999.9 1     1.2 0   368.3 0   307.4 0   305.6 0   433.5 0   296.9 0   296.8 0     0.0 0    -0.1 0 -9999.9 1   -65.2 0 -9999.9 1 -9999.9 1 -9999.9 1 -9999.9 1   214.8 0 -9999.9 1
 1999 185  7  4  5 18  5.300 116.31    -5.0 0 -9999.9 1 -9999.9 1     1.2 0   366.2 0   307.4 0   305.7 0   432.3 0   296.8 0   296.7 0     0.0 0    -0.1 0 -9999.9 1   -66.1 0 -9999.9 1 -9999.9 1 -9999.9 1 -9999.9 1   220.6 0 -9999.9 1
 1999 185  7  4  5 21  5.350 116.41    -4.8 0 -9999.9 1 -9999.9 1     0.9 0   365.3 0   307.3 0   305.5 0   432.2 0   296.6 0   296.5 0     0.0 0    -0.2 0 -9999.9 1   -66.9 0 -9999.9 1 -9999.9 1 -9999.9 1 -9999.9 1   221.3 0 -9999.9 1
 1999 185  7  4  5 24  5.400 116.50    -5.1 0 -9999.9 1 -9999.9 1     1.1 0   365.2 0   307.1 0   305.3 0   432.2 0   296.5 0   296.4 0     0.0 0    -0.1 0 -9999.9 1   -67.0 0 -9999.9 1 -9999.9 1 -9999.9 1 -9999.9 1   218.6 0 -9999.9 1
 1999 185  7  4  5 27  5.450 116.59    -5.1 0 -9999.9 1 -9999.9 1     1.0 0   363.4 0   307.0 0   305.2 0   431.6 0   296.3 0   296.3 0     0.0 2    -0.2 0 -9999.9 1   -68.2 0 -9999.9 1 -9999.9 1 -9999.9 1 -9999.9 1   222.3 0 -9999.9 1
 1999 185  7  4  5 33  5.550 116.74    -5.0 0 -9999.9 1 -9999.9 1     0.9 0   363.6 0   306.9 0   305.2 0   431.5 0   296.3 0   296.2 0     0.0 2    -0.1 0 -9999.9 1   -67.9 0 -9999.9 1 -9999.9 1 -9999.9 1 -9999.9 1   222.1 0 -9999.9 1
 1999 185  7  4  5 36  5.600 116.80    -5.0 0 -9999.9 1 -9999.9 1     0.9 0   365.5 0   307.0 0   305.2 0   432.2 0   296.4 0   296.3 0     0.0 0    -0.2 0 -9999.9 1   -66.7 0 -9999.9 1 -9999.9 1 -9999.9 1 -9999.9 1   221.9 0 -9999.9 1
 1999 185  7  4  5 39  5.650 116.86    -5.2 0 -9999.9 1 -9999.9 1     1.2 0   365.9 0   306.9 0   305.0 0   432.1 0   296.3 0   296.3 0     0.0 2    -0.2 0 -9999.9 1   -66.2 0 -9999.9 1 -9999.9 1 -9999.9 1 -9999.9 1   220.0 0 -9999.9 1
 1999 185  7  4  5 42  5.700 116.91    -5.2 0 -9999.9 1 -9999.9 1     1.2 0   365.2 0   306.8 0   305.0 0   432.1 0   296.2 0   296.2 0     0.0 2    -0.3 0 -9999.9 1   -66.9 0 -9999.9 1 -9999.9 1 -9999.9 1 -9999.9 1   218.6 0 -9999.9 1
 1999 185  7  4  5 48  5.800 116.98    -5.2 0 -9999.9 1 -9999.9 1     1.1 0   364.9 0   306.7 0   305.0 0   432.5 0   296.3 0   296.3 0     0.0 2    -0.1 0 -9999.9 1   -67.6 0 -9999.9 1 -9999.9 1 -9999.9 1 -9999.9 1   218.9 0 -9999.9 1
 1999 185  7  4  5 51  5.850 117.01    -5.3 0 -9999.9 1 -9999.9 1     0.9 0   364.5 0   306.7 0   304.9 0   432.7 0   296.3 0   296.3 0     0.0 2    -0.2 0 -9999.9 1   -68.2 0 -9999.9 1 -9999.9 1 -9999.9 1 -9999.9 1   220.2 0 -9999.9 1
 1999 185  7  4  5 54  5.900 117.03    -5.5 0 -9999.9 1 -9999.9 1     0.9 0   365.0 0   306.6 0   304.8 0   432.5 0   296.3 0   296.3 0     0.0 2    -0.3 0 -9999.9 1   -67.5 0 -9999.9 1 -9999.9 1 -9999.9 1 -9999.9 1   219.8 0 -9999.9 1
 1999 185  7  4  5 57  5.950 117.04    -5.4 0 -9999.9 1 -9999.9 1     0.8 0   364.2 0   306.5 0   304.7 0   432.5 0   296.3 0   296.3 0     0.0 2    -0.2 0 -9999.9 1   -68.2 0 -9999.9 1 -9999.9 1 -9999.9 1 -9999.9 1   221.3 0 -9999.9 1
 1999 185  7  4  6  3  6.050 117.03    -5.5 0 -9999.9 1 -9999.9 1     1.0 0   363.0 0   306.3 0   304.5 0   432.4 0   296.3 0   296.3 0     0.0 2    -0.2 0 -9999.9 1   -69.4 0 -9999.9 1 -9999.9 1 -9999.9 1 -9999.9 1   221.7 0 -9999.9 1
 1999 185  7  4  6  6  6.100 117.02    -5.6 0 -9999.9 1 -9999.9 1     0.6 0   362.6 0   306.3 0   304.6 0   431.7 0   296.3 0   296.3 0     0.0 2    -0.2 0 -9999.9 1   -69.1 0 -9999.9 1 -9999.9 1 -9999.9 1 -9999.9 1   221.5 0 -9999.9 1
 1999 185  7  4  6  9  6.150 117.00    -5.5 0 -9999.9 1 -9999.9 1     0.5 0   363.8 0   306.2 0   304.5 0   432.0 0   296.4 0   296.3 0     0.0 2    -0.2 0 -9999.9 1   -68.2 0 -9999.9 1 -9999.9 1 -9999.9 1 -9999.9 1   222.1 0 -9999.9 1
 1999 185  7  4  6 12  6.200 116.97    -5.6 0 -9999.9 1 -9999.9 1     0.7 0   364.1 0   306.2 0   304.4 0   432.1 0   296.4 0   296.4 0     0.0 2    -0.2 0 -9999.9 1   -68.0 0 -9999.9 1 -9999.9 1 -9999.9 1 -9999.9 1   221.1 0 -9999.9 1
 1999 185  7  4  6 18  6.300 116.89    -5.5 0 -9999.9 1 -9999.9 1     0.7 0   364.7 0   306.2 0   304.5 0   432.2 0   296.5 0   296.4 0     0.0 2    -0.2 0 -9999.9 1   -67.5 0 -9999.9 1 -9999.9 1 -9999.9 1 -9999.9 1   225.5 0 -9999.9 1
 1999 185  7  4  6 21  6.350 116.84    -5.5 0 -9999.9 1 -9999.9 1     0.4 0   364.2 0   306.2 0   304.5 0   432.0 0   296.5 0   296.4 0     0.0 2    -0.2 0 -9999.9 1   -67.8 0 -9999.9 1 -9999.9 1 -9999.9 1 -9999.9 1   221.0 0 -9999.9 1
 1999 185  7  4  6 24  6.400 116.78    -5.3 0 -9999.9 1 -9999.9 1     0.5 0   363.5 0   306.1 0   304.4 0   431.7 0   296.4 0   296.3 0     0.0 2    -0.1 0 -9999.9 1   -68.3 0 -9999.9 1 -9999.9 1 -9999.9 1 -9999.9 1   219.4 0 -9999.9 1
 1999 185  7  4  6 27  6.450 116.71    -5.3 0 -9999.9 1 -9999.9 1     0.3 0   363.5 0   306.1 0   304.4 0   431.9 0   296.4 0   296.3 0     0.0 2    -0.2 0 -9999.9 1   -68.3 0 -9999.9 1 -9999.9 1 -9999.9 1 -9999.9 1   218.9 0 -9999.9 1
 1999 185  7  4  6 33  6.550 116.55    -5.4 0 -9999.9 1 -9999.9 1     0.7 0   363.3 0   306.1 0   304.4 0   431.4 0   296.4 0   296.3 0     0.0 2    -0.2 0 -9999.9 1   -68.0 0 -9999.9 1 -9999.9 1 -9999.9 1 -9999.9 1   223.0 0 -9999.9 1
 1999 185  7  4  6 36  6.600 116.46    -5.4 0 -9999.9 1 -9999.9 1     0.7 0   363.5 0   306.1 0   304.4 0   431.1 0   296.4 0   296.3 0     0.0 2    -0.2 0 -9999.9 1   -67.7 0 -9999.9 1 -9999.9 1 -9999.9 1 -9999.9 1   224.1 0 -9999.9 1
 1999 185  7  4  6 39  6.650 116.36    -5.2 0 -9999.9 1 -9999.9 1     0.5 0   363.0 0   306.1 0   304.4 0   430.6 0   296.3 0   296.2 0     0.0 2    -0.2 0 -9999.9 1   -67.6 0 -9999.9 1 -9999.9 1 -9999.9 1 -9999.9 1   224.6 0 -9999.9 1
 1999 185  7  4  6 42  6.700 116.26    -5.2 0 -9999.9 1 -9999.9 1     0.4 0   362.1 0   306.1 0   304.4 0   430.9 0   296.3 0   296.2 0     0.0 2    -0.2 0 -9999.9 1   -68.8 0 -9999.9 1 -9999.9 1 -9999.9 1 -9999.9 1   224.1 0 -9999.9 1
 1999 185  7  4  6 48  6.800 116.02    -5.3 0 -9999.9 1 -9999.9 1     0.2 0   361.9 0   306.1 0   304.3 0   430.2 0   296.2 0   296.2 0     0.0 2    -0.2 0 -9999.9 1   -68.3 0 -9999.9 1 -9999.9 1 -9999.9 1 -9999.9 1   223.2 0 -9999.9 1
 1999 185  7  4  6 51  6.850 115.90    -5.3 0 -9999.9 1 -9999.9 1     0.6 0   361.9 0   306.1 0   304.4 0   429.8 0   296.2 0   296.1 0     0.0 2    -0.2 0 -9999.9 1   -67.9 0 -9999.9 1 -9999.9 1 -9999.9 1 -9999.9 1   223.0 0 -9999.9 1
 1999 185  7  4  6 54  6.900 115.76    -5.1 0 -9999.9 1 -9999.9 1     0.5 0   360.8 0   306.0 0   304.4 0   429.6 0   296.1 0   296.1 0     0.0 2    -0.1 0 -9999.9 1   -68.8 0 -9999.9 1 -9999.9 1 -9999.9 1 -9999.9 1   223.7 0 -9999.9 1
 1999 185  7  4  6 57  6.950 115.62    -5.1 0 -9999.9 1 -9999.9 1    -0.1 0   360.3 0   306.0 0   304.4 0   429.6 0   296.1 0   296.0 0     0.0 2    -0.2 0 -9999.9 1   -69.3 0 -9999.9 1 -9999.9 1 -9999.9 1 -9999.9 1   224.6 0 -9999.9 1
 1999 185  7  4  7  3  7.050 115.31    -5.1 0 -9999.9 1 -9999.9 1     0.0 0   359.9 0   306.1 0   304.3 0   429.2 0   296.0 0   296.0 0     0.0 2    -0.2 0 -9999.9 1   -69.3 0 -9999.9 1 -9999.9 1 -9999.9 1 -9999.9 1   222.5 0 -9999.9 1
 1999 185  7  4  7  6  7.100 115.15    -5.1 0 -9999.9 1 -9999.9 1    -0.1 0   358.3 0   306.1 0   304.4 0   428.6 0   296.0 0   295.9 0     0.0 2    -0.3 0 -9999.9 1   -70.2 0 -9999.9 1 -9999.9 1 -9999.9 1 -9999.9 1   222.9 0 -9999.9 1
 1999 185  7  4  7  9  7.150 114.98    -5.0 0 -9999.9 1 -9999.9 1    -0.2 0   358.6 0   306.1 0   304.5 0   429.0 0   296.0 0   295.9 0     0.0 2    -0.2 0 -9999.9 1   -70.4 0 -9999.9 1 -9999.9 1 -9999.9 1 -9999.9 1   224.3 0 -9999.9 1
 1999 185  7  4  7 12  7.200 114.80    -4.9 0 -9999.9 1 -9999.9 1    -0.1 0   359.6 0   306.2 0   304.6 0   429.4 0   296.0 0   296.0 0     0.0 0    -0.1 0 -9999.9 1   -69.8 0 -9999.9 1 -9999.9 1 -9999.9 1 -9999.9 1   224.1 0 -9999.9 1
 1999 185  7  4  7 18  7.300 114.42    -4.8 0 -9999.9 1 -9999.9 1    -0.5 0   360.1 0   306.3 0   304.7 0   428.7 0   296.0 0   295.9 0     0.0 0    -0.2 0 -9999.9 1   -68.6 0 -9999.9 1 -9999.9 1 -9999.9 1 -9999.9 1   223.5 0 -9999.9 1
 1999 185  7  4  7 21  7.350 114.22    -4.9 0 -9999.9 1 -9999.9 1    -0.4 0   360.4 0   306.3 0   304.6 0   429.1 0   295.9 0   295.8 0     0.0 0    -0.2 0 -9999.9 1   -68.7 0 -9999.9 1 -9999.9 1 -9999.9 1 -9999.9 1   225.1 0 -9999.9 1
 1999 185  7  4  7 24  7.400 114.02    -4.8 0 -9999.9 1 -9999.9 1    -0.7 0   359.6 0   306.4 0   304.8 0   429.1 0   295.9 0   295.8 0     0.0 0    -0.2 0 -9999.9 1   -69.5 0 -9999.9 1 -9999.9 1 -9999.9 1 -9999.9 1   224.7 0 -9999.9 1
 1999 185  7  4  7 27  7.450 113.81    -4.8 0 -9999.9 1 -9999.9 1    -1.0 0   359.7 0   306.3 0   304.7 0   428.7 0   295.8 0   295.8 0     0.0 0    -0.2 0 -9999.9 1   -69.0 0 -9999.9 1 -9999.9 1 -9999.9 1 -9999.9 1   226.8 0 -9999.9 1
 1999 185  7  4  7 33  7.550 113.36    -4.8 0 -9999.9 1 -9999.9 1    -0.7 0   357.2 0   306.2 0   304.6 0   427.5 0   295.6 0   295.5 0     0.0 2    -0.2 0 -9999.9 1   -70.3 0 -9999.9 1 -9999.9 1 -9999.9 1 -9999.9 1   226.3 0 -9999.9 1
 1999 185  7  4  7 36  7.600 113.13    -4.9 0 -9999.9 1 -9999.9 1    -1.4 0   357.9 0   306.3 0   304.7 0   428.2 0   295.7 0   295.6 0     0.0 0    -0.2 0 -9999.9 1   -70.3 0 -9999.9 1 -9999.9 1 -9999.9 1 -9999.9 1   225.8 0 -9999.9 1
 1999 185  7  4  7 39  7.650 112.89    -4.9 0 -9999.9 1 -9999.9 1    -1.4 0   356.4 0   306.2 0   304.6 0   427.8 0   295.5 0   295.4 0     0.0 2     0.0 0 -9999.9 1   -71.3 0 -9999.9 1 -9999.9 1 -9999.9 1 -9999.9 1   223.0 0 -9999.9 1
 1999 185  7  4  7 42  7.700 112.64    -4.7 0 -9999.9 1 -9999.9 1    -1.2 0   356.6 0   306.2 0   304.6 0   427.3 0   295.5 0   295.4 0     0.0 2    -0.1 0 -9999.9 1   -70.8 0 -9999.9 1 -9999.9 1 -9999.9 1 -9999.9 1   226.9 0 -9999.9 1
 1999 185  7  4  7 48  7.800 112.14    -4.7 0 -9999.9 1 -9999.9 1    -1.2 0   355.9 0   306.2 0   304.5 0   425.5 0   295.3 0   295.2 0     0.0 2    -0.1 0 -9999.9 1   -69.6 0 -9999.9 1 -9999.9 1 -9999.9 1 -9999.9 1   229.5 0 -9999.9 1
 1999 185  7  4  7 51  7.850 111.87    -4.7 0 -9999.9 1 -9999.9 1    -1.3 0   355.3 0   306.2 0   304.6 0   425.0 0   295.2 0   295.1 0     0.0 2    -0.2 0 -9999.9 1   -69.7 0 -9999.9 1 -9999.9 1 -9999.9 1 -9999.9 1   230.1 0 -9999.9 1
 1999 185  7  4  7 54  7.900 111.60    -4.7 0 -9999.9 1 -9999.9 1    -1.5 0   355.2 0   306.2 0   304.6 0   425.4 0   295.2 0   295.1 0     0.0 2    -0.2 0 -9999.9 1   -70.2 0 -9999.9 1 -9999.9 1 -9999.9 1 -9999.9 1   232.0 0 -9999.9 1
 1999 185  7  4  7 57  7.950 111.33    -4.8 0 -9999.9 1 -9999.9 1    -1.3 0   357.2 0   306.3 0   304.6 0   426.3 0   295.2 0   295.2 0     0.0 2    -0.2 0 -9999.9 1   -69.1 0 -9999.9 1 -9999.9 1 -9999.9 1 -9999.9 1   229.8 0 -9999.9 1
 1999 185  7  4  8  3  8.050 110.76    -5.1 0 -9999.9 1 -9999.9 1    -1.1 0   360.5 0   306.6 0   304.8 0   428.8 0   295.5 0   295.4 0     0.0 0    -0.1 0 -9999.9 1   -68.2 0 -9999.9 1 -9999.9 1 -9999.9 1 -9999.9 1   233.3 0 -9999.9 1
 1999 185  7  4  8  6  8.100 110.46    -5.0 0 -9999.9 1 -9999.9 1    -1.1 0   360.5 0   306.6 0   304.9 0   429.2 0   295.6 0   295.5 0     0.0 0    -0.2 0 -9999.9 1   -68.7 0 -9999.9 1 -9999.9 1 -9999.9 1 -9999.9 1   238.6 0 -9999.9 1
 1999 185  7  4  8  9  8.150 110.16    -5.1 0 -9999.9 1 -9999.9 1    -1.0 0   358.5 0   306.5 0   304.7 0   428.4 0   295.5 0   295.4 0     0.0 0    -0.1 0 -9999.9 1   -69.9 0 -9999.9 1 -9999.9 1 -9999.9 1 -9999.9 1   240.4 0 -9999.9 1
 1999 185  7  4  8 12  8.200 109.86    -5.1 0 -9999.9 1 -9999.9 1    -1.3 0   357.8 0   306.4 0   304.7 0   428.0 0   295.4 0   295.4 0     0.0 2    -0.2 0 -9999.9 1   -70.2 0 -9999.9 1 -9999.9 1 -9999.9 1 -9999.9 1   236.9 0 -9999.9 1
 1999 185  7  4  8 18  8.300 109.23    -5.0 0 -9999.9 1 -9999.9 1    -1.7 0   354.0 0   306.3 0   304.6 0   426.3 0   295.3 0   295.2 0     0.0 2    -0.1 0 -9999.9 1   -72.3 0 -9999.9 1 -9999.9 1 -9999.9 1 -9999.9 1   241.2 0 -9999.9 1
 1999 185  7  4  8 21  8.350 108.91    -5.0 0 -9999.9 1 -9999.9 1    -1.7 0   353.7 0   306.3 0   304.6 0   426.5 0   295.3 0   295.2 0     0.0 2    -0.2 0 -9999.9 1   -72.8 0 -9999.9 1 -9999.9 1 -9999.9 1 -9999.9 1   242.1 0 -9999.9 1
 1999 185  7  4  8 24  8.400 108.59    -5.0 0 -9999.9 1 -9999.9 1    -1.5 0   355.0 0   306.3 0   304.5 0   426.4 0   295.3 0   295.2 0     0.0 2    -0.1 0 -9999.9 1   -71.4 0 -9999.9 1 -9999.9 1 -9999.9 1 -9999.9 1   242.7 0 -9999.9 1
 1999 185  7  4  8 27  8.450 108.25    -5.0 0 -9999.9 1 -9999.9 1    -1.5 0   355.7 0   306.3 0   304.6 0   426.6 0   295.4 0   295.3 0     0.0 2    -0.1 0 -9999.9 1   -71.0 0 -9999.9 1 -9999.9 1 -9999.9 1 -9999.9 1   238.0 0 -9999.9 1
 1999 185  7  4  8 33  8.550 107.58    -5.1 0 -9999.9 1 -9999.9 1    -1.8 0   356.1 0   306.4 0   304.7 0   426.7 0   295.5 0   295.4 0     0.0 0    -0.2 0 -9999.9 1   -70.7 0 -9999.9 1 -9999.9 1 -9999.9 1 -9999.9 1   236.8 0 -9999.9 1
 1999 185  7  4  8 36  8.600 107.23    -5.0 0 -9999.9 1 -9999.9 1    -1.8 0   354.2 0   306.3 0   304.6 0   426.1 0   295.3 0   295.2 0     0.0 2    -0.2 0 -9999.9 1   -72.0 0 -9999.9 1 -9999.9 1 -9999.9 1 -9999.9 1   239.0 0 -9999.9 1
 1999 185  7  4  8 39  8.650 106.88    -5.1 0 -9999.9 1 -9999.9 1    -1.8 0   354.5 0   306.3 0   304.5 0   426.4 0   295.4 0   295.3 0     0.0 2    -0.1 0 -9999.9 1   -71.9 0 -9999.9 1 -9999.9 1 -9999.9 1 -9999.9 1   239.2 0 -9999.9 1
 1999 185  7  4  8 42  8.700 106.52    -5.0 0 -9999.9 1 -9999.9 1    -2.0 0   352.3 0   306.2 0   304.6 0   425.9 0   295.3 0   295.3 0     0.0 2    -0.2 0 -9999.9 1   -73.5 0 -9999.9 1 -9999.9 1 -9999.9 1 -9999.9 1   240.2 0 -9999.9 1
 1999 185  7  4  8 48  8.800 105.79    -4.7 0 -9999.9 1 -9999.9 1    -2.6 0   351.3 0   306.2 0   304.6 0   424.4 0   295.2 0   295.1 0     0.0 2    -0.1 0 -9999.9 1   -73.1 0 -9999.9 1 -9999.9 1 -9999.9 1 -9999.9 1   234.8 0 -9999.9 1
 1999 185  7  4  8 51  8.850 105.42    -4.8 0 -9999.9 1 -9999.9 1    -2.3 0   352.9 0   306.2 0   304.6 0   424.8 0   295.2 0   295.1 0     0.0 0    -0.1 0 -9999.9 1   -71.9 0 -9999.9 1 -9999.9 1 -9999.9 1 -9999.9 1   233.1 0 -9999.9 1
 1999 185  7  4  8 54  8.900 105.04    -4.7 0 -9999.9 1 -9999.9 1    -2.6 0   352.2 0   306.2 0   304.7 0   424.6 0   295.2 0   295.1 0     0.0 2    -0.2 0 -9999.9 1   -72.4 0 -9999.9 1 -9999.9 1 -9999.9 1 -9999.9 1   234.6 0 -9999.9 1
 1999 185  7  4  8 57  8.950 104.66    -4.7 0 -9999.9 1 -9999.9 1    -2.7 0   351.1 0   306.2 0   304.7 0   423.9 0   295.1 0   295.0 0     0.0 2    -0.1 0 -9999.9 1   -72.9 0 -9999.9 1 -9999.9 1 -9999.9 1 -9999.9 1   234.8 0 -9999.9 1
 1999 185  7  4  9  3  9.050 103.89    -4.7 0 -9999.9 1 -9999.9 1    -2.8 0   350.8 0   306.3 0   304.7 0   423.4 0   295.0 0   294.9 0     0.0 2    -0.1 0 -9999.9 1   -72.6 0 -9999.9 1 -9999.9 1 -9999.9 1 -9999.9 1   232.1 0 -9999.9 1
 1999 185  7  4  9  6  9.100 103.50    -4.5 0 -9999.9 1 -9999.9 1    -2.8 0   349.1 0   306.3 0   304.8 0   422.1 0   294.8 0   294.7 0     0.0 2    -0.2 0 -9999.9 1   -73.0 0 -9999.9 1 -9999.9 1 -9999.9 1 -9999.9 1   229.8 0 -9999.9 1
 1999 185  7  4  9  9  9.150 103.10    -4.4 0 -9999.9 1 -9999.9 1    -2.9 0   348.6 0   306.3 0   304.8 0   421.6 0   294.8 0   294.7 0     0.0 2    -0.1 0 -9999.9 1   -72.9 0 -9999.9 1 -9999.9 1 -9999.9 1 -9999.9 1   229.4 0 -9999.9 1
 1999 185  7  4  9 12  9.200 102.70    -4.3 0 -9999.9 1 -9999.9 1    -3.0 0   349.3 0   306.4 0   304.9 0   421.7 0   294.8 0   294.7 0     0.0 2    -0.2 0 -9999.9 1   -72.4 0 -9999.9 1 -9999.9 1 -9999.9 1 -9999.9 1   229.4 0 -9999.9 1
 1999 185  7  4  9 18  9.300 101.88    -4.3 0 -9999.9 1 -9999.9 1    -2.8 0   348.2 0   306.5 0   305.0 0   421.2 0   294.6 0   294.5 0     0.0 2    -0.2 0 -9999.9 1   -73.0 0 -9999.9 1 -9999.9 1 -9999.9 1 -9999.9 1   226.1 0 -9999.9 1
 1999 185  7  4  9 21  9.350 101.47    -4.3 0 -9999.9 1 -9999.9 1    -3.0 0   347.3 0   306.5 0   305.0 0   420.6 0   294.5 0   294.4 0     0.0 2    -0.1 0 -9999.9 1   -73.3 0 -9999.9 1 -9999.9 1 -9999.9 1 -9999.9 1   228.7 0 -9999.9 1
 1999 185  7  4  9 24  9.400 101.05    -4.2 0 -9999.9 1 -9999.9 1    -3.1 0   347.3 0   306.6 0   305.1 0   420.4 0   294.5 0   294.4 0     0.0 2    -0.2 0 -9999.9 1   -73.1 0 -9999.9 1 -9999.9 1 -9999.9 1 -9999.9 1   229.4 0 -9999.9 1
 1999 185  7  4  9 27  9.450 100.63    -4.2 0 -9999.9 1 -9999.9 1    -3.2 0   345.9 0   306.6 0   305.1 0   420.1 0   294.4 0   294.3 0     0.0 2    -0.2 0 -9999.9 1   -74.2 0 -9999.9 1 -9999.9 1 -9999.9 1 -9999.9 1   226.9 0 -9999.9 1
 1999 185  7  4  9 33  9.550  99.77    -4.2 0 -9999.9 1 -9999.9 1    -2.4 0   345.6 0   306.8 0   305.2 0   419.6 0   294.3 0   294.2 0     0.0 2    -0.2 0 -9999.9 1   -74.0 0 -9999.9 1 -9999.9 1 -9999.9 1 -9999.9 1   221.1 0 -9999.9 1
 1999 185  7  4  9 36  9.600  99.34    -4.1 0 -9999.9 1 -9999.9 1    -2.0 0   346.8 0   307.0 0   305.4 0   419.8 0   294.4 0   294.3 0     0.0 0    -0.2 0 -9999.9 1   -73.0 0 -9999.9 1 -9999.9 1 -9999.9 1 -9999.9 1   217.9 0 -9999.9 1
 1999 185  7  4  9 39  9.650  98.91    -4.0 0 -9999.9 1 -9999.9 1    -2.3 0   346.4 0   307.1 0   305.6 0   419.1 0   294.4 0   294.2 0     0.0 0    -0.2 0 -9999.9 1   -72.8 0 -9999.9 1 -9999.9 1 -9999.9 1 -9999.9 1   219.0 0 -9999.9 1
 1999 185  7  4  9 42  9.700  98.47    -3.9 0 -9999.9 1 -9999.9 1    -2.9 0   345.9 0   307.2 0   305.8 0   418.4 0   294.3 0   294.2 0     0.0 0    -0.2 0 -9999.9 1   -72.5 0 -9999.9 1 -9999.9 1 -9999.9 1 -9999.9 1   218.5 0 -9999.9 1
 1999 185  7  4  9 48  9.800  97.58    -3.6 0 -9999.9 1 -9999.9 1    -2.9 0   346.6 0   307.4 0   306.1 0   417.4 0   294.3 0   294.2 0     0.0 0    -0.2 0 -9999.9 1   -70.9 0 -9999.9 1 -9999.9 1 -9999.9 1 -9999.9 1   217.8 0 -9999.9 1
 1999 185  7  4  9 51  9.850  97.13    -3.6 0 -9999.9 1 -9999.9 1    -3.2 0   346.6 0   307.4 0   306.1 0   416.9 0   294.2 0   294.1 0     0.0 0    -0.2 0 -9999.9 1   -70.3 0 -9999.9 1 -9999.9 1 -9999.9 1 -9999.9 1   219.0 0 -9999.9 1
 1999 185  7  4  9 54  9.900  96.67    -3.6 0 -9999.9 1 -9999.9 1    -3.3 0   344.5 0   307.4 0   306.1 0   415.8 0   293.9 0   293.8 0     0.0 0    -0.2 0 -9999.9 1   -71.3 0 -9999.9 1 -9999.9 1 -9999.9 1 -9999.9 1   216.9 0 -9999.9 1
 1999 185  7  4  9 57  9.950  96.22    -3.6 0 -9999.9 1 -9999.9 1    -3.5 0   344.8 0   307.5 0   306.2 0   416.3 0   293.9 0   293.8 0     0.0 0    -0.2 0 -9999.9 1   -71.5 0 -9999.9 1 -9999.9 1 -9999.9 1 -9999.9 1   219.9 0 -9999.9 1
 1999 185  7  4 10  3 10.050  95.29    -3.5 0 -9999.9 1 -9999.9 1    -3.8 0   341.2 0   307.4 0   306.2 0   413.1 0   293.5 0   293.4 0     0.0 2    -0.1 0 -9999.9 1   -71.8 0 -9999.9 1 -9999.9 1 -9999.9 1 -9999.9 1   218.5 0 -9999.9 1
 1999 185  7  4 10  6 10.100  94.83    -3.3 0 -9999.9 1 -9999.9 1    -3.9 0   340.7 0   307.4 0   306.3 0   411.6 0   293.4 0   293.3 0     0.0 2    -0.1 0 -9999.9 1   -70.9 0 -9999.9 1 -9999.9 1 -9999.9 1 -9999.9 1   215.6 0 -9999.9 1
 1999 185  7  4 10  9 10.150  94.36    -3.1 0 -9999.9 1 -9999.9 1    -4.0 0   339.7 0   307.4 0   306.4 0   410.7 0   293.4 0   293.3 0     0.0 2     0.0 0 -9999.9 1   -70.9 0 -9999.9 1 -9999.9 1 -9999.9 1 -9999.9 1   212.8 0 -9999.9 1
 1999 185  7  4 10 12 10.200  93.89    -3.0 0 -9999.9 1 -9999.9 1    -3.9 0   342.2 0   307.7 0   306.6 0   411.3 0   293.5 0   293.4 0     0.0 2     0.1 0 -9999.9 1   -69.1 0 -9999.9 1 -9999.9 1 -9999.9 1 -9999.9 1   214.7 0 -9999.9 1
 1999 185  7  4 10 18 10.300  92.94    -2.5 0 -9999.9 1 -9999.9 1    -2.9 0   342.0 0   307.9 0   306.6 0   412.4 0   293.4 0   293.4 0     0.0 0     0.3 0 -9999.9 1   -70.4 0 -9999.9 1 -9999.9 1 -9999.9 1 -9999.9 1   215.1 0 -9999.9 1
 1999 185  7  4 10 21 10.350  92.46    -2.1 0 -9999.9 1 -9999.9 1    -2.3 0   341.8 0   307.9 0   306.7 0   412.4 0   293.4 0   293.3 0     0.0 2     0.6 0 -9999.9 1   -70.6 0 -9999.9 1 -9999.9 1 -9999.9 1 -9999.9 1   215.2 0 -9999.9 1
 1999 185  7  4 10 24 10.400  91.98    -1.5 0 -9999.9 1 -9999.9 1    -1.7 0   342.1 0   308.0 0   306.9 0   412.2 0   293.4 0   293.3 0     0.0 2     1.0 0 -9999.9 1   -70.2 0 -9999.9 1 -9999.9 1 -9999.9 1 -9999.9 1   215.5 0 -9999.9 1
 1999 185  7  4 10 27 10.450  91.49    -0.6 0 -9999.9 1 -9999.9 1    -1.0 0   343.6 0   308.1 0   306.9 0   412.4 0   293.3 0   293.2 0     0.0 2     1.4 0 -9999.9 1   -68.9 0 -9999.9 1 -9999.9 1 -9999.9 1 -9999.9 1   215.3 0 -9999.9 1
 1999 185  7  4 10 33 10.550  89.82     1.6 0 -9999.9 1 -9999.9 1     1.1 0   341.7 0   308.3 0   307.1 0   412.1 0   293.2 0   293.2 0     0.3 2     2.7 0 -9999.9 1   -70.3 0 -9999.9 1 -9999.9 1 -9999.9 1 -9999.9 1   214.7 0 -9999.9 1
 1999 185  7  4 10 36 10.600  89.45     3.1 0 -9999.9 1 -9999.9 1     2.0 0   341.6 0   308.4 0   307.2 0   411.7 0   293.2 0   293.1 0     0.3 2     3.6 0 -9999.9 1   -70.0 0 -9999.9 1 -9999.9 1 -9999.9 1 -9999.9 1   214.3 0 -9999.9 1
 1999 185  7  4 10 39 10.650  89.05     4.8 0 -9999.9 1 -9999.9 1     3.7 0   341.9 0   308.5 0   307.3 0   411.1 0   293.2 0   293.1 0     0.4 2     4.6 0 -9999.9 1   -69.2 0 -9999.9 1 -9999.9 1 -9999.9 1 -9999.9 1   213.4 0 -9999.9 1
 1999 185  7  4 10 42 10.700  88.63     6.9 0 -9999.9 1 -9999.9 1     5.3 0   340.5 0   308.5 0   307.4 0   410.8 0   293.2 0   293.1 0     0.5 2     5.7 0 -9999.9 1   -70.3 0 -9999.9 1 -9999.9 1 -9999.9 1 -9999.9 1   210.0 0 -9999.9 1
 1999 185  7  4 10 48 10.800  87.72    12.2 0 -9999.9 1 -9999.9 1    10.0 0   342.7 0   308.8 0   307.7 0   411.8 0   293.2 0   293.2 0     0.7 0     8.6 0 -9999.9 1   -69.2 0 -9999.9 1 -9999.9 1 -9999.9 1 -9999.9 1   209.7 0 -9999.9 1
 1999 185  7  4 10 51 10.850  87.25    15.3 0 -9999.9 1 -9999.9 1    12.4 0   343.3 0   308.9 0   307.8 0   412.6 0   293.3 0   293.2 0     0.8 0    10.3 0 -9999.9 1   -69.3 0 -9999.9 1 -9999.9 1 -9999.9 1 -9999.9 1   212.2 0 -9999.9 1
 1999 185  7  4 10 54 10.900  86.78    19.1 0 -9999.9 1 -9999.9 1    15.1 0   342.9 0   309.0 0   307.9 0   412.8 0   293.2 0   293.2 0     0.9 0    12.3 0 -9999.9 1   -69.9 0 -9999.9 1 -9999.9 1 -9999.9 1 -9999.9 1   213.0 0 -9999.9 1
 1999 185  7  4 10 57 10.950  86.29    23.9 0 -9999.9 1 -9999.9 1    18.0 0   342.4 0   309.1 0   307.9 0   413.6 0   293.2 0   293.2 0     1.1 2    14.5 0 -9999.9 1   -71.2 0 -9999.9 1 -9999.9 1 -9999.9 1 -9999.9 1   212.5 0 -9999.9 1
 1999 185  7  4 11  3 11.050  85.30    34.4 0 -9999.9 1 -9999.9 1    24.3 0   343.3 0   309.4 0   307.9 0   416.5 0   293.2 0   293.3 0     1.5 2    19.5 0 -9999.9 1   -73.3 0 -9999.9 1 -9999.9 1 -9999.9 1 -9999.9 1   212.9 0 -9999.9 1
 1999 185  7  4 11  6 11.100  84.80    39.7 0 -9999.9 1 -9999.9 1    27.1 0   343.6 0   309.5 0   308.0 0   417.9 0   293.3 0   293.3 0     1.7 2    22.3 0 -9999.9 1   -74.3 0 -9999.9 1 -9999.9 1 -9999.9 1 -9999.9 1   210.9 0 -9999.9 1
 1999 185  7  4 11  9 11.150  84.30    45.0 0 -9999.9 1 -9999.9 1    29.9 0   344.3 0   309.6 0   308.0 0   419.0 0   293.3 0   293.3 0     2.0 2    25.2 0 -9999.9 1   -74.7 0 -9999.9 1 -9999.9 1 -9999.9 1 -9999.9 1   209.9 0 -9999.9 1
 1999 185  7  4 11 12 11.200  83.79    50.3 0 -9999.9 1 -9999.9 1    32.9 0   345.5 0   309.9 0   308.1 0   420.6 0   293.5 0   293.5 0     2.3 0    28.2 0 -9999.9 1   -75.1 0 -9999.9 1 -9999.9 1 -9999.9 1 -9999.9 1   211.1 0 -9999.9 1
 1999 185  7  4 11 18 11.300  82.76    62.7 0 -9999.9 1 -9999.9 1    39.2 0   346.2 0   310.2 0   308.4 0   422.2 0   293.7 0   293.7 0     2.9 0    35.0 0 -9999.9 1   -76.0 0 -9999.9 1 -9999.9 1 -9999.9 1 -9999.9 1   213.1 0 -9999.9 1
 1999 185  7  4 11 21 11.350  82.24    70.6 0 -9999.9 1 -9999.9 1    41.9 0   346.7 0   310.4 0   308.6 0   423.3 0   293.8 0   293.9 0     3.3 0    38.9 0 -9999.9 1   -76.6 0 -9999.9 1 -9999.9 1 -9999.9 1 -9999.9 1   215.4 0 -9999.9 1
 1999 185  7  4 11 24 11.400  81.72    77.7 0 -9999.9 1 -9999.9 1    44.5 0   347.3 0   310.4 0   308.7 0   423.7 0   293.9 0   293.9 0     3.7 0    42.6 0 -9999.9 1   -76.4 0 -9999.9 1 -9999.9 1 -9999.9 1 -9999.9 1   213.7 0 -9999.9 1
 1999 185  7  4 11 27 11.450  81.20    85.2 0 -9999.9 1 -9999.9 1    47.3 0   348.3 0   310.5 0   308.7 0   424.3 0   293.9 0   294.0 0     4.1 0    46.6 0 -9999.9 1   -76.1 0 -9999.9 1 -9999.9 1 -9999.9 1 -9999.9 1   215.9 0 -9999.9 1
 1999 185  7  4 11 33 11.550  80.15   101.0 0 -9999.9 1 -9999.9 1    53.0 0   349.1 0   310.7 0   308.9 0   425.9 0   294.2 0   294.2 0     5.0 0    54.4 0 -9999.9 1   -76.8 0 -9999.9 1 -9999.9 1 -9999.9 1 -9999.9 1   215.3 0 -9999.9 1
 1999 185  7  4 11 36 11.600  79.62   108.6 0 -9999.9 1 -9999.9 1    55.7 0   351.0 0   310.9 0   309.1 0   427.1 0   294.4 0   294.4 0     5.5 0    58.2 0 -9999.9 1   -76.1 0 -9999.9 1 -9999.9 1 -9999.9 1 -9999.9 1   214.9 0 -9999.9 1
 1999 185  7  4 11 39 11.650  79.09   117.2 0 -9999.9 1 -9999.9 1    58.5 0   350.3 0   311.0 0   309.2 0   427.7 0   294.4 0   294.5 0     5.9 0    62.2 0 -9999.9 1   -77.4 0 -9999.9 1 -9999.9 1 -9999.9 1 -9999.9 1   217.9 0 -9999.9 1
 1999 185  7  4 11 42 11.700  78.55   125.6 0 -9999.9 1 -9999.9 1    61.4 0   351.2 0   311.1 0   309.4 0   428.2 0   294.5 0   294.5 0     6.5 0    65.8 0 -9999.9 1   -76.9 0 -9999.9 1 -9999.9 1 -9999.9 1 -9999.9 1   219.8 0 -9999.9 1
 1999 185  7  4 11 48 11.800  77.48   142.9 0 -9999.9 1 -9999.9 1    65.9 0   352.6 0   311.3 0   309.4 0   429.4 0   294.7 0   294.7 0     7.8 0    73.1 0 -9999.9 1   -76.8 0 -9999.9 1 -9999.9 1 -9999.9 1 -9999.9 1   226.6 0 -9999.9 1
 1999 185  7  4 11 51 11.850  76.94   151.5 0 -9999.9 1 -9999.9 1    67.9 0   354.2 0   311.4 0   309.6 0   430.4 0   294.8 0   294.9 0     8.4 0    76.7 0 -9999.9 1   -76.3 0 -9999.9 1 -9999.9 1 -9999.9 1 -9999.9 1   225.8 0 -9999.9 1
 1999 185  7  4 11 54 11.900  76.40   160.3 0 -9999.9 1 -9999.9 1    69.7 0   352.3 0   311.5 0   309.9 0   431.4 0   295.0 0   295.1 0     9.1 0    80.6 0 -9999.9 1   -79.1 0 -9999.9 1 -9999.9 1 -9999.9 1 -9999.9 1   224.4 0 -9999.9 1
 1999 185  7  4 11 57 11.950  75.86   170.1 0 -9999.9 1 -9999.9 1    72.0 0   353.4 0   311.7 0   309.9 0   432.3 0   295.2 0   295.3 0     9.8 0    85.0 0 -9999.9 1   -78.9 0 -9999.9 1 -9999.9 1 -9999.9 1 -9999.9 1   226.7 0 -9999.9 1
 1999 185  7  4 12  3 12.050  74.77   190.3 0 -9999.9 1 -9999.9 1    76.4 0   349.0 0   311.7 0   309.7 0   432.1 0   295.2 0   295.3 0    11.3 2    94.7 0 -9999.9 1   -83.1 0 -9999.9 1 -9999.9 1 -9999.9 1 -9999.9 1   229.5 0 -9999.9 1
 1999 185  7  4 12  6 12.100  74.23   199.8 0 -9999.9 1 -9999.9 1    78.3 0   351.2 0   311.9 0   309.9 0   433.2 0   295.4 0   295.5 0    12.4 0    99.3 0 -9999.9 1   -82.0 0 -9999.9 1 -9999.9 1 -9999.9 1 -9999.9 1   234.6 0 -9999.9 1
 1999 185  7  4 12  9 12.150  73.68   208.7 0 -9999.9 1 -9999.9 1    79.7 0   351.1 0   312.0 0   310.2 0   434.6 0   295.6 0   295.7 0    13.5 0   103.5 0 -9999.9 1   -83.4 0 -9999.9 1 -9999.9 1 -9999.9 1 -9999.9 1   240.6 0 -9999.9 1
 1999 185  7  4 12 12 12.200  73.13   220.8 0 -9999.9 1 -9999.9 1    81.4 0   348.6 0   311.9 0   310.1 0   433.9 0   295.5 0   295.6 0    14.4 2   109.1 0 -9999.9 1   -85.3 0 -9999.9 1 -9999.9 1 -9999.9 1 -9999.9 1   243.9 0 -9999.9 1
 1999 185  7  4 12 18 12.300  72.03   241.2 0 -9999.9 1 -9999.9 1    84.8 0   349.9 0   311.9 0   310.0 0   433.3 0   295.6 0   295.7 0    16.2 2   118.7 0 -9999.9 1   -83.4 0 -9999.9 1 -9999.9 1 -9999.9 1 -9999.9 1   240.5 0 -9999.9 1
 1999 185  7  4 12 21 12.350  71.47   252.3 0 -9999.9 1 -9999.9 1    86.6 0   349.9 0   312.0 0   310.1 0   434.0 0   295.7 0   295.8 0    17.2 2   124.0 0 -9999.9 1   -84.1 0 -9999.9 1 -9999.9 1 -9999.9 1 -9999.9 1   244.4 0 -9999.9 1
 1999 185  7  4 12 24 12.400  70.92   261.8 0 -9999.9 1 -9999.9 1    87.3 0   352.6 0   312.3 0   310.5 0   436.2 0   296.0 0   296.2 0    18.6 2   128.3 0 -9999.9 1   -83.6 0 -9999.9 1 -9999.9 1 -9999.9 1 -9999.9 1   244.6 0 -9999.9 1
 1999 185  7  4 12 27 12.450  70.36   271.1 0 -9999.9 1 -9999.9 1    88.7 0   352.9 0   312.4 0   310.6 0   436.9 0   296.2 0   296.3 0    19.5 0   132.6 0 -9999.9 1   -84.1 0 -9999.9 1 -9999.9 1 -9999.9 1 -9999.9 1   244.3 0 -9999.9 1
 1999 185  7  4 12 33 12.550  69.25   292.4 0 -9999.9 1 -9999.9 1    91.9 0   352.5 0   312.5 0   310.6 0   437.1 0   296.2 0   296.4 0    22.4 2   142.5 0 -9999.9 1   -84.6 0 -9999.9 1 -9999.9 1 -9999.9 1 -9999.9 1   247.4 0 -9999.9 1
 1999 185  7  4 12 36 12.600  68.69   302.9 0 -9999.9 1 -9999.9 1    93.2 0   351.6 0   312.6 0   310.7 0   437.9 0   296.3 0   296.5 0    23.5 2   147.4 0 -9999.9 1   -86.3 0 -9999.9 1 -9999.9 1 -9999.9 1 -9999.9 1   245.0 0 -9999.9 1
 1999 185  7  4 12 39 12.650  68.13   314.5 0 -9999.9 1 -9999.9 1    96.1 0   352.0 0   312.6 0   310.8 0   438.4 0   296.4 0   296.6 0    24.6 2   152.6 0 -9999.9 1   -86.4 0 -9999.9 1 -9999.9 1 -9999.9 1 -9999.9 1   238.4 0 -9999.9 1
 1999 185  7  4 12 42 12.700  67.57   323.9 0 -9999.9 1 -9999.9 1    98.1 0   353.7 0   312.7 0   310.8 0   439.7 0   296.6 0   296.7 0    25.9 2   156.6 0 -9999.9 1   -85.9 0 -9999.9 1 -9999.9 1 -9999.9 1 -9999.9 1   239.7 0 -9999.9 1
 1999 185  7  4 12 48 12.800  66.45   344.2 0 -9999.9 1 -9999.9 1    98.7 0   355.9 0   313.1 0   311.3 0   442.2 0   296.9 0   297.1 0    28.5 0   158.4 0 -9999.9 1   -86.3 0 -9999.9 1 -9999.9 1 -9999.9 1 -9999.9 1   238.4 0 -9999.9 1
 1999 185  7  4 12 51 12.850  65.89   355.0 0 -9999.9 1 -9999.9 1    99.0 0   357.1 0   313.3 0   311.4 0   442.8 0   297.1 0   297.3 0    30.0 0   171.1 0 -9999.9 1   -85.7 0 -9999.9 1 -9999.9 1 -9999.9 1 -9999.9 1   241.2 0 -9999.9 1
 1999 185  7  4 12 54 12.900  65.32   365.7 0 -9999.9 1 -9999.9 1   100.0 0   356.9 0   313.4 0   311.6 0   444.0 0   297.2 0   297.4 0    31.9 0   175.9 0 -9999.9 1   -87.2 0 -9999.9 1 -9999.9 1 -9999.9 1 -9999.9 1   245.3 0 -9999.9 1
 1999 185  7  4 12 57 12.950  64.76   376.8 0 -9999.9 1 -9999.9 1   101.9 0   359.0 0   313.4 0   311.3 0   444.3 0   297.3 0   297.5 0    33.3 0   181.2 0 -9999.9 1   -85.3 0 -9999.9 1 -9999.9 1 -9999.9 1 -9999.9 1   245.6 0 -9999.9 1
 1999 185  7  4 13  3 13.050  63.63   399.7 0 -9999.9 1 -9999.9 1   104.5 0   357.6 0   313.4 0   311.4 0   443.2 0   297.4 0   297.7 0    37.0 2   191.7 0 -9999.9 1   -85.6 0 -9999.9 1 -9999.9 1 -9999.9 1 -9999.9 1   248.7 0 -9999.9 1
 1999 185  7  4 13  6 13.100  63.06   411.4 0 -9999.9 1 -9999.9 1   105.2 0   357.8 0   313.4 0   311.5 0   444.5 0   297.5 0   297.7 0    38.6 2   197.1 0 -9999.9 1   -86.7 0 -9999.9 1 -9999.9 1 -9999.9 1 -9999.9 1   250.8 0 -9999.9 1
 1999 185  7  4 13  9 13.150  62.49   422.5 0 -9999.9 1 -9999.9 1   106.4 0   356.1 0   313.4 0   311.5 0   444.9 0   297.6 0   297.8 0    40.2 2   202.2 0 -9999.9 1   -88.8 0 -9999.9 1 -9999.9 1 -9999.9 1 -9999.9 1   250.7 0 -9999.9 1
 1999 185  7  4 13 12 13.200  61.92   433.1 0 -9999.9 1 -9999.9 1   105.9 0   358.8 0   313.5 0   311.5 0   445.9 0   297.7 0   298.0 0    41.9 0   207.1 0 -9999.9 1   -87.1 0 -9999.9 1 -9999.9 1 -9999.9 1 -9999.9 1   248.9 0 -9999.9 1
 1999 185  7  4 13 18 13.300  60.78   452.0 0 -9999.9 1 -9999.9 1   107.8 0   362.4 0   313.7 0   311.7 0   448.7 0   298.1 0   298.3 0    45.4 0   215.4 0 -9999.9 1   -86.3 0 -9999.9 1 -9999.9 1 -9999.9 1 -9999.9 1   250.7 0 -9999.9 1
 1999 185  7  4 13 21 13.350  60.21   463.1 0 -9999.9 1 -9999.9 1   109.3 0   360.8 0   313.7 0   311.9 0   449.4 0   298.2 0   298.4 0    47.4 0   220.2 0 -9999.9 1   -88.5 0 -9999.9 1 -9999.9 1 -9999.9 1 -9999.9 1   247.3 0 -9999.9 1
 1999 185  7  4 13 24 13.400  59.64   474.1 0 -9999.9 1 -9999.9 1   110.9 0   360.1 0   313.7 0   311.8 0   450.3 0   298.3 0   298.5 0    49.3 0   224.9 0 -9999.9 1   -90.2 0 -9999.9 1 -9999.9 1 -9999.9 1 -9999.9 1   249.3 0 -9999.9 1
 1999 185  7  4 13 27 13.450  59.07   485.7 0 -9999.9 1 -9999.9 1   113.2 0   359.6 0   313.6 0   311.8 0   449.7 0   298.3 0   298.5 0    51.3 0   230.3 0 -9999.9 1   -90.1 0 -9999.9 1 -9999.9 1 -9999.9 1 -9999.9 1   246.4 0 -9999.9 1
 1999 185  7  4 13 33 13.550  57.93   507.1 0 -9999.9 1 -9999.9 1   115.3 0   360.3 0   313.6 0   311.8 0   451.1 0   298.4 0   298.7 0    55.4 0   239.8 0 -9999.9 1   -90.8 0 -9999.9 1 -9999.9 1 -9999.9 1 -9999.9 1   251.2 0 -9999.9 1
 1999 185  7  4 13 36 13.600  57.36   519.2 0 -9999.9 1 -9999.9 1   114.9 0   358.0 0   313.6 0   312.1 0   453.5 0   298.5 0   298.8 0    58.4 2   245.3 0 -9999.9 1   -95.5 0 -9999.9 1 -9999.9 1 -9999.9 1 -9999.9 1   244.9 0 -9999.9 1
 1999 185  7  4 13 39 13.650  56.79   530.4 0 -9999.9 1 -9999.9 1   116.0 0   359.3 0   313.7 0   311.9 0   452.9 0   298.6 0   298.9 0    61.0 0   250.2 0 -9999.9 1   -93.6 0 -9999.9 1 -9999.9 1 -9999.9 1 -9999.9 1   250.7 0 -9999.9 1
 1999 185  7  4 13 42 13.700  56.21   538.4 0 -9999.9 1 -9999.9 1   117.6 0   361.2 0   313.9 0   312.0 0   453.0 0   298.8 0   299.1 0    63.8 0   253.8 0 -9999.9 1   -91.9 0 -9999.9 1 -9999.9 1 -9999.9 1 -9999.9 1   253.6 0 -9999.9 1
 1999 185  7  4 13 48 13.800  55.07   559.2 0 -9999.9 1 -9999.9 1   120.6 0   361.2 0   313.9 0   312.3 0   456.1 0   299.0 0   299.3 0    68.5 0   262.8 0 -9999.9 1   -94.9 0 -9999.9 1 -9999.9 1 -9999.9 1 -9999.9 1   255.9 0 -9999.9 1
 1999 185  7  4 13 51 13.850  54.49   570.0 0 -9999.9 1 -9999.9 1   123.6 0   362.1 0   314.0 0   312.3 0   455.4 0   299.1 0   299.4 0    70.6 0   267.7 0 -9999.9 1   -93.3 0 -9999.9 1 -9999.9 1 -9999.9 1 -9999.9 1   257.4 0 -9999.9 1
 1999 185  7  4 13 54 13.900  53.92   581.6 0 -9999.9 1 -9999.9 1   125.8 0   363.5 0   314.0 0   312.0 0   454.7 0   299.2 0   299.4 0    73.0 0   273.1 0 -9999.9 1   -91.2 0 -9999.9 1 -9999.9 1 -9999.9 1 -9999.9 1   252.7 0 -9999.9 1
 1999 185  7  4 13 57 13.950  53.35   589.5 0 -9999.9 1 -9999.9 1   128.1 0   362.7 0   314.1 0   312.5 0   457.4 0   299.3 0   299.6 0    75.2 0   276.2 0 -9999.9 1   -94.7 0 -9999.9 1 -9999.9 1 -9999.9 1 -9999.9 1   252.7 0 -9999.9 1
 1999 185  7  4 14  3 14.050  52.20   616.8 0 -9999.9 1 -9999.9 1   131.9 0   360.5 0   313.9 0   312.3 0   455.5 0   299.2 0   299.4 0    80.2 2   288.4 0 -9999.9 1   -94.9 0 -9999.9 1 -9999.9 1 -9999.9 1 -9999.9 1   262.5 0 -9999.9 1
 1999 185  7  4 14  6 14.100  51.63   624.1 0 -9999.9 1 -9999.9 1   132.8 0   362.5 0   314.1 0   312.5 0   458.7 0   299.5 0   299.7 0    82.7 2   291.6 0 -9999.9 1   -96.1 0 -9999.9 1 -9999.9 1 -9999.9 1 -9999.9 1   248.8 0 -9999.9 1
 1999 185  7  4 14  9 14.150  51.05   633.2 0 -9999.9 1 -9999.9 1   134.5 0   365.8 0   314.2 0   312.4 0   458.8 0   299.6 0   299.9 0    85.3 0   295.6 0 -9999.9 1   -93.1 0 -9999.9 1 -9999.9 1 -9999.9 1 -9999.9 1   252.3 0 -9999.9 1
 1999 185  7  4 14 12 14.200  50.48   639.7 0 -9999.9 1 -9999.9 1   137.4 0   365.9 0   314.3 0   312.9 0   461.4 0   299.8 0   300.1 0    87.5 0   297.9 0 -9999.9 1   -95.5 0 -9999.9 1 -9999.9 1 -9999.9 1 -9999.9 1   251.9 0 -9999.9 1
 1999 185  7  4 14 18 14.300  49.33   658.7 0 -9999.9 1 -9999.9 1   139.8 0   367.7 0   314.6 0   313.1 0   463.8 0   300.1 0   300.4 0    94.2 0   305.9 0 -9999.9 1   -96.0 0 -9999.9 1 -9999.9 1 -9999.9 1 -9999.9 1   246.8 0 -9999.9 1
 1999 185  7  4 14 21 14.350  48.76   644.9 0 -9999.9 1 -9999.9 1   142.3 0   369.8 0   314.8 0   313.4 0   464.6 0   300.3 0   300.5 0    94.9 0   299.5 0 -9999.9 1   -94.8 0 -9999.9 1 -9999.9 1 -9999.9 1 -9999.9 1   253.2 0 -9999.9 1
 1999 185  7  4 14 24 14.400  48.19   642.3 0 -9999.9 1 -9999.9 1   143.8 0   368.1 0   314.8 0   313.4 0   465.2 0   300.4 0   300.6 0    96.8 0   298.1 0 -9999.9 1   -97.1 0 -9999.9 1 -9999.9 1 -9999.9 1 -9999.9 1   254.5 0 -9999.9 1
 1999 185  7  4 14 27 14.450  47.62   645.2 0 -9999.9 1 -9999.9 1   145.1 0   366.8 0   314.7 0   313.4 0   465.1 0   300.3 0   300.6 0    99.2 0   299.4 0 -9999.9 1   -98.3 0 -9999.9 1 -9999.9 1 -9999.9 1 -9999.9 1   263.9 0 -9999.9 1
 1999 185  7  4 14 33 14.550  46.48   656.2 0 -9999.9 1 -9999.9 1   144.0 0   366.2 0   314.7 0   312.9 0   463.5 0   300.3 0   300.5 0   104.0 0   305.0 0 -9999.9 1   -97.2 0 -9999.9 1 -9999.9 1 -9999.9 1 -9999.9 1   251.0 0 -9999.9 1
 1999 185  7  4 14 36 14.600  45.90   677.1 0 -9999.9 1 -9999.9 1   144.1 0   365.0 0   314.6 0   313.1 0   463.5 0   300.3 0   300.5 0   107.6 2   314.1 0 -9999.9 1   -98.5 0 -9999.9 1 -9999.9 1 -9999.9 1 -9999.9 1   254.3 0 -9999.9 1
 1999 185  7  4 14 39 14.650  45.33   673.2 0 -9999.9 1 -9999.9 1   146.2 0   366.4 0   314.7 0   313.0 0   462.8 0   300.4 0   300.6 0   109.5 2   312.0 0 -9999.9 1   -96.4 0 -9999.9 1 -9999.9 1 -9999.9 1 -9999.9 1   258.4 0 -9999.9 1
 1999 185  7  4 14 42 14.700  44.77   686.4 0 -9999.9 1 -9999.9 1   148.2 0   366.5 0   314.7 0   313.1 0   463.9 0   300.4 0   300.6 0   112.7 2   317.7 0 -9999.9 1   -97.5 0 -9999.9 1 -9999.9 1 -9999.9 1 -9999.9 1   258.9 0 -9999.9 1
 1999 185  7  4 14 48 14.800  43.63   724.2 0 -9999.9 1 -9999.9 1   152.3 0   367.4 0   314.7 0   313.2 0   465.7 0   300.6 0   300.8 0   120.6 0   334.5 0 -9999.9 1   -98.2 0 -9999.9 1 -9999.9 1 -9999.9 1 -9999.9 1   257.4 0 -9999.9 1
 1999 185  7  4 14 51 14.850  43.06   743.4 0 -9999.9 1 -9999.9 1   156.4 0   367.6 0   314.6 0   313.2 0   466.7 0   300.6 0   300.8 0   124.5 2   343.2 0 -9999.9 1   -99.2 0 -9999.9 1 -9999.9 1 -9999.9 1 -9999.9 1   253.5 0 -9999.9 1
 1999 185  7  4 14 54 14.900  42.50   771.1 0 -9999.9 1 -9999.9 1   158.7 0   368.1 0   314.8 0   313.4 0   468.3 0   300.7 0   301.0 0   129.2 0   355.2 0 -9999.9 1  -100.1 0 -9999.9 1 -9999.9 1 -9999.9 1 -9999.9 1   252.5 0 -9999.9 1
 1999 185  7  4 14 57 14.950  41.93   788.7 0 -9999.9 1 -9999.9 1   159.3 0   367.8 0   314.9 0   313.7 0   471.6 0   300.9 0   301.2 0   133.8 0   362.6 0 -9999.9 1  -103.8 0 -9999.9 1 -9999.9 1 -9999.9 1 -9999.9 1   261.0 0 -9999.9 1
 1999 185  7  4 15  3 15.050  40.80   807.0 0 -9999.9 1 -9999.9 1   159.3 0   365.7 0   314.9 0   313.7 0   469.4 0   300.9 0   301.2 0   142.2 2   370.9 0 -9999.9 1  -103.7 0 -9999.9 1 -9999.9 1 -9999.9 1 -9999.9 1   254.5 0 -9999.9 1
 1999 185  7  4 15  6 15.100  40.24   823.2 0 -9999.9 1 -9999.9 1   159.3 0   366.3 0   314.9 0   313.6 0   468.6 0   301.0 0   301.2 0   145.7 2   378.6 0 -9999.9 1  -102.2 0 -9999.9 1 -9999.9 1 -9999.9 1 -9999.9 1   257.0 0 -9999.9 1
 1999 185  7  4 15  9 15.150  39.68   825.7 0 -9999.9 1 -9999.9 1   160.0 0   366.0 0   314.9 0   313.6 0   469.9 0   301.0 0   301.3 0   148.0 2   379.2 0 -9999.9 1  -103.9 0 -9999.9 1 -9999.9 1 -9999.9 1 -9999.9 1   256.8 0 -9999.9 1
 1999 185  7  4 15 12 15.200  39.12   834.1 0 -9999.9 1 -9999.9 1   158.5 0   366.2 0   315.0 0   313.7 0   469.1 0   301.1 0   301.3 0   151.6 2   383.0 0 -9999.9 1  -103.0 0 -9999.9 1 -9999.9 1 -9999.9 1 -9999.9 1   255.5 0 -9999.9 1
 1999 185  7  4 15 18 15.300  38.01   844.1 0 -9999.9 1 -9999.9 1   159.9 0   367.8 0   315.3 0   314.2 0   472.3 0   301.3 0   301.6 0   158.0 2   386.9 0 -9999.9 1  -104.5 0 -9999.9 1 -9999.9 1 -9999.9 1 -9999.9 1   258.6 0 -9999.9 1
 1999 185  7  4 15 21 15.350  37.45   854.5 0 -9999.9 1 -9999.9 1   154.9 0   366.5 0   315.4 0   314.2 0   472.6 0   301.4 0   301.6 0   160.9 2   392.0 0 -9999.9 1  -106.1 0 -9999.9 1 -9999.9 1 -9999.9 1 -9999.9 1   257.5 0 -9999.9 1
 1999 185  7  4 15 24 15.400  36.90   855.3 0 -9999.9 1 -9999.9 1   156.4 0   366.9 0   315.5 0   314.3 0   473.3 0   301.5 0   301.8 0   162.6 2   391.1 0 -9999.9 1  -106.4 0 -9999.9 1 -9999.9 1 -9999.9 1 -9999.9 1   270.9 0 -9999.9 1
 1999 185  7  4 15 27 15.450  36.35   865.1 0 -9999.9 1 -9999.9 1   154.0 0   366.8 0   315.5 0   314.4 0   473.5 0   301.5 0   301.8 0   165.8 2   395.7 0 -9999.9 1  -106.7 0 -9999.9 1 -9999.9 1 -9999.9 1 -9999.9 1   265.5 0 -9999.9 1
 1999 185  7  4 15 33 15.550  35.25   880.7 0 -9999.9 1 -9999.9 1   154.4 0   367.1 0   315.7 0   314.4 0   473.0 0   301.7 0   302.0 0   171.3 2   402.7 0 -9999.9 1  -106.0 0 -9999.9 1 -9999.9 1 -9999.9 1 -9999.9 1   265.5 0 -9999.9 1
 1999 185  7  4 15 36 15.600  34.71   891.9 0 -9999.9 1 -9999.9 1   152.9 0   366.8 0   315.8 0   314.6 0   474.8 0   301.8 0   302.1 0   174.9 2   407.8 0 -9999.9 1  -108.0 0 -9999.9 1 -9999.9 1 -9999.9 1 -9999.9 1   263.0 0 -9999.9 1
 1999 185  7  4 15 39 15.650  34.17   888.7 0 -9999.9 1 -9999.9 1   156.1 0   367.5 0   315.9 0   314.8 0   475.7 0   301.9 0   302.2 0   175.3 2   405.5 0 -9999.9 1  -108.2 0 -9999.9 1 -9999.9 1 -9999.9 1 -9999.9 1   264.7 0 -9999.9 1
 1999 185  7  4 15 42 15.700  33.63   895.2 0 -9999.9 1 -9999.9 1   155.5 0   366.7 0   316.0 0   315.0 0   477.2 0   302.0 0   302.3 0   180.5 2   408.6 0 -9999.9 1  -110.5 0 -9999.9 1 -9999.9 1 -9999.9 1 -9999.9 1   260.6 0 -9999.9 1
 1999 185  7  4 15 48 15.800  32.56   906.0 0 -9999.9 1 -9999.9 1   155.9 0   368.3 0   316.2 0   315.2 0   477.0 0   302.1 0   302.4 0   186.8 2   413.0 0 -9999.9 1  -108.7 0 -9999.9 1 -9999.9 1 -9999.9 1 -9999.9 1   257.2 0 -9999.9 1
 1999 185  7  4 15 51 15.850  32.03   914.1 0 -9999.9 1 -9999.9 1   153.3 0   367.6 0   316.3 0   315.2 0   476.5 0   302.2 0   302.4 0   189.2 2   416.4 0 -9999.9 1  -108.9 0 -9999.9 1 -9999.9 1 -9999.9 1 -9999.9 1   254.4 0 -9999.9 1
 1999 185  7  4 15 54 15.900  31.50   918.0 0 -9999.9 1 -9999.9 1   155.9 0   369.7 0   316.4 0   315.4 0   477.9 0   302.2 0   302.5 0   191.3 2   418.0 0 -9999.9 1  -108.2 0 -9999.9 1 -9999.9 1 -9999.9 1 -9999.9 1   259.2 0 -9999.9 1
 1999 185  7  4 15 57 15.950  30.97   911.6 0 -9999.9 1 -9999.9 1   159.3 0   371.2 0   316.7 0   315.7 0   479.6 0   302.4 0   302.7 0   191.5 0   413.8 0 -9999.9 1  -108.4 0 -9999.9 1 -9999.9 1 -9999.9 1 -9999.9 1   265.0 0 -9999.9 1
 1999 185  7  4 16  3 16.050  29.94   932.5 0 -9999.9 1 -9999.9 1   157.1 0   371.8 0   316.8 0   315.7 0   480.2 0   302.5 0   302.8 0   201.0 2   423.6 0 -9999.9 1  -108.4 0 -9999.9 1 -9999.9 1 -9999.9 1 -9999.9 1   262.2 0 -9999.9 1
 1999 185  7  4 16  6 16.100  29.42   936.4 0 -9999.9 1 -9999.9 1   161.4 0   372.3 0   316.9 0   315.8 0   480.5 0   302.6 0   302.8 0   202.3 2   425.1 0 -9999.9 1  -108.2 0 -9999.9 1 -9999.9 1 -9999.9 1 -9999.9 1   276.6 0 -9999.9 1
 1999 185  7  4 16  9 16.150  28.92   947.8 0 -9999.9 1 -9999.9 1   160.6 0   373.2 0   316.9 0   315.7 0   479.4 0   302.6 0   302.9 0   205.7 2   430.6 0 -9999.9 1  -106.1 0 -9999.9 1 -9999.9 1 -9999.9 1 -9999.9 1   273.0 0 -9999.9 1
 1999 185  7  4 16 12 16.200  28.41   949.6 0 -9999.9 1 -9999.9 1   163.0 0   372.2 0   317.0 0   315.9 0   480.4 0   302.7 0   302.9 0   208.5 2   430.8 0 -9999.9 1  -108.2 0 -9999.9 1 -9999.9 1 -9999.9 1 -9999.9 1   251.8 0 -9999.9 1
 1999 185  7  4 16 18 16.300  27.42   962.4 0 -9999.9 1 -9999.9 1   152.2 0   375.4 0   317.4 0   316.3 0   481.9 0   302.9 0   303.2 0   215.2 0   436.2 0 -9999.9 1  -106.5 0 -9999.9 1 -9999.9 1 -9999.9 1 -9999.9 1   270.5 0 -9999.9 1
 1999 185  7  4 16 21 16.350  26.93   962.4 0 -9999.9 1 -9999.9 1   154.8 0   376.2 0   317.6 0   316.4 0   482.4 0   303.1 0   303.3 0   216.1 0   436.0 0 -9999.9 1  -106.2 0 -9999.9 1 -9999.9 1 -9999.9 1 -9999.9 1   255.9 0 -9999.9 1
 1999 185  7  4 16 24 16.400  26.45   967.2 0 -9999.9 1 -9999.9 1   157.4 0   376.2 0   317.6 0   316.5 0   480.6 0   303.0 0   303.3 0   216.8 0   437.6 0 -9999.9 1  -104.4 0 -9999.9 1 -9999.9 1 -9999.9 1 -9999.9 1   252.7 0 -9999.9 1
 1999 185  7  4 16 27 16.450  25.97   979.3 0 -9999.9 1 -9999.9 1   156.9 0   378.1 0   317.6 0   316.4 0   482.3 0   303.1 0   303.3 0   220.8 0   443.2 0 -9999.9 1  -104.1 0 -9999.9 1 -9999.9 1 -9999.9 1 -9999.9 1   248.7 0 -9999.9 1
 1999 185  7  4 16 33 16.550  25.04   992.4 0 -9999.9 1 -9999.9 1   159.1 0   375.1 0   317.6 0   316.6 0   483.0 0   302.9 0   303.2 0   226.9 0   448.1 0 -9999.9 1  -107.9 0 -9999.9 1 -9999.9 1 -9999.9 1 -9999.9 1   251.9 0 -9999.9 1
 1999 185  7  4 16 36 16.600  24.59   998.1 0 -9999.9 1 -9999.9 1   160.2 0   376.3 0   317.7 0   316.7 0   485.0 0   303.1 0   303.4 0   233.0 0   451.2 0 -9999.9 1  -108.8 0 -9999.9 1 -9999.9 1 -9999.9 1 -9999.9 1   261.1 0 -9999.9 1
 1999 185  7  4 16 39 16.650  24.14  1005.7 0 -9999.9 1 -9999.9 1   163.0 0   376.9 0   317.7 0   316.7 0   483.4 0   303.1 0   303.4 0   234.8 0   455.2 0 -9999.9 1  -106.5 0 -9999.9 1 -9999.9 1 -9999.9 1 -9999.9 1   259.7 0 -9999.9 1
 1999 185  7  4 16 42 16.700  23.70  1015.2 0 -9999.9 1 -9999.9 1   159.9 0   374.7 0   317.8 0   316.9 0   484.4 0   303.1 0   303.4 0   237.0 2   458.5 0 -9999.9 1  -109.7 0 -9999.9 1 -9999.9 1 -9999.9 1 -9999.9 1   244.7 0 -9999.9 1
 1999 185  7  4 16 48 16.800  22.85  1005.9 0 -9999.9 1 -9999.9 1   165.1 0   378.0 0   318.2 0   317.0 0   482.8 0   303.3 0   303.6 0   244.0 0   453.3 0 -9999.9 1  -104.8 0 -9999.9 1 -9999.9 1 -9999.9 1 -9999.9 1   239.7 0 -9999.9 1
 1999 185  7  4 16 51 16.850  22.43  1015.9 0 -9999.9 1 -9999.9 1   162.9 0   379.3 0   318.3 0   317.2 0   485.8 0   303.4 0   303.7 0   245.6 0   458.2 0 -9999.9 1  -106.6 0 -9999.9 1 -9999.9 1 -9999.9 1 -9999.9 1   244.7 0 -9999.9 1
 1999 185  7  4 16 54 16.900  22.03  1021.0 0 -9999.9 1 -9999.9 1   163.5 0   377.6 0   318.2 0   317.1 0   484.3 0   303.3 0   303.6 0   246.7 0   460.0 0 -9999.9 1  -106.8 0 -9999.9 1 -9999.9 1 -9999.9 1 -9999.9 1   244.4 0 -9999.9 1
 1999 185  7  4 16 57 16.950  21.64  1025.3 0 -9999.9 1 -9999.9 1   167.6 0   376.9 0   318.1 0   316.9 0   481.9 0   303.2 0   303.5 0   246.0 2   461.6 0 -9999.9 1  -105.0 0 -9999.9 1 -9999.9 1 -9999.9 1 -9999.9 1   242.9 0 -9999.9 1
 1999 185  7  4 17  3 17.050  20.90  1035.1 0 -9999.9 1 -9999.9 1   168.2 0   376.1 0   318.3 0   317.3 0   487.1 0   303.3 0   303.6 0   252.5 2   465.4 0 -9999.9 1  -111.0 0 -9999.9 1 -9999.9 1 -9999.9 1 -9999.9 1   244.4 0 -9999.9 1
 1999 185  7  4 17  6 17.100  20.54  1032.4 0 -9999.9 1 -9999.9 1   162.7 0   377.9 0   318.3 0   317.2 0   485.1 0   303.4 0   303.6 0   251.8 0   464.2 0 -9999.9 1  -107.2 0 -9999.9 1 -9999.9 1 -9999.9 1 -9999.9 1   261.2 0 -9999.9 1
 1999 185  7  4 17  9 17.150  20.20  1036.0 0 -9999.9 1 -9999.9 1   159.8 0   375.7 0   318.2 0   317.4 0   485.2 0   303.3 0   303.6 0   252.6 2   465.4 0 -9999.9 1  -109.4 0 -9999.9 1 -9999.9 1 -9999.9 1 -9999.9 1   252.9 0 -9999.9 1
 1999 185  7  4 17 12 17.200  19.88  1047.8 0 -9999.9 1 -9999.9 1   156.2 0   376.0 0   318.2 0   317.1 0   484.6 0   303.3 0   303.6 0   255.7 2   471.0 0 -9999.9 1  -108.6 0 -9999.9 1 -9999.9 1 -9999.9 1 -9999.9 1   256.8 0 -9999.9 1
 1999 185  7  4 17 18 17.300  19.27  1053.2 0 -9999.9 1 -9999.9 1   151.7 0   372.9 0   318.1 0   317.2 0   485.4 0   303.3 0   303.6 0   260.5 2   472.7 0 -9999.9 1  -112.5 0 -9999.9 1 -9999.9 1 -9999.9 1 -9999.9 1   247.4 0 -9999.9 1
 1999 185  7  4 17 21 17.350  18.99  1056.5 0 -9999.9 1 -9999.9 1   150.0 0   374.3 0   318.2 0   317.2 0   482.9 0   303.3 0   303.6 0   260.9 2   474.6 0 -9999.9 1  -108.6 0 -9999.9 1 -9999.9 1 -9999.9 1 -9999.9 1   245.8 0 -9999.9 1
 1999 185  7  4 17 24 17.400  18.73  1051.1 0 -9999.9 1 -9999.9 1   153.9 0   376.9 0   318.2 0   317.0 0   484.1 0   303.3 0   303.6 0   259.2 2   471.4 0 -9999.9 1  -107.1 0 -9999.9 1 -9999.9 1 -9999.9 1 -9999.9 1   252.9 0 -9999.9 1
 1999 185  7  4 17 27 17.450  18.49  1054.6 0 -9999.9 1 -9999.9 1   156.4 0   376.4 0   318.1 0   317.0 0   483.7 0   303.3 0   303.6 0   262.0 2   473.1 0 -9999.9 1  -107.3 0 -9999.9 1 -9999.9 1 -9999.9 1 -9999.9 1   253.8 0 -9999.9 1
 1999 185  7  4 17 33 17.550  18.06  1063.3 0 -9999.9 1 -9999.9 1   153.0 0   374.9 0   318.2 0   317.1 0   483.2 0   303.3 0   303.6 0   266.1 2   477.2 0 -9999.9 1  -108.3 0 -9999.9 1 -9999.9 1 -9999.9 1 -9999.9 1   235.5 0 -9999.9 1
 1999 185  7  4 17 36 17.600  17.87  1061.3 0 -9999.9 1 -9999.9 1   146.9 0   374.4 0   318.4 0   317.2 0   485.1 0   303.4 0   303.7 0   267.0 2   475.7 0 -9999.9 1  -110.7 0 -9999.9 1 -9999.9 1 -9999.9 1 -9999.9 1   243.8 0 -9999.9 1
 1999 185  7  4 17 39 17.650  17.71  1063.1 0 -9999.9 1 -9999.9 1   141.9 0   375.1 0   318.4 0   317.0 0   481.8 0   303.4 0   303.7 0   269.4 2   476.6 0 -9999.9 1  -106.7 0 -9999.9 1 -9999.9 1 -9999.9 1 -9999.9 1   249.6 0 -9999.9 1
 1999 185  7  4 17 42 17.700  17.56  1065.0 0 -9999.9 1 -9999.9 1   141.2 0   374.2 0   318.3 0   317.2 0   486.1 0   303.4 0   303.6 0   269.6 2   477.5 0 -9999.9 1  -111.9 0 -9999.9 1 -9999.9 1 -9999.9 1 -9999.9 1   242.9 0 -9999.9 1
 1999 185  7  4 17 48 17.800  17.34  1066.7 0 -9999.9 1 -9999.9 1   141.0 0   374.9 0   318.3 0   317.1 0   484.3 0   303.5 0   303.8 0   272.1 2   477.5 0 -9999.9 1  -109.4 0 -9999.9 1 -9999.9 1 -9999.9 1 -9999.9 1   256.1 0 -9999.9 1
 1999 185  7  4 17 51 17.850  17.27  1068.8 0 -9999.9 1 -9999.9 1   140.1 0   374.4 0   318.2 0   316.8 0   481.8 0   303.5 0   303.7 0   272.2 2   478.7 0 -9999.9 1  -107.4 0 -9999.9 1 -9999.9 1 -9999.9 1 -9999.9 1   251.8 0 -9999.9 1
 1999 185  7  4 17 54 17.900  17.21  1068.1 0 -9999.9 1 -9999.9 1   141.3 0   373.6 0   318.1 0   316.9 0   485.1 0   303.5 0   303.7 0   271.7 2   478.2 0 -9999.9 1  -111.5 0 -9999.9 1 -9999.9 1 -9999.9 1 -9999.9 1   255.7 0 -9999.9 1
 1999 185  7  4 17 57 17.950  17.18  1069.0 0 -9999.9 1 -9999.9 1   141.6 0   375.4 0   318.1 0   317.2 0   490.4 0   303.6 0   303.9 0   274.5 2   479.4 0 -9999.9 1  -115.1 0 -9999.9 1 -9999.9 1 -9999.9 1 -9999.9 1   260.1 0 -9999.9 1
 1999 185  7  4 18  3 18.050  17.19  1063.7 0 -9999.9 1 -9999.9 1   146.3 0   377.0 0   318.2 0   317.0 0   483.0 0   303.6 0   303.9 0   267.2 2   477.3 0 -9999.9 1  -105.9 0 -9999.9 1 -9999.9 1 -9999.9 1 -9999.9 1   240.9 0 -9999.9 1
 1999 185  7  4 18  6 18.100  17.24  1059.9 0 -9999.9 1 -9999.9 1   146.7 0   377.2 0   318.2 0   317.0 0   482.9 0   303.6 0   303.8 0   269.0 2   475.1 0 -9999.9 1  -105.7 0 -9999.9 1 -9999.9 1 -9999.9 1 -9999.9 1   245.5 0 -9999.9 1
 1999 185  7  4 18  9 18.150  17.30  1063.9 0 -9999.9 1 -9999.9 1   141.7 0   375.9 0   318.2 0   317.3 0   486.2 0   303.6 0   303.9 0   269.8 2   476.9 0 -9999.9 1  -110.3 0 -9999.9 1 -9999.9 1 -9999.9 1 -9999.9 1   250.4 0 -9999.9 1
 1999 185  7  4 18 12 18.200  17.39  1061.5 0 -9999.9 1 -9999.9 1   142.2 0   374.9 0   318.2 0   317.1 0   485.2 0   303.6 0   303.9 0   270.3 2   475.4 0 -9999.9 1  -110.3 0 -9999.9 1 -9999.9 1 -9999.9 1 -9999.9 1   250.3 0 -9999.9 1
 1999 185  7  4 18 18 18.300  17.63  1056.6 0 -9999.9 1 -9999.9 1   152.6 0   373.5 0   318.2 0   317.0 0   484.8 0   303.6 0   303.8 0   264.9 2   473.5 0 -9999.9 1  -111.3 0 -9999.9 1 -9999.9 1 -9999.9 1 -9999.9 1   241.0 0 -9999.9 1
 1999 185  7  4 18 21 18.350  17.78  1055.3 0 -9999.9 1 -9999.9 1   151.1 0   373.3 0   318.3 0   317.4 0   488.0 0   303.7 0   303.9 0   262.5 2   472.8 0 -9999.9 1  -114.7 0 -9999.9 1 -9999.9 1 -9999.9 1 -9999.9 1   234.1 0 -9999.9 1
 1999 185  7  4 18 24 18.400  17.95  1055.4 0 -9999.9 1 -9999.9 1   150.6 0   375.3 0   318.5 0   317.5 0   487.6 0   303.9 0   304.1 0   262.7 2   473.8 0 -9999.9 1  -112.4 0 -9999.9 1 -9999.9 1 -9999.9 1 -9999.9 1   234.3 0 -9999.9 1
 1999 185  7  4 18 27 18.450  18.15  1048.7 0 -9999.9 1 -9999.9 1   150.7 0   378.6 0   318.7 0   317.5 0   488.3 0   304.0 0   304.3 0   261.2 0   471.0 0 -9999.9 1  -109.7 0 -9999.9 1 -9999.9 1 -9999.9 1 -9999.9 1   241.7 0 -9999.9 1
 1999 185  7  4 18 33 18.550  18.59  1040.4 0 -9999.9 1 -9999.9 1   156.5 0   384.5 0   318.9 0   318.2 0   494.3 0   304.4 0   304.7 0   259.3 0   467.7 0 -9999.9 1  -109.8 0 -9999.9 1 -9999.9 1 -9999.9 1 -9999.9 1   238.0 0 -9999.9 1
 1999 185  7  4 18 36 18.600  18.85  1037.4 0 -9999.9 1 -9999.9 1   164.1 0   387.1 0   319.0 0   317.7 0   487.9 0   304.5 0   304.7 0   256.7 0   467.2 0 -9999.9 1  -100.8 0 -9999.9 1 -9999.9 1 -9999.9 1 -9999.9 1   240.6 0 -9999.9 1
 1999 185  7  4 18 39 18.650  19.12  1040.1 0 -9999.9 1 -9999.9 1   186.9 0   389.3 0   319.0 0   317.8 0   489.7 0   304.5 0   304.7 0   253.9 0   467.5 0 -9999.9 1  -100.4 0 -9999.9 1 -9999.9 1 -9999.9 1 -9999.9 1   240.7 0 -9999.9 1
 1999 185  7  4 18 42 18.700  19.40  1084.8 0 -9999.9 1 -9999.9 1   234.9 0   389.9 0   318.8 0   317.6 0   489.0 0   304.2 0   304.5 0   254.5 0   487.5 0 -9999.9 1   -99.0 0 -9999.9 1 -9999.9 1 -9999.9 1 -9999.9 1   250.9 0 -9999.9 1
 1999 185  7  4 18 48 18.800  20.02  1070.8 0 -9999.9 1 -9999.9 1   219.4 0   391.0 0   318.8 0   317.8 0   489.0 0   304.3 0   304.6 0   252.2 0   482.0 0 -9999.9 1   -97.9 0 -9999.9 1 -9999.9 1 -9999.9 1 -9999.9 1   231.7 0 -9999.9 1
 1999 185  7  4 18 51 18.850  20.36   740.1 0 -9999.9 1 -9999.9 1   266.2 0   386.3 0   318.8 0   317.4 0   481.0 0   304.1 0   304.3 0   200.7 2   339.6 0 -9999.9 1   -94.7 0 -9999.9 1 -9999.9 1 -9999.9 1 -9999.9 1   221.7 0 -9999.9 1
 1999 185  7  4 18 54 18.900  20.70   878.1 0 -9999.9 1 -9999.9 1   255.2 0   387.4 0   318.6 0   317.2 0   484.0 0   304.0 0   304.2 0   220.8 2   396.5 0 -9999.9 1   -96.6 0 -9999.9 1 -9999.9 1 -9999.9 1 -9999.9 1   233.2 0 -9999.9 1
 1999 185  7  4 18 57 18.950  21.06  1040.4 0 -9999.9 1 -9999.9 1   217.1 0   387.0 0   318.6 0   317.6 0   487.9 0   303.9 0   304.2 0   248.7 2   470.7 0 -9999.9 1  -100.9 0 -9999.9 1 -9999.9 1 -9999.9 1 -9999.9 1   236.1 0 -9999.9 1
 1999 185  7  4 19  3 19.050  21.82  1026.7 0 -9999.9 1 -9999.9 1   169.5 0   382.1 0   318.5 0   317.3 0   486.5 0   303.8 0   304.1 0   252.4 2   464.1 0 -9999.9 1  -104.4 0 -9999.9 1 -9999.9 1 -9999.9 1 -9999.9 1   250.3 0 -9999.9 1
 1999 185  7  4 19  6 19.100  22.21  1036.8 0 -9999.9 1 -9999.9 1   170.9 0   378.4 0   318.6 0   317.8 0   488.4 0   303.9 0   304.2 0   254.7 2   467.9 0 -9999.9 1  -110.1 0 -9999.9 1 -9999.9 1 -9999.9 1 -9999.9 1   237.8 0 -9999.9 1
 1999 185  7  4 19  9 19.150  22.62  1042.8 0 -9999.9 1 -9999.9 1   180.2 0   379.0 0   318.6 0   317.6 0   487.2 0   303.9 0   304.2 0   255.0 2   469.6 0 -9999.9 1  -108.1 0 -9999.9 1 -9999.9 1 -9999.9 1 -9999.9 1   247.9 0 -9999.9 1
 1999 185  7  4 19 12 19.200  23.04  1010.2 0 -9999.9 1 -9999.9 1   165.6 0   379.9 0   318.7 0   317.4 0   487.2 0   304.0 0   304.2 0   245.7 2   455.8 0 -9999.9 1  -107.3 0 -9999.9 1 -9999.9 1 -9999.9 1 -9999.9 1   253.3 0 -9999.9 1
 1999 185  7  4 19 18 19.300  23.90  1009.8 0 -9999.9 1 -9999.9 1   162.4 0   378.6 0   318.7 0   317.6 0   486.5 0   304.0 0   304.3 0   241.1 2   456.9 0 -9999.9 1  -107.9 0 -9999.9 1 -9999.9 1 -9999.9 1 -9999.9 1   236.8 0 -9999.9 1
 1999 185  7  4 19 21 19.350  24.34  1007.3 0 -9999.9 1 -9999.9 1   155.1 0   378.0 0   318.7 0   317.6 0   485.3 0   304.0 0   304.3 0   238.7 2   455.5 0 -9999.9 1  -107.3 0 -9999.9 1 -9999.9 1 -9999.9 1 -9999.9 1   252.4 0 -9999.9 1
 1999 185  7  4 19 24 19.400  24.79   999.9 0 -9999.9 1 -9999.9 1   162.7 0   380.4 0   318.7 0   317.4 0   484.4 0   304.1 0   304.3 0   234.6 2   452.6 0 -9999.9 1  -104.0 0 -9999.9 1 -9999.9 1 -9999.9 1 -9999.9 1   243.9 0 -9999.9 1
 1999 185  7  4 19 27 19.450  25.25   984.5 0 -9999.9 1 -9999.9 1   160.3 0   381.4 0   318.8 0   317.5 0   484.3 0   304.2 0   304.4 0   229.7 2   446.2 0 -9999.9 1  -102.8 0 -9999.9 1 -9999.9 1 -9999.9 1 -9999.9 1   241.3 0 -9999.9 1
 1999 185  7  4 19 33 19.550  26.19   980.8 0 -9999.9 1 -9999.9 1   163.3 0   380.2 0   318.5 0   317.1 0   482.4 0   304.0 0   304.2 0   224.1 2   445.4 0 -9999.9 1  -102.2 0 -9999.9 1 -9999.9 1 -9999.9 1 -9999.9 1   241.0 0 -9999.9 1
 1999 185  7  4 19 36 19.600  26.67   975.1 0 -9999.9 1 -9999.9 1   167.2 0   381.2 0   318.5 0   317.1 0   483.6 0   304.0 0   304.2 0   220.1 2   442.4 0 -9999.9 1  -102.4 0 -9999.9 1 -9999.9 1 -9999.9 1 -9999.9 1   246.7 0 -9999.9 1
 1999 185  7  4 19 39 19.650  27.16   952.4 0 -9999.9 1 -9999.9 1   183.2 0   379.2 0   318.5 0   317.6 0   486.6 0   304.0 0   304.3 0   212.0 2   431.9 0 -9999.9 1  -107.4 0 -9999.9 1 -9999.9 1 -9999.9 1 -9999.9 1   243.4 0 -9999.9 1
 1999 185  7  4 19 42 19.700  27.65   992.2 0 -9999.9 1 -9999.9 1   187.3 0   383.4 0   318.5 0   317.2 0   483.6 0   304.0 0   304.3 0   219.1 2   450.6 0 -9999.9 1  -100.2 0 -9999.9 1 -9999.9 1 -9999.9 1 -9999.9 1   248.0 0 -9999.9 1
 1999 185  7  4 19 48 19.800  28.64   968.6 0 -9999.9 1 -9999.9 1   191.4 0   384.4 0   318.3 0   317.1 0   484.4 0   304.0 0   304.3 0   211.7 2   440.2 0 -9999.9 1  -100.0 0 -9999.9 1 -9999.9 1 -9999.9 1 -9999.9 1   251.8 0 -9999.9 1
 1999 185  7  4 19 51 19.850  29.15   953.2 0 -9999.9 1 -9999.9 1   175.0 0   383.3 0   318.3 0   317.0 0   484.6 0   304.1 0   304.3 0   207.7 2   434.6 0 -9999.9 1  -101.3 0 -9999.9 1 -9999.9 1 -9999.9 1 -9999.9 1   243.3 0 -9999.9 1
 1999 185  7  4 19 54 19.900  29.66   928.2 0 -9999.9 1 -9999.9 1   195.1 0   383.7 0   318.3 0   317.1 0   483.9 0   304.1 0   304.3 0   201.8 2   422.3 0 -9999.9 1  -100.2 0 -9999.9 1 -9999.9 1 -9999.9 1 -9999.9 1   245.1 0 -9999.9 1
 1999 185  7  4 19 57 19.950  30.17   972.6 0 -9999.9 1 -9999.9 1   198.3 0   384.3 0   318.4 0   317.5 0   487.2 0   304.2 0   304.5 0   208.0 2   443.1 0 -9999.9 1  -102.9 0 -9999.9 1 -9999.9 1 -9999.9 1 -9999.9 1   232.8 0 -9999.9 1
 1999 185  7  4 20  3 20.050  31.21   948.8 0 -9999.9 1 -9999.9 1   197.4 0   386.0 0   318.7 0   317.6 0   485.2 0   304.3 0   304.5 0   201.7 2   432.8 0 -9999.9 1   -99.2 0 -9999.9 1 -9999.9 1 -9999.9 1 -9999.9 1   249.6 0 -9999.9 1
 1999 185  7  4 20  6 20.100  31.74   970.3 0 -9999.9 1 -9999.9 1   223.4 0   389.0 0   318.7 0   317.5 0   486.0 0   304.3 0   304.6 0   202.1 2   441.7 0 -9999.9 1   -97.1 0 -9999.9 1 -9999.9 1 -9999.9 1 -9999.9 1   252.2 0 -9999.9 1
 1999 185  7  4 20  9 20.150  32.27   947.0 0 -9999.9 1 -9999.9 1   204.4 0   387.7 0   318.8 0   317.5 0   487.4 0   304.4 0   304.7 0   199.7 2   431.7 0 -9999.9 1   -99.7 0 -9999.9 1 -9999.9 1 -9999.9 1 -9999.9 1   258.4 0 -9999.9 1
 1999 185  7  4 20 12 20.200  32.80   942.6 0 -9999.9 1 -9999.9 1   206.0 0   388.9 0   318.9 0   317.7 0   486.0 0   304.5 0   304.7 0   196.4 2   429.2 0 -9999.9 1   -97.1 0 -9999.9 1 -9999.9 1 -9999.9 1 -9999.9 1   249.5 0 -9999.9 1
 1999 185  7  4 20 18 20.300  33.88   925.3 0 -9999.9 1 -9999.9 1   204.6 0   386.6 0   319.1 0   317.9 0   485.3 0   304.5 0   304.8 0   189.4 2   423.7 0 -9999.9 1   -98.7 0 -9999.9 1 -9999.9 1 -9999.9 1 -9999.9 1   249.0 0 -9999.9 1
 1999 185  7  4 20 21 20.350  34.42   936.3 0 -9999.9 1 -9999.9 1   225.8 0   390.3 0   319.2 0   318.2 0   486.9 0   304.6 0   304.9 0   188.2 2   427.9 0 -9999.9 1   -96.7 0 -9999.9 1 -9999.9 1 -9999.9 1 -9999.9 1   249.6 0 -9999.9 1
 1999 185  7  4 20 24 20.400  34.96   918.0 0 -9999.9 1 -9999.9 1   212.1 0   389.0 0   319.5 0   318.5 0   491.7 0   304.8 0   305.1 0   183.8 2   420.4 0 -9999.9 1  -102.8 0 -9999.9 1 -9999.9 1 -9999.9 1 -9999.9 1   241.6 0 -9999.9 1
 1999 185  7  4 20 27 20.450  35.51   841.5 0 -9999.9 1 -9999.9 1   222.8 0   387.5 0   319.6 0   318.5 0   488.1 0   304.8 0   305.1 0   174.0 2   386.3 0 -9999.9 1  -100.6 0 -9999.9 1 -9999.9 1 -9999.9 1 -9999.9 1   248.1 0 -9999.9 1
 1999 185  7  4 20 33 20.550  36.60   876.4 0 -9999.9 1 -9999.9 1   237.8 0   388.8 0   319.5 0   318.3 0   484.0 0   304.7 0   304.9 0   167.8 2   403.8 0 -9999.9 1   -95.2 0 -9999.9 1 -9999.9 1 -9999.9 1 -9999.9 1   237.6 0 -9999.9 1
 1999 185  7  4 20 36 20.600  37.15   912.1 0 -9999.9 1 -9999.9 1   262.5 0   394.1 0   319.8 0   318.5 0   486.0 0   304.8 0   305.1 0   167.5 2   415.1 0 -9999.9 1   -91.8 0 -9999.9 1 -9999.9 1 -9999.9 1 -9999.9 1   231.8 0 -9999.9 1
 1999 185  7  4 20 39 20.650  37.71   890.7 0 -9999.9 1 -9999.9 1   226.4 0   394.9 0   320.0 0   318.6 0   486.1 0   304.9 0   305.2 0   164.5 0   408.6 0 -9999.9 1   -91.2 0 -9999.9 1 -9999.9 1 -9999.9 1 -9999.9 1   234.5 0 -9999.9 1
 1999 185  7  4 20 42 20.700  38.26   873.2 0 -9999.9 1 -9999.9 1   220.3 0   393.8 0   320.1 0   318.8 0   485.5 0   305.1 0   305.3 0   158.5 0   400.5 0 -9999.9 1   -91.7 0 -9999.9 1 -9999.9 1 -9999.9 1 -9999.9 1   232.0 0 -9999.9 1
 1999 185  7  4 20 48 20.800  39.38   835.1 0 -9999.9 1 -9999.9 1   202.0 0   391.1 0   320.1 0   318.7 0   484.8 0   304.9 0   305.2 0   148.4 0   385.1 0 -9999.9 1   -93.7 0 -9999.9 1 -9999.9 1 -9999.9 1 -9999.9 1   232.8 0 -9999.9 1
 1999 185  7  4 20 51 20.850  39.94   682.0 0 -9999.9 1 -9999.9 1   223.4 0   392.6 0   320.1 0   318.6 0   482.8 0   304.9 0   305.1 0   132.5 0   315.2 0 -9999.9 1   -90.2 0 -9999.9 1 -9999.9 1 -9999.9 1 -9999.9 1   248.6 0 -9999.9 1
 1999 185  7  4 20 54 20.900  40.50   521.6 0 -9999.9 1 -9999.9 1   275.7 0   399.5 0   320.0 0   318.0 0   474.1 0   304.9 0   304.9 0   112.9 0   245.4 0 -9999.9 1   -74.6 0 -9999.9 1 -9999.9 1 -9999.9 1 -9999.9 1   242.1 0 -9999.9 1
 1999 185  7  4 20 57 20.950  41.06   656.1 0 -9999.9 1 -9999.9 1   254.9 0   396.3 0   320.0 0   318.6 0   480.3 0   304.8 0   304.9 0   120.9 0   302.8 0 -9999.9 1   -84.1 0 -9999.9 1 -9999.9 1 -9999.9 1 -9999.9 1   224.3 0 -9999.9 1
 1999 185  7  4 21  3 21.050  42.19   475.2 0 -9999.9 1 -9999.9 1   225.9 0   393.9 0   320.1 0   318.5 0   476.8 0   304.7 0   304.8 0   102.1 0   224.2 0 -9999.9 1   -82.9 0 -9999.9 1 -9999.9 1 -9999.9 1 -9999.9 1   219.3 0 -9999.9 1
 1999 185  7  4 21  6 21.100  42.76   653.8 0 -9999.9 1 -9999.9 1   250.2 0   397.1 0   320.2 0   318.8 0   482.8 0   304.7 0   304.9 0   110.2 0   295.4 0 -9999.9 1   -85.7 0 -9999.9 1 -9999.9 1 -9999.9 1 -9999.9 1   213.5 0 -9999.9 1
 1999 185  7  4 21  9 21.150  43.32   379.4 0 -9999.9 1 -9999.9 1   263.8 0   407.6 0   320.2 0   318.5 0   475.8 0   304.6 0   304.7 0    83.4 0   176.3 0 -9999.9 1   -68.2 0 -9999.9 1 -9999.9 1 -9999.9 1 -9999.9 1   214.1 0 -9999.9 1
 1999 185  7  4 21 12 21.200  43.89   603.3 0 -9999.9 1 -9999.9 1   299.8 0   410.8 0   320.1 0   318.5 0   476.2 0   304.5 0   304.6 0   100.4 0   276.3 0 -9999.9 1   -65.3 0 -9999.9 1 -9999.9 1 -9999.9 1 -9999.9 1   223.6 0 -9999.9 1
 1999 185  7  4 21 18 21.300  45.03   419.5 0 -9999.9 1 -9999.9 1   216.1 0   393.6 0   320.2 0   318.6 0   478.7 0   304.4 0   304.6 0    91.6 0   202.3 0 -9999.9 1   -85.0 0 -9999.9 1 -9999.9 1 -9999.9 1 -9999.9 1   223.6 0 -9999.9 1
 1999 185  7  4 21 21 21.350  45.60   592.0 0 -9999.9 1 -9999.9 1   238.3 0   394.1 0   320.1 0   318.4 0   477.7 0   304.3 0   304.4 0   100.8 0   274.9 0 -9999.9 1   -83.6 0 -9999.9 1 -9999.9 1 -9999.9 1 -9999.9 1   224.9 0 -9999.9 1
 1999 185  7  4 21 24 21.400  46.17   716.9 0 -9999.9 1 -9999.9 1   199.7 0   389.7 0   320.0 0   318.5 0   480.5 0   304.2 0   304.4 0   111.9 2   329.3 0 -9999.9 1   -90.8 0 -9999.9 1 -9999.9 1 -9999.9 1 -9999.9 1   228.2 0 -9999.9 1
 1999 185  7  4 21 27 21.450  46.74   587.5 0 -9999.9 1 -9999.9 1   212.0 0   388.8 0   320.0 0   318.4 0   478.0 0   304.2 0   304.4 0   102.6 2   272.8 0 -9999.9 1   -89.2 0 -9999.9 1 -9999.9 1 -9999.9 1 -9999.9 1   229.1 0 -9999.9 1
 1999 185  7  4 21 33 21.550  47.88   636.4 0 -9999.9 1 -9999.9 1   159.1 0   382.0 0   319.9 0   318.3 0   476.9 0   304.0 0   304.2 0   103.7 2   296.7 0 -9999.9 1   -94.9 0 -9999.9 1 -9999.9 1 -9999.9 1 -9999.9 1   229.8 0 -9999.9 1
 1999 185  7  4 21 36 21.600  48.46   675.6 0 -9999.9 1 -9999.9 1   140.3 0   379.2 0   319.9 0   318.7 0   480.6 0   304.1 0   304.3 0   105.1 2   314.4 0 -9999.9 1  -101.4 0 -9999.9 1 -9999.9 1 -9999.9 1 -9999.9 1   231.6 0 -9999.9 1
 1999 185  7  4 21 39 21.650  49.03   681.6 0 -9999.9 1 -9999.9 1   156.4 0   383.9 0   320.0 0   318.4 0   479.2 0   304.1 0   304.4 0   102.8 2   316.6 0 -9999.9 1   -95.3 0 -9999.9 1 -9999.9 1 -9999.9 1 -9999.9 1   233.2 0 -9999.9 1
 1999 185  7  4 21 42 21.700  49.60   725.0 0 -9999.9 1 -9999.9 1   221.1 0   393.1 0   320.0 0   318.5 0   479.8 0   304.2 0   304.4 0   100.4 2   333.2 0 -9999.9 1   -86.7 0 -9999.9 1 -9999.9 1 -9999.9 1 -9999.9 1   244.9 0 -9999.9 1
 1999 185  7  4 21 48 21.800  50.75   319.1 0 -9999.9 1 -9999.9 1   230.2 0   398.3 0   320.0 0   317.9 0   467.0 0   304.2 0   304.2 0    68.8 2   159.1 0 -9999.9 1   -68.7 0 -9999.9 1 -9999.9 1 -9999.9 1 -9999.9 1   228.1 0 -9999.9 1
 1999 185  7  4 21 51 21.850  51.32   427.0 0 -9999.9 1 -9999.9 1   206.3 0   390.5 0   319.9 0   318.1 0   471.0 0   304.1 0   304.1 0    71.8 2   198.3 0 -9999.9 1   -80.4 0 -9999.9 1 -9999.9 1 -9999.9 1 -9999.9 1   222.5 0 -9999.9 1
 1999 185  7  4 21 54 21.900  51.90   525.9 0 -9999.9 1 -9999.9 1   190.6 0   387.5 0   319.8 0   318.2 0   471.8 0   303.9 0   304.0 0    76.3 2   247.3 0 -9999.9 1   -84.3 0 -9999.9 1 -9999.9 1 -9999.9 1 -9999.9 1   222.4 0 -9999.9 1
 1999 185  7  4 21 57 21.950  52.47   298.5 0 -9999.9 1 -9999.9 1   173.5 0   390.3 0   319.8 0   317.7 0   467.0 0   303.8 0   303.8 0    64.3 2   151.2 0 -9999.9 1   -76.7 0 -9999.9 1 -9999.9 1 -9999.9 1 -9999.9 1   223.8 0 -9999.9 1
 1999 185  7  4 22  3 22.050  53.62   189.3 0 -9999.9 1 -9999.9 1   156.2 0   404.4 0   319.7 0   317.3 0   463.4 0   303.7 0   303.7 0    48.6 2    94.2 0 -9999.9 1   -59.0 0 -9999.9 1 -9999.9 1 -9999.9 1 -9999.9 1   221.1 0 -9999.9 1
 1999 185  7  4 22  6 22.100  54.19   323.2 0 -9999.9 1 -9999.9 1   214.0 0   405.8 0   319.4 0   317.3 0   463.3 0   303.4 0   303.4 0    53.6 2   153.3 0 -9999.9 1   -57.5 0 -9999.9 1 -9999.9 1 -9999.9 1 -9999.9 1   225.5 0 -9999.9 1
 1999 185  7  4 22  9 22.150  54.76   488.7 0 -9999.9 1 -9999.9 1   200.0 0   394.6 0   319.2 0   317.3 0   470.8 0   303.3 0   303.4 0    64.5 2   230.5 0 -9999.9 1   -76.2 0 -9999.9 1 -9999.9 1 -9999.9 1 -9999.9 1   224.2 0 -9999.9 1
 1999 185  7  4 22 12 22.200  55.34   556.0 0 -9999.9 1 -9999.9 1   162.7 0   387.8 0   319.2 0   317.6 0   475.3 0   303.3 0   303.6 0    67.3 2   260.2 0 -9999.9 1   -87.5 0 -9999.9 1 -9999.9 1 -9999.9 1 -9999.9 1   223.4 0 -9999.9 1
 1999 185  7  4 22 18 22.300  56.48   517.6 0 -9999.9 1 -9999.9 1   136.4 0   385.2 0   319.2 0   317.4 0   472.1 0   303.5 0   303.7 0    62.0 2   243.5 0 -9999.9 1   -86.9 0 -9999.9 1 -9999.9 1 -9999.9 1 -9999.9 1   219.0 0 -9999.9 1
 1999 185  7  4 22 21 22.350  57.06   504.4 0 -9999.9 1 -9999.9 1   133.8 0   383.3 0   319.2 0   317.4 0   472.0 0   303.5 0   303.7 0    59.5 2   237.1 0 -9999.9 1   -88.7 0 -9999.9 1 -9999.9 1 -9999.9 1 -9999.9 1   218.6 0 -9999.9 1
 1999 185  7  4 22 24 22.400  57.63   483.2 0 -9999.9 1 -9999.9 1   136.0 0   385.0 0   319.2 0   317.2 0   469.6 0   303.5 0   303.6 0    56.9 2   226.2 0 -9999.9 1   -84.6 0 -9999.9 1 -9999.9 1 -9999.9 1 -9999.9 1   220.1 0 -9999.9 1
 1999 185  7  4 22 27 22.450  58.20   474.8 0 -9999.9 1 -9999.9 1   133.9 0   381.1 0   319.0 0   317.2 0   468.7 0   303.4 0   303.5 0    54.9 2   222.6 0 -9999.9 1   -87.6 0 -9999.9 1 -9999.9 1 -9999.9 1 -9999.9 1   223.2 0 -9999.9 1
 1999 185  7  4 22 33 22.550  59.34   470.0 0 -9999.9 1 -9999.9 1   125.3 0   377.6 0   319.0 0   317.3 0   468.0 0   303.4 0   303.6 0    51.1 2   222.5 0 -9999.9 1   -90.5 0 -9999.9 1 -9999.9 1 -9999.9 1 -9999.9 1   223.1 0 -9999.9 1
 1999 185  7  4 22 36 22.600  59.92   459.5 0 -9999.9 1 -9999.9 1   122.4 0   377.5 0   319.0 0   317.2 0   467.5 0   303.4 0   303.5 0    48.5 2   217.4 0 -9999.9 1   -90.0 0 -9999.9 1 -9999.9 1 -9999.9 1 -9999.9 1   220.9 0 -9999.9 1
 1999 185  7  4 22 39 22.650  60.49   447.9 0 -9999.9 1 -9999.9 1   120.5 0   375.0 0   319.1 0   317.3 0   467.7 0   303.4 0   303.6 0    46.5 2   211.4 0 -9999.9 1   -92.6 0 -9999.9 1 -9999.9 1 -9999.9 1 -9999.9 1   222.8 0 -9999.9 1
 1999 185  7  4 22 42 22.700  61.06   433.8 0 -9999.9 1 -9999.9 1   122.6 0   375.6 0   319.1 0   317.3 0   467.1 0   303.4 0   303.5 0    44.1 2   204.3 0 -9999.9 1   -91.6 0 -9999.9 1 -9999.9 1 -9999.9 1 -9999.9 1   222.5 0 -9999.9 1
 1999 185  7  4 22 48 22.800  62.19   417.4 0 -9999.9 1 -9999.9 1   121.3 0   379.4 0   319.3 0   317.4 0   468.6 0   303.6 0   303.7 0    40.2 0   197.2 0 -9999.9 1   -89.2 0 -9999.9 1 -9999.9 1 -9999.9 1 -9999.9 1   223.7 0 -9999.9 1
 1999 185  7  4 22 51 22.850  62.76   403.2 0 -9999.9 1 -9999.9 1   119.1 0   381.2 0   319.4 0   317.7 0   469.1 0   303.7 0   303.8 0    38.4 0   190.5 0 -9999.9 1   -87.8 0 -9999.9 1 -9999.9 1 -9999.9 1 -9999.9 1   221.7 0 -9999.9 1
 1999 185  7  4 22 54 22.900  63.33   390.9 0 -9999.9 1 -9999.9 1   121.2 0   386.8 0   319.6 0   317.6 0   469.0 0   303.7 0   303.9 0    36.5 0   184.8 0 -9999.9 1   -82.2 0 -9999.9 1 -9999.9 1 -9999.9 1 -9999.9 1   222.6 0 -9999.9 1
 1999 185  7  4 22 57 22.950  63.90   373.1 0 -9999.9 1 -9999.9 1   126.0 0   389.2 0   319.6 0   317.9 0   469.1 0   303.8 0   303.9 0    34.4 0   176.3 0 -9999.9 1   -79.9 0 -9999.9 1 -9999.9 1 -9999.9 1 -9999.9 1   224.1 0 -9999.9 1
 1999 185  7  4 23  3 23.050  65.03   351.7 0 -9999.9 1 -9999.9 1   129.1 0   391.4 0   319.7 0   317.8 0   468.8 0   303.8 0   303.9 0    31.3 0   166.2 0 -9999.9 1   -77.4 0 -9999.9 1 -9999.9 1 -9999.9 1 -9999.9 1   225.0 0 -9999.9 1
 1999 185  7  4 23  6 23.100  65.59   344.7 0 -9999.9 1 -9999.9 1   127.5 0   391.5 0   319.7 0   317.9 0   469.3 0   303.8 0   304.0 0    30.0 0   163.8 0 -9999.9 1   -77.8 0 -9999.9 1 -9999.9 1 -9999.9 1 -9999.9 1   224.4 0 -9999.9 1
 1999 185  7  4 23  9 23.150  66.16   339.8 0 -9999.9 1 -9999.9 1   124.8 0   392.3 0   319.8 0   318.0 0   470.7 0   303.8 0   303.9 0    29.3 0   161.6 0 -9999.9 1   -78.4 0 -9999.9 1 -9999.9 1 -9999.9 1 -9999.9 1   229.6 0 -9999.9 1
 1999 185  7  4 23 12 23.200  66.72   319.5 0 -9999.9 1 -9999.9 1   117.6 0   393.1 0   319.6 0   317.6 0   467.4 0   303.6 0   303.7 0    27.7 0   150.9 0 -9999.9 1   -74.3 0 -9999.9 1 -9999.9 1 -9999.9 1 -9999.9 1   235.1 0 -9999.9 1
 1999 185  7  4 23 18 23.300  67.84   301.3 0 -9999.9 1 -9999.9 1   113.9 0   394.5 0   319.6 0   317.6 0   467.2 0   303.6 0   303.7 0    25.0 0   142.8 0 -9999.9 1   -72.7 0 -9999.9 1 -9999.9 1 -9999.9 1 -9999.9 1   230.9 0 -9999.9 1
 1999 185  7  4 23 21 23.350  68.40   283.9 0 -9999.9 1 -9999.9 1   107.6 0   392.2 0   319.5 0   317.4 0   465.8 0   303.4 0   303.5 0    23.6 0   133.9 0 -9999.9 1   -73.6 0 -9999.9 1 -9999.9 1 -9999.9 1 -9999.9 1   229.7 0 -9999.9 1
 1999 185  7  4 23 24 23.400  68.96   284.0 0 -9999.9 1 -9999.9 1   105.5 0   391.5 0   319.4 0   317.3 0   465.8 0   303.4 0   303.5 0    22.6 0   135.9 0 -9999.9 1   -74.3 0 -9999.9 1 -9999.9 1 -9999.9 1 -9999.9 1   230.0 0 -9999.9 1
 1999 185  7  4 23 27 23.450  69.52   280.3 0 -9999.9 1 -9999.9 1   106.9 0   390.5 0   319.2 0   317.1 0   464.8 0   303.2 0   303.3 0    21.4 0   134.5 0 -9999.9 1   -74.3 0 -9999.9 1 -9999.9 1 -9999.9 1 -9999.9 1   228.4 0 -9999.9 1
 1999 185  7  4 23 33 23.550  70.63   261.0 0 -9999.9 1 -9999.9 1    99.9 0   388.5 0   319.0 0   316.9 0   463.1 0   302.9 0   303.0 0    19.2 2   125.8 0 -9999.9 1   -74.5 0 -9999.9 1 -9999.9 1 -9999.9 1 -9999.9 1   229.0 0 -9999.9 1
 1999 185  7  4 23 36 23.600  71.19   250.0 0 -9999.9 1 -9999.9 1    94.4 0   386.8 0   318.9 0   316.9 0   462.6 0   302.9 0   303.0 0    18.4 2   120.4 0 -9999.9 1   -75.8 0 -9999.9 1 -9999.9 1 -9999.9 1 -9999.9 1   231.3 0 -9999.9 1
 1999 185  7  4 23 39 23.650  71.74   235.7 0 -9999.9 1 -9999.9 1    89.4 0   383.9 0   318.8 0   317.0 0   461.6 0   302.8 0   302.9 0    17.5 2   113.4 0 -9999.9 1   -77.7 0 -9999.9 1 -9999.9 1 -9999.9 1 -9999.9 1   235.0 0 -9999.9 1
 1999 185  7  4 23 42 23.700  72.30   227.0 0 -9999.9 1 -9999.9 1    86.6 0   384.8 0   318.8 0   316.7 0   461.1 0   302.7 0   302.8 0    16.4 2   109.6 0 -9999.9 1   -76.3 0 -9999.9 1 -9999.9 1 -9999.9 1 -9999.9 1   234.2 0 -9999.9 1
 1999 185  7  4 23 48 23.800  73.40   208.6 0 -9999.9 1 -9999.9 1    84.1 0   383.1 0   318.7 0   316.7 0   459.6 0   302.6 0   302.6 0    14.6 2   101.1 0 -9999.9 1   -76.4 0 -9999.9 1 -9999.9 1 -9999.9 1 -9999.9 1   229.4 0 -9999.9 1
 1999 185  7  4 23 51 23.850  73.95   192.2 0 -9999.9 1 -9999.9 1    81.7 0   385.9 0   318.7 0   316.4 0   458.7 0   302.5 0   302.6 0    13.6 2    92.5 0 -9999.9 1   -72.8 0 -9999.9 1 -9999.9 1 -9999.9 1 -9999.9 1   231.6 0 -9999.9 1
 1999 185  7  4 23 54 23.900  74.49   187.2 0 -9999.9 1 -9999.9 1    79.9 0   384.4 0   318.6 0   316.4 0   457.4 0   302.4 0   302.5 0    12.7 2    90.7 0 -9999.9 1   -73.0 0 -9999.9 1 -9999.9 1 -9999.9 1 -9999.9 1   233.6 0 -9999.9 1
 1999 185  7  4 23 57 23.950  75.04   180.0 0 -9999.9 1 -9999.9 1    76.6 0   383.8 0   318.5 0   316.3 0   457.3 0   302.4 0   302.4 0    11.9 2    87.3 0 -9999.9 1   -73.5 0 -9999.9 1 -9999.9 1 -9999.9 1 -9999.9 1   235.4 0 -9999.9 1
