 Bondville
   40.05  -88.37  213 m version 1
 1999 173  6 22  0  3  0.050  76.24    50.7 0 -9999.9 1 -9999.9 1    51.6 0   381.6 0   306.5 0   304.8 0   419.7 0   293.6 0   293.6 0     2.7 2    22.2 0 -9999.9 1   -38.1 0 -9999.9 1 -9999.9 1 -9999.9 1 -9999.9 1   166.6 0 -9999.9 1
 1999 173  6 22  0  6  0.100  76.78    61.8 0 -9999.9 1 -9999.9 1    54.8 0   382.2 0   306.4 0   304.8 0   419.8 0   293.7 0   293.7 0     2.5 0    24.7 0 -9999.9 1   -37.6 0 -9999.9 1 -9999.9 1 -9999.9 1 -9999.9 1   160.3 0 -9999.9 1
 1999 173  6 22  0  9  0.150  77.31    70.1 0 -9999.9 1 -9999.9 1    58.9 0   382.5 0   306.4 0   304.7 0   420.5 0   293.7 0   293.7 0     2.4 0    26.9 0 -9999.9 1   -38.0 0 -9999.9 1 -9999.9 1 -9999.9 1 -9999.9 1   162.7 0 -9999.9 1
 1999 173  6 22  0 12  0.200  77.85    66.4 0 -9999.9 1 -9999.9 1    60.8 0   380.6 0   306.4 0   304.7 0   420.6 0   293.7 0   293.7 0     2.4 2    27.3 0 -9999.9 1   -40.0 0 -9999.9 1 -9999.9 1 -9999.9 1 -9999.9 1   166.7 0 -9999.9 1
 1999 173  6 22  0 18  0.300  78.91    44.9 0 -9999.9 1 -9999.9 1    47.5 0   378.2 0   306.4 0   304.8 0   419.2 0   293.7 0   293.7 0     2.2 2    20.2 0 -9999.9 1   -40.9 0 -9999.9 1 -9999.9 1 -9999.9 1 -9999.9 1   179.2 0 -9999.9 1
 1999 173  6 22  0 21  0.350  79.44    38.4 0 -9999.9 1 -9999.9 1    41.3 0   378.5 0   306.5 0   304.9 0   418.8 0   293.7 0   293.7 0     2.0 2    17.1 0 -9999.9 1   -40.3 0 -9999.9 1 -9999.9 1 -9999.9 1 -9999.9 1   175.1 0 -9999.9 1
 1999 173  6 22  0 24  0.400  79.97    33.1 0 -9999.9 1 -9999.9 1    35.8 0   379.3 0   306.6 0   305.0 0   418.7 0   293.8 0   293.7 0     1.9 2    15.0 0 -9999.9 1   -39.4 0 -9999.9 1 -9999.9 1 -9999.9 1 -9999.9 1   168.4 0 -9999.9 1
 1999 173  6 22  0 27  0.450  80.50    29.5 0 -9999.9 1 -9999.9 1    31.2 0   378.7 0   306.7 0   305.0 0   418.2 0   293.8 0   293.8 0     1.8 0    13.1 0 -9999.9 1   -39.5 0 -9999.9 1 -9999.9 1 -9999.9 1 -9999.9 1   165.3 0 -9999.9 1
 1999 173  6 22  0 33  0.550  81.54    19.9 0 -9999.9 1 -9999.9 1    24.3 0   378.9 0   306.8 0   305.2 0   417.8 0   293.9 0   293.8 0     1.6 0    10.3 0 -9999.9 1   -38.8 0 -9999.9 1 -9999.9 1 -9999.9 1 -9999.9 1   166.4 0 -9999.9 1
 1999 173  6 22  0 36  0.600  82.06    19.3 0 -9999.9 1 -9999.9 1    22.6 0   378.1 0   306.8 0   305.1 0   417.6 0   293.8 0   293.8 0     1.5 0     9.5 0 -9999.9 1   -39.5 0 -9999.9 1 -9999.9 1 -9999.9 1 -9999.9 1   158.6 0 -9999.9 1
 1999 173  6 22  0 39  0.650  82.57    17.1 0 -9999.9 1 -9999.9 1    21.3 0   378.5 0   306.6 0   304.7 0   416.8 0   293.7 0   293.7 0     1.3 0     8.4 0 -9999.9 1   -38.3 0 -9999.9 1 -9999.9 1 -9999.9 1 -9999.9 1   143.2 0 -9999.9 1
 1999 173  6 22  0 42  0.700  83.09    15.0 0 -9999.9 1 -9999.9 1    19.8 0   379.7 0   306.5 0   304.5 0   416.6 0   293.7 0   293.6 0     1.1 2     7.5 0 -9999.9 1   -36.9 0 -9999.9 1 -9999.9 1 -9999.9 1 -9999.9 1   148.5 0 -9999.9 1
 1999 173  6 22  0 48  0.800  84.11    11.6 0 -9999.9 1 -9999.9 1    18.6 0   381.4 0   306.3 0   304.1 0   416.4 0   293.6 0   293.6 0     0.8 0     6.3 0 -9999.9 1   -35.0 0 -9999.9 1 -9999.9 1 -9999.9 1 -9999.9 1   141.1 0 -9999.9 1
 1999 173  6 22  0 51  0.850  84.61    10.8 0 -9999.9 1 -9999.9 1    18.8 0   382.0 0   306.2 0   304.0 0   416.5 0   293.6 0   293.6 0     0.7 0     6.0 0 -9999.9 1   -34.5 0 -9999.9 1 -9999.9 1 -9999.9 1 -9999.9 1   141.1 0 -9999.9 1
 1999 173  6 22  0 54  0.900  85.11     9.8 0 -9999.9 1 -9999.9 1    17.8 0   382.0 0   306.0 0   303.8 0   416.4 0   293.6 0   293.6 0     0.7 0     5.5 0 -9999.9 1   -34.3 0 -9999.9 1 -9999.9 1 -9999.9 1 -9999.9 1   141.9 0 -9999.9 1
 1999 173  6 22  0 57  0.950  85.60     8.8 0 -9999.9 1 -9999.9 1    16.9 0   382.4 0   305.8 0   303.5 0   416.4 0   293.6 0   293.5 0     0.6 0     5.3 0 -9999.9 1   -34.0 0 -9999.9 1 -9999.9 1 -9999.9 1 -9999.9 1   148.4 0 -9999.9 1
 1999 173  6 22  1  3  1.050  86.58     8.8 0 -9999.9 1 -9999.9 1    16.8 0   379.9 0   305.6 0   303.4 0   417.1 0   293.7 0   293.7 0     0.6 0     5.2 0 -9999.9 1   -37.2 0 -9999.9 1 -9999.9 1 -9999.9 1 -9999.9 1   150.0 0 -9999.9 1
 1999 173  6 22  1  6  1.100  87.06     6.9 0 -9999.9 1 -9999.9 1    15.4 0   377.9 0   305.4 0   303.3 0   416.9 0   293.7 0   293.7 0     0.5 0     4.5 0 -9999.9 1   -39.1 0 -9999.9 1 -9999.9 1 -9999.9 1 -9999.9 1   150.3 0 -9999.9 1
 1999 173  6 22  1  9  1.150  87.53     5.1 0 -9999.9 1 -9999.9 1    13.3 0   378.1 0   305.2 0   303.3 0   417.1 0   293.7 0   293.7 0     0.4 0     3.7 0 -9999.9 1   -39.0 0 -9999.9 1 -9999.9 1 -9999.9 1 -9999.9 1   149.4 0 -9999.9 1
 1999 173  6 22  1 12  1.200  87.99     3.7 0 -9999.9 1 -9999.9 1    11.8 0   378.4 0   305.1 0   303.1 0   416.5 0   293.7 0   293.6 0     0.3 0     3.0 0 -9999.9 1   -38.1 0 -9999.9 1 -9999.9 1 -9999.9 1 -9999.9 1   150.4 0 -9999.9 1
 1999 173  6 22  1 18  1.300  88.87     0.4 0 -9999.9 1 -9999.9 1     8.6 0   377.2 0   304.7 0   302.8 0   415.2 0   293.5 0   293.4 0     0.2 0     1.9 0 -9999.9 1   -37.9 0 -9999.9 1 -9999.9 1 -9999.9 1 -9999.9 1   145.5 0 -9999.9 1
 1999 173  6 22  1 21  1.350  89.28    -0.6 0 -9999.9 1 -9999.9 1     7.2 0   376.4 0   304.5 0   302.8 0   414.4 0   293.4 0   293.3 0     0.2 0     1.5 0 -9999.9 1   -38.0 0 -9999.9 1 -9999.9 1 -9999.9 1 -9999.9 1   145.8 0 -9999.9 1
 1999 173  6 22  1 24  1.400  89.66    -1.4 0 -9999.9 1 -9999.9 1     5.5 0   376.5 0   304.5 0   302.8 0   414.5 0   293.5 0   293.4 0     0.2 0     1.0 0 -9999.9 1   -38.1 0 -9999.9 1 -9999.9 1 -9999.9 1 -9999.9 1   151.1 0 -9999.9 1
 1999 173  6 22  1 27  1.450  90.77    -2.5 0 -9999.9 1 -9999.9 1     5.2 0   376.3 0   304.5 0   302.8 0   414.9 0   293.5 0   293.4 0     0.0 0     0.8 0 -9999.9 1   -38.6 0 -9999.9 1 -9999.9 1 -9999.9 1 -9999.9 1   153.3 0 -9999.9 1
 1999 173  6 22  1 33  1.550  91.74    -3.0 0 -9999.9 1 -9999.9 1     4.6 0   375.5 0   304.4 0   302.8 0   414.0 0   293.5 0   293.4 0     0.0 0     0.4 0 -9999.9 1   -38.6 0 -9999.9 1 -9999.9 1 -9999.9 1 -9999.9 1   151.1 0 -9999.9 1
 1999 173  6 22  1 36  1.600  92.22    -3.0 0 -9999.9 1 -9999.9 1     3.9 0   373.3 0   304.4 0   302.9 0   413.2 0   293.4 0   293.3 0     0.0 0     0.3 0 -9999.9 1   -39.8 0 -9999.9 1 -9999.9 1 -9999.9 1 -9999.9 1   154.4 0 -9999.9 1
 1999 173  6 22  1 39  1.650  92.70    -3.2 0 -9999.9 1 -9999.9 1     4.3 0   371.8 0   304.5 0   303.0 0   413.0 0   293.4 0   293.4 0     0.0 0     0.2 0 -9999.9 1   -41.2 0 -9999.9 1 -9999.9 1 -9999.9 1 -9999.9 1   161.6 0 -9999.9 1
 1999 173  6 22  1 42  1.700  93.17    -3.2 0 -9999.9 1 -9999.9 1     4.5 0   368.9 0   304.5 0   303.0 0   411.4 0   293.4 0   293.3 0     0.0 0     0.1 0 -9999.9 1   -42.6 0 -9999.9 1 -9999.9 1 -9999.9 1 -9999.9 1   163.2 0 -9999.9 1
 1999 173  6 22  1 48  1.800  94.11    -3.8 0 -9999.9 1 -9999.9 1     2.0 0   362.4 0   304.2 0   302.7 0   409.2 0   292.9 0   292.9 0     0.0 0    -0.1 0 -9999.9 1   -46.8 0 -9999.9 1 -9999.9 1 -9999.9 1 -9999.9 1   150.7 0 -9999.9 1
 1999 173  6 22  1 51  1.850  94.58    -3.7 0 -9999.9 1 -9999.9 1     2.2 0   359.1 0   304.1 0   302.6 0   407.2 0   292.7 0   292.7 0     0.0 0    -0.1 0 -9999.9 1   -48.2 0 -9999.9 1 -9999.9 1 -9999.9 1 -9999.9 1   157.5 0 -9999.9 1
 1999 173  6 22  1 54  1.900  95.04    -3.8 0 -9999.9 1 -9999.9 1     2.5 0   356.2 0   304.1 0   302.5 0   406.9 0   292.6 0   292.5 0     0.0 2    -0.2 0 -9999.9 1   -50.7 0 -9999.9 1 -9999.9 1 -9999.9 1 -9999.9 1   159.6 0 -9999.9 1
 1999 173  6 22  1 57  1.950  95.50    -3.9 0 -9999.9 1 -9999.9 1     2.4 0   354.2 0   304.1 0   302.5 0   406.5 0   292.6 0   292.5 0     0.0 2    -0.2 0 -9999.9 1   -52.3 0 -9999.9 1 -9999.9 1 -9999.9 1 -9999.9 1   160.3 0 -9999.9 1
 1999 173  6 22  2  3  2.050  96.41    -3.7 0 -9999.9 1 -9999.9 1     1.9 0   351.1 0   304.2 0   302.7 0   404.5 0   292.5 0   292.4 0     0.0 0    -0.2 0 -9999.9 1   -53.4 0 -9999.9 1 -9999.9 1 -9999.9 1 -9999.9 1   160.5 0 -9999.9 1
 1999 173  6 22  2  6  2.100  96.86    -3.7 0 -9999.9 1 -9999.9 1     1.9 0   349.5 0   304.3 0   302.8 0   404.9 0   292.6 0   292.5 0     0.0 0    -0.2 0 -9999.9 1   -55.4 0 -9999.9 1 -9999.9 1 -9999.9 1 -9999.9 1   164.8 0 -9999.9 1
 1999 173  6 22  2  9  2.150  97.31    -3.8 0 -9999.9 1 -9999.9 1     1.7 0   348.2 0   304.4 0   302.9 0   404.4 0   292.5 0   292.4 0     0.0 0    -0.2 0 -9999.9 1   -56.1 0 -9999.9 1 -9999.9 1 -9999.9 1 -9999.9 1   165.1 0 -9999.9 1
 1999 173  6 22  2 12  2.200  97.75    -3.7 0 -9999.9 1 -9999.9 1     0.8 0   345.7 0   304.3 0   302.8 0   402.8 0   292.3 0   292.2 0     0.0 0    -0.2 0 -9999.9 1   -57.1 0 -9999.9 1 -9999.9 1 -9999.9 1 -9999.9 1   155.3 0 -9999.9 1
 1999 173  6 22  2 18  2.300  98.63    -3.5 0 -9999.9 1 -9999.9 1     0.2 0   345.0 0   304.3 0   302.9 0   401.5 0   292.2 0   292.1 0     0.0 0    -0.2 0 -9999.9 1   -56.5 0 -9999.9 1 -9999.9 1 -9999.9 1 -9999.9 1   156.1 0 -9999.9 1
 1999 173  6 22  2 21  2.350  99.06    -3.2 0 -9999.9 1 -9999.9 1     0.4 0   343.2 0   304.3 0   302.8 0   399.9 0   292.1 0   292.0 0     0.0 0    -0.1 0 -9999.9 1   -56.7 0 -9999.9 1 -9999.9 1 -9999.9 1 -9999.9 1   160.7 0 -9999.9 1
 1999 173  6 22  2 24  2.400  99.49    -3.2 0 -9999.9 1 -9999.9 1     0.1 0   344.0 0   304.3 0   302.9 0   398.7 0   292.0 0   291.9 0     0.0 0    -0.2 0 -9999.9 1   -54.7 0 -9999.9 1 -9999.9 1 -9999.9 1 -9999.9 1   155.2 0 -9999.9 1
 1999 173  6 22  2 27  2.450  99.91    -3.0 0 -9999.9 1 -9999.9 1    -0.4 0   344.8 0   304.3 0   303.0 0   397.6 0   291.9 0   291.8 0     0.0 0    -0.2 0 -9999.9 1   -52.8 0 -9999.9 1 -9999.9 1 -9999.9 1 -9999.9 1   154.5 0 -9999.9 1
 1999 173  6 22  2 33  2.550 100.75    -3.0 0 -9999.9 1 -9999.9 1    -1.0 0   350.7 0   304.4 0   302.9 0   397.1 0   291.8 0   291.7 0     0.0 2    -0.2 0 -9999.9 1   -46.4 0 -9999.9 1 -9999.9 1 -9999.9 1 -9999.9 1   143.2 0 -9999.9 1
 1999 173  6 22  2 36  2.600 101.17    -3.0 0 -9999.9 1 -9999.9 1    -1.6 0   354.9 0   304.5 0   302.8 0   398.6 0   291.8 0   291.7 0     0.0 0    -0.2 0 -9999.9 1   -43.7 0 -9999.9 1 -9999.9 1 -9999.9 1 -9999.9 1   127.4 0 -9999.9 1
 1999 173  6 22  2 39  2.650 101.58    -3.1 0 -9999.9 1 -9999.9 1    -1.8 0   355.2 0   304.6 0   302.9 0   399.8 0   291.8 0   291.7 0     0.0 0    -0.2 0 -9999.9 1   -44.6 0 -9999.9 1 -9999.9 1 -9999.9 1 -9999.9 1   114.3 0 -9999.9 1
 1999 173  6 22  2 42  2.700 101.98    -3.2 0 -9999.9 1 -9999.9 1    -1.8 0   354.4 0   304.7 0   302.9 0   400.6 0   291.7 0   291.6 0     0.0 0    -0.2 0 -9999.9 1   -46.2 0 -9999.9 1 -9999.9 1 -9999.9 1 -9999.9 1   114.2 0 -9999.9 1
 1999 173  6 22  2 48  2.800 102.79    -3.3 0 -9999.9 1 -9999.9 1    -1.6 0   353.9 0   304.6 0   303.1 0   400.3 0   291.4 0   291.3 0     0.0 2    -0.2 0 -9999.9 1   -46.4 0 -9999.9 1 -9999.9 1 -9999.9 1 -9999.9 1   124.2 0 -9999.9 1
 1999 173  6 22  2 51  2.850 103.18    -3.2 0 -9999.9 1 -9999.9 1    -1.3 0   353.7 0   304.7 0   303.2 0   400.0 0   291.4 0   291.3 0     0.0 2    -0.2 0 -9999.9 1   -46.3 0 -9999.9 1 -9999.9 1 -9999.9 1 -9999.9 1   122.0 0 -9999.9 1
 1999 173  6 22  2 54  2.900 103.57    -3.2 0 -9999.9 1 -9999.9 1    -1.1 0   351.6 0   304.7 0   303.3 0   399.3 0   291.3 0   291.2 0     0.0 2    -0.2 0 -9999.9 1   -47.6 0 -9999.9 1 -9999.9 1 -9999.9 1 -9999.9 1   126.5 0 -9999.9 1
 1999 173  6 22  2 57  2.950 103.95    -3.2 0 -9999.9 1 -9999.9 1    -0.4 0   349.2 0   304.7 0   303.3 0   397.6 0   291.3 0   291.2 0     0.0 2    -0.1 0 -9999.9 1   -48.4 0 -9999.9 1 -9999.9 1 -9999.9 1 -9999.9 1   136.8 0 -9999.9 1
 1999 173  6 22  3  3  3.050 104.71    -3.2 0 -9999.9 1 -9999.9 1     0.1 0   347.5 0   304.8 0   303.5 0   396.6 0   291.2 0   291.1 0     0.0 2    -0.1 0 -9999.9 1   -49.1 0 -9999.9 1 -9999.9 1 -9999.9 1 -9999.9 1   141.6 0 -9999.9 1
 1999 173  6 22  3  6  3.100 105.08    -3.2 0 -9999.9 1 -9999.9 1     0.2 0   346.5 0   305.0 0   303.6 0   396.9 0   291.3 0   291.2 0     0.0 0    -0.1 0 -9999.9 1   -50.4 0 -9999.9 1 -9999.9 1 -9999.9 1 -9999.9 1   143.9 0 -9999.9 1
 1999 173  6 22  3  9  3.150 105.45    -3.2 0 -9999.9 1 -9999.9 1     0.1 0   346.1 0   305.1 0   303.7 0   396.6 0   291.4 0   291.3 0     0.0 0    -0.2 0 -9999.9 1   -50.4 0 -9999.9 1 -9999.9 1 -9999.9 1 -9999.9 1   143.8 0 -9999.9 1
 1999 173  6 22  3 12  3.200 105.82    -3.2 0 -9999.9 1 -9999.9 1    -0.1 0   343.7 0   305.1 0   303.8 0   395.7 0   291.3 0   291.2 0     0.0 0    -0.1 0 -9999.9 1   -51.9 0 -9999.9 1 -9999.9 1 -9999.9 1 -9999.9 1   144.1 0 -9999.9 1
 1999 173  6 22  3 18  3.300 106.53    -3.4 0 -9999.9 1 -9999.9 1    -0.5 0   341.3 0   305.2 0   303.6 0   395.0 0   291.2 0   291.1 0     0.0 0    -0.1 0 -9999.9 1   -53.7 0 -9999.9 1 -9999.9 1 -9999.9 1 -9999.9 1   138.2 0 -9999.9 1
 1999 173  6 22  3 21  3.350 106.88    -3.2 0 -9999.9 1 -9999.9 1    -0.5 0   340.3 0   305.1 0   303.6 0   394.8 0   291.2 0   291.1 0     0.0 0    -0.1 0 -9999.9 1   -54.5 0 -9999.9 1 -9999.9 1 -9999.9 1 -9999.9 1   141.2 0 -9999.9 1
 1999 173  6 22  3 24  3.400 107.22    -3.3 0 -9999.9 1 -9999.9 1    -0.2 0   340.1 0   305.2 0   303.8 0   394.8 0   291.2 0   291.1 0     0.0 0    -0.1 0 -9999.9 1   -54.7 0 -9999.9 1 -9999.9 1 -9999.9 1 -9999.9 1   151.3 0 -9999.9 1
 1999 173  6 22  3 27  3.450 107.56    -3.3 0 -9999.9 1 -9999.9 1     0.0 0   340.6 0   305.3 0   303.8 0   394.6 0   291.2 0   291.1 0     0.0 0    -0.1 0 -9999.9 1   -53.9 0 -9999.9 1 -9999.9 1 -9999.9 1 -9999.9 1   155.0 0 -9999.9 1
 1999 173  6 22  3 33  3.550 108.22    -3.5 0 -9999.9 1 -9999.9 1     0.2 0   339.4 0   305.2 0   303.6 0   394.9 0   291.1 0   291.0 0     0.0 0    -0.1 0 -9999.9 1   -55.5 0 -9999.9 1 -9999.9 1 -9999.9 1 -9999.9 1   157.6 0 -9999.9 1
 1999 173  6 22  3 36  3.600 108.54    -3.6 0 -9999.9 1 -9999.9 1     0.1 0   337.3 0   305.1 0   303.5 0   393.9 0   291.0 0   290.9 0     0.0 2    -0.2 0 -9999.9 1   -56.6 0 -9999.9 1 -9999.9 1 -9999.9 1 -9999.9 1   156.0 0 -9999.9 1
 1999 173  6 22  3 39  3.650 108.86    -3.6 0 -9999.9 1 -9999.9 1     0.1 0   336.6 0   305.0 0   303.5 0   393.3 0   290.9 0   290.9 0     0.0 2    -0.1 0 -9999.9 1   -56.7 0 -9999.9 1 -9999.9 1 -9999.9 1 -9999.9 1   155.0 0 -9999.9 1
 1999 173  6 22  3 42  3.700 109.17    -3.5 0 -9999.9 1 -9999.9 1     0.0 0   336.3 0   305.0 0   303.4 0   393.0 0   290.9 0   290.8 0     0.0 2    -0.1 0 -9999.9 1   -56.8 0 -9999.9 1 -9999.9 1 -9999.9 1 -9999.9 1   153.6 0 -9999.9 1
 1999 173  6 22  3 48  3.800 109.78    -3.4 0 -9999.9 1 -9999.9 1     0.1 0   337.7 0   305.2 0   303.7 0   392.6 0   291.2 0   291.1 0     0.0 0    -0.1 0 -9999.9 1   -54.9 0 -9999.9 1 -9999.9 1 -9999.9 1 -9999.9 1   157.2 0 -9999.9 1
 1999 173  6 22  3 51  3.850 110.07    -3.3 0 -9999.9 1 -9999.9 1     0.0 0   337.4 0   305.1 0   303.8 0   391.7 0   291.1 0   291.1 0     0.0 2    -0.1 0 -9999.9 1   -54.3 0 -9999.9 1 -9999.9 1 -9999.9 1 -9999.9 1   156.7 0 -9999.9 1
 1999 173  6 22  3 54  3.900 110.36    -3.1 0 -9999.9 1 -9999.9 1     0.0 0   338.8 0   305.3 0   303.9 0   391.9 0   291.2 0   291.2 0     0.0 0    -0.1 0 -9999.9 1   -53.1 0 -9999.9 1 -9999.9 1 -9999.9 1 -9999.9 1   154.9 0 -9999.9 1
 1999 173  6 22  3 57  3.950 110.65    -3.2 0 -9999.9 1 -9999.9 1     0.0 0   337.5 0   305.2 0   303.9 0   391.3 0   291.2 0   291.2 0     0.0 0    -0.1 0 -9999.9 1   -53.7 0 -9999.9 1 -9999.9 1 -9999.9 1 -9999.9 1   159.5 0 -9999.9 1
 1999 173  6 22  4  3  4.050 111.20    -3.2 0 -9999.9 1 -9999.9 1     0.9 0   338.3 0   305.4 0   304.0 0   392.6 0   291.4 0   291.3 0     0.0 0    -0.2 0 -9999.9 1   -54.3 0 -9999.9 1 -9999.9 1 -9999.9 1 -9999.9 1   169.9 0 -9999.9 1
 1999 173  6 22  4  6  4.100 111.46    -3.3 0 -9999.9 1 -9999.9 1     0.9 0   338.1 0   305.6 0   304.4 0   393.3 0   291.4 0   291.4 0     0.0 0    -0.1 0 -9999.9 1   -55.2 0 -9999.9 1 -9999.9 1 -9999.9 1 -9999.9 1   175.2 0 -9999.9 1
 1999 173  6 22  4  9  4.150 111.72    -3.3 0 -9999.9 1 -9999.9 1     0.7 0   338.9 0   305.7 0   304.6 0   393.3 0   291.4 0   291.3 0     0.0 0    -0.2 0 -9999.9 1   -54.4 0 -9999.9 1 -9999.9 1 -9999.9 1 -9999.9 1   179.2 0 -9999.9 1
 1999 173  6 22  4 12  4.200 111.98    -3.3 0 -9999.9 1 -9999.9 1     0.7 0   338.9 0   305.8 0   304.7 0   392.6 0   291.4 0   291.3 0     0.0 0    -0.1 0 -9999.9 1   -53.8 0 -9999.9 1 -9999.9 1 -9999.9 1 -9999.9 1   182.4 0 -9999.9 1
 1999 173  6 22  4 18  4.300 112.47    -3.2 0 -9999.9 1 -9999.9 1     1.1 0   341.2 0   305.9 0   304.7 0   392.9 0   291.3 0   291.2 0     0.0 0    -0.1 0 -9999.9 1   -51.7 0 -9999.9 1 -9999.9 1 -9999.9 1 -9999.9 1   182.0 0 -9999.9 1
 1999 173  6 22  4 21  4.350 112.70    -3.3 0 -9999.9 1 -9999.9 1     1.5 0   343.5 0   306.0 0   304.6 0   394.0 0   291.3 0   291.2 0     0.0 0    -0.1 0 -9999.9 1   -50.6 0 -9999.9 1 -9999.9 1 -9999.9 1 -9999.9 1   183.0 0 -9999.9 1
 1999 173  6 22  4 24  4.400 112.93    -3.3 0 -9999.9 1 -9999.9 1     0.7 0   341.7 0   306.0 0   304.7 0   393.7 0   291.2 0   291.1 0     0.0 0    -0.2 0 -9999.9 1   -51.9 0 -9999.9 1 -9999.9 1 -9999.9 1 -9999.9 1   183.4 0 -9999.9 1
 1999 173  6 22  4 27  4.450 113.15    -3.2 0 -9999.9 1 -9999.9 1     0.4 0   339.6 0   306.0 0   304.8 0   392.5 0   291.1 0   291.0 0     0.0 0    -0.1 0 -9999.9 1   -52.9 0 -9999.9 1 -9999.9 1 -9999.9 1 -9999.9 1   183.5 0 -9999.9 1
 1999 173  6 22  4 33  4.550 113.58    -3.3 0 -9999.9 1 -9999.9 1     0.2 0   340.8 0   306.2 0   305.3 0   391.4 0   291.1 0   291.0 0     0.0 0    -0.1 0 -9999.9 1   -50.5 0 -9999.9 1 -9999.9 1 -9999.9 1 -9999.9 1   180.6 0 -9999.9 1
 1999 173  6 22  4 36  4.600 113.78    -3.2 0 -9999.9 1 -9999.9 1     0.2 0   339.5 0   306.2 0   305.4 0   390.9 0   291.0 0   290.9 0     0.0 0    -0.2 0 -9999.9 1   -51.4 0 -9999.9 1 -9999.9 1 -9999.9 1 -9999.9 1   180.5 0 -9999.9 1
 1999 173  6 22  4 39  4.650 113.97    -3.0 0 -9999.9 1 -9999.9 1     0.3 0   338.2 0   306.2 0   305.3 0   390.4 0   290.9 0   290.8 0     0.0 0    -0.1 0 -9999.9 1   -52.2 0 -9999.9 1 -9999.9 1 -9999.9 1 -9999.9 1   175.8 0 -9999.9 1
 1999 173  6 22  4 42  4.700 114.16    -3.0 0 -9999.9 1 -9999.9 1     0.2 0   340.8 0   306.3 0   305.0 0   390.1 0   290.8 0   290.8 0     0.0 0    -0.1 0 -9999.9 1   -49.3 0 -9999.9 1 -9999.9 1 -9999.9 1 -9999.9 1   175.6 0 -9999.9 1
 1999 173  6 22  4 48  4.800 114.52    -3.2 0 -9999.9 1 -9999.9 1     0.2 0   341.7 0   306.3 0   304.8 0   390.2 0   290.7 0   290.6 0     0.0 0    -0.1 0 -9999.9 1   -48.5 0 -9999.9 1 -9999.9 1 -9999.9 1 -9999.9 1   171.1 0 -9999.9 1
 1999 173  6 22  4 51  4.850 114.69    -3.2 0 -9999.9 1 -9999.9 1     0.2 0   342.6 0   306.3 0   304.8 0   389.9 0   290.6 0   290.6 0     0.0 0    -0.1 0 -9999.9 1   -47.3 0 -9999.9 1 -9999.9 1 -9999.9 1 -9999.9 1   165.6 0 -9999.9 1
 1999 173  6 22  4 54  4.900 114.85    -3.3 0 -9999.9 1 -9999.9 1     0.3 0   350.4 0   306.4 0   305.0 0   391.5 0   290.7 0   290.6 0     0.0 0    -0.1 0 -9999.9 1   -41.1 0 -9999.9 1 -9999.9 1 -9999.9 1 -9999.9 1   168.0 0 -9999.9 1
 1999 173  6 22  4 57  4.950 115.00    -3.0 0 -9999.9 1 -9999.9 1     0.5 0   362.6 0   306.5 0   305.2 0   393.8 0   290.8 0   290.7 0     0.0 0    -0.1 0 -9999.9 1   -31.2 0 -9999.9 1 -9999.9 1 -9999.9 1 -9999.9 1   166.6 0 -9999.9 1
 1999 173  6 22  5  3  5.050 115.28    -3.0 0 -9999.9 1 -9999.9 1     0.4 0   350.7 0   306.5 0   305.3 0   394.1 0   290.7 0   290.6 0     0.0 0    -0.2 0 -9999.9 1   -43.3 0 -9999.9 1 -9999.9 1 -9999.9 1 -9999.9 1   168.0 0 -9999.9 1
 1999 173  6 22  5  6  5.100 115.42    -3.1 0 -9999.9 1 -9999.9 1     0.6 0   343.6 0   306.6 0   305.3 0   393.7 0   290.7 0   290.6 0     0.0 0    -0.2 0 -9999.9 1   -50.0 0 -9999.9 1 -9999.9 1 -9999.9 1 -9999.9 1   178.1 0 -9999.9 1
 1999 173  6 22  5  9  5.150 115.54    -3.2 0 -9999.9 1 -9999.9 1     0.7 0   339.1 0   306.7 0   305.4 0   393.7 0   290.7 0   290.7 0     0.0 0    -0.2 0 -9999.9 1   -54.6 0 -9999.9 1 -9999.9 1 -9999.9 1 -9999.9 1   178.2 0 -9999.9 1
 1999 173  6 22  5 12  5.200 115.66    -3.3 0 -9999.9 1 -9999.9 1     0.7 0   338.3 0   306.7 0   305.4 0   393.2 0   290.7 0   290.7 0     0.0 0    -0.2 0 -9999.9 1   -54.9 0 -9999.9 1 -9999.9 1 -9999.9 1 -9999.9 1   175.8 0 -9999.9 1
 1999 173  6 22  5 18  5.300 115.87    -3.2 0 -9999.9 1 -9999.9 1     0.7 0   339.4 0   306.8 0   305.5 0   393.1 0   290.8 0   290.8 0     0.0 0    -0.1 0 -9999.9 1   -53.7 0 -9999.9 1 -9999.9 1 -9999.9 1 -9999.9 1   174.7 0 -9999.9 1
 1999 173  6 22  5 21  5.350 115.97    -3.3 0 -9999.9 1 -9999.9 1     0.7 0   341.3 0   306.8 0   305.3 0   393.0 0   290.8 0   290.8 0     0.0 0    -0.1 0 -9999.9 1   -51.6 0 -9999.9 1 -9999.9 1 -9999.9 1 -9999.9 1   167.1 0 -9999.9 1
 1999 173  6 22  5 24  5.400 116.05    -3.6 0 -9999.9 1 -9999.9 1     1.0 0   340.0 0   306.8 0   305.3 0   392.8 0   290.8 0   290.8 0     0.0 0    -0.2 0 -9999.9 1   -52.9 0 -9999.9 1 -9999.9 1 -9999.9 1 -9999.9 1   166.7 0 -9999.9 1
 1999 173  6 22  5 27  5.450 116.13    -3.6 0 -9999.9 1 -9999.9 1     0.8 0   339.6 0   306.9 0   305.3 0   393.1 0   291.0 0   290.9 0     0.0 0    -0.2 0 -9999.9 1   -53.4 0 -9999.9 1 -9999.9 1 -9999.9 1 -9999.9 1   159.6 0 -9999.9 1
 1999 173  6 22  5 33  5.550 116.27    -3.5 0 -9999.9 1 -9999.9 1     0.5 0   339.3 0   306.8 0   305.0 0   394.8 0   291.1 0   291.1 0     0.0 0    -0.1 0 -9999.9 1   -55.5 0 -9999.9 1 -9999.9 1 -9999.9 1 -9999.9 1   157.3 0 -9999.9 1
 1999 173  6 22  5 36  5.600 116.33    -3.6 0 -9999.9 1 -9999.9 1     0.9 0   340.2 0   306.8 0   305.1 0   396.0 0   291.2 0   291.2 0     0.0 0    -0.1 0 -9999.9 1   -55.7 0 -9999.9 1 -9999.9 1 -9999.9 1 -9999.9 1   159.5 0 -9999.9 1
 1999 173  6 22  5 39  5.650 116.38    -3.7 0 -9999.9 1 -9999.9 1     1.4 0   340.8 0   306.9 0   305.2 0   396.4 0   291.4 0   291.4 0     0.0 0    -0.2 0 -9999.9 1   -55.6 0 -9999.9 1 -9999.9 1 -9999.9 1 -9999.9 1   158.9 0 -9999.9 1
 1999 173  6 22  5 42  5.700 116.42    -3.7 0 -9999.9 1 -9999.9 1     1.4 0   341.2 0   306.9 0   305.2 0   396.3 0   291.6 0   291.5 0     0.0 0    -0.2 0 -9999.9 1   -55.1 0 -9999.9 1 -9999.9 1 -9999.9 1 -9999.9 1   157.2 0 -9999.9 1
 1999 173  6 22  5 48  5.800 116.48    -3.8 0 -9999.9 1 -9999.9 1     0.7 0   340.6 0   306.7 0   305.0 0   395.8 0   291.7 0   291.6 0     0.0 0    -0.2 0 -9999.9 1   -55.3 0 -9999.9 1 -9999.9 1 -9999.9 1 -9999.9 1   152.4 0 -9999.9 1
 1999 173  6 22  5 51  5.850 116.50    -3.8 0 -9999.9 1 -9999.9 1     0.6 0   338.7 0   306.5 0   304.8 0   394.7 0   291.5 0   291.4 0     0.0 0    -0.3 0 -9999.9 1   -56.0 0 -9999.9 1 -9999.9 1 -9999.9 1 -9999.9 1   149.8 0 -9999.9 1
 1999 173  6 22  5 54  5.900 116.51    -3.7 0 -9999.9 1 -9999.9 1     0.6 0   337.5 0   306.3 0   304.7 0   393.1 0   291.4 0   291.3 0     0.0 0    -0.1 0 -9999.9 1   -55.6 0 -9999.9 1 -9999.9 1 -9999.9 1 -9999.9 1   149.0 0 -9999.9 1
 1999 173  6 22  5 57  5.950 116.51    -3.6 0 -9999.9 1 -9999.9 1     0.4 0   336.6 0   306.2 0   304.7 0   391.4 0   291.4 0   291.3 0     0.0 0    -0.1 0 -9999.9 1   -54.8 0 -9999.9 1 -9999.9 1 -9999.9 1 -9999.9 1   150.2 0 -9999.9 1
 1999 173  6 22  6  3  6.050 116.50    -3.3 0 -9999.9 1 -9999.9 1     0.2 0   331.0 0   305.8 0   304.5 0   387.0 0   291.0 0   290.9 0     0.0 2    -0.2 0 -9999.9 1   -56.0 0 -9999.9 1 -9999.9 1 -9999.9 1 -9999.9 1   156.0 0 -9999.9 1
 1999 173  6 22  6  6  6.100 116.48    -3.3 0 -9999.9 1 -9999.9 1     0.2 0   331.4 0   305.8 0   304.3 0   387.0 0   291.0 0   290.9 0     0.0 2    -0.2 0 -9999.9 1   -55.6 0 -9999.9 1 -9999.9 1 -9999.9 1 -9999.9 1   160.2 0 -9999.9 1
 1999 173  6 22  6  9  6.150 116.45    -3.3 0 -9999.9 1 -9999.9 1     0.2 0   332.1 0   305.7 0   304.2 0   386.9 0   290.9 0   290.9 0     0.0 2    -0.2 0 -9999.9 1   -54.8 0 -9999.9 1 -9999.9 1 -9999.9 1 -9999.9 1   157.8 0 -9999.9 1
 1999 173  6 22  6 12  6.200 116.41    -3.5 0 -9999.9 1 -9999.9 1    -0.1 0   332.5 0   305.7 0   304.1 0   386.6 0   290.9 0   290.8 0     0.0 2    -0.2 0 -9999.9 1   -54.1 0 -9999.9 1 -9999.9 1 -9999.9 1 -9999.9 1   152.4 0 -9999.9 1
 1999 173  6 22  6 18  6.300 116.32    -3.4 0 -9999.9 1 -9999.9 1    -1.0 0   333.7 0   305.7 0   304.1 0   386.9 0   290.8 0   290.7 0     0.0 2     0.0 0 -9999.9 1   -53.1 0 -9999.9 1 -9999.9 1 -9999.9 1 -9999.9 1   138.7 0 -9999.9 1
 1999 173  6 22  6 21  6.350 116.26    -3.1 0 -9999.9 1 -9999.9 1    -1.2 0   332.9 0   305.6 0   304.1 0   386.0 0   290.7 0   290.6 0     0.0 2    -0.2 0 -9999.9 1   -53.1 0 -9999.9 1 -9999.9 1 -9999.9 1 -9999.9 1   131.3 0 -9999.9 1
 1999 173  6 22  6 24  6.400 116.20    -3.0 0 -9999.9 1 -9999.9 1    -1.3 0   332.1 0   305.7 0   304.3 0   385.6 0   290.7 0   290.6 0     0.0 2    -0.1 0 -9999.9 1   -53.6 0 -9999.9 1 -9999.9 1 -9999.9 1 -9999.9 1   129.5 0 -9999.9 1
 1999 173  6 22  6 27  6.450 116.12    -2.8 0 -9999.9 1 -9999.9 1    -1.2 0   331.1 0   305.7 0   304.5 0   385.0 0   290.6 0   290.5 0     0.0 2    -0.1 0 -9999.9 1   -53.8 0 -9999.9 1 -9999.9 1 -9999.9 1 -9999.9 1   131.8 0 -9999.9 1
 1999 173  6 22  6 33  6.550 115.95    -2.8 0 -9999.9 1 -9999.9 1    -0.4 0   331.7 0   305.9 0   305.0 0   385.0 0   290.6 0   290.5 0     0.0 0    -0.2 0 -9999.9 1   -53.4 0 -9999.9 1 -9999.9 1 -9999.9 1 -9999.9 1   139.9 0 -9999.9 1
 1999 173  6 22  6 36  6.600 115.86    -2.8 0 -9999.9 1 -9999.9 1    -0.5 0   332.7 0   305.9 0   304.6 0   385.4 0   290.6 0   290.5 0     0.0 0    -0.1 0 -9999.9 1   -52.7 0 -9999.9 1 -9999.9 1 -9999.9 1 -9999.9 1   138.6 0 -9999.9 1
 1999 173  6 22  6 39  6.650 115.75    -2.9 0 -9999.9 1 -9999.9 1    -1.0 0   334.6 0   306.0 0   304.5 0   386.2 0   290.6 0   290.5 0     0.0 0    -0.1 0 -9999.9 1   -51.6 0 -9999.9 1 -9999.9 1 -9999.9 1 -9999.9 1   145.7 0 -9999.9 1
 1999 173  6 22  6 42  6.700 115.64    -3.0 0 -9999.9 1 -9999.9 1    -0.8 0   332.7 0   306.0 0   304.7 0   386.0 0   290.6 0   290.5 0     0.0 0    -0.2 0 -9999.9 1   -53.3 0 -9999.9 1 -9999.9 1 -9999.9 1 -9999.9 1   148.6 0 -9999.9 1
 1999 173  6 22  6 48  6.800 115.40    -3.3 0 -9999.9 1 -9999.9 1    -0.6 0   335.5 0   306.0 0   304.3 0   387.0 0   290.5 0   290.4 0     0.0 0    -0.3 0 -9999.9 1   -51.6 0 -9999.9 1 -9999.9 1 -9999.9 1 -9999.9 1   144.2 0 -9999.9 1
 1999 173  6 22  6 51  6.850 115.27    -3.4 0 -9999.9 1 -9999.9 1    -1.1 0   335.3 0   305.9 0   304.1 0   388.1 0   290.5 0   290.4 0     0.0 0    -0.2 0 -9999.9 1   -52.8 0 -9999.9 1 -9999.9 1 -9999.9 1 -9999.9 1   141.8 0 -9999.9 1
 1999 173  6 22  6 54  6.900 115.13    -3.3 0 -9999.9 1 -9999.9 1    -1.3 0   335.1 0   305.9 0   304.0 0   389.7 0   290.5 0   290.4 0     0.0 0    -0.2 0 -9999.9 1   -54.6 0 -9999.9 1 -9999.9 1 -9999.9 1 -9999.9 1   143.7 0 -9999.9 1
 1999 173  6 22  6 57  6.950 114.98    -3.6 0 -9999.9 1 -9999.9 1    -1.4 0   335.5 0   305.8 0   303.9 0   390.7 0   290.5 0   290.4 0     0.0 0    -0.2 0 -9999.9 1   -55.2 0 -9999.9 1 -9999.9 1 -9999.9 1 -9999.9 1   142.5 0 -9999.9 1
 1999 173  6 22  7  3  7.050 114.66    -3.8 0 -9999.9 1 -9999.9 1    -1.8 0   335.8 0   305.6 0   303.7 0   391.6 0   290.5 0   290.4 0     0.0 0     0.0 0 -9999.9 1   -55.8 0 -9999.9 1 -9999.9 1 -9999.9 1 -9999.9 1   142.0 0 -9999.9 1
 1999 173  6 22  7  6  7.100 114.50    -3.7 0 -9999.9 1 -9999.9 1    -1.7 0   335.5 0   305.5 0   303.7 0   390.9 0   290.4 0   290.4 0     0.0 0    -0.2 0 -9999.9 1   -55.4 0 -9999.9 1 -9999.9 1 -9999.9 1 -9999.9 1   143.7 0 -9999.9 1
 1999 173  6 22  7  9  7.150 114.32    -3.5 0 -9999.9 1 -9999.9 1    -1.7 0   335.1 0   305.4 0   303.6 0   390.7 0   290.5 0   290.4 0     0.0 0    -0.1 0 -9999.9 1   -55.6 0 -9999.9 1 -9999.9 1 -9999.9 1 -9999.9 1   141.4 0 -9999.9 1
 1999 173  6 22  7 12  7.200 114.14    -3.5 0 -9999.9 1 -9999.9 1    -1.8 0   335.1 0   305.4 0   303.5 0   391.7 0   290.5 0   290.5 0     0.0 0    -0.2 0 -9999.9 1   -56.6 0 -9999.9 1 -9999.9 1 -9999.9 1 -9999.9 1   139.7 0 -9999.9 1
 1999 173  6 22  7 18  7.300 113.75    -3.6 0 -9999.9 1 -9999.9 1    -1.8 0   333.4 0   305.0 0   303.3 0   389.2 0   290.4 0   290.3 0     0.0 0    -0.2 0 -9999.9 1   -55.8 0 -9999.9 1 -9999.9 1 -9999.9 1 -9999.9 1   135.1 0 -9999.9 1
 1999 173  6 22  7 21  7.350 113.55    -3.4 0 -9999.9 1 -9999.9 1    -1.8 0   333.2 0   304.9 0   303.2 0   389.1 0   290.3 0   290.2 0     0.0 0    -0.1 0 -9999.9 1   -55.9 0 -9999.9 1 -9999.9 1 -9999.9 1 -9999.9 1   135.2 0 -9999.9 1
 1999 173  6 22  7 24  7.400 113.34    -3.3 0 -9999.9 1 -9999.9 1    -1.7 0   334.7 0   304.9 0   303.3 0   389.3 0   290.3 0   290.3 0     0.0 0    -0.1 0 -9999.9 1   -54.6 0 -9999.9 1 -9999.9 1 -9999.9 1 -9999.9 1   137.4 0 -9999.9 1
 1999 173  6 22  7 27  7.450 113.12    -3.1 0 -9999.9 1 -9999.9 1    -1.8 0   337.5 0   304.9 0   303.3 0   388.7 0   290.4 0   290.3 0     0.0 0    -0.1 0 -9999.9 1   -51.2 0 -9999.9 1 -9999.9 1 -9999.9 1 -9999.9 1   136.3 0 -9999.9 1
 1999 173  6 22  7 33  7.550 112.67    -3.1 0 -9999.9 1 -9999.9 1    -1.5 0   341.9 0   304.7 0   303.2 0   389.3 0   290.2 0   290.2 0     0.0 0    -0.2 0 -9999.9 1   -47.4 0 -9999.9 1 -9999.9 1 -9999.9 1 -9999.9 1   133.5 0 -9999.9 1
 1999 173  6 22  7 36  7.600 112.43    -3.3 0 -9999.9 1 -9999.9 1    -1.4 0   341.8 0   304.8 0   303.1 0   390.3 0   290.3 0   290.3 0     0.0 0    -0.1 0 -9999.9 1   -48.6 0 -9999.9 1 -9999.9 1 -9999.9 1 -9999.9 1   131.7 0 -9999.9 1
 1999 173  6 22  7 39  7.650 112.19    -3.3 0 -9999.9 1 -9999.9 1    -1.4 0   343.0 0   304.9 0   303.3 0   391.5 0   290.4 0   290.4 0     0.0 0    -0.2 0 -9999.9 1   -48.4 0 -9999.9 1 -9999.9 1 -9999.9 1 -9999.9 1   128.4 0 -9999.9 1
 1999 173  6 22  7 42  7.700 111.94    -3.3 0 -9999.9 1 -9999.9 1    -1.1 0   343.8 0   304.8 0   303.5 0   390.8 0   290.4 0   290.3 0     0.0 0    -0.2 0 -9999.9 1   -47.1 0 -9999.9 1 -9999.9 1 -9999.9 1 -9999.9 1   128.8 0 -9999.9 1
 1999 173  6 22  7 48  7.800 111.43    -3.2 0 -9999.9 1 -9999.9 1     0.2 0   346.6 0   304.9 0   304.2 0   389.4 0   290.3 0   290.2 0     0.0 0    -0.1 0 -9999.9 1   -42.8 0 -9999.9 1 -9999.9 1 -9999.9 1 -9999.9 1   141.0 0 -9999.9 1
 1999 173  6 22  7 51  7.850 111.16    -3.1 0 -9999.9 1 -9999.9 1     0.6 0   348.4 0   305.0 0   304.2 0   389.8 0   290.3 0   290.2 0     0.0 0    -0.1 0 -9999.9 1   -41.4 0 -9999.9 1 -9999.9 1 -9999.9 1 -9999.9 1   145.9 0 -9999.9 1
 1999 173  6 22  7 54  7.900 110.89    -3.5 0 -9999.9 1 -9999.9 1     0.2 0   350.8 0   305.0 0   303.7 0   389.9 0   290.3 0   290.2 0     0.0 0    -0.3 0 -9999.9 1   -39.1 0 -9999.9 1 -9999.9 1 -9999.9 1 -9999.9 1   148.2 0 -9999.9 1
 1999 173  6 22  7 57  7.950 110.61    -3.2 0 -9999.9 1 -9999.9 1    -0.1 0   349.2 0   305.0 0   303.9 0   389.9 0   290.2 0   290.2 0     0.0 0    -0.1 0 -9999.9 1   -40.6 0 -9999.9 1 -9999.9 1 -9999.9 1 -9999.9 1   150.6 0 -9999.9 1
 1999 173  6 22  8  3  8.050 110.04    -3.5 0 -9999.9 1 -9999.9 1    -0.4 0   356.0 0   305.1 0   303.5 0   392.3 0   290.3 0   290.3 0     0.0 0    -0.1 0 -9999.9 1   -36.3 0 -9999.9 1 -9999.9 1 -9999.9 1 -9999.9 1   159.7 0 -9999.9 1
 1999 173  6 22  8  6  8.100 109.74    -3.4 0 -9999.9 1 -9999.9 1    -0.1 0   356.8 0   305.1 0   303.7 0   393.3 0   290.3 0   290.2 0     0.0 0    -0.1 0 -9999.9 1   -36.5 0 -9999.9 1 -9999.9 1 -9999.9 1 -9999.9 1   158.0 0 -9999.9 1
 1999 173  6 22  8  9  8.150 109.44    -3.4 0 -9999.9 1 -9999.9 1     0.0 0   356.1 0   305.3 0   304.3 0   393.2 0   290.4 0   290.3 0     0.0 0    -0.1 0 -9999.9 1   -37.1 0 -9999.9 1 -9999.9 1 -9999.9 1 -9999.9 1   160.0 0 -9999.9 1
 1999 173  6 22  8 12  8.200 109.13    -3.4 0 -9999.9 1 -9999.9 1     0.1 0   360.0 0   305.2 0   303.8 0   394.0 0   290.3 0   290.3 0     0.0 0    -0.1 0 -9999.9 1   -33.9 0 -9999.9 1 -9999.9 1 -9999.9 1 -9999.9 1   160.4 0 -9999.9 1
 1999 173  6 22  8 18  8.300 108.50    -3.4 0 -9999.9 1 -9999.9 1     0.5 0   359.7 0   305.1 0   303.6 0   393.4 0   290.1 0   290.1 0     0.0 2    -0.1 0 -9999.9 1   -33.6 0 -9999.9 1 -9999.9 1 -9999.9 1 -9999.9 1   158.1 0 -9999.9 1
 1999 173  6 22  8 21  8.350 108.18    -3.5 0 -9999.9 1 -9999.9 1     0.7 0   360.6 0   305.1 0   303.6 0   393.7 0   290.2 0   290.1 0     0.0 2    -0.1 0 -9999.9 1   -33.1 0 -9999.9 1 -9999.9 1 -9999.9 1 -9999.9 1   156.9 0 -9999.9 1
 1999 173  6 22  8 24  8.400 107.85    -3.5 0 -9999.9 1 -9999.9 1     0.6 0   359.5 0   305.1 0   303.5 0   394.3 0   290.2 0   290.1 0     0.0 2    -0.1 0 -9999.9 1   -34.8 0 -9999.9 1 -9999.9 1 -9999.9 1 -9999.9 1   156.9 0 -9999.9 1
 1999 173  6 22  8 27  8.450 107.51    -3.6 0 -9999.9 1 -9999.9 1     0.2 0   357.1 0   305.0 0   303.4 0   394.1 0   290.1 0   290.0 0     0.0 2    -0.2 0 -9999.9 1   -37.1 0 -9999.9 1 -9999.9 1 -9999.9 1 -9999.9 1   153.4 0 -9999.9 1
 1999 173  6 22  8 33  8.550 106.83    -3.7 0 -9999.9 1 -9999.9 1     0.2 0   355.2 0   305.0 0   303.4 0   395.0 0   290.1 0   290.1 0     0.0 2    -0.1 0 -9999.9 1   -39.8 0 -9999.9 1 -9999.9 1 -9999.9 1 -9999.9 1   154.2 0 -9999.9 1
 1999 173  6 22  8 36  8.600 106.48    -3.5 0 -9999.9 1 -9999.9 1     0.4 0   355.4 0   305.1 0   303.6 0   395.6 0   290.3 0   290.2 0     0.0 2    -0.1 0 -9999.9 1   -40.1 0 -9999.9 1 -9999.9 1 -9999.9 1 -9999.9 1   154.4 0 -9999.9 1
 1999 173  6 22  8 39  8.650 106.13    -3.4 0 -9999.9 1 -9999.9 1     0.7 0   353.9 0   305.2 0   303.7 0   395.6 0   290.4 0   290.3 0     0.0 0    -0.1 0 -9999.9 1   -41.6 0 -9999.9 1 -9999.9 1 -9999.9 1 -9999.9 1   156.4 0 -9999.9 1
 1999 173  6 22  8 42  8.700 105.77    -3.5 0 -9999.9 1 -9999.9 1     0.7 0   350.3 0   305.1 0   303.6 0   394.5 0   290.3 0   290.2 0     0.0 2    -0.1 0 -9999.9 1   -44.2 0 -9999.9 1 -9999.9 1 -9999.9 1 -9999.9 1   160.3 0 -9999.9 1
 1999 173  6 22  8 48  8.800 105.04    -3.7 0 -9999.9 1 -9999.9 1     0.7 0   350.5 0   305.1 0   303.6 0   394.7 0   290.4 0   290.4 0     0.0 0    -0.1 0 -9999.9 1   -44.2 0 -9999.9 1 -9999.9 1 -9999.9 1 -9999.9 1   164.3 0 -9999.9 1
 1999 173  6 22  8 51  8.850 104.66    -3.5 0 -9999.9 1 -9999.9 1     0.9 0   351.9 0   305.2 0   303.7 0   394.9 0   290.5 0   290.4 0     0.0 0    -0.2 0 -9999.9 1   -43.1 0 -9999.9 1 -9999.9 1 -9999.9 1 -9999.9 1   164.6 0 -9999.9 1
 1999 173  6 22  8 54  8.900 104.29    -3.6 0 -9999.9 1 -9999.9 1     0.9 0   350.8 0   305.2 0   303.7 0   395.4 0   290.5 0   290.4 0     0.0 0    -0.2 0 -9999.9 1   -44.6 0 -9999.9 1 -9999.9 1 -9999.9 1 -9999.9 1   167.6 0 -9999.9 1
 1999 173  6 22  8 57  8.950 103.90    -3.5 0 -9999.9 1 -9999.9 1     1.0 0   348.0 0   305.2 0   303.6 0   395.8 0   290.5 0   290.4 0     0.0 0    -0.1 0 -9999.9 1   -47.8 0 -9999.9 1 -9999.9 1 -9999.9 1 -9999.9 1   167.8 0 -9999.9 1
 1999 173  6 22  9  3  9.050 103.13    -4.0 0 -9999.9 1 -9999.9 1     1.4 0   344.0 0   305.2 0   303.4 0   396.8 0   290.5 0   290.5 0     0.0 0    -0.1 0 -9999.9 1   -52.7 0 -9999.9 1 -9999.9 1 -9999.9 1 -9999.9 1   164.2 0 -9999.9 1
 1999 173  6 22  9  6  9.100 102.73    -4.0 0 -9999.9 1 -9999.9 1     1.5 0   342.5 0   305.1 0   303.4 0   396.1 0   290.4 0   290.4 0     0.0 0     0.0 0 -9999.9 1   -53.5 0 -9999.9 1 -9999.9 1 -9999.9 1 -9999.9 1   162.4 0 -9999.9 1
 1999 173  6 22  9  9  9.150 102.33    -4.0 0 -9999.9 1 -9999.9 1     1.5 0   341.7 0   305.0 0   303.3 0   395.1 0   290.4 0   290.3 0     0.0 2    -0.2 0 -9999.9 1   -53.4 0 -9999.9 1 -9999.9 1 -9999.9 1 -9999.9 1   161.8 0 -9999.9 1
 1999 173  6 22  9 12  9.200 101.93    -3.9 0 -9999.9 1 -9999.9 1     1.6 0   340.7 0   304.9 0   303.3 0   394.9 0   290.3 0   290.2 0     0.0 0    -0.1 0 -9999.9 1   -54.2 0 -9999.9 1 -9999.9 1 -9999.9 1 -9999.9 1   163.6 0 -9999.9 1
 1999 173  6 22  9 18  9.300 101.11    -4.1 0 -9999.9 1 -9999.9 1     1.9 0   339.3 0   304.9 0   303.2 0   395.4 0   290.3 0   290.2 0     0.0 0    -0.1 0 -9999.9 1   -56.2 0 -9999.9 1 -9999.9 1 -9999.9 1 -9999.9 1   168.3 0 -9999.9 1
 1999 173  6 22  9 21  9.350 100.70    -4.0 0 -9999.9 1 -9999.9 1     2.1 0   339.1 0   304.9 0   303.2 0   395.9 0   290.4 0   290.3 0     0.0 0    -0.1 0 -9999.9 1   -56.8 0 -9999.9 1 -9999.9 1 -9999.9 1 -9999.9 1   166.9 0 -9999.9 1
 1999 173  6 22  9 24  9.400 100.28    -4.1 0 -9999.9 1 -9999.9 1     2.0 0   339.1 0   304.9 0   303.1 0   396.0 0   290.4 0   290.3 0     0.0 0    -0.2 0 -9999.9 1   -57.0 0 -9999.9 1 -9999.9 1 -9999.9 1 -9999.9 1   165.9 0 -9999.9 1
 1999 173  6 22  9 27  9.450  99.86    -4.0 0 -9999.9 1 -9999.9 1     2.1 0   340.2 0   304.8 0   303.0 0   396.6 0   290.4 0   290.4 0     0.0 0    -0.1 0 -9999.9 1   -56.3 0 -9999.9 1 -9999.9 1 -9999.9 1 -9999.9 1   166.9 0 -9999.9 1
 1999 173  6 22  9 33  9.550  99.00    -4.1 0 -9999.9 1 -9999.9 1     2.7 0   343.4 0   304.7 0   302.9 0   396.9 0   290.4 0   290.3 0     0.0 0    -0.1 0 -9999.9 1   -53.5 0 -9999.9 1 -9999.9 1 -9999.9 1 -9999.9 1   170.8 0 -9999.9 1
 1999 173  6 22  9 36  9.600  98.57    -4.1 0 -9999.9 1 -9999.9 1     3.0 0   345.7 0   304.7 0   303.0 0   397.6 0   290.5 0   290.4 0     0.0 0    -0.2 0 -9999.9 1   -51.9 0 -9999.9 1 -9999.9 1 -9999.9 1 -9999.9 1   171.8 0 -9999.9 1
 1999 173  6 22  9 39  9.650  98.13    -4.1 0 -9999.9 1 -9999.9 1     2.8 0   349.5 0   304.7 0   303.1 0   398.0 0   290.6 0   290.5 0     0.0 0    -0.3 0 -9999.9 1   -48.6 0 -9999.9 1 -9999.9 1 -9999.9 1 -9999.9 1   167.7 0 -9999.9 1
 1999 173  6 22  9 42  9.700  97.69    -4.0 0 -9999.9 1 -9999.9 1     2.7 0   349.2 0   304.6 0   302.9 0   397.6 0   290.5 0   290.4 0     0.0 0    -0.2 0 -9999.9 1   -48.5 0 -9999.9 1 -9999.9 1 -9999.9 1 -9999.9 1   166.8 0 -9999.9 1
 1999 173  6 22  9 48  9.800  96.80    -4.0 0 -9999.9 1 -9999.9 1     3.2 0   351.7 0   304.5 0   302.8 0   397.8 0   290.4 0   290.4 0     0.0 0    -0.2 0 -9999.9 1   -46.1 0 -9999.9 1 -9999.9 1 -9999.9 1 -9999.9 1   172.1 0 -9999.9 1
 1999 173  6 22  9 51  9.850  96.35    -4.0 0 -9999.9 1 -9999.9 1     3.5 0   350.5 0   304.4 0   302.7 0   397.4 0   290.3 0   290.2 0     0.0 0    -0.1 0 -9999.9 1   -46.9 0 -9999.9 1 -9999.9 1 -9999.9 1 -9999.9 1   174.6 0 -9999.9 1
 1999 173  6 22  9 54  9.900  95.90    -4.2 0 -9999.9 1 -9999.9 1     4.2 0   351.6 0   304.4 0   302.7 0   398.3 0   290.3 0   290.3 0     0.0 0    -0.1 0 -9999.9 1   -46.7 0 -9999.9 1 -9999.9 1 -9999.9 1 -9999.9 1   175.8 0 -9999.9 1
 1999 173  6 22  9 57  9.950  95.44    -4.1 0 -9999.9 1 -9999.9 1     4.5 0   351.8 0   304.5 0   302.8 0   399.1 0   290.4 0   290.4 0     0.0 0    -0.1 0 -9999.9 1   -47.3 0 -9999.9 1 -9999.9 1 -9999.9 1 -9999.9 1   177.2 0 -9999.9 1
 1999 173  6 22 10  3 10.050  94.52    -4.1 0 -9999.9 1 -9999.9 1     5.1 0   353.1 0   304.4 0   302.7 0   398.5 0   290.3 0   290.3 0     0.0 0    -0.1 0 -9999.9 1   -45.4 0 -9999.9 1 -9999.9 1 -9999.9 1 -9999.9 1   178.7 0 -9999.9 1
 1999 173  6 22 10  6 10.100  94.05    -4.1 0 -9999.9 1 -9999.9 1     5.5 0   354.7 0   304.5 0   302.6 0   399.4 0   290.4 0   290.3 0     0.0 0     0.0 0 -9999.9 1   -44.7 0 -9999.9 1 -9999.9 1 -9999.9 1 -9999.9 1   178.0 0 -9999.9 1
 1999 173  6 22 10  9 10.150  93.58    -4.2 0 -9999.9 1 -9999.9 1     6.0 0   354.6 0   304.4 0   302.5 0   399.5 0   290.4 0   290.3 0     0.0 0     0.0 0 -9999.9 1   -45.0 0 -9999.9 1 -9999.9 1 -9999.9 1 -9999.9 1   172.4 0 -9999.9 1
 1999 173  6 22 10 12 10.200  93.11    -3.9 0 -9999.9 1 -9999.9 1     6.0 0   353.9 0   304.4 0   302.7 0   399.2 0   290.4 0   290.4 0     0.0 0     0.1 0 -9999.9 1   -45.3 0 -9999.9 1 -9999.9 1 -9999.9 1 -9999.9 1   174.0 0 -9999.9 1
 1999 173  6 22 10 18 10.300  92.16    -3.0 0 -9999.9 1 -9999.9 1     6.1 0   354.9 0   304.4 0   302.7 0   399.3 0   290.5 0   290.4 0     0.0 0     0.4 0 -9999.9 1   -44.4 0 -9999.9 1 -9999.9 1 -9999.9 1 -9999.9 1   182.5 0 -9999.9 1
 1999 173  6 22 10 21 10.350  91.68    -2.7 0 -9999.9 1 -9999.9 1     6.6 0   352.2 0   304.2 0   302.6 0   397.7 0   290.3 0   290.2 0     0.0 2     0.8 0 -9999.9 1   -45.5 0 -9999.9 1 -9999.9 1 -9999.9 1 -9999.9 1   184.0 0 -9999.9 1
 1999 173  6 22 10 24 10.400  91.20    -1.9 0 -9999.9 1 -9999.9 1     7.1 0   354.6 0   304.4 0   302.8 0   398.7 0   290.5 0   290.4 0     0.0 0     1.0 0 -9999.9 1   -44.1 0 -9999.9 1 -9999.9 1 -9999.9 1 -9999.9 1   185.8 0 -9999.9 1
 1999 173  6 22 10 27 10.450  89.96    -1.1 0 -9999.9 1 -9999.9 1     7.9 0   358.0 0   304.5 0   302.9 0   399.7 0   290.6 0   290.6 0     0.1 0     1.4 0 -9999.9 1   -41.7 0 -9999.9 1 -9999.9 1 -9999.9 1 -9999.9 1   184.3 0 -9999.9 1
 1999 173  6 22 10 33 10.550  89.22     0.5 0 -9999.9 1 -9999.9 1     8.9 0   363.9 0   304.3 0   302.7 0   398.9 0   290.3 0   290.3 0     0.2 2     2.3 0 -9999.9 1   -35.0 0 -9999.9 1 -9999.9 1 -9999.9 1 -9999.9 1   186.9 0 -9999.9 1
 1999 173  6 22 10 36 10.600  88.81     2.0 0 -9999.9 1 -9999.9 1     8.1 0   362.1 0   304.3 0   302.8 0   398.9 0   290.3 0   290.3 0     0.2 2     2.8 0 -9999.9 1   -36.8 0 -9999.9 1 -9999.9 1 -9999.9 1 -9999.9 1   186.3 0 -9999.9 1
 1999 173  6 22 10 39 10.650  88.38     3.6 0 -9999.9 1 -9999.9 1     9.3 0   361.8 0   304.5 0   303.0 0   399.8 0   290.5 0   290.4 0     0.3 2     3.4 0 -9999.9 1   -38.0 0 -9999.9 1 -9999.9 1 -9999.9 1 -9999.9 1   191.2 0 -9999.9 1
 1999 173  6 22 10 42 10.700  87.93     5.0 0 -9999.9 1 -9999.9 1    10.7 0   363.3 0   304.4 0   303.0 0   399.3 0   290.3 0   290.3 0     0.3 2     4.2 0 -9999.9 1   -36.0 0 -9999.9 1 -9999.9 1 -9999.9 1 -9999.9 1   191.4 0 -9999.9 1
 1999 173  6 22 10 48 10.800  86.99     8.6 0 -9999.9 1 -9999.9 1    14.9 0   364.6 0   304.4 0   303.0 0   399.6 0   290.3 0   290.2 0     0.5 2     5.8 0 -9999.9 1   -35.0 0 -9999.9 1 -9999.9 1 -9999.9 1 -9999.9 1   194.2 0 -9999.9 1
 1999 173  6 22 10 51 10.850  86.52    11.1 0 -9999.9 1 -9999.9 1    17.1 0   365.8 0   304.5 0   303.1 0   400.1 0   290.3 0   290.3 0     0.6 2     6.7 0 -9999.9 1   -34.3 0 -9999.9 1 -9999.9 1 -9999.9 1 -9999.9 1   195.6 0 -9999.9 1
 1999 173  6 22 10 54 10.900  86.03    13.3 0 -9999.9 1 -9999.9 1    19.0 0   367.8 0   304.6 0   303.2 0   401.3 0   290.4 0   290.4 0     0.7 2     7.4 0 -9999.9 1   -33.5 0 -9999.9 1 -9999.9 1 -9999.9 1 -9999.9 1   196.1 0 -9999.9 1
 1999 173  6 22 10 57 10.950  85.54    15.9 0 -9999.9 1 -9999.9 1    21.8 0   369.7 0   304.8 0   303.3 0   402.4 0   290.6 0   290.6 0     0.7 2     8.4 0 -9999.9 1   -32.7 0 -9999.9 1 -9999.9 1 -9999.9 1 -9999.9 1   197.5 0 -9999.9 1
 1999 173  6 22 11  3 11.050  84.54    21.4 0 -9999.9 1 -9999.9 1    27.1 0   371.0 0   305.1 0   303.7 0   403.5 0   290.8 0   290.8 0     0.9 0    10.5 0 -9999.9 1   -32.5 0 -9999.9 1 -9999.9 1 -9999.9 1 -9999.9 1   201.9 0 -9999.9 1
 1999 173  6 22 11  6 11.100  84.04    25.3 0 -9999.9 1 -9999.9 1    30.5 0   370.9 0   305.2 0   303.8 0   404.1 0   290.8 0   290.8 0     1.1 0    11.9 0 -9999.9 1   -33.2 0 -9999.9 1 -9999.9 1 -9999.9 1 -9999.9 1   199.2 0 -9999.9 1
 1999 173  6 22 11  9 11.150  83.53    32.8 0 -9999.9 1 -9999.9 1    33.9 0   370.6 0   305.3 0   303.9 0   404.9 0   290.9 0   290.9 0     1.3 0    13.5 0 -9999.9 1   -34.3 0 -9999.9 1 -9999.9 1 -9999.9 1 -9999.9 1   197.0 0 -9999.9 1
 1999 173  6 22 11 12 11.200  83.02    37.9 0 -9999.9 1 -9999.9 1    37.1 0   370.7 0   305.5 0   304.2 0   405.9 0   291.1 0   291.1 0     1.5 0    15.2 0 -9999.9 1   -35.2 0 -9999.9 1 -9999.9 1 -9999.9 1 -9999.9 1   196.0 0 -9999.9 1
 1999 173  6 22 11 18 11.300  81.99    45.9 0 -9999.9 1 -9999.9 1    43.3 0   367.4 0   305.9 0   304.5 0   407.4 0   291.4 0   291.4 0     2.1 0    18.9 0 -9999.9 1   -40.1 0 -9999.9 1 -9999.9 1 -9999.9 1 -9999.9 1   196.4 0 -9999.9 1
 1999 173  6 22 11 21 11.350  81.47    47.6 0 -9999.9 1 -9999.9 1    47.2 0   365.5 0   306.0 0   304.6 0   407.5 0   291.5 0   291.5 0     2.3 0    21.1 0 -9999.9 1   -42.0 0 -9999.9 1 -9999.9 1 -9999.9 1 -9999.9 1   196.9 0 -9999.9 1
 1999 173  6 22 11 24 11.400  80.95    47.1 0 -9999.9 1 -9999.9 1    50.4 0   363.5 0   306.1 0   304.6 0   407.5 0   291.5 0   291.5 0     2.6 0    22.6 0 -9999.9 1   -44.0 0 -9999.9 1 -9999.9 1 -9999.9 1 -9999.9 1   193.2 0 -9999.9 1
 1999 173  6 22 11 27 11.450  80.43    50.2 0 -9999.9 1 -9999.9 1    53.6 0   361.1 0   306.2 0   304.7 0   407.4 0   291.5 0   291.5 0     2.9 0    24.6 0 -9999.9 1   -46.3 0 -9999.9 1 -9999.9 1 -9999.9 1 -9999.9 1   185.2 0 -9999.9 1
 1999 173  6 22 11 33 11.550  79.37    58.6 0 -9999.9 1 -9999.9 1    61.1 0   358.0 0   306.2 0   304.5 0   407.5 0   291.5 0   291.5 0     3.8 0    28.7 0 -9999.9 1   -49.5 0 -9999.9 1 -9999.9 1 -9999.9 1 -9999.9 1   157.2 0 -9999.9 1
 1999 173  6 22 11 36 11.600  78.84    61.7 0 -9999.9 1 -9999.9 1    64.3 0   354.5 0   306.2 0   304.6 0   407.2 0   291.5 0   291.5 0     4.1 0    30.3 0 -9999.9 1   -52.8 0 -9999.9 1 -9999.9 1 -9999.9 1 -9999.9 1   144.5 0 -9999.9 1
 1999 173  6 22 11 39 11.650  78.31    65.4 0 -9999.9 1 -9999.9 1    67.5 0   351.0 0   306.1 0   304.6 0   406.8 0   291.4 0   291.3 0     4.5 0    32.0 0 -9999.9 1   -55.8 0 -9999.9 1 -9999.9 1 -9999.9 1 -9999.9 1   149.1 0 -9999.9 1
 1999 173  6 22 11 42 11.700  77.78    69.1 0 -9999.9 1 -9999.9 1    70.6 0   348.8 0   306.1 0   304.7 0   407.0 0   291.3 0   291.3 0     4.8 0    33.7 0 -9999.9 1   -58.2 0 -9999.9 1 -9999.9 1 -9999.9 1 -9999.9 1   166.0 0 -9999.9 1
 1999 173  6 22 11 48 11.800  76.71    64.2 0 -9999.9 1 -9999.9 1    65.6 0   343.2 0   306.2 0   304.8 0   407.3 0   291.4 0   291.4 0     5.6 0    32.5 0 -9999.9 1   -64.1 0 -9999.9 1 -9999.9 1 -9999.9 1 -9999.9 1   174.2 0 -9999.9 1
 1999 173  6 22 11 51 11.850  76.17    67.1 0 -9999.9 1 -9999.9 1    68.3 0   342.5 0   306.3 0   305.0 0   407.7 0   291.5 0   291.5 0     6.1 0    34.2 0 -9999.9 1   -65.1 0 -9999.9 1 -9999.9 1 -9999.9 1 -9999.9 1   174.0 0 -9999.9 1
 1999 173  6 22 11 54 11.900  75.63    71.3 0 -9999.9 1 -9999.9 1    72.3 0   341.4 0   306.4 0   305.1 0   407.9 0   291.5 0   291.5 0     6.5 0    36.2 0 -9999.9 1   -66.5 0 -9999.9 1 -9999.9 1 -9999.9 1 -9999.9 1   172.5 0 -9999.9 1
 1999 173  6 22 11 57 11.950  75.09    73.9 0 -9999.9 1 -9999.9 1    74.6 0   341.1 0   306.5 0   305.2 0   408.4 0   291.6 0   291.6 0     7.0 0    37.6 0 -9999.9 1   -67.3 0 -9999.9 1 -9999.9 1 -9999.9 1 -9999.9 1   167.6 0 -9999.9 1
 1999 173  6 22 12  3 12.050  74.00    85.2 0 -9999.9 1 -9999.9 1    85.9 0   341.0 0   306.6 0   305.3 0   409.1 0   291.5 0   291.5 0     8.1 0    43.2 0 -9999.9 1   -68.1 0 -9999.9 1 -9999.9 1 -9999.9 1 -9999.9 1   160.1 0 -9999.9 1
 1999 173  6 22 12  6 12.100  73.45    86.2 0 -9999.9 1 -9999.9 1    86.8 0   340.1 0   306.6 0   305.2 0   409.2 0   291.5 0   291.5 0     8.6 0    44.1 0 -9999.9 1   -69.1 0 -9999.9 1 -9999.9 1 -9999.9 1 -9999.9 1   157.6 0 -9999.9 1
 1999 173  6 22 12  9 12.150  72.90    84.2 0 -9999.9 1 -9999.9 1    84.8 0   340.3 0   306.7 0   305.2 0   409.0 0   291.6 0   291.6 0     9.1 0    43.6 0 -9999.9 1   -68.6 0 -9999.9 1 -9999.9 1 -9999.9 1 -9999.9 1   159.6 0 -9999.9 1
 1999 173  6 22 12 12 12.200  72.35    86.1 0 -9999.9 1 -9999.9 1    86.4 0   340.2 0   306.8 0   305.4 0   409.2 0   291.6 0   291.6 0     9.6 0    44.8 0 -9999.9 1   -69.0 0 -9999.9 1 -9999.9 1 -9999.9 1 -9999.9 1   163.7 0 -9999.9 1
 1999 173  6 22 12 18 12.300  71.25    84.4 0 -9999.9 1 -9999.9 1    84.4 0   340.3 0   307.0 0   305.8 0   409.9 0   291.7 0   291.7 0    10.6 0    44.4 0 -9999.9 1   -69.7 0 -9999.9 1 -9999.9 1 -9999.9 1 -9999.9 1   175.5 0 -9999.9 1
 1999 173  6 22 12 21 12.350  70.70    83.9 0 -9999.9 1 -9999.9 1    84.3 0   341.3 0   307.1 0   305.7 0   409.7 0   291.7 0   291.7 0    11.1 0    44.6 0 -9999.9 1   -68.3 0 -9999.9 1 -9999.9 1 -9999.9 1 -9999.9 1   179.0 0 -9999.9 1
 1999 173  6 22 12 24 12.400  70.15    92.1 0 -9999.9 1 -9999.9 1    92.3 0   341.2 0   307.1 0   305.8 0   409.1 0   291.5 0   291.5 0    11.7 0    48.2 0 -9999.9 1   -67.9 0 -9999.9 1 -9999.9 1 -9999.9 1 -9999.9 1   181.8 0 -9999.9 1
 1999 173  6 22 12 27 12.450  69.59   102.9 0 -9999.9 1 -9999.9 1   102.9 0   341.8 0   307.3 0   305.8 0   410.1 0   291.6 0   291.6 0    12.5 0    52.9 0 -9999.9 1   -68.3 0 -9999.9 1 -9999.9 1 -9999.9 1 -9999.9 1   181.3 0 -9999.9 1
 1999 173  6 22 12 33 12.550  68.48   117.3 0 -9999.9 1 -9999.9 1   117.2 0   344.3 0   307.7 0   306.4 0   412.8 0   291.8 0   291.8 0    14.2 0    59.5 0 -9999.9 1   -68.5 0 -9999.9 1 -9999.9 1 -9999.9 1 -9999.9 1   185.9 0 -9999.9 1
 1999 173  6 22 12 36 12.600  67.92   117.4 0 -9999.9 1 -9999.9 1   117.3 0   346.2 0   307.8 0   306.4 0   413.4 0   291.9 0   291.9 0    14.8 0    59.5 0 -9999.9 1   -67.3 0 -9999.9 1 -9999.9 1 -9999.9 1 -9999.9 1   182.3 0 -9999.9 1
 1999 173  6 22 12 39 12.650  67.36   119.3 0 -9999.9 1 -9999.9 1   118.9 0   341.7 0   307.8 0   306.2 0   412.3 0   291.7 0   291.8 0    15.6 0    60.9 0 -9999.9 1   -70.6 0 -9999.9 1 -9999.9 1 -9999.9 1 -9999.9 1   180.9 0 -9999.9 1
 1999 173  6 22 12 42 12.700  66.80   122.4 0 -9999.9 1 -9999.9 1   121.9 0   338.2 0   307.8 0   306.3 0   411.5 0   291.7 0   291.7 0    16.7 2    63.0 0 -9999.9 1   -73.3 0 -9999.9 1 -9999.9 1 -9999.9 1 -9999.9 1   185.4 0 -9999.9 1
 1999 173  6 22 12 48 12.800  65.68   122.7 0 -9999.9 1 -9999.9 1   121.6 0   334.3 0   307.8 0   306.2 0   410.4 0   291.5 0   291.6 0    17.9 2    63.1 0 -9999.9 1   -76.1 0 -9999.9 1 -9999.9 1 -9999.9 1 -9999.9 1   185.8 0 -9999.9 1
 1999 173  6 22 12 51 12.850  65.11   127.9 0 -9999.9 1 -9999.9 1   126.9 0   333.6 0   307.8 0   306.3 0   410.2 0   291.5 0   291.6 0    18.7 2    65.6 0 -9999.9 1   -76.6 0 -9999.9 1 -9999.9 1 -9999.9 1 -9999.9 1   187.9 0 -9999.9 1
 1999 173  6 22 12 54 12.900  64.55   132.8 0 -9999.9 1 -9999.9 1   131.6 0   333.3 0   307.9 0   306.4 0   410.8 0   291.6 0   291.7 0    19.5 2    68.3 0 -9999.9 1   -77.5 0 -9999.9 1 -9999.9 1 -9999.9 1 -9999.9 1   186.1 0 -9999.9 1
 1999 173  6 22 12 57 12.950  63.98   130.8 0 -9999.9 1 -9999.9 1   129.4 0   332.5 0   308.1 0   306.6 0   411.2 0   291.8 0   291.8 0    20.7 2    68.3 0 -9999.9 1   -78.7 0 -9999.9 1 -9999.9 1 -9999.9 1 -9999.9 1   188.5 0 -9999.9 1
 1999 173  6 22 13  3 13.050  62.85   128.3 0 -9999.9 1 -9999.9 1   126.5 0   335.2 0   308.5 0   306.9 0   412.7 0   292.2 0   292.2 0    22.3 2    69.1 0 -9999.9 1   -77.6 0 -9999.9 1 -9999.9 1 -9999.9 1 -9999.9 1   190.9 0 -9999.9 1
 1999 173  6 22 13  6 13.100  62.29   134.7 0 -9999.9 1 -9999.9 1   132.5 0   334.1 0   308.6 0   307.2 0   413.0 0   292.2 0   292.3 0    23.6 2    73.5 0 -9999.9 1   -78.8 0 -9999.9 1 -9999.9 1 -9999.9 1 -9999.9 1   190.4 0 -9999.9 1
 1999 173  6 22 13  9 13.150  61.72   155.2 0 -9999.9 1 -9999.9 1   148.1 0   335.6 0   308.8 0   307.5 0   415.0 0   292.4 0   292.5 0    25.1 0    83.5 0 -9999.9 1   -79.4 0 -9999.9 1 -9999.9 1 -9999.9 1 -9999.9 1   194.3 0 -9999.9 1
 1999 173  6 22 13 12 13.200  61.15   200.0 0 -9999.9 1 -9999.9 1   166.0 0   337.5 0   309.0 0   307.7 0   417.6 0   292.6 0   292.7 0    26.5 0    99.9 0 -9999.9 1   -80.1 0 -9999.9 1 -9999.9 1 -9999.9 1 -9999.9 1   196.2 0 -9999.9 1
 1999 173  6 22 13 18 13.300  60.01   193.4 0 -9999.9 1 -9999.9 1   184.4 0   340.9 0   309.5 0   308.0 0   419.9 0   293.0 0   293.1 0    29.2 0   104.7 0 -9999.9 1   -79.0 0 -9999.9 1 -9999.9 1 -9999.9 1 -9999.9 1   194.7 0 -9999.9 1
 1999 173  6 22 13 21 13.350  59.44   218.8 0 -9999.9 1 -9999.9 1   202.1 0   341.2 0   309.6 0   308.1 0   420.9 0   293.1 0   293.1 0    31.2 0   118.4 0 -9999.9 1   -79.7 0 -9999.9 1 -9999.9 1 -9999.9 1 -9999.9 1   191.5 0 -9999.9 1
 1999 173  6 22 13 24 13.400  58.87   288.3 0 -9999.9 1 -9999.9 1   226.1 0   342.2 0   309.7 0   308.3 0   424.3 0   293.2 0   293.3 0    33.6 0   143.7 0 -9999.9 1   -82.1 0 -9999.9 1 -9999.9 1 -9999.9 1 -9999.9 1   196.4 0 -9999.9 1
 1999 173  6 22 13 27 13.450  58.30   402.0 0 -9999.9 1 -9999.9 1   245.6 0   343.4 0   310.0 0   308.8 0   429.9 0   293.4 0   293.6 0    36.5 0   174.8 0 -9999.9 1   -86.6 0 -9999.9 1 -9999.9 1 -9999.9 1 -9999.9 1   197.4 0 -9999.9 1
 1999 173  6 22 13 33 13.550  57.16   392.0 0 -9999.9 1 -9999.9 1   267.5 0   343.1 0   310.6 0   309.5 0   435.1 0   293.9 0   294.1 0    40.6 0   186.0 0 -9999.9 1   -92.0 0 -9999.9 1 -9999.9 1 -9999.9 1 -9999.9 1   197.6 0 -9999.9 1
 1999 173  6 22 13 36 13.600  56.59   455.1 0 -9999.9 1 -9999.9 1   272.9 0   343.6 0   310.8 0   309.7 0   436.5 0   294.1 0   294.3 0    42.8 0   204.5 0 -9999.9 1   -92.9 0 -9999.9 1 -9999.9 1 -9999.9 1 -9999.9 1   204.4 0 -9999.9 1
 1999 173  6 22 13 39 13.650  56.01   471.6 0 -9999.9 1 -9999.9 1   273.0 0   342.4 0   311.1 0   310.1 0   439.6 0   294.3 0   294.6 0    44.9 0   211.1 0 -9999.9 1   -97.2 0 -9999.9 1 -9999.9 1 -9999.9 1 -9999.9 1   198.0 0 -9999.9 1
 1999 173  6 22 13 42 13.700  55.44   483.0 0 -9999.9 1 -9999.9 1   274.6 0   340.9 0   311.5 0   310.5 0   440.6 0   294.7 0   295.0 0    46.6 0   217.1 0 -9999.9 1   -99.6 0 -9999.9 1 -9999.9 1 -9999.9 1 -9999.9 1   199.1 0 -9999.9 1
 1999 173  6 22 13 48 13.800  54.30   495.7 0 -9999.9 1 -9999.9 1   283.5 0   341.8 0   312.2 0   311.2 0   443.6 0   295.3 0   295.6 0    50.0 0   223.7 0 -9999.9 1  -101.8 0 -9999.9 1 -9999.9 1 -9999.9 1 -9999.9 1   204.5 0 -9999.9 1
 1999 173  6 22 13 51 13.850  53.72   508.2 0 -9999.9 1 -9999.9 1   289.4 0   341.5 0   312.5 0   311.4 0   444.5 0   295.5 0   295.7 0    51.7 0   228.8 0 -9999.9 1  -103.0 0 -9999.9 1 -9999.9 1 -9999.9 1 -9999.9 1   191.9 0 -9999.9 1
 1999 173  6 22 13 54 13.900  53.15   514.8 0 -9999.9 1 -9999.9 1   293.5 0   342.7 0   312.8 0   311.8 0   446.9 0   295.7 0   296.0 0    53.6 0   231.9 0 -9999.9 1  -104.2 0 -9999.9 1 -9999.9 1 -9999.9 1 -9999.9 1   177.4 0 -9999.9 1
 1999 173  6 22 13 57 13.950  52.58   524.1 0 -9999.9 1 -9999.9 1   297.1 0   342.8 0   313.1 0   312.0 0   445.9 0   296.0 0   296.2 0    55.5 0   236.4 0 -9999.9 1  -103.1 0 -9999.9 1 -9999.9 1 -9999.9 1 -9999.9 1   185.4 0 -9999.9 1
 1999 173  6 22 14  3 14.050  51.43   550.4 0 -9999.9 1 -9999.9 1   311.6 0   343.5 0   313.7 0   312.5 0   448.8 0   296.3 0   296.6 0    59.3 0   247.4 0 -9999.9 1  -105.3 0 -9999.9 1 -9999.9 1 -9999.9 1 -9999.9 1   179.3 0 -9999.9 1
 1999 173  6 22 14  6 14.100  50.85   558.4 0 -9999.9 1 -9999.9 1   322.4 0   344.8 0   314.0 0   312.9 0   450.3 0   296.6 0   296.8 0    61.1 0   250.1 0 -9999.9 1  -105.5 0 -9999.9 1 -9999.9 1 -9999.9 1 -9999.9 1   183.4 0 -9999.9 1
 1999 173  6 22 14  9 14.150  50.28   565.4 0 -9999.9 1 -9999.9 1   333.2 0   345.6 0   314.3 0   313.0 0   450.7 0   296.8 0   297.1 0    62.7 0   251.9 0 -9999.9 1  -105.1 0 -9999.9 1 -9999.9 1 -9999.9 1 -9999.9 1   173.0 0 -9999.9 1
 1999 173  6 22 14 12 14.200  49.71   565.1 0 -9999.9 1 -9999.9 1   346.0 0   346.7 0   314.6 0   313.1 0   451.1 0   297.0 0   297.3 0    64.2 0   250.6 0 -9999.9 1  -104.3 0 -9999.9 1 -9999.9 1 -9999.9 1 -9999.9 1   171.1 0 -9999.9 1
 1999 173  6 22 14 18 14.300  48.56   574.2 0 -9999.9 1 -9999.9 1   375.2 0   350.5 0   315.0 0   313.7 0   454.8 0   297.3 0   297.6 0    66.4 0   250.8 0 -9999.9 1  -104.3 0 -9999.9 1 -9999.9 1 -9999.9 1 -9999.9 1   174.0 0 -9999.9 1
 1999 173  6 22 14 21 14.350  47.99   462.1 0 -9999.9 1 -9999.9 1   372.6 0   350.1 0   315.2 0   313.7 0   449.4 0   297.5 0   297.7 0    64.9 0   220.5 0 -9999.9 1   -99.2 0 -9999.9 1 -9999.9 1 -9999.9 1 -9999.9 1   181.7 0 -9999.9 1
 1999 173  6 22 14 24 14.400  47.42   513.7 0 -9999.9 1 -9999.9 1   373.1 0   353.0 0   315.4 0   313.8 0   449.7 0   297.5 0   297.7 0    67.0 0   233.2 0 -9999.9 1   -96.7 0 -9999.9 1 -9999.9 1 -9999.9 1 -9999.9 1   177.2 0 -9999.9 1
 1999 173  6 22 14 27 14.450  46.84   586.3 0 -9999.9 1 -9999.9 1   384.9 0   353.4 0   315.5 0   314.1 0   456.2 0   297.6 0   297.9 0    71.7 0   259.0 0 -9999.9 1  -102.8 0 -9999.9 1 -9999.9 1 -9999.9 1 -9999.9 1   171.3 0 -9999.9 1
 1999 173  6 22 14 33 14.550  45.70   612.8 0 -9999.9 1 -9999.9 1   377.4 0   350.6 0   315.8 0   314.5 0   458.0 0   297.9 0   298.2 0    76.3 0   273.8 0 -9999.9 1  -107.5 0 -9999.9 1 -9999.9 1 -9999.9 1 -9999.9 1   181.5 0 -9999.9 1
 1999 173  6 22 14 36 14.600  45.13   601.5 0 -9999.9 1 -9999.9 1   371.2 0   349.8 0   316.0 0   314.8 0   458.3 0   298.1 0   298.3 0    77.9 0   270.6 0 -9999.9 1  -108.4 0 -9999.9 1 -9999.9 1 -9999.9 1 -9999.9 1   174.4 0 -9999.9 1
 1999 173  6 22 14 39 14.650  44.56   634.6 0 -9999.9 1 -9999.9 1   373.8 0   349.1 0   316.2 0   315.1 0   460.6 0   298.2 0   298.5 0    81.5 0   284.5 0 -9999.9 1  -111.5 0 -9999.9 1 -9999.9 1 -9999.9 1 -9999.9 1   186.0 0 -9999.9 1
 1999 173  6 22 14 42 14.700  43.99   652.3 0 -9999.9 1 -9999.9 1   374.5 0   349.1 0   316.4 0   315.0 0   460.8 0   298.3 0   298.6 0    84.9 0   291.8 0 -9999.9 1  -111.6 0 -9999.9 1 -9999.9 1 -9999.9 1 -9999.9 1   176.7 0 -9999.9 1
 1999 173  6 22 14 48 14.800  42.85   664.7 0 -9999.9 1 -9999.9 1   382.4 0   350.6 0   316.7 0   315.5 0   461.1 0   298.5 0   298.7 0    88.6 0   297.6 0 -9999.9 1  -110.4 0 -9999.9 1 -9999.9 1 -9999.9 1 -9999.9 1   196.8 0 -9999.9 1
 1999 173  6 22 14 51 14.850  42.28   665.9 0 -9999.9 1 -9999.9 1   386.6 0   350.7 0   316.9 0   315.7 0   463.1 0   298.6 0   298.8 0    90.0 0   297.4 0 -9999.9 1  -112.4 0 -9999.9 1 -9999.9 1 -9999.9 1 -9999.9 1   194.9 0 -9999.9 1
 1999 173  6 22 14 54 14.900  41.72   664.4 0 -9999.9 1 -9999.9 1   389.2 0   351.2 0   317.1 0   315.9 0   463.3 0   298.7 0   298.9 0    91.8 0   298.2 0 -9999.9 1  -112.1 0 -9999.9 1 -9999.9 1 -9999.9 1 -9999.9 1   201.1 0 -9999.9 1
 1999 173  6 22 14 57 14.950  41.15   669.1 0 -9999.9 1 -9999.9 1   397.4 0   353.1 0   317.2 0   315.9 0   462.6 0   298.8 0   299.0 0    93.7 0   298.8 0 -9999.9 1  -109.4 0 -9999.9 1 -9999.9 1 -9999.9 1 -9999.9 1   192.1 0 -9999.9 1
 1999 173  6 22 15  3 15.050  40.02   675.5 0 -9999.9 1 -9999.9 1   435.0 0   355.5 0   317.5 0   316.3 0   466.7 0   298.9 0   299.1 0    97.4 0   303.3 0 -9999.9 1  -111.2 0 -9999.9 1 -9999.9 1 -9999.9 1 -9999.9 1   209.9 0 -9999.9 1
 1999 173  6 22 15  6 15.100  39.46   630.5 0 -9999.9 1 -9999.9 1   464.3 0   355.1 0   317.6 0   316.3 0   462.8 0   298.9 0   299.1 0    98.7 0   291.5 0 -9999.9 1  -107.6 0 -9999.9 1 -9999.9 1 -9999.9 1 -9999.9 1   206.5 0 -9999.9 1
 1999 173  6 22 15  9 15.150  38.90   703.0 0 -9999.9 1 -9999.9 1   460.6 0   356.3 0   317.7 0   316.4 0   464.5 0   298.9 0   299.1 0   102.9 0   313.3 0 -9999.9 1  -108.3 0 -9999.9 1 -9999.9 1 -9999.9 1 -9999.9 1   206.3 0 -9999.9 1
 1999 173  6 22 15 12 15.200  38.34   738.1 0 -9999.9 1 -9999.9 1   448.1 0   351.8 0   317.6 0   316.6 0   466.5 0   298.8 0   299.0 0   108.7 0   324.8 0 -9999.9 1  -114.6 0 -9999.9 1 -9999.9 1 -9999.9 1 -9999.9 1   217.5 0 -9999.9 1
 1999 173  6 22 15 18 15.300  37.23   773.7 0 -9999.9 1 -9999.9 1   432.9 0   349.5 0   317.6 0   316.1 0   464.5 0   298.6 0   298.8 0   116.3 2   348.7 0 -9999.9 1  -115.0 0 -9999.9 1 -9999.9 1 -9999.9 1 -9999.9 1   205.3 0 -9999.9 1
 1999 173  6 22 15 21 15.350  36.67   777.7 0 -9999.9 1 -9999.9 1   433.6 0   348.8 0   317.6 0   316.1 0   464.1 0   298.5 0   298.8 0   118.2 2   350.0 0 -9999.9 1  -115.3 0 -9999.9 1 -9999.9 1 -9999.9 1 -9999.9 1   204.0 0 -9999.9 1
 1999 173  6 22 15 24 15.400  36.12   777.9 0 -9999.9 1 -9999.9 1   426.7 0   349.2 0   317.7 0   316.1 0   463.1 0   298.6 0   298.9 0   121.2 2   350.5 0 -9999.9 1  -113.9 0 -9999.9 1 -9999.9 1 -9999.9 1 -9999.9 1   205.2 0 -9999.9 1
 1999 173  6 22 15 27 15.450  35.57   750.0 0 -9999.9 1 -9999.9 1   411.5 0   349.9 0   317.8 0   316.3 0   465.3 0   298.7 0   298.9 0   119.5 2   340.1 0 -9999.9 1  -115.5 0 -9999.9 1 -9999.9 1 -9999.9 1 -9999.9 1   220.3 0 -9999.9 1
 1999 173  6 22 15 33 15.550  34.47   734.7 0 -9999.9 1 -9999.9 1   410.6 0   353.4 0   317.8 0   316.2 0   464.7 0   298.9 0   299.1 0   122.9 0   335.0 0 -9999.9 1  -111.2 0 -9999.9 1 -9999.9 1 -9999.9 1 -9999.9 1   214.3 0 -9999.9 1
 1999 173  6 22 15 36 15.600  33.92   721.3 0 -9999.9 1 -9999.9 1   433.9 0   355.3 0   317.8 0   316.2 0   466.4 0   299.0 0   299.3 0   122.5 0   329.9 0 -9999.9 1  -111.2 0 -9999.9 1 -9999.9 1 -9999.9 1 -9999.9 1   225.0 0 -9999.9 1
 1999 173  6 22 15 39 15.650  33.38   759.3 0 -9999.9 1 -9999.9 1   444.7 0   357.6 0   317.8 0   316.2 0   466.1 0   299.1 0   299.4 0   126.0 0   346.1 0 -9999.9 1  -108.4 0 -9999.9 1 -9999.9 1 -9999.9 1 -9999.9 1   233.9 0 -9999.9 1
 1999 173  6 22 15 42 15.700  32.84   719.4 0 -9999.9 1 -9999.9 1   433.8 0   357.9 0   317.8 0   315.9 0   465.0 0   299.1 0   299.4 0   122.4 0   327.1 0 -9999.9 1  -107.1 0 -9999.9 1 -9999.9 1 -9999.9 1 -9999.9 1   221.7 0 -9999.9 1
 1999 173  6 22 15 48 15.800  31.77   733.8 0 -9999.9 1 -9999.9 1   426.0 0   354.5 0   317.6 0   316.1 0   467.8 0   299.1 0   299.4 0   125.9 0   334.6 0 -9999.9 1  -113.3 0 -9999.9 1 -9999.9 1 -9999.9 1 -9999.9 1   218.4 0 -9999.9 1
 1999 173  6 22 15 51 15.850  31.24   748.5 0 -9999.9 1 -9999.9 1   422.8 0   354.5 0   317.6 0   316.1 0   468.6 0   299.3 0   299.5 0   130.0 0   342.6 0 -9999.9 1  -114.1 0 -9999.9 1 -9999.9 1 -9999.9 1 -9999.9 1   218.2 0 -9999.9 1
 1999 173  6 22 15 54 15.900  30.71   779.4 0 -9999.9 1 -9999.9 1   428.7 0   356.5 0   317.6 0   316.1 0   468.8 0   299.4 0   299.6 0   134.2 0   354.2 0 -9999.9 1  -112.2 0 -9999.9 1 -9999.9 1 -9999.9 1 -9999.9 1   221.1 0 -9999.9 1
 1999 173  6 22 15 57 15.950  30.18   795.4 0 -9999.9 1 -9999.9 1   430.6 0   356.2 0   317.7 0   316.3 0   471.3 0   299.5 0   299.7 0   137.3 0   361.9 0 -9999.9 1  -115.1 0 -9999.9 1 -9999.9 1 -9999.9 1 -9999.9 1   207.0 0 -9999.9 1
 1999 173  6 22 16  3 16.050  29.15   789.3 0 -9999.9 1 -9999.9 1   446.2 0   357.0 0   317.7 0   316.2 0   471.2 0   299.5 0   299.8 0   137.8 0   356.5 0 -9999.9 1  -114.2 0 -9999.9 1 -9999.9 1 -9999.9 1 -9999.9 1   222.8 0 -9999.9 1
 1999 173  6 22 16  6 16.100  28.63   792.3 0 -9999.9 1 -9999.9 1   456.6 0   361.0 0   317.6 0   315.8 0   469.1 0   299.5 0   299.7 0   139.0 0   359.3 0 -9999.9 1  -108.1 0 -9999.9 1 -9999.9 1 -9999.9 1 -9999.9 1   232.2 0 -9999.9 1
 1999 173  6 22 16  9 16.150  28.12   825.3 0 -9999.9 1 -9999.9 1   448.7 0   358.5 0   317.5 0   315.8 0   469.6 0   299.5 0   299.7 0   144.0 0   371.6 0 -9999.9 1  -111.2 0 -9999.9 1 -9999.9 1 -9999.9 1 -9999.9 1   207.2 0 -9999.9 1
 1999 173  6 22 16 12 16.200  27.62   765.1 0 -9999.9 1 -9999.9 1   444.3 0   357.0 0   317.3 0   315.5 0   466.2 0   299.4 0   299.6 0   141.1 0   348.1 0 -9999.9 1  -109.2 0 -9999.9 1 -9999.9 1 -9999.9 1 -9999.9 1   212.6 0 -9999.9 1
 1999 173  6 22 16 18 16.300  26.63   825.1 0 -9999.9 1 -9999.9 1   443.0 0   354.0 0   317.2 0   315.9 0   472.6 0   299.3 0   299.6 0   147.4 0   371.7 0 -9999.9 1  -118.6 0 -9999.9 1 -9999.9 1 -9999.9 1 -9999.9 1   203.7 0 -9999.9 1
 1999 173  6 22 16 21 16.350  26.14   811.7 0 -9999.9 1 -9999.9 1   442.9 0   355.0 0   317.1 0   315.6 0   469.4 0   299.4 0   299.6 0   148.9 0   370.7 0 -9999.9 1  -114.5 0 -9999.9 1 -9999.9 1 -9999.9 1 -9999.9 1   206.7 0 -9999.9 1
 1999 173  6 22 16 24 16.400  25.66   820.0 0 -9999.9 1 -9999.9 1   442.7 0   353.6 0   317.2 0   316.0 0   472.2 0   299.5 0   299.7 0   149.3 0   370.5 0 -9999.9 1  -118.6 0 -9999.9 1 -9999.9 1 -9999.9 1 -9999.9 1   197.6 0 -9999.9 1
 1999 173  6 22 16 27 16.450  25.18   821.9 0 -9999.9 1 -9999.9 1   450.5 0   356.0 0   317.2 0   315.7 0   473.2 0   299.5 0   299.8 0   150.8 0   370.3 0 -9999.9 1  -117.2 0 -9999.9 1 -9999.9 1 -9999.9 1 -9999.9 1   230.9 0 -9999.9 1
 1999 173  6 22 16 33 16.550  24.25   809.7 0 -9999.9 1 -9999.9 1   415.6 0   353.0 0   317.2 0   315.7 0   471.0 0   299.7 0   299.9 0   153.6 0   366.0 0 -9999.9 1  -118.0 0 -9999.9 1 -9999.9 1 -9999.9 1 -9999.9 1   209.4 0 -9999.9 1
 1999 173  6 22 16 36 16.600  23.79   720.0 0 -9999.9 1 -9999.9 1   406.9 0   351.8 0   317.1 0   315.7 0   467.8 0   299.6 0   299.8 0   144.4 0   330.5 0 -9999.9 1  -115.9 0 -9999.9 1 -9999.9 1 -9999.9 1 -9999.9 1   216.8 0 -9999.9 1
 1999 173  6 22 16 39 16.650  23.35   764.5 0 -9999.9 1 -9999.9 1   410.2 0   353.7 0   317.1 0   315.6 0   469.0 0   299.6 0   299.8 0   149.4 0   348.0 0 -9999.9 1  -115.3 0 -9999.9 1 -9999.9 1 -9999.9 1 -9999.9 1   224.6 0 -9999.9 1
 1999 173  6 22 16 42 16.700  22.91   825.5 0 -9999.9 1 -9999.9 1   410.9 0   354.2 0   317.0 0   315.6 0   471.6 0   299.6 0   299.9 0   158.6 0   375.0 0 -9999.9 1  -117.4 0 -9999.9 1 -9999.9 1 -9999.9 1 -9999.9 1   226.3 0 -9999.9 1
 1999 173  6 22 16 48 16.800  22.06   916.2 0 -9999.9 1 -9999.9 1   411.3 0   351.4 0   317.2 0   316.3 0   480.6 0   299.8 0   300.2 0   174.4 0   415.6 0 -9999.9 1  -129.1 0 -9999.9 1 -9999.9 1 -9999.9 1 -9999.9 1   214.6 0 -9999.9 1
 1999 173  6 22 16 51 16.850  21.65   937.4 0 -9999.9 1 -9999.9 1   405.7 0   351.2 0   317.3 0   316.3 0   481.2 0   300.0 0   300.4 0   180.6 0   424.1 0 -9999.9 1  -130.0 0 -9999.9 1 -9999.9 1 -9999.9 1 -9999.9 1   191.6 0 -9999.9 1
 1999 173  6 22 16 54 16.900  21.25   963.1 0 -9999.9 1 -9999.9 1   407.4 0   353.2 0   317.4 0   316.4 0   480.3 0   300.1 0   300.4 0   185.9 0   435.0 0 -9999.9 1  -127.1 0 -9999.9 1 -9999.9 1 -9999.9 1 -9999.9 1   208.7 0 -9999.9 1
 1999 173  6 22 16 57 16.950  20.86   990.8 0 -9999.9 1 -9999.9 1   403.2 0   355.6 0   317.7 0   316.7 0   484.2 0   300.3 0   300.7 0   191.2 0   447.7 0 -9999.9 1  -128.7 0 -9999.9 1 -9999.9 1 -9999.9 1 -9999.9 1   217.3 0 -9999.9 1
 1999 173  6 22 17  3 17.050  20.12   976.8 0 -9999.9 1 -9999.9 1   405.8 0   356.9 0   318.0 0   317.1 0   486.4 0   300.7 0   301.0 0   190.0 0   440.0 0 -9999.9 1  -129.5 0 -9999.9 1 -9999.9 1 -9999.9 1 -9999.9 1   194.5 0 -9999.9 1
 1999 173  6 22 17  6 17.100  19.77   751.7 0 -9999.9 1 -9999.9 1   411.0 0   356.2 0   317.9 0   316.3 0   471.9 0   300.5 0   300.7 0   173.2 0   358.0 0 -9999.9 1  -115.7 0 -9999.9 1 -9999.9 1 -9999.9 1 -9999.9 1   215.4 0 -9999.9 1
 1999 173  6 22 17  9 17.150  19.44  1014.2 0 -9999.9 1 -9999.9 1   418.4 0   356.5 0   317.9 0   317.0 0   483.7 0   300.5 0   300.8 0   196.1 0   451.6 0 -9999.9 1  -127.2 0 -9999.9 1 -9999.9 1 -9999.9 1 -9999.9 1   225.9 0 -9999.9 1
 1999 173  6 22 17 12 17.200  19.12   985.2 0 -9999.9 1 -9999.9 1   414.5 0   357.8 0   317.9 0   316.8 0   484.1 0   300.5 0   300.8 0   197.5 0   440.8 0 -9999.9 1  -126.3 0 -9999.9 1 -9999.9 1 -9999.9 1 -9999.9 1   224.1 0 -9999.9 1
 1999 173  6 22 17 18 17.300  18.52  1002.1 0 -9999.9 1 -9999.9 1   388.3 0   357.6 0   318.2 0   317.1 0   484.8 0   300.7 0   301.0 0   205.3 0   450.1 0 -9999.9 1  -127.1 0 -9999.9 1 -9999.9 1 -9999.9 1 -9999.9 1   233.4 0 -9999.9 1
 1999 173  6 22 17 21 17.350  18.25  1021.9 0 -9999.9 1 -9999.9 1   391.9 0   354.4 0   318.0 0   316.8 0   481.5 0   300.5 0   300.8 0   206.2 2   459.6 0 -9999.9 1  -127.1 0 -9999.9 1 -9999.9 1 -9999.9 1 -9999.9 1   214.8 0 -9999.9 1
 1999 173  6 22 17 24 17.400  18.00  1030.2 0 -9999.9 1 -9999.9 1   394.8 0   350.9 0   318.0 0   317.1 0   484.7 0   300.4 0   300.7 0   207.2 2   463.1 0 -9999.9 1  -133.8 0 -9999.9 1 -9999.9 1 -9999.9 1 -9999.9 1   203.7 0 -9999.9 1
 1999 173  6 22 17 27 17.450  17.77  1034.7 0 -9999.9 1 -9999.9 1   392.6 0   349.3 0   318.0 0   317.0 0   481.8 0   300.4 0   300.7 0   206.9 2   465.3 0 -9999.9 1  -132.5 0 -9999.9 1 -9999.9 1 -9999.9 1 -9999.9 1   202.9 0 -9999.9 1
 1999 173  6 22 17 33 17.550  17.36  1013.2 0 -9999.9 1 -9999.9 1   403.7 0   350.8 0   318.2 0   317.4 0   485.9 0   300.6 0   300.9 0   200.0 2   449.7 0 -9999.9 1  -135.0 0 -9999.9 1 -9999.9 1 -9999.9 1 -9999.9 1   203.3 0 -9999.9 1
 1999 173  6 22 17 36 17.600  17.18  1036.4 0 -9999.9 1 -9999.9 1   396.4 0   353.7 0   318.5 0   317.4 0   484.7 0   300.8 0   301.1 0   203.8 2   462.1 0 -9999.9 1  -131.1 0 -9999.9 1 -9999.9 1 -9999.9 1 -9999.9 1   202.0 0 -9999.9 1
 1999 173  6 22 17 39 17.650  17.03  1032.3 0 -9999.9 1 -9999.9 1   389.7 0   353.1 0   318.6 0   317.7 0   487.1 0   300.9 0   301.2 0   205.1 2   463.0 0 -9999.9 1  -134.0 0 -9999.9 1 -9999.9 1 -9999.9 1 -9999.9 1   194.8 0 -9999.9 1
 1999 173  6 22 17 42 17.700  16.90  1052.4 0 -9999.9 1 -9999.9 1   379.9 0   352.9 0   318.7 0   317.6 0   484.6 0   301.0 0   301.2 0   210.0 2   474.0 0 -9999.9 1  -131.8 0 -9999.9 1 -9999.9 1 -9999.9 1 -9999.9 1   196.0 0 -9999.9 1
 1999 173  6 22 17 48 17.800  16.72  1034.5 0 -9999.9 1 -9999.9 1   390.0 0   352.9 0   318.8 0   318.1 0   489.4 0   301.1 0   301.4 0   206.4 2   463.2 0 -9999.9 1  -136.5 0 -9999.9 1 -9999.9 1 -9999.9 1 -9999.9 1   182.4 0 -9999.9 1
 1999 173  6 22 17 51 17.850  16.66  1038.1 0 -9999.9 1 -9999.9 1   418.7 0   357.2 0   319.0 0   318.1 0   491.8 0   301.2 0   301.5 0   202.9 2   462.3 0 -9999.9 1  -134.6 0 -9999.9 1 -9999.9 1 -9999.9 1 -9999.9 1   205.4 0 -9999.9 1
 1999 173  6 22 17 54 17.900  16.62  1055.2 0 -9999.9 1 -9999.9 1   424.2 0   358.6 0   319.1 0   318.3 0   491.1 0   301.4 0   301.7 0   207.1 2   470.9 0 -9999.9 1  -132.5 0 -9999.9 1 -9999.9 1 -9999.9 1 -9999.9 1   203.1 0 -9999.9 1
 1999 173  6 22 17 57 17.950  16.61  1029.0 0 -9999.9 1 -9999.9 1   402.7 0   357.5 0   319.3 0   318.0 0   484.4 0   301.4 0   301.7 0   206.8 2   459.8 0 -9999.9 1  -126.9 0 -9999.9 1 -9999.9 1 -9999.9 1 -9999.9 1   211.7 0 -9999.9 1
 1999 173  6 22 18  3 18.050  16.66  1009.6 0 -9999.9 1 -9999.9 1   396.0 0   358.4 0   319.2 0   317.7 0   482.2 0   301.3 0   301.5 0   205.1 0   454.6 0 -9999.9 1  -123.8 0 -9999.9 1 -9999.9 1 -9999.9 1 -9999.9 1   233.3 0 -9999.9 1
 1999 173  6 22 18  6 18.100  16.72  1041.9 0 -9999.9 1 -9999.9 1   400.3 0   356.8 0   319.2 0   318.1 0   489.1 0   301.3 0   301.6 0   209.4 0   468.6 0 -9999.9 1  -132.3 0 -9999.9 1 -9999.9 1 -9999.9 1 -9999.9 1   204.8 0 -9999.9 1
 1999 173  6 22 18  9 18.150  16.80  1045.9 0 -9999.9 1 -9999.9 1   398.7 0   358.2 0   319.2 0   317.8 0   484.7 0   301.3 0   301.5 0   208.2 0   468.4 0 -9999.9 1  -126.5 0 -9999.9 1 -9999.9 1 -9999.9 1 -9999.9 1   199.9 0 -9999.9 1
 1999 173  6 22 18 12 18.200  16.91  1039.6 0 -9999.9 1 -9999.9 1   407.9 0   359.1 0   319.1 0   318.1 0   487.1 0   301.2 0   301.5 0   204.9 0   463.0 0 -9999.9 1  -128.0 0 -9999.9 1 -9999.9 1 -9999.9 1 -9999.9 1   199.0 0 -9999.9 1
 1999 173  6 22 18 18 18.300  17.19  1042.4 0 -9999.9 1 -9999.9 1   406.9 0   359.1 0   319.0 0   317.7 0   486.5 0   301.1 0   301.4 0   202.1 2   463.5 0 -9999.9 1  -127.4 0 -9999.9 1 -9999.9 1 -9999.9 1 -9999.9 1   181.8 0 -9999.9 1
 1999 173  6 22 18 21 18.350  17.37  1037.1 0 -9999.9 1 -9999.9 1   403.1 0   360.0 0   319.0 0   317.6 0   487.3 0   301.2 0   301.5 0   201.3 0   460.8 0 -9999.9 1  -127.4 0 -9999.9 1 -9999.9 1 -9999.9 1 -9999.9 1   200.5 0 -9999.9 1
 1999 173  6 22 18 24 18.400  17.56   988.5 0 -9999.9 1 -9999.9 1   415.7 0   360.0 0   319.1 0   317.8 0   487.3 0   301.3 0   301.6 0   192.5 0   435.2 0 -9999.9 1  -127.3 0 -9999.9 1 -9999.9 1 -9999.9 1 -9999.9 1   208.8 0 -9999.9 1
 1999 173  6 22 18 27 18.450  17.78   652.0 0 -9999.9 1 -9999.9 1   399.2 0   359.0 0   318.9 0   317.1 0   471.5 0   301.2 0   301.3 0   162.7 0   317.2 0 -9999.9 1  -112.5 0 -9999.9 1 -9999.9 1 -9999.9 1 -9999.9 1   190.8 0 -9999.9 1
 1999 173  6 22 18 33 18.550  18.27   947.0 0 -9999.9 1 -9999.9 1   413.8 0   361.5 0   318.9 0   317.8 0   488.3 0   301.2 0   301.5 0   187.8 0   418.9 0 -9999.9 1  -126.8 0 -9999.9 1 -9999.9 1 -9999.9 1 -9999.9 1   199.9 0 -9999.9 1
 1999 173  6 22 18 36 18.600  18.54  1021.1 0 -9999.9 1 -9999.9 1   394.1 0   360.0 0   318.9 0   317.7 0   487.0 0   301.3 0   301.6 0   200.1 0   458.0 0 -9999.9 1  -127.0 0 -9999.9 1 -9999.9 1 -9999.9 1 -9999.9 1   198.2 0 -9999.9 1
 1999 173  6 22 18 39 18.650  18.83  1014.3 0 -9999.9 1 -9999.9 1   379.2 0   358.2 0   319.0 0   317.8 0   485.8 0   301.4 0   301.7 0   199.6 0   455.2 0 -9999.9 1  -127.6 0 -9999.9 1 -9999.9 1 -9999.9 1 -9999.9 1   190.9 0 -9999.9 1
 1999 173  6 22 18 42 18.700  19.14   994.8 0 -9999.9 1 -9999.9 1   381.2 0   359.0 0   319.0 0   317.7 0   484.6 0   301.5 0   301.8 0   197.1 0   445.6 0 -9999.9 1  -125.6 0 -9999.9 1 -9999.9 1 -9999.9 1 -9999.9 1   189.1 0 -9999.9 1
 1999 173  6 22 18 48 18.800  19.79   982.9 0 -9999.9 1 -9999.9 1   391.6 0   360.5 0   319.0 0   317.8 0   488.5 0   301.5 0   301.9 0   192.1 0   440.5 0 -9999.9 1  -128.0 0 -9999.9 1 -9999.9 1 -9999.9 1 -9999.9 1   202.5 0 -9999.9 1
 1999 173  6 22 18 51 18.850  20.15  1018.0 0 -9999.9 1 -9999.9 1   386.9 0   359.2 0   319.0 0   317.9 0   489.1 0   301.6 0   301.9 0   197.3 0   459.3 0 -9999.9 1  -129.9 0 -9999.9 1 -9999.9 1 -9999.9 1 -9999.9 1   211.8 0 -9999.9 1
 1999 173  6 22 18 54 18.900  20.51  1005.7 0 -9999.9 1 -9999.9 1   382.1 0   360.2 0   319.0 0   317.6 0   485.7 0   301.6 0   301.9 0   194.4 0   452.5 0 -9999.9 1  -125.5 0 -9999.9 1 -9999.9 1 -9999.9 1 -9999.9 1   210.8 0 -9999.9 1
 1999 173  6 22 18 57 18.950  20.89  1024.4 0 -9999.9 1 -9999.9 1   388.9 0   358.1 0   318.9 0   317.6 0   487.0 0   301.6 0   301.9 0   195.6 0   461.8 0 -9999.9 1  -128.8 0 -9999.9 1 -9999.9 1 -9999.9 1 -9999.9 1   210.1 0 -9999.9 1
 1999 173  6 22 19  3 19.050  21.67  1026.6 0 -9999.9 1 -9999.9 1   398.8 0   356.8 0   318.9 0   318.0 0   490.3 0   301.6 0   301.9 0   194.8 0   462.1 0 -9999.9 1  -133.6 0 -9999.9 1 -9999.9 1 -9999.9 1 -9999.9 1   211.3 0 -9999.9 1
 1999 173  6 22 19  6 19.100  22.08  1021.2 0 -9999.9 1 -9999.9 1   420.2 0   359.6 0   319.0 0   317.9 0   489.2 0   301.7 0   302.0 0   188.5 0   452.7 0 -9999.9 1  -129.7 0 -9999.9 1 -9999.9 1 -9999.9 1 -9999.9 1   205.0 0 -9999.9 1
 1999 173  6 22 19  9 19.150  22.50  1013.4 0 -9999.9 1 -9999.9 1   432.6 0   365.3 0   319.1 0   318.0 0   490.9 0   301.8 0   302.1 0   184.1 0   445.0 0 -9999.9 1  -125.6 0 -9999.9 1 -9999.9 1 -9999.9 1 -9999.9 1   216.7 0 -9999.9 1
 1999 173  6 22 19 12 19.200  22.93  1000.7 0 -9999.9 1 -9999.9 1   434.9 0   367.0 0   319.2 0   318.4 0   494.0 0   302.0 0   302.4 0   177.9 0   435.2 0 -9999.9 1  -127.0 0 -9999.9 1 -9999.9 1 -9999.9 1 -9999.9 1   200.8 0 -9999.9 1
 1999 173  6 22 19 18 19.300  23.82   473.1 0 -9999.9 1 -9999.9 1   390.3 0   366.0 0   318.8 0   316.8 0   466.3 0   301.6 0   301.7 0   115.2 2   224.1 0 -9999.9 1  -100.4 0 -9999.9 1 -9999.9 1 -9999.9 1 -9999.9 1   228.5 0 -9999.9 1
 1999 173  6 22 19 21 19.350  24.28   371.0 0 -9999.9 1 -9999.9 1   355.1 0   373.7 0   318.6 0   316.3 0   454.9 0   301.5 0   301.4 0    98.2 0   178.4 0 -9999.9 1   -81.2 0 -9999.9 1 -9999.9 1 -9999.9 1 -9999.9 1   206.3 0 -9999.9 1
 1999 173  6 22 19 24 19.400  24.74   372.4 0 -9999.9 1 -9999.9 1   360.9 0   377.6 0   318.5 0   316.5 0   456.5 0   301.2 0   301.2 0    92.6 0   175.2 0 -9999.9 1   -78.9 0 -9999.9 1 -9999.9 1 -9999.9 1 -9999.9 1   206.3 0 -9999.9 1
 1999 173  6 22 19 27 19.450  25.21   375.1 0 -9999.9 1 -9999.9 1   364.8 0   385.1 0   318.3 0   316.2 0   457.6 0   301.1 0   301.0 0    88.3 0   174.8 0 -9999.9 1   -72.5 0 -9999.9 1 -9999.9 1 -9999.9 1 -9999.9 1   208.0 0 -9999.9 1
 1999 173  6 22 19 33 19.550  26.17   402.7 0 -9999.9 1 -9999.9 1   392.0 0   386.6 0   317.8 0   316.0 0   459.7 0   300.7 0   300.8 0    91.4 0   188.6 0 -9999.9 1   -73.1 0 -9999.9 1 -9999.9 1 -9999.9 1 -9999.9 1   213.5 0 -9999.9 1
 1999 173  6 22 19 36 19.600  26.66   424.2 0 -9999.9 1 -9999.9 1   414.3 0   385.9 0   317.6 0   315.8 0   459.9 0   300.5 0   300.6 0    94.1 2   199.2 0 -9999.9 1   -74.0 0 -9999.9 1 -9999.9 1 -9999.9 1 -9999.9 1   210.5 0 -9999.9 1
 1999 173  6 22 19 39 19.650  27.15   568.8 0 -9999.9 1 -9999.9 1   473.1 0   385.4 0   317.4 0   315.7 0   462.6 0   300.4 0   300.5 0   109.5 2   264.3 0 -9999.9 1   -77.2 0 -9999.9 1 -9999.9 1 -9999.9 1 -9999.9 1   199.7 0 -9999.9 1
 1999 173  6 22 19 42 19.700  27.65   932.6 0 -9999.9 1 -9999.9 1   567.9 0   385.8 0   317.5 0   316.2 0   482.4 0   300.5 0   300.9 0   145.4 2   404.3 0 -9999.9 1   -96.6 0 -9999.9 1 -9999.9 1 -9999.9 1 -9999.9 1   220.8 0 -9999.9 1
 1999 173  6 22 19 48 19.800  28.66  1090.9 0 -9999.9 1 -9999.9 1   603.4 0   378.4 0   317.6 0   316.8 0   490.8 0   300.8 0   301.3 0   169.5 2   483.7 0 -9999.9 1  -112.4 0 -9999.9 1 -9999.9 1 -9999.9 1 -9999.9 1   212.2 0 -9999.9 1
 1999 173  6 22 19 51 19.850  29.18  1067.3 0 -9999.9 1 -9999.9 1   571.3 0   373.6 0   317.9 0   317.1 0   490.5 0   301.1 0   301.6 0   163.0 2   464.9 0 -9999.9 1  -116.9 0 -9999.9 1 -9999.9 1 -9999.9 1 -9999.9 1   199.6 0 -9999.9 1
 1999 173  6 22 19 54 19.900  29.70  1045.4 0 -9999.9 1 -9999.9 1   587.7 0   373.8 0   318.2 0   317.4 0   491.3 0   301.4 0   301.9 0   158.8 2   455.8 0 -9999.9 1  -117.5 0 -9999.9 1 -9999.9 1 -9999.9 1 -9999.9 1   195.4 0 -9999.9 1
 1999 173  6 22 19 57 19.950  30.22  1013.5 0 -9999.9 1 -9999.9 1   589.5 0   376.1 0   318.5 0   317.7 0   491.0 0   301.7 0   302.1 0   152.1 0   437.3 0 -9999.9 1  -114.9 0 -9999.9 1 -9999.9 1 -9999.9 1 -9999.9 1   196.8 0 -9999.9 1
 1999 173  6 22 20  3 20.050  31.27   890.5 0 -9999.9 1 -9999.9 1   501.7 0   371.7 0   318.8 0   317.9 0   486.1 0   302.0 0   302.3 0   136.6 0   387.3 0 -9999.9 1  -114.4 0 -9999.9 1 -9999.9 1 -9999.9 1 -9999.9 1   201.3 0 -9999.9 1
 1999 173  6 22 20  6 20.100  31.80   620.5 0 -9999.9 1 -9999.9 1   476.1 0   378.5 0   318.9 0   317.4 0   477.6 0   302.0 0   302.2 0   110.2 0   281.5 0 -9999.9 1   -99.2 0 -9999.9 1 -9999.9 1 -9999.9 1 -9999.9 1   225.2 0 -9999.9 1
 1999 173  6 22 20  9 20.150  32.34   471.6 0 -9999.9 1 -9999.9 1   457.3 0   386.2 0   318.8 0   316.7 0   464.6 0   301.9 0   301.9 0    92.1 0   224.9 0 -9999.9 1   -78.4 0 -9999.9 1 -9999.9 1 -9999.9 1 -9999.9 1   213.3 0 -9999.9 1
 1999 173  6 22 20 12 20.200  32.87   616.2 0 -9999.9 1 -9999.9 1   503.6 0   384.3 0   318.7 0   317.2 0   470.8 0   301.7 0   301.8 0   100.4 0   274.0 0 -9999.9 1   -86.5 0 -9999.9 1 -9999.9 1 -9999.9 1 -9999.9 1   190.4 0 -9999.9 1
 1999 173  6 22 20 18 20.300  33.96   655.1 0 -9999.9 1 -9999.9 1   545.2 0   382.4 0   318.7 0   316.9 0   472.1 0   301.6 0   301.7 0   108.9 0   304.4 0 -9999.9 1   -89.7 0 -9999.9 1 -9999.9 1 -9999.9 1 -9999.9 1   219.0 0 -9999.9 1
 1999 173  6 22 20 21 20.350  34.50   915.9 0 -9999.9 1 -9999.9 1   566.8 0   378.2 0   318.7 0   317.4 0   483.9 0   301.6 0   301.9 0   129.8 0   398.9 0 -9999.9 1  -105.7 0 -9999.9 1 -9999.9 1 -9999.9 1 -9999.9 1   211.8 0 -9999.9 1
 1999 173  6 22 20 24 20.400  35.05   817.8 0 -9999.9 1 -9999.9 1   502.9 0   369.1 0   318.8 0   317.5 0   480.5 0   301.7 0   302.0 0   126.7 0   373.2 0 -9999.9 1  -111.5 0 -9999.9 1 -9999.9 1 -9999.9 1 -9999.9 1   187.6 0 -9999.9 1
 1999 173  6 22 20 27 20.450  35.60   857.1 0 -9999.9 1 -9999.9 1   439.1 0   363.7 0   318.9 0   317.4 0   481.6 0   301.8 0   302.1 0   128.3 0   384.7 0 -9999.9 1  -117.9 0 -9999.9 1 -9999.9 1 -9999.9 1 -9999.9 1   193.1 0 -9999.9 1
 1999 173  6 22 20 33 20.550  36.70   811.7 0 -9999.9 1 -9999.9 1   401.6 0   362.8 0   319.0 0   317.7 0   481.9 0   301.8 0   302.1 0   117.1 0   357.0 0 -9999.9 1  -119.1 0 -9999.9 1 -9999.9 1 -9999.9 1 -9999.9 1   186.4 0 -9999.9 1
 1999 173  6 22 20 36 20.600  37.26   806.1 0 -9999.9 1 -9999.9 1   379.5 0   364.7 0   319.1 0   317.8 0   481.6 0   302.0 0   302.2 0   117.8 0   359.1 0 -9999.9 1  -116.9 0 -9999.9 1 -9999.9 1 -9999.9 1 -9999.9 1   187.6 0 -9999.9 1
 1999 173  6 22 20 39 20.650  37.82   773.0 0 -9999.9 1 -9999.9 1   357.9 0   365.3 0   319.2 0   317.5 0   478.0 0   302.1 0   302.3 0   111.7 0   339.9 0 -9999.9 1  -112.7 0 -9999.9 1 -9999.9 1 -9999.9 1 -9999.9 1   212.0 0 -9999.9 1
 1999 173  6 22 20 42 20.700  38.37   681.4 0 -9999.9 1 -9999.9 1   337.2 0   365.6 0   319.1 0   317.5 0   473.1 0   302.0 0   302.1 0    99.6 0   292.1 0 -9999.9 1  -107.5 0 -9999.9 1 -9999.9 1 -9999.9 1 -9999.9 1   199.7 0 -9999.9 1
 1999 173  6 22 20 48 20.800  39.50   316.5 0 -9999.9 1 -9999.9 1   296.9 0   375.3 0   318.7 0   316.6 0   455.1 0   301.5 0   301.5 0    67.0 0   159.8 0 -9999.9 1   -79.8 0 -9999.9 1 -9999.9 1 -9999.9 1 -9999.9 1   196.9 0 -9999.9 1
 1999 173  6 22 20 51 20.850  40.06   700.1 0 -9999.9 1 -9999.9 1   375.7 0   377.8 0   318.6 0   317.1 0   472.2 0   301.5 0   301.7 0    86.5 0   291.8 0 -9999.9 1   -94.4 0 -9999.9 1 -9999.9 1 -9999.9 1 -9999.9 1   197.5 0 -9999.9 1
 1999 173  6 22 20 54 20.900  40.62   596.0 0 -9999.9 1 -9999.9 1   362.7 0   369.6 0   318.6 0   316.9 0   470.6 0   301.5 0   301.6 0    86.3 0   261.3 0 -9999.9 1  -101.0 0 -9999.9 1 -9999.9 1 -9999.9 1 -9999.9 1   207.2 0 -9999.9 1
 1999 173  6 22 20 57 20.950  41.19   342.8 0 -9999.9 1 -9999.9 1   322.7 0   372.9 0   318.4 0   316.2 0   457.6 0   301.3 0   301.3 0    69.7 0   172.6 0 -9999.9 1   -84.7 0 -9999.9 1 -9999.9 1 -9999.9 1 -9999.9 1   204.4 0 -9999.9 1
 1999 173  6 22 21  3 21.050  42.32   132.1 0 -9999.9 1 -9999.9 1   130.3 0   389.1 0   317.6 0   314.3 0   441.5 0   300.7 0   300.4 0    37.6 0    65.2 0 -9999.9 1   -52.3 0 -9999.9 1 -9999.9 1 -9999.9 1 -9999.9 1   241.3 0 -9999.9 1
 1999 173  6 22 21  6 21.100  42.89   102.1 0 -9999.9 1 -9999.9 1    98.3 0   397.4 0   317.0 0   313.8 0   439.3 0   300.2 0   300.0 0    28.6 0    49.2 0 -9999.9 1   -41.9 0 -9999.9 1 -9999.9 1 -9999.9 1 -9999.9 1   239.8 0 -9999.9 1
 1999 173  6 22 21  9 21.150  43.46    94.1 0 -9999.9 1 -9999.9 1    88.8 0   400.1 0   316.3 0   313.4 0   439.4 0   299.7 0   299.5 0    24.3 0    44.2 0 -9999.9 1   -39.2 0 -9999.9 1 -9999.9 1 -9999.9 1 -9999.9 1   240.3 0 -9999.9 1
 1999 173  6 22 21 12 21.200  44.02    88.6 0 -9999.9 1 -9999.9 1    83.9 0   402.6 0   315.7 0   312.8 0   439.2 0   299.3 0   299.2 0    21.7 0    41.9 0 -9999.9 1   -36.7 0 -9999.9 1 -9999.9 1 -9999.9 1 -9999.9 1   250.3 0 -9999.9 1
 1999 173  6 22 21 18 21.300  45.16    60.9 0 -9999.9 1 -9999.9 1    58.2 0   403.4 0   314.5 0   312.0 0   437.5 0   298.7 0   298.6 0    14.0 0    28.8 0 -9999.9 1   -34.1 0 -9999.9 1 -9999.9 1 -9999.9 1 -9999.9 1   259.9 0 -9999.9 1
 1999 173  6 22 21 21 21.350  45.74    50.1 0 -9999.9 1 -9999.9 1    47.5 0   402.8 0   314.1 0   311.7 0   436.8 0   298.5 0   298.4 0    11.2 0    23.8 0 -9999.9 1   -34.0 0 -9999.9 1 -9999.9 1 -9999.9 1 -9999.9 1   263.5 0 -9999.9 1
 1999 173  6 22 21 24 21.400  46.31    46.8 0 -9999.9 1 -9999.9 1    44.3 0   402.0 0   313.6 0   311.4 0   436.5 0   298.3 0   298.2 0     9.9 0    22.3 0 -9999.9 1   -34.5 0 -9999.9 1 -9999.9 1 -9999.9 1 -9999.9 1   254.4 0 -9999.9 1
 1999 173  6 22 21 27 21.450  46.88    48.1 0 -9999.9 1 -9999.9 1    45.8 0   402.7 0   313.3 0   311.1 0   436.9 0   298.2 0   298.1 0     9.6 0    23.0 0 -9999.9 1   -34.2 0 -9999.9 1 -9999.9 1 -9999.9 1 -9999.9 1   253.9 0 -9999.9 1
 1999 173  6 22 21 33 21.550  48.02    49.6 0 -9999.9 1 -9999.9 1    48.1 0   401.8 0   312.5 0   310.5 0   436.8 0   297.8 0   297.8 0     8.9 0    24.2 0 -9999.9 1   -35.0 0 -9999.9 1 -9999.9 1 -9999.9 1 -9999.9 1   256.8 0 -9999.9 1
 1999 173  6 22 21 36 21.600  48.60    48.6 0 -9999.9 1 -9999.9 1    47.7 0   402.7 0   312.3 0   310.4 0   437.3 0   297.8 0   297.8 0     8.2 0    23.9 0 -9999.9 1   -34.6 0 -9999.9 1 -9999.9 1 -9999.9 1 -9999.9 1   255.4 0 -9999.9 1
 1999 173  6 22 21 39 21.650  49.17    48.6 0 -9999.9 1 -9999.9 1    48.3 0   402.7 0   312.1 0   310.2 0   437.3 0   297.8 0   297.8 0     7.7 0    23.9 0 -9999.9 1   -34.6 0 -9999.9 1 -9999.9 1 -9999.9 1 -9999.9 1   262.7 0 -9999.9 1
 1999 173  6 22 21 42 21.700  49.74    50.8 0 -9999.9 1 -9999.9 1    50.2 0   401.1 0   311.8 0   309.8 0   436.1 0   297.6 0   297.6 0     7.5 0    24.9 0 -9999.9 1   -35.0 0 -9999.9 1 -9999.9 1 -9999.9 1 -9999.9 1   262.2 0 -9999.9 1
 1999 173  6 22 21 48 21.800  50.89    62.1 0 -9999.9 1 -9999.9 1    61.3 0   395.5 0   311.2 0   309.8 0   435.6 0   297.3 0   297.2 0     8.3 2    30.5 0 -9999.9 1   -40.1 0 -9999.9 1 -9999.9 1 -9999.9 1 -9999.9 1   252.1 0 -9999.9 1
 1999 173  6 22 21 51 21.850  51.46    64.8 0 -9999.9 1 -9999.9 1    63.8 0   394.7 0   311.1 0   309.6 0   435.8 0   297.1 0   297.1 0     8.2 2    31.8 0 -9999.9 1   -41.0 0 -9999.9 1 -9999.9 1 -9999.9 1 -9999.9 1   252.9 0 -9999.9 1
 1999 173  6 22 21 54 21.900  52.04    66.8 0 -9999.9 1 -9999.9 1    66.2 0   394.9 0   311.0 0   309.6 0   436.1 0   297.2 0   297.1 0     8.1 2    32.7 0 -9999.9 1   -41.2 0 -9999.9 1 -9999.9 1 -9999.9 1 -9999.9 1   252.5 0 -9999.9 1
 1999 173  6 22 21 57 21.950  52.61    71.7 0 -9999.9 1 -9999.9 1    71.1 0   395.6 0   311.0 0   309.4 0   435.7 0   297.1 0   297.1 0     8.1 2    35.0 0 -9999.9 1   -40.2 0 -9999.9 1 -9999.9 1 -9999.9 1 -9999.9 1   253.2 0 -9999.9 1
 1999 173  6 22 22  3 22.050  53.76    83.5 0 -9999.9 1 -9999.9 1    82.8 0   397.5 0   311.0 0   309.5 0   437.6 0   297.2 0   297.2 0     8.5 2    40.1 0 -9999.9 1   -40.1 0 -9999.9 1 -9999.9 1 -9999.9 1 -9999.9 1   264.1 0 -9999.9 1
 1999 173  6 22 22  6 22.100  54.33    95.3 0 -9999.9 1 -9999.9 1    94.7 0   397.4 0   311.0 0   309.5 0   438.6 0   297.2 0   297.2 0     9.4 2    45.8 0 -9999.9 1   -41.3 0 -9999.9 1 -9999.9 1 -9999.9 1 -9999.9 1   264.1 0 -9999.9 1
 1999 173  6 22 22  9 22.150  54.90   109.8 0 -9999.9 1 -9999.9 1   108.7 0   396.3 0   311.1 0   309.8 0   440.9 0   297.3 0   297.3 0    10.7 0    52.8 0 -9999.9 1   -44.5 0 -9999.9 1 -9999.9 1 -9999.9 1 -9999.9 1   259.8 0 -9999.9 1
 1999 173  6 22 22 12 22.200  55.48   123.6 0 -9999.9 1 -9999.9 1   122.4 0   397.9 0   311.2 0   310.0 0   442.7 0   297.4 0   297.5 0    11.6 0    59.4 0 -9999.9 1   -44.8 0 -9999.9 1 -9999.9 1 -9999.9 1 -9999.9 1   256.4 0 -9999.9 1
 1999 173  6 22 22 18 22.300  56.62   165.8 0 -9999.9 1 -9999.9 1   164.0 0   401.7 0   311.5 0   310.2 0   447.2 0   297.7 0   297.8 0    14.6 0    79.9 0 -9999.9 1   -45.6 0 -9999.9 1 -9999.9 1 -9999.9 1 -9999.9 1   256.9 0 -9999.9 1
 1999 173  6 22 22 21 22.350  57.19   199.5 0 -9999.9 1 -9999.9 1   196.7 0   401.5 0   311.7 0   310.5 0   450.1 0   297.9 0   298.0 0    17.2 0    96.4 0 -9999.9 1   -48.6 0 -9999.9 1 -9999.9 1 -9999.9 1 -9999.9 1   253.8 0 -9999.9 1
 1999 173  6 22 22 24 22.400  57.77   278.0 0 -9999.9 1 -9999.9 1   235.0 0   401.5 0   311.9 0   310.8 0   454.4 0   298.1 0   298.3 0    20.2 0   126.0 0 -9999.9 1   -52.9 0 -9999.9 1 -9999.9 1 -9999.9 1 -9999.9 1   249.9 0 -9999.9 1
 1999 173  6 22 22 27 22.450  58.34   330.5 0 -9999.9 1 -9999.9 1   276.0 0   399.6 0   312.2 0   311.3 0   460.4 0   298.3 0   298.6 0    23.2 0   147.0 0 -9999.9 1   -60.8 0 -9999.9 1 -9999.9 1 -9999.9 1 -9999.9 1   245.1 0 -9999.9 1
 1999 173  6 22 22 33 22.550  59.48   317.6 0 -9999.9 1 -9999.9 1   288.1 0   399.4 0   312.9 0   311.8 0   459.7 0   298.8 0   299.0 0    23.3 0   146.4 0 -9999.9 1   -60.3 0 -9999.9 1 -9999.9 1 -9999.9 1 -9999.9 1   240.2 0 -9999.9 1
 1999 173  6 22 22 36 22.600  60.05   292.3 0 -9999.9 1 -9999.9 1   280.9 0   399.7 0   313.1 0   311.9 0   457.0 0   299.0 0   299.2 0    22.2 0   139.3 0 -9999.9 1   -57.3 0 -9999.9 1 -9999.9 1 -9999.9 1 -9999.9 1   241.1 0 -9999.9 1
 1999 173  6 22 22 39 22.650  60.62   436.4 0 -9999.9 1 -9999.9 1   315.2 0   396.2 0   313.2 0   312.3 0   463.6 0   299.1 0   299.4 0    23.8 0   184.3 0 -9999.9 1   -67.3 0 -9999.9 1 -9999.9 1 -9999.9 1 -9999.9 1   239.5 0 -9999.9 1
 1999 173  6 22 22 42 22.700  61.19   379.9 0 -9999.9 1 -9999.9 1   321.0 0   393.1 0   313.5 0   312.6 0   465.0 0   299.3 0   299.6 0    24.1 0   169.9 0 -9999.9 1   -71.9 0 -9999.9 1 -9999.9 1 -9999.9 1 -9999.9 1   243.2 0 -9999.9 1
 1999 173  6 22 22 48 22.800  62.32   324.1 0 -9999.9 1 -9999.9 1   302.4 0   388.5 0   314.1 0   313.4 0   461.3 0   299.7 0   299.8 0    22.9 0   152.4 0 -9999.9 1   -72.8 0 -9999.9 1 -9999.9 1 -9999.9 1 -9999.9 1   230.8 0 -9999.9 1
 1999 173  6 22 22 51 22.850  62.89   363.6 0 -9999.9 1 -9999.9 1   307.3 0   384.8 0   314.4 0   313.7 0   464.1 0   299.8 0   300.0 0    23.8 0   164.3 0 -9999.9 1   -79.3 0 -9999.9 1 -9999.9 1 -9999.9 1 -9999.9 1   231.7 0 -9999.9 1
 1999 173  6 22 22 54 22.900  63.45   326.0 0 -9999.9 1 -9999.9 1   278.8 0   383.5 0   314.8 0   313.8 0   461.3 0   300.1 0   300.2 0    22.6 0   146.0 0 -9999.9 1   -77.8 0 -9999.9 1 -9999.9 1 -9999.9 1 -9999.9 1   215.2 0 -9999.9 1
 1999 173  6 22 22 57 22.950  64.02   224.8 0 -9999.9 1 -9999.9 1   222.6 0   379.4 0   315.1 0   314.0 0   454.7 0   300.2 0   300.2 0    19.9 0   109.5 0 -9999.9 1   -75.3 0 -9999.9 1 -9999.9 1 -9999.9 1 -9999.9 1   209.1 0 -9999.9 1
 1999 173  6 22 23  3 23.050  65.15   170.1 0 -9999.9 1 -9999.9 1   167.0 0   378.2 0   315.5 0   313.9 0   448.0 0   300.2 0   300.2 0    16.5 0    82.5 0 -9999.9 1   -69.8 0 -9999.9 1 -9999.9 1 -9999.9 1 -9999.9 1   219.3 0 -9999.9 1
 1999 173  6 22 23  6 23.100  65.71   181.0 0 -9999.9 1 -9999.9 1   159.2 0   378.5 0   315.7 0   313.9 0   447.5 0   300.2 0   300.2 0    16.0 0    82.3 0 -9999.9 1   -69.0 0 -9999.9 1 -9999.9 1 -9999.9 1 -9999.9 1   214.7 0 -9999.9 1
 1999 173  6 22 23  9 23.150  66.27   189.9 0 -9999.9 1 -9999.9 1   166.8 0   375.7 0   315.9 0   314.5 0   449.6 0   300.2 0   300.3 0    15.9 0    86.4 0 -9999.9 1   -73.9 0 -9999.9 1 -9999.9 1 -9999.9 1 -9999.9 1   211.4 0 -9999.9 1
 1999 173  6 22 23 12 23.200  66.83   225.8 0 -9999.9 1 -9999.9 1   176.2 0   375.2 0   316.1 0   314.8 0   452.8 0   300.3 0   300.4 0    16.0 0    95.8 0 -9999.9 1   -77.7 0 -9999.9 1 -9999.9 1 -9999.9 1 -9999.9 1   207.3 0 -9999.9 1
 1999 173  6 22 23 18 23.300  67.95   184.9 0 -9999.9 1 -9999.9 1   160.0 0   372.8 0   316.5 0   315.3 0   452.7 0   300.5 0   300.5 0    14.9 0    84.7 0 -9999.9 1   -79.9 0 -9999.9 1 -9999.9 1 -9999.9 1 -9999.9 1   204.8 0 -9999.9 1
 1999 173  6 22 23 21 23.350  68.51   155.5 0 -9999.9 1 -9999.9 1   141.7 0   373.0 0   316.6 0   315.1 0   449.9 0   300.5 0   300.5 0    14.0 0    74.6 0 -9999.9 1   -77.0 0 -9999.9 1 -9999.9 1 -9999.9 1 -9999.9 1   214.8 0 -9999.9 1
 1999 173  6 22 23 24 23.400  69.07   147.5 0 -9999.9 1 -9999.9 1   130.2 0   370.6 0   316.7 0   315.4 0   448.1 0   300.5 0   300.5 0    12.9 0    69.3 0 -9999.9 1   -77.5 0 -9999.9 1 -9999.9 1 -9999.9 1 -9999.9 1   203.9 0 -9999.9 1
 1999 173  6 22 23 27 23.450  69.63   174.4 0 -9999.9 1 -9999.9 1   141.5 0   371.3 0   316.8 0   315.4 0   449.8 0   300.5 0   300.5 0    12.5 0    77.0 0 -9999.9 1   -78.6 0 -9999.9 1 -9999.9 1 -9999.9 1 -9999.9 1   218.2 0 -9999.9 1
 1999 173  6 22 23 33 23.550  70.73   115.7 0 -9999.9 1 -9999.9 1   106.2 0   372.8 0   316.9 0   315.3 0   446.4 0   300.4 0   300.4 0    10.8 0    55.6 0 -9999.9 1   -73.5 0 -9999.9 1 -9999.9 1 -9999.9 1 -9999.9 1   223.4 0 -9999.9 1
 1999 173  6 22 23 36 23.600  71.29    99.6 0 -9999.9 1 -9999.9 1    92.3 0   369.3 0   316.8 0   315.3 0   443.3 0   300.2 0   300.1 0     9.7 0    47.1 0 -9999.9 1   -73.9 0 -9999.9 1 -9999.9 1 -9999.9 1 -9999.9 1   223.7 0 -9999.9 1
 1999 173  6 22 23 39 23.650  71.84   107.6 0 -9999.9 1 -9999.9 1    91.0 0   368.5 0   316.8 0   315.6 0   444.2 0   300.2 0   300.1 0     8.9 0    46.5 0 -9999.9 1   -75.6 0 -9999.9 1 -9999.9 1 -9999.9 1 -9999.9 1   222.1 0 -9999.9 1
 1999 173  6 22 23 42 23.700  72.39    99.1 0 -9999.9 1 -9999.9 1    90.6 0   369.7 0   316.7 0   315.2 0   442.9 0   300.0 0   299.9 0     8.3 0    45.3 0 -9999.9 1   -73.2 0 -9999.9 1 -9999.9 1 -9999.9 1 -9999.9 1   232.9 0 -9999.9 1
 1999 173  6 22 23 48 23.800  73.49    98.3 0 -9999.9 1 -9999.9 1    94.7 0   373.3 0   316.7 0   315.2 0   442.2 0   299.9 0   299.9 0     7.5 0    46.7 0 -9999.9 1   -68.9 0 -9999.9 1 -9999.9 1 -9999.9 1 -9999.9 1   246.7 0 -9999.9 1
 1999 173  6 22 23 51 23.850  74.03    89.0 0 -9999.9 1 -9999.9 1    86.0 0   372.2 0   316.5 0   315.2 0   441.6 0   299.8 0   299.7 0     7.2 0    42.9 0 -9999.9 1   -69.4 0 -9999.9 1 -9999.9 1 -9999.9 1 -9999.9 1   272.5 0 -9999.9 1
 1999 173  6 22 23 54 23.900  74.58    77.4 0 -9999.9 1 -9999.9 1    75.1 0   373.2 0   316.6 0   315.0 0   440.3 0   299.8 0   299.7 0     6.8 0    37.6 0 -9999.9 1   -67.1 0 -9999.9 1 -9999.9 1 -9999.9 1 -9999.9 1   278.8 0 -9999.9 1
 1999 173  6 22 23 57 23.950  75.12    71.1 0 -9999.9 1 -9999.9 1    68.9 0   369.8 0   316.5 0   315.1 0   439.4 0   299.7 0   299.6 0     6.3 0    34.8 0 -9999.9 1   -69.6 0 -9999.9 1 -9999.9 1 -9999.9 1 -9999.9 1   288.8 0 -9999.9 1
