 Bondville
   40.05  -88.37  213 m version 1
 1999 200  7 19  0  3  0.050  76.95   157.7 0 -9999.9 1 -9999.9 1    51.5 0   357.5 0   327.6 0   325.5 0   444.4 0   304.2 0   304.2 0     8.8 2    76.7 0 -9999.9 1   -86.9 0 -9999.9 1 -9999.9 1 -9999.9 1 -9999.9 1   113.3 0 -9999.9 1
 1999 200  7 19  0  6  0.100  77.50   149.6 0 -9999.9 1 -9999.9 1    50.3 0   358.2 0   327.4 0   325.2 0   443.3 0   304.0 0   304.0 0     8.1 2    73.1 0 -9999.9 1   -85.1 0 -9999.9 1 -9999.9 1 -9999.9 1 -9999.9 1   106.1 0 -9999.9 1
 1999 200  7 19  0  9  0.150  78.05   142.2 0 -9999.9 1 -9999.9 1    49.0 0   354.6 0   327.1 0   325.3 0   442.8 0   303.8 0   303.7 0     7.5 2    69.6 0 -9999.9 1   -88.2 0 -9999.9 1 -9999.9 1 -9999.9 1 -9999.9 1    94.1 0 -9999.9 1
 1999 200  7 19  0 12  0.200  78.59   133.5 0 -9999.9 1 -9999.9 1    47.2 0   355.9 0   326.9 0   324.9 0   442.1 0   303.5 0   303.5 0     6.8 2    65.3 0 -9999.9 1   -86.1 0 -9999.9 1 -9999.9 1 -9999.9 1 -9999.9 1    85.6 0 -9999.9 1
 1999 200  7 19  0 18  0.300  79.67   115.9 0 -9999.9 1 -9999.9 1    43.5 0   354.4 0   326.6 0   324.5 0   441.4 0   303.0 0   303.0 0     5.8 2    57.0 0 -9999.9 1   -87.0 0 -9999.9 1 -9999.9 1 -9999.9 1 -9999.9 1    89.7 0 -9999.9 1
 1999 200  7 19  0 21  0.350  80.21   107.3 0 -9999.9 1 -9999.9 1    41.7 0   355.5 0   326.3 0   324.2 0   441.0 0   302.8 0   302.8 0     5.2 2    52.9 0 -9999.9 1   -85.4 0 -9999.9 1 -9999.9 1 -9999.9 1 -9999.9 1    91.0 0 -9999.9 1
 1999 200  7 19  0 24  0.400  80.75    98.4 0 -9999.9 1 -9999.9 1    39.8 0   355.8 0   326.1 0   324.0 0   440.5 0   302.6 0   302.5 0     4.8 2    48.5 0 -9999.9 1   -84.6 0 -9999.9 1 -9999.9 1 -9999.9 1 -9999.9 1    95.0 0 -9999.9 1
 1999 200  7 19  0 27  0.450  81.28    89.4 0 -9999.9 1 -9999.9 1    37.7 0   356.1 0   325.8 0   323.6 0   439.8 0   302.3 0   302.3 0     4.3 2    44.2 0 -9999.9 1   -83.6 0 -9999.9 1 -9999.9 1 -9999.9 1 -9999.9 1    98.9 0 -9999.9 1
 1999 200  7 19  0 33  0.550  82.34    73.7 0 -9999.9 1 -9999.9 1    33.3 0   355.8 0   325.2 0   323.0 0   438.1 0   301.8 0   301.7 0     3.5 2    36.6 0 -9999.9 1   -82.3 0 -9999.9 1 -9999.9 1 -9999.9 1 -9999.9 1   102.9 0 -9999.9 1
 1999 200  7 19  0 36  0.600  82.87    66.4 0 -9999.9 1 -9999.9 1    31.1 0   355.0 0   324.9 0   322.6 0   436.6 0   301.5 0   301.4 0     3.1 2    33.0 0 -9999.9 1   -81.7 0 -9999.9 1 -9999.9 1 -9999.9 1 -9999.9 1   111.9 0 -9999.9 1
 1999 200  7 19  0 39  0.650  83.39    57.7 0 -9999.9 1 -9999.9 1    28.9 0   354.2 0   324.5 0   322.3 0   436.2 0   301.3 0   301.1 0     2.7 2    28.6 0 -9999.9 1   -82.0 0 -9999.9 1 -9999.9 1 -9999.9 1 -9999.9 1   116.0 0 -9999.9 1
 1999 200  7 19  0 42  0.700  83.92    51.6 0 -9999.9 1 -9999.9 1    26.9 0   353.1 0   324.2 0   322.0 0   434.5 0   301.0 0   300.9 0     2.4 2    25.4 0 -9999.9 1   -81.4 0 -9999.9 1 -9999.9 1 -9999.9 1 -9999.9 1   116.0 0 -9999.9 1
 1999 200  7 19  0 48  0.800  84.95    35.2 0 -9999.9 1 -9999.9 1    21.2 0   352.3 0   323.4 0   321.3 0   431.2 0   300.4 0   300.3 0     1.8 2    18.9 0 -9999.9 1   -78.9 0 -9999.9 1 -9999.9 1 -9999.9 1 -9999.9 1   119.5 0 -9999.9 1
 1999 200  7 19  0 51  0.850  85.46    34.3 0 -9999.9 1 -9999.9 1    18.5 0   352.0 0   323.0 0   320.9 0   430.2 0   300.2 0   300.1 0     1.6 2    17.1 0 -9999.9 1   -78.1 0 -9999.9 1 -9999.9 1 -9999.9 1 -9999.9 1   122.6 0 -9999.9 1
 1999 200  7 19  0 54  0.900  85.97    30.7 0 -9999.9 1 -9999.9 1    17.1 0   352.4 0   322.6 0   320.5 0   429.4 0   300.0 0   299.9 0     1.3 2    15.6 0 -9999.9 1   -77.0 0 -9999.9 1 -9999.9 1 -9999.9 1 -9999.9 1   124.5 0 -9999.9 1
 1999 200  7 19  0 57  0.950  86.47    25.9 0 -9999.9 1 -9999.9 1    15.5 0   352.0 0   322.2 0   320.4 0   429.3 0   299.8 0   299.7 0     1.1 2    13.8 0 -9999.9 1   -77.2 0 -9999.9 1 -9999.9 1 -9999.9 1 -9999.9 1   128.2 0 -9999.9 1
 1999 200  7 19  1  3  1.050  87.45    15.6 0 -9999.9 1 -9999.9 1     9.9 0   351.9 0   321.5 0   319.6 0   427.6 0   299.4 0   299.3 0     0.8 2     9.5 0 -9999.9 1   -75.7 0 -9999.9 1 -9999.9 1 -9999.9 1 -9999.9 1   128.4 0 -9999.9 1
 1999 200  7 19  1  6  1.100  87.92    10.7 0 -9999.9 1 -9999.9 1     6.3 0   353.6 0   321.1 0   319.0 0   426.2 0   299.3 0   299.1 0     0.7 2     7.3 0 -9999.9 1   -72.6 0 -9999.9 1 -9999.9 1 -9999.9 1 -9999.9 1   128.2 0 -9999.9 1
 1999 200  7 19  1  9  1.150  88.39     7.5 0 -9999.9 1 -9999.9 1     3.5 0   351.5 0   320.7 0   318.6 0   424.7 0   299.1 0   299.0 0     0.6 2     5.6 0 -9999.9 1   -73.2 0 -9999.9 1 -9999.9 1 -9999.9 1 -9999.9 1   132.1 0 -9999.9 1
 1999 200  7 19  1 12  1.200  88.84     5.3 0 -9999.9 1 -9999.9 1     2.2 0   352.8 0   320.2 0   317.9 0   424.4 0   298.9 0   298.8 0     0.5 2     4.4 0 -9999.9 1   -71.6 0 -9999.9 1 -9999.9 1 -9999.9 1 -9999.9 1   138.4 0 -9999.9 1
 1999 200  7 19  1 18  1.300  89.66     2.9 0 -9999.9 1 -9999.9 1     0.7 0   355.2 0   319.3 0   316.9 0   423.5 0   298.6 0   298.4 0     0.3 2     2.7 0 -9999.9 1   -68.3 0 -9999.9 1 -9999.9 1 -9999.9 1 -9999.9 1   128.9 0 -9999.9 1
 1999 200  7 19  1 21  1.350  90.79     1.6 0 -9999.9 1 -9999.9 1    -1.6 0   353.6 0   318.9 0   316.5 0   422.5 0   298.4 0   298.3 0     0.0 2     1.9 0 -9999.9 1   -68.9 0 -9999.9 1 -9999.9 1 -9999.9 1 -9999.9 1   130.2 0 -9999.9 1
 1999 200  7 19  1 24  1.400  91.29     0.0 0 -9999.9 1 -9999.9 1    -3.0 0   353.7 0   318.4 0   316.2 0   421.4 0   298.3 0   298.1 0     0.0 2     0.9 0 -9999.9 1   -67.8 0 -9999.9 1 -9999.9 1 -9999.9 1 -9999.9 1   129.5 0 -9999.9 1
 1999 200  7 19  1 27  1.450  91.79    -0.6 0 -9999.9 1 -9999.9 1    -3.7 0   350.1 0   318.0 0   316.1 0   420.1 0   298.1 0   298.0 0     0.0 2     0.9 0 -9999.9 1   -70.1 0 -9999.9 1 -9999.9 1 -9999.9 1 -9999.9 1   126.8 0 -9999.9 1
 1999 200  7 19  1 33  1.550  92.79    -1.8 0 -9999.9 1 -9999.9 1    -4.2 0   352.2 0   317.2 0   315.2 0   418.8 0   297.8 0   297.7 0     0.0 2     0.3 0 -9999.9 1   -66.6 0 -9999.9 1 -9999.9 1 -9999.9 1 -9999.9 1   127.8 0 -9999.9 1
 1999 200  7 19  1 36  1.600  93.28    -2.5 0 -9999.9 1 -9999.9 1    -4.5 0   353.5 0   316.8 0   314.6 0   418.4 0   297.6 0   297.5 0     0.0 2     0.1 0 -9999.9 1   -64.9 0 -9999.9 1 -9999.9 1 -9999.9 1 -9999.9 1   126.5 0 -9999.9 1
 1999 200  7 19  1 39  1.650  93.77    -3.0 0 -9999.9 1 -9999.9 1    -4.7 0   354.8 0   316.4 0   314.1 0   418.6 0   297.5 0   297.3 0     0.0 2     0.0 0 -9999.9 1   -63.8 0 -9999.9 1 -9999.9 1 -9999.9 1 -9999.9 1   126.8 0 -9999.9 1
 1999 200  7 19  1 42  1.700  94.26    -3.1 0 -9999.9 1 -9999.9 1    -4.8 0   353.6 0   316.0 0   313.9 0   418.3 0   297.3 0   297.2 0     0.0 2    -0.1 0 -9999.9 1   -64.6 0 -9999.9 1 -9999.9 1 -9999.9 1 -9999.9 1   125.4 0 -9999.9 1
 1999 200  7 19  1 48  1.800  95.23    -3.1 0 -9999.9 1 -9999.9 1    -4.1 0   351.2 0   315.3 0   313.4 0   416.9 0   297.0 0   296.8 0     0.0 2    -0.2 0 -9999.9 1   -65.7 0 -9999.9 1 -9999.9 1 -9999.9 1 -9999.9 1   136.3 0 -9999.9 1
 1999 200  7 19  1 51  1.850  95.71    -3.2 0 -9999.9 1 -9999.9 1    -3.8 0   352.0 0   315.0 0   313.1 0   416.8 0   296.8 0   296.7 0     0.0 2    -0.2 0 -9999.9 1   -64.9 0 -9999.9 1 -9999.9 1 -9999.9 1 -9999.9 1   137.4 0 -9999.9 1
 1999 200  7 19  1 54  1.900  96.19    -3.3 0 -9999.9 1 -9999.9 1    -4.1 0   353.2 0   314.7 0   312.7 0   416.5 0   296.7 0   296.6 0     0.0 2    -0.2 0 -9999.9 1   -63.4 0 -9999.9 1 -9999.9 1 -9999.9 1 -9999.9 1   135.0 0 -9999.9 1
 1999 200  7 19  1 57  1.950  96.66    -3.2 0 -9999.9 1 -9999.9 1    -4.5 0   351.8 0   314.4 0   312.6 0   416.0 0   296.6 0   296.5 0     0.0 2    -0.2 0 -9999.9 1   -64.2 0 -9999.9 1 -9999.9 1 -9999.9 1 -9999.9 1   132.0 0 -9999.9 1
 1999 200  7 19  2  3  2.050  97.60    -3.1 0 -9999.9 1 -9999.9 1    -4.5 0   351.7 0   313.8 0   311.9 0   415.2 0   296.4 0   296.3 0     0.0 2    -0.3 0 -9999.9 1   -63.5 0 -9999.9 1 -9999.9 1 -9999.9 1 -9999.9 1   129.7 0 -9999.9 1
 1999 200  7 19  2  6  2.100  98.06    -3.2 0 -9999.9 1 -9999.9 1    -4.6 0   351.4 0   313.6 0   311.7 0   414.8 0   296.3 0   296.2 0     0.0 2    -0.2 0 -9999.9 1   -63.4 0 -9999.9 1 -9999.9 1 -9999.9 1 -9999.9 1   130.8 0 -9999.9 1
 1999 200  7 19  2  9  2.150  98.53    -3.3 0 -9999.9 1 -9999.9 1    -4.5 0   350.3 0   313.3 0   311.5 0   414.2 0   296.2 0   296.0 0     0.0 2    -0.2 0 -9999.9 1   -63.9 0 -9999.9 1 -9999.9 1 -9999.9 1 -9999.9 1   132.9 0 -9999.9 1
 1999 200  7 19  2 12  2.200  98.98    -3.3 0 -9999.9 1 -9999.9 1    -4.2 0   349.9 0   313.0 0   311.3 0   414.1 0   296.1 0   295.9 0     0.0 2    -0.2 0 -9999.9 1   -64.2 0 -9999.9 1 -9999.9 1 -9999.9 1 -9999.9 1   134.0 0 -9999.9 1
 1999 200  7 19  2 18  2.300  99.89    -3.5 0 -9999.9 1 -9999.9 1    -3.8 0   350.3 0   312.6 0   310.8 0   413.9 0   295.9 0   295.8 0     0.0 2    -0.2 0 -9999.9 1   -63.6 0 -9999.9 1 -9999.9 1 -9999.9 1 -9999.9 1   137.9 0 -9999.9 1
 1999 200  7 19  2 21  2.350 100.34    -3.4 0 -9999.9 1 -9999.9 1    -4.0 0   348.8 0   312.4 0   310.7 0   413.5 0   295.8 0   295.7 0     0.0 2    -0.2 0 -9999.9 1   -64.6 0 -9999.9 1 -9999.9 1 -9999.9 1 -9999.9 1   137.0 0 -9999.9 1
 1999 200  7 19  2 24  2.400 100.79    -3.4 0 -9999.9 1 -9999.9 1    -3.5 0   347.5 0   312.2 0   310.4 0   412.3 0   295.7 0   295.6 0     0.0 2    -0.2 0 -9999.9 1   -64.8 0 -9999.9 1 -9999.9 1 -9999.9 1 -9999.9 1   137.6 0 -9999.9 1
 1999 200  7 19  2 27  2.450 101.23    -3.5 0 -9999.9 1 -9999.9 1    -3.4 0   348.1 0   312.0 0   310.2 0   411.7 0   295.6 0   295.5 0     0.0 2    -0.2 0 -9999.9 1   -63.6 0 -9999.9 1 -9999.9 1 -9999.9 1 -9999.9 1   137.6 0 -9999.9 1
 1999 200  7 19  2 33  2.550 102.10    -3.6 0 -9999.9 1 -9999.9 1    -3.6 0   349.1 0   311.6 0   309.7 0   411.0 0   295.4 0   295.3 0     0.0 2    -0.2 0 -9999.9 1   -61.9 0 -9999.9 1 -9999.9 1 -9999.9 1 -9999.9 1   132.2 0 -9999.9 1
 1999 200  7 19  2 36  2.600 102.53    -3.6 0 -9999.9 1 -9999.9 1    -3.9 0   347.2 0   311.4 0   309.7 0   411.4 0   295.3 0   295.1 0     0.0 2    -0.1 0 -9999.9 1   -64.2 0 -9999.9 1 -9999.9 1 -9999.9 1 -9999.9 1   135.2 0 -9999.9 1
 1999 200  7 19  2 39  2.650 102.96    -3.6 0 -9999.9 1 -9999.9 1    -3.0 0   348.1 0   311.3 0   309.5 0   412.4 0   295.2 0   295.0 0     0.0 2    -0.2 0 -9999.9 1   -64.2 0 -9999.9 1 -9999.9 1 -9999.9 1 -9999.9 1   144.1 0 -9999.9 1
 1999 200  7 19  2 42  2.700 103.38    -3.9 0 -9999.9 1 -9999.9 1    -2.6 0   347.6 0   311.0 0   309.2 0   413.1 0   295.0 0   294.9 0     0.0 2    -0.1 0 -9999.9 1   -65.5 0 -9999.9 1 -9999.9 1 -9999.9 1 -9999.9 1   145.8 0 -9999.9 1
 1999 200  7 19  2 48  2.800 104.22    -4.3 0 -9999.9 1 -9999.9 1    -1.9 0   351.1 0   310.7 0   308.8 0   413.9 0   294.9 0   294.8 0     0.0 2    -0.1 0 -9999.9 1   -62.9 0 -9999.9 1 -9999.9 1 -9999.9 1 -9999.9 1   150.3 0 -9999.9 1
 1999 200  7 19  2 51  2.850 104.63    -4.4 0 -9999.9 1 -9999.9 1    -2.0 0   351.2 0   310.5 0   308.6 0   414.0 0   294.8 0   294.7 0     0.0 2    -0.1 0 -9999.9 1   -62.8 0 -9999.9 1 -9999.9 1 -9999.9 1 -9999.9 1   147.3 0 -9999.9 1
 1999 200  7 19  2 54  2.900 105.03    -4.3 0 -9999.9 1 -9999.9 1    -2.5 0   350.7 0   310.4 0   308.4 0   413.5 0   294.7 0   294.6 0     0.0 2    -0.1 0 -9999.9 1   -62.9 0 -9999.9 1 -9999.9 1 -9999.9 1 -9999.9 1   142.9 0 -9999.9 1
 1999 200  7 19  2 57  2.950 105.44    -4.3 0 -9999.9 1 -9999.9 1    -2.6 0   350.3 0   310.2 0   308.3 0   413.1 0   294.7 0   294.6 0     0.0 2    -0.1 0 -9999.9 1   -62.8 0 -9999.9 1 -9999.9 1 -9999.9 1 -9999.9 1   143.0 0 -9999.9 1
 1999 200  7 19  3  3  3.050 106.23    -4.3 0 -9999.9 1 -9999.9 1    -2.4 0   349.4 0   309.8 0   308.0 0   412.6 0   294.5 0   294.4 0     0.0 2    -0.2 0 -9999.9 1   -63.2 0 -9999.9 1 -9999.9 1 -9999.9 1 -9999.9 1   140.8 0 -9999.9 1
 1999 200  7 19  3  6  3.100 106.62    -4.3 0 -9999.9 1 -9999.9 1    -2.5 0   349.5 0   309.7 0   307.9 0   412.5 0   294.5 0   294.4 0     0.0 2    -0.1 0 -9999.9 1   -62.9 0 -9999.9 1 -9999.9 1 -9999.9 1 -9999.9 1   138.9 0 -9999.9 1
 1999 200  7 19  3  9  3.150 107.00    -4.2 0 -9999.9 1 -9999.9 1    -2.2 0   349.2 0   309.5 0   307.8 0   411.8 0   294.4 0   294.3 0     0.0 2    -0.1 0 -9999.9 1   -62.6 0 -9999.9 1 -9999.9 1 -9999.9 1 -9999.9 1   143.1 0 -9999.9 1
 1999 200  7 19  3 12  3.200 107.39    -4.2 0 -9999.9 1 -9999.9 1    -2.1 0   349.3 0   309.4 0   307.7 0   411.4 0   294.4 0   294.3 0     0.0 2    -0.1 0 -9999.9 1   -62.1 0 -9999.9 1 -9999.9 1 -9999.9 1 -9999.9 1   142.2 0 -9999.9 1
 1999 200  7 19  3 18  3.300 108.13    -3.9 0 -9999.9 1 -9999.9 1    -2.3 0   348.5 0   309.0 0   307.5 0   410.1 0   294.2 0   294.1 0     0.0 2    -0.1 0 -9999.9 1   -61.6 0 -9999.9 1 -9999.9 1 -9999.9 1 -9999.9 1   141.4 0 -9999.9 1
 1999 200  7 19  3 21  3.350 108.50    -3.8 0 -9999.9 1 -9999.9 1    -2.7 0   349.0 0   308.9 0   307.3 0   409.7 0   294.1 0   294.1 0     0.0 2    -0.1 0 -9999.9 1   -60.7 0 -9999.9 1 -9999.9 1 -9999.9 1 -9999.9 1   136.8 0 -9999.9 1
 1999 200  7 19  3 24  3.400 108.86    -3.8 0 -9999.9 1 -9999.9 1    -2.7 0   348.2 0   308.8 0   307.3 0   409.2 0   294.1 0   294.1 0     0.0 2    -0.2 0 -9999.9 1   -61.0 0 -9999.9 1 -9999.9 1 -9999.9 1 -9999.9 1   142.2 0 -9999.9 1
 1999 200  7 19  3 27  3.450 109.22    -3.7 0 -9999.9 1 -9999.9 1    -2.7 0   348.6 0   308.8 0   307.2 0   408.8 0   294.1 0   294.0 0     0.0 2    -0.1 0 -9999.9 1   -60.2 0 -9999.9 1 -9999.9 1 -9999.9 1 -9999.9 1   146.3 0 -9999.9 1
 1999 200  7 19  3 33  3.550 109.92    -3.7 0 -9999.9 1 -9999.9 1    -2.3 0   348.2 0   308.6 0   307.1 0   408.7 0   294.0 0   294.0 0     0.0 2    -0.2 0 -9999.9 1   -60.5 0 -9999.9 1 -9999.9 1 -9999.9 1 -9999.9 1   153.4 0 -9999.9 1
 1999 200  7 19  3 36  3.600 110.26    -3.6 0 -9999.9 1 -9999.9 1    -1.6 0   347.3 0   308.6 0   307.1 0   408.8 0   294.0 0   294.0 0     0.0 2    -0.2 0 -9999.9 1   -61.4 0 -9999.9 1 -9999.9 1 -9999.9 1 -9999.9 1   158.7 0 -9999.9 1
 1999 200  7 19  3 39  3.650 110.59    -3.7 0 -9999.9 1 -9999.9 1    -1.4 0   347.1 0   308.5 0   307.0 0   408.2 0   294.0 0   293.9 0     0.0 2    -0.2 0 -9999.9 1   -61.1 0 -9999.9 1 -9999.9 1 -9999.9 1 -9999.9 1   161.2 0 -9999.9 1
 1999 200  7 19  3 42  3.700 110.92    -3.8 0 -9999.9 1 -9999.9 1    -1.2 0   347.0 0   308.4 0   306.9 0   408.2 0   293.9 0   293.9 0     0.0 2    -0.1 0 -9999.9 1   -61.1 0 -9999.9 1 -9999.9 1 -9999.9 1 -9999.9 1   163.2 0 -9999.9 1
 1999 200  7 19  3 48  3.800 111.57    -4.1 0 -9999.9 1 -9999.9 1    -0.6 0   346.7 0   308.3 0   306.8 0   409.0 0   293.8 0   293.7 0     0.0 2    -0.1 0 -9999.9 1   -62.3 0 -9999.9 1 -9999.9 1 -9999.9 1 -9999.9 1   166.9 0 -9999.9 1
 1999 200  7 19  3 51  3.850 111.88    -4.1 0 -9999.9 1 -9999.9 1    -0.7 0   346.1 0   308.3 0   306.8 0   408.8 0   293.8 0   293.7 0     0.0 2    -0.2 0 -9999.9 1   -62.7 0 -9999.9 1 -9999.9 1 -9999.9 1 -9999.9 1   165.2 0 -9999.9 1
 1999 200  7 19  3 54  3.900 112.19    -4.1 0 -9999.9 1 -9999.9 1    -0.8 0   346.5 0   308.3 0   306.7 0   408.6 0   293.7 0   293.6 0     0.0 2    -0.1 0 -9999.9 1   -62.0 0 -9999.9 1 -9999.9 1 -9999.9 1 -9999.9 1   162.5 0 -9999.9 1
 1999 200  7 19  3 57  3.950 112.49    -4.2 0 -9999.9 1 -9999.9 1    -0.7 0   348.4 0   308.2 0   306.6 0   409.0 0   293.7 0   293.6 0     0.0 2    -0.1 0 -9999.9 1   -60.6 0 -9999.9 1 -9999.9 1 -9999.9 1 -9999.9 1   158.0 0 -9999.9 1
 1999 200  7 19  4  3  4.050 113.08    -4.4 0 -9999.9 1 -9999.9 1    -0.6 0   348.6 0   308.1 0   306.4 0   410.1 0   293.6 0   293.5 0     0.0 2    -0.1 0 -9999.9 1   -61.5 0 -9999.9 1 -9999.9 1 -9999.9 1 -9999.9 1   154.8 0 -9999.9 1
 1999 200  7 19  4  6  4.100 113.37    -4.5 0 -9999.9 1 -9999.9 1    -0.5 0   347.8 0   308.0 0   306.3 0   410.1 0   293.5 0   293.4 0     0.0 2    -0.2 0 -9999.9 1   -62.3 0 -9999.9 1 -9999.9 1 -9999.9 1 -9999.9 1   155.3 0 -9999.9 1
 1999 200  7 19  4  9  4.150 113.65    -4.4 0 -9999.9 1 -9999.9 1    -0.5 0   347.3 0   307.9 0   306.3 0   410.0 0   293.5 0   293.4 0     0.0 2    -0.1 0 -9999.9 1   -62.7 0 -9999.9 1 -9999.9 1 -9999.9 1 -9999.9 1   154.3 0 -9999.9 1
 1999 200  7 19  4 12  4.200 113.92    -4.2 0 -9999.9 1 -9999.9 1    -0.7 0   346.2 0   307.9 0   306.3 0   409.5 0   293.4 0   293.3 0     0.0 2     0.0 0 -9999.9 1   -63.3 0 -9999.9 1 -9999.9 1 -9999.9 1 -9999.9 1   152.4 0 -9999.9 1
 1999 200  7 19  4 18  4.300 114.44    -3.9 0 -9999.9 1 -9999.9 1    -0.8 0   346.7 0   307.8 0   306.4 0   408.3 0   293.4 0   293.3 0     0.0 2    -0.1 0 -9999.9 1   -61.6 0 -9999.9 1 -9999.9 1 -9999.9 1 -9999.9 1   153.9 0 -9999.9 1
 1999 200  7 19  4 21  4.350 114.70    -3.8 0 -9999.9 1 -9999.9 1    -0.6 0   345.7 0   307.7 0   306.2 0   407.5 0   293.3 0   293.2 0     0.0 2     0.0 0 -9999.9 1   -61.8 0 -9999.9 1 -9999.9 1 -9999.9 1 -9999.9 1   157.9 0 -9999.9 1
 1999 200  7 19  4 24  4.400 114.94    -3.9 0 -9999.9 1 -9999.9 1    -0.6 0   346.1 0   307.6 0   306.2 0   407.4 0   293.2 0   293.1 0     0.0 2    -0.1 0 -9999.9 1   -61.3 0 -9999.9 1 -9999.9 1 -9999.9 1 -9999.9 1   161.2 0 -9999.9 1
 1999 200  7 19  4 27  4.450 115.18    -3.8 0 -9999.9 1 -9999.9 1    -0.6 0   346.2 0   307.6 0   306.3 0   407.1 0   293.1 0   293.1 0     0.0 2    -0.1 0 -9999.9 1   -60.9 0 -9999.9 1 -9999.9 1 -9999.9 1 -9999.9 1   163.8 0 -9999.9 1
 1999 200  7 19  4 33  4.550 115.65    -4.1 0 -9999.9 1 -9999.9 1    -0.6 0   349.7 0   307.6 0   305.9 0   407.7 0   293.1 0   293.0 0     0.0 2    -0.1 0 -9999.9 1   -58.0 0 -9999.9 1 -9999.9 1 -9999.9 1 -9999.9 1   160.1 0 -9999.9 1
 1999 200  7 19  4 36  4.600 115.87    -4.2 0 -9999.9 1 -9999.9 1    -0.5 0   350.0 0   307.5 0   305.8 0   407.8 0   293.0 0   293.0 0     0.0 2    -0.1 0 -9999.9 1   -57.8 0 -9999.9 1 -9999.9 1 -9999.9 1 -9999.9 1   161.0 0 -9999.9 1
 1999 200  7 19  4 39  4.650 116.08    -4.4 0 -9999.9 1 -9999.9 1    -0.1 0   350.3 0   307.5 0   305.7 0   408.2 0   293.0 0   292.9 0     0.0 2    -0.1 0 -9999.9 1   -57.9 0 -9999.9 1 -9999.9 1 -9999.9 1 -9999.9 1   163.0 0 -9999.9 1
 1999 200  7 19  4 42  4.700 116.29    -4.4 0 -9999.9 1 -9999.9 1    -0.2 0   351.3 0   307.4 0   305.7 0   408.6 0   292.9 0   292.9 0     0.0 2    -0.1 0 -9999.9 1   -57.3 0 -9999.9 1 -9999.9 1 -9999.9 1 -9999.9 1   163.4 0 -9999.9 1
 1999 200  7 19  4 48  4.800 116.68    -4.4 0 -9999.9 1 -9999.9 1    -0.2 0   351.5 0   307.3 0   305.6 0   408.9 0   292.9 0   292.8 0     0.0 2    -0.1 0 -9999.9 1   -57.4 0 -9999.9 1 -9999.9 1 -9999.9 1 -9999.9 1   163.3 0 -9999.9 1
 1999 200  7 19  4 51  4.850 116.86    -4.3 0 -9999.9 1 -9999.9 1     0.0 0   351.4 0   307.2 0   305.5 0   408.8 0   292.8 0   292.7 0     0.0 2    -0.2 0 -9999.9 1   -57.4 0 -9999.9 1 -9999.9 1 -9999.9 1 -9999.9 1   164.3 0 -9999.9 1
 1999 200  7 19  4 54  4.900 117.04    -4.5 0 -9999.9 1 -9999.9 1     0.6 0   351.4 0   307.2 0   305.4 0   409.0 0   292.8 0   292.7 0     0.0 2    -0.1 0 -9999.9 1   -57.6 0 -9999.9 1 -9999.9 1 -9999.9 1 -9999.9 1   168.1 0 -9999.9 1
 1999 200  7 19  4 57  4.950 117.21    -4.6 0 -9999.9 1 -9999.9 1     1.1 0   351.0 0   307.1 0   305.4 0   409.4 0   292.7 0   292.7 0     0.0 2    -0.2 0 -9999.9 1   -58.3 0 -9999.9 1 -9999.9 1 -9999.9 1 -9999.9 1   173.3 0 -9999.9 1
 1999 200  7 19  5  3  5.050 117.53    -4.7 0 -9999.9 1 -9999.9 1     1.4 0   352.0 0   307.0 0   305.3 0   409.6 0   292.7 0   292.6 0     0.0 2    -0.1 0 -9999.9 1   -57.6 0 -9999.9 1 -9999.9 1 -9999.9 1 -9999.9 1   168.4 0 -9999.9 1
 1999 200  7 19  5  6  5.100 117.68    -4.7 0 -9999.9 1 -9999.9 1     1.3 0   351.7 0   306.9 0   305.2 0   409.2 0   292.7 0   292.6 0     0.0 2    -0.1 0 -9999.9 1   -57.5 0 -9999.9 1 -9999.9 1 -9999.9 1 -9999.9 1   168.2 0 -9999.9 1
 1999 200  7 19  5  9  5.150 117.82    -4.6 0 -9999.9 1 -9999.9 1     1.4 0   351.5 0   306.9 0   305.2 0   408.9 0   292.6 0   292.6 0     0.0 2    -0.1 0 -9999.9 1   -57.4 0 -9999.9 1 -9999.9 1 -9999.9 1 -9999.9 1   170.5 0 -9999.9 1
 1999 200  7 19  5 12  5.200 117.95    -4.6 0 -9999.9 1 -9999.9 1     1.5 0   351.4 0   306.8 0   305.1 0   408.6 0   292.6 0   292.5 0     0.0 2    -0.1 0 -9999.9 1   -57.2 0 -9999.9 1 -9999.9 1 -9999.9 1 -9999.9 1   170.8 0 -9999.9 1
 1999 200  7 19  5 18  5.300 118.20    -4.6 0 -9999.9 1 -9999.9 1     1.8 0   352.1 0   306.7 0   305.0 0   408.8 0   292.6 0   292.5 0     0.0 2    -0.1 0 -9999.9 1   -56.7 0 -9999.9 1 -9999.9 1 -9999.9 1 -9999.9 1   180.6 0 -9999.9 1
 1999 200  7 19  5 21  5.350 118.31    -4.6 0 -9999.9 1 -9999.9 1     2.0 0   352.7 0   306.6 0   305.0 0   408.6 0   292.5 0   292.5 0     0.0 2    -0.1 0 -9999.9 1   -55.9 0 -9999.9 1 -9999.9 1 -9999.9 1 -9999.9 1   181.0 0 -9999.9 1
 1999 200  7 19  5 24  5.400 118.41    -4.7 0 -9999.9 1 -9999.9 1     2.4 0   353.4 0   306.6 0   304.9 0   408.9 0   292.5 0   292.5 0     0.0 2    -0.1 0 -9999.9 1   -55.4 0 -9999.9 1 -9999.9 1 -9999.9 1 -9999.9 1   182.4 0 -9999.9 1
 1999 200  7 19  5 27  5.450 118.51    -4.8 0 -9999.9 1 -9999.9 1     2.4 0   353.8 0   306.6 0   304.8 0   409.1 0   292.5 0   292.5 0     0.0 2    -0.1 0 -9999.9 1   -55.3 0 -9999.9 1 -9999.9 1 -9999.9 1 -9999.9 1   181.0 0 -9999.9 1
 1999 200  7 19  5 33  5.550 118.67    -4.7 0 -9999.9 1 -9999.9 1     2.6 0   354.4 0   306.6 0   304.9 0   409.2 0   292.6 0   292.5 0     0.0 2    -0.2 0 -9999.9 1   -54.8 0 -9999.9 1 -9999.9 1 -9999.9 1 -9999.9 1   179.8 0 -9999.9 1
 1999 200  7 19  5 36  5.600 118.74    -4.6 0 -9999.9 1 -9999.9 1     2.4 0   353.6 0   306.5 0   304.9 0   408.6 0   292.6 0   292.5 0     0.0 2    -0.1 0 -9999.9 1   -55.1 0 -9999.9 1 -9999.9 1 -9999.9 1 -9999.9 1   180.7 0 -9999.9 1
 1999 200  7 19  5 39  5.650 118.81    -4.6 0 -9999.9 1 -9999.9 1     2.6 0   353.2 0   306.5 0   304.9 0   408.5 0   292.5 0   292.5 0     0.0 2    -0.2 0 -9999.9 1   -55.3 0 -9999.9 1 -9999.9 1 -9999.9 1 -9999.9 1   179.1 0 -9999.9 1
 1999 200  7 19  5 42  5.700 118.86    -4.5 0 -9999.9 1 -9999.9 1     2.2 0   352.5 0   306.5 0   305.0 0   408.2 0   292.5 0   292.4 0     0.0 2    -0.2 0 -9999.9 1   -55.7 0 -9999.9 1 -9999.9 1 -9999.9 1 -9999.9 1   186.2 0 -9999.9 1
 1999 200  7 19  5 48  5.800 118.95    -4.2 0 -9999.9 1 -9999.9 1     2.4 0   353.6 0   306.5 0   305.0 0   407.9 0   292.4 0   292.4 0     0.0 2    -0.2 0 -9999.9 1   -54.2 0 -9999.9 1 -9999.9 1 -9999.9 1 -9999.9 1   185.5 0 -9999.9 1
 1999 200  7 19  5 51  5.850 118.98    -4.4 0 -9999.9 1 -9999.9 1     2.5 0   355.4 0   306.6 0   304.9 0   408.4 0   292.4 0   292.4 0     0.0 2     0.0 0 -9999.9 1   -53.0 0 -9999.9 1 -9999.9 1 -9999.9 1 -9999.9 1   181.8 0 -9999.9 1
 1999 200  7 19  5 54  5.900 119.01    -4.6 0 -9999.9 1 -9999.9 1     2.3 0   356.3 0   306.6 0   304.9 0   408.3 0   292.4 0   292.4 0     0.0 2    -0.1 0 -9999.9 1   -52.0 0 -9999.9 1 -9999.9 1 -9999.9 1 -9999.9 1   173.7 0 -9999.9 1
 1999 200  7 19  5 57  5.950 119.02    -4.5 0 -9999.9 1 -9999.9 1     2.0 0   357.1 0   306.6 0   304.9 0   408.4 0   292.4 0   292.4 0     0.0 2    -0.2 0 -9999.9 1   -51.3 0 -9999.9 1 -9999.9 1 -9999.9 1 -9999.9 1   170.2 0 -9999.9 1
 1999 200  7 19  6  3  6.050 119.03    -4.6 0 -9999.9 1 -9999.9 1     2.6 0   356.7 0   306.5 0   304.9 0   408.1 0   292.4 0   292.4 0     0.0 2    -0.1 0 -9999.9 1   -51.4 0 -9999.9 1 -9999.9 1 -9999.9 1 -9999.9 1   179.4 0 -9999.9 1
 1999 200  7 19  6  6  6.100 119.02    -4.5 0 -9999.9 1 -9999.9 1     2.6 0   355.8 0   306.5 0   305.0 0   407.8 0   292.4 0   292.3 0     0.0 2    -0.1 0 -9999.9 1   -52.0 0 -9999.9 1 -9999.9 1 -9999.9 1 -9999.9 1   184.8 0 -9999.9 1
 1999 200  7 19  6  9  6.150 119.00    -4.4 0 -9999.9 1 -9999.9 1     2.5 0   355.1 0   306.6 0   305.1 0   407.6 0   292.4 0   292.3 0     0.0 2    -0.1 0 -9999.9 1   -52.5 0 -9999.9 1 -9999.9 1 -9999.9 1 -9999.9 1   186.0 0 -9999.9 1
 1999 200  7 19  6 12  6.200 118.98    -4.2 0 -9999.9 1 -9999.9 1     2.2 0   355.1 0   306.6 0   305.1 0   407.8 0   292.4 0   292.3 0     0.0 2    -0.2 0 -9999.9 1   -52.6 0 -9999.9 1 -9999.9 1 -9999.9 1 -9999.9 1   181.0 0 -9999.9 1
 1999 200  7 19  6 18  6.300 118.91    -4.2 0 -9999.9 1 -9999.9 1     1.8 0   355.1 0   306.6 0   305.2 0   406.8 0   292.3 0   292.3 0     0.0 2    -0.1 0 -9999.9 1   -51.6 0 -9999.9 1 -9999.9 1 -9999.9 1 -9999.9 1   180.7 0 -9999.9 1
 1999 200  7 19  6 21  6.350 118.86    -4.1 0 -9999.9 1 -9999.9 1     1.7 0   355.0 0   306.7 0   305.2 0   406.5 0   292.3 0   292.2 0     0.0 2    -0.1 0 -9999.9 1   -51.5 0 -9999.9 1 -9999.9 1 -9999.9 1 -9999.9 1   177.2 0 -9999.9 1
 1999 200  7 19  6 24  6.400 118.80    -4.0 0 -9999.9 1 -9999.9 1     1.3 0   355.2 0   306.7 0   305.2 0   406.6 0   292.3 0   292.2 0     0.0 2    -0.1 0 -9999.9 1   -51.5 0 -9999.9 1 -9999.9 1 -9999.9 1 -9999.9 1   174.0 0 -9999.9 1
 1999 200  7 19  6 27  6.450 118.74    -4.0 0 -9999.9 1 -9999.9 1     1.5 0   355.1 0   306.7 0   305.3 0   406.4 0   292.3 0   292.2 0     0.0 2    -0.1 0 -9999.9 1   -51.3 0 -9999.9 1 -9999.9 1 -9999.9 1 -9999.9 1   178.0 0 -9999.9 1
 1999 200  7 19  6 33  6.550 118.59    -3.9 0 -9999.9 1 -9999.9 1     1.4 0   355.4 0   306.8 0   305.4 0   406.2 0   292.2 0   292.1 0     0.0 2    -0.1 0 -9999.9 1   -50.8 0 -9999.9 1 -9999.9 1 -9999.9 1 -9999.9 1   180.9 0 -9999.9 1
 1999 200  7 19  6 36  6.600 118.50    -3.9 0 -9999.9 1 -9999.9 1     1.1 0   355.0 0   306.8 0   305.4 0   406.0 0   292.1 0   292.1 0     0.0 2    -0.1 0 -9999.9 1   -51.0 0 -9999.9 1 -9999.9 1 -9999.9 1 -9999.9 1   181.6 0 -9999.9 1
 1999 200  7 19  6 39  6.650 118.40    -3.7 0 -9999.9 1 -9999.9 1     0.9 0   354.8 0   306.9 0   305.4 0   406.0 0   292.1 0   292.1 0     0.0 2    -0.1 0 -9999.9 1   -51.2 0 -9999.9 1 -9999.9 1 -9999.9 1 -9999.9 1   179.9 0 -9999.9 1
 1999 200  7 19  6 42  6.700 118.30    -3.8 0 -9999.9 1 -9999.9 1     1.0 0   355.5 0   306.9 0   305.4 0   406.3 0   292.1 0   292.0 0     0.0 2    -0.1 0 -9999.9 1   -50.9 0 -9999.9 1 -9999.9 1 -9999.9 1 -9999.9 1   183.4 0 -9999.9 1
 1999 200  7 19  6 48  6.800 118.07    -3.8 0 -9999.9 1 -9999.9 1     0.9 0   355.3 0   307.0 0   305.6 0   406.3 0   292.1 0   292.0 0     0.0 2    -0.2 0 -9999.9 1   -51.0 0 -9999.9 1 -9999.9 1 -9999.9 1 -9999.9 1   189.5 0 -9999.9 1
 1999 200  7 19  6 51  6.850 117.94    -3.8 0 -9999.9 1 -9999.9 1     1.0 0   355.1 0   307.0 0   305.7 0   406.5 0   292.1 0   292.0 0     0.0 2    -0.2 0 -9999.9 1   -51.4 0 -9999.9 1 -9999.9 1 -9999.9 1 -9999.9 1   189.3 0 -9999.9 1
 1999 200  7 19  6 54  6.900 117.81    -3.8 0 -9999.9 1 -9999.9 1     1.1 0   355.0 0   307.0 0   305.6 0   406.1 0   292.1 0   292.0 0     0.0 2    -0.1 0 -9999.9 1   -51.1 0 -9999.9 1 -9999.9 1 -9999.9 1 -9999.9 1   186.4 0 -9999.9 1
 1999 200  7 19  6 57  6.950 117.67    -3.8 0 -9999.9 1 -9999.9 1     1.0 0   354.3 0   307.0 0   305.7 0   405.6 0   292.0 0   291.9 0     0.0 2    -0.1 0 -9999.9 1   -51.3 0 -9999.9 1 -9999.9 1 -9999.9 1 -9999.9 1   187.7 0 -9999.9 1
 1999 200  7 19  7  3  7.050 117.36    -3.6 0 -9999.9 1 -9999.9 1     0.7 0   354.3 0   307.1 0   305.7 0   405.4 0   291.9 0   291.9 0     0.0 2    -0.2 0 -9999.9 1   -51.1 0 -9999.9 1 -9999.9 1 -9999.9 1 -9999.9 1   184.5 0 -9999.9 1
 1999 200  7 19  7  6  7.100 117.20    -3.7 0 -9999.9 1 -9999.9 1     0.5 0   356.0 0   307.2 0   305.7 0   405.6 0   291.9 0   291.9 0     0.0 2    -0.1 0 -9999.9 1   -49.6 0 -9999.9 1 -9999.9 1 -9999.9 1 -9999.9 1   182.5 0 -9999.9 1
 1999 200  7 19  7  9  7.150 117.02    -3.7 0 -9999.9 1 -9999.9 1     0.3 0   355.3 0   307.2 0   305.9 0   405.0 0   291.9 0   291.8 0     0.0 2    -0.1 0 -9999.9 1   -49.7 0 -9999.9 1 -9999.9 1 -9999.9 1 -9999.9 1   179.8 0 -9999.9 1
 1999 200  7 19  7 12  7.200 116.85    -3.5 0 -9999.9 1 -9999.9 1     0.0 0   354.7 0   307.2 0   305.9 0   404.8 0   291.9 0   291.8 0     0.0 2    -0.1 0 -9999.9 1   -50.1 0 -9999.9 1 -9999.9 1 -9999.9 1 -9999.9 1   181.6 0 -9999.9 1
 1999 200  7 19  7 18  7.300 116.47    -3.4 0 -9999.9 1 -9999.9 1    -0.2 0   354.4 0   307.2 0   306.0 0   404.2 0   291.8 0   291.7 0     0.0 2    -0.2 0 -9999.9 1   -49.8 0 -9999.9 1 -9999.9 1 -9999.9 1 -9999.9 1   181.7 0 -9999.9 1
 1999 200  7 19  7 21  7.350 116.27    -3.4 0 -9999.9 1 -9999.9 1    -0.2 0   354.1 0   307.3 0   306.1 0   403.8 0   291.7 0   291.7 0     0.0 2    -0.1 0 -9999.9 1   -49.7 0 -9999.9 1 -9999.9 1 -9999.9 1 -9999.9 1   186.9 0 -9999.9 1
 1999 200  7 19  7 24  7.400 116.06    -3.4 0 -9999.9 1 -9999.9 1    -0.4 0   353.5 0   307.3 0   306.4 0   403.4 0   291.7 0   291.6 0     0.0 2    -0.2 0 -9999.9 1   -49.9 0 -9999.9 1 -9999.9 1 -9999.9 1 -9999.9 1   194.3 0 -9999.9 1
 1999 200  7 19  7 27  7.450 115.84    -3.2 0 -9999.9 1 -9999.9 1    -0.4 0   353.2 0   307.4 0   306.4 0   403.1 0   291.7 0   291.6 0     0.0 2    -0.2 0 -9999.9 1   -49.9 0 -9999.9 1 -9999.9 1 -9999.9 1 -9999.9 1   192.9 0 -9999.9 1
 1999 200  7 19  7 33  7.550 115.40    -3.4 0 -9999.9 1 -9999.9 1    -0.6 0   354.0 0   307.5 0   306.4 0   403.1 0   291.6 0   291.5 0     0.0 2    -0.1 0 -9999.9 1   -49.2 0 -9999.9 1 -9999.9 1 -9999.9 1 -9999.9 1   197.2 0 -9999.9 1
 1999 200  7 19  7 36  7.600 115.16    -3.4 0 -9999.9 1 -9999.9 1    -0.7 0   355.3 0   307.6 0   306.6 0   403.1 0   291.6 0   291.5 0     0.0 2    -0.1 0 -9999.9 1   -47.9 0 -9999.9 1 -9999.9 1 -9999.9 1 -9999.9 1   201.5 0 -9999.9 1
 1999 200  7 19  7 39  7.650 114.92    -3.3 0 -9999.9 1 -9999.9 1    -0.8 0   356.3 0   307.7 0   306.5 0   403.2 0   291.5 0   291.5 0     0.0 2    -0.2 0 -9999.9 1   -47.0 0 -9999.9 1 -9999.9 1 -9999.9 1 -9999.9 1   190.8 0 -9999.9 1
 1999 200  7 19  7 42  7.700 114.67    -3.2 0 -9999.9 1 -9999.9 1    -0.8 0   356.1 0   307.7 0   306.8 0   403.0 0   291.5 0   291.4 0     0.0 2    -0.1 0 -9999.9 1   -46.8 0 -9999.9 1 -9999.9 1 -9999.9 1 -9999.9 1   199.5 0 -9999.9 1
 1999 200  7 19  7 48  7.800 114.16    -3.1 0 -9999.9 1 -9999.9 1    -0.7 0   357.4 0   307.9 0   307.0 0   403.1 0   291.5 0   291.4 0     0.0 2    -0.2 0 -9999.9 1   -45.7 0 -9999.9 1 -9999.9 1 -9999.9 1 -9999.9 1   191.6 0 -9999.9 1
 1999 200  7 19  7 51  7.850 113.89    -3.2 0 -9999.9 1 -9999.9 1    -0.7 0   355.6 0   308.0 0   307.2 0   402.6 0   291.4 0   291.4 0     0.0 2    -0.2 0 -9999.9 1   -47.0 0 -9999.9 1 -9999.9 1 -9999.9 1 -9999.9 1   195.6 0 -9999.9 1
 1999 200  7 19  7 54  7.900 113.62    -3.2 0 -9999.9 1 -9999.9 1    -0.6 0   356.4 0   308.1 0   306.9 0   403.0 0   291.4 0   291.3 0     0.0 2    -0.1 0 -9999.9 1   -46.6 0 -9999.9 1 -9999.9 1 -9999.9 1 -9999.9 1   184.2 0 -9999.9 1
 1999 200  7 19  7 57  7.950 113.34    -3.3 0 -9999.9 1 -9999.9 1    -0.9 0   357.0 0   308.2 0   306.7 0   403.3 0   291.4 0   291.3 0     0.0 2    -0.2 0 -9999.9 1   -46.3 0 -9999.9 1 -9999.9 1 -9999.9 1 -9999.9 1   180.5 0 -9999.9 1
 1999 200  7 19  8  3  8.050 112.76    -3.6 0 -9999.9 1 -9999.9 1    -0.9 0   357.2 0   308.2 0   306.5 0   404.5 0   291.4 0   291.4 0     0.0 2    -0.1 0 -9999.9 1   -47.4 0 -9999.9 1 -9999.9 1 -9999.9 1 -9999.9 1   178.1 0 -9999.9 1
 1999 200  7 19  8  6  8.100 112.47    -3.8 0 -9999.9 1 -9999.9 1    -0.8 0   356.4 0   308.2 0   306.6 0   405.3 0   291.4 0   291.4 0     0.0 2    -0.1 0 -9999.9 1   -48.9 0 -9999.9 1 -9999.9 1 -9999.9 1 -9999.9 1   180.9 0 -9999.9 1
 1999 200  7 19  8  9  8.150 112.16    -3.8 0 -9999.9 1 -9999.9 1    -0.7 0   355.5 0   308.2 0   306.7 0   405.3 0   291.4 0   291.3 0     0.0 2    -0.1 0 -9999.9 1   -49.7 0 -9999.9 1 -9999.9 1 -9999.9 1 -9999.9 1   179.6 0 -9999.9 1
 1999 200  7 19  8 12  8.200 111.85    -3.7 0 -9999.9 1 -9999.9 1    -0.7 0   353.6 0   308.2 0   306.9 0   404.9 0   291.4 0   291.3 0     0.0 2    -0.2 0 -9999.9 1   -51.3 0 -9999.9 1 -9999.9 1 -9999.9 1 -9999.9 1   182.2 0 -9999.9 1
 1999 200  7 19  8 18  8.300 111.22    -3.7 0 -9999.9 1 -9999.9 1    -0.2 0   354.1 0   308.2 0   306.8 0   405.3 0   291.4 0   291.3 0     0.0 2    -0.1 0 -9999.9 1   -51.2 0 -9999.9 1 -9999.9 1 -9999.9 1 -9999.9 1   191.5 0 -9999.9 1
 1999 200  7 19  8 21  8.350 110.89    -3.6 0 -9999.9 1 -9999.9 1    -0.4 0   353.0 0   308.2 0   307.0 0   404.9 0   291.3 0   291.3 0     0.0 2    -0.2 0 -9999.9 1   -51.9 0 -9999.9 1 -9999.9 1 -9999.9 1 -9999.9 1   194.0 0 -9999.9 1
 1999 200  7 19  8 24  8.400 110.56    -3.7 0 -9999.9 1 -9999.9 1    -0.1 0   353.9 0   308.3 0   306.8 0   405.6 0   291.4 0   291.3 0     0.0 2    -0.1 0 -9999.9 1   -51.7 0 -9999.9 1 -9999.9 1 -9999.9 1 -9999.9 1   191.1 0 -9999.9 1
 1999 200  7 19  8 27  8.450 110.22    -3.7 0 -9999.9 1 -9999.9 1    -0.4 0   353.9 0   308.3 0   307.0 0   405.7 0   291.4 0   291.3 0     0.0 2    -0.1 0 -9999.9 1   -51.8 0 -9999.9 1 -9999.9 1 -9999.9 1 -9999.9 1   195.8 0 -9999.9 1
 1999 200  7 19  8 33  8.550 109.54    -3.9 0 -9999.9 1 -9999.9 1     0.3 0   353.3 0   308.3 0   306.8 0   406.5 0   291.4 0   291.4 0     0.0 2    -0.1 0 -9999.9 1   -53.3 0 -9999.9 1 -9999.9 1 -9999.9 1 -9999.9 1   198.6 0 -9999.9 1
 1999 200  7 19  8 36  8.600 109.18    -3.9 0 -9999.9 1 -9999.9 1     0.7 0   353.5 0   308.3 0   306.8 0   406.9 0   291.4 0   291.4 0     0.0 2    -0.1 0 -9999.9 1   -53.4 0 -9999.9 1 -9999.9 1 -9999.9 1 -9999.9 1   201.2 0 -9999.9 1
 1999 200  7 19  8 39  8.650 108.83    -3.9 0 -9999.9 1 -9999.9 1     0.6 0   353.0 0   308.4 0   307.0 0   406.9 0   291.5 0   291.5 0     0.0 2    -0.1 0 -9999.9 1   -53.9 0 -9999.9 1 -9999.9 1 -9999.9 1 -9999.9 1   202.9 0 -9999.9 1
 1999 200  7 19  8 42  8.700 108.46    -3.9 0 -9999.9 1 -9999.9 1     0.4 0   351.7 0   308.4 0   307.0 0   406.6 0   291.5 0   291.5 0     0.0 2    -0.1 0 -9999.9 1   -54.9 0 -9999.9 1 -9999.9 1 -9999.9 1 -9999.9 1   198.6 0 -9999.9 1
 1999 200  7 19  8 48  8.800 107.73    -3.7 0 -9999.9 1 -9999.9 1    -0.2 0   347.8 0   308.4 0   307.2 0   405.2 0   291.5 0   291.4 0     0.0 2    -0.1 0 -9999.9 1   -57.4 0 -9999.9 1 -9999.9 1 -9999.9 1 -9999.9 1   201.9 0 -9999.9 1
 1999 200  7 19  8 51  8.850 107.35    -3.7 0 -9999.9 1 -9999.9 1     0.0 0   348.1 0   308.4 0   307.2 0   405.0 0   291.5 0   291.5 0     0.0 2    -0.1 0 -9999.9 1   -57.0 0 -9999.9 1 -9999.9 1 -9999.9 1 -9999.9 1   207.1 0 -9999.9 1
 1999 200  7 19  8 54  8.900 106.97    -3.7 0 -9999.9 1 -9999.9 1    -0.2 0   347.4 0   308.4 0   307.2 0   404.6 0   291.5 0   291.4 0     0.0 2    -0.1 0 -9999.9 1   -57.2 0 -9999.9 1 -9999.9 1 -9999.9 1 -9999.9 1   209.7 0 -9999.9 1
 1999 200  7 19  8 57  8.950 106.58    -3.6 0 -9999.9 1 -9999.9 1    -0.3 0   345.5 0   308.4 0   307.2 0   404.3 0   291.5 0   291.4 0     0.0 2    -0.1 0 -9999.9 1   -58.8 0 -9999.9 1 -9999.9 1 -9999.9 1 -9999.9 1   208.7 0 -9999.9 1
 1999 200  7 19  9  3  9.050 105.80    -3.6 0 -9999.9 1 -9999.9 1    -0.2 0   346.0 0   308.5 0   307.1 0   405.1 0   291.5 0   291.5 0     0.0 2    -0.1 0 -9999.9 1   -59.1 0 -9999.9 1 -9999.9 1 -9999.9 1 -9999.9 1   202.8 0 -9999.9 1
 1999 200  7 19  9  6  9.100 105.40    -3.7 0 -9999.9 1 -9999.9 1     0.1 0   346.4 0   308.6 0   307.1 0   405.7 0   291.6 0   291.5 0     0.0 2    -0.2 0 -9999.9 1   -59.2 0 -9999.9 1 -9999.9 1 -9999.9 1 -9999.9 1   202.1 0 -9999.9 1
 1999 200  7 19  9  9  9.150 104.99    -3.9 0 -9999.9 1 -9999.9 1     0.3 0   346.1 0   308.6 0   307.1 0   406.2 0   291.6 0   291.5 0     0.0 2    -0.2 0 -9999.9 1   -60.1 0 -9999.9 1 -9999.9 1 -9999.9 1 -9999.9 1   205.0 0 -9999.9 1
 1999 200  7 19  9 12  9.200 104.59    -3.9 0 -9999.9 1 -9999.9 1     0.9 0   345.4 0   308.5 0   306.9 0   406.6 0   291.6 0   291.5 0     0.0 2    -0.1 0 -9999.9 1   -61.2 0 -9999.9 1 -9999.9 1 -9999.9 1 -9999.9 1   205.1 0 -9999.9 1
 1999 200  7 19  9 18  9.300 103.76    -4.3 0 -9999.9 1 -9999.9 1     1.3 0   345.8 0   308.5 0   306.8 0   407.5 0   291.5 0   291.5 0     0.0 2    -0.1 0 -9999.9 1   -61.8 0 -9999.9 1 -9999.9 1 -9999.9 1 -9999.9 1   200.7 0 -9999.9 1
 1999 200  7 19  9 21  9.350 103.34    -4.3 0 -9999.9 1 -9999.9 1     1.5 0   345.6 0   308.5 0   306.8 0   407.6 0   291.5 0   291.5 0     0.0 2    -0.1 0 -9999.9 1   -62.0 0 -9999.9 1 -9999.9 1 -9999.9 1 -9999.9 1   202.1 0 -9999.9 1
 1999 200  7 19  9 24  9.400 102.92    -4.3 0 -9999.9 1 -9999.9 1     1.7 0   345.6 0   308.4 0   306.8 0   407.8 0   291.5 0   291.5 0     0.0 2    -0.1 0 -9999.9 1   -62.2 0 -9999.9 1 -9999.9 1 -9999.9 1 -9999.9 1   204.2 0 -9999.9 1
 1999 200  7 19  9 27  9.450 102.49    -4.3 0 -9999.9 1 -9999.9 1     2.0 0   346.5 0   308.4 0   306.9 0   408.0 0   291.6 0   291.6 0     0.0 2     0.0 0 -9999.9 1   -61.5 0 -9999.9 1 -9999.9 1 -9999.9 1 -9999.9 1   206.0 0 -9999.9 1
 1999 200  7 19  9 33  9.550 101.62    -4.4 0 -9999.9 1 -9999.9 1     2.2 0   347.4 0   308.4 0   306.8 0   408.8 0   291.7 0   291.7 0     0.0 2    -0.1 0 -9999.9 1   -61.4 0 -9999.9 1 -9999.9 1 -9999.9 1 -9999.9 1   204.1 0 -9999.9 1
 1999 200  7 19  9 36  9.600 101.19    -4.4 0 -9999.9 1 -9999.9 1     2.4 0   348.2 0   308.4 0   306.8 0   409.3 0   291.8 0   291.7 0     0.0 2    -0.1 0 -9999.9 1   -61.1 0 -9999.9 1 -9999.9 1 -9999.9 1 -9999.9 1   207.1 0 -9999.9 1
 1999 200  7 19  9 39  9.650 100.74    -4.5 0 -9999.9 1 -9999.9 1     2.6 0   348.9 0   308.3 0   306.7 0   409.5 0   291.8 0   291.7 0     0.0 2    -0.1 0 -9999.9 1   -60.7 0 -9999.9 1 -9999.9 1 -9999.9 1 -9999.9 1   209.1 0 -9999.9 1
 1999 200  7 19  9 42  9.700 100.30    -4.4 0 -9999.9 1 -9999.9 1     2.3 0   348.7 0   308.3 0   306.8 0   409.2 0   291.8 0   291.7 0     0.0 2    -0.1 0 -9999.9 1   -60.5 0 -9999.9 1 -9999.9 1 -9999.9 1 -9999.9 1   208.4 0 -9999.9 1
 1999 200  7 19  9 48  9.800  99.40    -4.3 0 -9999.9 1 -9999.9 1     2.3 0   349.8 0   308.2 0   306.7 0   409.3 0   291.8 0   291.8 0     0.0 2    -0.1 0 -9999.9 1   -59.5 0 -9999.9 1 -9999.9 1 -9999.9 1 -9999.9 1   211.1 0 -9999.9 1
 1999 200  7 19  9 51  9.850  98.94    -4.2 0 -9999.9 1 -9999.9 1     2.2 0   350.2 0   308.2 0   306.8 0   409.2 0   291.9 0   291.8 0     0.0 2    -0.1 0 -9999.9 1   -59.0 0 -9999.9 1 -9999.9 1 -9999.9 1 -9999.9 1   209.6 0 -9999.9 1
 1999 200  7 19  9 54  9.900  98.48    -4.2 0 -9999.9 1 -9999.9 1     2.1 0   351.2 0   308.2 0   306.7 0   409.0 0   291.9 0   291.8 0     0.0 2    -0.1 0 -9999.9 1   -57.8 0 -9999.9 1 -9999.9 1 -9999.9 1 -9999.9 1   209.8 0 -9999.9 1
 1999 200  7 19  9 57  9.950  98.02    -4.1 0 -9999.9 1 -9999.9 1     2.1 0   351.3 0   308.1 0   306.7 0   409.0 0   291.8 0   291.8 0     0.0 2    -0.1 0 -9999.9 1   -57.6 0 -9999.9 1 -9999.9 1 -9999.9 1 -9999.9 1   208.2 0 -9999.9 1
 1999 200  7 19 10  3 10.050  97.09    -4.2 0 -9999.9 1 -9999.9 1     2.4 0   352.1 0   308.1 0   306.6 0   409.4 0   291.9 0   291.8 0     0.0 2    -0.2 0 -9999.9 1   -57.3 0 -9999.9 1 -9999.9 1 -9999.9 1 -9999.9 1   205.0 0 -9999.9 1
 1999 200  7 19 10  6 10.100  96.61    -4.1 0 -9999.9 1 -9999.9 1     2.0 0   351.6 0   308.1 0   306.6 0   409.3 0   291.9 0   291.8 0     0.0 2    -0.1 0 -9999.9 1   -57.6 0 -9999.9 1 -9999.9 1 -9999.9 1 -9999.9 1   207.6 0 -9999.9 1
 1999 200  7 19 10  9 10.150  96.14    -4.2 0 -9999.9 1 -9999.9 1     2.5 0   351.8 0   308.0 0   306.5 0   409.3 0   291.8 0   291.8 0     0.0 2    -0.1 0 -9999.9 1   -57.5 0 -9999.9 1 -9999.9 1 -9999.9 1 -9999.9 1   206.5 0 -9999.9 1
 1999 200  7 19 10 12 10.200  95.66    -4.1 0 -9999.9 1 -9999.9 1     2.4 0   352.0 0   308.1 0   306.5 0   409.6 0   291.9 0   291.8 0     0.0 2    -0.1 0 -9999.9 1   -57.6 0 -9999.9 1 -9999.9 1 -9999.9 1 -9999.9 1   210.1 0 -9999.9 1
 1999 200  7 19 10 18 10.300  94.70    -4.0 0 -9999.9 1 -9999.9 1     2.3 0   350.8 0   308.0 0   306.6 0   408.8 0   291.8 0   291.8 0     0.0 2    -0.1 0 -9999.9 1   -58.0 0 -9999.9 1 -9999.9 1 -9999.9 1 -9999.9 1   214.4 0 -9999.9 1
 1999 200  7 19 10 21 10.350  94.21    -3.9 0 -9999.9 1 -9999.9 1     2.0 0   350.0 0   307.9 0   306.6 0   408.3 0   291.8 0   291.7 0     0.0 2    -0.1 0 -9999.9 1   -58.2 0 -9999.9 1 -9999.9 1 -9999.9 1 -9999.9 1   217.4 0 -9999.9 1
 1999 200  7 19 10 24 10.400  93.73    -3.8 0 -9999.9 1 -9999.9 1     2.1 0   349.5 0   307.9 0   306.5 0   407.9 0   291.7 0   291.7 0     0.0 2     0.0 0 -9999.9 1   -58.4 0 -9999.9 1 -9999.9 1 -9999.9 1 -9999.9 1   214.4 0 -9999.9 1
 1999 200  7 19 10 27 10.450  93.24    -3.7 0 -9999.9 1 -9999.9 1     2.2 0   348.3 0   307.9 0   306.5 0   407.8 0   291.7 0   291.7 0     0.0 2     0.0 0 -9999.9 1   -59.5 0 -9999.9 1 -9999.9 1 -9999.9 1 -9999.9 1   211.1 0 -9999.9 1
 1999 200  7 19 10 33 10.550  92.25    -3.1 0 -9999.9 1 -9999.9 1     2.5 0   346.1 0   307.9 0   306.6 0   407.1 0   291.7 0   291.7 0     0.0 2     0.4 0 -9999.9 1   -61.0 0 -9999.9 1 -9999.9 1 -9999.9 1 -9999.9 1   208.4 0 -9999.9 1
 1999 200  7 19 10 36 10.600  91.75    -2.5 0 -9999.9 1 -9999.9 1     2.8 0   344.9 0   307.9 0   306.7 0   406.6 0   291.7 0   291.6 0     0.0 2     0.6 0 -9999.9 1   -61.6 0 -9999.9 1 -9999.9 1 -9999.9 1 -9999.9 1   206.3 0 -9999.9 1
 1999 200  7 19 10 39 10.650  91.25    -1.4 0 -9999.9 1 -9999.9 1     3.3 0   344.0 0   307.9 0   306.7 0   406.3 0   291.7 0   291.7 0     0.0 2     1.0 0 -9999.9 1   -62.3 0 -9999.9 1 -9999.9 1 -9999.9 1 -9999.9 1   202.5 0 -9999.9 1
 1999 200  7 19 10 42 10.700  89.98    -0.4 0 -9999.9 1 -9999.9 1     4.3 0   344.1 0   308.0 0   306.7 0   406.3 0   291.7 0   291.7 0     0.1 2     1.4 0 -9999.9 1   -62.1 0 -9999.9 1 -9999.9 1 -9999.9 1 -9999.9 1   200.2 0 -9999.9 1
 1999 200  7 19 10 48 10.800  89.22     4.7 0 -9999.9 1 -9999.9 1     8.4 0   343.4 0   308.0 0   306.9 0   406.0 0   291.7 0   291.7 0     0.3 2     3.5 0 -9999.9 1   -62.6 0 -9999.9 1 -9999.9 1 -9999.9 1 -9999.9 1   195.3 0 -9999.9 1
 1999 200  7 19 10 51 10.850  88.79     7.8 0 -9999.9 1 -9999.9 1    11.0 0   342.9 0   308.0 0   306.9 0   405.6 0   291.7 0   291.7 0     0.3 2     4.8 0 -9999.9 1   -62.7 0 -9999.9 1 -9999.9 1 -9999.9 1 -9999.9 1   192.7 0 -9999.9 1
 1999 200  7 19 10 54 10.900  88.34    11.7 0 -9999.9 1 -9999.9 1    14.7 0   343.5 0   308.1 0   307.1 0   405.6 0   291.8 0   291.7 0     0.4 2     6.7 0 -9999.9 1   -62.2 0 -9999.9 1 -9999.9 1 -9999.9 1 -9999.9 1   195.0 0 -9999.9 1
 1999 200  7 19 10 57 10.950  87.88    17.0 0 -9999.9 1 -9999.9 1    19.0 0   343.7 0   308.2 0   307.1 0   406.3 0   291.8 0   291.7 0     0.6 2     9.1 0 -9999.9 1   -62.6 0 -9999.9 1 -9999.9 1 -9999.9 1 -9999.9 1   195.1 0 -9999.9 1
 1999 200  7 19 11  3 11.050  86.92    33.1 0 -9999.9 1 -9999.9 1    34.3 0   342.4 0   308.3 0   307.2 0   407.4 0   291.7 0   291.7 0     0.8 2    15.7 0 -9999.9 1   -64.9 0 -9999.9 1 -9999.9 1 -9999.9 1 -9999.9 1   202.2 0 -9999.9 1
 1999 200  7 19 11  6 11.100  86.42    40.6 0 -9999.9 1 -9999.9 1    40.9 0   341.1 0   308.3 0   307.4 0   407.7 0   291.7 0   291.7 0     0.9 2    18.6 0 -9999.9 1   -66.6 0 -9999.9 1 -9999.9 1 -9999.9 1 -9999.9 1   203.7 0 -9999.9 1
 1999 200  7 19 11  9 11.150  85.92    46.9 0 -9999.9 1 -9999.9 1    45.8 0   340.4 0   308.4 0   307.6 0   408.5 0   291.7 0   291.7 0     1.1 2    21.1 0 -9999.9 1   -68.1 0 -9999.9 1 -9999.9 1 -9999.9 1 -9999.9 1   205.2 0 -9999.9 1
 1999 200  7 19 11 12 11.200  85.41    53.4 0 -9999.9 1 -9999.9 1    50.8 0   340.4 0   308.5 0   307.7 0   409.4 0   291.7 0   291.7 0     1.3 2    24.0 0 -9999.9 1   -68.9 0 -9999.9 1 -9999.9 1 -9999.9 1 -9999.9 1   209.0 0 -9999.9 1
 1999 200  7 19 11 18 11.300  84.39    65.8 0 -9999.9 1 -9999.9 1    60.6 0   340.3 0   308.8 0   307.9 0   411.4 0   291.8 0   291.8 0     1.8 2    29.7 0 -9999.9 1   -71.1 0 -9999.9 1 -9999.9 1 -9999.9 1 -9999.9 1   217.4 0 -9999.9 1
 1999 200  7 19 11 21 11.350  83.87    71.7 0 -9999.9 1 -9999.9 1    65.2 0   340.2 0   309.0 0   307.9 0   412.2 0   291.8 0   291.8 0     2.0 2    32.7 0 -9999.9 1   -71.9 0 -9999.9 1 -9999.9 1 -9999.9 1 -9999.9 1   213.0 0 -9999.9 1
 1999 200  7 19 11 24 11.400  83.35    77.7 0 -9999.9 1 -9999.9 1    69.9 0   340.7 0   309.1 0   308.0 0   413.0 0   291.8 0   291.8 0     2.5 2    35.7 0 -9999.9 1   -72.3 0 -9999.9 1 -9999.9 1 -9999.9 1 -9999.9 1   214.2 0 -9999.9 1
 1999 200  7 19 11 27 11.450  82.82    83.8 0 -9999.9 1 -9999.9 1    73.8 0   341.2 0   309.3 0   308.1 0   413.7 0   291.8 0   291.9 0     2.8 2    38.3 0 -9999.9 1   -72.5 0 -9999.9 1 -9999.9 1 -9999.9 1 -9999.9 1   210.2 0 -9999.9 1
 1999 200  7 19 11 33 11.550  81.76    83.0 0 -9999.9 1 -9999.9 1    76.2 0   342.9 0   309.6 0   308.2 0   415.0 0   292.0 0   292.0 0     3.5 2    40.5 0 -9999.9 1   -72.0 0 -9999.9 1 -9999.9 1 -9999.9 1 -9999.9 1   215.0 0 -9999.9 1
 1999 200  7 19 11 36 11.600  81.23    85.9 0 -9999.9 1 -9999.9 1    78.2 0   342.5 0   309.7 0   308.2 0   415.2 0   292.0 0   292.1 0     4.0 2    42.1 0 -9999.9 1   -72.7 0 -9999.9 1 -9999.9 1 -9999.9 1 -9999.9 1   221.1 0 -9999.9 1
 1999 200  7 19 11 39 11.650  80.70    95.8 0 -9999.9 1 -9999.9 1    84.5 0   342.5 0   309.8 0   308.3 0   415.6 0   292.1 0   292.1 0     4.4 2    46.3 0 -9999.9 1   -73.2 0 -9999.9 1 -9999.9 1 -9999.9 1 -9999.9 1   223.8 0 -9999.9 1
 1999 200  7 19 11 42 11.700  80.16   102.8 0 -9999.9 1 -9999.9 1    87.4 0   342.0 0   309.9 0   308.6 0   416.4 0   292.2 0   292.2 0     4.7 2    48.4 0 -9999.9 1   -74.4 0 -9999.9 1 -9999.9 1 -9999.9 1 -9999.9 1   220.7 0 -9999.9 1
 1999 200  7 19 11 48 11.800  79.08   104.2 0 -9999.9 1 -9999.9 1    85.8 0   341.5 0   310.2 0   308.8 0   417.3 0   292.3 0   292.4 0     5.5 2    49.2 0 -9999.9 1   -75.8 0 -9999.9 1 -9999.9 1 -9999.9 1 -9999.9 1   216.1 0 -9999.9 1
 1999 200  7 19 11 51 11.850  78.54   100.1 0 -9999.9 1 -9999.9 1    83.8 0   341.8 0   310.3 0   308.9 0   417.7 0   292.4 0   292.5 0     5.9 2    48.6 0 -9999.9 1   -75.8 0 -9999.9 1 -9999.9 1 -9999.9 1 -9999.9 1   219.6 0 -9999.9 1
 1999 200  7 19 11 54 11.900  78.00   108.8 0 -9999.9 1 -9999.9 1    88.6 0   341.8 0   310.4 0   309.0 0   418.2 0   292.5 0   292.6 0     6.5 2    52.4 0 -9999.9 1   -76.4 0 -9999.9 1 -9999.9 1 -9999.9 1 -9999.9 1   222.9 0 -9999.9 1
 1999 200  7 19 11 57 11.950  77.45   123.2 0 -9999.9 1 -9999.9 1    96.0 0   341.5 0   310.5 0   309.3 0   419.4 0   292.6 0   292.7 0     7.1 2    57.8 0 -9999.9 1   -77.9 0 -9999.9 1 -9999.9 1 -9999.9 1 -9999.9 1   224.1 0 -9999.9 1
 1999 200  7 19 12  3 12.050  76.36   137.7 0 -9999.9 1 -9999.9 1   103.4 0   342.0 0   310.8 0   309.5 0   421.3 0   292.9 0   292.9 0     8.3 2    64.0 0 -9999.9 1   -79.2 0 -9999.9 1 -9999.9 1 -9999.9 1 -9999.9 1   220.8 0 -9999.9 1
 1999 200  7 19 12  6 12.100  75.81   149.4 0 -9999.9 1 -9999.9 1   109.1 0   341.2 0   310.9 0   309.5 0   421.9 0   292.9 0   293.0 0     8.8 2    68.8 0 -9999.9 1   -80.7 0 -9999.9 1 -9999.9 1 -9999.9 1 -9999.9 1   220.2 0 -9999.9 1
 1999 200  7 19 12  9 12.150  75.26   153.5 0 -9999.9 1 -9999.9 1   111.2 0   341.8 0   311.1 0   309.7 0   422.5 0   293.1 0   293.1 0     9.3 2    70.8 0 -9999.9 1   -80.7 0 -9999.9 1 -9999.9 1 -9999.9 1 -9999.9 1   219.2 0 -9999.9 1
 1999 200  7 19 12 12 12.200  74.70   159.7 0 -9999.9 1 -9999.9 1   115.6 0   341.8 0   311.2 0   309.9 0   423.2 0   293.2 0   293.2 0    10.3 2    74.1 0 -9999.9 1   -81.4 0 -9999.9 1 -9999.9 1 -9999.9 1 -9999.9 1   222.2 0 -9999.9 1
 1999 200  7 19 12 18 12.300  73.59   176.7 0 -9999.9 1 -9999.9 1   123.8 0   342.0 0   311.5 0   310.1 0   425.0 0   293.4 0   293.5 0    11.8 2    81.2 0 -9999.9 1   -83.0 0 -9999.9 1 -9999.9 1 -9999.9 1 -9999.9 1   233.6 0 -9999.9 1
 1999 200  7 19 12 21 12.350  73.04   186.1 0 -9999.9 1 -9999.9 1   125.3 0   343.4 0   311.7 0   310.1 0   425.2 0   293.5 0   293.6 0    12.4 2    84.4 0 -9999.9 1   -81.8 0 -9999.9 1 -9999.9 1 -9999.9 1 -9999.9 1   235.7 0 -9999.9 1
 1999 200  7 19 12 24 12.400  72.48   178.5 0 -9999.9 1 -9999.9 1   122.1 0   343.7 0   311.8 0   310.2 0   425.2 0   293.7 0   293.8 0    13.4 2    82.2 0 -9999.9 1   -81.4 0 -9999.9 1 -9999.9 1 -9999.9 1 -9999.9 1   239.9 0 -9999.9 1
 1999 200  7 19 12 27 12.450  71.92   182.4 0 -9999.9 1 -9999.9 1   124.9 0   343.3 0   312.0 0   310.4 0   425.9 0   293.8 0   293.9 0    14.1 2    85.3 0 -9999.9 1   -82.6 0 -9999.9 1 -9999.9 1 -9999.9 1 -9999.9 1   237.5 0 -9999.9 1
 1999 200  7 19 12 33 12.550  70.80   232.9 0 -9999.9 1 -9999.9 1   140.9 0   339.9 0   312.1 0   310.6 0   428.8 0   294.0 0   294.1 0    16.1 2   105.9 0 -9999.9 1   -88.9 0 -9999.9 1 -9999.9 1 -9999.9 1 -9999.9 1   237.8 0 -9999.9 1
 1999 200  7 19 12 36 12.600  70.24   238.8 0 -9999.9 1 -9999.9 1   141.1 0   338.1 0   312.2 0   310.8 0   429.5 0   294.2 0   294.3 0    17.2 2   109.6 0 -9999.9 1   -91.4 0 -9999.9 1 -9999.9 1 -9999.9 1 -9999.9 1   230.2 0 -9999.9 1
 1999 200  7 19 12 39 12.650  69.68   239.3 0 -9999.9 1 -9999.9 1   141.3 0   340.3 0   312.4 0   310.7 0   429.7 0   294.3 0   294.5 0    18.0 2   110.9 0 -9999.9 1   -89.5 0 -9999.9 1 -9999.9 1 -9999.9 1 -9999.9 1   241.9 0 -9999.9 1
 1999 200  7 19 12 42 12.700  69.12   241.7 0 -9999.9 1 -9999.9 1   141.6 0   340.9 0   312.5 0   310.7 0   429.9 0   294.5 0   294.6 0    19.0 2   113.1 0 -9999.9 1   -89.0 0 -9999.9 1 -9999.9 1 -9999.9 1 -9999.9 1   236.9 0 -9999.9 1
 1999 200  7 19 12 48 12.800  67.99   296.6 0 -9999.9 1 -9999.9 1   154.4 0   341.5 0   312.7 0   310.9 0   432.2 0   294.8 0   295.0 0    21.9 2   136.9 0 -9999.9 1   -90.7 0 -9999.9 1 -9999.9 1 -9999.9 1 -9999.9 1   240.1 0 -9999.9 1
 1999 200  7 19 12 51 12.850  67.42   307.8 0 -9999.9 1 -9999.9 1   155.3 0   340.3 0   312.7 0   311.0 0   432.8 0   294.9 0   295.1 0    23.4 2   141.3 0 -9999.9 1   -92.5 0 -9999.9 1 -9999.9 1 -9999.9 1 -9999.9 1   239.2 0 -9999.9 1
 1999 200  7 19 12 54 12.900  66.86   303.5 0 -9999.9 1 -9999.9 1   152.6 0   340.1 0   312.9 0   311.3 0   433.5 0   295.1 0   295.3 0    24.3 2   141.0 0 -9999.9 1   -93.4 0 -9999.9 1 -9999.9 1 -9999.9 1 -9999.9 1   239.4 0 -9999.9 1
 1999 200  7 19 12 57 12.950  66.29   325.9 0 -9999.9 1 -9999.9 1   157.4 0   338.9 0   313.0 0   311.4 0   435.0 0   295.2 0   295.4 0    25.2 2   150.6 0 -9999.9 1   -96.1 0 -9999.9 1 -9999.9 1 -9999.9 1 -9999.9 1   238.8 0 -9999.9 1
 1999 200  7 19 13  3 13.050  65.15   366.9 0 -9999.9 1 -9999.9 1   164.8 0   342.3 0   313.2 0   311.6 0   437.0 0   295.6 0   295.8 0    28.8 2   169.1 0 -9999.9 1   -94.7 0 -9999.9 1 -9999.9 1 -9999.9 1 -9999.9 1   244.7 0 -9999.9 1
 1999 200  7 19 13  6 13.100  64.59   371.8 0 -9999.9 1 -9999.9 1   164.4 0   340.7 0   313.3 0   311.8 0   438.6 0   295.8 0   296.0 0    30.4 2   171.8 0 -9999.9 1   -97.9 0 -9999.9 1 -9999.9 1 -9999.9 1 -9999.9 1   257.2 0 -9999.9 1
 1999 200  7 19 13  9 13.150  64.02   385.7 0 -9999.9 1 -9999.9 1   166.2 0   342.0 0   313.5 0   311.9 0   439.1 0   296.0 0   296.2 0    32.4 2   178.1 0 -9999.9 1   -97.1 0 -9999.9 1 -9999.9 1 -9999.9 1 -9999.9 1   261.3 0 -9999.9 1
 1999 200  7 19 13 12 13.200  63.45   398.4 0 -9999.9 1 -9999.9 1   168.1 0   342.6 0   313.5 0   311.9 0   439.5 0   296.2 0   296.4 0    33.5 2   183.8 0 -9999.9 1   -96.8 0 -9999.9 1 -9999.9 1 -9999.9 1 -9999.9 1   255.3 0 -9999.9 1
 1999 200  7 19 13 18 13.300  62.30   411.2 0 -9999.9 1 -9999.9 1   166.7 0   340.6 0   313.7 0   312.2 0   441.4 0   296.4 0   296.7 0    37.6 2   190.2 0 -9999.9 1  -100.9 0 -9999.9 1 -9999.9 1 -9999.9 1 -9999.9 1   258.0 0 -9999.9 1
 1999 200  7 19 13 21 13.350  61.73   440.8 0 -9999.9 1 -9999.9 1   168.7 0   339.9 0   313.8 0   312.3 0   441.5 0   296.6 0   296.8 0    40.2 2   203.6 0 -9999.9 1  -101.5 0 -9999.9 1 -9999.9 1 -9999.9 1 -9999.9 1   263.1 0 -9999.9 1
 1999 200  7 19 13 24 13.400  61.16   437.4 0 -9999.9 1 -9999.9 1   163.4 0   338.3 0   314.0 0   312.5 0   444.0 0   296.8 0   297.0 0    40.8 2   202.5 0 -9999.9 1  -105.7 0 -9999.9 1 -9999.9 1 -9999.9 1 -9999.9 1   265.8 0 -9999.9 1
 1999 200  7 19 13 27 13.450  60.59   444.9 0 -9999.9 1 -9999.9 1   164.2 0   339.4 0   314.1 0   312.7 0   443.5 0   296.9 0   297.2 0    43.1 2   206.9 0 -9999.9 1  -104.1 0 -9999.9 1 -9999.9 1 -9999.9 1 -9999.9 1   269.3 0 -9999.9 1
 1999 200  7 19 13 33 13.550  59.44   478.1 0 -9999.9 1 -9999.9 1   174.6 0   339.2 0   314.4 0   312.9 0   445.7 0   297.1 0   297.4 0    47.8 2   221.8 0 -9999.9 1  -106.5 0 -9999.9 1 -9999.9 1 -9999.9 1 -9999.9 1   259.8 0 -9999.9 1
 1999 200  7 19 13 36 13.600  58.87   489.2 0 -9999.9 1 -9999.9 1   177.6 0   340.7 0   314.5 0   312.8 0   444.4 0   297.3 0   297.5 0    50.0 2   227.5 0 -9999.9 1  -103.7 0 -9999.9 1 -9999.9 1 -9999.9 1 -9999.9 1   263.0 0 -9999.9 1
 1999 200  7 19 13 39 13.650  58.30   504.4 0 -9999.9 1 -9999.9 1   184.3 0   341.0 0   314.6 0   313.1 0   445.9 0   297.4 0   297.6 0    51.5 2   233.7 0 -9999.9 1  -104.8 0 -9999.9 1 -9999.9 1 -9999.9 1 -9999.9 1   257.2 0 -9999.9 1
 1999 200  7 19 13 42 13.700  57.73   515.6 0 -9999.9 1 -9999.9 1   188.8 0   341.4 0   314.8 0   313.3 0   447.0 0   297.5 0   297.8 0    53.5 2   238.3 0 -9999.9 1  -105.6 0 -9999.9 1 -9999.9 1 -9999.9 1 -9999.9 1   261.9 0 -9999.9 1
 1999 200  7 19 13 48 13.800  56.58   463.9 0 -9999.9 1 -9999.9 1   187.6 0   343.9 0   315.0 0   313.4 0   446.3 0   297.7 0   297.9 0    55.0 2   216.0 0 -9999.9 1  -102.3 0 -9999.9 1 -9999.9 1 -9999.9 1 -9999.9 1   277.3 0 -9999.9 1
 1999 200  7 19 13 51 13.850  56.01   477.3 0 -9999.9 1 -9999.9 1   193.6 0   343.7 0   315.1 0   313.6 0   447.8 0   297.8 0   298.0 0    56.4 2   221.4 0 -9999.9 1  -104.1 0 -9999.9 1 -9999.9 1 -9999.9 1 -9999.9 1   279.5 0 -9999.9 1
 1999 200  7 19 13 54 13.900  55.43   481.3 0 -9999.9 1 -9999.9 1   198.2 0   344.0 0   315.1 0   313.7 0   450.2 0   297.9 0   298.1 0    57.9 2   220.0 0 -9999.9 1  -106.2 0 -9999.9 1 -9999.9 1 -9999.9 1 -9999.9 1   289.1 0 -9999.9 1
 1999 200  7 19 13 57 13.950  54.86   458.9 0 -9999.9 1 -9999.9 1   197.9 0   346.4 0   315.1 0   313.4 0   448.1 0   298.0 0   298.2 0    57.7 2   212.7 0 -9999.9 1  -101.7 0 -9999.9 1 -9999.9 1 -9999.9 1 -9999.9 1   292.4 0 -9999.9 1
 1999 200  7 19 14  3 14.050  53.71   504.2 0 -9999.9 1 -9999.9 1   211.4 0   345.2 0   315.1 0   313.4 0   448.4 0   298.1 0   298.3 0    63.6 2   232.8 0 -9999.9 1  -103.3 0 -9999.9 1 -9999.9 1 -9999.9 1 -9999.9 1   277.0 0 -9999.9 1
 1999 200  7 19 14  6 14.100  53.14   534.3 0 -9999.9 1 -9999.9 1   215.7 0   345.1 0   315.1 0   313.8 0   450.9 0   298.2 0   298.4 0    67.1 2   245.9 0 -9999.9 1  -105.8 0 -9999.9 1 -9999.9 1 -9999.9 1 -9999.9 1   287.9 0 -9999.9 1
 1999 200  7 19 14  9 14.150  52.57   567.8 0 -9999.9 1 -9999.9 1   216.6 0   343.6 0   315.2 0   314.0 0   454.8 0   298.3 0   298.5 0    70.1 2   261.1 0 -9999.9 1  -111.2 0 -9999.9 1 -9999.9 1 -9999.9 1 -9999.9 1   281.0 0 -9999.9 1
 1999 200  7 19 14 12 14.200  52.00   604.2 0 -9999.9 1 -9999.9 1   215.2 0   345.4 0   315.4 0   313.8 0   455.0 0   298.5 0   298.8 0    75.9 2   278.6 0 -9999.9 1  -109.6 0 -9999.9 1 -9999.9 1 -9999.9 1 -9999.9 1   271.4 0 -9999.9 1
 1999 200  7 19 14 18 14.300  50.85   617.0 0 -9999.9 1 -9999.9 1   211.4 0   350.1 0   315.6 0   314.0 0   455.1 0   298.7 0   299.0 0    82.5 2   285.9 0 -9999.9 1  -105.0 0 -9999.9 1 -9999.9 1 -9999.9 1 -9999.9 1   293.9 0 -9999.9 1
 1999 200  7 19 14 21 14.350  50.28   644.0 0 -9999.9 1 -9999.9 1   213.6 0   349.6 0   315.7 0   314.5 0   456.9 0   298.9 0   299.2 0    85.6 2   297.1 0 -9999.9 1  -107.4 0 -9999.9 1 -9999.9 1 -9999.9 1 -9999.9 1   289.2 0 -9999.9 1
 1999 200  7 19 14 24 14.400  49.71   655.0 0 -9999.9 1 -9999.9 1   218.3 0   351.7 0   315.9 0   314.7 0   457.6 0   299.0 0   299.3 0    87.2 2   301.8 0 -9999.9 1  -105.9 0 -9999.9 1 -9999.9 1 -9999.9 1 -9999.9 1   294.4 0 -9999.9 1
 1999 200  7 19 14 27 14.450  49.14   662.5 0 -9999.9 1 -9999.9 1   225.0 0   351.0 0   316.1 0   315.0 0   460.7 0   299.2 0   299.5 0    89.7 2   305.3 0 -9999.9 1  -109.7 0 -9999.9 1 -9999.9 1 -9999.9 1 -9999.9 1   286.9 0 -9999.9 1
 1999 200  7 19 14 33 14.550  48.00   564.4 0 -9999.9 1 -9999.9 1   214.2 0   354.3 0   316.3 0   315.0 0   458.1 0   299.5 0   299.7 0    85.6 2   260.7 0 -9999.9 1  -103.9 0 -9999.9 1 -9999.9 1 -9999.9 1 -9999.9 1   289.6 0 -9999.9 1
 1999 200  7 19 14 36 14.600  47.43   590.5 0 -9999.9 1 -9999.9 1   216.1 0   355.7 0   316.4 0   315.0 0   457.6 0   299.5 0   299.8 0    88.1 2   272.2 0 -9999.9 1  -101.9 0 -9999.9 1 -9999.9 1 -9999.9 1 -9999.9 1   282.7 0 -9999.9 1
 1999 200  7 19 14 39 14.650  46.87   566.4 0 -9999.9 1 -9999.9 1   214.3 0   355.9 0   316.4 0   314.8 0   456.9 0   299.6 0   299.8 0    90.2 2   263.3 0 -9999.9 1  -101.0 0 -9999.9 1 -9999.9 1 -9999.9 1 -9999.9 1   294.4 0 -9999.9 1
 1999 200  7 19 14 42 14.700  46.30   719.5 0 -9999.9 1 -9999.9 1   240.4 0   360.0 0   316.5 0   314.9 0   460.9 0   299.7 0   299.9 0   103.1 2   330.0 0 -9999.9 1  -100.9 0 -9999.9 1 -9999.9 1 -9999.9 1 -9999.9 1   304.5 0 -9999.9 1
 1999 200  7 19 14 48 14.800  45.17   742.3 0 -9999.9 1 -9999.9 1   255.1 0   362.0 0   316.7 0   315.4 0   464.7 0   300.0 0   300.3 0   111.5 2   341.5 0 -9999.9 1  -102.7 0 -9999.9 1 -9999.9 1 -9999.9 1 -9999.9 1   285.3 0 -9999.9 1
 1999 200  7 19 14 51 14.850  44.60   737.3 0 -9999.9 1 -9999.9 1   264.7 0   362.0 0   316.9 0   315.7 0   466.9 0   300.2 0   300.5 0   112.4 2   338.2 0 -9999.9 1  -104.9 0 -9999.9 1 -9999.9 1 -9999.9 1 -9999.9 1   296.3 0 -9999.9 1
 1999 200  7 19 14 54 14.900  44.04   677.7 0 -9999.9 1 -9999.9 1   264.2 0   362.9 0   316.9 0   315.5 0   464.1 0   300.3 0   300.6 0   108.1 2   312.5 0 -9999.9 1  -101.2 0 -9999.9 1 -9999.9 1 -9999.9 1 -9999.9 1   296.7 0 -9999.9 1
 1999 200  7 19 14 57 14.950  43.48   706.8 0 -9999.9 1 -9999.9 1   283.2 0   362.2 0   317.1 0   315.9 0   466.9 0   300.4 0   300.7 0   110.0 2   324.3 0 -9999.9 1  -104.7 0 -9999.9 1 -9999.9 1 -9999.9 1 -9999.9 1   281.3 0 -9999.9 1
 1999 200  7 19 15  3 15.050  42.36   820.5 0 -9999.9 1 -9999.9 1   330.7 0   368.1 0   317.3 0   316.1 0   467.7 0   300.7 0   301.0 0   124.2 2   373.7 0 -9999.9 1   -99.6 0 -9999.9 1 -9999.9 1 -9999.9 1 -9999.9 1   293.9 0 -9999.9 1
 1999 200  7 19 15  6 15.100  41.81   814.8 0 -9999.9 1 -9999.9 1   336.1 0   366.5 0   317.5 0   316.3 0   471.0 0   300.8 0   301.2 0   121.6 2   369.1 0 -9999.9 1  -104.5 0 -9999.9 1 -9999.9 1 -9999.9 1 -9999.9 1   277.9 0 -9999.9 1
 1999 200  7 19 15  9 15.150  41.25   599.0 0 -9999.9 1 -9999.9 1   309.3 0   369.8 0   317.5 0   315.8 0   461.8 0   301.0 0   301.2 0   100.6 2   272.6 0 -9999.9 1   -91.9 0 -9999.9 1 -9999.9 1 -9999.9 1 -9999.9 1   286.0 0 -9999.9 1
 1999 200  7 19 15 12 15.200  40.70   371.1 0 -9999.9 1 -9999.9 1   275.6 0   369.2 0   317.5 0   315.6 0   456.6 0   301.0 0   301.0 0    78.6 2   169.9 0 -9999.9 1   -87.4 0 -9999.9 1 -9999.9 1 -9999.9 1 -9999.9 1   295.9 0 -9999.9 1
 1999 200  7 19 15 18 15.300  39.59   350.4 0 -9999.9 1 -9999.9 1   260.4 0   367.8 0   317.2 0   315.6 0   453.8 0   300.7 0   300.7 0    76.5 2   161.3 0 -9999.9 1   -86.0 0 -9999.9 1 -9999.9 1 -9999.9 1 -9999.9 1   295.9 0 -9999.9 1
 1999 200  7 19 15 21 15.350  39.04   368.1 0 -9999.9 1 -9999.9 1   253.9 0   367.2 0   317.1 0   315.4 0   454.8 0   300.7 0   300.7 0    81.1 2   170.3 0 -9999.9 1   -87.6 0 -9999.9 1 -9999.9 1 -9999.9 1 -9999.9 1   280.4 0 -9999.9 1
 1999 200  7 19 15 24 15.400  38.50   526.3 0 -9999.9 1 -9999.9 1   268.8 0   369.4 0   316.9 0   315.1 0   458.3 0   300.5 0   300.7 0   100.6 2   244.0 0 -9999.9 1   -88.9 0 -9999.9 1 -9999.9 1 -9999.9 1 -9999.9 1   281.7 0 -9999.9 1
 1999 200  7 19 15 27 15.450  37.95   799.3 0 -9999.9 1 -9999.9 1   299.1 0   370.1 0   316.9 0   315.6 0   467.2 0   300.6 0   300.9 0   135.4 2   367.2 0 -9999.9 1   -97.1 0 -9999.9 1 -9999.9 1 -9999.9 1 -9999.9 1   289.6 0 -9999.9 1
 1999 200  7 19 15 33 15.550  36.87   966.6 0 -9999.9 1 -9999.9 1   310.9 0   373.5 0   317.3 0   316.2 0   476.6 0   301.1 0   301.5 0   164.3 2   441.2 0 -9999.9 1  -103.2 0 -9999.9 1 -9999.9 1 -9999.9 1 -9999.9 1   305.1 0 -9999.9 1
 1999 200  7 19 15 36 15.600  36.33   932.1 0 -9999.9 1 -9999.9 1   316.5 0   373.5 0   317.5 0   316.4 0   476.2 0   301.3 0   301.7 0   164.1 2   424.3 0 -9999.9 1  -102.6 0 -9999.9 1 -9999.9 1 -9999.9 1 -9999.9 1   307.8 0 -9999.9 1
 1999 200  7 19 15 39 15.650  35.80   910.4 0 -9999.9 1 -9999.9 1   331.5 0   374.5 0   317.7 0   316.6 0   475.6 0   301.5 0   301.9 0   162.5 2   415.6 0 -9999.9 1  -101.1 0 -9999.9 1 -9999.9 1 -9999.9 1 -9999.9 1   304.6 0 -9999.9 1
 1999 200  7 19 15 42 15.700  35.27   996.1 0 -9999.9 1 -9999.9 1   359.7 0   375.7 0   317.9 0   317.1 0   478.9 0   301.7 0   302.1 0   171.2 2   452.0 0 -9999.9 1  -103.2 0 -9999.9 1 -9999.9 1 -9999.9 1 -9999.9 1   309.8 0 -9999.9 1
 1999 200  7 19 15 48 15.800  34.22   659.5 0 -9999.9 1 -9999.9 1   317.7 0   373.8 0   318.3 0   316.9 0   469.2 0   302.0 0   302.2 0   125.4 2   299.5 0 -9999.9 1   -95.4 0 -9999.9 1 -9999.9 1 -9999.9 1 -9999.9 1   288.3 0 -9999.9 1
 1999 200  7 19 15 51 15.850  33.69   351.4 0 -9999.9 1 -9999.9 1   273.8 0   374.3 0   318.3 0   316.3 0   459.6 0   302.0 0   302.0 0    90.7 2   161.7 0 -9999.9 1   -85.3 0 -9999.9 1 -9999.9 1 -9999.9 1 -9999.9 1   294.3 0 -9999.9 1
 1999 200  7 19 15 54 15.900  33.18   579.7 0 -9999.9 1 -9999.9 1   302.2 0   375.5 0   318.2 0   316.7 0   463.6 0   301.9 0   302.0 0   122.2 2   268.1 0 -9999.9 1   -88.1 0 -9999.9 1 -9999.9 1 -9999.9 1 -9999.9 1   306.0 0 -9999.9 1
 1999 200  7 19 15 57 15.950  32.66   889.7 0 -9999.9 1 -9999.9 1   338.3 0   375.9 0   318.2 0   317.3 0   477.1 0   301.9 0   302.2 0   161.8 2   405.1 0 -9999.9 1  -101.2 0 -9999.9 1 -9999.9 1 -9999.9 1 -9999.9 1   306.5 0 -9999.9 1
 1999 200  7 19 16  3 16.050  31.65  1016.4 0 -9999.9 1 -9999.9 1   354.4 0   376.7 0   318.7 0   317.6 0   477.6 0   302.2 0   302.5 0   187.3 2   462.6 0 -9999.9 1  -100.9 0 -9999.9 1 -9999.9 1 -9999.9 1 -9999.9 1   294.9 0 -9999.9 1
 1999 200  7 19 16  6 16.100  31.14  1059.7 0 -9999.9 1 -9999.9 1   375.6 0   377.3 0   318.9 0   318.0 0   480.7 0   302.3 0   302.7 0   194.9 2   481.3 0 -9999.9 1  -103.4 0 -9999.9 1 -9999.9 1 -9999.9 1 -9999.9 1   296.9 0 -9999.9 1
 1999 200  7 19 16  9 16.150  30.65  1103.1 0 -9999.9 1 -9999.9 1   407.3 0   378.7 0   319.0 0   317.9 0   482.0 0   302.5 0   302.9 0   200.0 2   499.8 0 -9999.9 1  -103.4 0 -9999.9 1 -9999.9 1 -9999.9 1 -9999.9 1   290.4 0 -9999.9 1
 1999 200  7 19 16 12 16.200  30.16   907.0 0 -9999.9 1 -9999.9 1   421.2 0   381.0 0   319.2 0   317.7 0   474.7 0   302.6 0   302.9 0   171.3 2   408.7 0 -9999.9 1   -93.7 0 -9999.9 1 -9999.9 1 -9999.9 1 -9999.9 1   299.3 0 -9999.9 1
 1999 200  7 19 16 18 16.300  29.19   794.2 0 -9999.9 1 -9999.9 1   470.5 0   384.2 0   319.0 0   317.4 0   469.4 0   302.3 0   302.5 0   163.6 2   364.9 0 -9999.9 1   -85.2 0 -9999.9 1 -9999.9 1 -9999.9 1 -9999.9 1   328.5 0 -9999.9 1
 1999 200  7 19 16 21 16.350  28.71  1085.2 0 -9999.9 1 -9999.9 1   527.9 0   384.5 0   319.2 0   318.3 0   481.9 0   302.3 0   302.7 0   202.7 2   490.1 0 -9999.9 1   -97.4 0 -9999.9 1 -9999.9 1 -9999.9 1 -9999.9 1   328.2 0 -9999.9 1
 1999 200  7 19 16 24 16.400  28.24  1006.9 0 -9999.9 1 -9999.9 1   570.2 0   383.1 0   319.4 0   318.5 0   482.9 0   302.5 0   302.9 0   193.8 2   455.0 0 -9999.9 1   -99.7 0 -9999.9 1 -9999.9 1 -9999.9 1 -9999.9 1   323.4 0 -9999.9 1
 1999 200  7 19 16 27 16.450  27.78   771.1 0 -9999.9 1 -9999.9 1   568.5 0   384.3 0   319.5 0   317.9 0   473.3 0   302.6 0   302.9 0   164.4 2   354.3 0 -9999.9 1   -89.0 0 -9999.9 1 -9999.9 1 -9999.9 1 -9999.9 1   315.7 0 -9999.9 1
 1999 200  7 19 16 33 16.550  26.87   759.6 0 -9999.9 1 -9999.9 1   543.0 0   387.4 0   319.2 0   317.3 0   469.4 0   302.5 0   302.6 0   161.3 2   346.2 0 -9999.9 1   -82.0 0 -9999.9 1 -9999.9 1 -9999.9 1 -9999.9 1   309.9 0 -9999.9 1
 1999 200  7 19 16 36 16.600  26.43   921.5 0 -9999.9 1 -9999.9 1   557.7 0   386.1 0   319.2 0   317.9 0   475.1 0   302.4 0   302.7 0   185.3 2   416.8 0 -9999.9 1   -89.0 0 -9999.9 1 -9999.9 1 -9999.9 1 -9999.9 1   314.0 0 -9999.9 1
 1999 200  7 19 16 39 16.650  26.00   784.6 0 -9999.9 1 -9999.9 1   527.6 0   387.8 0   319.2 0   317.7 0   473.7 0   302.4 0   302.7 0   162.8 2   353.7 0 -9999.9 1   -85.9 0 -9999.9 1 -9999.9 1 -9999.9 1 -9999.9 1   337.8 0 -9999.9 1
 1999 200  7 19 16 42 16.700  25.57   591.8 0 -9999.9 1 -9999.9 1   490.9 0   387.7 0   319.2 0   317.4 0   466.8 0   302.4 0   302.5 0   133.7 2   267.4 0 -9999.9 1   -79.0 0 -9999.9 1 -9999.9 1 -9999.9 1 -9999.9 1   329.5 0 -9999.9 1
 1999 200  7 19 16 48 16.800  24.75   591.5 0 -9999.9 1 -9999.9 1   467.2 0   383.3 0   319.1 0   317.7 0   466.1 0   302.2 0   302.4 0   135.5 2   267.5 0 -9999.9 1   -82.8 0 -9999.9 1 -9999.9 1 -9999.9 1 -9999.9 1   312.9 0 -9999.9 1
 1999 200  7 19 16 51 16.850  24.35   567.5 0 -9999.9 1 -9999.9 1   459.0 0   378.7 0   319.0 0   317.7 0   466.2 0   302.2 0   302.3 0   133.1 2   256.2 0 -9999.9 1   -87.4 0 -9999.9 1 -9999.9 1 -9999.9 1 -9999.9 1   298.4 0 -9999.9 1
 1999 200  7 19 16 54 16.900  23.97   652.6 0 -9999.9 1 -9999.9 1   469.5 0   380.9 0   318.9 0   317.3 0   467.3 0   302.1 0   302.3 0   148.6 2   295.7 0 -9999.9 1   -86.4 0 -9999.9 1 -9999.9 1 -9999.9 1 -9999.9 1   297.9 0 -9999.9 1
 1999 200  7 19 16 57 16.950  23.59   723.8 0 -9999.9 1 -9999.9 1   481.5 0   380.3 0   318.8 0   317.3 0   470.6 0   302.1 0   302.4 0   158.8 2   327.5 0 -9999.9 1   -90.3 0 -9999.9 1 -9999.9 1 -9999.9 1 -9999.9 1   299.3 0 -9999.9 1
 1999 200  7 19 17  3 17.050  22.87   817.4 0 -9999.9 1 -9999.9 1   495.9 0   378.5 0   318.9 0   318.0 0   479.4 0   302.4 0   302.7 0   177.3 2   367.8 0 -9999.9 1  -100.9 0 -9999.9 1 -9999.9 1 -9999.9 1 -9999.9 1   289.3 0 -9999.9 1
 1999 200  7 19 17  6 17.100  22.53   707.8 0 -9999.9 1 -9999.9 1   480.5 0   378.9 0   319.0 0   318.0 0   476.1 0   302.6 0   302.8 0   160.7 2   319.2 0 -9999.9 1   -97.2 0 -9999.9 1 -9999.9 1 -9999.9 1 -9999.9 1   296.5 0 -9999.9 1
 1999 200  7 19 17  9 17.150  22.21   728.1 0 -9999.9 1 -9999.9 1   480.8 0   377.5 0   319.1 0   318.3 0   476.8 0   302.7 0   303.0 0   164.6 2   329.2 0 -9999.9 1   -99.3 0 -9999.9 1 -9999.9 1 -9999.9 1 -9999.9 1   294.1 0 -9999.9 1
 1999 200  7 19 17 12 17.200  21.89   779.2 0 -9999.9 1 -9999.9 1   487.1 0   380.3 0   319.3 0   318.0 0   474.1 0   302.8 0   303.1 0   174.0 2   352.4 0 -9999.9 1   -93.8 0 -9999.9 1 -9999.9 1 -9999.9 1 -9999.9 1   283.4 0 -9999.9 1
 1999 200  7 19 17 18 17.300  21.31   817.3 0 -9999.9 1 -9999.9 1   509.0 0   381.1 0   319.2 0   318.3 0   476.9 0   302.8 0   303.2 0   183.9 2   368.9 0 -9999.9 1   -95.8 0 -9999.9 1 -9999.9 1 -9999.9 1 -9999.9 1   294.5 0 -9999.9 1
 1999 200  7 19 17 21 17.350  21.04   962.6 0 -9999.9 1 -9999.9 1   541.1 0   383.9 0   319.4 0   318.6 0   482.3 0   303.0 0   303.4 0   208.1 2   432.5 0 -9999.9 1   -98.4 0 -9999.9 1 -9999.9 1 -9999.9 1 -9999.9 1   306.7 0 -9999.9 1
 1999 200  7 19 17 24 17.400  20.79   960.3 0 -9999.9 1 -9999.9 1   557.3 0   387.2 0   319.6 0   318.4 0   482.4 0   303.1 0   303.5 0   208.2 2   431.1 0 -9999.9 1   -95.3 0 -9999.9 1 -9999.9 1 -9999.9 1 -9999.9 1   301.4 0 -9999.9 1
 1999 200  7 19 17 27 17.450  20.55   983.6 0 -9999.9 1 -9999.9 1   546.6 0   384.9 0   319.6 0   318.5 0   482.0 0   303.2 0   303.6 0   212.7 2   443.1 0 -9999.9 1   -97.2 0 -9999.9 1 -9999.9 1 -9999.9 1 -9999.9 1   294.1 0 -9999.9 1
 1999 200  7 19 17 33 17.550  20.14   729.6 0 -9999.9 1 -9999.9 1   526.7 0   383.7 0   319.8 0   318.6 0   475.8 0   303.4 0   303.7 0   163.7 2   328.5 0 -9999.9 1   -92.1 0 -9999.9 1 -9999.9 1 -9999.9 1 -9999.9 1   311.0 0 -9999.9 1
 1999 200  7 19 17 36 17.600  19.95   826.5 0 -9999.9 1 -9999.9 1   543.5 0   386.2 0   320.0 0   318.8 0   474.8 0   303.4 0   303.7 0   177.6 2   371.1 0 -9999.9 1   -88.6 0 -9999.9 1 -9999.9 1 -9999.9 1 -9999.9 1   323.6 0 -9999.9 1
 1999 200  7 19 17 39 17.650  19.79   672.8 0 -9999.9 1 -9999.9 1   527.5 0   385.8 0   320.1 0   318.5 0   471.9 0   303.4 0   303.6 0   154.8 2   302.4 0 -9999.9 1   -86.1 0 -9999.9 1 -9999.9 1 -9999.9 1 -9999.9 1   322.4 0 -9999.9 1
 1999 200  7 19 17 42 17.700  19.65   707.3 0 -9999.9 1 -9999.9 1   533.9 0   388.4 0   320.1 0   318.5 0   472.9 0   303.4 0   303.6 0   158.5 2   318.7 0 -9999.9 1   -84.5 0 -9999.9 1 -9999.9 1 -9999.9 1 -9999.9 1   317.6 0 -9999.9 1
 1999 200  7 19 17 48 17.800  19.42   753.1 0 -9999.9 1 -9999.9 1   557.4 0   388.2 0   320.2 0   318.7 0   472.7 0   303.3 0   303.6 0   164.7 2   338.6 0 -9999.9 1   -84.5 0 -9999.9 1 -9999.9 1 -9999.9 1 -9999.9 1   324.2 0 -9999.9 1
 1999 200  7 19 17 51 17.850  19.34   763.2 0 -9999.9 1 -9999.9 1   567.6 0   386.2 0   320.2 0   318.8 0   474.3 0   303.3 0   303.5 0   164.4 2   343.9 0 -9999.9 1   -88.1 0 -9999.9 1 -9999.9 1 -9999.9 1 -9999.9 1   315.6 0 -9999.9 1
 1999 200  7 19 17 54 17.900  19.28   761.1 0 -9999.9 1 -9999.9 1   564.8 0   384.7 0   320.2 0   319.1 0   476.9 0   303.3 0   303.6 0   161.1 2   342.4 0 -9999.9 1   -92.2 0 -9999.9 1 -9999.9 1 -9999.9 1 -9999.9 1   299.6 0 -9999.9 1
 1999 200  7 19 17 57 17.950  19.24   636.7 0 -9999.9 1 -9999.9 1   543.5 0   383.3 0   320.3 0   318.9 0   474.0 0   303.3 0   303.6 0   138.8 2   286.2 0 -9999.9 1   -90.7 0 -9999.9 1 -9999.9 1 -9999.9 1 -9999.9 1   298.3 0 -9999.9 1
 1999 200  7 19 18  3 18.050  19.22   684.8 0 -9999.9 1 -9999.9 1   545.5 0   389.3 0   320.1 0   318.6 0   472.6 0   303.3 0   303.5 0   144.5 2   309.1 0 -9999.9 1   -83.3 0 -9999.9 1 -9999.9 1 -9999.9 1 -9999.9 1   304.4 0 -9999.9 1
 1999 200  7 19 18  6 18.100  19.24   616.3 0 -9999.9 1 -9999.9 1   530.9 0   387.0 0   320.0 0   318.8 0   473.3 0   303.3 0   303.5 0   135.1 2   277.6 0 -9999.9 1   -86.4 0 -9999.9 1 -9999.9 1 -9999.9 1 -9999.9 1   290.0 0 -9999.9 1
 1999 200  7 19 18  9 18.150  19.29   612.9 0 -9999.9 1 -9999.9 1   531.1 0   386.9 0   320.0 0   318.6 0   472.6 0   303.3 0   303.5 0   128.8 2   276.7 0 -9999.9 1   -85.7 0 -9999.9 1 -9999.9 1 -9999.9 1 -9999.9 1   275.7 0 -9999.9 1
 1999 200  7 19 18 12 18.200  19.35   645.6 0 -9999.9 1 -9999.9 1   535.6 0   390.5 0   320.0 0   318.5 0   471.5 0   303.3 0   303.5 0   140.0 2   291.6 0 -9999.9 1   -80.9 0 -9999.9 1 -9999.9 1 -9999.9 1 -9999.9 1   293.0 0 -9999.9 1
 1999 200  7 19 18 18 18.300  19.55   522.1 0 -9999.9 1 -9999.9 1   489.4 0   392.8 0   319.8 0   318.1 0   467.6 0   303.3 0   303.4 0   112.7 2   236.0 0 -9999.9 1   -74.8 0 -9999.9 1 -9999.9 1 -9999.9 1 -9999.9 1   290.6 0 -9999.9 1
 1999 200  7 19 18 21 18.350  19.67   542.2 0 -9999.9 1 -9999.9 1   486.0 0   391.1 0   319.7 0   318.5 0   468.8 0   303.2 0   303.3 0   116.5 2   245.2 0 -9999.9 1   -77.7 0 -9999.9 1 -9999.9 1 -9999.9 1 -9999.9 1   289.6 0 -9999.9 1
 1999 200  7 19 18 24 18.400  19.82   524.1 0 -9999.9 1 -9999.9 1   476.2 0   392.7 0   319.8 0   318.4 0   470.8 0   303.2 0   303.3 0   113.3 2   236.5 0 -9999.9 1   -78.1 0 -9999.9 1 -9999.9 1 -9999.9 1 -9999.9 1   269.2 0 -9999.9 1
 1999 200  7 19 18 27 18.450  19.99   513.8 0 -9999.9 1 -9999.9 1   469.0 0   395.6 0   319.7 0   318.0 0   467.3 0   303.1 0   303.3 0   114.0 2   232.4 0 -9999.9 1   -71.7 0 -9999.9 1 -9999.9 1 -9999.9 1 -9999.9 1   281.7 0 -9999.9 1
 1999 200  7 19 18 33 18.550  20.38   477.0 0 -9999.9 1 -9999.9 1   451.2 0   394.8 0   319.5 0   318.0 0   467.2 0   303.1 0   303.2 0   107.8 2   215.7 0 -9999.9 1   -72.4 0 -9999.9 1 -9999.9 1 -9999.9 1 -9999.9 1   289.0 0 -9999.9 1
 1999 200  7 19 18 36 18.600  20.60   473.0 0 -9999.9 1 -9999.9 1   452.5 0   394.1 0   319.5 0   317.8 0   465.9 0   303.0 0   303.2 0   105.6 2   214.2 0 -9999.9 1   -71.8 0 -9999.9 1 -9999.9 1 -9999.9 1 -9999.9 1   280.9 0 -9999.9 1
 1999 200  7 19 18 39 18.650  20.84   496.3 0 -9999.9 1 -9999.9 1   466.0 0   394.8 0   319.3 0   317.7 0   465.9 0   303.0 0   303.1 0   109.7 2   225.4 0 -9999.9 1   -71.1 0 -9999.9 1 -9999.9 1 -9999.9 1 -9999.9 1   280.2 0 -9999.9 1
 1999 200  7 19 18 42 18.700  21.09   521.5 0 -9999.9 1 -9999.9 1   472.0 0   393.3 0   319.3 0   318.0 0   470.8 0   303.0 0   303.2 0   114.4 2   236.7 0 -9999.9 1   -77.6 0 -9999.9 1 -9999.9 1 -9999.9 1 -9999.9 1   281.8 0 -9999.9 1
 1999 200  7 19 18 48 18.800  21.65   444.1 0 -9999.9 1 -9999.9 1   425.1 0   395.4 0   319.4 0   318.2 0   468.2 0   303.1 0   303.3 0   100.7 2   200.3 0 -9999.9 1   -72.8 0 -9999.9 1 -9999.9 1 -9999.9 1 -9999.9 1   261.4 0 -9999.9 1
 1999 200  7 19 18 51 18.850  21.96   420.8 0 -9999.9 1 -9999.9 1   405.0 0   397.2 0   319.5 0   318.3 0   466.9 0   303.2 0   303.3 0    94.5 2   189.7 0 -9999.9 1   -69.7 0 -9999.9 1 -9999.9 1 -9999.9 1 -9999.9 1   256.4 0 -9999.9 1
 1999 200  7 19 18 54 18.900  22.27   437.4 0 -9999.9 1 -9999.9 1   419.5 0   397.5 0   319.6 0   318.3 0   467.7 0   303.2 0   303.3 0   100.0 2   198.0 0 -9999.9 1   -70.2 0 -9999.9 1 -9999.9 1 -9999.9 1 -9999.9 1   271.1 0 -9999.9 1
 1999 200  7 19 18 57 18.950  22.60   460.7 0 -9999.9 1 -9999.9 1   437.2 0   395.2 0   319.7 0   318.7 0   468.7 0   303.2 0   303.3 0   104.0 2   210.1 0 -9999.9 1   -73.5 0 -9999.9 1 -9999.9 1 -9999.9 1 -9999.9 1   284.5 0 -9999.9 1
 1999 200  7 19 19  3 19.050  23.30   489.3 0 -9999.9 1 -9999.9 1   455.2 0   394.6 0   319.8 0   318.6 0   468.4 0   303.2 0   303.4 0   107.3 2   223.7 0 -9999.9 1   -73.8 0 -9999.9 1 -9999.9 1 -9999.9 1 -9999.9 1   252.6 0 -9999.9 1
 1999 200  7 19 19  6 19.100  23.67   509.9 0 -9999.9 1 -9999.9 1   461.4 0   396.6 0   319.9 0   318.5 0   468.5 0   303.3 0   303.4 0   110.3 2   233.1 0 -9999.9 1   -71.9 0 -9999.9 1 -9999.9 1 -9999.9 1 -9999.9 1   265.7 0 -9999.9 1
 1999 200  7 19 19  9 19.150  24.05   504.8 0 -9999.9 1 -9999.9 1   457.3 0   395.3 0   320.0 0   318.8 0   470.1 0   303.3 0   303.5 0   109.4 2   230.9 0 -9999.9 1   -74.9 0 -9999.9 1 -9999.9 1 -9999.9 1 -9999.9 1   258.4 0 -9999.9 1
 1999 200  7 19 19 12 19.200  24.43   487.7 0 -9999.9 1 -9999.9 1   449.5 0   396.2 0   320.1 0   318.7 0   470.0 0   303.4 0   303.5 0   105.0 2   223.1 0 -9999.9 1   -73.8 0 -9999.9 1 -9999.9 1 -9999.9 1 -9999.9 1   256.0 0 -9999.9 1
 1999 200  7 19 19 18 19.300  25.24   435.6 0 -9999.9 1 -9999.9 1   417.5 0   399.4 0   320.3 0   318.8 0   465.8 0   303.4 0   303.5 0    94.5 2   198.3 0 -9999.9 1   -66.4 0 -9999.9 1 -9999.9 1 -9999.9 1 -9999.9 1   251.3 0 -9999.9 1
 1999 200  7 19 19 21 19.350  25.66   467.3 0 -9999.9 1 -9999.9 1   439.0 0   398.8 0   320.3 0   318.8 0   466.9 0   303.3 0   303.4 0    99.9 2   214.1 0 -9999.9 1   -68.1 0 -9999.9 1 -9999.9 1 -9999.9 1 -9999.9 1   250.3 0 -9999.9 1
 1999 200  7 19 19 24 19.400  26.09   524.5 0 -9999.9 1 -9999.9 1   466.9 0   400.4 0   320.3 0   318.9 0   468.9 0   303.3 0   303.5 0   108.3 2   239.8 0 -9999.9 1   -68.6 0 -9999.9 1 -9999.9 1 -9999.9 1 -9999.9 1   256.3 0 -9999.9 1
 1999 200  7 19 19 27 19.450  26.52   557.3 0 -9999.9 1 -9999.9 1   477.4 0   400.1 0   320.4 0   319.1 0   470.8 0   303.3 0   303.5 0   113.3 2   254.6 0 -9999.9 1   -70.7 0 -9999.9 1 -9999.9 1 -9999.9 1 -9999.9 1   248.3 0 -9999.9 1
 1999 200  7 19 19 33 19.550  27.42   469.6 0 -9999.9 1 -9999.9 1   430.1 0   404.7 0   320.5 0   319.3 0   469.4 0   303.3 0   303.5 0    94.2 2   212.5 0 -9999.9 1   -64.7 0 -9999.9 1 -9999.9 1 -9999.9 1 -9999.9 1   251.1 0 -9999.9 1
 1999 200  7 19 19 36 19.600  27.87   395.2 0 -9999.9 1 -9999.9 1   376.3 0   406.1 0   320.6 0   319.4 0   467.0 0   303.3 0   303.4 0    80.9 2   177.5 0 -9999.9 1   -60.9 0 -9999.9 1 -9999.9 1 -9999.9 1 -9999.9 1   250.7 0 -9999.9 1
 1999 200  7 19 19 39 19.650  28.34   446.0 0 -9999.9 1 -9999.9 1   414.6 0   403.8 0   320.7 0   319.5 0   468.4 0   303.3 0   303.5 0    90.2 2   202.4 0 -9999.9 1   -64.6 0 -9999.9 1 -9999.9 1 -9999.9 1 -9999.9 1   244.8 0 -9999.9 1
 1999 200  7 19 19 42 19.700  28.81   477.4 0 -9999.9 1 -9999.9 1   441.6 0   399.4 0   320.8 0   319.8 0   472.6 0   303.3 0   303.5 0    96.7 2   218.1 0 -9999.9 1   -73.2 0 -9999.9 1 -9999.9 1 -9999.9 1 -9999.9 1   235.6 0 -9999.9 1
 1999 200  7 19 19 48 19.800  29.77   466.0 0 -9999.9 1 -9999.9 1   434.2 0   403.2 0   320.9 0   319.2 0   465.7 0   303.3 0   303.4 0    94.8 2   213.0 0 -9999.9 1   -62.5 0 -9999.9 1 -9999.9 1 -9999.9 1 -9999.9 1   238.6 0 -9999.9 1
 1999 200  7 19 19 51 19.850  30.26   454.9 0 -9999.9 1 -9999.9 1   431.0 0   405.3 0   321.0 0   319.3 0   466.9 0   303.3 0   303.4 0    92.6 2   208.4 0 -9999.9 1   -61.7 0 -9999.9 1 -9999.9 1 -9999.9 1 -9999.9 1   247.0 0 -9999.9 1
 1999 200  7 19 19 54 19.900  30.75   452.1 0 -9999.9 1 -9999.9 1   425.9 0   403.7 0   321.0 0   319.6 0   468.4 0   303.2 0   303.4 0    92.1 2   206.1 0 -9999.9 1   -64.7 0 -9999.9 1 -9999.9 1 -9999.9 1 -9999.9 1   232.5 0 -9999.9 1
 1999 200  7 19 19 57 19.950  31.25   443.8 0 -9999.9 1 -9999.9 1   415.4 0   403.4 0   321.0 0   319.8 0   468.4 0   303.2 0   303.3 0    89.3 2   201.5 0 -9999.9 1   -64.9 0 -9999.9 1 -9999.9 1 -9999.9 1 -9999.9 1   240.4 0 -9999.9 1
 1999 200  7 19 20  3 20.050  32.26   362.6 0 -9999.9 1 -9999.9 1   349.6 0   407.7 0   321.2 0   319.4 0   465.7 0   303.2 0   303.3 0    76.5 2   162.3 0 -9999.9 1   -58.1 0 -9999.9 1 -9999.9 1 -9999.9 1 -9999.9 1   228.4 0 -9999.9 1
 1999 200  7 19 20  6 20.100  32.77   332.9 0 -9999.9 1 -9999.9 1   317.9 0   413.7 0   321.1 0   319.2 0   462.1 0   303.1 0   303.1 0    68.8 2   146.6 0 -9999.9 1   -48.4 0 -9999.9 1 -9999.9 1 -9999.9 1 -9999.9 1   230.7 0 -9999.9 1
 1999 200  7 19 20  9 20.150  33.28   307.5 0 -9999.9 1 -9999.9 1   294.5 0   414.7 0   321.0 0   319.1 0   461.1 0   303.0 0   303.0 0    65.8 2   133.6 0 -9999.9 1   -46.4 0 -9999.9 1 -9999.9 1 -9999.9 1 -9999.9 1   229.1 0 -9999.9 1
 1999 200  7 19 20 12 20.200  33.80   347.0 0 -9999.9 1 -9999.9 1   332.6 0   416.2 0   320.9 0   319.3 0   463.6 0   302.9 0   302.9 0    69.4 2   150.9 0 -9999.9 1   -47.4 0 -9999.9 1 -9999.9 1 -9999.9 1 -9999.9 1   238.1 0 -9999.9 1
 1999 200  7 19 20 18 20.300  34.85   729.6 0 -9999.9 1 -9999.9 1   555.4 0   412.7 0   320.9 0   320.0 0   477.4 0   302.9 0   303.2 0   119.0 2   325.5 0 -9999.9 1   -64.7 0 -9999.9 1 -9999.9 1 -9999.9 1 -9999.9 1   246.1 0 -9999.9 1
 1999 200  7 19 20 21 20.350  35.38   927.0 0 -9999.9 1 -9999.9 1   559.4 0   407.2 0   321.1 0   320.4 0   487.5 0   303.2 0   303.7 0   145.0 2   409.0 0 -9999.9 1   -80.3 0 -9999.9 1 -9999.9 1 -9999.9 1 -9999.9 1   244.6 0 -9999.9 1
 1999 200  7 19 20 24 20.400  35.91   564.0 0 -9999.9 1 -9999.9 1   473.4 0   403.2 0   321.3 0   320.0 0   476.7 0   303.5 0   303.7 0   108.9 2   256.2 0 -9999.9 1   -73.5 0 -9999.9 1 -9999.9 1 -9999.9 1 -9999.9 1   257.1 0 -9999.9 1
 1999 200  7 19 20 27 20.450  36.45   538.0 0 -9999.9 1 -9999.9 1   443.6 0   404.8 0   321.3 0   319.8 0   472.4 0   303.6 0   303.7 0   103.0 2   243.7 0 -9999.9 1   -67.5 0 -9999.9 1 -9999.9 1 -9999.9 1 -9999.9 1   246.5 0 -9999.9 1
 1999 200  7 19 20 33 20.550  37.53   412.9 0 -9999.9 1 -9999.9 1   381.3 0   400.4 0   321.2 0   319.5 0   466.1 0   303.4 0   303.5 0    90.6 2   189.2 0 -9999.9 1   -65.7 0 -9999.9 1 -9999.9 1 -9999.9 1 -9999.9 1   240.0 0 -9999.9 1
 1999 200  7 19 20 36 20.600  38.07   538.1 0 -9999.9 1 -9999.9 1   397.0 0   403.5 0   321.2 0   319.6 0   470.6 0   303.4 0   303.5 0    87.4 2   242.5 0 -9999.9 1   -67.2 0 -9999.9 1 -9999.9 1 -9999.9 1 -9999.9 1   246.8 0 -9999.9 1
 1999 200  7 19 20 39 20.650  38.61   489.3 0 -9999.9 1 -9999.9 1   447.2 0   405.3 0   321.2 0   319.4 0   469.3 0   303.4 0   303.5 0    88.6 2   224.0 0 -9999.9 1   -64.0 0 -9999.9 1 -9999.9 1 -9999.9 1 -9999.9 1   244.9 0 -9999.9 1
 1999 200  7 19 20 42 20.700  39.16   541.5 0 -9999.9 1 -9999.9 1   478.0 0   404.7 0   321.1 0   319.5 0   470.7 0   303.3 0   303.5 0    95.2 2   248.3 0 -9999.9 1   -66.0 0 -9999.9 1 -9999.9 1 -9999.9 1 -9999.9 1   247.6 0 -9999.9 1
 1999 200  7 19 20 48 20.800  40.26   349.2 0 -9999.9 1 -9999.9 1   334.8 0   415.5 0   320.9 0   318.8 0   464.4 0   303.3 0   303.3 0    68.0 2   157.7 0 -9999.9 1   -48.9 0 -9999.9 1 -9999.9 1 -9999.9 1 -9999.9 1   251.9 0 -9999.9 1
 1999 200  7 19 20 51 20.850  40.81   341.9 0 -9999.9 1 -9999.9 1   326.7 0   412.2 0   320.7 0   318.9 0   464.3 0   303.2 0   303.2 0    66.1 2   154.0 0 -9999.9 1   -52.1 0 -9999.9 1 -9999.9 1 -9999.9 1 -9999.9 1   262.3 0 -9999.9 1
 1999 200  7 19 20 54 20.900  41.37   295.0 0 -9999.9 1 -9999.9 1   283.2 0   415.8 0   320.5 0   318.5 0   462.0 0   303.1 0   303.1 0    55.5 2   131.6 0 -9999.9 1   -46.2 0 -9999.9 1 -9999.9 1 -9999.9 1 -9999.9 1   254.2 0 -9999.9 1
 1999 200  7 19 20 57 20.950  41.92   282.9 0 -9999.9 1 -9999.9 1   271.9 0   417.9 0   320.3 0   318.2 0   460.8 0   303.0 0   302.9 0    50.9 2   125.8 0 -9999.9 1   -42.9 0 -9999.9 1 -9999.9 1 -9999.9 1 -9999.9 1   258.5 0 -9999.9 1
 1999 200  7 19 21  3 21.050  43.04   205.1 0 -9999.9 1 -9999.9 1   195.8 0   416.8 0   319.8 0   317.8 0   457.1 0   302.6 0   302.6 0    34.3 2    88.4 0 -9999.9 1   -40.3 0 -9999.9 1 -9999.9 1 -9999.9 1 -9999.9 1   254.6 0 -9999.9 1
 1999 200  7 19 21  6 21.100  43.60   165.3 0 -9999.9 1 -9999.9 1   156.1 0   417.2 0   319.5 0   317.4 0   455.9 0   302.4 0   302.4 0    25.7 2    69.6 0 -9999.9 1   -38.7 0 -9999.9 1 -9999.9 1 -9999.9 1 -9999.9 1   259.6 0 -9999.9 1
 1999 200  7 19 21  9 21.150  44.16   160.9 0 -9999.9 1 -9999.9 1   152.1 0   416.4 0   319.3 0   317.5 0   455.7 0   302.3 0   302.3 0    23.7 2    68.4 0 -9999.9 1   -39.3 0 -9999.9 1 -9999.9 1 -9999.9 1 -9999.9 1   261.9 0 -9999.9 1
 1999 200  7 19 21 12 21.200  44.73   180.2 0 -9999.9 1 -9999.9 1   170.6 0   415.1 0   319.1 0   317.5 0   456.9 0   302.2 0   302.2 0    25.9 2    77.9 0 -9999.9 1   -41.8 0 -9999.9 1 -9999.9 1 -9999.9 1 -9999.9 1   256.7 0 -9999.9 1
 1999 200  7 19 21 18 21.300  45.86   274.1 0 -9999.9 1 -9999.9 1   261.4 0   418.3 0   318.9 0   317.4 0   462.3 0   302.1 0   302.2 0    38.4 2   122.4 0 -9999.9 1   -43.9 0 -9999.9 1 -9999.9 1 -9999.9 1 -9999.9 1   255.2 0 -9999.9 1
 1999 200  7 19 21 21 21.350  46.42   413.1 0 -9999.9 1 -9999.9 1   378.5 0   416.3 0   318.9 0   317.6 0   467.8 0   302.1 0   302.3 0    56.0 2   189.0 0 -9999.9 1   -51.5 0 -9999.9 1 -9999.9 1 -9999.9 1 -9999.9 1   249.4 0 -9999.9 1
 1999 200  7 19 21 24 21.400  46.99   773.2 0 -9999.9 1 -9999.9 1   514.8 0   412.2 0   319.0 0   318.4 0   481.2 0   302.3 0   302.7 0    87.3 2   346.0 0 -9999.9 1   -69.0 0 -9999.9 1 -9999.9 1 -9999.9 1 -9999.9 1   247.9 0 -9999.9 1
 1999 200  7 19 21 27 21.450  47.56   731.9 0 -9999.9 1 -9999.9 1   523.2 0   409.1 0   319.3 0   318.3 0   481.5 0   302.6 0   303.0 0    88.8 2   330.6 0 -9999.9 1   -72.4 0 -9999.9 1 -9999.9 1 -9999.9 1 -9999.9 1   244.8 0 -9999.9 1
 1999 200  7 19 21 33 21.550  48.70   598.6 0 -9999.9 1 -9999.9 1   453.9 0   412.7 0   319.9 0   318.4 0   476.6 0   303.3 0   303.6 0    78.2 2   271.4 0 -9999.9 1   -63.9 0 -9999.9 1 -9999.9 1 -9999.9 1 -9999.9 1   248.9 0 -9999.9 1
 1999 200  7 19 21 36 21.600  49.27   486.2 0 -9999.9 1 -9999.9 1   426.1 0   415.9 0   319.9 0   318.0 0   469.3 0   303.4 0   303.5 0    67.2 2   224.2 0 -9999.9 1   -53.4 0 -9999.9 1 -9999.9 1 -9999.9 1 -9999.9 1   248.1 0 -9999.9 1
 1999 200  7 19 21 39 21.650  49.84   444.4 0 -9999.9 1 -9999.9 1   415.8 0   416.8 0   319.8 0   318.1 0   467.3 0   303.4 0   303.5 0    63.3 2   203.7 0 -9999.9 1   -50.6 0 -9999.9 1 -9999.9 1 -9999.9 1 -9999.9 1   256.5 0 -9999.9 1
 1999 200  7 19 21 42 21.700  50.41   467.4 0 -9999.9 1 -9999.9 1   407.3 0   417.7 0   319.7 0   318.1 0   468.4 0   303.4 0   303.5 0    61.5 2   211.9 0 -9999.9 1   -50.7 0 -9999.9 1 -9999.9 1 -9999.9 1 -9999.9 1   261.6 0 -9999.9 1
 1999 200  7 19 21 48 21.800  51.55   272.2 0 -9999.9 1 -9999.9 1   262.7 0   419.3 0   319.6 0   317.7 0   462.4 0   303.3 0   303.3 0    42.7 2   120.6 0 -9999.9 1   -43.1 0 -9999.9 1 -9999.9 1 -9999.9 1 -9999.9 1   259.9 0 -9999.9 1
 1999 200  7 19 21 51 21.850  52.12   215.9 0 -9999.9 1 -9999.9 1   207.1 0   425.3 0   319.4 0   317.3 0   459.5 0   303.1 0   303.1 0    30.8 2    93.7 0 -9999.9 1   -34.2 0 -9999.9 1 -9999.9 1 -9999.9 1 -9999.9 1   255.7 0 -9999.9 1
 1999 200  7 19 21 54 21.900  52.70   239.4 0 -9999.9 1 -9999.9 1   229.9 0   423.0 0   319.2 0   317.3 0   459.8 0   303.0 0   302.9 0    34.9 2   104.9 0 -9999.9 1   -36.9 0 -9999.9 1 -9999.9 1 -9999.9 1 -9999.9 1   258.2 0 -9999.9 1
 1999 200  7 19 21 57 21.950  53.27   239.6 0 -9999.9 1 -9999.9 1   230.4 0   420.7 0   318.9 0   317.2 0   461.0 0   302.8 0   302.8 0    35.7 2   105.0 0 -9999.9 1   -40.4 0 -9999.9 1 -9999.9 1 -9999.9 1 -9999.9 1   264.6 0 -9999.9 1
 1999 200  7 19 22  3 22.050  54.42   133.8 0 -9999.9 1 -9999.9 1   129.6 0   419.1 0   318.3 0   315.0 0   441.8 0   302.2 0   301.9 0    26.7 2    59.1 0 -9999.9 1   -22.7 0 -9999.9 1 -9999.9 1 -9999.9 1 -9999.9 1   278.9 0 -9999.9 1
 1999 200  7 19 22  6 22.100  54.99   177.2 0 -9999.9 1 -9999.9 1   170.3 0   427.7 0   317.6 0   313.4 0   436.1 0   301.5 0   301.1 0    27.1 2    81.3 0 -9999.9 1    -8.4 0 -9999.9 1 -9999.9 1 -9999.9 1 -9999.9 1   269.0 0 -9999.9 1
 1999 200  7 19 22  9 22.150  55.56   254.1 0 -9999.9 1 -9999.9 1   233.7 0   457.6 0   316.4 0   310.3 0   437.7 0   300.8 0   300.6 0    32.5 2   113.9 0 -9999.9 1     0.0 0 -9999.9 1 -9999.9 1 -9999.9 1 -9999.9 1   248.4 0 -9999.9 1
 1999 200  7 19 22 12 22.200  56.14   365.1 0 -9999.9 1 -9999.9 1   272.3 0   413.4 0   315.7 0   312.7 0   440.1 0   300.3 0   300.2 0    40.1 2   163.4 0 -9999.9 1   -26.7 0 -9999.9 1 -9999.9 1 -9999.9 1 -9999.9 1   250.5 0 -9999.9 1
 1999 200  7 19 22 18 22.300  57.29   625.2 0 -9999.9 1 -9999.9 1   335.7 0   400.1 0   315.6 0   314.3 0   461.1 0   300.0 0   300.3 0    52.8 2   275.3 0 -9999.9 1   -61.0 0 -9999.9 1 -9999.9 1 -9999.9 1 -9999.9 1   233.3 0 -9999.9 1
 1999 200  7 19 22 21 22.350  57.86   505.0 0 -9999.9 1 -9999.9 1   282.9 0   388.3 0   315.8 0   314.7 0   460.6 0   300.2 0   300.6 0    48.8 2   227.4 0 -9999.9 1   -72.2 0 -9999.9 1 -9999.9 1 -9999.9 1 -9999.9 1   225.2 0 -9999.9 1
 1999 200  7 19 22 24 22.400  58.43   475.0 0 -9999.9 1 -9999.9 1   261.3 0   385.6 0   316.0 0   315.1 0   462.3 0   300.5 0   300.8 0    48.4 2   222.5 0 -9999.9 1   -76.7 0 -9999.9 1 -9999.9 1 -9999.9 1 -9999.9 1   216.8 0 -9999.9 1
 1999 200  7 19 22 27 22.450  59.01   412.6 0 -9999.9 1 -9999.9 1   214.2 0   382.2 0   316.2 0   315.2 0   460.6 0   300.7 0   300.9 0    45.8 2   198.7 0 -9999.9 1   -78.3 0 -9999.9 1 -9999.9 1 -9999.9 1 -9999.9 1   208.2 0 -9999.9 1
 1999 200  7 19 22 33 22.550  60.15   160.6 0 -9999.9 1 -9999.9 1   156.1 0   383.3 0   316.5 0   315.2 0   452.9 0   301.0 0   301.0 0    32.8 2    81.6 0 -9999.9 1   -69.7 0 -9999.9 1 -9999.9 1 -9999.9 1 -9999.9 1   206.4 0 -9999.9 1
 1999 200  7 19 22 36 22.600  60.73   175.1 0 -9999.9 1 -9999.9 1   167.6 0   385.5 0   316.5 0   315.2 0   452.8 0   301.0 0   301.0 0    31.4 2    87.2 0 -9999.9 1   -67.3 0 -9999.9 1 -9999.9 1 -9999.9 1 -9999.9 1   204.4 0 -9999.9 1
 1999 200  7 19 22 39 22.650  61.30   231.4 0 -9999.9 1 -9999.9 1   207.5 0   387.8 0   316.5 0   315.4 0   456.0 0   301.0 0   301.0 0    33.1 2   112.8 0 -9999.9 1   -68.2 0 -9999.9 1 -9999.9 1 -9999.9 1 -9999.9 1   210.7 0 -9999.9 1
 1999 200  7 19 22 42 22.700  61.87   263.1 0 -9999.9 1 -9999.9 1   231.0 0   388.7 0   316.6 0   315.5 0   458.9 0   301.0 0   301.1 0    32.1 2   126.3 0 -9999.9 1   -70.2 0 -9999.9 1 -9999.9 1 -9999.9 1 -9999.9 1   219.9 0 -9999.9 1
 1999 200  7 19 22 48 22.800  63.01   241.6 0 -9999.9 1 -9999.9 1   235.2 0   400.0 0   316.9 0   315.9 0   460.0 0   301.1 0   301.2 0    28.5 2   113.6 0 -9999.9 1   -60.0 0 -9999.9 1 -9999.9 1 -9999.9 1 -9999.9 1   217.5 0 -9999.9 1
 1999 200  7 19 22 51 22.850  63.58   241.0 0 -9999.9 1 -9999.9 1   233.9 0   402.9 0   317.1 0   316.1 0   460.5 0   301.2 0   301.2 0    26.6 2   112.4 0 -9999.9 1   -57.6 0 -9999.9 1 -9999.9 1 -9999.9 1 -9999.9 1   219.9 0 -9999.9 1
 1999 200  7 19 22 54 22.900  64.15   246.4 0 -9999.9 1 -9999.9 1   239.1 0   403.7 0   317.3 0   316.3 0   460.6 0   301.2 0   301.3 0    26.0 2   114.4 0 -9999.9 1   -56.9 0 -9999.9 1 -9999.9 1 -9999.9 1 -9999.9 1   211.3 0 -9999.9 1
 1999 200  7 19 22 57 22.950  64.72   232.2 0 -9999.9 1 -9999.9 1   226.4 0   406.3 0   317.4 0   316.3 0   460.4 0   301.2 0   301.3 0    24.2 2   107.5 0 -9999.9 1   -54.1 0 -9999.9 1 -9999.9 1 -9999.9 1 -9999.9 1   210.1 0 -9999.9 1
 1999 200  7 19 23  3 23.050  65.86   234.7 0 -9999.9 1 -9999.9 1   229.2 0   406.7 0   317.8 0   316.6 0   461.6 0   301.3 0   301.4 0    21.9 2   107.7 0 -9999.9 1   -54.9 0 -9999.9 1 -9999.9 1 -9999.9 1 -9999.9 1   216.0 0 -9999.9 1
 1999 200  7 19 23  6 23.100  66.43   244.9 0 -9999.9 1 -9999.9 1   233.1 0   403.8 0   317.9 0   316.8 0   461.1 0   301.3 0   301.4 0    22.0 2   113.1 0 -9999.9 1   -57.3 0 -9999.9 1 -9999.9 1 -9999.9 1 -9999.9 1   219.2 0 -9999.9 1
 1999 200  7 19 23  9 23.150  67.00   239.1 0 -9999.9 1 -9999.9 1   226.1 0   402.1 0   318.1 0   316.8 0   460.9 0   301.4 0   301.4 0    20.6 2   110.9 0 -9999.9 1   -58.8 0 -9999.9 1 -9999.9 1 -9999.9 1 -9999.9 1   211.2 0 -9999.9 1
 1999 200  7 19 23 12 23.200  67.56   229.5 0 -9999.9 1 -9999.9 1   220.2 0   405.8 0   318.3 0   317.1 0   460.6 0   301.4 0   301.4 0    20.2 2   106.5 0 -9999.9 1   -54.8 0 -9999.9 1 -9999.9 1 -9999.9 1 -9999.9 1   209.8 0 -9999.9 1
 1999 200  7 19 23 18 23.300  68.69   186.7 0 -9999.9 1 -9999.9 1   181.1 0   400.9 0   318.5 0   317.1 0   458.3 0   301.4 0   301.5 0    17.9 2    87.5 0 -9999.9 1   -57.4 0 -9999.9 1 -9999.9 1 -9999.9 1 -9999.9 1   204.3 0 -9999.9 1
 1999 200  7 19 23 21 23.350  69.26   176.7 0 -9999.9 1 -9999.9 1   171.4 0   401.6 0   318.7 0   317.2 0   457.7 0   301.4 0   301.4 0    16.8 2    82.9 0 -9999.9 1   -56.0 0 -9999.9 1 -9999.9 1 -9999.9 1 -9999.9 1   213.7 0 -9999.9 1
 1999 200  7 19 23 24 23.400  69.82   223.7 0 -9999.9 1 -9999.9 1   186.2 0   401.0 0   318.7 0   317.5 0   459.9 0   301.4 0   301.4 0    16.1 2   103.1 0 -9999.9 1   -58.9 0 -9999.9 1 -9999.9 1 -9999.9 1 -9999.9 1   218.0 0 -9999.9 1
 1999 200  7 19 23 27 23.450  70.39   214.8 0 -9999.9 1 -9999.9 1   185.5 0   401.3 0   318.8 0   317.7 0   461.0 0   301.4 0   301.4 0    15.4 2    99.6 0 -9999.9 1   -59.7 0 -9999.9 1 -9999.9 1 -9999.9 1 -9999.9 1   218.4 0 -9999.9 1
 1999 200  7 19 23 33 23.550  71.51   306.3 0 -9999.9 1 -9999.9 1   180.3 0   394.7 0   319.1 0   318.3 0   465.3 0   301.5 0   301.6 0    14.3 2   137.3 0 -9999.9 1   -70.5 0 -9999.9 1 -9999.9 1 -9999.9 1 -9999.9 1   230.4 0 -9999.9 1
 1999 200  7 19 23 36 23.600  72.07   234.2 0 -9999.9 1 -9999.9 1   167.4 0   392.0 0   319.4 0   318.5 0   464.3 0   301.6 0   301.7 0    14.3 2   110.0 0 -9999.9 1   -72.3 0 -9999.9 1 -9999.9 1 -9999.9 1 -9999.9 1   229.6 0 -9999.9 1
 1999 200  7 19 23 39 23.650  72.63   264.8 0 -9999.9 1 -9999.9 1   155.5 0   390.7 0   319.6 0   318.5 0   465.1 0   301.7 0   301.8 0    13.9 2   122.0 0 -9999.9 1   -74.3 0 -9999.9 1 -9999.9 1 -9999.9 1 -9999.9 1   237.2 0 -9999.9 1
 1999 200  7 19 23 42 23.700  73.18   277.7 0 -9999.9 1 -9999.9 1   155.7 0   392.8 0   319.9 0   319.0 0   466.4 0   301.9 0   302.0 0    13.5 2   125.4 0 -9999.9 1   -73.6 0 -9999.9 1 -9999.9 1 -9999.9 1 -9999.9 1   241.4 0 -9999.9 1
 1999 200  7 19 23 48 23.800  74.30   209.7 0 -9999.9 1 -9999.9 1   145.2 0   395.6 0   320.3 0   319.0 0   464.3 0   302.1 0   302.2 0    10.9 2    96.0 0 -9999.9 1   -68.8 0 -9999.9 1 -9999.9 1 -9999.9 1 -9999.9 1   255.5 0 -9999.9 1
 1999 200  7 19 23 51 23.850  74.85   131.6 0 -9999.9 1 -9999.9 1   124.8 0   394.7 0   320.4 0   318.7 0   459.1 0   302.2 0   302.2 0    10.5 2    66.1 0 -9999.9 1   -64.4 0 -9999.9 1 -9999.9 1 -9999.9 1 -9999.9 1   244.3 0 -9999.9 1
 1999 200  7 19 23 54 23.900  75.40   126.8 0 -9999.9 1 -9999.9 1   103.9 0   387.1 0   320.4 0   318.6 0   456.3 0   302.2 0   302.1 0     9.8 2    64.3 0 -9999.9 1   -69.2 0 -9999.9 1 -9999.9 1 -9999.9 1 -9999.9 1   239.5 0 -9999.9 1
 1999 200  7 19 23 57 23.950  75.95   192.3 0 -9999.9 1 -9999.9 1    99.1 0   384.5 0   320.4 0   318.6 0   457.6 0   302.1 0   302.1 0     9.8 2    87.6 0 -9999.9 1   -73.1 0 -9999.9 1 -9999.9 1 -9999.9 1 -9999.9 1   246.6 0 -9999.9 1
