 Bondville
   40.05  -88.37  213 m version 1
 1995 239  8 27  1 54  1.900 104.71    -2.0 0    -0.4 0    -0.2 0 -9999.9 1   390.2 0   300.8 0   300.3 0   432.8 0   299.0 0   299.0 0     0.0 0     0.0 0     0.0 0   -42.7 0   -42.7 0    25.8 0    79.2 0     1.3 0    39.2 0   989.0 0
 1995 239  8 27  1 57  1.950 105.22    -2.1 0    -0.5 0    -0.1 0 -9999.9 1   389.9 0   300.7 0   300.2 0   432.7 0   298.9 0   298.9 0     0.0 0     0.0 0     0.0 0   -42.8 0   -42.8 0    25.8 0    79.3 0     1.4 0    40.1 0   989.0 0
 1995 239  8 27  2  0  2.000 105.73    -1.9 0    -0.6 0     0.0 0 -9999.9 1   389.9 0   300.6 0   300.2 0   432.9 0   298.8 0   298.8 0     0.0 0     0.0 0     0.0 0   -43.0 0   -43.0 0    26.0 0    79.3 0     1.6 0    44.4 0   989.0 0
 1995 239  8 27  2  3  2.050 106.23    -2.2 0    -0.6 0    -0.1 0 -9999.9 1   389.9 0   300.5 0   300.1 0   432.7 0   298.8 0   298.8 0     0.0 0     0.0 0     0.0 0   -42.8 0   -42.8 0    25.8 0    79.6 0     1.6 0    41.4 0   989.0 0
 1995 239  8 27  2  6  2.100 106.73    -2.4 0    -0.4 0    -0.2 0 -9999.9 1   389.4 0   300.5 0   300.0 0   432.5 0   298.7 0   298.7 0     0.0 0     0.0 0     0.0 0   -43.1 0   -43.1 0    25.7 0    80.1 0     1.6 0    35.9 0   989.1 0
 1995 239  8 27  2  9  2.150 107.23    -2.3 0    -0.4 0    -0.3 0 -9999.9 1   389.4 0   300.4 0   299.9 0   432.3 0   298.7 0   298.6 0     0.0 0     0.0 0     0.0 0   -42.9 0   -42.9 0    25.6 0    80.9 0     1.6 0    34.7 0   989.1 0
 1995 239  8 27  2 12  2.200 107.72    -2.4 0    -0.4 0    -0.3 0 -9999.9 1   388.9 0   300.3 0   299.8 0   431.8 0   298.6 0   298.6 0     0.0 0     0.0 0     0.0 0   -42.9 0   -42.9 0    25.6 0    81.7 0     1.6 0    39.7 0   989.1 0
 1995 239  8 27  2 15  2.250 108.22    -2.4 0    -0.4 0    -0.1 0 -9999.9 1   388.7 0   300.2 0   299.8 0   431.8 0   298.5 0   298.5 0     0.0 0     0.0 0     0.0 0   -43.1 0   -43.1 0    25.5 0    82.1 0     1.6 0    52.6 0   989.0 0
 1995 239  8 27  2 18  2.300 108.70    -2.2 0    -0.4 0    -0.3 0 -9999.9 1   386.9 0   300.1 0   299.7 0   431.5 0   298.5 0   298.4 0     0.0 0     0.0 0     0.0 0   -44.7 0   -44.7 0    25.5 0    82.3 0     1.7 0    56.4 0   989.0 0
 1995 239  8 27  2 21  2.350 109.19    -1.8 0    -0.4 0    -0.3 0 -9999.9 1   386.5 0   300.1 0   299.6 0   430.7 0   298.4 0   298.4 0     0.0 0     0.0 0     0.0 0   -44.2 0   -44.2 0    25.3 0    82.7 0     1.7 0    57.7 0   988.9 0
 1995 239  8 27  2 24  2.400 109.67    -2.1 0    -0.4 0    -0.1 0 -9999.9 1   387.0 0   300.0 0   299.6 0   430.5 0   298.3 0   298.3 0     0.0 0     0.0 0     0.0 0   -43.4 0   -43.4 0    25.2 0    83.0 0     1.5 0    62.2 0   988.9 0
 1995 239  8 27  2 27  2.450 110.15    -2.1 0    -0.4 0    -0.1 0 -9999.9 1   386.9 0   299.9 0   299.5 0   430.1 0   298.3 0   298.3 0     0.0 0     0.0 0     0.0 0   -43.3 0   -43.3 0    25.3 0    82.9 0     1.5 0    61.1 0   989.0 0
 1995 239  8 27  2 30  2.500 110.63    -1.8 0    -0.4 0     0.0 0 -9999.9 1   386.8 0   299.9 0   299.4 0   429.9 0   298.2 0   298.2 0     0.0 0     0.0 0     0.0 0   -43.2 0   -43.2 0    25.4 0    82.9 0     1.5 0    66.3 0   989.0 0
 1995 239  8 27  2 33  2.550 111.10    -1.9 0    -0.5 0     0.0 0 -9999.9 1   386.8 0   299.8 0   299.4 0   429.7 0   298.2 0   298.2 0     0.0 0     0.0 0     0.0 0   -42.9 0   -42.9 0    25.3 0    82.8 0     1.3 0    73.6 0   989.1 0
 1995 239  8 27  2 36  2.600 111.57    -1.8 0    -0.4 0     0.0 0 -9999.9 1   386.8 0   299.7 0   299.3 0   429.3 0   298.2 0   298.2 0     0.0 0     0.0 0     0.0 0   -42.5 0   -42.5 0    25.2 0    82.9 0     1.4 0    72.7 0   989.1 0
 1995 239  8 27  2 39  2.650 112.04    -2.2 0    -0.4 0     0.0 0 -9999.9 1   386.7 0   299.7 0   299.3 0   429.0 0   298.1 0   298.1 0     0.0 0     0.0 0     0.0 0   -42.3 0   -42.3 0    25.3 0    83.0 0     1.2 0    65.1 0   989.1 0
 1995 239  8 27  2 42  2.700 112.50    -2.1 0    -0.4 0     0.0 0 -9999.9 1   386.7 0   299.6 0   299.2 0   429.0 0   298.1 0   298.1 0     0.0 0     0.0 0     0.0 0   -42.3 0   -42.3 0    25.2 0    83.1 0     1.4 0    57.6 0   989.1 0
 1995 239  8 27  2 45  2.750 112.96    -1.9 0    -0.5 0    -0.1 0 -9999.9 1   387.4 0   299.6 0   299.1 0   430.2 0   298.0 0   298.0 0     0.0 0     0.0 0     0.0 0   -42.8 0   -42.8 0    25.2 0    83.1 0     1.7 0    59.0 0   989.1 0
 1995 239  8 27  2 48  2.800 113.41    -2.5 0    -0.5 0     0.0 0 -9999.9 1   388.0 0   299.5 0   299.1 0   430.0 0   298.0 0   298.0 0     0.0 0     0.0 0     0.0 0   -42.1 0   -42.1 0    25.2 0    83.1 0     1.7 0    56.0 0   989.2 0
 1995 239  8 27  2 51  2.850 113.86    -2.2 0    -0.3 0     0.0 0 -9999.9 1   387.0 0   299.5 0   299.0 0   428.7 0   298.0 0   297.9 0     0.0 0     0.0 0     0.0 0   -41.6 0   -41.6 0    25.1 0    83.4 0     1.5 0    49.3 0   989.2 0
 1995 239  8 27  2 54  2.900 114.31    -1.8 0    -0.3 0     0.0 0 -9999.9 1   386.6 0   299.4 0   299.0 0   428.1 0   297.9 0   297.9 0     0.0 0     0.0 0     0.0 0   -41.5 0   -41.5 0    25.0 0    84.0 0     1.5 0    46.7 0   989.2 0
 1995 239  8 27  2 57  2.950 114.75    -2.4 0    -0.3 0     0.0 0 -9999.9 1   386.3 0   299.4 0   299.0 0   428.0 0   297.8 0   297.8 0     0.0 0     0.0 0     0.0 0   -41.7 0   -41.7 0    24.8 0    84.5 0     1.4 0    49.6 0   989.2 0
 1995 239  8 27  3  0  3.000 115.19    -2.0 0    -0.3 0    -0.1 0 -9999.9 1   386.2 0   299.3 0   298.9 0   427.8 0   297.7 0   297.7 0     0.0 0     0.0 0     0.0 0   -41.6 0   -41.6 0    24.7 0    85.0 0     1.5 0    53.7 0   989.2 0
 1995 239  8 27  3  3  3.050 115.62    -2.1 0    -0.4 0    -0.1 0 -9999.9 1   386.1 0   299.3 0   298.9 0   427.8 0   297.6 0   297.6 0     0.0 0     0.0 0     0.0 0   -41.7 0   -41.7 0    24.7 0    85.2 0     1.5 0    49.3 0   989.2 0
 1995 239  8 27  3  6  3.100 116.05    -1.0 0    -0.4 0    -0.1 0 -9999.9 1   386.0 0   299.2 0   298.8 0   427.7 0   297.6 0   297.6 0     0.0 0     0.0 0     0.0 0   -41.7 0   -41.7 0    24.5 0    85.5 0     1.6 0    47.7 0   989.2 0
 1995 239  8 27  3  9  3.150 116.47    -1.1 0    -0.5 0    -0.1 0 -9999.9 1   385.8 0   299.2 0   298.7 0   427.6 0   297.5 0   297.5 0     0.0 0     0.0 0     0.0 0   -41.8 0   -41.8 0    24.7 0    85.4 0     1.6 0    50.9 0   989.1 0
 1995 239  8 27  3 12  3.200 116.89    -3.1 0    -0.5 0    -0.1 0 -9999.9 1   385.5 0   299.1 0   298.7 0   427.1 0   297.5 0   297.5 0     0.0 0     0.0 0     0.0 0   -41.6 0   -41.6 0    24.9 0    85.4 0     1.5 0    49.2 0   989.1 0
 1995 239  8 27  3 15  3.250 117.31    -2.8 0    -0.5 0    -0.2 0 -9999.9 1   385.2 0   299.0 0   298.6 0   426.8 0   297.4 0   297.4 0     0.0 0     0.0 0     0.0 0   -41.7 0   -41.7 0    24.7 0    85.7 0     1.5 0    43.0 0   989.1 0
 1995 239  8 27  3 18  3.300 117.72    -2.6 0    -0.5 0    -0.2 0 -9999.9 1   384.8 0   299.0 0   298.5 0   426.9 0   297.4 0   297.4 0     0.0 0     0.0 0     0.0 0   -42.1 0   -42.1 0    24.8 0    85.6 0     1.6 0    48.7 0   989.1 0
 1995 239  8 27  3 21  3.350 118.12    -2.8 0    -0.6 0    -0.1 0 -9999.9 1   384.5 0   298.9 0   298.5 0   427.1 0   297.4 0   297.4 0     0.0 0     0.0 0     0.0 0   -42.6 0   -42.6 0    24.8 0    85.6 0     1.9 0    59.0 0   989.1 0
 1995 239  8 27  3 24  3.400 118.53    -0.8 0    -1.0 0    -0.3 0 -9999.9 1   383.2 0   298.8 0   298.4 0   428.0 0   297.4 0   297.5 0     0.0 0     0.0 0     0.0 0   -44.8 0   -44.8 0    24.6 0    85.4 0     2.0 0    58.7 0   989.1 0
 1995 239  8 27  3 27  3.450 118.92     1.4 0    -0.5 0    -0.1 0 -9999.9 1   382.9 0   298.8 0   298.3 0   426.2 0   297.5 0   297.4 0     0.0 0     0.0 0     0.0 0   -43.3 0   -43.3 0    24.7 0    85.4 0     1.6 0    45.6 0   989.1 0
 1995 239  8 27  3 30  3.500 119.31    -1.8 0    -0.2 0    -0.1 0 -9999.9 1   382.8 0   298.7 0   298.2 0   425.2 0   297.4 0   297.4 0     0.0 0     0.0 0     0.0 0   -42.4 0   -42.4 0    24.5 0    86.0 0     1.7 0    49.3 0   989.1 0
 1995 239  8 27  3 33  3.550 119.70    -0.9 0    -0.3 0     0.0 0 -9999.9 1   383.5 0   298.7 0   298.2 0   425.8 0   297.3 0   297.3 0     0.0 0     0.0 0     0.0 0   -42.4 0   -42.4 0    24.3 0    86.7 0     1.9 0    48.6 0   989.1 0
 1995 239  8 27  3 36  3.600 120.08    -1.6 0    -0.5 0     0.0 0 -9999.9 1   382.8 0   298.6 0   298.2 0   425.5 0   297.3 0   297.3 0     0.0 0     0.0 0     0.0 0   -42.7 0   -42.7 0    24.5 0    86.7 0     2.0 0    37.9 0   989.1 0
 1995 239  8 27  3 39  3.650 120.45    -2.5 0    -0.4 0    -0.1 0 -9999.9 1   382.6 0   298.6 0   298.1 0   424.8 0   297.3 0   297.2 0     0.0 0     0.0 0     0.0 0   -42.2 0   -42.2 0    24.4 0    86.8 0     2.1 0    33.9 0   989.1 0
 1995 239  8 27  3 42  3.700 120.82    -4.3 0    -0.3 0     0.0 0 -9999.9 1   382.7 0   298.5 0   298.1 0   424.7 0   297.2 0   297.2 0     0.0 0     0.0 0     0.0 0   -42.0 0   -42.0 0    25.0 0    86.6 0     2.1 0    38.4 0   989.1 0
 1995 239  8 27  3 45  3.750 121.18    -1.4 0    -0.3 0     0.0 0 -9999.9 1   382.6 0   298.5 0   298.0 0   424.5 0   297.1 0   297.1 0     0.0 0     0.0 0     0.0 0   -41.9 0   -41.9 0    24.4 0    86.7 0     2.3 0    35.3 0   989.1 0
 1995 239  8 27  3 48  3.800 121.54    -5.9 0    -0.3 0     0.0 0 -9999.9 1   382.6 0   298.4 0   298.0 0   424.5 0   297.1 0   297.1 0     0.0 0     0.0 0     0.0 0   -41.9 0   -41.9 0    24.7 0    86.6 0     2.3 0    33.7 0   989.2 0
 1995 239  8 27  3 51  3.850 121.89    -3.6 0    -0.3 0    -0.1 0 -9999.9 1   382.2 0   298.4 0   298.0 0   423.8 0   297.0 0   297.0 0     0.0 0     0.0 0     0.0 0   -41.6 0   -41.6 0    24.6 0    86.7 0     2.3 0    33.5 0   989.2 0
 1995 239  8 27  3 54  3.900 122.23    -2.6 0    -0.2 0    -0.1 0 -9999.9 1   381.9 0   298.4 0   297.9 0   423.2 0   297.0 0   296.9 0     0.0 0     0.0 0     0.0 0   -41.3 0   -41.3 0    24.0 0    87.1 0     2.5 0    28.8 0   989.2 0
 1995 239  8 27  3 57  3.950 122.57    -2.8 0    -0.1 0    -0.1 0 -9999.9 1   381.7 0   298.3 0   297.9 0   423.0 0   296.9 0   296.8 0     0.0 0     0.0 0     0.0 0   -41.3 0   -41.3 0    23.9 0    87.6 0     2.5 0    29.0 0   989.1 0
 1995 239  8 27  4  0  4.000 122.90    -2.6 0    -0.1 0     0.0 0 -9999.9 1   381.6 0   298.3 0   297.9 0   423.1 0   296.8 0   296.7 0     0.0 0     0.0 0     0.0 0   -41.5 0   -41.5 0    23.8 0    88.1 0     2.4 0    35.2 0   989.1 0
 1995 239  8 27  4  3  4.050 123.23    -2.3 0    -0.3 0     0.0 0 -9999.9 1   381.7 0   298.3 0   297.8 0   423.2 0   296.7 0   296.7 0     0.0 0     0.0 0     0.0 0   -41.5 0   -41.5 0    23.9 0    88.5 0     2.2 0    42.2 0   989.2 0
 1995 239  8 27  4  6  4.100 123.55    -2.7 0    -0.4 0     0.0 0 -9999.9 1   381.6 0   298.2 0   297.8 0   422.7 0   296.6 0   296.6 0     0.0 0     0.0 0     0.0 0   -41.1 0   -41.1 0    23.9 0    88.4 0     2.2 0    39.5 0   989.2 0
 1995 239  8 27  4  9  4.150 123.86    -1.0 0    -0.4 0     0.0 0 -9999.9 1   381.8 0   298.2 0   297.8 0   422.8 0   296.6 0   296.6 0     0.0 0     0.0 0     0.0 0   -41.0 0   -41.0 0    23.7 0    88.5 0     2.3 0    39.8 0   989.2 0
 1995 239  8 27  4 12  4.200 124.17    -4.5 0    -0.3 0     0.0 0 -9999.9 1   381.8 0   298.2 0   297.8 0   422.6 0   296.5 0   296.5 0     0.0 0     0.0 0     0.0 0   -40.8 0   -40.8 0    23.6 0    88.4 0     2.3 0    30.6 0   989.2 0
 1995 239  8 27  4 15  4.250 124.46    -2.8 0    -0.2 0    -0.1 0 -9999.9 1   381.6 0   298.2 0   297.7 0   422.2 0   296.5 0   296.5 0     0.0 0     0.0 0     0.0 0   -40.5 0   -40.5 0    23.6 0    88.6 0     2.5 0    17.4 0   989.2 0
 1995 239  8 27  4 18  4.300 124.76    -3.1 0    -0.1 0    -0.1 0 -9999.9 1   381.7 0   298.1 0   297.6 0   422.6 0   296.4 0   296.3 0     0.0 0     0.0 0     0.0 0   -40.8 0   -40.8 0    23.3 0    88.8 0     2.8 0     8.6 0   989.3 0
 1995 239  8 27  4 21  4.350 125.04    -2.4 0    -0.1 0     0.0 0 -9999.9 1   382.3 0   298.0 0   297.6 0   423.9 0   296.3 0   296.3 0     0.0 0     0.0 0     0.0 0   -41.6 0   -41.6 0    23.2 0    89.4 0     3.0 0     5.0 0   989.4 0
 1995 239  8 27  4 24  4.400 125.32    -2.1 0    -0.1 0    -0.1 0 -9999.9 1   382.3 0   298.0 0   297.6 0   423.9 0   296.2 0   296.2 0     0.0 0     0.0 0     0.0 0   -41.6 0   -41.6 0    23.0 0    89.7 0     2.7 0     2.5 0   989.4 0
 1995 239  8 27  4 27  4.450 125.59    -1.1 0    -0.2 0    -0.1 0 -9999.9 1   382.8 0   297.9 0   297.5 0   423.3 0   296.1 0   296.1 0     0.0 0     0.0 0     0.0 0   -40.5 0   -40.5 0    23.0 0    90.0 0     2.4 0     6.7 0   989.4 0
 1995 239  8 27  4 30  4.500 125.85    -1.8 0    -0.3 0    -0.1 0 -9999.9 1   383.0 0   297.9 0   297.5 0   423.0 0   296.1 0   296.1 0     0.0 0     0.0 0     0.0 0   -40.0 0   -40.0 0    23.1 0    90.0 0     2.6 0    11.5 0   989.4 0
 1995 239  8 27  4 33  4.550 126.10    -2.4 0    -0.3 0     0.0 0 -9999.9 1   382.8 0   297.9 0   297.4 0   422.6 0   296.1 0   296.1 0     0.0 0     0.0 0     0.0 0   -39.8 0   -39.8 0    23.0 0    90.1 0     2.6 0    14.6 0   989.4 0
 1995 239  8 27  4 36  4.600 126.35    -2.2 0    -0.3 0    -0.1 0 -9999.9 1   382.7 0   297.8 0   297.4 0   422.1 0   296.1 0   296.0 0     0.0 0     0.0 0     0.0 0   -39.5 0   -39.5 0    23.0 0    90.1 0     2.4 0    11.4 0   989.4 0
 1995 239  8 27  4 39  4.650 126.59    -3.7 0    -0.2 0     0.0 0 -9999.9 1   382.5 0   297.8 0   297.4 0   421.7 0   296.0 0   296.0 0     0.0 0     0.0 0     0.0 0   -39.2 0   -39.2 0    23.0 0    90.1 0     2.3 0    13.4 0   989.4 0
 1995 239  8 27  4 42  4.700 126.82    -1.8 0    -0.2 0     0.0 0 -9999.9 1   382.3 0   297.8 0   297.4 0   421.5 0   296.0 0   296.0 0     0.0 0     0.0 0     0.0 0   -39.2 0   -39.2 0    22.9 0    90.3 0     2.2 0    18.2 0   989.3 0
 1995 239  8 27  4 45  4.750 127.04    -2.9 0    -0.3 0     0.0 0 -9999.9 1   381.9 0   297.8 0   297.4 0   421.5 0   295.9 0   295.9 0     0.0 0     0.0 0     0.0 0   -39.6 0   -39.6 0    22.9 0    90.4 0     2.1 0    26.0 0   989.3 0
 1995 239  8 27  4 48  4.800 127.25    -4.1 0    -0.3 0     0.0 0 -9999.9 1   381.6 0   297.8 0   297.4 0   421.5 0   295.9 0   295.9 0     0.0 0     0.0 0     0.0 0   -39.9 0   -39.9 0    23.0 0    90.5 0     2.1 0    33.0 0   989.3 0
 1995 239  8 27  4 51  4.850 127.46    -2.4 0    -0.3 0     0.1 0 -9999.9 1   381.5 0   297.8 0   297.5 0   421.1 0   295.9 0   295.8 0     0.0 0     0.0 0     0.0 0   -39.6 0   -39.6 0    23.0 0    90.6 0     2.0 0    35.3 0   989.3 0
 1995 239  8 27  4 54  4.900 127.66    -0.6 0    -0.3 0     0.1 0 -9999.9 1   381.4 0   297.9 0   297.5 0   420.9 0   295.8 0   295.8 0     0.0 0     0.0 0     0.0 0   -39.5 0   -39.5 0    22.8 0    90.8 0     1.9 0    35.0 0   989.3 0
 1995 239  8 27  4 57  4.950 127.85    -1.4 0    -0.2 0     0.1 0 -9999.9 1   381.6 0   297.9 0   297.5 0   421.0 0   295.7 0   295.7 0     0.0 0     0.0 0     0.0 0   -39.4 0   -39.4 0    22.8 0    90.9 0     1.8 0    32.3 0   989.4 0
 1995 239  8 27  5  0  5.000 128.03     0.0 0    -0.2 0     0.1 0 -9999.9 1   381.2 0   297.9 0   297.5 0   420.6 0   295.7 0   295.7 0     0.0 0     0.0 0     0.0 0   -39.4 0   -39.4 0    22.6 0    91.1 0     1.9 0    19.6 0   989.4 0
 1995 239  8 27  5  3  5.050 128.20    -2.3 0    -0.2 0     0.0 0 -9999.9 1   381.0 0   297.9 0   297.5 0   420.3 0   295.6 0   295.6 0     0.0 0     0.0 0     0.0 0   -39.3 0   -39.3 0    22.5 0    91.4 0     2.0 0    10.5 0   989.5 0
 1995 239  8 27  5  6  5.100 128.36    -3.4 0    -0.2 0     0.0 0 -9999.9 1   380.5 0   297.9 0   297.4 0   420.5 0   295.6 0   295.5 0     0.0 0     0.0 0     0.0 0   -40.0 0   -40.0 0    22.4 0    91.6 0     2.1 0     6.8 0   989.5 0
 1995 239  8 27  5  9  5.150 128.52    -4.1 0    -0.2 0     0.0 0 -9999.9 1   380.2 0   297.9 0   297.4 0   421.0 0   295.5 0   295.5 0     0.0 0     0.0 0     0.0 0   -40.8 0   -40.8 0    22.1 0    91.9 0     2.3 0     4.6 0   989.5 0
 1995 239  8 27  5 12  5.200 128.66    -7.2 0    -0.3 0    -0.1 0 -9999.9 1   380.0 0   297.8 0   297.4 0   421.1 0   295.5 0   295.5 0     0.0 0     0.0 0     0.0 0   -41.0 0   -41.0 0    22.4 0    92.0 0     2.4 0    10.0 0   989.5 0
 1995 239  8 27  5 15  5.250 128.80     0.0 0    -0.3 0    -0.2 0 -9999.9 1   379.8 0   297.8 0   297.3 0   421.1 0   295.5 0   295.5 0     0.0 0     0.0 0     0.0 0   -41.3 0   -41.3 0    22.3 0    92.1 0     2.2 0    11.9 0   989.5 0
 1995 239  8 27  5 18  5.300 128.93    -3.1 0    -0.3 0    -0.1 0 -9999.9 1   379.7 0   297.7 0   297.3 0   420.6 0   295.5 0   295.5 0     0.0 0     0.0 0     0.0 0   -40.9 0   -40.9 0    22.5 0    92.1 0     2.0 0    17.3 0   989.4 0
 1995 239  8 27  5 21  5.350 129.05    -2.8 0    -0.3 0     0.0 0 -9999.9 1   379.9 0   297.6 0   297.2 0   420.5 0   295.5 0   295.5 0     0.0 0     0.0 0     0.0 0   -40.6 0   -40.6 0    22.5 0    92.1 0     2.0 0    19.7 0   989.4 0
 1995 239  8 27  5 24  5.400 129.15    -2.5 0    -0.3 0     0.0 0 -9999.9 1   380.1 0   297.6 0   297.2 0   420.2 0   295.4 0   295.4 0     0.0 0     0.0 0     0.0 0   -40.1 0   -40.1 0    22.5 0    92.1 0     2.1 0    22.8 0   989.4 0
 1995 239  8 27  5 27  5.450 129.25    -6.5 0    -0.3 0     0.0 0 -9999.9 1   380.0 0   297.6 0   297.2 0   420.0 0   295.4 0   295.4 0     0.0 0     0.0 0     0.0 0   -40.0 0   -40.0 0    22.6 0    92.0 0     2.4 0    23.2 0   989.4 0
 1995 239  8 27  5 30  5.500 129.34    -3.4 0    -0.3 0     0.0 0 -9999.9 1   379.4 0   297.6 0   297.1 0   419.6 0   295.4 0   295.4 0     0.0 0     0.0 0     0.0 0   -40.2 0   -40.2 0    22.4 0    92.2 0     2.2 0    25.1 0   989.4 0
 1995 239  8 27  5 33  5.550 129.43     4.3 0    -0.4 0     0.0 0 -9999.9 1   379.0 0   297.5 0   297.1 0   419.2 0   295.3 0   295.4 0     0.0 0    -0.1 0     0.0 0   -40.2 0   -40.2 0    22.5 0    92.3 0     2.0 0    36.8 0   989.4 0
 1995 239  8 27  5 36  5.600 129.50    -2.3 0    -0.4 0     0.0 0 -9999.9 1   379.1 0   297.5 0   297.1 0   419.6 0   295.3 0   295.4 0     0.0 0     0.0 0     0.0 0   -40.5 0   -40.5 0    22.5 0    92.2 0     2.0 0    42.2 0   989.4 0
 1995 239  8 27  5 39  5.650 129.56    -1.9 0    -0.4 0     0.0 0 -9999.9 1   379.1 0   297.5 0   297.1 0   419.3 0   295.3 0   295.3 0     0.0 0     0.0 0     0.0 0   -40.3 0   -40.3 0    22.6 0    92.0 0     1.9 0    38.2 0   989.4 0
 1995 239  8 27  5 42  5.700 129.61    -1.3 0    -0.3 0     0.0 0 -9999.9 1   378.9 0   297.6 0   297.2 0   418.7 0   295.3 0   295.3 0     0.0 0     0.0 0     0.0 0   -39.8 0   -39.8 0    22.4 0    92.0 0     1.9 0    36.7 0   989.4 0
 1995 239  8 27  5 45  5.750 129.65    -3.8 0    -0.4 0     0.0 0 -9999.9 1   378.7 0   297.6 0   297.2 0   418.5 0   295.3 0   295.3 0     0.0 0     0.0 0     0.0 0   -39.7 0   -39.7 0    22.5 0    91.9 0     1.9 0    35.7 0   989.4 0
 1995 239  8 27  5 48  5.800 129.69    -4.6 0    -0.4 0     0.0 0 -9999.9 1   378.5 0   297.6 0   297.2 0   418.4 0   295.3 0   295.3 0     0.0 0     0.0 0     0.0 0   -39.9 0   -39.9 0    22.5 0    91.9 0     2.0 0    38.9 0   989.4 0
 1995 239  8 27  5 51  5.850 129.71    -3.8 0    -0.5 0     0.0 0 -9999.9 1   378.5 0   297.5 0   297.1 0   418.4 0   295.3 0   295.3 0     0.0 0     0.0 0     0.0 0   -39.9 0   -39.9 0    22.6 0    91.8 0     2.0 0    38.2 0   989.4 0
 1995 239  8 27  5 54  5.900 129.73    -0.7 0    -0.4 0     0.0 0 -9999.9 1   378.0 0   297.5 0   297.1 0   418.5 0   295.3 0   295.3 0     0.0 0     0.0 0     0.0 0   -40.4 0   -40.4 0    22.7 0    91.6 0     2.1 0    32.3 0   989.5 0
 1995 239  8 27  5 57  5.950 129.73    -0.8 0    -0.4 0    -0.1 0 -9999.9 1   377.3 0   297.5 0   297.1 0   418.0 0   295.2 0   295.3 0     0.0 0     0.0 0     0.0 0   -40.6 0   -40.6 0    22.6 0    91.6 0     2.2 0    22.9 0   989.4 0
 1995 239  8 27  6  0  6.000 129.73    -3.7 0    -0.3 0    -0.1 0 -9999.9 1   376.5 0   297.4 0   297.0 0   417.4 0   295.2 0   295.2 0     0.0 0     0.0 0     0.0 0   -41.0 0   -41.0 0    22.6 0    91.6 0     2.5 0    20.1 0   989.4 0
 1995 239  8 27  6  3  6.050 129.71    -3.8 0    -0.1 0    -0.2 0 -9999.9 1   376.3 0   297.4 0   296.9 0   417.2 0   295.2 0   295.2 0     0.0 0     0.0 0     0.0 0   -41.0 0   -41.0 0    22.6 0    91.7 0     2.6 0    21.8 0   989.4 0
 1995 239  8 27  6  6  6.100 129.69    -0.4 0    -0.3 0    -0.2 0 -9999.9 1   376.6 0   297.3 0   296.9 0   417.2 0   295.2 0   295.2 0     0.0 0     0.0 0     0.0 0   -40.6 0   -40.6 0    22.5 0    91.8 0     2.5 0    26.6 0   989.3 0
 1995 239  8 27  6  9  6.150 129.65    -5.1 0    -0.5 0     0.0 0 -9999.9 1   376.8 0   297.2 0   296.8 0   417.4 0   295.2 0   295.2 0     0.0 0     0.0 0     0.0 0   -40.5 0   -40.5 0    23.0 0    91.3 0     2.2 0    31.5 0   989.3 0
 1995 239  8 27  6 12  6.200 129.61    -3.6 0    -0.6 0     0.0 0 -9999.9 1   376.7 0   297.2 0   296.8 0   417.1 0   295.2 0   295.2 0     0.0 0     0.0 0     0.0 0   -40.4 0   -40.4 0    23.0 0    91.0 0     2.0 0    39.0 0   989.2 0
 1995 239  8 27  6 15  6.250 129.55    -1.8 0    -0.6 0     0.0 0 -9999.9 1   376.8 0   297.2 0   296.7 0   417.1 0   295.3 0   295.3 0     0.0 0     0.0 0     0.0 0   -40.3 0   -40.3 0    23.0 0    90.7 0     2.1 0    41.0 0   989.2 0
 1995 239  8 27  6 18  6.300 129.49    -1.5 0    -0.4 0     0.0 0 -9999.9 1   376.7 0   297.1 0   296.7 0   417.0 0   295.3 0   295.3 0     0.0 0     0.0 0     0.0 0   -40.3 0   -40.3 0    23.0 0    90.4 0     2.1 0    41.6 0   989.2 0
 1995 239  8 27  6 21  6.350 129.42    -4.8 0    -0.3 0     0.0 0 -9999.9 1   376.4 0   297.1 0   296.7 0   416.9 0   295.3 0   295.3 0     0.0 0     0.0 0     0.0 0   -40.4 0   -40.4 0    22.8 0    90.4 0     2.0 0    41.2 0   989.2 0
 1995 239  8 27  6 24  6.400 129.34    -2.8 0    -0.3 0     0.0 0 -9999.9 1   376.1 0   297.1 0   296.7 0   416.2 0   295.3 0   295.3 0     0.0 0     0.0 0     0.0 0   -40.1 0   -40.1 0    22.7 0    90.5 0     1.8 0    34.0 0   989.2 0
