 Bondville
   40.05  -88.37  213 m version 1
 1995  83  3 24 19 57 19.950  46.64   719.7 0   155.2 0   924.1 0 -9999.9 1   251.8 0   291.2 0   291.4 0   400.7 0   285.9 0   286.4 0    99.8 0   304.0 0   564.6 0  -148.9 0   415.7 0 -9999.9 1 -9999.9 1 -9999.9 1 -9999.9 1 -9999.9 1
 1995  83  3 24 20  0 20.000  47.03   719.2 0   154.4 0   932.5 0 -9999.9 1   251.3 0   291.3 0   291.5 0   403.2 0   285.9 0   286.4 0    98.4 0   303.7 0   564.8 0  -151.9 0   412.9 0 -9999.9 1 -9999.9 1 -9999.9 1 -9999.9 1 -9999.9 1
 1995  83  3 24 20  3 20.050  47.42   713.5 0   154.3 0   930.9 0 -9999.9 1   250.9 0   291.4 0   291.6 0   400.4 0   285.9 0   286.4 0    96.6 0   300.8 0   559.2 0  -149.5 0   409.7 0 -9999.9 1 -9999.9 1 -9999.9 1 -9999.9 1 -9999.9 1
 1995  83  3 24 20  6 20.100  47.82   704.4 0   152.2 0   924.3 0 -9999.9 1   251.5 0   291.6 0   291.7 0   401.5 0   285.9 0   286.4 0    94.3 0   297.0 0   552.2 0  -149.9 0   402.3 0 -9999.9 1 -9999.9 1 -9999.9 1 -9999.9 1 -9999.9 1
 1995  83  3 24 20  9 20.150  48.22   696.9 0   150.9 0   917.0 0 -9999.9 1   253.4 0   291.6 0   291.7 0   401.2 0   285.9 0   286.4 0    92.1 0   293.9 0   545.9 0  -147.8 0   398.1 0 -9999.9 1 -9999.9 1 -9999.9 1 -9999.9 1 -9999.9 1
 1995  83  3 24 20 12 20.200  48.63   688.6 0   148.7 0   912.6 0 -9999.9 1   253.1 0   291.7 0   291.7 0   401.3 0   286.0 0   286.5 0    89.9 0   290.2 0   539.8 0  -148.2 0   391.7 0 -9999.9 1 -9999.9 1 -9999.9 1 -9999.9 1 -9999.9 1
 1995  83  3 24 20 15 20.250  49.04   684.5 0   148.6 0   916.5 0 -9999.9 1   252.2 0   291.8 0   291.8 0   400.3 0   286.1 0   286.5 0    88.1 0   288.2 0   535.8 0  -148.2 0   387.7 0 -9999.9 1 -9999.9 1 -9999.9 1 -9999.9 1 -9999.9 1
 1995  83  3 24 20 18 20.300  49.46   683.1 0   148.8 0   924.8 0 -9999.9 1   252.2 0   291.8 0   291.8 0   400.7 0   286.1 0   286.5 0    86.7 0   287.9 0   534.3 0  -148.5 0   385.8 0 -9999.9 1 -9999.9 1 -9999.9 1 -9999.9 1 -9999.9 1
 1995  83  3 24 20 21 20.350  49.89   674.0 0   146.4 0   915.9 0 -9999.9 1   252.9 0   291.9 0   291.8 0   401.3 0   286.1 0   286.6 0    84.5 0   284.2 0   527.6 0  -148.4 0   379.2 0 -9999.9 1 -9999.9 1 -9999.9 1 -9999.9 1 -9999.9 1
 1995  83  3 24 20 24 20.400  50.32   665.8 0   146.9 0   910.7 0 -9999.9 1   253.3 0   291.9 0   291.9 0   398.8 0   286.2 0   286.6 0    82.5 0   280.9 0   518.9 0  -145.5 0   373.4 0 -9999.9 1 -9999.9 1 -9999.9 1 -9999.9 1 -9999.9 1
 1995  83  3 24 20 27 20.450  50.76   656.2 0   144.6 0   904.0 0 -9999.9 1   252.6 0   291.9 0   291.9 0   399.1 0   286.2 0   286.6 0    80.1 0   276.7 0   511.6 0  -146.5 0   365.1 0 -9999.9 1 -9999.9 1 -9999.9 1 -9999.9 1 -9999.9 1
 1995  83  3 24 20 30 20.500  51.20   650.3 0   143.3 0   908.3 0 -9999.9 1   252.5 0   292.0 0   292.0 0   400.4 0   286.2 0   286.7 0    78.2 0   273.9 0   507.0 0  -148.0 0   359.0 0 -9999.9 1 -9999.9 1 -9999.9 1 -9999.9 1 -9999.9 1
 1995  83  3 24 20 33 20.550  51.64   643.2 0   142.0 0   907.7 0 -9999.9 1   252.9 0   292.0 0   292.0 0   399.8 0   286.2 0   286.7 0    76.4 0   271.1 0   501.2 0  -147.0 0   354.2 0 -9999.9 1 -9999.9 1 -9999.9 1 -9999.9 1 -9999.9 1
 1995  83  3 24 20 36 20.600  52.10   636.1 0   141.8 0   906.3 0 -9999.9 1   253.4 0   292.1 0   291.9 0   396.7 0   286.2 0   286.6 0    74.4 0   268.2 0   494.3 0  -143.3 0   351.0 0 -9999.9 1 -9999.9 1 -9999.9 1 -9999.9 1 -9999.9 1
 1995  83  3 24 20 39 20.650  52.55   627.9 0   140.5 0   901.1 0 -9999.9 1   253.3 0   292.1 0   291.9 0   397.4 0   286.2 0   286.6 0    72.4 0   264.6 0   487.4 0  -144.0 0   343.3 0 -9999.9 1 -9999.9 1 -9999.9 1 -9999.9 1 -9999.9 1
 1995  83  3 24 20 42 20.700  53.01   618.8 0   138.4 0   895.9 0 -9999.9 1   253.0 0   292.1 0   292.0 0   397.6 0   286.2 0   286.6 0    70.3 0   260.7 0   480.4 0  -144.6 0   335.8 0 -9999.9 1 -9999.9 1 -9999.9 1 -9999.9 1 -9999.9 1
 1995  83  3 24 20 45 20.750  53.48   607.9 0   135.9 0   887.2 0 -9999.9 1   252.4 0   292.1 0   292.0 0   398.3 0   286.2 0   286.6 0    68.0 0   256.0 0   472.0 0  -145.9 0   326.1 0 -9999.9 1 -9999.9 1 -9999.9 1 -9999.9 1 -9999.9 1
 1995  83  3 24 20 48 20.800  53.94   602.3 0   134.6 0   889.9 0 -9999.9 1   253.4 0   292.1 0   292.1 0   398.9 0   286.3 0   286.7 0    66.3 0   253.7 0   467.7 0  -145.5 0   322.2 0 -9999.9 1 -9999.9 1 -9999.9 1 -9999.9 1 -9999.9 1
 1995  83  3 24 20 51 20.850  54.42   594.1 0   135.5 0   885.0 0 -9999.9 1   254.5 0   292.1 0   291.9 0   393.6 0   286.2 0   286.6 0    64.4 0   250.7 0   458.6 0  -139.1 0   319.5 0 -9999.9 1 -9999.9 1 -9999.9 1 -9999.9 1 -9999.9 1
 1995  83  3 24 20 54 20.900  54.89   585.6 0   133.1 0   882.1 0 -9999.9 1   254.5 0   292.1 0   292.0 0   396.3 0   286.2 0   286.7 0    62.4 0   247.2 0   452.5 0  -141.9 0   310.7 0 -9999.9 1 -9999.9 1 -9999.9 1 -9999.9 1 -9999.9 1
 1995  83  3 24 20 57 20.950  55.38   576.7 0   131.3 0   876.8 0 -9999.9 1   255.6 0   292.1 0   291.9 0   395.8 0   286.2 0   286.7 0    60.5 0   243.6 0   445.4 0  -140.2 0   305.3 0 -9999.9 1 -9999.9 1 -9999.9 1 -9999.9 1 -9999.9 1
 1995  83  3 24 21  0 21.000  55.86   566.5 0   130.1 0   871.8 0 -9999.9 1   256.0 0   292.1 0   291.8 0   393.8 0   286.3 0   286.7 0    58.5 0   239.6 0   436.5 0  -137.9 0   298.6 0 -9999.9 1 -9999.9 1 -9999.9 1 -9999.9 1 -9999.9 1
 1995  83  3 24 21  3 21.050  56.35   561.8 0   130.2 0   873.6 0 -9999.9 1   256.1 0   292.1 0   291.9 0   391.9 0   286.2 0   286.6 0    56.9 0   237.8 0   431.6 0  -135.8 0   295.7 0 -9999.9 1 -9999.9 1 -9999.9 1 -9999.9 1 -9999.9 1
 1995  83  3 24 21  6 21.100  56.84   550.7 0   128.2 0   865.8 0 -9999.9 1   255.9 0   292.0 0   291.8 0   392.3 0   286.1 0   286.5 0    54.9 0   233.0 0   422.5 0  -136.4 0   286.1 0 -9999.9 1 -9999.9 1 -9999.9 1 -9999.9 1 -9999.9 1
 1995  83  3 24 21  9 21.150  57.34   540.9 0   124.7 0   860.0 0 -9999.9 1   255.1 0   292.0 0   291.9 0   395.6 0   286.1 0   286.5 0    52.8 0   227.8 0   416.2 0  -140.5 0   275.7 0 -9999.9 1 -9999.9 1 -9999.9 1 -9999.9 1 -9999.9 1
 1995  83  3 24 21 12 21.200  57.83   533.7 0   122.8 0   862.2 0 -9999.9 1   255.0 0   292.0 0   292.0 0   395.3 0   286.2 0   286.7 0    51.1 0   224.6 0   410.9 0  -140.3 0   270.6 0 -9999.9 1 -9999.9 1 -9999.9 1 -9999.9 1 -9999.9 1
 1995  83  3 24 21 15 21.250  58.34   525.1 0   123.2 0   858.3 0 -9999.9 1   255.3 0   292.1 0   291.9 0   391.5 0   286.2 0   286.6 0    49.3 0   221.4 0   402.0 0  -136.2 0   265.8 0 -9999.9 1 -9999.9 1 -9999.9 1 -9999.9 1 -9999.9 1
 1995  83  3 24 21 18 21.300  58.84   511.6 0   119.4 0   845.1 0 -9999.9 1   254.5 0   292.2 0   292.0 0   395.9 0   286.3 0   286.7 0    47.2 0   215.3 0   392.2 0  -141.4 0   250.8 0 -9999.9 1 -9999.9 1 -9999.9 1 -9999.9 1 -9999.9 1
 1995  83  3 24 21 21 21.350  59.35   502.8 0   118.1 0   842.0 0 -9999.9 1   255.6 0   292.2 0   292.0 0   393.8 0   286.3 0   286.7 0    45.5 0   211.3 0   384.8 0  -138.2 0   246.6 0 -9999.9 1 -9999.9 1 -9999.9 1 -9999.9 1 -9999.9 1
 1995  83  3 24 21 24 21.400  59.86   495.9 0   117.2 0   842.0 0 -9999.9 1   255.9 0   292.3 0   292.0 0   391.3 0   286.4 0   286.8 0    43.9 0   208.5 0   378.7 0  -135.4 0   243.3 0 -9999.9 1 -9999.9 1 -9999.9 1 -9999.9 1 -9999.9 1
 1995  83  3 24 21 27 21.450  60.37   486.2 0   116.0 0   835.9 0 -9999.9 1   257.1 0   292.3 0   292.0 0   390.0 0   286.4 0   286.7 0    42.2 0   204.8 0   370.2 0  -132.9 0   237.3 0 -9999.9 1 -9999.9 1 -9999.9 1 -9999.9 1 -9999.9 1
 1995  83  3 24 21 30 21.500  60.89   475.6 0   114.8 0   826.7 0 -9999.9 1   258.1 0   292.3 0   291.8 0   388.0 0   286.3 0   286.7 0    40.5 0   200.4 0   360.8 0  -129.9 0   230.9 0 -9999.9 1 -9999.9 1 -9999.9 1 -9999.9 1 -9999.9 1
 1995  83  3 24 21 33 21.550  61.41   463.1 0   111.8 0   814.5 0 -9999.9 1   257.4 0   292.3 0   291.9 0   390.5 0   286.3 0   286.6 0    38.7 0   195.1 0   351.3 0  -133.1 0   218.2 0 -9999.9 1 -9999.9 1 -9999.9 1 -9999.9 1 -9999.9 1
 1995  83  3 24 21 36 21.600  61.93   452.3 0   108.6 0   806.0 0 -9999.9 1   256.7 0   292.3 0   292.0 0   392.2 0   286.3 0   286.7 0    37.1 0   190.2 0   343.7 0  -135.4 0   208.3 0 -9999.9 1 -9999.9 1 -9999.9 1 -9999.9 1 -9999.9 1
 1995  83  3 24 21 39 21.650  62.45   443.9 0   106.8 0   803.6 0 -9999.9 1   257.5 0   292.3 0   292.1 0   392.1 0   286.4 0   286.8 0    35.6 0   186.5 0   337.1 0  -134.6 0   202.5 0 -9999.9 1 -9999.9 1 -9999.9 1 -9999.9 1 -9999.9 1
 1995  83  3 24 21 42 21.700  62.98   432.4 0   106.0 0   797.3 0 -9999.9 1   258.5 0   292.4 0   292.0 0   388.6 0   286.5 0   286.9 0    34.1 0   182.0 0   326.4 0  -130.1 0   196.4 0 -9999.9 1 -9999.9 1 -9999.9 1 -9999.9 1 -9999.9 1
 1995  83  3 24 21 45 21.750  63.51   425.9 0   104.9 0   798.4 0 -9999.9 1   258.0 0   292.4 0   292.0 0   387.8 0   286.5 0   286.9 0    32.7 0   179.7 0   321.0 0  -129.7 0   191.3 0 -9999.9 1 -9999.9 1 -9999.9 1 -9999.9 1 -9999.9 1
 1995  83  3 24 21 48 21.800  64.04   416.4 0   102.5 0   793.6 0 -9999.9 1   258.7 0   292.5 0   292.1 0   388.4 0   286.5 0   286.9 0    31.3 0   175.6 0   313.9 0  -129.8 0   184.2 0 -9999.9 1 -9999.9 1 -9999.9 1 -9999.9 1 -9999.9 1
 1995  83  3 24 21 51 21.850  64.57   406.4 0   101.1 0   788.2 0 -9999.9 1   258.4 0   292.5 0   292.1 0   386.6 0   286.5 0   286.8 0    29.9 0   171.1 0   305.4 0  -128.2 0   177.2 0 -9999.9 1 -9999.9 1 -9999.9 1 -9999.9 1 -9999.9 1
 1995  83  3 24 21 54 21.900  65.11   398.3 0    99.3 0   786.9 0 -9999.9 1   258.3 0   292.5 0   292.2 0   387.2 0   286.5 0   286.8 0    28.5 0   167.6 0   299.0 0  -128.8 0   170.2 0 -9999.9 1 -9999.9 1 -9999.9 1 -9999.9 1 -9999.9 1
 1995  83  3 24 21 57 21.950  65.65   387.6 0    97.4 0   781.9 0 -9999.9 1   258.5 0   292.6 0   292.1 0   384.8 0   286.5 0   286.8 0    27.2 0   163.1 0   290.2 0  -126.3 0   163.9 0 -9999.9 1 -9999.9 1 -9999.9 1 -9999.9 1 -9999.9 1
 1995  83  3 24 22  0 22.000  66.18   377.5 0    95.9 0   777.9 0 -9999.9 1   258.4 0   292.6 0   292.1 0   384.8 0   286.5 0   286.8 0    26.0 0   159.1 0   281.6 0  -126.4 0   155.3 0 -9999.9 1 -9999.9 1 -9999.9 1 -9999.9 1 -9999.9 1
 1995  83  3 24 22  3 22.050  66.73   366.9 0    94.0 0   770.9 0 -9999.9 1   258.5 0   292.5 0   291.9 0   383.3 0   286.5 0   286.8 0    24.7 0   154.7 0   272.9 0  -124.8 0   148.2 0 -9999.9 1 -9999.9 1 -9999.9 1 -9999.9 1 -9999.9 1
 1995  83  3 24 22  6 22.100  67.27   356.2 0    91.8 0   762.8 0 -9999.9 1   258.5 0   292.5 0   291.9 0   383.2 0   286.4 0   286.7 0    23.4 0   150.0 0   264.4 0  -124.6 0   139.7 0 -9999.9 1 -9999.9 1 -9999.9 1 -9999.9 1 -9999.9 1
 1995  83  3 24 22  9 22.150  67.81   346.8 0    89.4 0   756.6 0 -9999.9 1   258.8 0   292.4 0   291.9 0   383.7 0   286.4 0   286.7 0    22.2 0   146.0 0   257.5 0  -124.9 0   132.6 0 -9999.9 1 -9999.9 1 -9999.9 1 -9999.9 1 -9999.9 1
 1995  83  3 24 22 12 22.200  68.36   334.4 0    87.5 0   745.6 0 -9999.9 1   259.3 0   292.4 0   291.7 0   381.1 0   286.4 0   286.7 0    21.0 0   140.9 0   246.9 0  -121.8 0   125.2 0 -9999.9 1 -9999.9 1 -9999.9 1 -9999.9 1 -9999.9 1
 1995  83  3 24 22 15 22.250  68.91   323.4 0    85.7 0   735.9 0 -9999.9 1   258.6 0   292.3 0   291.7 0   380.1 0   286.4 0   286.7 0    19.9 0   136.3 0   237.7 0  -121.5 0   116.2 0 -9999.9 1 -9999.9 1 -9999.9 1 -9999.9 1 -9999.9 1
 1995  83  3 24 22 18 22.300  69.46   314.0 0    83.2 0   730.0 0 -9999.9 1   258.1 0   292.3 0   291.8 0   381.2 0   286.3 0   286.6 0    18.8 0   132.2 0   230.9 0  -123.1 0   107.7 0 -9999.9 1 -9999.9 1 -9999.9 1 -9999.9 1 -9999.9 1
 1995  83  3 24 22 21 22.350  70.01   303.5 0    80.0 0   722.0 0 -9999.9 1   257.7 0   292.3 0   291.8 0   381.9 0   286.3 0   286.7 0    17.7 0   127.2 0   223.5 0  -124.3 0    99.3 0 -9999.9 1 -9999.9 1 -9999.9 1 -9999.9 1 -9999.9 1
 1995  83  3 24 22 24 22.400  70.56   293.8 0    77.7 0   716.6 0 -9999.9 1   258.4 0   292.3 0   291.8 0   381.4 0   286.4 0   286.7 0    16.7 0   122.9 0   216.0 0  -123.0 0    93.0 0 -9999.9 1 -9999.9 1 -9999.9 1 -9999.9 1 -9999.9 1
 1995  83  3 24 22 27 22.450  71.11   280.7 0    75.7 0   705.3 0 -9999.9 1   259.0 0   292.3 0   291.7 0   379.3 0   286.4 0   286.7 0    15.7 0   118.0 0   205.0 0  -120.3 0    84.7 0 -9999.9 1 -9999.9 1 -9999.9 1 -9999.9 1 -9999.9 1
 1995  83  3 24 22 30 22.500  71.67   271.0 0    73.7 0   697.5 0 -9999.9 1   259.8 0   292.3 0   291.7 0   378.4 0   286.5 0   286.7 0    14.8 0   114.0 0   197.3 0  -118.7 0    78.7 0 -9999.9 1 -9999.9 1 -9999.9 1 -9999.9 1 -9999.9 1
 1995  83  3 24 22 33 22.550  72.22   260.7 0    71.7 0   686.5 0 -9999.9 1   258.5 0   292.3 0   291.7 0   377.1 0   286.5 0   286.7 0    13.9 0   109.4 0   189.0 0  -118.6 0    70.3 0 -9999.9 1 -9999.9 1 -9999.9 1 -9999.9 1 -9999.9 1
 1995  83  3 24 22 36 22.600  72.78   251.0 0    69.9 0   679.8 0 -9999.9 1   259.0 0   292.2 0   291.5 0   375.7 0   286.4 0   286.7 0    13.0 0   105.1 0   181.1 0  -116.6 0    64.5 0 -9999.9 1 -9999.9 1 -9999.9 1 -9999.9 1 -9999.9 1
 1995  83  3 24 22 39 22.650  73.34   238.9 0    67.8 0   666.9 0 -9999.9 1   258.5 0   292.2 0   291.5 0   375.3 0   286.4 0   286.6 0    12.1 0   100.7 0   171.1 0  -116.8 0    54.4 0 -9999.9 1 -9999.9 1 -9999.9 1 -9999.9 1 -9999.9 1
 1995  83  3 24 22 42 22.700  73.90   231.7 0    65.8 0   668.3 0 -9999.9 1   258.4 0   292.1 0   291.4 0   374.5 0   286.3 0   286.5 0    11.3 0    97.5 0   166.0 0  -116.0 0    49.9 0 -9999.9 1 -9999.9 1 -9999.9 1 -9999.9 1 -9999.9 1
 1995  83  3 24 22 45 22.750  74.46   219.8 0    62.9 0   650.7 0 -9999.9 1   258.6 0   292.1 0   291.3 0   373.8 0   286.3 0   286.5 0    10.5 0    92.2 0   156.9 0  -115.2 0    41.7 0 -9999.9 1 -9999.9 1 -9999.9 1 -9999.9 1 -9999.9 1
 1995  83  3 24 22 48 22.800  75.02   208.7 0    60.3 0   638.3 0 -9999.9 1   258.3 0   292.0 0   291.3 0   372.9 0   286.3 0   286.5 0     9.8 0    87.7 0   148.4 0  -114.6 0    33.8 0 -9999.9 1 -9999.9 1 -9999.9 1 -9999.9 1 -9999.9 1
 1995  83  3 24 22 51 22.850  75.58   199.8 0    57.8 0   628.6 0 -9999.9 1   258.5 0   291.9 0   291.2 0   372.7 0   286.2 0   286.5 0     9.1 0    83.8 0   142.0 0  -114.2 0    27.9 0 -9999.9 1 -9999.9 1 -9999.9 1 -9999.9 1 -9999.9 1
 1995  83  3 24 22 54 22.900  76.14   189.2 0    56.0 0   616.8 0 -9999.9 1   257.7 0   291.9 0   291.1 0   371.2 0   286.2 0   286.4 0     8.4 0    79.7 0   133.3 0  -113.5 0    19.8 0 -9999.9 1 -9999.9 1 -9999.9 1 -9999.9 1 -9999.9 1
 1995  83  3 24 22 57 22.950  76.70   179.1 0    53.2 0   599.1 0 -9999.9 1   258.0 0   291.8 0   291.0 0   370.3 0   286.2 0   286.4 0     7.8 0    75.0 0   126.0 0  -112.3 0    13.7 0 -9999.9 1 -9999.9 1 -9999.9 1 -9999.9 1 -9999.9 1
 1995  83  3 24 23  0 23.000  77.27   168.7 0    50.5 0   584.5 0 -9999.9 1   258.7 0   291.7 0   290.9 0   369.4 0   286.1 0   286.3 0     7.2 0    70.8 0   118.2 0  -110.7 0     7.4 0 -9999.9 1 -9999.9 1 -9999.9 1 -9999.9 1 -9999.9 1
 1995  83  3 24 23  3 23.050  77.83   159.0 0    47.7 0   571.4 0 -9999.9 1   259.0 0   291.6 0   290.9 0   369.1 0   286.1 0   286.3 0     6.6 0    66.9 0   111.3 0  -110.2 0     1.1 0 -9999.9 1 -9999.9 1 -9999.9 1 -9999.9 1 -9999.9 1
 1995  83  3 24 23  6 23.100  78.40   149.6 0    45.5 0   558.0 0 -9999.9 1   259.9 0   291.5 0   290.7 0   368.4 0   286.1 0   286.3 0     6.1 0    63.1 0   104.1 0  -108.5 0    -4.5 0 -9999.9 1 -9999.9 1 -9999.9 1 -9999.9 1 -9999.9 1
 1995  83  3 24 23  9 23.150  78.96   138.8 0    43.1 0   538.7 0 -9999.9 1   259.9 0   291.4 0   290.6 0   367.3 0   286.0 0   286.2 0     5.6 0    58.9 0    95.7 0  -107.4 0   -11.7 0 -9999.9 1 -9999.9 1 -9999.9 1 -9999.9 1 -9999.9 1
 1995  83  3 24 23 12 23.200  79.53   129.4 0    40.4 0   521.6 0 -9999.9 1   259.2 0   291.3 0   290.5 0   365.9 0   286.0 0   286.1 0     5.0 0    54.9 0    89.0 0  -106.7 0   -17.7 0 -9999.9 1 -9999.9 1 -9999.9 1 -9999.9 1 -9999.9 1
 1995  83  3 24 23 15 23.250  80.09   119.6 0    37.7 0   502.4 0 -9999.9 1   259.0 0   291.2 0   290.4 0   364.7 0   285.9 0   286.1 0     4.6 0    50.9 0    81.9 0  -105.7 0   -23.8 0 -9999.9 1 -9999.9 1 -9999.9 1 -9999.9 1 -9999.9 1
 1995  83  3 24 23 18 23.300  80.66   111.1 0    35.1 0   485.5 0 -9999.9 1   258.9 0   291.1 0   290.4 0   363.6 0   285.9 0   286.1 0     4.1 0    47.2 0    75.9 0  -104.7 0   -28.8 0 -9999.9 1 -9999.9 1 -9999.9 1 -9999.9 1 -9999.9 1
 1995  83  3 24 23 21 23.350  81.22   100.9 0    32.7 0   462.6 0 -9999.9 1   259.2 0   291.0 0   290.3 0   362.7 0   285.9 0   286.0 0     3.7 0    43.5 0    68.2 0  -103.5 0   -35.2 0 -9999.9 1 -9999.9 1 -9999.9 1 -9999.9 1 -9999.9 1
 1995  83  3 24 23 24 23.400  81.79    92.0 0    30.4 0   443.1 0 -9999.9 1   259.3 0   290.9 0   290.1 0   361.4 0   285.8 0   285.9 0     3.4 0    40.0 0    61.6 0  -102.1 0   -40.5 0 -9999.9 1 -9999.9 1 -9999.9 1 -9999.9 1 -9999.9 1
 1995  83  3 24 23 27 23.450  82.35    83.0 0    28.0 0   421.9 0 -9999.9 1   259.4 0   290.7 0   289.9 0   359.7 0   285.8 0   285.9 0     3.0 0    36.5 0    55.0 0  -100.3 0   -45.4 0 -9999.9 1 -9999.9 1 -9999.9 1 -9999.9 1 -9999.9 1
 1995  83  3 24 23 30 23.500  82.92    72.1 0    25.6 0   401.3 0 -9999.9 1   259.3 0   290.6 0   289.7 0   358.5 0   285.7 0   285.8 0     2.6 0    33.0 0    46.5 0   -99.2 0   -52.8 0 -9999.9 1 -9999.9 1 -9999.9 1 -9999.9 1 -9999.9 1
 1995  83  3 24 23 33 23.550  83.48    59.8 0    23.4 0   379.9 0 -9999.9 1   258.8 0   290.4 0   289.5 0   357.3 0   285.6 0   285.7 0     2.3 0    29.5 0    36.4 0   -98.5 0   -62.1 0 -9999.9 1 -9999.9 1 -9999.9 1 -9999.9 1 -9999.9 1
 1995  83  3 24 23 36 23.600  84.04    48.7 0    21.2 0   355.5 0 -9999.9 1   258.5 0   290.2 0   289.2 0   356.8 0   285.5 0   285.6 0     2.1 0    26.0 0    27.5 0   -98.3 0   -70.8 0 -9999.9 1 -9999.9 1 -9999.9 1 -9999.9 1 -9999.9 1
 1995  83  3 24 23 39 23.650  84.60    37.5 0    18.8 0   326.9 0 -9999.9 1   258.2 0   290.0 0   289.0 0   355.6 0   285.4 0   285.5 0     1.8 0    22.6 0    18.7 0   -97.3 0   -78.6 0 -9999.9 1 -9999.9 1 -9999.9 1 -9999.9 1 -9999.9 1
 1995  83  3 24 23 42 23.700  85.16    28.2 0    16.5 0   300.4 0 -9999.9 1   257.6 0   289.8 0   288.8 0   351.9 0   285.3 0   285.4 0     1.6 0    19.6 0    11.7 0   -94.3 0   -82.6 0 -9999.9 1 -9999.9 1 -9999.9 1 -9999.9 1 -9999.9 1
 1995  83  3 24 23 45 23.750  85.71    23.2 0    14.3 0   276.3 0 -9999.9 1   257.0 0   289.5 0   288.6 0   349.5 0   285.2 0   285.2 0     1.4 0    17.0 0     8.9 0   -92.6 0   -83.6 0 -9999.9 1 -9999.9 1 -9999.9 1 -9999.9 1 -9999.9 1
 1995  83  3 24 23 48 23.800  86.26    20.4 0    12.0 0   245.9 0 -9999.9 1   256.7 0   289.3 0   288.3 0   346.7 0   285.1 0   285.1 0     1.1 0    14.5 0     8.5 0   -90.0 0   -81.5 0 -9999.9 1 -9999.9 1 -9999.9 1 -9999.9 1 -9999.9 1
 1995  83  3 24 23 51 23.850  86.81    17.6 0     9.9 0   213.9 0 -9999.9 1   256.8 0   289.0 0   288.0 0   344.9 0   285.0 0   285.0 0     1.0 0    12.3 0     7.8 0   -88.2 0   -80.4 0 -9999.9 1 -9999.9 1 -9999.9 1 -9999.9 1 -9999.9 1
 1995  83  3 24 23 54 23.900  87.35    15.7 0     7.8 0   178.8 0 -9999.9 1   257.1 0   288.7 0   287.6 0   344.0 0   284.8 0   284.9 0     0.8 0    10.3 0     7.9 0   -86.9 0   -79.0 0 -9999.9 1 -9999.9 1 -9999.9 1 -9999.9 1 -9999.9 1
 1995  83  3 24 23 57 23.950  87.88    12.9 0     6.0 0   139.6 0 -9999.9 1   256.2 0   288.3 0   287.3 0   342.1 0   284.7 0   284.7 0     0.7 0     8.5 0     6.9 0   -85.9 0   -79.0 0 -9999.9 1 -9999.9 1 -9999.9 1 -9999.9 1 -9999.9 1
