 Bondville
   40.05  -88.37  213 m version 1
 1995 220  8  8 18  3 18.050  23.92   546.5 0    90.8 0    55.7 0 -9999.9 1   429.1 0   310.9 0   311.0 0   486.0 0   305.2 0   305.4 0   147.7 0   251.0 0   455.7 0   -57.0 0   398.8 0    28.7 0    78.8 0     2.4 0   243.1 0   989.2 0
 1995 220  8  8 18  6 18.100  23.95   871.3 0   143.7 0   431.8 0 -9999.9 1   426.6 0   310.8 0   311.4 0   492.9 0   305.2 0   305.5 0   191.5 0   388.2 0   727.6 0   -66.3 0   661.3 0    28.7 0    78.5 0     1.5 0   219.0 0   989.2 0
 1995 220  8  8 18  9 18.150  23.99   699.2 0   117.4 0   238.9 0 -9999.9 1   422.8 0   310.9 0   311.5 0   492.0 0   305.3 0   305.6 0   176.3 0   319.7 0   581.8 0   -69.2 0   512.6 0    29.0 0    78.3 0     1.9 0   212.4 0   989.0 0
 1995 220  8  8 18 12 18.200  24.05   809.2 0   129.8 0   359.1 0 -9999.9 1   421.1 0   310.9 0   311.4 0   492.1 0   305.4 0   305.6 0   192.5 0   370.7 0   679.3 0   -71.0 0   608.3 0    29.3 0    78.3 0     2.0 0   216.2 0   989.0 0
 1995 220  8  8 18 15 18.250  24.12   805.7 0   129.3 0   390.5 0 -9999.9 1   420.0 0   311.0 0   311.6 0   493.7 0   305.4 0   305.7 0   185.1 0   360.6 0   676.4 0   -73.6 0   602.7 0    29.2 0    78.2 0     2.1 0   204.7 0   988.9 0
 1995 220  8  8 18 18 18.300  24.22   619.6 0   102.5 0   157.0 0 -9999.9 1   421.1 0   311.0 0   311.5 0   490.8 0   305.5 0   305.7 0   157.4 0   284.2 0   517.1 0   -69.7 0   447.5 0    29.0 0    78.3 0     1.5 0   171.5 0   988.9 0
 1995 220  8  8 18 21 18.350  24.33   443.7 0   110.6 0    37.8 0 -9999.9 1   425.4 0   311.0 0   311.0 0   480.8 0   305.5 0   305.6 0   120.5 0   203.4 0   333.0 0   -55.3 0   277.7 0    29.4 0    78.9 0     1.8 0   197.5 0   988.8 0
 1995 220  8  8 18 24 18.400  24.46   575.7 0   220.6 0   106.9 0 -9999.9 1   429.8 0   310.9 0   311.0 0 -9999.9 1 -9999.9 1 -9999.9 1   132.1 0   259.9 0   355.1 0 -9999.9 1 -9999.9 1    29.5 0    79.6 0     1.0 0   185.9 0   988.8 0
 1995 220  8  8 18 27 18.450  24.60   659.1 0   233.5 0   147.6 0 -9999.9 1   428.6 0   310.9 0   311.1 0 -9999.9 1 -9999.9 1 -9999.9 1   143.2 0   294.3 0   425.6 0 -9999.9 1 -9999.9 1    30.4 0    78.6 0     1.0 0   190.4 0   988.9 0
 1995 220  8  8 18 30 18.500  24.76   652.2 0   228.2 0   125.5 0 -9999.9 1   425.1 0   310.8 0   311.0 0 -9999.9 1 -9999.9 1 -9999.9 1   143.6 0   292.6 0   424.0 0 -9999.9 1 -9999.9 1    30.2 0    77.7 0     1.2 0   189.8 0   989.0 0
 1995 220  8  8 18 33 18.550  24.94   622.7 0 -9999.9 1   102.6 0 -9999.9 1   424.5 0   310.7 0   311.0 0   466.4 0   310.4 0   310.6 0   137.4 0   280.8 0 -9999.9 1   -41.9 0 -9999.9 1    30.7 0    77.5 0     0.6 0   184.5 0   988.9 0
 1995 220  8  8 18 36 18.600  25.13   595.0 0 -9999.9 1    85.7 0 -9999.9 1   423.7 0   310.7 0   310.9 0   467.5 0   310.0 0   310.1 0   135.5 0   273.3 0 -9999.9 1   -43.8 0 -9999.9 1    30.7 0    77.0 0     0.8 0   185.8 0   988.8 0
 1995 220  8  8 18 39 18.650  25.34   633.6 0 -9999.9 1   103.8 0 -9999.9 1   422.7 0   310.6 0   311.0 0   468.3 0   309.6 0   309.9 0   138.8 0   286.7 0 -9999.9 1   -45.6 0 -9999.9 1    30.9 0    76.8 0     0.7 0   185.1 0   988.7 0
 1995 220  8  8 18 42 18.700  25.56   614.1 0 -9999.9 1    92.0 0 -9999.9 1   423.4 0   310.6 0   311.0 0   468.5 0   309.4 0   309.8 0   134.4 0   278.2 0 -9999.9 1   -45.2 0 -9999.9 1    31.2 0    76.5 0     1.2 0   184.9 0   988.7 0
 1995 220  8  8 18 45 18.750  25.80   540.2 0 -9999.9 1    32.6 0 -9999.9 1   423.9 0   310.6 0   310.9 0   467.0 0   309.2 0   309.6 0   124.1 0   247.6 0 -9999.9 1   -43.1 0 -9999.9 1    31.3 0    76.4 0     0.9 0   185.1 0   988.6 0
 1995 220  8  8 18 48 18.800  26.05   518.0 0   222.7 0    25.8 0 -9999.9 1   425.3 0   310.6 0   310.8 0   469.8 0   309.1 0   309.3 0   118.5 0   237.2 0   295.2 0   -44.5 0   250.7 0    31.4 0    76.7 0     1.1 0   185.5 0   988.5 0
 1995 220  8  8 18 51 18.850  26.32   486.6 0   230.2 0    12.2 0 -9999.9 1   426.5 0   310.6 0   310.6 0   464.7 0   308.8 0   308.9 0   111.1 0   223.2 0   256.4 0   -38.2 0   218.2 0    30.9 0    77.2 0     2.0 0   183.4 0   988.3 0
 1995 220  8  8 18 54 18.900  26.59   498.1 0   163.5 0    23.6 0 -9999.9 1   427.0 0   310.6 0   310.7 0   474.0 0   308.5 0   308.6 0   110.2 0   227.5 0   334.5 0   -47.0 0   287.6 0    30.5 0    77.3 0     1.4 0   183.4 0   988.3 0
 1995 220  8  8 18 57 18.950  26.89   514.5 0   101.2 0    35.2 0 -9999.9 1   425.0 0   310.5 0   310.6 0   483.6 0   308.0 0   307.9 0   112.2 0   234.4 0   413.4 0   -58.6 0   354.7 0    30.0 0    77.2 0     3.0 0   185.8 0   988.3 0
 1995 220  8  8 19  0 19.000  27.19   481.0 0    97.6 0    17.8 0 -9999.9 1   424.7 0   310.5 0   310.6 0   482.0 0   307.3 0   307.3 0   106.2 0   219.9 0   383.4 0   -57.3 0   326.1 0    29.3 0    77.3 0     2.7 0   188.6 0   988.2 0
 1995 220  8  8 19  3 19.050  27.51   472.7 0    95.7 0    17.1 0 -9999.9 1   425.2 0   310.5 0   310.5 0   482.0 0   306.8 0   306.8 0   104.0 0   216.4 0   377.0 0   -56.9 0   320.2 0    29.3 0    77.3 0     2.0 0   189.9 0   988.2 0
 1995 220  8  8 19  6 19.100  27.83   448.3 0    90.5 0     9.1 0 -9999.9 1   425.1 0   310.4 0   310.4 0   482.3 0   306.5 0   306.5 0    98.7 0   205.2 0   357.9 0   -57.2 0   300.7 0    29.3 0    77.5 0     2.2 0   222.1 0   988.2 0
 1995 220  8  8 19  9 19.150  28.17   427.1 0    87.5 0     5.7 0 -9999.9 1   424.6 0   310.3 0   310.2 0   480.2 0   306.1 0   306.1 0    93.5 0   196.0 0   339.6 0   -55.6 0   284.0 0    29.1 0    77.0 0     2.5 0   221.1 0   988.2 0
 1995 220  8  8 19 12 19.200  28.52   411.0 0    84.8 0     3.8 0 -9999.9 1   424.7 0   310.2 0   310.1 0   479.4 0   305.8 0   305.8 0    89.6 0   188.9 0   326.2 0   -54.7 0   271.5 0    29.2 0    77.3 0     2.1 0   214.4 0   988.1 0
 1995 220  8  8 19 15 19.250  28.88   397.8 0    80.3 0     4.0 0 -9999.9 1   425.0 0   310.0 0   310.0 0   480.2 0   305.5 0   305.6 0    86.3 0   183.3 0   317.6 0   -55.2 0   262.4 0    29.2 0    77.3 0     1.4 0   214.0 0   988.1 0
 1995 220  8  8 19 18 19.300  29.25   381.5 0    76.3 0     3.9 0 -9999.9 1   426.2 0   309.9 0   310.0 0   479.9 0   305.4 0   305.5 0    82.2 0   176.4 0   305.2 0   -53.8 0   251.4 0    29.1 0    77.3 0     1.2 0   239.8 0   988.1 0
 1995 220  8  8 19 21 19.350  29.63   367.5 0    73.1 0     2.9 0 -9999.9 1   426.2 0   309.9 0   309.8 0   480.1 0   305.3 0   305.4 0    78.7 0   170.3 0   294.5 0   -53.9 0   240.5 0    29.5 0    77.6 0     1.1 0   216.1 0   988.1 0
 1995 220  8  8 19 24 19.400  30.02   357.7 0    71.6 0     3.4 0 -9999.9 1   426.5 0   309.8 0   309.7 0   478.4 0   305.2 0   305.3 0    76.2 0   166.5 0   286.2 0   -52.0 0   234.2 0    28.8 0    77.8 0     1.5 0   177.0 0   988.2 0
 1995 220  8  8 19 27 19.450  30.41   345.6 0    68.7 0     1.9 0 -9999.9 1   427.1 0   309.7 0   309.6 0   478.7 0   305.1 0   305.2 0    73.3 0   161.6 0   276.9 0   -51.6 0   225.3 0    29.1 0    77.5 0     1.3 0   164.3 0   988.2 0
 1995 220  8  8 19 30 19.500  30.82   323.2 0    63.7 0     0.2 0 -9999.9 1   427.7 0   309.6 0   309.6 0   478.2 0   305.0 0   305.1 0    68.4 0   151.8 0   259.5 0   -50.5 0   209.1 0    29.3 0    77.4 0     1.1 0   185.6 0   988.2 0
 1995 220  8  8 19 33 19.550  31.23   297.9 0    58.6 0    -1.6 0 -9999.9 1   428.5 0   309.6 0   309.4 0   477.6 0   304.9 0   305.0 0    62.9 0   140.5 0   239.3 0   -49.1 0   190.2 0    29.2 0    77.7 0     1.3 0   239.1 0   988.3 0
 1995 220  8  8 19 36 19.600  31.65   279.9 0    55.1 0    -2.5 0 -9999.9 1   429.4 0   309.4 0   309.3 0   477.2 0   304.8 0   304.9 0    58.6 0   132.2 0   224.8 0   -47.8 0   177.0 0    29.1 0    78.3 0     1.2 0   251.6 0   988.4 0
 1995 220  8  8 19 39 19.650  32.08   261.0 0    51.3 0    -2.2 0 -9999.9 1   430.4 0   309.3 0   309.1 0   475.8 0   304.7 0   304.7 0    54.4 0   124.5 0   209.7 0   -45.4 0   164.3 0    29.1 0    78.5 0     1.7 0   249.2 0   988.4 0
 1995 220  8  8 19 42 19.700  32.52   249.7 0    49.0 0    -2.0 0 -9999.9 1   431.8 0   309.2 0   308.9 0   475.4 0   304.5 0   304.6 0    52.0 0   119.5 0   200.7 0   -43.6 0   157.1 0    28.9 0    78.9 0     1.6 0   227.1 0   988.5 0
 1995 220  8  8 19 45 19.750  32.96   241.1 0    47.2 0    -0.7 0 -9999.9 1   433.7 0   309.0 0   308.8 0   474.7 0   304.4 0   304.4 0    50.7 0   114.3 0   193.9 0   -41.1 0   152.9 0    29.1 0    79.2 0     1.5 0   219.9 0   988.6 0
 1995 220  8  8 19 48 19.800  33.41   214.1 0    41.8 0    -0.2 0 -9999.9 1   438.8 0   308.9 0   308.6 0   474.1 0   304.2 0   304.3 0    45.1 0   101.1 0   172.3 0   -35.3 0   137.0 0    28.9 0    79.4 0     1.4 0   200.0 0   988.6 0
 1995 220  8  8 19 51 19.850  33.87   172.8 0    35.0 0    -2.9 0 -9999.9 1   446.2 0   308.8 0   308.4 0   472.9 0   304.1 0   304.1 0    35.8 0    80.1 0   137.8 0   -26.7 0   111.1 0    28.8 0    79.6 0     1.9 0   222.7 0   988.6 0
 1995 220  8  8 19 54 19.900  34.33   143.6 0    30.7 0    -4.4 0 -9999.9 1   450.2 0   308.6 0   308.1 0   470.4 0   303.9 0   303.9 0    29.3 0    66.0 0   112.8 0   -20.2 0    92.7 0    29.0 0    79.9 0     2.5 0   229.9 0   988.5 0
 1995 220  8  8 19 57 19.950  34.80   144.4 0    30.2 0    -3.6 0 -9999.9 1   449.4 0   308.4 0   308.0 0   470.1 0   303.7 0   303.7 0    29.7 0    66.7 0   114.3 0   -20.7 0    93.6 0    28.6 0    80.0 0     1.9 0   237.6 0   988.4 0
 1995 220  8  8 20  0 20.000  35.27   140.5 0    28.9 0    -1.6 0 -9999.9 1   450.0 0   308.2 0   307.8 0   471.1 0   303.6 0   303.6 0    28.7 0    65.0 0   111.6 0   -21.1 0    90.5 0    28.7 0    79.9 0     1.3 0   226.3 0   988.4 0
 1995 220  8  8 20  3 20.050  35.75   138.3 0    28.1 0    -0.7 0 -9999.9 1   449.8 0   308.0 0   307.7 0   471.4 0   303.5 0   303.5 0    28.0 0    63.9 0   110.3 0   -21.6 0    88.7 0    28.2 0    80.8 0     1.1 0   212.9 0   988.4 0
 1995 220  8  8 20  6 20.100  36.23   140.0 0    28.3 0    -0.8 0 -9999.9 1   449.4 0   307.9 0   307.6 0   471.3 0   303.4 0   303.4 0    28.0 0    64.7 0   111.7 0   -21.8 0    89.9 0    28.7 0    80.5 0     1.0 0   204.7 0   988.3 0
 1995 220  8  8 20  9 20.150  36.72   133.5 0    27.1 0    -0.3 0 -9999.9 1   449.3 0   307.8 0   307.6 0   471.5 0   303.3 0   303.4 0    26.2 0    62.2 0   106.3 0   -22.2 0    84.1 0    28.8 0    80.6 0     0.8 0   194.6 0   988.3 0
 1995 220  8  8 20 12 20.200  37.21   143.7 0    28.3 0    -0.2 0 -9999.9 1   444.9 0   307.8 0   307.6 0   471.8 0   303.3 0   303.4 0    28.6 0    58.4 0   115.4 0   -26.8 0    88.6 0    28.6 0    80.8 0     0.7 0   206.4 0   988.4 0
 1995 220  8  8 20 15 20.250  37.71   142.8 0    28.7 0    -0.3 0 -9999.9 1   443.2 0   307.7 0   307.5 0   471.4 0   303.3 0   303.3 0    27.2 0    67.8 0   114.1 0   -28.2 0    85.8 0    29.0 0    81.0 0     1.0 0   188.9 0   988.3 0
 1995 220  8  8 20 18 20.300  38.21   177.4 0    34.5 0    -0.3 0 -9999.9 1   434.9 0   307.7 0   307.5 0   472.0 0   303.2 0   303.3 0    33.9 0    87.1 0   142.8 0   -37.1 0   105.7 0    28.7 0    81.5 0     1.2 0   159.5 0   988.2 0
 1995 220  8  8 20 21 20.350  38.71   190.9 0    37.3 0    -0.5 0 -9999.9 1   433.1 0   307.6 0   307.4 0   472.1 0   303.2 0   303.3 0    36.3 0    94.2 0   153.6 0   -39.0 0   114.5 0    28.8 0    81.5 0     1.6 0   145.9 0   988.1 0
 1995 220  8  8 20 24 20.400  39.22   194.4 0    37.9 0    -0.3 0 -9999.9 1   433.7 0   307.6 0   307.4 0   472.2 0   303.1 0   303.2 0    36.6 0    94.1 0   156.4 0   -38.5 0   117.9 0    28.5 0    81.2 0     1.5 0   165.7 0   988.2 0
 1995 220  8  8 20 27 20.450  39.74   181.8 0    35.8 0    -0.7 0 -9999.9 1   438.4 0   307.6 0   307.4 0   471.7 0   303.1 0   303.2 0    34.6 0    88.3 0   146.1 0   -33.3 0   112.8 0    28.7 0    81.2 0     1.7 0   174.4 0   988.2 0
 1995 220  8  8 20 30 20.500  40.25   123.0 0    25.5 0    -1.7 0 -9999.9 1   449.7 0   307.6 0   307.3 0   470.4 0   303.1 0   303.1 0    23.1 0    57.6 0    97.5 0   -20.8 0    76.8 0    28.5 0    81.4 0     1.7 0   187.7 0   988.3 0
 1995 220  8  8 20 33 20.550  40.77   117.2 0    23.5 0    -2.2 0 -9999.9 1   450.5 0   307.5 0   307.2 0   469.8 0   303.0 0   303.0 0    22.8 0    55.7 0    93.7 0   -19.4 0    74.3 0    28.3 0    81.7 0     1.5 0   188.6 0   988.3 0
 1995 220  8  8 20 36 20.600  41.29   144.6 0    27.6 0    -2.1 0 -9999.9 1   447.3 0   307.4 0   307.2 0   470.9 0   302.9 0   303.0 0    28.6 0    70.2 0   117.0 0   -23.6 0    93.4 0    29.5 0    81.4 0     1.3 0   171.8 0   988.2 0
 1995 220  8  8 20 39 20.650  41.82   112.1 0    22.2 0    -2.4 0 -9999.9 1   451.0 0   307.4 0   307.1 0   470.0 0   302.9 0   302.9 0    21.3 0    53.4 0    89.9 0   -19.0 0    70.9 0    28.7 0    81.8 0     1.5 0   165.3 0   988.2 0
 1995 220  8  8 20 42 20.700  42.35    65.0 0    14.0 0    -2.7 0 -9999.9 1   453.5 0   307.3 0   306.9 0   467.8 0   302.8 0   302.9 0    11.0 0    29.4 0    51.0 0   -14.4 0    36.6 0    28.0 0    82.1 0     1.7 0   174.9 0   988.1 0
 1995 220  8  8 20 45 20.750  42.88    38.4 0     8.8 0    -3.2 0 -9999.9 1   454.3 0   307.2 0   306.7 0   466.2 0   302.7 0   302.7 0     6.2 0    17.3 0    29.5 0   -11.9 0    17.6 0    28.2 0    82.4 0     1.7 0   173.4 0   988.1 0
 1995 220  8  8 20 48 20.800  43.41    29.9 0     7.0 0    -3.4 0 -9999.9 1   454.6 0   307.0 0   306.6 0   465.6 0   302.6 0   302.6 0     4.8 0    13.6 0    22.9 0   -11.0 0    11.9 0    28.4 0    83.5 0     1.5 0   166.4 0   988.0 0
 1995 220  8  8 20 51 20.850  43.95    20.6 0     5.0 0    -2.9 0 -9999.9 1   455.0 0   306.9 0   306.5 0   465.2 0   302.5 0   302.5 0     3.0 0     9.0 0    15.6 0   -10.2 0     5.3 0    28.2 0    84.3 0     1.2 0   197.0 0   988.2 0
 1995 220  8  8 20 54 20.900  44.49    24.7 0     5.5 0    -3.4 0 -9999.9 1   454.8 0   306.7 0   306.3 0   464.5 0   302.4 0   302.4 0     4.0 0    11.7 0    19.2 0    -9.8 0     9.4 0    28.2 0    84.6 0     1.3 0   227.9 0   988.3 0
 1995 220  8  8 20 57 20.950  45.03    48.1 0     8.5 0    -2.2 0 -9999.9 1   452.8 0   306.6 0   306.2 0   465.8 0   302.3 0   302.3 0     8.9 0    24.9 0    39.6 0   -13.0 0    26.6 0    28.0 0    85.3 0     1.3 0   215.3 0   988.2 0
 1995 220  8  8 21  0 21.000  45.58    29.6 0     5.7 0    -2.3 0 -9999.9 1   453.8 0   306.5 0   306.0 0   465.5 0   302.2 0   302.2 0     5.1 0    15.2 0    23.9 0   -11.7 0    12.3 0    28.0 0    85.7 0     2.0 0   224.6 0   988.2 0
 1995 220  8  8 21  3 21.050  46.12    33.3 0     7.2 0    -3.1 0 -9999.9 1   453.4 0   306.3 0   305.6 0   464.1 0   302.1 0   302.0 0     5.5 0    17.0 0    26.1 0   -10.7 0    15.4 0    27.7 0    86.0 0     2.6 0   239.9 0   988.3 0
 1995 220  8  8 21  6 21.100  46.67    67.2 0    12.7 0    -3.9 0 -9999.9 1   447.5 0   306.0 0   305.0 0   463.5 0   301.9 0   301.9 0    11.9 0    35.7 0    54.5 0   -16.0 0    38.6 0    28.0 0    86.3 0     2.7 0   252.9 0   988.4 0
 1995 220  8  8 21  9 21.150  47.22    69.9 0    13.3 0    -4.7 0 -9999.9 1   444.2 0   305.7 0   304.2 0   462.7 0   301.7 0   301.7 0    12.4 0    39.9 0    56.7 0   -18.5 0    38.2 0    27.9 0    87.0 0     2.3 0   251.4 0   988.4 0
 1995 220  8  8 21 12 21.200  47.77    56.2 0    11.2 0    -4.5 0 -9999.9 1   444.3 0   305.4 0   303.8 0   461.6 0   301.5 0   301.5 0     9.9 0    32.8 0    45.0 0   -17.3 0    27.7 0    27.9 0    88.0 0     2.4 0   242.2 0   988.4 0
 1995 220  8  8 21 15 21.250  48.32    49.2 0    10.2 0    -2.6 0 -9999.9 1   441.0 0   305.1 0   303.9 0   461.2 0   301.3 0   301.3 0     8.7 0    29.2 0    38.9 0   -20.2 0    18.7 0    27.9 0    88.4 0     2.7 0   234.7 0   988.5 0
 1995 220  8  8 21 18 21.300  48.88    48.7 0    10.0 0    -2.2 0 -9999.9 1   436.8 0   304.9 0   304.0 0   461.0 0   301.2 0   301.2 0     8.6 0    29.0 0    38.7 0   -24.2 0    14.5 0    28.2 0    88.8 0     2.6 0   236.9 0   988.5 0
 1995 220  8  8 21 21 21.350  49.43    49.2 0     9.7 0    -1.5 0 -9999.9 1   434.5 0   304.8 0   304.1 0   460.8 0   301.0 0   301.0 0     8.7 0    29.1 0    39.4 0   -26.3 0    13.2 0    27.5 0    89.4 0     2.3 0   237.4 0   988.5 0
 1995 220  8  8 21 24 21.400  49.99    46.9 0     9.0 0    -0.9 0 -9999.9 1   434.6 0   304.7 0   304.2 0   461.0 0   300.9 0   300.9 0     8.2 0    27.7 0    37.9 0   -26.4 0    11.5 0    27.4 0    89.8 0     1.7 0   249.0 0   988.5 0
 1995 220  8  8 21 27 21.450  50.55    39.5 0     7.6 0    -0.9 0 -9999.9 1   437.1 0   304.6 0   304.1 0   461.1 0   300.8 0   300.9 0     7.0 0    23.6 0    31.9 0   -24.0 0     7.9 0    27.3 0    90.0 0     1.9 0   269.5 0   988.6 0
 1995 220  8  8 21 30 21.500  51.11    40.8 0     7.8 0    -0.8 0 -9999.9 1   435.7 0   304.6 0   304.1 0   460.4 0   300.7 0   300.8 0     7.1 0    24.2 0    33.1 0   -24.7 0     8.4 0    27.3 0    90.1 0     2.3 0   279.7 0   988.6 0
 1995 220  8  8 21 33 21.550  51.67    43.1 0     8.0 0    -0.6 0 -9999.9 1   433.5 0   304.5 0   304.0 0   459.7 0   300.7 0   300.7 0     7.4 0    25.3 0    35.1 0   -26.1 0     8.9 0    27.3 0    90.2 0     2.5 0   283.3 0   988.5 0
 1995 220  8  8 21 36 21.600  52.24    40.8 0     7.6 0    -0.4 0 -9999.9 1   434.5 0   304.4 0   303.9 0   459.5 0   300.6 0   300.6 0     6.8 0    23.9 0    33.3 0   -25.0 0     8.2 0    27.2 0    90.4 0     2.5 0   287.4 0   988.5 0
 1995 220  8  8 21 39 21.650  52.80    30.8 0     5.9 0    -0.4 0 -9999.9 1   439.7 0   304.4 0   303.9 0   459.4 0   300.5 0   300.5 0     5.1 0    18.4 0    25.0 0   -19.7 0     5.2 0    27.1 0    90.6 0     2.2 0   288.5 0   988.4 0
 1995 220  8  8 21 42 21.700  53.36    24.3 0     4.8 0    -0.2 0 -9999.9 1   442.5 0   304.3 0   303.9 0   459.2 0   300.5 0   300.5 0     4.1 0    14.6 0    19.5 0   -16.8 0     2.8 0    27.1 0    90.6 0     2.2 0   272.5 0   988.4 0
 1995 220  8  8 21 45 21.750  53.93    23.9 0     4.6 0    -0.1 0 -9999.9 1   442.3 0   304.2 0   303.8 0   459.0 0   300.4 0   300.4 0     3.9 0    14.3 0    19.3 0   -16.6 0     2.7 0    27.1 0    90.4 0     2.4 0   260.3 0   988.5 0
 1995 220  8  8 21 48 21.800  54.50    18.5 0     3.7 0    -0.2 0 -9999.9 1   444.4 0   304.2 0   303.8 0   458.6 0   300.4 0   300.4 0     3.0 0    11.1 0    14.8 0   -14.3 0     0.6 0    27.2 0    90.1 0     1.9 0   259.7 0   988.5 0
 1995 220  8  8 21 51 21.850  55.06    12.0 0     2.8 0    -0.3 0 -9999.9 1   445.9 0   304.2 0   303.7 0   458.1 0   300.4 0   300.4 0     1.9 0     7.3 0     9.2 0   -12.2 0    -2.9 0    26.9 0    90.2 0     1.6 0   283.1 0   988.6 0
 1995 220  8  8 21 54 21.900  55.63     9.2 0     2.3 0    -0.4 0 -9999.9 1   446.3 0   304.1 0   303.6 0   457.9 0   300.3 0   300.3 0     1.4 0     5.7 0     6.8 0   -11.6 0    -4.7 0    27.0 0    90.2 0     2.1 0   308.7 0   988.8 0
 1995 220  8  8 21 57 21.950  56.20     7.6 0     2.0 0    -0.4 0 -9999.9 1   446.3 0   304.0 0   303.5 0   457.5 0   300.3 0   300.3 0     1.2 0     5.1 0     5.7 0   -11.2 0    -5.5 0    27.0 0    90.2 0     2.6 0   309.0 0   988.9 0
 1995 220  8  8 22  0 22.000  56.77     7.5 0     2.0 0    -0.4 0 -9999.9 1   445.2 0   304.0 0   303.4 0   457.0 0   300.2 0   300.3 0     1.3 0     5.2 0     5.6 0   -11.7 0    -6.1 0    26.9 0    90.5 0     3.4 0   304.6 0   988.9 0
 1995 220  8  8 22  3 22.050  57.34    10.3 0     2.5 0    -0.2 0 -9999.9 1   442.3 0   303.9 0   303.3 0   456.2 0   300.2 0   300.2 0     1.6 0     6.9 0     7.8 0   -13.9 0    -6.1 0    26.9 0    90.3 0     4.0 0   301.5 0   988.8 0
 1995 220  8  8 22  6 22.100  57.91    10.8 0     2.9 0    -0.5 0 -9999.9 1   438.9 0   303.8 0   303.2 0   455.1 0   300.2 0   300.2 0     1.7 0     7.4 0     7.9 0   -16.2 0    -8.3 0    26.7 0    90.2 0     4.9 0   302.7 0   988.6 0
 1995 220  8  8 22  9 22.150  58.48    13.3 0     3.4 0    -0.6 0 -9999.9 1   433.3 0   303.7 0   303.0 0   453.9 0   300.1 0   300.1 0     2.0 0     9.1 0     9.9 0   -20.6 0   -10.8 0    26.7 0    90.1 0     4.8 0   307.6 0   988.6 0
 1995 220  8  8 22 12 22.200  59.06    12.0 0     3.2 0    -0.5 0 -9999.9 1   432.1 0   303.5 0   302.9 0   453.5 0   300.0 0   300.0 0     1.8 0     8.1 0     8.8 0   -21.4 0   -12.6 0    26.6 0    90.4 0     4.0 0   325.1 0   988.7 0
 1995 220  8  8 22 15 22.250  59.63     9.4 0     2.8 0    -0.4 0 -9999.9 1   432.5 0   303.4 0   302.8 0   453.0 0   299.9 0   299.9 0     1.5 0     6.6 0     6.6 0   -20.6 0   -14.0 0    26.4 0    90.6 0     4.7 0   339.5 0   989.0 0
 1995 220  8  8 22 18 22.300  60.20     7.0 0     3.4 0    -1.3 0 -9999.9 1   433.1 0   303.3 0   302.5 0   449.5 0   299.7 0   299.6 0     1.1 0     5.4 0     3.6 0   -16.4 0   -12.8 0    26.0 0    90.0 0     8.5 0   355.7 0   989.3 0
 1995 220  8  8 22 21 22.350  60.77     8.4 0     7.2 0    -5.2 0 -9999.9 1   420.6 0   303.0 0   301.9 0   438.4 0   299.2 0   298.9 0     1.4 0     6.5 0     1.2 0   -17.7 0   -16.5 0    24.8 0    87.0 0     7.8 0     4.2 0   989.4 0
 1995 220  8  8 22 24 22.400  61.35     9.6 0     7.0 0    -4.6 0 -9999.9 1   415.9 0   302.6 0   301.6 0   435.7 0   298.4 0   298.2 0     1.4 0     6.8 0     2.6 0   -19.8 0   -17.3 0    23.9 0    87.1 0     7.1 0     3.9 0   989.5 0
 1995 220  8  8 22 27 22.450  61.92    10.0 0     6.5 0    -3.8 0 -9999.9 1   412.5 0   302.1 0   301.2 0   433.9 0   297.8 0   297.6 0     1.4 0     6.8 0     3.5 0   -21.4 0   -17.9 0    23.4 0    87.4 0     6.4 0     3.3 0   989.7 0
 1995 220  8  8 22 30 22.500  62.49    10.4 0     5.5 0    -2.7 0 -9999.9 1   409.6 0   301.7 0   300.8 0   432.9 0   297.3 0   297.2 0     1.4 0     6.8 0     4.8 0   -23.3 0   -18.5 0    23.0 0    87.9 0     5.8 0     2.8 0   989.8 0
 1995 220  8  8 22 33 22.550  63.07    10.2 0     5.0 0    -2.4 0 -9999.9 1   407.8 0   301.3 0   300.4 0   431.7 0   296.9 0   296.8 0     1.3 0     6.6 0     5.3 0   -23.9 0   -18.6 0    22.7 0    88.2 0     5.5 0     1.1 0   989.9 0
 1995 220  8  8 22 36 22.600  63.64     9.9 0     4.5 0    -2.0 0 -9999.9 1   407.1 0   300.9 0   300.1 0   430.7 0   296.5 0   296.4 0     1.2 0     6.3 0     5.4 0   -23.6 0   -18.2 0    22.4 0    88.3 0     5.0 0     6.9 0   989.8 0
 1995 220  8  8 22 39 22.650  64.21     9.6 0     4.3 0    -1.3 0 -9999.9 1   406.7 0   300.6 0   299.7 0   430.1 0   296.2 0   296.2 0     1.1 0     6.2 0     5.3 0   -23.4 0   -18.2 0    22.3 0    88.0 0     5.7 0     9.3 0   989.8 0
 1995 220  8  8 22 42 22.700  64.79     9.2 0     4.1 0    -0.8 0 -9999.9 1   406.7 0   300.2 0   299.4 0   429.5 0   296.0 0   296.0 0     1.1 0     6.1 0     5.1 0   -22.7 0   -17.7 0    22.1 0    87.8 0     6.7 0     7.8 0   989.8 0
 1995 220  8  8 22 45 22.750  65.36     8.9 0     3.7 0    -0.4 0 -9999.9 1   408.3 0   299.9 0   299.2 0   429.4 0   295.8 0   295.8 0     1.1 0     6.1 0     5.3 0   -21.1 0   -15.8 0    22.2 0    87.8 0     5.6 0     2.5 0   989.8 0
 1995 220  8  8 22 48 22.800  65.93     8.6 0     3.2 0    -0.8 0 -9999.9 1   412.4 0   299.7 0   298.6 0   429.4 0   295.7 0   295.7 0     1.0 0     6.1 0     5.5 0   -16.9 0   -11.5 0    22.2 0    87.7 0     5.5 0   358.5 0   989.7 0
 1995 220  8  8 22 51 22.850  66.51     8.2 0     3.1 0    -2.0 0 -9999.9 1   415.6 0   299.4 0   297.9 0   429.0 0   295.6 0   295.6 0     1.1 0     6.3 0     5.1 0   -13.4 0    -8.3 0    22.2 0    87.5 0     5.6 0     2.4 0   989.5 0
 1995 220  8  8 22 54 22.900  67.08     7.9 0     3.2 0    -2.1 0 -9999.9 1   417.9 0   299.0 0   297.3 0   428.5 0   295.5 0   295.5 0     1.1 0     6.7 0     4.8 0   -10.6 0    -5.9 0    22.3 0    87.6 0     5.1 0   358.9 0   989.4 0
 1995 220  8  8 22 57 22.950  67.65     9.0 0     3.6 0    -2.2 0 -9999.9 1   419.0 0   298.6 0   296.9 0   428.0 0   295.4 0   295.4 0     1.3 0     7.3 0     5.5 0    -9.0 0    -3.5 0    22.1 0    88.1 0     4.4 0   344.5 0   989.2 0
 1995 220  8  8 23  0 23.000  68.23    10.2 0     3.9 0    -1.3 0 -9999.9 1   417.9 0   298.3 0   296.6 0   427.7 0   295.3 0   295.3 0     1.4 0     7.9 0     6.3 0    -9.8 0    -3.4 0    22.0 0    88.6 0     4.3 0   335.7 0   989.0 0
 1995 220  8  8 23  3 23.050  68.80    12.1 0     3.7 0    -0.3 0 -9999.9 1   416.3 0   298.0 0   296.5 0   428.4 0   295.2 0   295.2 0     1.6 0     8.7 0     8.4 0   -12.1 0    -3.6 0    22.1 0    89.0 0     4.5 0   341.7 0   988.8 0
 1995 220  8  8 23  6 23.100  69.37    13.1 0     3.2 0     0.0 0 -9999.9 1   415.8 0   297.8 0   296.4 0   429.3 0   295.2 0   295.2 0     1.7 0     9.5 0     9.9 0   -13.5 0    -3.6 0    22.2 0    88.8 0     6.3 0   350.5 0   988.6 0
 1995 220  8  8 23  9 23.150  69.94    14.4 0     3.6 0     0.0 0 -9999.9 1   415.0 0   297.6 0   296.4 0   429.1 0   295.2 0   295.3 0     1.8 0    10.1 0    10.8 0   -14.1 0    -3.3 0    22.3 0    88.8 0     7.0 0   354.9 0   988.5 0
 1995 220  8  8 23 12 23.200  70.51    15.7 0     4.1 0     0.0 0 -9999.9 1   415.3 0   297.5 0   296.3 0   429.1 0   295.3 0   295.3 0     1.9 0    10.7 0    11.6 0   -13.8 0    -2.2 0    22.3 0    89.0 0     7.7 0   357.7 0   988.4 0
 1995 220  8  8 23 15 23.250  71.09    17.0 0     4.5 0     0.0 0 -9999.9 1   415.4 0   297.5 0   296.2 0   428.7 0   295.3 0   295.3 0     1.9 0    11.5 0    12.5 0   -13.3 0    -0.7 0    22.3 0    89.1 0     7.5 0   354.9 0   988.3 0
 1995 220  8  8 23 18 23.300  71.65    19.4 0     5.1 0    -0.1 0 -9999.9 1   415.7 0   297.4 0   296.2 0   428.5 0   295.3 0   295.3 0     2.1 0    12.4 0    14.3 0   -12.7 0     1.6 0    22.2 0    89.2 0     8.4 0   356.0 0   988.2 0
 1995 220  8  8 23 21 23.350  72.23    21.7 0     5.5 0    -0.1 0 -9999.9 1   416.3 0   297.3 0   296.1 0   428.3 0   295.2 0   295.3 0     2.2 0    13.4 0    16.2 0   -12.0 0     4.2 0    22.2 0    89.2 0     9.1 0   359.2 0   988.1 0
 1995 220  8  8 23 24 23.400  72.79    24.0 0     5.9 0    -0.1 0 -9999.9 1   417.1 0   297.3 0   296.0 0   428.2 0   295.2 0   295.2 0     2.3 0    14.5 0    18.2 0   -11.1 0     7.1 0    22.2 0    89.3 0     9.3 0     0.2 0   988.0 0
 1995 220  8  8 23 27 23.450  73.36    26.7 0     6.2 0     0.0 0 -9999.9 1   416.3 0   297.2 0   296.0 0   428.2 0   295.2 0   295.3 0     2.5 0    15.6 0    20.5 0   -11.9 0     8.7 0    22.2 0    89.3 0     8.5 0   359.6 0   988.0 0
 1995 220  8  8 23 30 23.500  73.93    29.1 0     7.0 0     0.0 0 -9999.9 1   415.2 0   297.2 0   296.1 0   428.2 0   295.2 0   295.2 0     2.6 0    16.6 0    22.2 0   -13.0 0     9.2 0    22.0 0    89.6 0     8.2 0   356.5 0   987.8 0
 1995 220  8  8 23 33 23.550  74.50    30.0 0     7.4 0     0.0 0 -9999.9 1   414.6 0   297.2 0   296.2 0   428.6 0   295.2 0   295.2 0     2.7 0    17.1 0    22.6 0   -13.9 0     8.7 0    22.1 0    89.9 0     7.9 0   353.9 0   987.6 0
 1995 220  8  8 23 36 23.600  75.06    31.3 0     7.7 0     0.0 0 -9999.9 1   414.2 0   297.2 0   296.4 0   429.0 0   295.2 0   295.2 0     2.6 0    17.4 0    23.7 0   -14.8 0     8.9 0    22.2 0    90.1 0     7.3 0   352.6 0   987.4 0
 1995 220  8  8 23 39 23.650  75.63    32.9 0     7.9 0     0.2 0 -9999.9 1   412.9 0   297.3 0   296.6 0   429.5 0   295.2 0   295.3 0     2.6 0    18.0 0    25.0 0   -16.6 0     8.4 0    22.2 0    90.2 0     7.8 0   357.2 0   987.2 0
 1995 220  8  8 23 42 23.700  76.19    34.7 0     8.7 0     0.3 0 -9999.9 1   410.7 0   297.5 0   296.9 0   429.7 0   295.3 0   295.3 0     2.5 0    18.4 0    26.0 0   -19.0 0     7.0 0    22.2 0    90.2 0     7.1 0   354.1 0   987.2 0
 1995 220  8  8 23 45 23.750  76.76    39.9 0    10.6 0     7.5 0 -9999.9 1   409.3 0   297.6 0   297.1 0   429.6 0   295.3 0   295.4 0     2.3 0    20.4 0    29.4 0   -20.4 0     9.0 0    22.2 0    90.3 0     7.6 0     2.5 0   987.2 0
 1995 220  8  8 23 48 23.800  77.32    74.8 0    22.2 0   122.3 0 -9999.9 1   409.0 0   297.7 0   297.4 0   430.3 0   295.4 0   295.5 0     2.3 0    36.4 0    52.6 0   -21.3 0    31.3 0    22.2 0    90.4 0     6.7 0     8.4 0   987.1 0
 1995 220  8  8 23 51 23.850  77.88    74.8 0    21.8 0   113.5 0 -9999.9 1   409.4 0   298.0 0   297.7 0   431.2 0   295.4 0   295.5 0     2.3 0    36.5 0    53.0 0   -21.8 0    31.2 0    22.2 0    90.5 0     5.1 0     4.6 0   986.9 0
 1995 220  8  8 23 54 23.900  78.44    84.9 0    25.6 0   174.8 0 -9999.9 1   410.3 0   298.2 0   298.1 0   432.5 0   295.5 0   295.6 0     2.2 0    41.3 0    59.3 0   -22.3 0    37.1 0    22.3 0    90.3 0     3.7 0   359.8 0   986.7 0
 1995 220  8  8 23 57 23.950  79.00    73.6 0    22.4 0   163.3 0 -9999.9 1   410.6 0   298.5 0   298.3 0   432.9 0   295.6 0   295.7 0     2.0 0    36.4 0    51.2 0   -22.3 0    28.9 0    22.3 0    90.3 0     3.1 0     5.1 0   986.6 0
