 Bondville
   40.05  -88.37  213 m version 1
 1995 189  7  8 17 45 17.750  17.86   886.9 0   155.5 0   618.1 0 -9999.9 1   340.8 0   306.1 0   306.8 0 -9999.9 1 -9999.9 1 -9999.9 1   200.1 0   369.7 0   731.4 0 -9999.9 1 -9999.9 1    24.3 0    45.1 0     3.0 0 -9999.9 1 -9999.9 1
 1995 189  7  8 17 48 17.800  17.76   919.5 0   161.7 0   656.2 0 -9999.9 1   340.4 0   306.1 0   306.8 0 -9999.9 1 -9999.9 1 -9999.9 1   204.0 0   380.2 0   757.8 0 -9999.9 1 -9999.9 1    24.3 0    44.7 0     3.0 0 -9999.9 1 -9999.9 1
 1995 189  7  8 17 51 17.850  17.68   939.8 0   164.6 0   683.6 0 -9999.9 1   340.2 0   306.2 0   307.0 0 -9999.9 1 -9999.9 1 -9999.9 1   208.4 0   389.4 0   775.3 0 -9999.9 1 -9999.9 1    23.9 0    45.2 0     2.1 0 -9999.9 1 -9999.9 1
 1995 189  7  8 17 54 17.900  17.62   960.4 0   166.6 0   708.2 0 -9999.9 1   340.5 0   306.3 0   307.3 0 -9999.9 1 -9999.9 1 -9999.9 1   212.9 0   397.3 0   793.8 0 -9999.9 1 -9999.9 1    24.3 0    45.0 0     2.1 0 -9999.9 1 -9999.9 1
 1995 189  7  8 17 57 17.950  17.59   898.9 0   156.3 0   645.0 0 -9999.9 1   341.2 0   306.4 0   307.2 0 -9999.9 1 -9999.9 1 -9999.9 1   202.8 0   372.9 0   742.6 0 -9999.9 1 -9999.9 1    24.7 0    45.2 0     2.2 0 -9999.9 1 -9999.9 1
 1995 189  7  8 18  0 18.000  17.58   911.1 0   159.8 0   651.9 0 -9999.9 1   341.5 0   306.4 0   307.1 0 -9999.9 1 -9999.9 1 -9999.9 1   205.3 0   379.4 0   751.3 0 -9999.9 1 -9999.9 1    24.7 0    44.3 0     3.7 0 -9999.9 1 -9999.9 1
 1995 189  7  8 18  3 18.050  17.59   931.5 0   163.0 0   676.7 0 -9999.9 1   340.8 0   306.5 0   307.2 0 -9999.9 1 -9999.9 1 -9999.9 1   208.6 0   386.1 0   768.5 0 -9999.9 1 -9999.9 1    24.7 0    44.0 0     2.4 0 -9999.9 1 -9999.9 1
 1995 189  7  8 18  6 18.100  17.62   926.1 0   160.2 0   676.7 0 -9999.9 1   340.1 0   306.5 0   307.5 0 -9999.9 1 -9999.9 1 -9999.9 1   207.2 0   383.0 0   765.9 0 -9999.9 1 -9999.9 1    24.9 0    43.9 0     1.2 0 -9999.9 1 -9999.9 1
 1995 189  7  8 18  9 18.150  17.68   944.8 0   164.6 0   694.4 0 -9999.9 1   341.3 0   306.6 0   307.4 0 -9999.9 1 -9999.9 1 -9999.9 1   211.1 0   392.4 0   780.2 0 -9999.9 1 -9999.9 1    24.4 0    43.8 0     3.6 0 -9999.9 1 -9999.9 1
 1995 189  7  8 18 12 18.200  17.76   945.7 0   164.7 0   696.1 0 -9999.9 1   341.6 0   306.7 0   307.6 0 -9999.9 1 -9999.9 1   255.5 0   212.5 0   394.3 0   781.0 0 -9999.9 1 -9999.9 1    24.7 0    44.2 0     3.1 0 -9999.9 1 -9999.9 1
 1995 189  7  8 18 15 18.250  17.86   930.8 0   163.8 0   674.4 0 -9999.9 1   343.4 0   306.7 0   307.4 0 -9999.9 1 -9999.9 1 -9999.9 1   209.2 0   387.4 0   767.0 0 -9999.9 1 -9999.9 1    24.5 0    43.8 0     3.7 0 -9999.9 1 -9999.9 1
 1995 189  7  8 18 18 18.300  17.99   915.9 0   161.6 0   653.3 0 -9999.9 1   342.3 0   306.7 0   307.4 0 -9999.9 1 -9999.9 1 -9999.9 1   205.4 0   380.5 0   754.3 0 -9999.9 1 -9999.9 1    24.8 0    44.1 0     3.2 0 -9999.9 1 -9999.9 1
 1995 189  7  8 18 21 18.350  18.13   920.8 0   160.7 0   657.5 0 -9999.9 1   343.7 0   306.7 0   307.4 0 -9999.9 1 -9999.9 1 -9999.9 1   205.7 0   382.9 0   760.0 0 -9999.9 1 -9999.9 1    24.6 0    44.7 0     2.0 0 -9999.9 1 -9999.9 1
 1995 189  7  8 18 24 18.400  18.30   919.0 0   160.4 0   657.6 0 -9999.9 1   343.0 0   306.7 0   307.5 0 -9999.9 1 -9999.9 1 -9999.9 1   205.0 0   381.8 0   758.6 0 -9999.9 1 -9999.9 1    24.8 0    43.9 0     2.2 0 -9999.9 1 -9999.9 1
 1995 189  7  8 18 27 18.450  18.49   920.4 0   159.5 0   664.8 0 -9999.9 1   342.3 0   306.8 0   307.8 0 -9999.9 1 -9999.9 1 -9999.9 1   205.2 0   383.4 0   760.9 0 -9999.9 1 -9999.9 1    24.9 0    43.6 0     1.0 0 -9999.9 1 -9999.9 1
 1995 189  7  8 18 30 18.500  18.69   918.1 0   160.2 0   664.5 0 -9999.9 1   344.1 0   306.9 0   307.7 0 -9999.9 1 -9999.9 1   274.8 0   203.8 0   381.5 0   757.9 0 -9999.9 1 -9999.9 1    25.1 0    43.8 0     3.2 0 -9999.9 1 -9999.9 1
 1995 189  7  8 18 33 18.550  18.92   919.5 0   161.1 0   666.7 0 -9999.9 1   343.9 0   306.9 0   307.7 0 -9999.9 1 -9999.9 1   274.5 0   204.1 0   383.3 0   758.4 0 -9999.9 1 -9999.9 1    25.4 0    43.6 0     2.4 0 -9999.9 1 -9999.9 1
 1995 189  7  8 18 36 18.600  19.16   920.4 0   163.3 0   665.1 0 -9999.9 1   344.6 0   306.9 0   307.5 0 -9999.9 1 -9999.9 1   274.3 0   202.4 0   381.9 0   757.1 0 -9999.9 1 -9999.9 1    24.6 0    43.8 0     3.4 0 -9999.9 1 -9999.9 1
 1995 189  7  8 18 39 18.650  19.42   924.9 0   163.4 0   667.5 0 -9999.9 1   344.3 0   306.9 0   307.7 0 -9999.9 1 -9999.9 1   274.4 0   202.6 0   383.6 0   761.4 0 -9999.9 1 -9999.9 1    25.4 0    43.8 0     2.8 0 -9999.9 1 -9999.9 1
 1995 189  7  8 18 42 18.700  19.70   890.1 0   155.6 0   633.4 0 -9999.9 1   343.6 0   306.9 0   307.7 0 -9999.9 1 -9999.9 1   274.7 0   197.1 0   370.6 0   734.5 0 -9999.9 1 -9999.9 1    24.9 0    43.8 0     2.3 0 -9999.9 1 -9999.9 1
 1995 189  7  8 18 45 18.750  20.00   914.9 0   159.7 0   662.0 0 -9999.9 1   343.3 0   307.0 0   307.8 0 -9999.9 1 -9999.9 1   274.8 0   201.2 0   381.5 0   755.1 0 -9999.9 1 -9999.9 1    24.6 0    43.2 0     1.4 0 -9999.9 1 -9999.9 1
 1995 189  7  8 18 48 18.800  20.31   917.8 0   160.0 0   673.9 0 -9999.9 1   341.9 0   307.0 0   307.9 0 -9999.9 1 -9999.9 1   274.5 0   200.6 0   381.2 0   757.8 0 -9999.9 1 -9999.9 1    25.4 0    43.0 0     2.4 0 -9999.9 1 -9999.9 1
 1995 189  7  8 18 51 18.850  20.63   879.3 0   154.0 0   637.7 0 -9999.9 1   342.0 0   307.1 0   307.8 0 -9999.9 1 -9999.9 1   274.7 0   194.0 0   366.5 0   725.3 0 -9999.9 1 -9999.9 1    25.4 0    42.4 0     1.8 0 -9999.9 1 -9999.9 1
 1995 189  7  8 18 54 18.900  20.97   884.0 0   153.4 0   650.3 0 -9999.9 1   342.0 0   307.1 0   308.0 0 -9999.9 1 -9999.9 1   274.8 0   194.2 0   368.4 0   730.6 0 -9999.9 1 -9999.9 1    25.5 0    43.1 0     1.6 0 -9999.9 1 -9999.9 1
 1995 189  7  8 18 57 18.950  21.32   907.2 0   160.1 0   680.8 0 -9999.9 1   344.2 0   307.2 0   307.9 0 -9999.9 1 -9999.9 1   274.0 0   196.0 0   376.2 0   747.1 0 -9999.9 1 -9999.9 1    25.8 0    42.0 0     3.2 0 -9999.9 1 -9999.9 1
 1995 189  7  8 19  0 19.000  21.69   904.9 0   160.7 0   683.5 0 -9999.9 1   343.8 0   307.3 0   308.0 0 -9999.9 1 -9999.9 1   274.0 0   195.4 0   375.9 0   744.2 0 -9999.9 1 -9999.9 1    25.3 0    41.9 0     3.2 0 -9999.9 1 -9999.9 1
 1995 189  7  8 19  3 19.050  22.07   909.2 0   161.8 0   694.8 0 -9999.9 1   343.2 0   307.3 0   308.0 0 -9999.9 1 -9999.9 1   273.4 0   195.0 0   377.9 0   747.4 0 -9999.9 1 -9999.9 1    25.5 0    41.2 0     3.1 0 -9999.9 1 -9999.9 1
 1995 189  7  8 19  6 19.100  22.46   888.8 0   157.2 0   681.3 0 -9999.9 1   342.1 0   307.3 0   308.0 0 -9999.9 1 -9999.9 1   274.1 0   191.1 0   369.5 0   731.6 0 -9999.9 1 -9999.9 1    25.5 0    41.2 0     2.3 0 -9999.9 1 -9999.9 1
 1995 189  7  8 19  9 19.150  22.86   893.4 0   155.4 0   698.4 0 -9999.9 1   340.5 0   307.4 0   308.3 0 -9999.9 1 -9999.9 1   274.1 0   191.9 0   372.8 0   738.1 0 -9999.9 1 -9999.9 1    25.8 0    41.5 0     0.6 0 -9999.9 1 -9999.9 1
 1995 189  7  8 19 12 19.200  23.27   906.0 0   157.7 0   722.3 0 -9999.9 1   340.7 0   307.5 0   308.5 0 -9999.9 1 -9999.9 1   272.7 0   192.9 0   377.2 0   748.3 0 -9999.9 1 -9999.9 1    25.5 0    41.0 0     1.7 0 -9999.9 1 -9999.9 1
 1995 189  7  8 19 15 19.250  23.69   911.3 0   159.8 0   738.3 0 -9999.9 1   342.2 0   307.6 0   308.4 0 -9999.9 1 -9999.9 1   272.6 0   192.6 0   379.3 0   751.4 0 -9999.9 1 -9999.9 1    25.8 0    40.5 0     1.9 0 -9999.9 1 -9999.9 1
 1995 189  7  8 19 18 19.300  24.11   888.2 0   155.8 0   720.4 0 -9999.9 1   341.8 0   307.7 0   308.5 0 -9999.9 1 -9999.9 1   272.3 0   187.0 0   368.5 0   732.3 0 -9999.9 1 -9999.9 1    25.9 0    40.4 0     1.3 0 -9999.9 1 -9999.9 1
 1995 189  7  8 19 21 19.350  24.55   880.6 0   156.7 0   717.1 0 -9999.9 1   343.1 0   307.8 0   308.5 0 -9999.9 1 -9999.9 1   272.4 0   184.2 0   364.2 0   723.9 0 -9999.9 1 -9999.9 1    25.9 0    40.8 0     3.1 0 -9999.9 1 -9999.9 1
 1995 189  7  8 19 24 19.400  25.00   889.9 0   158.5 0   734.1 0 -9999.9 1   343.4 0   307.9 0   308.5 0 -9999.9 1 -9999.9 1   270.2 0   185.0 0   371.5 0   731.5 0 -9999.9 1 -9999.9 1    25.9 0    40.8 0     2.5 0 -9999.9 1 -9999.9 1
 1995 189  7  8 19 27 19.450  25.45   886.3 0   156.3 0   741.4 0 -9999.9 1   343.7 0   307.9 0   308.5 0 -9999.9 1 -9999.9 1   266.8 0   182.8 0   370.0 0   730.0 0 -9999.9 1 -9999.9 1    25.8 0    40.7 0     0.9 0 -9999.9 1 -9999.9 1
 1995 189  7  8 19 30 19.500  25.91   894.7 0   156.5 0   770.0 0 -9999.9 1   341.8 0   308.0 0   308.9 0 -9999.9 1 -9999.9 1   262.2 0   183.5 0   372.8 0   738.1 0 -9999.9 1 -9999.9 1    26.0 0    40.5 0     0.9 0 -9999.9 1 -9999.9 1
 1995 189  7  8 19 33 19.550  26.38   901.9 0   158.3 0   795.1 0 -9999.9 1   342.4 0   308.0 0   308.8 0 -9999.9 1 -9999.9 1 -9999.9 1   183.9 0   376.7 0   743.6 0 -9999.9 1 -9999.9 1    26.4 0    40.5 0     1.4 0 -9999.9 1 -9999.9 1
 1995 189  7  8 19 36 19.600  26.85   902.4 0   159.4 0   809.6 0 -9999.9 1   342.5 0   308.1 0   308.8 0 -9999.9 1 -9999.9 1 -9999.9 1   183.0 0   376.2 0   742.9 0 -9999.9 1 -9999.9 1    26.4 0    40.2 0     2.5 0 -9999.9 1 -9999.9 1
 1995 189  7  8 19 39 19.650  27.34   890.9 0   159.9 0   804.5 0 -9999.9 1   342.6 0   308.2 0   308.8 0 -9999.9 1 -9999.9 1 -9999.9 1   179.3 0   371.4 0   731.0 0 -9999.9 1 -9999.9 1    26.1 0    40.0 0     2.7 0 -9999.9 1 -9999.9 1
 1995 189  7  8 19 42 19.700  27.82   879.4 0   156.9 0   800.8 0 -9999.9 1   343.2 0   308.2 0   308.9 0 -9999.9 1 -9999.9 1 -9999.9 1   175.9 0   365.9 0   722.5 0 -9999.9 1 -9999.9 1    26.1 0    40.0 0     2.1 0 -9999.9 1 -9999.9 1
 1995 189  7  8 19 45 19.750  28.31   878.2 0   158.3 0   804.8 0 -9999.9 1   343.4 0   308.3 0   308.9 0 -9999.9 1 -9999.9 1 -9999.9 1   174.9 0   367.3 0   719.9 0 -9999.9 1 -9999.9 1    25.8 0    39.9 0     3.4 0 -9999.9 1 -9999.9 1
 1995 189  7  8 19 48 19.800  28.81   875.0 0   157.5 0   810.1 0 -9999.9 1   342.4 0   308.3 0   308.9 0 -9999.9 1 -9999.9 1 -9999.9 1   172.9 0   365.8 0   717.6 0 -9999.9 1 -9999.9 1    25.8 0    39.7 0     2.3 0 -9999.9 1 -9999.9 1
 1995 189  7  8 19 51 19.850  29.31   862.6 0   157.4 0   799.2 0 -9999.9 1   344.0 0   308.3 0   308.7 0 -9999.9 1 -9999.9 1 -9999.9 1   169.0 0   359.1 0   705.2 0 -9999.9 1 -9999.9 1    26.1 0    39.2 0     3.6 0 -9999.9 1 -9999.9 1
 1995 189  7  8 19 54 19.900  29.82   864.4 0   157.8 0   810.8 0 -9999.9 1   343.6 0   308.2 0   308.7 0 -9999.9 1 -9999.9 1 -9999.9 1   168.6 0   361.8 0   706.6 0 -9999.9 1 -9999.9 1    25.8 0    39.4 0     3.0 0 -9999.9 1 -9999.9 1
 1995 189  7  8 19 57 19.950  30.33   865.4 0   156.5 0   824.0 0 -9999.9 1   342.6 0   308.2 0   308.9 0 -9999.9 1 -9999.9 1 -9999.9 1   168.2 0   363.2 0   708.9 0 -9999.9 1 -9999.9 1    26.3 0    39.5 0     2.0 0 -9999.9 1 -9999.9 1
 1995 189  7  8 20  0 20.000  30.85   860.9 0   155.6 0   829.5 0 -9999.9 1   343.2 0   308.3 0   309.0 0 -9999.9 1 -9999.9 1 -9999.9 1   166.4 0   362.3 0   705.3 0 -9999.9 1 -9999.9 1    26.1 0    40.0 0     2.8 0 -9999.9 1 -9999.9 1
 1995 189  7  8 20  3 20.050  31.36   857.0 0   155.6 0   827.9 0 -9999.9 1   344.3 0   308.3 0   308.9 0 -9999.9 1 -9999.9 1 -9999.9 1   164.4 0   360.7 0   701.4 0 -9999.9 1 -9999.9 1    26.0 0    39.8 0     2.8 0 -9999.9 1 -9999.9 1
 1995 189  7  8 20  6 20.100  31.89   846.8 0   155.6 0   820.2 0 -9999.9 1   344.5 0   308.3 0   308.8 0 -9999.9 1 -9999.9 1 -9999.9 1   160.6 0   355.4 0   691.2 0 -9999.9 1 -9999.9 1    26.3 0    39.5 0     3.2 0 -9999.9 1 -9999.9 1
 1995 189  7  8 20  9 20.150  32.41   833.1 0   153.0 0   804.5 0 -9999.9 1   346.2 0   308.3 0   308.7 0 -9999.9 1 -9999.9 1 -9999.9 1   157.2 0   350.8 0   680.2 0 -9999.9 1 -9999.9 1    26.2 0    39.5 0     3.2 0 -9999.9 1 -9999.9 1
 1995 189  7  8 20 12 20.200  32.94   823.0 0   151.9 0   794.5 0 -9999.9 1   345.8 0   308.3 0   308.8 0 -9999.9 1 -9999.9 1 -9999.9 1   153.8 0   346.7 0   671.1 0 -9999.9 1 -9999.9 1    26.0 0    39.4 0     3.5 0 -9999.9 1 -9999.9 1
 1995 189  7  8 20 15 20.250  33.48   814.4 0   150.4 0   786.5 0 -9999.9 1   345.9 0   308.3 0   308.8 0 -9999.9 1 -9999.9 1 -9999.9 1   150.9 0   343.4 0   663.9 0 -9999.9 1 -9999.9 1    26.3 0    39.5 0     3.4 0 -9999.9 1 -9999.9 1
 1995 189  7  8 20 18 20.300  34.01   818.1 0   150.9 0   793.6 0 -9999.9 1   345.6 0   308.4 0   308.8 0 -9999.9 1 -9999.9 1 -9999.9 1   149.7 0   344.8 0   667.2 0 -9999.9 1 -9999.9 1    26.2 0    39.5 0     2.3 0 -9999.9 1 -9999.9 1
 1995 189  7  8 20 21 20.350  34.55   812.8 0   149.0 0   793.7 0 -9999.9 1   343.8 0   308.4 0   309.1 0 -9999.9 1 -9999.9 1 -9999.9 1   147.1 0   341.9 0   663.9 0 -9999.9 1 -9999.9 1    26.1 0    39.9 0     1.6 0 -9999.9 1 -9999.9 1
 1995 189  7  8 20 24 20.400  35.09   793.1 0   148.7 0   773.3 0 -9999.9 1   345.4 0   308.5 0   308.9 0 -9999.9 1 -9999.9 1 -9999.9 1   141.9 0   331.1 0   644.4 0 -9999.9 1 -9999.9 1    26.3 0    39.5 0     4.2 0 -9999.9 1 -9999.9 1
 1995 189  7  8 20 27 20.450  35.63   794.2 0   149.7 0   776.3 0 -9999.9 1   346.2 0   308.5 0   308.8 0 -9999.9 1 -9999.9 1 -9999.9 1   140.6 0   333.1 0   644.5 0 -9999.9 1 -9999.9 1    26.6 0    39.0 0     3.3 0 -9999.9 1 -9999.9 1
 1995 189  7  8 20 30 20.500  36.18   788.4 0   147.3 0   772.3 0 -9999.9 1   345.0 0   308.5 0   309.0 0 -9999.9 1 -9999.9 1 -9999.9 1   138.4 0   331.4 0   641.0 0 -9999.9 1 -9999.9 1    26.2 0    39.3 0     1.7 0 -9999.9 1 -9999.9 1
 1995 189  7  8 20 33 20.550  36.73   743.7 0   138.0 0   723.6 0 -9999.9 1   344.5 0   308.6 0   309.1 0 -9999.9 1 -9999.9 1 -9999.9 1   131.5 0   312.6 0   605.7 0 -9999.9 1 -9999.9 1    26.2 0    39.4 0     1.5 0 -9999.9 1 -9999.9 1
 1995 189  7  8 20 36 20.600  37.28   769.4 0   143.2 0   765.0 0 -9999.9 1   344.9 0   308.6 0   309.2 0 -9999.9 1 -9999.9 1 -9999.9 1   132.7 0   323.4 0   626.2 0 -9999.9 1 -9999.9 1    26.7 0    38.9 0     2.1 0 -9999.9 1 -9999.9 1
 1995 189  7  8 20 39 20.650  37.83   764.6 0   144.5 0   766.7 0 -9999.9 1   345.7 0   308.7 0   309.1 0 -9999.9 1 -9999.9 1 -9999.9 1   131.2 0   322.0 0   620.1 0 -9999.9 1 -9999.9 1    26.8 0    38.5 0     2.9 0 -9999.9 1 -9999.9 1
 1995 189  7  8 20 42 20.700  38.38   757.5 0   142.9 0   768.7 0 -9999.9 1   345.1 0   308.8 0   309.3 0 -9999.9 1 -9999.9 1 -9999.9 1   128.5 0   318.5 0   614.6 0 -9999.9 1 -9999.9 1    26.7 0    38.8 0     1.8 0 -9999.9 1 -9999.9 1
 1995 189  7  8 20 45 20.750  38.94   761.5 0   145.2 0   782.0 0 -9999.9 1   345.3 0   308.9 0   309.3 0 -9999.9 1 -9999.9 1 -9999.9 1   127.0 0   320.4 0   616.3 0 -9999.9 1 -9999.9 1    26.7 0    38.4 0     3.1 0 -9999.9 1 -9999.9 1
 1995 189  7  8 20 48 20.800  39.50   759.2 0   145.8 0   786.0 0 -9999.9 1   345.5 0   308.9 0   309.2 0 -9999.9 1 -9999.9 1 -9999.9 1   124.9 0   319.6 0   613.4 0 -9999.9 1 -9999.9 1    26.7 0    37.9 0     2.8 0 -9999.9 1 -9999.9 1
 1995 189  7  8 20 51 20.850  40.05   738.3 0   141.8 0   764.7 0 -9999.9 1   345.8 0   309.0 0   309.2 0 -9999.9 1 -9999.9 1 -9999.9 1   120.6 0   310.1 0   596.6 0 -9999.9 1 -9999.9 1    26.7 0    38.1 0     2.6 0 -9999.9 1 -9999.9 1
 1995 189  7  8 20 54 20.900  40.61   735.0 0   141.1 0   768.2 0 -9999.9 1   345.8 0   308.9 0   309.2 0 -9999.9 1 -9999.9 1 -9999.9 1   118.3 0   309.9 0   593.8 0 -9999.9 1 -9999.9 1    26.7 0    38.1 0     2.6 0 -9999.9 1 -9999.9 1
 1995 189  7  8 20 57 20.950  41.18   726.3 0   141.8 0   767.3 0 -9999.9 1   346.7 0   308.9 0   309.1 0 -9999.9 1 -9999.9 1 -9999.9 1   115.0 0   305.1 0   584.5 0 -9999.9 1 -9999.9 1    26.0 0    38.0 0     3.8 0 -9999.9 1 -9999.9 1
 1995 189  7  8 21  0 21.000  41.74   723.9 0   142.4 0   771.3 0 -9999.9 1   346.0 0   308.9 0   309.0 0 -9999.9 1 -9999.9 1 -9999.9 1   113.0 0   304.8 0   581.5 0 -9999.9 1 -9999.9 1    26.6 0    37.2 0     3.5 0 -9999.9 1 -9999.9 1
 1995 189  7  8 21  3 21.050  42.30   715.9 0   141.6 0   767.7 0 -9999.9 1   345.7 0   308.8 0   309.0 0 -9999.9 1 -9999.9 1 -9999.9 1   109.8 0   300.0 0   574.3 0 -9999.9 1 -9999.9 1    26.6 0    37.0 0     2.8 0 -9999.9 1 -9999.9 1
 1995 189  7  8 21  6 21.100  42.87   709.6 0   139.6 0   763.5 0 -9999.9 1   344.0 0   308.8 0   309.1 0 -9999.9 1 -9999.9 1 -9999.9 1   107.2 0   297.8 0   570.0 0 -9999.9 1 -9999.9 1    26.7 0    36.4 0     1.4 0 -9999.9 1 -9999.9 1
 1995 189  7  8 21  9 21.150  43.43   682.0 0   132.4 0   732.2 0 -9999.9 1   342.6 0   308.9 0   309.3 0 -9999.9 1 -9999.9 1 -9999.9 1   103.3 0   286.1 0   549.6 0 -9999.9 1 -9999.9 1    27.3 0    36.1 0     1.2 0 -9999.9 1 -9999.9 1
 1995 189  7  8 21 12 21.200  44.00   679.0 0   134.5 0   734.1 0 -9999.9 1   344.1 0   308.9 0   309.1 0 -9999.9 1 -9999.9 1 -9999.9 1   100.8 0   285.0 0   544.5 0 -9999.9 1 -9999.9 1    26.9 0    36.4 0     2.8 0 -9999.9 1 -9999.9 1
 1995 189  7  8 21 15 21.250  44.57   668.5 0   133.5 0   726.9 0 -9999.9 1   344.0 0   308.9 0   309.2 0 -9999.9 1 -9999.9 1 -9999.9 1    97.9 0   280.6 0   534.9 0 -9999.9 1 -9999.9 1    27.1 0    36.7 0     2.3 0 -9999.9 1 -9999.9 1
 1995 189  7  8 21 18 21.300  45.14   663.1 0   130.7 0   727.8 0 -9999.9 1   343.3 0   309.0 0   309.4 0 -9999.9 1 -9999.9 1 -9999.9 1    96.1 0   278.4 0   532.4 0 -9999.9 1 -9999.9 1    27.3 0    36.6 0     0.8 0 -9999.9 1 -9999.9 1
 1995 189  7  8 21 21 21.350  45.70   656.8 0   130.8 0   724.8 0 -9999.9 1   346.2 0   309.1 0   309.3 0 -9999.9 1 -9999.9 1 -9999.9 1    93.7 0   277.5 0   526.0 0 -9999.9 1 -9999.9 1    27.3 0    36.8 0     3.0 0 -9999.9 1 -9999.9 1
 1995 189  7  8 21 24 21.400  46.27   652.6 0   130.5 0   725.2 0 -9999.9 1   345.7 0   309.1 0   309.4 0 -9999.9 1 -9999.9 1 -9999.9 1    91.7 0   276.6 0   522.1 0 -9999.9 1 -9999.9 1    27.2 0    36.8 0     1.7 0 -9999.9 1 -9999.9 1
 1995 189  7  8 21 27 21.450  46.84   616.6 0   123.6 0   676.2 0 -9999.9 1   347.9 0   309.2 0   309.3 0 -9999.9 1 -9999.9 1 -9999.9 1    86.9 0   261.7 0   493.0 0 -9999.9 1 -9999.9 1    27.4 0    36.8 0     2.4 0 -9999.9 1 -9999.9 1
 1995 189  7  8 21 30 21.500  47.42   560.8 0   113.9 0   600.0 0 -9999.9 1   349.0 0   309.2 0   309.2 0 -9999.9 1 -9999.9 1 -9999.9 1    80.1 0   237.6 0   446.9 0 -9999.9 1 -9999.9 1    27.5 0    36.7 0     2.1 0 -9999.9 1 -9999.9 1
 1995 189  7  8 21 33 21.550  47.99   610.5 0   126.2 0   677.2 0 -9999.9 1   350.7 0   309.2 0   309.0 0 -9999.9 1 -9999.9 1 -9999.9 1    81.8 0   258.2 0   484.3 0 -9999.9 1 -9999.9 1    27.0 0    37.2 0     3.8 0 -9999.9 1 -9999.9 1
 1995 189  7  8 21 36 21.600  48.56   615.8 0   128.0 0   692.4 0 -9999.9 1   350.8 0   309.1 0   309.0 0 -9999.9 1 -9999.9 1 -9999.9 1    80.9 0   261.1 0   487.7 0 -9999.9 1 -9999.9 1    26.9 0    37.0 0     3.2 0 -9999.9 1 -9999.9 1
 1995 189  7  8 21 39 21.650  49.13   593.0 0   123.4 0   668.7 0 -9999.9 1   350.4 0   309.0 0   309.0 0 -9999.9 1 -9999.9 1 -9999.9 1    76.8 0   249.5 0   469.6 0 -9999.9 1 -9999.9 1    27.3 0    36.9 0     2.3 0 -9999.9 1 -9999.9 1
 1995 189  7  8 21 42 21.700  49.70   564.6 0   117.8 0   636.6 0 -9999.9 1   351.8 0   309.0 0   308.9 0 -9999.9 1 -9999.9 1 -9999.9 1    73.0 0   238.9 0   446.8 0 -9999.9 1 -9999.9 1    27.2 0    37.5 0     2.9 0 -9999.9 1 -9999.9 1
 1995 189  7  8 21 45 21.750  50.28   577.1 0   120.8 0   661.8 0 -9999.9 1   352.5 0   309.0 0   308.9 0 -9999.9 1 -9999.9 1 -9999.9 1    72.0 0   244.4 0   456.3 0 -9999.9 1 -9999.9 1    27.1 0    37.2 0     2.3 0 -9999.9 1 -9999.9 1
 1995 189  7  8 21 48 21.800  50.85   558.0 0   118.8 0   640.4 0 -9999.9 1   353.2 0   308.9 0   308.9 0 -9999.9 1 -9999.9 1 -9999.9 1    69.1 0   236.4 0   439.2 0 -9999.9 1 -9999.9 1    27.1 0    37.1 0     2.9 0 -9999.9 1 -9999.9 1
 1995 189  7  8 21 51 21.850  51.42   545.9 0   116.5 0   623.8 0 -9999.9 1   353.5 0   308.9 0   309.0 0 -9999.9 1 -9999.9 1 -9999.9 1    66.4 0   230.5 0   429.4 0 -9999.9 1 -9999.9 1    27.2 0    37.4 0     3.1 0 -9999.9 1 -9999.9 1
 1995 189  7  8 21 54 21.900  52.00   533.0 0   115.1 0   606.3 0 -9999.9 1   353.4 0   308.9 0   308.9 0 -9999.9 1 -9999.9 1 -9999.9 1    63.8 0   224.6 0   417.9 0 -9999.9 1 -9999.9 1    26.8 0    36.8 0     3.4 0 -9999.9 1 -9999.9 1
 1995 189  7  8 21 57 21.950  52.57   524.6 0   113.9 0   592.9 0 -9999.9 1   355.1 0   308.9 0   308.9 0 -9999.9 1 -9999.9 1 -9999.9 1    61.6 0   221.8 0   410.8 0 -9999.9 1 -9999.9 1    26.8 0    37.1 0     3.5 0 -9999.9 1 -9999.9 1
 1995 189  7  8 22  0 22.000  53.14   506.5 0   110.7 0   536.1 0 -9999.9 1   357.9 0   308.9 0   308.8 0 -9999.9 1 -9999.9 1 -9999.9 1    58.5 0   214.1 0   395.8 0 -9999.9 1 -9999.9 1    27.0 0    37.1 0     3.6 0 -9999.9 1 -9999.9 1
 1995 189  7  8 22  3 22.050  53.72   315.8 0    64.6 0   185.4 0 -9999.9 1   362.5 0   308.8 0   308.4 0 -9999.9 1 -9999.9 1 -9999.9 1    48.2 0   140.2 0   251.2 0 -9999.9 1 -9999.9 1    27.2 0    37.4 0     3.2 0 -9999.9 1 -9999.9 1
 1995 189  7  8 22  6 22.100  54.29   452.3 0   100.1 0   434.3 0 -9999.9 1   361.3 0   308.6 0   308.3 0 -9999.9 1 -9999.9 1 -9999.9 1    51.5 0   192.3 0   352.3 0 -9999.9 1 -9999.9 1    26.9 0    36.9 0     3.5 0 -9999.9 1 -9999.9 1
 1995 189  7  8 22  9 22.150  54.87   495.2 0   109.8 0   518.6 0 -9999.9 1   359.1 0   308.5 0   308.4 0 -9999.9 1 -9999.9 1 -9999.9 1    52.2 0   208.4 0   385.4 0 -9999.9 1 -9999.9 1    27.1 0    37.2 0     3.7 0 -9999.9 1 -9999.9 1
 1995 189  7  8 22 12 22.200  55.44   296.8 0    63.5 0   200.0 0 -9999.9 1   361.5 0   308.4 0   307.9 0 -9999.9 1 -9999.9 1 -9999.9 1    43.1 0   131.1 0   233.4 0 -9999.9 1 -9999.9 1    27.3 0    36.6 0     3.8 0 -9999.9 1 -9999.9 1
 1995 189  7  8 22 15 22.250  56.01   360.5 0    80.3 0   313.9 0 -9999.9 1   360.8 0   308.2 0   307.8 0 -9999.9 1 -9999.9 1 -9999.9 1    42.0 0   152.9 0   280.2 0 -9999.9 1 -9999.9 1    27.3 0    36.6 0     2.6 0 -9999.9 1 -9999.9 1
 1995 189  7  8 22 18 22.300  56.59   450.1 0   100.8 0   441.4 0 -9999.9 1   361.5 0   308.1 0   307.8 0 -9999.9 1 -9999.9 1 -9999.9 1    44.7 0   189.8 0   349.3 0 -9999.9 1 -9999.9 1    26.9 0    36.4 0     3.5 0 -9999.9 1 -9999.9 1
 1995 189  7  8 22 21 22.350  57.16   484.4 0   108.7 0   514.7 0 -9999.9 1   360.9 0   308.0 0   307.9 0 -9999.9 1 -9999.9 1 -9999.9 1    46.1 0   204.2 0   375.7 0 -9999.9 1 -9999.9 1    27.1 0    36.7 0     3.5 0 -9999.9 1 -9999.9 1
 1995 189  7  8 22 24 22.400  57.73   479.8 0   108.0 0   526.2 0 -9999.9 1   359.2 0   308.1 0   308.0 0 -9999.9 1 -9999.9 1 -9999.9 1    45.0 0   201.8 0   371.8 0 -9999.9 1 -9999.9 1    26.9 0    36.5 0     3.3 0 -9999.9 1 -9999.9 1
 1995 189  7  8 22 27 22.450  58.30   405.8 0    91.1 0   393.3 0 -9999.9 1   360.7 0   308.1 0   307.9 0 -9999.9 1 -9999.9 1 -9999.9 1    41.5 0   172.7 0   314.8 0 -9999.9 1 -9999.9 1    27.4 0    36.3 0     3.2 0 -9999.9 1 -9999.9 1
 1995 189  7  8 22 30 22.500  58.88   286.4 0    62.5 0   193.3 0 -9999.9 1   364.0 0   308.0 0   307.4 0 -9999.9 1 -9999.9 1 -9999.9 1    36.4 0   127.5 0   223.9 0 -9999.9 1 -9999.9 1    27.0 0    36.2 0     3.9 0 -9999.9 1 -9999.9 1
 1995 189  7  8 22 33 22.550  59.45   364.4 0    83.9 0   327.7 0 -9999.9 1   364.5 0   307.8 0   307.3 0 -9999.9 1 -9999.9 1 -9999.9 1    36.7 0   155.3 0   280.5 0 -9999.9 1 -9999.9 1    26.9 0    36.6 0     4.1 0 -9999.9 1 -9999.9 1
 1995 189  7  8 22 36 22.600  60.02   362.3 0    83.7 0   337.4 0 -9999.9 1   364.4 0   307.7 0   307.3 0 -9999.9 1 -9999.9 1 -9999.9 1    35.4 0   153.7 0   278.6 0 -9999.9 1 -9999.9 1    27.0 0    36.8 0     3.0 0 -9999.9 1 -9999.9 1
 1995 189  7  8 22 39 22.650  60.59   203.1 0    41.9 0    45.0 0 -9999.9 1   367.7 0   307.6 0   306.9 0 -9999.9 1 -9999.9 1 -9999.9 1    30.1 0    91.8 0   161.2 0 -9999.9 1 -9999.9 1    27.1 0    36.7 0     2.3 0 -9999.9 1 -9999.9 1
 1995 189  7  8 22 42 22.700  61.16   221.5 0    48.4 0    61.4 0 -9999.9 1   370.0 0   307.3 0   306.6 0 -9999.9 1 -9999.9 1 -9999.9 1    29.2 0    98.5 0   173.0 0 -9999.9 1 -9999.9 1    26.9 0    36.8 0     4.2 0 -9999.9 1 -9999.9 1
 1995 189  7  8 22 45 22.750  61.73   329.1 0    77.4 0   269.6 0 -9999.9 1   369.6 0   307.1 0   306.6 0 -9999.9 1 -9999.9 1 -9999.9 1    30.5 0   139.0 0   251.7 0 -9999.9 1 -9999.9 1    26.8 0    36.5 0     3.4 0 -9999.9 1 -9999.9 1
 1995 189  7  8 22 48 22.800  62.30   271.7 0    59.9 0   143.2 0 -9999.9 1   369.1 0   307.0 0   306.6 0 -9999.9 1 -9999.9 1 -9999.9 1    29.4 0   120.1 0   211.8 0 -9999.9 1 -9999.9 1    26.7 0    36.5 0     3.0 0 -9999.9 1 -9999.9 1
 1995 189  7  8 22 51 22.850  62.87   256.7 0    58.2 0   128.1 0 -9999.9 1   371.1 0   306.9 0   306.3 0 -9999.9 1 -9999.9 1 -9999.9 1    27.2 0   113.1 0   198.5 0 -9999.9 1 -9999.9 1    26.8 0    36.7 0     3.7 0 -9999.9 1 -9999.9 1
 1995 189  7  8 22 54 22.900  63.44   210.0 0    46.3 0    48.6 0 -9999.9 1   373.9 0   306.7 0   306.1 0 -9999.9 1 -9999.9 1 -9999.9 1    24.8 0    93.7 0   163.8 0 -9999.9 1 -9999.9 1    26.7 0    36.8 0     3.2 0 -9999.9 1 -9999.9 1
 1995 189  7  8 22 57 22.950  64.01   182.5 0    38.9 0    11.9 0 -9999.9 1   377.2 0   306.6 0   305.9 0 -9999.9 1 -9999.9 1 -9999.9 1    23.1 0    81.0 0   143.6 0 -9999.9 1 -9999.9 1    26.7 0    37.3 0     3.4 0 -9999.9 1 -9999.9 1
 1995 189  7  8 23  0 23.000  64.57   186.7 0    39.9 0    13.4 0 -9999.9 1   379.7 0   306.3 0   305.6 0 -9999.9 1 -9999.9 1 -9999.9 1    22.1 0    82.4 0   146.8 0 -9999.9 1 -9999.9 1    26.6 0    36.9 0     3.6 0 -9999.9 1 -9999.9 1
 1995 189  7  8 23  3 23.050  65.14   237.9 0    53.0 0    94.1 0 -9999.9 1   379.4 0   306.1 0   305.7 0 -9999.9 1 -9999.9 1 -9999.9 1    22.5 0   103.1 0   184.9 0 -9999.9 1 -9999.9 1    26.9 0    36.6 0     3.5 0 -9999.9 1 -9999.9 1
 1995 189  7  8 23  6 23.100  65.70   224.4 0    50.0 0    89.1 0 -9999.9 1   379.2 0   306.0 0   305.5 0 -9999.9 1 -9999.9 1 -9999.9 1    21.3 0    97.2 0   174.4 0 -9999.9 1 -9999.9 1    26.7 0    36.8 0     3.1 0 -9999.9 1 -9999.9 1
 1995 189  7  8 23  9 23.150  66.27   176.4 0    37.5 0     8.0 0 -9999.9 1   381.1 0   305.9 0   305.2 0 -9999.9 1 -9999.9 1 -9999.9 1    19.5 0    78.2 0   138.9 0 -9999.9 1 -9999.9 1    26.6 0    37.0 0     3.5 0 -9999.9 1 -9999.9 1
 1995 189  7  8 23 12 23.200  66.83   164.2 0    35.4 0    18.1 0 -9999.9 1   383.1 0   305.7 0   305.0 0 -9999.9 1 -9999.9 1 -9999.9 1    17.9 0    72.9 0   128.8 0 -9999.9 1 -9999.9 1    26.6 0    37.3 0     3.4 0 -9999.9 1 -9999.9 1
 1995 189  7  8 23 15 23.250  67.40   141.5 0    30.0 0     2.9 0 -9999.9 1   386.1 0   305.5 0   304.8 0 -9999.9 1 -9999.9 1 -9999.9 1    16.1 0    63.0 0   111.5 0 -9999.9 1 -9999.9 1    26.5 0    38.0 0     2.6 0 -9999.9 1 -9999.9 1
 1995 189  7  8 23 18 23.300  67.96   183.8 0    42.2 0    75.0 0 -9999.9 1   388.4 0   305.3 0   304.8 0 -9999.9 1 -9999.9 1 -9999.9 1    15.9 0    80.0 0   141.6 0 -9999.9 1 -9999.9 1    26.5 0    37.6 0     3.6 0 -9999.9 1 -9999.9 1
 1995 189  7  8 23 21 23.350  68.52   291.0 0    71.6 0   300.1 0 -9999.9 1   384.1 0   305.3 0   305.1 0 -9999.9 1 -9999.9 1 -9999.9 1    17.4 0   120.5 0   219.4 0 -9999.9 1 -9999.9 1    26.6 0    37.4 0     3.6 0 -9999.9 1 -9999.9 1
 1995 189  7  8 23 24 23.400  69.08   261.6 0    64.9 0   295.2 0 -9999.9 1   376.5 0   305.4 0   305.1 0 -9999.9 1 -9999.9 1 -9999.9 1    16.9 0   109.4 0   196.7 0 -9999.9 1 -9999.9 1    26.6 0    37.3 0     3.4 0 -9999.9 1 -9999.9 1
 1995 189  7  8 23 27 23.450  69.64   183.3 0    44.1 0   177.4 0 -9999.9 1   371.9 0   305.4 0   304.9 0 -9999.9 1 -9999.9 1 -9999.9 1    15.2 0    81.2 0   139.2 0 -9999.9 1 -9999.9 1    26.8 0    37.5 0     3.1 0 -9999.9 1 -9999.9 1
 1995 189  7  8 23 30 23.500  70.20   121.8 0    27.7 0    71.9 0 -9999.9 1   370.6 0   305.4 0   304.7 0 -9999.9 1 -9999.9 1 -9999.9 1    13.6 0    56.9 0    94.1 0 -9999.9 1 -9999.9 1    26.9 0    37.5 0     3.7 0 -9999.9 1 -9999.9 1
 1995 189  7  8 23 33 23.550  70.75    91.2 0    21.1 0    42.5 0 -9999.9 1   370.7 0   305.2 0   304.4 0 -9999.9 1 -9999.9 1 -9999.9 1    12.0 0    43.7 0    70.1 0 -9999.9 1 -9999.9 1    26.6 0    37.4 0     3.3 0 -9999.9 1 -9999.9 1
 1995 189  7  8 23 36 23.600  71.31    67.9 0    15.1 0     4.1 0 -9999.9 1   370.4 0   305.0 0   304.1 0 -9999.9 1 -9999.9 1 -9999.9 1    10.8 0    33.6 0    52.8 0 -9999.9 1 -9999.9 1    26.4 0    37.6 0     3.3 0 -9999.9 1 -9999.9 1
 1995 189  7  8 23 39 23.650  71.86    66.3 0    14.7 0     1.6 0 -9999.9 1   369.9 0   304.8 0   303.9 0 -9999.9 1 -9999.9 1 -9999.9 1    10.0 0    32.5 0    51.6 0 -9999.9 1 -9999.9 1    26.3 0    38.1 0     2.5 0 -9999.9 1 -9999.9 1
 1995 189  7  8 23 42 23.700  72.42    72.1 0    16.1 0     1.7 0 -9999.9 1   369.9 0   304.5 0   303.6 0 -9999.9 1   296.9 0 -9999.9 1     9.4 0    34.7 0    56.0 0 -9999.9 1 -9999.9 1    26.2 0    38.2 0     3.2 0 -9999.9 1 -9999.9 1
 1995 189  7  8 23 45 23.750  72.97    80.7 0    18.4 0    13.3 0 -9999.9 1   369.9 0   304.3 0   303.5 0 -9999.9 1   289.9 0 -9999.9 1     9.0 0    38.1 0    62.2 0 -9999.9 1 -9999.9 1    26.0 0    38.2 0     2.8 0 -9999.9 1 -9999.9 1
 1995 189  7  8 23 48 23.800  73.52    81.2 0    18.4 0     7.3 0 -9999.9 1   371.0 0   304.1 0   303.3 0 -9999.9 1   270.1 0 -9999.9 1     8.4 0    37.8 0    62.8 0 -9999.9 1 -9999.9 1    26.0 0    38.5 0     2.5 0 -9999.9 1 -9999.9 1
 1995 189  7  8 23 51 23.850  74.07    83.6 0    18.5 0    11.9 0 -9999.9 1   372.5 0   303.9 0   303.2 0 -9999.9 1 -9999.9 1 -9999.9 1     7.8 0    38.4 0    65.1 0 -9999.9 1 -9999.9 1    26.0 0    38.5 0     2.5 0 -9999.9 1 -9999.9 1
 1995 189  7  8 23 54 23.900  74.62    80.7 0    17.3 0     4.9 0 -9999.9 1   375.3 0   303.7 0   303.1 0 -9999.9 1 -9999.9 1 -9999.9 1     7.3 0    37.2 0    63.4 0 -9999.9 1 -9999.9 1    26.0 0    38.3 0     3.3 0 -9999.9 1 -9999.9 1
 1995 189  7  8 23 57 23.950  75.17    80.9 0    17.3 0     1.1 0 -9999.9 1   380.3 0   303.6 0   302.9 0 -9999.9 1 -9999.9 1 -9999.9 1     6.8 0    37.1 0    63.5 0 -9999.9 1 -9999.9 1    26.0 0    38.7 0     3.1 0 -9999.9 1 -9999.9 1
