 Bondville
   40.05  -88.37  213 m version 1
 1995 237  8 25  0  0  0.000  83.33    33.1 0    19.0 0   239.0 0 -9999.9 1   373.2 0   307.1 0   306.5 0   448.7 0   302.1 0   302.1 0     2.5 0    27.7 0    14.1 0   -75.5 0   -61.4 0    27.7 0    60.4 0     1.7 0   106.9 0   989.9 0
 1995 237  8 25  0  3  0.050  83.89    29.2 0    17.8 0   228.9 0 -9999.9 1   373.1 0   307.0 0   306.4 0   447.9 0   302.1 0   302.1 0     2.4 0    25.7 0    11.5 0   -74.8 0   -63.4 0    28.6 0    60.1 0     1.7 0   105.4 0   989.9 0
 1995 237  8 25  0  6  0.100  84.44    24.2 0    15.5 0   211.0 0 -9999.9 1   372.8 0   306.7 0   306.1 0   446.8 0   302.0 0   302.0 0     2.1 0    22.5 0     8.7 0   -74.0 0   -65.3 0    28.4 0    59.6 0     1.8 0   104.7 0   989.8 0
 1995 237  8 25  0  9  0.150  84.99    22.0 0    13.2 0   190.6 0 -9999.9 1   372.8 0   306.5 0   305.9 0   445.7 0   301.9 0   301.9 0     1.8 0    19.5 0     8.8 0   -72.9 0   -64.1 0    28.6 0    59.2 0     1.8 0   106.8 0   989.8 0
 1995 237  8 25  0 12  0.200  85.54    20.0 0    11.3 0   169.8 0 -9999.9 1   372.5 0   306.2 0   305.6 0   444.5 0   301.8 0   301.8 0     1.6 0    16.7 0     8.7 0   -72.0 0   -63.3 0    28.3 0    59.0 0     1.8 0   108.0 0   989.8 0
 1995 237  8 25  0 15  0.250  86.09    18.0 0     9.3 0   150.6 0 -9999.9 1   372.2 0   306.0 0   305.3 0   443.2 0   301.7 0   301.6 0     1.4 0    14.3 0     8.7 0   -70.9 0   -62.2 0    28.2 0    59.1 0     1.7 0   110.2 0   989.8 0
 1995 237  8 25  0 18  0.300  86.62    15.9 0     7.3 0   129.8 0 -9999.9 1   372.0 0   305.7 0   305.0 0   441.8 0   301.5 0   301.5 0     1.2 0    12.1 0     8.6 0   -69.7 0   -61.2 0    28.1 0    59.4 0     1.6 0   115.0 0   989.8 0
 1995 237  8 25  0 21  0.350  87.16    13.8 0     5.7 0   109.5 0 -9999.9 1   371.8 0   305.4 0   304.7 0   440.2 0   301.4 0   301.4 0     1.0 0    10.1 0     8.1 0   -68.4 0   -60.3 0    28.0 0    60.2 0     1.5 0   112.7 0   989.8 0
 1995 237  8 25  0 24  0.400  87.68    11.9 0     4.5 0    86.3 0 -9999.9 1   370.8 0   305.1 0   304.3 0   437.2 0   301.3 0   301.2 0     0.8 0     8.3 0     7.4 0   -66.5 0   -59.1 0    27.8 0    63.1 0     1.0 0    78.9 0   989.9 0
 1995 237  8 25  0 27  0.450  88.19     9.8 0     3.2 0    63.7 0 -9999.9 1   370.4 0   304.7 0   304.0 0   437.6 0   301.1 0   301.0 0     0.7 0     6.7 0     6.6 0   -67.2 0   -60.6 0    27.3 0    65.9 0     1.3 0    33.1 0   989.9 0
 1995 237  8 25  0 30  0.500  88.69     8.1 0     1.8 0    39.3 0 -9999.9 1   370.8 0   304.3 0   303.5 0   436.5 0   300.8 0   300.8 0     0.5 0     5.3 0     6.2 0   -65.7 0   -59.5 0    27.2 0    66.6 0     1.3 0    39.1 0   989.9 0
 1995 237  8 25  0 33  0.550  89.16     5.8 0     0.9 0    18.3 0 -9999.9 1   371.3 0   303.9 0   303.1 0   435.6 0   300.7 0   300.6 0     0.4 0     4.1 0     4.9 0   -64.4 0   -59.4 0    26.9 0    67.1 0     1.6 0    37.8 0   990.0 0
 1995 237  8 25  0 36  0.600  89.60     4.0 0     0.5 0     0.1 0 -9999.9 1   370.3 0   303.5 0   302.6 0   434.7 0   300.5 0   300.4 0     0.4 0     3.0 0     3.5 0   -64.4 0   -60.9 0    26.8 0    67.3 0     2.0 0    36.0 0   990.0 0
 1995 237  8 25  0 39  0.650  90.00     2.5 0     0.1 0    -1.5 0 -9999.9 1   369.9 0   303.1 0   302.3 0   433.5 0   300.3 0   300.3 0     0.3 0     2.2 0     2.3 0   -63.5 0   -61.2 0    26.9 0    66.9 0     2.0 0    44.7 0   990.0 0
 1995 237  8 25  0 42  0.700  91.32     1.2 0    -0.1 0    -1.4 0 -9999.9 1   371.4 0   302.7 0   301.9 0   433.9 0   300.2 0   300.2 0     0.0 0     1.6 0     1.2 0   -62.5 0   -61.2 0    26.8 0    66.3 0     1.8 0    56.1 0   990.0 0
 1995 237  8 25  0 45  0.750  91.87     0.2 0    -0.2 0    -1.3 0 -9999.9 1   371.7 0   302.3 0   301.7 0   433.6 0   300.1 0   300.1 0     0.0 0     1.0 0     0.2 0   -61.9 0   -61.7 0    27.0 0    65.9 0     2.1 0    71.1 0   990.1 0
 1995 237  8 25  0 48  0.800  92.42    -0.3 0    -0.3 0    -0.9 0 -9999.9 1   370.4 0   302.1 0   301.4 0   432.3 0   300.0 0   300.0 0     0.0 0     0.7 0     0.0 0   -62.0 0   -62.0 0    26.6 0    66.2 0     1.7 0    68.6 0   990.2 0
 1995 237  8 25  0 51  0.850  92.97    -0.7 0    -0.3 0    -0.9 0 -9999.9 1   369.7 0   301.9 0   301.2 0   431.2 0   299.9 0   299.9 0     0.0 0     0.4 0     0.0 0   -61.5 0   -61.5 0    26.7 0    66.6 0     1.7 0    69.9 0   990.2 0
 1995 237  8 25  0 54  0.900  93.52    -1.1 0    -0.3 0    -0.7 0 -9999.9 1   369.2 0   301.6 0   301.0 0   430.1 0   299.8 0   299.8 0     0.0 0     0.2 0     0.0 0   -60.8 0   -60.8 0    26.6 0    67.3 0     1.8 0    73.1 0   990.3 0
 1995 237  8 25  0 57  0.950  94.07    -1.4 0    -0.3 0    -1.0 0 -9999.9 1   368.0 0   301.4 0   300.8 0   429.2 0   299.7 0   299.7 0     0.0 0     0.1 0     0.0 0   -61.2 0   -61.2 0    26.4 0    68.1 0     1.9 0    72.6 0   990.3 0
 1995 237  8 25  1  0  1.000  94.61    -1.5 0    -0.3 0    -1.4 0 -9999.9 1   367.1 0   301.2 0   300.5 0   428.4 0   299.6 0   299.5 0     0.0 0     0.0 0     0.0 0   -61.3 0   -61.3 0    26.3 0    69.0 0     1.8 0    69.7 0   990.3 0
 1995 237  8 25  1  3  1.050  95.16    -1.4 0    -0.4 0    -1.6 0 -9999.9 1   366.7 0   300.9 0   300.2 0   428.2 0   299.4 0   299.4 0     0.0 0     0.0 0     0.0 0   -61.5 0   -61.5 0    26.2 0    69.5 0     1.7 0    62.1 0   990.3 0
 1995 237  8 25  1  6  1.100  95.70    -1.4 0    -0.3 0    -2.0 0 -9999.9 1   366.1 0   300.6 0   299.9 0   427.6 0   299.3 0   299.2 0     0.0 0     0.0 0     0.0 0   -61.5 0   -61.5 0    26.0 0    70.7 0     1.8 0    56.4 0   990.3 0
 1995 237  8 25  1  9  1.150  96.24    -1.6 0    -0.2 0    -2.0 0 -9999.9 1   366.0 0   300.4 0   299.7 0   426.9 0   299.1 0   299.1 0     0.0 0    -0.1 0     0.0 0   -60.8 0   -60.8 0    25.8 0    71.9 0     2.0 0    46.8 0   990.4 0
 1995 237  8 25  1 12  1.200  96.78    -1.5 0    -0.2 0    -2.2 0 -9999.9 1   368.8 0   300.1 0   299.4 0   426.6 0   299.0 0   298.9 0     0.0 0    -0.1 0     0.0 0   -57.8 0   -57.8 0    25.4 0    73.0 0     2.2 0    44.0 0   990.4 0
 1995 237  8 25  1 15  1.250  97.32    -1.3 0    -0.2 0    -2.0 0 -9999.9 1   368.9 0   299.8 0   299.2 0   425.9 0   298.8 0   298.8 0     0.0 0     0.0 0     0.0 0   -57.0 0   -57.0 0    25.4 0    73.5 0     2.6 0    44.5 0   990.4 0
 1995 237  8 25  1 18  1.300  97.85    -1.5 0    -0.4 0    -1.7 0 -9999.9 1   365.1 0   299.6 0   298.9 0   425.4 0   298.7 0   298.7 0     0.0 0     0.0 0     0.0 0   -60.3 0   -60.3 0    25.4 0    72.5 0     3.0 0    47.6 0   990.4 0
 1995 237  8 25  1 21  1.350  98.39    -1.8 0    -0.3 0    -1.1 0 -9999.9 1   365.8 0   299.4 0   298.7 0   425.2 0   298.6 0   298.6 0     0.0 0     0.0 0     0.0 0   -59.4 0   -59.4 0    25.3 0    71.4 0     3.0 0    45.0 0   990.4 0
 1995 237  8 25  1 24  1.400  98.92    -1.9 0    -0.1 0    -0.8 0 -9999.9 1   364.9 0   299.2 0   298.6 0   424.2 0   298.5 0   298.4 0     0.0 0     0.0 0     0.0 0   -59.4 0   -59.4 0    25.3 0    72.3 0     2.6 0    42.3 0   990.5 0
 1995 237  8 25  1 27  1.450  99.45    -1.9 0    -0.1 0    -0.6 0 -9999.9 1   365.0 0   299.0 0   298.4 0   423.5 0   298.3 0   298.3 0     0.0 0     0.0 0     0.0 0   -58.5 0   -58.5 0    25.1 0    72.3 0     2.6 0    47.2 0   990.4 0
 1995 237  8 25  1 30  1.500  99.98    -2.2 0    -0.1 0    -0.5 0 -9999.9 1   364.9 0   298.8 0   298.3 0   422.8 0   298.2 0   298.1 0     0.0 0     0.0 0     0.0 0   -57.9 0   -57.9 0    25.0 0    72.1 0     2.8 0    45.7 0   990.4 0
 1995 237  8 25  1 33  1.550 100.50    -2.3 0     0.0 0    -0.4 0 -9999.9 1   364.7 0   298.7 0   298.2 0   422.4 0   298.0 0   298.0 0     0.0 0     0.0 0     0.0 0   -57.8 0   -57.8 0    24.9 0    71.9 0     3.0 0    42.8 0   990.5 0
 1995 237  8 25  1 36  1.600 101.03    -2.2 0    -0.3 0    -0.4 0 -9999.9 1   364.4 0   298.6 0   298.1 0   422.7 0   297.9 0   297.9 0     0.0 0     0.0 0     0.0 0   -58.3 0   -58.3 0    24.9 0    71.4 0     3.2 0    41.8 0   990.5 0
 1995 237  8 25  1 39  1.650 101.55    -2.3 0    -0.4 0    -0.4 0 -9999.9 1   363.8 0   298.5 0   298.0 0   422.2 0   297.8 0   297.8 0     0.0 0     0.0 0     0.0 0   -58.5 0   -58.5 0    24.9 0    70.8 0     3.3 0    41.9 0   990.5 0
 1995 237  8 25  1 42  1.700 102.07    -2.3 0    -0.4 0    -0.2 0 -9999.9 1   363.9 0   298.4 0   297.9 0   421.9 0   297.8 0   297.7 0     0.0 0     0.0 0     0.0 0   -58.0 0   -58.0 0    25.0 0    70.5 0     3.0 0    48.0 0   990.4 0
 1995 237  8 25  1 45  1.750 102.58    -2.7 0    -0.5 0     0.0 0 -9999.9 1   364.5 0   298.3 0   297.8 0   423.0 0   297.7 0   297.7 0     0.0 0     0.0 0     0.0 0   -58.5 0   -58.5 0    25.0 0    70.4 0     2.7 0    55.7 0   990.4 0
 1995 237  8 25  1 48  1.800 103.10    -2.2 0    -0.5 0    -0.1 0 -9999.9 1   363.1 0   298.3 0   297.8 0   422.9 0   297.7 0   297.7 0     0.0 0     0.0 0     0.0 0   -59.8 0   -59.8 0    24.7 0    70.4 0     2.6 0    58.1 0   990.4 0
 1995 237  8 25  1 51  1.850 103.61    -2.4 0    -0.5 0    -0.1 0 -9999.9 1   362.4 0   298.2 0   297.7 0   422.6 0   297.7 0   297.6 0     0.0 0     0.0 0     0.0 0   -60.3 0   -60.3 0    24.9 0    70.4 0     2.6 0    57.6 0   990.5 0
 1995 237  8 25  1 54  1.900 104.12    -2.4 0    -0.6 0    -0.1 0 -9999.9 1   362.0 0   298.1 0   297.6 0   422.9 0   297.6 0   297.6 0     0.0 0     0.0 0     0.0 0   -60.9 0   -60.9 0    24.9 0    70.2 0     2.7 0    62.2 0   990.5 0
 1995 237  8 25  1 57  1.950 104.63    -2.5 0    -0.6 0    -0.1 0 -9999.9 1   361.2 0   298.0 0   297.6 0   422.5 0   297.6 0   297.6 0     0.0 0     0.0 0     0.0 0   -61.3 0   -61.3 0    24.9 0    70.2 0     2.6 0    62.2 0   990.5 0
 1995 237  8 25  2  0  2.000 105.13    -2.4 0    -0.6 0    -0.1 0 -9999.9 1   360.5 0   298.0 0   297.5 0   422.3 0   297.6 0   297.6 0     0.0 0     0.0 0     0.0 0   -61.8 0   -61.8 0    24.8 0    70.2 0     2.6 0    64.1 0   990.5 0
 1995 237  8 25  2  3  2.050 105.63    -2.4 0    -0.5 0    -0.1 0 -9999.9 1   360.3 0   297.9 0   297.4 0   420.9 0   297.6 0   297.6 0     0.0 0     0.0 0     0.0 0   -60.6 0   -60.6 0    24.8 0    70.0 0     2.3 0    66.4 0   990.5 0
 1995 237  8 25  2  6  2.100 106.13    -3.0 0    -0.3 0     0.0 0 -9999.9 1   360.5 0   297.8 0   297.4 0   419.5 0   297.6 0   297.5 0     0.0 0     0.0 0     0.0 0   -59.1 0   -59.1 0    24.6 0    70.1 0     1.9 0    70.2 0   990.6 0
 1995 237  8 25  2  9  2.150 106.63    -2.3 0    -0.4 0    -0.1 0 -9999.9 1   360.6 0   297.8 0   297.3 0   419.3 0   297.5 0   297.5 0     0.0 0     0.0 0     0.0 0   -58.8 0   -58.8 0    24.7 0    70.4 0     1.9 0    67.8 0   990.6 0
 1995 237  8 25  2 12  2.200 107.12    -2.0 0    -0.4 0    -0.2 0 -9999.9 1   361.1 0   297.7 0   297.1 0   419.1 0   297.4 0   297.4 0     0.0 0     0.0 0     0.0 0   -58.0 0   -58.0 0    24.7 0    70.5 0     2.0 0    71.9 0   990.6 0
 1995 237  8 25  2 15  2.250 107.61    -2.5 0    -0.4 0    -0.1 0 -9999.9 1   361.5 0   297.6 0   297.0 0   419.4 0   297.4 0   297.3 0     0.0 0     0.0 0     0.0 0   -57.9 0   -57.9 0    24.5 0    70.7 0     2.3 0    73.4 0   990.6 0
 1995 237  8 25  2 18  2.300 108.09    -2.5 0    -0.4 0    -0.2 0 -9999.9 1   359.7 0   297.5 0   296.9 0   419.0 0   297.3 0   297.3 0     0.0 0     0.0 0     0.0 0   -59.3 0   -59.3 0    24.4 0    70.7 0     2.4 0    81.4 0   990.6 0
 1995 237  8 25  2 21  2.350 108.58    -2.5 0    -0.4 0    -0.1 0 -9999.9 1   359.2 0   297.4 0   296.9 0   418.1 0   297.2 0   297.2 0     0.0 0     0.0 0     0.0 0   -58.9 0   -58.9 0    24.4 0    71.0 0     2.3 0    85.0 0   990.6 0
 1995 237  8 25  2 24  2.400 109.06    -2.3 0    -0.3 0    -0.1 0 -9999.9 1   358.6 0   297.3 0   296.8 0   417.8 0   297.1 0   297.1 0     0.0 0     0.0 0     0.0 0   -59.1 0   -59.1 0    24.2 0    71.3 0     2.0 0    91.0 0   990.6 0
 1995 237  8 25  2 27  2.450 109.54    -2.6 0    -0.5 0    -0.1 0 -9999.9 1   358.2 0   297.2 0   296.7 0   417.7 0   297.0 0   297.0 0     0.0 0     0.0 0     0.0 0   -59.5 0   -59.5 0    24.2 0    71.4 0     2.2 0    93.1 0   990.6 0
 1995 237  8 25  2 30  2.500 110.01    -2.4 0    -0.5 0    -0.1 0 -9999.9 1   357.5 0   297.1 0   296.6 0   417.2 0   297.0 0   296.9 0     0.0 0     0.0 0     0.0 0   -59.7 0   -59.7 0    24.0 0    71.9 0     2.2 0    96.3 0   990.6 0
 1995 237  8 25  2 33  2.550 110.48    -2.6 0    -0.4 0    -0.1 0 -9999.9 1   357.0 0   297.0 0   296.5 0   416.6 0   296.9 0   296.8 0     0.0 0     0.0 0     0.0 0   -59.6 0   -59.6 0    24.0 0    72.4 0     2.4 0   101.9 0   990.6 0
 1995 237  8 25  2 36  2.600 110.95    -2.4 0    -0.4 0    -0.1 0 -9999.9 1   356.9 0   297.0 0   296.4 0   416.4 0   296.8 0   296.8 0     0.0 0     0.0 0     0.0 0   -59.5 0   -59.5 0    23.8 0    72.6 0     2.6 0    94.7 0   990.6 0
 1995 237  8 25  2 39  2.650 111.41    -2.7 0    -0.4 0     0.0 0 -9999.9 1   356.6 0   296.9 0   296.4 0   415.9 0   296.7 0   296.7 0     0.0 0     0.0 0     0.0 0   -59.3 0   -59.3 0    23.8 0    72.7 0     2.8 0    91.9 0   990.6 0
 1995 237  8 25  2 42  2.700 111.87    -2.6 0    -0.3 0     0.0 0 -9999.9 1   356.4 0   296.8 0   296.3 0   415.9 0   296.6 0   296.6 0     0.0 0     0.0 0     0.0 0   -59.5 0   -59.5 0    23.7 0    73.2 0     2.9 0    89.4 0   990.6 0
 1995 237  8 25  2 45  2.750 112.33    -2.6 0    -0.3 0     0.0 0 -9999.9 1   356.8 0   296.8 0   296.3 0   415.9 0   296.5 0   296.5 0     0.0 0     0.0 0     0.0 0   -59.1 0   -59.1 0    23.5 0    73.8 0     2.9 0    84.3 0   990.7 0
 1995 237  8 25  2 48  2.800 112.78    -2.6 0    -0.3 0     0.0 0 -9999.9 1   356.4 0   296.7 0   296.2 0   415.1 0   296.4 0   296.4 0     0.0 0     0.0 0     0.0 0   -58.7 0   -58.7 0    23.4 0    74.2 0     2.6 0    82.7 0   990.7 0
 1995 237  8 25  2 51  2.850 113.23    -2.7 0    -0.3 0     0.0 0 -9999.9 1   356.3 0   296.7 0   296.2 0   414.9 0   296.3 0   296.3 0     0.0 0     0.0 0     0.0 0   -58.5 0   -58.5 0    23.4 0    74.6 0     2.2 0    74.9 0   990.8 0
 1995 237  8 25  2 54  2.900 113.67    -2.7 0    -0.3 0     0.0 0 -9999.9 1   355.8 0   296.7 0   296.2 0   413.6 0   296.2 0   296.2 0     0.0 0     0.0 0     0.0 0   -57.8 0   -57.8 0    23.2 0    75.2 0     1.5 0    62.0 0   990.8 0
 1995 237  8 25  2 57  2.950 114.11    -2.5 0    -0.2 0    -0.1 0 -9999.9 1   355.2 0   296.6 0   296.1 0   413.1 0   296.1 0   296.0 0     0.0 0     0.0 0     0.0 0   -57.9 0   -57.9 0    22.9 0    76.4 0     1.9 0    51.0 0   990.9 0
 1995 237  8 25  3  0  3.000 114.55    -2.3 0    -0.2 0    -0.3 0 -9999.9 1   355.1 0   296.5 0   296.0 0   412.8 0   295.9 0   295.9 0     0.0 0     0.0 0     0.0 0   -57.6 0   -57.6 0    22.8 0    77.3 0     2.3 0    59.4 0   990.9 0
 1995 237  8 25  3  3  3.050 114.98    -1.7 0    -0.3 0    -0.4 0 -9999.9 1   355.3 0   296.4 0   295.9 0   412.6 0   295.8 0   295.8 0     0.0 0     0.0 0     0.0 0   -57.2 0   -57.2 0    22.7 0    77.6 0     2.1 0    52.7 0   990.9 0
 1995 237  8 25  3  6  3.100 115.40    -2.0 0    -0.3 0    -0.4 0 -9999.9 1   355.1 0   296.3 0   295.8 0   412.0 0   295.7 0   295.7 0     0.0 0     0.0 0     0.0 0   -56.9 0   -56.9 0    22.7 0    77.9 0     2.1 0    56.8 0   990.8 0
 1995 237  8 25  3  9  3.150 115.83    -2.1 0    -0.2 0    -0.3 0 -9999.9 1   355.5 0   296.2 0   295.7 0   411.2 0   295.6 0   295.6 0     0.0 0     0.0 0     0.0 0   -55.7 0   -55.7 0    22.6 0    78.0 0     2.0 0    59.4 0   990.8 0
 1995 237  8 25  3 12  3.200 116.25    -2.4 0    -0.3 0    -0.1 0 -9999.9 1   356.0 0   296.1 0   295.7 0   411.1 0   295.5 0   295.5 0     0.0 0     0.0 0     0.0 0   -55.1 0   -55.1 0    22.3 0    78.3 0     1.8 0    59.8 0   990.8 0
 1995 237  8 25  3 15  3.250 116.66    -2.9 0    -0.4 0     0.0 0 -9999.9 1   356.1 0   296.1 0   295.6 0   411.3 0   295.4 0   295.4 0     0.0 0     0.0 0     0.0 0   -55.2 0   -55.2 0    22.6 0    78.5 0     1.6 0    69.0 0   990.8 0
 1995 237  8 25  3 18  3.300 117.07    -3.3 0    -0.5 0     0.0 0 -9999.9 1   356.5 0   296.0 0   295.6 0   411.5 0   295.4 0   295.3 0     0.0 0     0.0 0     0.0 0   -54.9 0   -54.9 0    22.5 0    78.6 0     1.8 0    71.4 0   990.8 0
 1995 237  8 25  3 21  3.350 117.47    -1.9 0    -0.6 0     0.0 0 -9999.9 1   356.3 0   296.0 0   295.5 0   411.7 0   295.3 0   295.3 0     0.0 0     0.0 0     0.0 0   -55.4 0   -55.4 0    22.6 0    78.4 0     2.0 0    70.4 0   990.8 0
 1995 237  8 25  3 24  3.400 117.87    -1.0 0    -0.7 0     0.0 0 -9999.9 1   356.6 0   295.9 0   295.5 0   411.8 0   295.3 0   295.3 0     0.0 0     0.0 0     0.0 0   -55.2 0   -55.2 0    22.7 0    78.2 0     2.2 0    71.8 0   990.7 0
 1995 237  8 25  3 27  3.450 118.26    -2.1 0    -0.9 0     0.0 0 -9999.9 1   356.7 0   295.9 0   295.5 0   411.9 0   295.3 0   295.3 0     0.0 0     0.0 0     0.0 0   -55.1 0   -55.1 0    22.7 0    78.0 0     2.2 0    73.3 0   990.7 0
 1995 237  8 25  3 30  3.500 118.65    -2.4 0    -1.0 0     0.0 0 -9999.9 1   356.6 0   295.9 0   295.4 0   411.8 0   295.4 0   295.4 0     0.0 0     0.0 0     0.0 0   -55.2 0   -55.2 0    23.0 0    77.8 0     2.4 0    73.5 0   990.7 0
 1995 237  8 25  3 33  3.550 119.03    -1.9 0    -1.1 0     0.0 0 -9999.9 1   356.5 0   295.8 0   295.4 0   411.5 0   295.4 0   295.5 0     0.0 0     0.0 0     0.0 0   -55.0 0   -55.0 0    23.0 0    77.7 0     2.4 0    70.0 0   990.7 0
 1995 237  8 25  3 36  3.600 119.41    -2.5 0    -1.1 0     0.0 0 -9999.9 1   356.5 0   295.8 0   295.3 0   411.8 0   295.5 0   295.5 0     0.0 0     0.0 0     0.0 0   -55.3 0   -55.3 0    23.2 0    77.4 0     2.1 0    67.4 0   990.7 0
 1995 237  8 25  3 39  3.650 119.78    -2.4 0    -0.9 0     0.0 0 -9999.9 1   355.8 0   295.7 0   295.3 0   411.6 0   295.6 0   295.6 0     0.0 0     0.0 0     0.0 0   -55.8 0   -55.8 0    23.2 0    77.1 0     2.3 0    64.3 0   990.7 0
 1995 237  8 25  3 42  3.700 120.15    -2.3 0    -0.5 0    -0.2 0 -9999.9 1   355.2 0   295.7 0   295.1 0   411.0 0   295.6 0   295.6 0     0.0 0     0.0 0     0.0 0   -55.8 0   -55.8 0    23.1 0    77.1 0     2.4 0    54.8 0   990.7 0
 1995 237  8 25  3 45  3.750 120.51    -2.3 0    -0.1 0    -0.3 0 -9999.9 1   355.3 0   295.5 0   295.0 0   410.9 0   295.5 0   295.5 0     0.0 0     0.0 0     0.0 0   -55.6 0   -55.6 0    22.8 0    77.7 0     2.2 0    50.5 0   990.7 0
 1995 237  8 25  3 48  3.800 120.86    -2.4 0    -0.3 0    -0.1 0 -9999.9 1   356.0 0   295.5 0   295.0 0   411.3 0   295.4 0   295.4 0     0.0 0     0.0 0     0.0 0   -55.3 0   -55.3 0    22.7 0    78.5 0     2.1 0    55.9 0   990.7 0
 1995 237  8 25  3 51  3.850 121.21    -2.6 0    -0.5 0     0.0 0 -9999.9 1   356.2 0   295.4 0   294.9 0   411.8 0   295.4 0   295.4 0     0.0 0     0.0 0     0.0 0   -55.6 0   -55.6 0    22.6 0    78.6 0     2.0 0    69.2 0   990.6 0
 1995 237  8 25  3 54  3.900 121.56    -2.5 0    -0.6 0     0.0 0 -9999.9 1   356.2 0   295.4 0   294.9 0   411.5 0   295.3 0   295.3 0     0.0 0     0.0 0     0.0 0   -55.3 0   -55.3 0    22.8 0    78.1 0     2.2 0    81.7 0   990.6 0
 1995 237  8 25  3 57  3.950 121.89    -2.6 0    -0.6 0     0.0 0 -9999.9 1   356.6 0   295.3 0   294.9 0   411.3 0   295.3 0   295.3 0     0.0 0     0.0 0     0.0 0   -54.6 0   -54.6 0    22.9 0    77.8 0     2.2 0    90.2 0   990.6 0
 1995 237  8 25  4  0  4.000 122.22    -1.4 0    -0.9 0     0.0 0 -9999.9 1   356.6 0   295.3 0   294.9 0   412.1 0   295.4 0   295.4 0     0.0 0     0.0 0     0.0 0   -55.5 0   -55.5 0    23.0 0    77.6 0     2.4 0    92.0 0   990.6 0
 1995 237  8 25  4  3  4.050 122.55    -1.3 0    -1.1 0     0.0 0 -9999.9 1   356.6 0   295.3 0   294.9 0   412.5 0   295.5 0   295.5 0     0.0 0     0.0 0     0.0 0   -55.9 0   -55.9 0    23.1 0    77.3 0     2.6 0    93.6 0   990.6 0
 1995 237  8 25  4  6  4.100 122.86    -3.2 0    -1.1 0     0.0 0 -9999.9 1   356.7 0   295.3 0   294.8 0   412.5 0   295.5 0   295.5 0     0.0 0     0.0 0     0.0 0   -55.8 0   -55.8 0    23.2 0    77.2 0     2.8 0    93.0 0   990.6 0
 1995 237  8 25  4  9  4.150 123.17    -3.7 0    -1.0 0     0.0 0 -9999.9 1   356.9 0   295.3 0   294.8 0   412.7 0   295.6 0   295.6 0     0.0 0     0.0 0     0.0 0   -55.8 0   -55.8 0    23.5 0    77.2 0     2.8 0    93.8 0   990.6 0
 1995 237  8 25  4 12  4.200 123.48    -3.1 0    -1.0 0     0.0 0 -9999.9 1   357.1 0   295.3 0   294.8 0   413.0 0   295.7 0   295.7 0     0.0 0     0.0 0     0.0 0   -55.9 0   -55.9 0    23.3 0    77.3 0     2.9 0    91.3 0   990.6 0
 1995 237  8 25  4 15  4.250 123.77    -3.4 0    -1.2 0     0.1 0 -9999.9 1   357.5 0   295.3 0   294.9 0   413.6 0   295.8 0   295.8 0     0.0 0     0.0 0     0.0 0   -56.1 0   -56.1 0    23.5 0    77.3 0     3.0 0    89.7 0   990.6 0
 1995 237  8 25  4 18  4.300 124.06    -1.3 0    -1.1 0     0.4 0 -9999.9 1   358.0 0   295.3 0   294.9 0   414.5 0   295.9 0   295.9 0     0.0 0     0.0 0     0.0 0   -56.5 0   -56.5 0    23.5 0    77.1 0     3.0 0    86.0 0   990.7 0
 1995 237  8 25  4 21  4.350 124.35    -1.7 0    -0.7 0     0.7 0 -9999.9 1   357.9 0   295.4 0   295.0 0   414.4 0   295.9 0   295.9 0     0.0 0     0.0 0     0.0 0   -56.5 0   -56.5 0    23.1 0    77.4 0     3.0 0    81.6 0   990.7 0
 1995 237  8 25  4 24  4.400 124.62    -2.9 0    -0.2 0     0.3 0 -9999.9 1   357.5 0   295.5 0   295.1 0   412.4 0   295.9 0   295.8 0     0.0 0     0.0 0     0.0 0   -55.0 0   -55.0 0    23.1 0    78.2 0     2.7 0    85.1 0   990.8 0
 1995 237  8 25  4 27  4.450 124.89    -2.8 0    -0.4 0     0.0 0 -9999.9 1   356.9 0   295.6 0   295.1 0   412.1 0   295.7 0   295.7 0     0.0 0     0.0 0     0.0 0   -55.2 0   -55.2 0    22.9 0    78.7 0     2.6 0    91.9 0   990.7 0
 1995 237  8 25  4 30  4.500 125.15    -1.9 0    -0.6 0    -0.1 0 -9999.9 1   356.5 0   295.6 0   295.1 0   412.2 0   295.7 0   295.7 0     0.0 0     0.0 0     0.0 0   -55.6 0   -55.6 0    22.9 0    78.5 0     2.7 0    96.4 0   990.8 0
 1995 237  8 25  4 33  4.550 125.40    -2.6 0    -0.5 0     0.0 0 -9999.9 1   356.7 0   295.5 0   295.1 0   411.5 0   295.7 0   295.7 0     0.0 0     0.0 0     0.0 0   -54.7 0   -54.7 0    23.0 0    78.4 0     2.5 0    98.2 0   990.8 0
 1995 237  8 25  4 36  4.600 125.65    -2.8 0    -0.5 0     0.0 0 -9999.9 1   356.4 0   295.5 0   295.1 0   410.8 0   295.7 0   295.7 0     0.0 0     0.0 0     0.0 0   -54.5 0   -54.5 0    22.8 0    78.5 0     2.4 0    97.2 0   990.8 0
 1995 237  8 25  4 39  4.650 125.89    -2.4 0    -0.4 0    -0.1 0 -9999.9 1   356.3 0   295.5 0   295.0 0   410.3 0   295.6 0   295.6 0     0.0 0     0.0 0     0.0 0   -54.1 0   -54.1 0    22.7 0    78.7 0     2.3 0   101.4 0   990.8 0
 1995 237  8 25  4 42  4.700 126.12    -2.9 0    -0.4 0     0.0 0 -9999.9 1   356.9 0   295.5 0   295.0 0   410.7 0   295.6 0   295.6 0     0.0 0     0.0 0     0.0 0   -53.7 0   -53.7 0    22.8 0    78.8 0     2.5 0   106.5 0   990.8 0
 1995 237  8 25  4 45  4.750 126.34    -2.5 0    -0.5 0     0.0 0 -9999.9 1   357.3 0   295.5 0   295.0 0   411.1 0   295.5 0   295.5 0     0.0 0     0.0 0     0.0 0   -53.8 0   -53.8 0    22.8 0    78.8 0     2.6 0   108.4 0   990.8 0
 1995 237  8 25  4 48  4.800 126.55    -2.4 0    -0.5 0     0.0 0 -9999.9 1   357.7 0   295.4 0   295.0 0   411.3 0   295.5 0   295.5 0     0.0 0     0.0 0     0.0 0   -53.6 0   -53.6 0    22.5 0    78.6 0     2.5 0   100.5 0   990.8 0
 1995 237  8 25  4 51  4.850 126.76    -2.4 0    -0.6 0     0.0 0 -9999.9 1   358.2 0   295.4 0   294.9 0   411.6 0   295.5 0   295.5 0     0.0 0     0.0 0     0.0 0   -53.4 0   -53.4 0    22.6 0    78.3 0     2.6 0    93.8 0   990.8 0
 1995 237  8 25  4 54  4.900 126.95    -2.5 0    -0.6 0     0.0 0 -9999.9 1   359.0 0   295.4 0   294.9 0   412.2 0   295.5 0   295.5 0     0.0 0     0.0 0     0.0 0   -53.2 0   -53.2 0    22.9 0    78.1 0     2.7 0    93.4 0   990.8 0
 1995 237  8 25  4 57  4.950 127.14    -2.9 0    -0.6 0     0.0 0 -9999.9 1   359.0 0   295.4 0   294.9 0   412.3 0   295.6 0   295.6 0     0.0 0     0.0 0     0.0 0   -53.3 0   -53.3 0    23.0 0    78.0 0     2.7 0    94.3 0   990.8 0
 1995 237  8 25  5  0  5.000 127.32    -2.4 0    -0.6 0     0.0 0 -9999.9 1   358.1 0   295.3 0   294.9 0   412.5 0   295.6 0   295.6 0     0.0 0     0.0 0     0.0 0   -54.3 0   -54.3 0    23.0 0    78.0 0     2.7 0    95.4 0   990.8 0
 1995 237  8 25  5  3  5.050 127.50    -2.5 0    -0.7 0     0.0 0 -9999.9 1   358.0 0   295.3 0   294.8 0   412.3 0   295.6 0   295.6 0     0.0 0     0.0 0     0.0 0   -54.3 0   -54.3 0    22.9 0    78.0 0     2.8 0    98.4 0   990.8 0
 1995 237  8 25  5  6  5.100 127.66    -3.7 0    -0.7 0     0.0 0 -9999.9 1   358.4 0   295.3 0   294.8 0   411.8 0   295.6 0   295.7 0     0.0 0     0.0 0     0.0 0   -53.4 0   -53.4 0    23.1 0    78.1 0     3.0 0   102.2 0   990.7 0
 1995 237  8 25  5  9  5.150 127.81    -2.4 0    -0.7 0     0.0 0 -9999.9 1   358.4 0   295.3 0   294.8 0   411.7 0   295.7 0   295.7 0     0.0 0     0.0 0     0.0 0   -53.4 0   -53.4 0    23.0 0    78.2 0     3.2 0   103.4 0   990.7 0
 1995 237  8 25  5 12  5.200 127.96    -2.9 0    -0.7 0     0.0 0 -9999.9 1   358.1 0   295.3 0   294.8 0   411.6 0   295.7 0   295.7 0     0.0 0     0.0 0     0.0 0   -53.5 0   -53.5 0    23.0 0    78.1 0     3.0 0   103.7 0   990.7 0
 1995 237  8 25  5 15  5.250 128.09    -3.2 0    -0.5 0     0.0 0 -9999.9 1   357.9 0   295.3 0   294.8 0   411.2 0   295.7 0   295.7 0     0.0 0     0.0 0     0.0 0   -53.3 0   -53.3 0    23.1 0    78.3 0     3.0 0   103.3 0   990.7 0
 1995 237  8 25  5 18  5.300 128.22    -3.1 0    -0.4 0     0.0 0 -9999.9 1   357.7 0   295.3 0   294.8 0   410.5 0   295.7 0   295.6 0     0.0 0     0.0 0     0.0 0   -52.8 0   -52.8 0    22.7 0    78.6 0     2.9 0   105.7 0   990.8 0
 1995 237  8 25  5 21  5.350 128.34    -2.3 0    -0.2 0     0.0 0 -9999.9 1   357.4 0   295.3 0   294.8 0   409.8 0   295.6 0   295.5 0     0.0 0     0.0 0     0.0 0   -52.5 0   -52.5 0    22.5 0    79.1 0     2.7 0   111.7 0   990.8 0
 1995 237  8 25  5 24  5.400 128.45    -2.4 0    -0.2 0     0.0 0 -9999.9 1   357.4 0   295.3 0   294.8 0   409.4 0   295.5 0   295.4 0     0.0 0     0.0 0     0.0 0   -52.0 0   -52.0 0    22.1 0    79.7 0     2.4 0   117.1 0   990.8 0
 1995 237  8 25  5 27  5.450 128.55    -2.6 0    -0.3 0     0.0 0 -9999.9 1   357.3 0   295.3 0   294.7 0   409.7 0   295.3 0   295.3 0     0.0 0     0.0 0     0.0 0   -52.4 0   -52.4 0    22.2 0    79.8 0     2.6 0   115.3 0   990.8 0
 1995 237  8 25  5 30  5.500 128.64    -2.7 0    -0.3 0     0.0 0 -9999.9 1   356.6 0   295.2 0   294.7 0   409.3 0   295.3 0   295.2 0     0.0 0     0.0 0     0.0 0   -52.8 0   -52.8 0    22.2 0    80.0 0     2.8 0   111.2 0   990.8 0
 1995 237  8 25  5 33  5.550 128.72    -2.4 0    -0.2 0     0.0 0 -9999.9 1   355.9 0   295.2 0   294.7 0   409.4 0   295.1 0   295.1 0     0.0 0     0.0 0     0.0 0   -53.5 0   -53.5 0    22.0 0    80.7 0     3.1 0   107.4 0   990.8 0
 1995 237  8 25  5 36  5.600 128.79    -2.5 0    -0.2 0     0.0 0 -9999.9 1   356.1 0   295.2 0   294.7 0   409.9 0   295.0 0   295.0 0     0.0 0     0.0 0     0.0 0   -53.8 0   -53.8 0    22.1 0    80.9 0     3.2 0   106.6 0   990.8 0
 1995 237  8 25  5 39  5.650 128.86    -2.8 0    -0.3 0     0.0 0 -9999.9 1   355.5 0   295.1 0   294.6 0   409.6 0   295.0 0   294.9 0     0.0 0     0.0 0     0.0 0   -54.1 0   -54.1 0    21.8 0    81.2 0     3.2 0   103.3 0   990.8 0
 1995 237  8 25  5 42  5.700 128.91    -3.6 0    -0.4 0     0.0 0 -9999.9 1   355.6 0   295.1 0   294.6 0   409.1 0   294.9 0   294.9 0     0.0 0     0.0 0     0.0 0   -53.5 0   -53.5 0    21.9 0    81.2 0     3.2 0    98.8 0   990.8 0
 1995 237  8 25  5 45  5.750 128.96    -1.5 0    -0.4 0     0.0 0 -9999.9 1   356.3 0   295.1 0   294.5 0   409.5 0   294.9 0   294.8 0     0.0 0     0.0 0     0.0 0   -53.2 0   -53.2 0    21.8 0    81.3 0     3.2 0    92.6 0   990.8 0
 1995 237  8 25  5 48  5.800 128.99    -3.6 0    -0.3 0     0.0 0 -9999.9 1   357.1 0   295.0 0   294.5 0   410.4 0   294.8 0   294.8 0     0.0 0     0.0 0     0.0 0   -53.2 0   -53.2 0    22.0 0    81.3 0     3.0 0    86.2 0   990.8 0
 1995 237  8 25  5 51  5.850 129.01    -3.9 0    -0.3 0     0.1 0 -9999.9 1   357.1 0   295.0 0   294.6 0   410.8 0   294.8 0   294.8 0     0.0 0     0.0 0     0.0 0   -53.7 0   -53.7 0    22.0 0    81.5 0     3.0 0    89.7 0   990.8 0
 1995 237  8 25  5 54  5.900 129.03    -2.8 0    -0.3 0     0.0 0 -9999.9 1   356.4 0   295.0 0   294.5 0   410.7 0   294.7 0   294.7 0     0.0 0     0.0 0     0.0 0   -54.3 0   -54.3 0    21.7 0    81.8 0     3.0 0    92.4 0   990.8 0
 1995 237  8 25  5 57  5.950 129.04    -2.6 0    -0.3 0     0.0 0 -9999.9 1   356.2 0   295.0 0   294.5 0   410.1 0   294.7 0   294.7 0     0.0 0     0.0 0     0.0 0   -53.8 0   -53.8 0    21.8 0    81.9 0     3.1 0    94.0 0   990.8 0
 1995 237  8 25  6  0  6.000 129.03    -3.8 0    -0.3 0     0.0 0 -9999.9 1   356.5 0   295.0 0   294.5 0   409.3 0   294.6 0   294.6 0     0.0 0     0.0 0     0.0 0   -52.8 0   -52.8 0    21.6 0    82.0 0     3.0 0   100.9 0   990.8 0
 1995 237  8 25  6  3  6.050 129.02    -4.2 0    -0.3 0     0.0 0 -9999.9 1   356.5 0   294.9 0   294.5 0   408.9 0   294.6 0   294.6 0     0.0 0     0.0 0     0.0 0   -52.3 0   -52.3 0    21.5 0    82.3 0     3.1 0   108.1 0   990.8 0
 1995 237  8 25  6  6  6.100 129.00    -2.6 0    -0.2 0     0.0 0 -9999.9 1   356.4 0   294.9 0   294.4 0   408.3 0   294.6 0   294.5 0     0.0 0     0.0 0     0.0 0   -51.9 0   -51.9 0    21.6 0    82.7 0     3.2 0   112.1 0   990.8 0
 1995 237  8 25  6  9  6.150 128.97    -2.6 0    -0.2 0     0.0 0 -9999.9 1   355.7 0   294.9 0   294.4 0   407.9 0   294.5 0   294.5 0     0.0 0     0.0 0     0.0 0   -52.2 0   -52.2 0    21.5 0    83.2 0     3.2 0   111.3 0   990.8 0
 1995 237  8 25  6 12  6.200 128.93    -2.4 0     0.0 0     0.0 0 -9999.9 1   354.8 0   294.9 0   294.4 0   407.4 0   294.4 0   294.4 0     0.0 0     0.0 0     0.0 0   -52.7 0   -52.7 0    21.4 0    83.7 0     3.0 0   104.3 0   990.8 0
 1995 237  8 25  6 15  6.250 128.87    -1.9 0    -0.1 0     0.0 0 -9999.9 1   354.4 0   294.9 0   294.4 0   407.6 0   294.3 0   294.3 0     0.0 0     0.0 0     0.0 0   -53.1 0   -53.1 0    21.1 0    84.6 0     2.9 0   101.8 0   990.8 0
 1995 237  8 25  6 18  6.300 128.82    -3.2 0    -0.4 0     0.0 0 -9999.9 1   354.4 0   294.8 0   294.3 0   407.7 0   294.2 0   294.2 0     0.0 0     0.0 0     0.0 0   -53.2 0   -53.2 0    21.4 0    84.5 0     2.7 0   103.9 0   990.7 0
 1995 237  8 25  6 21  6.350 128.74    -2.8 0    -0.4 0     0.0 0 -9999.9 1   353.7 0   294.8 0   294.3 0   407.8 0   294.2 0   294.2 0     0.0 0     0.0 0     0.0 0   -54.0 0   -54.0 0    21.2 0    84.6 0     2.7 0   102.8 0   990.7 0
 1995 237  8 25  6 24  6.400 128.67    -3.2 0    -0.4 0     0.0 0 -9999.9 1   353.2 0   294.8 0   294.3 0   407.8 0   294.2 0   294.2 0     0.0 0     0.0 0     0.0 0   -54.6 0   -54.6 0    21.3 0    84.5 0     2.9 0   102.6 0   990.6 0
 1995 237  8 25  6 27  6.450 128.58    -0.8 0    -0.4 0     0.0 0 -9999.9 1   353.0 0   294.8 0   294.2 0   407.6 0   294.2 0   294.2 0     0.0 0     0.0 0     0.0 0   -54.7 0   -54.7 0    21.1 0    84.6 0     2.9 0   101.3 0   990.6 0
