 Bondville
   40.05  -88.37  213 m version 1
 1995 238  8 26  1 57  1.950 104.92    -2.0 0    -0.4 0    -0.1 0 -9999.9 1   377.5 0   299.1 0   298.6 0   427.9 0   298.5 0   298.4 0     0.0 0     0.0 0     0.0 0   -50.4 0   -50.4 0    25.5 0    72.4 0     2.8 0    93.9 0   990.2 0
 1995 238  8 26  2  0  2.000 105.43    -2.2 0    -0.3 0    -0.1 0 -9999.9 1   377.6 0   299.0 0   298.5 0   427.7 0   298.4 0   298.3 0     0.0 0     0.0 0     0.0 0   -50.1 0   -50.1 0    25.3 0    73.1 0     2.7 0    93.5 0   990.2 0
 1995 238  8 26  2  3  2.050 105.93    -2.2 0    -0.4 0    -0.1 0 -9999.9 1   377.2 0   299.0 0   298.4 0   427.6 0   298.3 0   298.3 0     0.0 0     0.0 0     0.0 0   -50.4 0   -50.4 0    25.2 0    73.6 0     2.6 0    97.4 0   990.2 0
 1995 238  8 26  2  6  2.100 106.43    -2.1 0    -0.4 0    -0.1 0 -9999.9 1   377.0 0   298.9 0   298.4 0   427.2 0   298.2 0   298.2 0     0.0 0     0.0 0     0.0 0   -50.2 0   -50.2 0    25.0 0    74.1 0     2.7 0    98.4 0   990.3 0
 1995 238  8 26  2  9  2.150 106.93    -2.4 0    -0.3 0    -0.1 0 -9999.9 1   377.1 0   298.8 0   298.3 0   426.7 0   298.1 0   298.1 0     0.0 0     0.0 0     0.0 0   -49.6 0   -49.6 0    24.9 0    74.8 0     2.7 0    97.9 0   990.3 0
 1995 238  8 26  2 12  2.200 107.42    -2.2 0    -0.2 0     0.0 0 -9999.9 1   377.0 0   298.7 0   298.2 0   426.2 0   298.0 0   298.0 0     0.0 0     0.0 0     0.0 0   -49.2 0   -49.2 0    24.8 0    75.8 0     2.6 0    95.2 0   990.3 0
 1995 238  8 26  2 15  2.250 107.91    -2.5 0    -0.3 0     0.0 0 -9999.9 1   376.6 0   298.7 0   298.2 0   425.9 0   297.9 0   297.9 0     0.0 0     0.0 0     0.0 0   -49.3 0   -49.3 0    24.7 0    76.7 0     2.6 0    95.8 0   990.3 0
 1995 238  8 26  2 18  2.300 108.40    -2.4 0    -0.2 0     0.0 0 -9999.9 1   376.5 0   298.6 0   298.1 0   425.6 0   297.8 0   297.8 0     0.0 0     0.0 0     0.0 0   -49.1 0   -49.1 0    24.5 0    77.9 0     2.7 0    93.2 0   990.3 0
 1995 238  8 26  2 21  2.350 108.88    -2.4 0    -0.2 0     0.0 0 -9999.9 1   376.7 0   298.6 0   298.1 0   425.5 0   297.7 0   297.7 0     0.0 0     0.0 0     0.0 0   -48.7 0   -48.7 0    24.4 0    78.9 0     2.8 0    91.8 0   990.3 0
 1995 238  8 26  2 24  2.400 109.36    -2.7 0    -0.4 0     0.0 0 -9999.9 1   376.8 0   298.5 0   298.1 0   425.7 0   297.6 0   297.6 0     0.0 0     0.0 0     0.0 0   -48.9 0   -48.9 0    24.5 0    79.1 0     2.8 0    88.6 0   990.3 0
 1995 238  8 26  2 27  2.450 109.84    -2.5 0    -0.4 0     0.0 0 -9999.9 1   376.8 0   298.5 0   298.1 0   425.4 0   297.6 0   297.5 0     0.0 0     0.0 0     0.0 0   -48.6 0   -48.6 0    24.4 0    79.1 0     2.6 0    82.9 0   990.4 0
 1995 238  8 26  2 30  2.500 110.32    -2.4 0    -0.4 0     0.1 0 -9999.9 1   377.3 0   298.5 0   298.0 0   425.7 0   297.5 0   297.5 0     0.0 0     0.0 0     0.0 0   -48.4 0   -48.4 0    24.5 0    78.8 0     2.6 0    79.0 0   990.4 0
 1995 238  8 26  2 33  2.550 110.79    -2.3 0    -0.4 0     0.0 0 -9999.9 1   376.3 0   298.5 0   298.0 0   424.8 0   297.5 0   297.4 0     0.0 0     0.0 0     0.0 0   -48.5 0   -48.5 0    24.4 0    78.6 0     2.1 0    78.7 0   990.5 0
 1995 238  8 26  2 36  2.600 111.26    -2.6 0    -0.3 0     0.0 0 -9999.9 1   375.6 0   298.5 0   298.0 0   424.1 0   297.4 0   297.4 0     0.0 0     0.0 0     0.0 0   -48.5 0   -48.5 0    24.3 0    78.7 0     2.1 0    84.3 0   990.5 0
 1995 238  8 26  2 39  2.650 111.72    -2.2 0    -0.4 0     0.0 0 -9999.9 1   375.9 0   298.4 0   298.0 0   424.3 0   297.3 0   297.3 0     0.0 0     0.0 0     0.0 0   -48.3 0   -48.3 0    24.3 0    78.8 0     2.2 0    89.7 0   990.5 0
 1995 238  8 26  2 42  2.700 112.18    -2.1 0    -0.5 0     0.0 0 -9999.9 1   376.0 0   298.4 0   297.9 0   424.8 0   297.3 0   297.3 0     0.0 0     0.0 0     0.0 0   -48.8 0   -48.8 0    24.3 0    78.7 0     2.3 0    91.0 0   990.5 0
 1995 238  8 26  2 45  2.750 112.64    -2.5 0    -0.4 0     0.0 0 -9999.9 1   375.9 0   298.3 0   297.8 0   424.8 0   297.3 0   297.3 0     0.0 0     0.0 0     0.0 0   -48.8 0   -48.8 0    24.2 0    78.8 0     2.3 0    92.4 0   990.5 0
 1995 238  8 26  2 48  2.800 113.09    -2.0 0    -0.4 0    -0.1 0 -9999.9 1   375.2 0   298.3 0   297.8 0   424.6 0   297.2 0   297.2 0     0.0 0     0.0 0     0.0 0   -49.4 0   -49.4 0    24.4 0    78.9 0     2.4 0    96.5 0   990.5 0
 1995 238  8 26  2 51  2.850 113.54    -2.1 0    -0.4 0    -0.1 0 -9999.9 1   375.0 0   298.2 0   297.7 0   423.7 0   297.2 0   297.2 0     0.0 0     0.0 0     0.0 0   -48.8 0   -48.8 0    24.1 0    79.0 0     2.4 0    98.1 0   990.4 0
 1995 238  8 26  2 54  2.900 113.99    -1.9 0    -0.4 0    -0.1 0 -9999.9 1   374.7 0   298.1 0   297.6 0   423.5 0   297.2 0   297.2 0     0.0 0     0.0 0     0.0 0   -48.8 0   -48.8 0    24.2 0    79.1 0     2.4 0    98.2 0   990.4 0
 1995 238  8 26  2 57  2.950 114.43    -2.0 0    -0.4 0    -0.2 0 -9999.9 1   374.4 0   298.0 0   297.5 0   423.2 0   297.1 0   297.1 0     0.0 0     0.0 0     0.0 0   -48.8 0   -48.8 0    24.1 0    79.3 0     2.4 0    99.0 0   990.4 0
 1995 238  8 26  3  0  3.000 114.86    -2.0 0    -0.4 0    -0.2 0 -9999.9 1   374.2 0   297.9 0   297.4 0   423.3 0   297.1 0   297.1 0     0.0 0     0.0 0     0.0 0   -49.1 0   -49.1 0    24.1 0    79.4 0     2.3 0    99.4 0   990.3 0
 1995 238  8 26  3  3  3.050 115.30    -2.1 0    -0.4 0    -0.1 0 -9999.9 1   374.0 0   297.8 0   297.3 0   423.3 0   297.0 0   297.0 0     0.0 0     0.0 0     0.0 0   -49.2 0   -49.2 0    24.1 0    79.5 0     2.3 0    98.7 0   990.3 0
 1995 238  8 26  3  6  3.100 115.73    -2.6 0    -0.4 0     0.0 0 -9999.9 1   374.1 0   297.7 0   297.2 0   423.2 0   297.0 0   297.0 0     0.0 0     0.0 0     0.0 0   -49.0 0   -49.0 0    24.4 0    79.5 0     2.5 0    92.9 0   990.3 0
 1995 238  8 26  3  9  3.150 116.15    -2.5 0    -0.3 0     0.0 0 -9999.9 1   373.3 0   297.7 0   297.2 0   423.0 0   297.0 0   296.9 0     0.0 0     0.0 0     0.0 0   -49.7 0   -49.7 0    23.9 0    79.9 0     2.9 0    85.5 0   990.3 0
 1995 238  8 26  3 12  3.200 116.57    -2.5 0    -0.3 0     0.0 0 -9999.9 1   373.3 0   297.6 0   297.1 0   422.8 0   296.9 0   296.9 0     0.0 0     0.0 0     0.0 0   -49.5 0   -49.5 0    23.8 0    80.2 0     2.7 0    89.8 0   990.3 0
 1995 238  8 26  3 15  3.250 116.98    -1.5 0    -0.4 0     0.0 0 -9999.9 1   373.4 0   297.6 0   297.1 0   422.8 0   296.9 0   296.8 0     0.0 0     0.0 0     0.0 0   -49.3 0   -49.3 0    23.8 0    80.3 0     2.8 0    90.4 0   990.4 0
 1995 238  8 26  3 18  3.300 117.39    -1.9 0    -0.4 0     0.0 0 -9999.9 1   374.0 0   297.6 0   297.1 0   422.7 0   296.8 0   296.8 0     0.0 0     0.0 0     0.0 0   -48.7 0   -48.7 0    23.7 0    80.2 0     2.6 0    93.6 0   990.4 0
 1995 238  8 26  3 21  3.350 117.80    -2.4 0    -0.5 0     0.0 0 -9999.9 1   374.2 0   297.5 0   297.1 0   422.6 0   296.8 0   296.8 0     0.0 0     0.0 0     0.0 0   -48.4 0   -48.4 0    24.0 0    79.9 0     2.4 0    97.3 0   990.4 0
 1995 238  8 26  3 24  3.400 118.20    -1.4 0    -0.5 0     0.0 0 -9999.9 1   374.1 0   297.5 0   297.1 0   422.6 0   296.8 0   296.8 0     0.0 0     0.0 0     0.0 0   -48.5 0   -48.5 0    23.9 0    79.8 0     2.4 0   102.1 0   990.4 0
 1995 238  8 26  3 27  3.450 118.59    -2.7 0    -0.5 0     0.0 0 -9999.9 1   374.2 0   297.5 0   297.1 0   422.2 0   296.8 0   296.8 0     0.0 0     0.0 0     0.0 0   -48.0 0   -48.0 0    24.1 0    79.5 0     2.3 0   101.8 0   990.4 0
 1995 238  8 26  3 30  3.500 118.98    -2.6 0    -0.5 0     0.0 0 -9999.9 1   374.1 0   297.5 0   297.1 0   422.1 0   296.8 0   296.8 0     0.0 0     0.0 0     0.0 0   -48.0 0   -48.0 0    24.1 0    79.3 0     2.2 0   102.9 0   990.4 0
 1995 238  8 26  3 33  3.550 119.36    -2.8 0    -0.5 0     0.0 0 -9999.9 1   373.4 0   297.5 0   297.1 0   421.8 0   296.8 0   296.8 0     0.0 0     0.0 0     0.0 0   -48.4 0   -48.4 0    24.2 0    79.2 0     2.2 0    96.1 0   990.4 0
 1995 238  8 26  3 36  3.600 119.74    -2.3 0    -0.4 0     0.0 0 -9999.9 1   372.9 0   297.5 0   297.0 0   421.2 0   296.8 0   296.8 0     0.0 0     0.0 0     0.0 0   -48.3 0   -48.3 0    24.2 0    79.3 0     2.2 0    91.8 0   990.4 0
 1995 238  8 26  3 39  3.650 120.12    -2.2 0    -0.4 0     0.0 0 -9999.9 1   372.9 0   297.4 0   297.0 0   421.0 0   296.8 0   296.8 0     0.0 0     0.0 0     0.0 0   -48.1 0   -48.1 0    24.1 0    79.3 0     2.0 0    90.9 0   990.4 0
 1995 238  8 26  3 42  3.700 120.48    -2.3 0    -0.5 0     0.0 0 -9999.9 1   372.6 0   297.4 0   297.0 0   421.0 0   296.8 0   296.8 0     0.0 0     0.0 0     0.0 0   -48.3 0   -48.3 0    24.0 0    79.3 0     2.1 0    91.0 0   990.4 0
 1995 238  8 26  3 45  3.750 120.84    -2.6 0    -0.4 0     0.0 0 -9999.9 1   372.0 0   297.4 0   296.9 0   420.0 0   296.7 0   296.7 0     0.0 0     0.0 0     0.0 0   -48.0 0   -48.0 0    23.9 0    79.4 0     2.2 0    91.3 0   990.5 0
 1995 238  8 26  3 48  3.800 121.20    -1.4 0    -0.4 0     0.0 0 -9999.9 1   372.2 0   297.4 0   296.9 0   420.0 0   296.7 0   296.7 0     0.0 0     0.0 0     0.0 0   -47.8 0   -47.8 0    23.5 0    79.8 0     1.9 0    96.1 0   990.4 0
 1995 238  8 26  3 51  3.850 121.55    -3.1 0    -0.5 0     0.0 0 -9999.9 1   372.6 0   297.3 0   296.9 0   419.9 0   296.7 0   296.7 0     0.0 0     0.0 0     0.0 0   -47.3 0   -47.3 0    23.9 0    79.7 0     2.0 0    98.6 0   990.4 0
 1995 238  8 26  3 54  3.900 121.89    -2.1 0    -0.5 0     0.0 0 -9999.9 1   373.2 0   297.3 0   296.9 0   419.8 0   296.6 0   296.6 0     0.0 0     0.0 0     0.0 0   -46.6 0   -46.6 0    23.7 0    79.8 0     1.9 0    96.5 0   990.4 0
 1995 238  8 26  3 57  3.950 122.23    -2.1 0    -0.5 0     0.0 0 -9999.9 1   373.1 0   297.3 0   296.9 0   420.0 0   296.6 0   296.6 0     0.0 0     0.0 0     0.0 0   -46.8 0   -46.8 0    23.6 0    79.9 0     1.8 0    95.9 0   990.4 0
 1995 238  8 26  4  0  4.000 122.56    -2.5 0    -0.5 0     0.0 0 -9999.9 1   373.3 0   297.2 0   296.8 0   420.0 0   296.6 0   296.6 0     0.0 0     0.0 0     0.0 0   -46.7 0   -46.7 0    23.8 0    79.8 0     1.8 0    98.3 0   990.4 0
 1995 238  8 26  4  3  4.050 122.89    -1.7 0    -0.5 0     0.0 0 -9999.9 1   373.4 0   297.2 0   296.8 0   419.8 0   296.6 0   296.6 0     0.0 0     0.0 0     0.0 0   -46.4 0   -46.4 0    23.8 0    79.9 0     1.9 0   100.3 0   990.4 0
 1995 238  8 26  4  6  4.100 123.20    -2.6 0    -0.5 0     0.0 0 -9999.9 1   373.6 0   297.2 0   296.8 0   419.8 0   296.5 0   296.5 0     0.0 0     0.0 0     0.0 0   -46.2 0   -46.2 0    23.8 0    80.0 0     2.0 0   106.1 0   990.3 0
 1995 238  8 26  4  9  4.150 123.51    -3.7 0    -0.5 0     0.0 0 -9999.9 1   373.5 0   297.2 0   296.8 0   419.9 0   296.5 0   296.5 0     0.0 0     0.0 0     0.0 0   -46.4 0   -46.4 0    23.8 0    79.9 0     1.9 0   106.5 0   990.3 0
 1995 238  8 26  4 12  4.200 123.82    -2.2 0    -0.6 0     0.0 0 -9999.9 1   373.5 0   297.2 0   296.8 0   419.7 0   296.5 0   296.5 0     0.0 0     0.0 0     0.0 0   -46.2 0   -46.2 0    23.7 0    80.0 0     2.0 0   104.9 0   990.3 0
 1995 238  8 26  4 15  4.250 124.12    -1.5 0    -0.5 0     0.0 0 -9999.9 1   373.0 0   297.2 0   296.8 0   419.3 0   296.5 0   296.5 0     0.0 0     0.0 0     0.0 0   -46.2 0   -46.2 0    23.4 0    80.1 0     1.9 0   102.0 0   990.3 0
 1995 238  8 26  4 18  4.300 124.41    -1.1 0    -0.4 0    -0.1 0 -9999.9 1   372.5 0   297.2 0   296.7 0   418.7 0   296.5 0   296.5 0     0.0 0     0.0 0     0.0 0   -46.2 0   -46.2 0    23.2 0    80.4 0     1.9 0   100.5 0   990.4 0
 1995 238  8 26  4 21  4.350 124.69    -1.2 0    -0.5 0     0.0 0 -9999.9 1   372.9 0   297.1 0   296.7 0   418.5 0   296.5 0   296.4 0     0.0 0     0.0 0     0.0 0   -45.6 0   -45.6 0    23.8 0    80.3 0     1.8 0    99.5 0   990.4 0
 1995 238  8 26  4 24  4.400 124.97    -0.7 0    -0.4 0    -0.1 0 -9999.9 1   373.1 0   297.1 0   296.7 0   418.3 0   296.4 0   296.4 0     0.0 0     0.0 0     0.0 0   -45.2 0   -45.2 0    23.2 0    80.8 0     2.0 0    97.4 0   990.4 0
 1995 238  8 26  4 27  4.450 125.24    -4.2 0    -0.4 0    -0.1 0 -9999.9 1   372.9 0   297.0 0   296.6 0   417.7 0   296.3 0   296.3 0     0.0 0     0.0 0     0.0 0   -44.8 0   -44.8 0    23.6 0    80.9 0     2.0 0    90.5 0   990.4 0
 1995 238  8 26  4 30  4.500 125.50    -2.1 0    -0.4 0    -0.1 0 -9999.9 1   373.2 0   297.0 0   296.5 0   417.8 0   296.3 0   296.3 0     0.0 0     0.0 0     0.0 0   -44.6 0   -44.6 0    23.2 0    81.5 0     2.1 0    93.2 0   990.4 0
 1995 238  8 26  4 33  4.550 125.75    -0.6 0    -0.4 0     0.0 0 -9999.9 1   373.1 0   296.9 0   296.4 0   418.4 0   296.2 0   296.2 0     0.0 0     0.0 0     0.0 0   -45.3 0   -45.3 0    23.0 0    82.0 0     2.2 0   100.5 0   990.4 0
 1995 238  8 26  4 36  4.600 126.00    -1.8 0    -0.4 0     0.0 0 -9999.9 1   372.8 0   296.9 0   296.4 0   418.8 0   296.2 0   296.2 0     0.0 0     0.0 0     0.0 0   -46.0 0   -46.0 0    23.2 0    82.2 0     2.4 0   104.3 0   990.3 0
 1995 238  8 26  4 39  4.650 126.23    -2.7 0    -0.4 0     0.0 0 -9999.9 1   372.4 0   296.8 0   296.3 0   418.7 0   296.1 0   296.1 0     0.0 0     0.0 0     0.0 0   -46.3 0   -46.3 0    23.1 0    82.4 0     2.6 0   101.5 0   990.3 0
 1995 238  8 26  4 42  4.700 126.47    -2.5 0    -0.4 0     0.0 0 -9999.9 1   371.6 0   296.8 0   296.3 0   419.0 0   296.1 0   296.1 0     0.0 0     0.0 0     0.0 0   -47.4 0   -47.4 0    23.1 0    82.4 0     2.5 0   100.4 0   990.3 0
 1995 238  8 26  4 45  4.750 126.69    -2.3 0    -0.5 0     0.0 0 -9999.9 1   371.5 0   296.7 0   296.3 0   419.2 0   296.1 0   296.1 0     0.0 0     0.0 0     0.0 0   -47.7 0   -47.7 0    23.2 0    82.4 0     2.6 0   102.9 0   990.3 0
 1995 238  8 26  4 48  4.800 126.90    -2.6 0    -0.4 0     0.0 0 -9999.9 1   371.3 0   296.7 0   296.2 0   419.4 0   296.1 0   296.1 0     0.0 0     0.0 0     0.0 0   -48.2 0   -48.2 0    23.4 0    82.2 0     2.5 0   102.3 0   990.3 0
 1995 238  8 26  4 51  4.850 127.11    -2.7 0    -0.4 0     0.0 0 -9999.9 1   370.6 0   296.7 0   296.1 0   419.1 0   296.0 0   296.0 0     0.0 0     0.0 0     0.0 0   -48.5 0   -48.5 0    23.3 0    82.3 0     2.4 0    99.8 0   990.2 0
 1995 238  8 26  4 54  4.900 127.30    -2.3 0    -0.4 0     0.0 0 -9999.9 1   370.5 0   296.6 0   296.1 0   419.0 0   296.0 0   296.0 0     0.0 0     0.0 0     0.0 0   -48.5 0   -48.5 0    23.1 0    82.5 0     2.4 0   102.8 0   990.2 0
 1995 238  8 26  4 57  4.950 127.49    -2.9 0    -0.4 0     0.0 0 -9999.9 1   370.4 0   296.5 0   296.1 0   419.0 0   296.0 0   296.0 0     0.0 0     0.0 0     0.0 0   -48.5 0   -48.5 0    23.2 0    82.5 0     2.4 0   106.5 0   990.2 0
 1995 238  8 26  5  0  5.000 127.67    -2.0 0    -0.4 0     0.0 0 -9999.9 1   370.5 0   296.5 0   296.0 0   418.4 0   296.0 0   296.0 0     0.0 0     0.0 0     0.0 0   -47.9 0   -47.9 0    23.1 0    82.6 0     2.4 0   105.8 0   990.2 0
 1995 238  8 26  5  3  5.050 127.85    -2.5 0    -0.4 0     0.0 0 -9999.9 1   370.5 0   296.5 0   296.0 0   418.2 0   296.0 0   296.0 0     0.0 0     0.0 0     0.0 0   -47.7 0   -47.7 0    23.2 0    82.6 0     2.5 0   102.3 0   990.2 0
 1995 238  8 26  5  6  5.100 128.01    -2.0 0    -0.4 0     0.0 0 -9999.9 1   370.5 0   296.5 0   296.0 0   418.7 0   296.0 0   296.0 0     0.0 0     0.0 0     0.0 0   -48.2 0   -48.2 0    22.9 0    82.9 0     2.7 0   103.2 0   990.3 0
 1995 238  8 26  5  9  5.150 128.16    -2.3 0    -0.4 0     0.0 0 -9999.9 1   370.6 0   296.4 0   296.0 0   418.9 0   296.0 0   296.0 0     0.0 0     0.0 0     0.0 0   -48.3 0   -48.3 0    23.1 0    83.1 0     2.7 0   101.3 0   990.3 0
 1995 238  8 26  5 12  5.200 128.31    -2.9 0    -0.4 0     0.0 0 -9999.9 1   370.6 0   296.4 0   296.0 0   418.8 0   295.9 0   295.9 0     0.0 0     0.0 0     0.0 0   -48.1 0   -48.1 0    23.1 0    83.3 0     2.6 0   102.9 0   990.3 0
 1995 238  8 26  5 15  5.250 128.45    -2.5 0    -0.3 0     0.0 0 -9999.9 1   370.4 0   296.4 0   296.0 0   418.4 0   295.9 0   295.9 0     0.0 0     0.0 0     0.0 0   -48.0 0   -48.0 0    22.9 0    83.5 0     2.5 0   102.8 0   990.3 0
 1995 238  8 26  5 18  5.300 128.57    -2.6 0    -0.3 0     0.0 0 -9999.9 1   370.4 0   296.4 0   296.0 0   418.2 0   295.9 0   295.9 0     0.0 0     0.0 0     0.0 0   -47.8 0   -47.8 0    22.9 0    83.7 0     2.5 0   102.7 0   990.3 0
 1995 238  8 26  5 21  5.350 128.69    -2.6 0    -0.3 0     0.0 0 -9999.9 1   370.7 0   296.4 0   296.0 0   418.3 0   295.8 0   295.8 0     0.0 0     0.0 0     0.0 0   -47.6 0   -47.6 0    22.9 0    83.8 0     2.3 0   102.2 0   990.3 0
 1995 238  8 26  5 24  5.400 128.80    -3.2 0    -0.3 0     0.0 0 -9999.9 1   371.2 0   296.5 0   296.0 0   417.6 0   295.8 0   295.8 0     0.0 0     0.0 0     0.0 0   -46.4 0   -46.4 0    22.8 0    83.9 0     2.2 0   102.1 0   990.3 0
 1995 238  8 26  5 27  5.450 128.90    -2.6 0    -0.3 0     0.0 0 -9999.9 1   371.4 0   296.5 0   296.1 0   417.3 0   295.7 0   295.7 0     0.0 0     0.0 0     0.0 0   -45.9 0   -45.9 0    22.5 0    84.3 0     2.2 0   102.8 0   990.3 0
 1995 238  8 26  5 30  5.500 128.99    -2.9 0    -0.4 0     0.0 0 -9999.9 1   371.3 0   296.5 0   296.1 0   417.1 0   295.7 0   295.7 0     0.0 0     0.0 0     0.0 0   -45.7 0   -45.7 0    22.8 0    84.3 0     2.3 0   103.1 0   990.3 0
 1995 238  8 26  5 33  5.550 129.07    -2.2 0    -0.4 0     0.0 0 -9999.9 1   371.1 0   296.5 0   296.1 0   416.8 0   295.7 0   295.7 0     0.0 0     0.0 0     0.0 0   -45.7 0   -45.7 0    22.7 0    84.3 0     2.2 0   103.7 0   990.3 0
 1995 238  8 26  5 36  5.600 129.14    -2.7 0    -0.3 0     0.0 0 -9999.9 1   370.9 0   296.5 0   296.1 0   416.4 0   295.6 0   295.6 0     0.0 0     0.0 0     0.0 0   -45.5 0   -45.5 0    22.6 0    84.6 0     2.3 0   103.1 0   990.2 0
 1995 238  8 26  5 39  5.650 129.21    -2.7 0    -0.3 0     0.0 0 -9999.9 1   370.4 0   296.5 0   296.1 0   416.0 0   295.6 0   295.6 0     0.0 0     0.0 0     0.0 0   -45.6 0   -45.6 0    22.6 0    84.9 0     2.4 0   101.9 0   990.2 0
 1995 238  8 26  5 42  5.700 129.26    -1.4 0    -0.2 0     0.0 0 -9999.9 1   370.0 0   296.5 0   296.0 0   416.1 0   295.5 0   295.5 0     0.0 0     0.0 0     0.0 0   -46.1 0   -46.1 0    22.4 0    85.2 0     2.4 0   102.4 0   990.2 0
 1995 238  8 26  5 45  5.750 129.30    -2.3 0    -0.3 0     0.0 0 -9999.9 1   369.9 0   296.4 0   296.0 0   415.9 0   295.5 0   295.5 0     0.0 0     0.0 0     0.0 0   -45.9 0   -45.9 0    22.4 0    85.5 0     2.5 0   103.3 0   990.2 0
 1995 238  8 26  5 48  5.800 129.34    -2.5 0    -0.3 0     0.0 0 -9999.9 1   369.1 0   296.4 0   295.9 0   415.5 0   295.4 0   295.4 0     0.0 0     0.0 0     0.0 0   -46.4 0   -46.4 0    22.2 0    85.7 0     2.4 0    93.2 0   990.2 0
 1995 238  8 26  5 51  5.850 129.36    -2.1 0    -0.2 0     0.0 0 -9999.9 1   369.2 0   296.4 0   295.9 0   415.7 0   295.3 0   295.3 0     0.0 0     0.0 0     0.0 0   -46.5 0   -46.5 0    22.1 0    86.1 0     2.7 0    87.4 0   990.2 0
 1995 238  8 26  5 54  5.900 129.38    -1.4 0    -0.3 0     0.0 0 -9999.9 1   369.8 0   296.3 0   295.9 0   415.5 0   295.3 0   295.2 0     0.0 0     0.0 0     0.0 0   -45.7 0   -45.7 0    22.1 0    86.4 0     2.6 0    90.3 0   990.3 0
 1995 238  8 26  5 57  5.950 129.38    -1.8 0    -0.3 0     0.0 0 -9999.9 1   369.8 0   296.3 0   295.8 0   415.6 0   295.2 0   295.2 0     0.0 0     0.0 0     0.0 0   -45.8 0   -45.8 0    22.2 0    86.6 0     2.7 0    89.3 0   990.2 0
 1995 238  8 26  6  0  6.000 129.38    -1.7 0    -0.3 0     0.0 0 -9999.9 1   369.9 0   296.3 0   295.8 0   416.0 0   295.2 0   295.2 0     0.0 0     0.0 0     0.0 0   -46.1 0   -46.1 0    22.1 0    86.8 0     2.9 0    87.7 0   990.2 0
 1995 238  8 26  6  3  6.050 129.36    -1.4 0    -0.4 0     0.0 0 -9999.9 1   370.1 0   296.2 0   295.7 0   415.5 0   295.1 0   295.1 0     0.0 0     0.0 0     0.0 0   -45.5 0   -45.5 0    21.9 0    86.8 0     2.8 0    82.1 0   990.2 0
 1995 238  8 26  6  6  6.100 129.34    -1.7 0    -0.4 0     0.0 0 -9999.9 1   370.6 0   296.2 0   295.7 0   415.4 0   295.1 0   295.1 0     0.0 0     0.0 0     0.0 0   -44.8 0   -44.8 0    22.1 0    86.6 0     2.8 0    79.1 0   990.1 0
 1995 238  8 26  6  9  6.150 129.31    -3.3 0    -0.4 0     0.0 0 -9999.9 1   370.9 0   296.2 0   295.7 0   415.4 0   295.1 0   295.1 0     0.0 0     0.0 0     0.0 0   -44.5 0   -44.5 0    22.2 0    86.7 0     2.7 0    80.3 0   990.1 0
 1995 238  8 26  6 12  6.200 129.27    -3.0 0    -0.4 0     0.0 0 -9999.9 1   371.4 0   296.1 0   295.7 0   415.4 0   295.1 0   295.1 0     0.0 0     0.0 0     0.0 0   -44.1 0   -44.1 0    22.4 0    86.7 0     2.3 0    85.2 0   990.1 0
 1995 238  8 26  6 15  6.250 129.21    -2.1 0    -0.4 0     0.0 0 -9999.9 1   372.0 0   296.1 0   295.7 0   415.1 0   295.1 0   295.1 0     0.0 0     0.0 0     0.0 0   -43.1 0   -43.1 0    22.3 0    86.7 0     2.2 0    92.3 0   990.1 0
 1995 238  8 26  6 18  6.300 129.15    -2.7 0    -0.4 0     0.0 0 -9999.9 1   372.3 0   296.1 0   295.7 0   415.2 0   295.1 0   295.1 0     0.0 0     0.0 0     0.0 0   -42.9 0   -42.9 0    22.4 0    86.5 0     2.4 0   101.6 0   990.1 0
 1995 238  8 26  6 21  6.350 129.08    -2.7 0    -0.5 0     0.0 0 -9999.9 1   372.6 0   296.1 0   295.7 0   415.5 0   295.2 0   295.2 0     0.0 0     0.0 0     0.0 0   -42.9 0   -42.9 0    22.6 0    86.1 0     2.2 0   107.7 0   990.1 0
 1995 238  8 26  6 24  6.400 129.00    -2.8 0    -0.6 0     0.0 0 -9999.9 1   372.6 0   296.1 0   295.7 0   415.4 0   295.2 0   295.2 0     0.0 0     0.0 0     0.0 0   -42.8 0   -42.8 0    22.7 0    85.7 0     2.2 0   111.8 0   990.2 0
