 Bondville
   40.05  -88.37  213 m version 1
 1995 242  8 30  2 24  2.400 110.62    -1.4 0    -0.8 0    -0.1 0 -9999.9 1   399.0 0   301.2 0   300.7 0   440.4 0   300.2 0   300.2 0     0.0 0     0.0 0     0.0 0   -41.4 0   -41.4 0    27.7 0    68.7 0     1.0 0    81.1 0   991.4 0
 1995 242  8 30  2 27  2.450 111.10    -1.7 0    -0.5 0    -0.1 0 -9999.9 1   396.6 0   301.1 0   300.7 0   438.6 0   300.2 0   300.1 0     0.0 0     0.0 0     0.0 0   -42.0 0   -42.0 0    27.4 0    69.1 0     1.1 0    88.8 0   991.4 0
 1995 242  8 30  2 30  2.500 111.58    -1.4 0    -0.4 0    -0.1 0 -9999.9 1   395.1 0   301.1 0   300.6 0   436.9 0   300.1 0   300.1 0     0.0 0     0.0 0     0.0 0   -41.8 0   -41.8 0    27.4 0    71.1 0     1.1 0    98.1 0   991.4 0
 1995 242  8 30  2 33  2.550 112.05    -2.0 0    -0.4 0    -0.1 0 -9999.9 1   395.2 0   301.0 0   300.6 0   436.8 0   300.0 0   299.9 0     0.0 0     0.0 0     0.0 0   -41.6 0   -41.6 0    27.1 0    73.9 0     1.1 0   108.6 0   991.4 0
 1995 242  8 30  2 36  2.600 112.53    -1.7 0    -0.5 0     0.0 0 -9999.9 1   395.2 0   300.9 0   300.5 0   436.5 0   299.9 0   299.8 0     0.0 0     0.0 0     0.0 0   -41.3 0   -41.3 0    26.8 0    75.5 0     1.0 0   117.7 0   991.4 0
 1995 242  8 30  2 39  2.650 113.00    -2.2 0    -0.6 0     0.0 0 -9999.9 1   395.7 0   300.9 0   300.4 0   437.0 0   299.8 0   299.7 0     0.0 0     0.0 0     0.0 0   -41.3 0   -41.3 0    26.7 0    75.6 0     1.0 0   125.2 0   991.4 0
 1995 242  8 30  2 42  2.700 113.46    -2.3 0    -0.8 0     0.0 0 -9999.9 1   396.3 0   300.8 0   300.4 0   437.4 0   299.7 0   299.7 0     0.0 0     0.0 0     0.0 0   -41.1 0   -41.1 0    26.7 0    74.4 0     1.0 0   128.2 0   991.4 0
 1995 242  8 30  2 45  2.750 113.92    -2.3 0    -0.8 0     0.1 0 -9999.9 1   396.4 0   300.8 0   300.4 0   437.6 0   299.6 0   299.6 0     0.0 0     0.0 0     0.0 0   -41.2 0   -41.2 0    26.9 0    73.7 0     1.0 0   127.4 0   991.4 0
 1995 242  8 30  2 48  2.800 114.38    -2.3 0    -1.0 0     0.1 0 -9999.9 1   396.7 0   300.7 0   300.3 0   438.1 0   299.6 0   299.6 0     0.0 0     0.0 0     0.0 0   -41.4 0   -41.4 0    27.1 0    72.9 0     1.0 0   126.8 0   991.4 0
 1995 242  8 30  2 51  2.850 114.83    -2.1 0    -1.0 0     0.0 0 -9999.9 1   396.4 0   300.7 0   300.3 0   438.1 0   299.6 0   299.6 0     0.0 0     0.0 0     0.0 0   -41.7 0   -41.7 0    27.2 0    72.4 0     1.2 0   130.0 0   991.5 0
 1995 242  8 30  2 54  2.900 115.28    -2.1 0    -0.9 0     0.0 0 -9999.9 1   395.9 0   300.7 0   300.2 0   437.5 0   299.6 0   299.5 0     0.0 0     0.0 0     0.0 0   -41.7 0   -41.7 0    27.1 0    72.8 0     1.2 0   138.6 0   991.4 0
 1995 242  8 30  2 57  2.950 115.73    -2.0 0    -0.6 0     0.0 0 -9999.9 1   394.9 0   300.6 0   300.2 0   436.2 0   299.5 0   299.5 0     0.0 0     0.0 0     0.0 0   -41.3 0   -41.3 0    26.9 0    74.1 0     1.3 0   137.2 0   991.4 0
 1995 242  8 30  3  0  3.000 116.17    -2.0 0    -0.5 0     0.0 0 -9999.9 1   394.2 0   300.5 0   300.1 0   435.5 0   299.4 0   299.4 0     0.0 0     0.0 0     0.0 0   -41.3 0   -41.3 0    26.7 0    75.3 0     1.3 0   143.4 0   991.4 0
 1995 242  8 30  3  3  3.050 116.60    -2.1 0    -0.5 0     0.0 0 -9999.9 1   393.8 0   300.4 0   300.0 0   435.4 0   299.4 0   299.4 0     0.0 0     0.0 0     0.0 0   -41.6 0   -41.6 0    26.6 0    75.9 0     1.4 0   149.3 0   991.4 0
 1995 242  8 30  3  6  3.100 117.04    -2.1 0    -0.6 0     0.0 0 -9999.9 1   393.5 0   300.4 0   299.9 0   435.4 0   299.3 0   299.3 0     0.0 0     0.0 0     0.0 0   -41.9 0   -41.9 0    26.7 0    75.6 0     1.5 0   155.9 0   991.4 0
 1995 242  8 30  3  9  3.150 117.46    -2.2 0    -0.6 0     0.0 0 -9999.9 1   393.5 0   300.3 0   299.8 0   435.3 0   299.3 0   299.3 0     0.0 0     0.0 0     0.0 0   -41.9 0   -41.9 0    26.6 0    75.1 0     1.6 0   159.9 0   991.4 0
 1995 242  8 30  3 12  3.200 117.89    -2.4 0    -0.5 0     0.0 0 -9999.9 1   392.9 0   300.2 0   299.7 0   434.6 0   299.2 0   299.2 0     0.0 0     0.0 0     0.0 0   -41.7 0   -41.7 0    26.8 0    75.7 0     1.7 0   169.8 0   991.4 0
 1995 242  8 30  3 15  3.250 118.31    -3.2 0    -0.4 0     0.0 0 -9999.9 1   392.0 0   300.1 0   299.7 0   433.6 0   299.2 0   299.1 0     0.0 0     0.0 0     0.0 0   -41.6 0   -41.6 0    26.9 0    76.3 0     1.7 0   180.5 0   991.4 0
 1995 242  8 30  3 18  3.300 118.72    -2.3 0    -0.2 0     0.0 0 -9999.9 1   390.4 0   300.0 0   299.5 0   434.0 0   299.0 0   299.0 0     0.0 0     0.0 0     0.0 0   -43.6 0   -43.6 0    25.8 0    78.6 0     2.2 0   196.1 0   991.4 0
 1995 242  8 30  3 21  3.350 119.13    -1.7 0    -0.1 0     0.0 0 -9999.9 1   389.6 0   299.9 0   299.5 0   432.6 0   298.9 0   298.9 0     0.0 0     0.0 0     0.0 0   -43.0 0   -43.0 0    25.6 0    80.5 0     2.4 0   191.6 0   991.4 0
 1995 242  8 30  3 24  3.400 119.53    -1.9 0    -0.4 0     0.0 0 -9999.9 1   389.7 0   299.8 0   299.4 0   432.7 0   298.8 0   298.8 0     0.0 0     0.0 0     0.0 0   -43.0 0   -43.0 0    25.8 0    80.2 0     2.4 0   182.8 0   991.4 0
 1995 242  8 30  3 27  3.450 119.93    -2.0 0    -0.4 0     0.0 0 -9999.9 1   389.1 0   299.7 0   299.3 0   431.3 0   298.7 0   298.7 0     0.0 0     0.0 0     0.0 0   -42.1 0   -42.1 0    25.8 0    79.9 0     2.1 0   182.6 0   991.4 0
 1995 242  8 30  3 30  3.500 120.33    -1.8 0    -0.4 0     0.1 0 -9999.9 1   389.7 0   299.7 0   299.2 0   431.3 0   298.7 0   298.7 0     0.0 0     0.0 0     0.0 0   -41.6 0   -41.6 0    25.8 0    79.7 0     2.0 0   176.3 0   991.4 0
 1995 242  8 30  3 33  3.550 120.71    -1.9 0    -0.6 0     0.1 0 -9999.9 1   390.1 0   299.6 0   299.2 0   431.9 0   298.6 0   298.6 0     0.0 0     0.0 0     0.0 0   -41.8 0   -41.8 0    25.9 0    78.7 0     2.0 0   177.7 0   991.4 0
 1995 242  8 30  3 36  3.600 121.10    -2.1 0    -0.8 0     0.0 0 -9999.9 1   390.2 0   299.5 0   299.2 0   432.1 0   298.6 0   298.6 0     0.0 0     0.0 0     0.0 0   -42.0 0   -42.0 0    26.0 0    77.7 0     1.9 0   175.5 0   991.4 0
 1995 242  8 30  3 39  3.650 121.47    -2.2 0    -0.6 0     0.0 0 -9999.9 1   389.1 0   299.5 0   299.1 0   431.1 0   298.6 0   298.6 0     0.0 0     0.0 0     0.0 0   -41.9 0   -41.9 0    26.0 0    78.2 0     1.8 0   173.9 0   991.4 0
 1995 242  8 30  3 42  3.700 121.85    -1.6 0    -0.4 0     0.0 0 -9999.9 1   388.7 0   299.5 0   299.0 0   430.8 0   298.5 0   298.5 0     0.0 0     0.0 0     0.0 0   -42.2 0   -42.2 0    25.7 0    79.4 0     1.7 0   168.3 0   991.4 0
 1995 242  8 30  3 45  3.750 122.21    -2.1 0    -0.4 0     0.0 0 -9999.9 1   389.0 0   299.4 0   299.0 0   430.4 0   298.5 0   298.4 0     0.0 0     0.0 0     0.0 0   -41.4 0   -41.4 0    25.4 0    80.6 0     1.7 0   166.9 0   991.5 0
 1995 242  8 30  3 48  3.800 122.57    -2.3 0    -0.4 0     0.0 0 -9999.9 1   388.9 0   299.4 0   299.0 0   429.9 0   298.4 0   298.3 0     0.0 0     0.0 0     0.0 0   -41.0 0   -41.0 0    25.2 0    81.6 0     1.7 0   172.5 0   991.5 0
 1995 242  8 30  3 51  3.850 122.92    -2.0 0    -0.4 0     0.0 0 -9999.9 1   388.3 0   299.3 0   298.9 0   429.1 0   298.3 0   298.2 0     0.0 0     0.0 0     0.0 0   -40.9 0   -40.9 0    25.0 0    82.7 0     1.5 0   169.3 0   991.5 0
 1995 242  8 30  3 54  3.900 123.27    -1.9 0    -0.4 0     0.0 0 -9999.9 1   388.1 0   299.3 0   298.9 0   429.1 0   298.1 0   298.1 0     0.0 0     0.0 0     0.0 0   -41.0 0   -41.0 0    24.9 0    83.3 0     1.7 0   164.4 0   991.5 0
 1995 242  8 30  3 57  3.950 123.61    -2.0 0    -0.5 0     0.0 0 -9999.9 1   388.0 0   299.2 0   298.8 0   429.6 0   298.1 0   298.1 0     0.0 0     0.0 0     0.0 0   -41.6 0   -41.6 0    25.1 0    83.0 0     2.0 0   168.9 0   991.5 0
 1995 242  8 30  4  0  4.000 123.95    -2.1 0    -0.7 0     0.0 0 -9999.9 1   387.8 0   299.2 0   298.8 0   430.0 0   298.0 0   298.0 0     0.0 0     0.0 0     0.0 0   -42.1 0   -42.1 0    25.2 0    82.4 0     2.0 0   173.4 0   991.5 0
 1995 242  8 30  4  3  4.050 124.28    -0.5 0    -0.7 0     0.0 0 -9999.9 1   387.6 0   299.2 0   298.7 0   430.1 0   298.0 0   298.0 0     0.0 0     0.0 0     0.0 0   -42.4 0   -42.4 0    25.5 0    81.8 0     2.1 0   175.2 0   991.5 0
 1995 242  8 30  4  6  4.100 124.60    -2.9 0    -0.6 0     0.0 0 -9999.9 1   387.5 0   299.1 0   298.7 0   429.5 0   298.0 0   298.0 0     0.0 0     0.0 0     0.0 0   -42.0 0   -42.0 0    25.2 0    82.3 0     2.3 0   168.9 0   991.5 0
 1995 242  8 30  4  9  4.150 124.91    -2.1 0    -0.4 0     0.1 0 -9999.9 1   388.0 0   299.1 0   298.6 0   429.4 0   298.0 0   298.0 0     0.0 0     0.0 0     0.0 0   -41.4 0   -41.4 0    25.1 0    82.8 0     2.4 0   166.1 0   991.5 0
 1995 242  8 30  4 12  4.200 125.22    -1.9 0    -0.6 0     0.0 0 -9999.9 1   387.7 0   299.0 0   298.6 0   430.1 0   298.0 0   298.0 0     0.0 0     0.0 0     0.0 0   -42.3 0   -42.3 0    25.2 0    82.8 0     2.4 0   170.2 0   991.5 0
 1995 242  8 30  4 15  4.250 125.52    -2.7 0    -0.6 0     0.0 0 -9999.9 1   387.6 0   299.0 0   298.6 0   430.0 0   298.0 0   298.0 0     0.0 0     0.0 0     0.0 0   -42.4 0   -42.4 0    25.0 0    82.8 0     2.1 0   173.5 0   991.5 0
 1995 242  8 30  4 18  4.300 125.82    -2.9 0    -0.5 0     0.0 0 -9999.9 1   387.5 0   299.0 0   298.6 0   429.7 0   298.0 0   298.0 0     0.0 0     0.0 0     0.0 0   -42.3 0   -42.3 0    25.3 0    83.0 0     2.4 0   170.2 0   991.5 0
 1995 242  8 30  4 21  4.350 126.10    -2.3 0    -0.5 0     0.0 0 -9999.9 1   386.9 0   298.9 0   298.5 0   429.7 0   298.0 0   298.0 0     0.0 0     0.0 0     0.0 0   -42.7 0   -42.7 0    25.2 0    83.7 0     2.7 0   170.9 0   991.5 0
 1995 242  8 30  4 24  4.400 126.38    -1.9 0    -0.4 0     0.0 0 -9999.9 1   386.5 0   298.9 0   298.5 0   429.4 0   298.0 0   297.9 0     0.0 0     0.0 0     0.0 0   -42.8 0   -42.8 0    25.1 0    84.1 0     2.6 0   175.9 0   991.5 0
 1995 242  8 30  4 27  4.450 126.65    -1.4 0    -0.4 0     0.0 0 -9999.9 1   386.1 0   298.9 0   298.4 0   428.7 0   297.9 0   297.9 0     0.0 0     0.0 0     0.0 0   -42.6 0   -42.6 0    24.9 0    84.5 0     2.5 0   176.8 0   991.5 0
 1995 242  8 30  4 30  4.500 126.92    -2.0 0    -0.4 0     0.0 0 -9999.9 1   385.3 0   298.8 0   298.4 0   428.3 0   297.9 0   297.8 0     0.0 0     0.0 0     0.0 0   -43.0 0   -43.0 0    24.9 0    84.7 0     2.3 0   184.0 0   991.5 0
 1995 242  8 30  4 33  4.550 127.17    -3.0 0    -0.4 0     0.0 0 -9999.9 1   384.3 0   298.8 0   298.3 0   427.9 0   297.8 0   297.8 0     0.0 0     0.0 0     0.0 0   -43.6 0   -43.6 0    24.9 0    84.9 0     2.4 0   187.7 0   991.4 0
 1995 242  8 30  4 36  4.600 127.42    -1.5 0    -0.3 0     0.0 0 -9999.9 1   383.6 0   298.7 0   298.3 0   427.0 0   297.7 0   297.7 0     0.0 0     0.0 0     0.0 0   -43.5 0   -43.5 0    24.6 0    85.4 0     2.3 0   184.7 0   991.4 0
 1995 242  8 30  4 39  4.650 127.66    -2.9 0    -0.1 0    -0.1 0 -9999.9 1   381.6 0   298.6 0   298.1 0   424.7 0   297.6 0   297.6 0     0.0 0     0.0 0     0.0 0   -43.1 0   -43.1 0    24.3 0    86.1 0     1.6 0   164.1 0   991.4 0
 1995 242  8 30  4 42  4.700 127.89    -1.0 0     0.2 0    -0.1 0 -9999.9 1   380.0 0   298.5 0   298.0 0   424.2 0   297.4 0   297.3 0     0.0 0     0.0 0     0.0 0   -44.2 0   -44.2 0    23.8 0    87.1 0     0.9 0    93.2 0   991.4 0
 1995 242  8 30  4 45  4.750 128.12    -2.1 0    -0.3 0     0.0 0 -9999.9 1   381.6 0   298.5 0   298.1 0   425.5 0   297.2 0   297.2 0     0.0 0     0.0 0     0.0 0   -43.9 0   -43.9 0    23.5 0    89.1 0     0.9 0   151.8 0   991.4 0
 1995 242  8 30  4 48  4.800 128.33    -2.9 0    -0.5 0     0.0 0 -9999.9 1   381.8 0   298.4 0   298.1 0   425.1 0   297.1 0   297.1 0     0.0 0     0.0 0     0.0 0   -43.2 0   -43.2 0    23.5 0    90.2 0     0.9 0   152.0 0   991.4 0
 1995 242  8 30  4 51  4.850 128.54    -3.6 0    -0.4 0     0.0 0 -9999.9 1   379.8 0   298.4 0   298.0 0   424.0 0   297.0 0   297.0 0     0.0 0     0.0 0     0.0 0   -44.2 0   -44.2 0    23.4 0    90.6 0     0.7 0   132.4 0   991.4 0
 1995 242  8 30  4 54  4.900 128.74    -2.1 0    -0.3 0     0.0 0 -9999.9 1   379.8 0   298.4 0   298.0 0   423.4 0   296.9 0   296.8 0     0.0 0     0.0 0     0.0 0   -43.6 0   -43.6 0    23.2 0    91.0 0     0.8 0   162.8 0   991.4 0
 1995 242  8 30  4 57  4.950 128.93    -2.3 0    -0.4 0     0.0 0 -9999.9 1   379.7 0   298.4 0   298.0 0   423.4 0   296.7 0   296.7 0     0.0 0     0.0 0     0.0 0   -43.7 0   -43.7 0    23.2 0    91.4 0     1.1 0   180.9 0   991.4 0
 1995 242  8 30  5  0  5.000 129.11    -2.0 0    -0.4 0     0.0 0 -9999.9 1   379.4 0   298.3 0   297.9 0   423.1 0   296.6 0   296.6 0     0.0 0     0.0 0     0.0 0   -43.7 0   -43.7 0    23.2 0    91.6 0     1.3 0   187.1 0   991.3 0
 1995 242  8 30  5  3  5.050 129.28    -2.3 0    -0.4 0     0.0 0 -9999.9 1   379.8 0   298.3 0   297.9 0   423.2 0   296.5 0   296.5 0     0.0 0     0.0 0     0.0 0   -43.4 0   -43.4 0    23.2 0    91.7 0     1.4 0   189.3 0   991.3 0
 1995 242  8 30  5  6  5.100 129.44    -2.0 0    -0.4 0     0.0 0 -9999.9 1   379.2 0   298.3 0   297.9 0   423.1 0   296.5 0   296.5 0     0.0 0     0.0 0     0.0 0   -43.9 0   -43.9 0    23.2 0    91.8 0     1.2 0   187.5 0   991.3 0
 1995 242  8 30  5  9  5.150 129.60    -2.3 0    -0.4 0     0.0 0 -9999.9 1   377.9 0   298.2 0   297.8 0   422.2 0   296.4 0   296.4 0     0.0 0     0.0 0     0.0 0   -44.3 0   -44.3 0    23.2 0    91.8 0     1.0 0   188.8 0   991.3 0
 1995 242  8 30  5 12  5.200 129.74    -1.8 0    -0.4 0     0.0 0 -9999.9 1   377.8 0   298.2 0   297.8 0   421.7 0   296.3 0   296.3 0     0.0 0     0.0 0     0.0 0   -43.9 0   -43.9 0    23.1 0    91.9 0     1.1 0   186.7 0   991.3 0
 1995 242  8 30  5 15  5.250 129.88     1.2 0    -0.4 0     0.0 0 -9999.9 1   377.8 0   298.2 0   297.8 0   421.1 0   296.2 0   296.2 0     0.0 0     0.0 0     0.0 0   -43.3 0   -43.3 0    23.0 0    92.2 0     1.3 0   187.1 0   991.3 0
 1995 242  8 30  5 18  5.300 130.01    -2.8 0    -0.4 0     0.0 0 -9999.9 1   378.2 0   298.1 0   297.7 0   421.2 0   296.2 0   296.1 0     0.0 0     0.0 0     0.0 0   -43.0 0   -43.0 0    22.9 0    92.2 0     1.4 0   189.4 0   991.3 0
 1995 242  8 30  5 21  5.350 130.13    -2.8 0    -0.4 0     0.0 0 -9999.9 1   378.6 0   298.1 0   297.7 0   421.3 0   296.1 0   296.1 0     0.0 0     0.0 0     0.0 0   -42.7 0   -42.7 0    22.9 0    92.3 0     1.6 0   194.6 0   991.3 0
 1995 242  8 30  5 24  5.400 130.23    -1.8 0    -0.4 0     0.0 0 -9999.9 1   379.1 0   298.0 0   297.6 0   421.4 0   296.0 0   296.0 0     0.0 0     0.0 0     0.0 0   -42.3 0   -42.3 0    22.9 0    92.4 0     1.7 0   192.4 0   991.3 0
 1995 242  8 30  5 27  5.450 130.33    -2.6 0    -0.4 0     0.0 0 -9999.9 1   379.1 0   298.0 0   297.6 0   421.7 0   296.0 0   296.0 0     0.0 0     0.0 0     0.0 0   -42.5 0   -42.5 0    23.0 0    92.3 0     1.9 0   188.3 0   991.3 0
 1995 242  8 30  5 30  5.500 130.42    -0.5 0    -0.4 0     0.0 0 -9999.9 1   379.1 0   298.0 0   297.6 0   421.7 0   296.0 0   296.0 0     0.0 0     0.0 0     0.0 0   -42.5 0   -42.5 0    22.6 0    92.4 0     2.1 0   183.2 0   991.3 0
 1995 242  8 30  5 33  5.550 130.50    -2.3 0    -0.4 0     0.0 0 -9999.9 1   378.9 0   297.9 0   297.5 0   421.5 0   295.9 0   296.0 0     0.0 0     0.0 0     0.0 0   -42.6 0   -42.6 0    23.1 0    92.1 0     2.3 0   183.1 0   991.3 0
 1995 242  8 30  5 36  5.600 130.57    -1.8 0    -0.5 0     0.0 0 -9999.9 1   378.8 0   297.9 0   297.5 0   421.3 0   295.9 0   296.0 0     0.0 0     0.0 0     0.0 0   -42.5 0   -42.5 0    23.1 0    91.9 0     2.4 0   184.0 0   991.3 0
 1995 242  8 30  5 39  5.650 130.63    -1.0 0    -0.4 0     0.0 0 -9999.9 1   378.3 0   297.8 0   297.4 0   420.8 0   295.9 0   296.0 0     0.0 0     0.0 0     0.0 0   -42.5 0   -42.5 0    23.1 0    91.7 0     2.2 0   179.1 0   991.3 0
 1995 242  8 30  5 42  5.700 130.68    -2.8 0    -0.4 0     0.0 0 -9999.9 1   378.0 0   297.8 0   297.3 0   420.2 0   295.9 0   295.9 0     0.0 0     0.0 0     0.0 0   -42.2 0   -42.2 0    23.0 0    91.7 0     2.1 0   174.1 0   991.4 0
 1995 242  8 30  5 45  5.750 130.72    -2.0 0    -0.2 0    -0.1 0 -9999.9 1   377.5 0   297.7 0   297.2 0   419.6 0   295.9 0   295.8 0     0.0 0     0.0 0     0.0 0   -42.1 0   -42.1 0    22.8 0    91.9 0     1.6 0   162.4 0   991.4 0
 1995 242  8 30  5 48  5.800 130.75    -2.7 0    -0.2 0     0.0 0 -9999.9 1   378.3 0   297.6 0   297.1 0   421.0 0   295.8 0   295.8 0     0.0 0     0.0 0     0.0 0   -42.7 0   -42.7 0    22.6 0    92.1 0     1.2 0   141.6 0   991.4 0
 1995 242  8 30  5 51  5.850 130.78    -1.8 0    -0.3 0     0.0 0 -9999.9 1   378.5 0   297.5 0   297.0 0   421.5 0   295.7 0   295.7 0     0.0 0     0.0 0     0.0 0   -43.0 0   -43.0 0    22.5 0    92.3 0     1.1 0   135.4 0   991.4 0
 1995 242  8 30  5 54  5.900 130.79    -2.9 0    -0.3 0     0.0 0 -9999.9 1   378.8 0   297.5 0   297.0 0   421.2 0   295.6 0   295.6 0     0.0 0     0.0 0     0.0 0   -42.4 0   -42.4 0    22.5 0    92.5 0     1.1 0   122.1 0   991.4 0
 1995 242  8 30  5 57  5.950 130.79    -1.8 0    -0.3 0     0.0 0 -9999.9 1   379.0 0   297.5 0   297.0 0   420.6 0   295.6 0   295.6 0     0.0 0     0.0 0     0.0 0   -41.5 0   -41.5 0    22.4 0    92.8 0     1.3 0   135.6 0   991.4 0
 1995 242  8 30  6  0  6.000 130.78    -2.6 0    -0.3 0     0.0 0 -9999.9 1   379.3 0   297.4 0   297.0 0   420.2 0   295.5 0   295.5 0     0.0 0     0.0 0     0.0 0   -40.8 0   -40.8 0    22.4 0    93.0 0     1.4 0   149.2 0   991.4 0
 1995 242  8 30  6  3  6.050 130.76    -3.2 0    -0.4 0     0.0 0 -9999.9 1   379.5 0   297.4 0   297.0 0   420.4 0   295.5 0   295.5 0     0.0 0     0.0 0     0.0 0   -40.9 0   -40.9 0    22.5 0    92.9 0     1.6 0   157.1 0   991.4 0
 1995 242  8 30  6  6  6.100 130.74    -0.8 0    -0.4 0     0.0 0 -9999.9 1   379.9 0   297.3 0   296.9 0   420.6 0   295.5 0   295.5 0     0.0 0     0.0 0     0.0 0   -40.7 0   -40.7 0    22.6 0    92.8 0     1.8 0   163.4 0   991.4 0
 1995 242  8 30  6  9  6.150 130.70    -3.1 0    -0.4 0     0.0 0 -9999.9 1   380.2 0   297.3 0   296.9 0   420.7 0   295.5 0   295.5 0     0.0 0     0.0 0     0.0 0   -40.5 0   -40.5 0    22.6 0    92.6 0     1.7 0   171.7 0   991.4 0
 1995 242  8 30  6 12  6.200 130.65    -1.2 0    -0.4 0     0.0 0 -9999.9 1   380.1 0   297.3 0   296.9 0   420.4 0   295.5 0   295.5 0     0.0 0     0.0 0     0.0 0   -40.3 0   -40.3 0    22.7 0    92.4 0     1.7 0   174.2 0   991.4 0
 1995 242  8 30  6 15  6.250 130.59    -5.5 0    -0.3 0     0.0 0 -9999.9 1   380.0 0   297.2 0   296.8 0   420.2 0   295.5 0   295.5 0     0.0 0     0.0 0     0.0 0   -40.2 0   -40.2 0    22.9 0    92.2 0     1.6 0   167.1 0   991.3 0
 1995 242  8 30  6 18  6.300 130.53    -8.3 0    -0.3 0     0.0 0 -9999.9 1   379.4 0   297.2 0   296.8 0   419.9 0   295.5 0   295.5 0     0.0 0     0.0 0     0.0 0   -40.6 0   -40.6 0    22.6 0    92.3 0     1.8 0   158.3 0   991.3 0
 1995 242  8 30  6 21  6.350 130.45    -3.3 0    -0.4 0     0.0 0 -9999.9 1   379.5 0   297.2 0   296.7 0   420.3 0   295.5 0   295.5 0     0.0 0     0.0 0     0.0 0   -40.7 0   -40.7 0    22.5 0    92.3 0     2.3 0   150.0 0   991.4 0
 1995 242  8 30  6 24  6.400 130.36    -2.4 0    -0.3 0     0.0 0 -9999.9 1   379.8 0   297.1 0   296.8 0   419.6 0   295.5 0   295.5 0     0.0 0     0.0 0     0.0 0   -39.7 0   -39.7 0    22.7 0    92.2 0     1.7 0   154.3 0   991.3 0
 1995 242  8 30  6 27  6.450 130.27    -2.4 0    -0.1 0     0.0 0 -9999.9 1   378.7 0   297.1 0   296.7 0   418.4 0   295.4 0   295.4 0     0.0 0     0.0 0     0.0 0   -39.7 0   -39.7 0    22.5 0    92.2 0     1.7 0   143.9 0   991.4 0
 1995 242  8 30  6 30  6.500 130.16    -2.1 0    -0.2 0     0.0 0 -9999.9 1   378.4 0   297.1 0   296.7 0   418.6 0   295.3 0   295.3 0     0.0 0     0.0 0     0.0 0   -40.2 0   -40.2 0    22.3 0    92.4 0     1.9 0   138.5 0   991.4 0
 1995 242  8 30  6 33  6.550 130.05    -3.2 0    -0.2 0     0.0 0 -9999.9 1   378.0 0   297.1 0   296.6 0   418.8 0   295.3 0   295.3 0     0.0 0     0.0 0     0.0 0   -40.7 0   -40.7 0    22.2 0    92.6 0     1.7 0   135.8 0   991.4 0
 1995 242  8 30  6 36  6.600 129.93    -2.5 0    -0.2 0     0.0 0 -9999.9 1   377.4 0   297.0 0   296.6 0   418.2 0   295.2 0   295.2 0     0.0 0     0.0 0     0.0 0   -40.8 0   -40.8 0    22.1 0    92.6 0     1.5 0   124.8 0   991.3 0
 1995 242  8 30  6 39  6.650 129.79    -0.6 0    -0.2 0     0.0 0 -9999.9 1   377.4 0   297.0 0   296.6 0   418.2 0   295.1 0   295.1 0     0.0 0     0.0 0     0.0 0   -40.8 0   -40.8 0    21.7 0    93.1 0     1.4 0   134.5 0   991.3 0
 1995 242  8 30  6 42  6.700 129.65    -3.0 0    -0.3 0     0.0 0 -9999.9 1   378.4 0   297.0 0   296.6 0   418.1 0   295.0 0   295.0 0     0.0 0     0.0 0     0.0 0   -39.8 0   -39.8 0    21.9 0    93.1 0     1.2 0   138.7 0   991.3 0
 1995 242  8 30  6 45  6.750 129.50    -2.3 0    -0.3 0     0.0 0 -9999.9 1   378.6 0   297.0 0   296.6 0   417.9 0   295.0 0   295.0 0     0.0 0     0.0 0     0.0 0   -39.3 0   -39.3 0    21.8 0    93.3 0     1.2 0   156.8 0   991.3 0
 1995 242  8 30  6 48  6.800 129.34    -1.8 0    -0.3 0     0.0 0 -9999.9 1   378.9 0   297.0 0   296.6 0   417.9 0   294.9 0   294.9 0     0.0 0     0.0 0     0.0 0   -39.1 0   -39.1 0    21.9 0    93.4 0     1.1 0   176.0 0   991.3 0
 1995 242  8 30  6 51  6.850 129.17    -3.8 0    -0.3 0     0.1 0 -9999.9 1   379.1 0   297.0 0   296.6 0   418.0 0   294.9 0   294.9 0     0.0 0     0.0 0     0.0 0   -38.9 0   -38.9 0    21.8 0    93.4 0     1.1 0   183.0 0   991.2 0
 1995 242  8 30  6 54  6.900 128.99    -0.7 0    -0.3 0     0.0 0 -9999.9 1   378.7 0   297.0 0   296.7 0   417.8 0   294.8 0   294.8 0     0.0 0     0.0 0     0.0 0   -39.1 0   -39.1 0    21.8 0    93.4 0     1.2 0   183.4 0   991.2 0
 1995 242  8 30  6 57  6.950 128.81    -3.5 0    -0.4 0     0.0 0 -9999.9 1   379.1 0   297.0 0   296.7 0   417.8 0   294.8 0   294.8 0     0.0 0     0.0 0     0.0 0   -38.7 0   -38.7 0    21.9 0    93.4 0     1.3 0   193.0 0   991.2 0
 1995 242  8 30  7  0  7.000 128.61    -2.3 0    -0.4 0     0.0 0 -9999.9 1   379.3 0   297.0 0   296.7 0   417.8 0   294.8 0   294.8 0     0.0 0     0.0 0     0.0 0   -38.5 0   -38.5 0    22.0 0    93.3 0     1.5 0   198.4 0   991.2 0
 1995 242  8 30  7  3  7.050 128.41    -2.2 0    -0.3 0     0.0 0 -9999.9 1   379.0 0   297.0 0   296.7 0   417.5 0   294.7 0   294.7 0     0.0 0     0.0 0     0.0 0   -38.5 0   -38.5 0    22.2 0    93.1 0     1.5 0   200.2 0   991.2 0
 1995 242  8 30  7  6  7.100 128.19    -2.7 0    -0.4 0     0.0 0 -9999.9 1   379.2 0   297.0 0   296.7 0   417.5 0   294.7 0   294.7 0     0.0 0     0.0 0     0.0 0   -38.3 0   -38.3 0    21.9 0    93.2 0     1.6 0   199.0 0   991.2 0
 1995 242  8 30  7  9  7.150 127.97    -3.5 0    -0.5 0     0.0 0 -9999.9 1   379.8 0   297.0 0   296.6 0   417.7 0   294.7 0   294.7 0     0.0 0     0.0 0     0.0 0   -37.9 0   -37.9 0    22.1 0    93.1 0     1.7 0   197.1 0   991.2 0
 1995 242  8 30  7 12  7.200 127.74    -1.9 0    -0.5 0     0.1 0 -9999.9 1   380.3 0   297.0 0   296.6 0   418.2 0   294.7 0   294.7 0     0.0 0     0.0 0     0.0 0   -38.0 0   -38.0 0    22.2 0    93.0 0     1.5 0   197.3 0   991.2 0
 1995 242  8 30  7 15  7.250 127.51    -2.2 0    -0.6 0     0.1 0 -9999.9 1   380.7 0   297.0 0   296.6 0   418.6 0   294.7 0   294.8 0     0.0 0     0.0 0     0.0 0   -38.0 0   -38.0 0    22.3 0    92.9 0     1.5 0   197.2 0   991.2 0
 1995 242  8 30  7 18  7.300 127.26    -3.1 0    -0.5 0     0.0 0 -9999.9 1   380.6 0   297.0 0   296.6 0   418.7 0   294.8 0   294.8 0     0.0 0     0.0 0     0.0 0   -38.1 0   -38.1 0    22.5 0    92.7 0     1.6 0   197.4 0   991.2 0
 1995 242  8 30  7 21  7.350 127.01    -2.3 0    -0.6 0     0.0 0 -9999.9 1   380.7 0   297.0 0   296.6 0   418.8 0   294.8 0   294.8 0     0.0 0     0.0 0     0.0 0   -38.1 0   -38.1 0    22.6 0    92.5 0     1.6 0   201.9 0   991.2 0
 1995 242  8 30  7 24  7.400 126.75    -2.0 0    -0.6 0     0.1 0 -9999.9 1   380.7 0   297.0 0   296.6 0   418.7 0   294.9 0   294.9 0     0.0 0     0.0 0     0.0 0   -38.0 0   -38.0 0    22.6 0    92.3 0     1.7 0   203.8 0   991.2 0
 1995 242  8 30  7 27  7.450 126.48    -2.1 0    -0.5 0     0.1 0 -9999.9 1   380.3 0   296.9 0   296.6 0   418.4 0   294.9 0   294.9 0     0.0 0     0.0 0     0.0 0   -38.2 0   -38.2 0    22.6 0    92.2 0     1.6 0   205.9 0   991.1 0
 1995 242  8 30  7 30  7.500 126.20    -1.9 0    -0.5 0     0.1 0 -9999.9 1   380.4 0   296.9 0   296.6 0   418.5 0   294.9 0   295.0 0     0.0 0     0.0 0     0.0 0   -38.1 0   -38.1 0    22.7 0    92.2 0     1.5 0   209.5 0   991.1 0
 1995 242  8 30  7 33  7.550 125.92    -0.5 0    -0.5 0     0.1 0 -9999.9 1   380.3 0   296.9 0   296.6 0   418.4 0   295.0 0   295.0 0     0.0 0     0.0 0     0.0 0   -38.1 0   -38.1 0    22.5 0    92.3 0     1.5 0   208.9 0   991.1 0
 1995 242  8 30  7 36  7.600 125.63    -1.9 0    -0.5 0     0.0 0 -9999.9 1   380.6 0   296.9 0   296.6 0   418.6 0   295.0 0   295.0 0     0.0 0     0.0 0     0.0 0   -37.9 0   -37.9 0    22.7 0    92.1 0     1.4 0   211.6 0   991.1 0
 1995 242  8 30  7 39  7.650 125.33    -2.1 0    -0.4 0     0.0 0 -9999.9 1   380.4 0   296.9 0   296.5 0   418.2 0   295.0 0   295.0 0     0.0 0     0.0 0     0.0 0   -37.7 0   -37.7 0    22.7 0    92.0 0     1.3 0   212.3 0   991.1 0
 1995 242  8 30  7 42  7.700 125.02    -3.1 0    -0.4 0     0.0 0 -9999.9 1   379.8 0   296.9 0   296.5 0   417.7 0   295.0 0   295.0 0     0.0 0     0.0 0     0.0 0   -37.8 0   -37.8 0    22.8 0    92.0 0     1.3 0   206.9 0   991.1 0
 1995 242  8 30  7 45  7.750 124.71    -1.8 0    -0.4 0     0.0 0 -9999.9 1   379.3 0   296.8 0   296.4 0   417.2 0   295.0 0   295.0 0     0.0 0     0.0 0     0.0 0   -37.9 0   -37.9 0    22.6 0    92.0 0     1.3 0   199.4 0   991.1 0
 1995 242  8 30  7 48  7.800 124.39    -1.9 0    -0.4 0     0.0 0 -9999.9 1   379.2 0   296.8 0   296.4 0   416.8 0   295.0 0   295.0 0     0.0 0     0.0 0     0.0 0   -37.6 0   -37.6 0    22.3 0    92.2 0     1.3 0   195.0 0   991.1 0
 1995 242  8 30  7 51  7.850 124.06    -1.2 0    -0.4 0     0.0 0 -9999.9 1   379.3 0   296.7 0   296.4 0   416.8 0   295.0 0   295.0 0     0.0 0     0.0 0     0.0 0   -37.5 0   -37.5 0    22.3 0    92.3 0     1.2 0   194.8 0   991.1 0
 1995 242  8 30  7 54  7.900 123.73    -1.9 0    -0.4 0     0.0 0 -9999.9 1   379.2 0   296.7 0   296.3 0   416.7 0   295.0 0   295.0 0     0.0 0     0.0 0     0.0 0   -37.5 0   -37.5 0    22.1 0    92.6 0     1.2 0   190.5 0   991.1 0
 1995 242  8 30  7 57  7.950 123.39    -2.0 0    -0.4 0     0.0 0 -9999.9 1   379.3 0   296.7 0   296.3 0   416.8 0   294.9 0   294.9 0     0.0 0     0.0 0     0.0 0   -37.5 0   -37.5 0    22.3 0    92.6 0     1.2 0   191.6 0   991.1 0
 1995 242  8 30  8  0  8.000 123.05    -2.1 0    -0.4 0     0.0 0 -9999.9 1   379.4 0   296.7 0   296.3 0   417.1 0   294.9 0   294.9 0     0.0 0     0.0 0     0.0 0   -37.7 0   -37.7 0    22.2 0    92.8 0     1.3 0   193.5 0   991.1 0
 1995 242  8 30  8  3  8.050 122.70    -2.6 0    -0.4 0     0.0 0 -9999.9 1   379.3 0   296.6 0   296.3 0   417.2 0   294.9 0   294.9 0     0.0 0     0.0 0     0.0 0   -38.0 0   -38.0 0    22.2 0    92.9 0     1.2 0   186.0 0   991.1 0
 1995 242  8 30  8  6  8.100 122.34    -2.5 0    -0.4 0     0.0 0 -9999.9 1   379.5 0   296.6 0   296.3 0   417.2 0   294.8 0   294.9 0     0.0 0     0.0 0     0.0 0   -37.7 0   -37.7 0    22.0 0    92.9 0     1.2 0   182.7 0   991.1 0
 1995 242  8 30  8  9  8.150 121.98    -2.5 0    -0.4 0     0.0 0 -9999.9 1   379.6 0   296.6 0   296.3 0   417.0 0   294.8 0   294.9 0     0.0 0     0.0 0     0.0 0   -37.4 0   -37.4 0    22.2 0    93.0 0     1.3 0   184.9 0   991.1 0
 1995 242  8 30  8 12  8.200 121.61    -1.6 0    -0.4 0     0.0 0 -9999.9 1   379.1 0   296.7 0   296.3 0   416.8 0   294.8 0   294.8 0     0.0 0     0.0 0     0.0 0   -37.7 0   -37.7 0    22.0 0    93.0 0     1.4 0   182.1 0   991.1 0
 1995 242  8 30  8 15  8.250 121.23    -0.7 0    -0.4 0     0.0 0 -9999.9 1   379.0 0   296.7 0   296.3 0   416.6 0   294.8 0   294.8 0     0.0 0     0.0 0     0.0 0   -37.6 0   -37.6 0    22.1 0    93.0 0     1.4 0   181.4 0   991.1 0
 1995 242  8 30  8 18  8.300 120.85    -2.0 0    -0.4 0     0.0 0 -9999.9 1   378.6 0   296.7 0   296.3 0   416.4 0   294.8 0   294.8 0     0.0 0     0.0 0     0.0 0   -37.8 0   -37.8 0    22.0 0    93.1 0     1.1 0   178.8 0   991.1 0
 1995 242  8 30  8 21  8.350 120.46    -1.9 0    -0.4 0     0.0 0 -9999.9 1   378.1 0   296.7 0   296.3 0   416.3 0   294.7 0   294.7 0     0.0 0     0.0 0     0.0 0   -38.2 0   -38.2 0    21.8 0    93.1 0     0.9 0   164.1 0   991.1 0
 1995 242  8 30  8 24  8.400 120.07    -1.4 0    -0.4 0    -0.1 0 -9999.9 1   377.5 0   296.7 0   296.2 0   415.4 0   294.7 0   294.7 0     0.0 0     0.0 0     0.0 0   -37.9 0   -37.9 0    21.8 0    93.3 0     0.9 0   147.7 0   991.1 0
 1995 242  8 30  8 27  8.450 119.68    -1.9 0    -0.2 0     0.0 0 -9999.9 1   376.6 0   296.6 0   296.2 0   415.0 0   294.6 0   294.6 0     0.0 0     0.0 0     0.0 0   -38.4 0   -38.4 0    21.7 0    93.4 0     1.2 0   122.5 0   991.0 0
 1995 242  8 30  8 30  8.500 119.27    -2.3 0    -0.3 0     0.0 0 -9999.9 1   376.6 0   296.6 0   296.1 0   414.7 0   294.6 0   294.6 0     0.0 0     0.0 0     0.0 0   -38.2 0   -38.2 0    21.7 0    93.6 0     1.3 0   134.3 0   991.1 0
 1995 242  8 30  8 33  8.550 118.87    -2.7 0    -0.4 0     0.0 0 -9999.9 1   377.1 0   296.5 0   296.1 0   415.2 0   294.5 0   294.5 0     0.0 0     0.0 0     0.0 0   -38.0 0   -38.0 0    21.7 0    93.8 0     1.3 0   146.5 0   991.1 0
 1995 242  8 30  8 36  8.600 118.45    -2.3 0    -0.5 0     0.0 0 -9999.9 1   377.3 0   296.5 0   296.1 0   415.4 0   294.5 0   294.5 0     0.0 0     0.0 0     0.0 0   -38.2 0   -38.2 0    21.8 0    93.9 0     1.4 0   148.7 0   991.1 0
 1995 242  8 30  8 39  8.650 118.04    -2.4 0    -0.4 0     0.0 0 -9999.9 1   377.2 0   296.4 0   296.0 0   415.8 0   294.5 0   294.5 0     0.0 0     0.0 0     0.0 0   -38.5 0   -38.5 0    21.7 0    94.0 0     1.4 0   142.5 0   991.1 0
