 Bondville
   40.05  -88.37  213 m version 1
 1995 255  9 12 21 30 21.500  60.80   115.3 0    24.2 0     0.0 0 -9999.9 1   410.6 0   301.9 0   301.7 0   442.7 0   298.1 0   298.2 0    14.6 0    54.9 0    91.1 0   -32.1 0    58.9 0    24.6 0    64.0 0     4.2 0   183.3 0   988.0 0
 1995 255  9 12 21 33 21.550  61.34    99.1 0    21.3 0    -0.1 0 -9999.9 1   416.8 0   301.9 0   300.7 0   441.1 0   298.2 0   298.2 0    12.0 0    43.3 0    77.8 0   -24.3 0    53.5 0    24.6 0    63.4 0     4.6 0   186.3 0   988.0 0
 1995 255  9 12 21 36 21.600  61.88   117.2 0    25.5 0     3.1 0 -9999.9 1   419.6 0   301.0 0   298.4 0   441.1 0   298.2 0   298.2 0    12.9 0    43.5 0    91.7 0   -21.6 0    70.1 0    24.3 0    63.2 0     4.8 0   184.1 0   988.0 0
 1995 255  9 12 21 39 21.650  62.42   143.5 0    31.4 0     3.9 0 -9999.9 1   412.9 0   300.4 0   298.9 0   443.0 0   298.2 0   298.3 0    15.6 0    53.5 0   112.1 0   -30.1 0    82.1 0    24.7 0    63.4 0     3.8 0   184.3 0   988.0 0
 1995 255  9 12 21 42 21.700  62.96   161.4 0    34.6 0     0.4 0 -9999.9 1   409.2 0   300.3 0   299.3 0   444.0 0   298.2 0   298.4 0    18.0 0    59.6 0   126.7 0   -34.9 0    91.9 0    24.6 0    63.3 0     4.2 0   184.2 0   987.9 0
 1995 255  9 12 21 45 21.750  63.50   167.8 0    35.6 0    -0.1 0 -9999.9 1   406.5 0   300.3 0   299.7 0   445.1 0   298.3 0   298.4 0    19.3 0    61.3 0   132.2 0   -38.5 0    93.7 0    25.1 0    63.2 0     4.1 0   180.5 0   987.9 0
 1995 255  9 12 21 48 21.800  64.05   157.8 0    33.4 0     0.9 0 -9999.9 1   404.8 0   300.4 0   300.0 0   444.8 0   298.3 0   298.4 0    18.5 0    57.4 0   124.5 0   -40.0 0    84.5 0    24.8 0    63.3 0     4.0 0   183.7 0   987.8 0
 1995 255  9 12 21 51 21.850  64.60   146.7 0    30.7 0    -0.2 0 -9999.9 1   405.5 0   300.6 0   300.3 0   444.0 0   298.4 0   298.5 0    16.9 0    52.7 0   116.1 0   -38.5 0    77.6 0    24.7 0    63.3 0     4.2 0   183.1 0   987.8 0
 1995 255  9 12 21 54 21.900  65.15   136.3 0    28.8 0    -0.3 0 -9999.9 1   407.2 0   300.7 0   300.4 0   443.7 0   298.4 0   298.5 0    15.5 0    48.8 0   107.5 0   -36.5 0    71.0 0    24.5 0    63.8 0     3.6 0   186.7 0   987.8 0
 1995 255  9 12 21 57 21.950  65.70   125.7 0    26.5 0    -0.5 0 -9999.9 1   409.3 0   300.8 0   300.4 0   443.3 0   298.4 0   298.5 0    14.1 0    45.0 0    99.2 0   -34.0 0    65.2 0    24.2 0    64.0 0     3.5 0   179.0 0   987.8 0
 1995 255  9 12 22  0 22.000  66.25   100.3 0    21.6 0    -0.7 0 -9999.9 1   415.3 0   300.8 0   300.5 0   442.4 0   298.4 0   298.5 0    11.3 0    35.9 0    78.6 0   -27.1 0    51.5 0    24.6 0    64.1 0     3.7 0   181.9 0   987.8 0
 1995 255  9 12 22  3 22.050  66.80    88.2 0    19.1 0    -1.3 0 -9999.9 1   419.5 0   300.9 0   300.5 0   441.7 0   298.4 0   298.4 0     9.8 0    31.3 0    69.1 0   -22.2 0    46.9 0    24.6 0    63.9 0     4.6 0   184.5 0   987.8 0
 1995 255  9 12 22  6 22.100  67.36    80.4 0    17.8 0    -1.2 0 -9999.9 1   420.8 0   300.9 0   300.5 0   441.2 0   298.3 0   298.4 0     8.5 0    28.3 0    62.6 0   -20.4 0    42.1 0    24.6 0    64.2 0     3.8 0   184.4 0   987.8 0
 1995 255  9 12 22  9 22.150  67.91    96.1 0    20.7 0    -0.9 0 -9999.9 1   418.5 0   300.9 0   300.5 0   441.8 0   298.3 0   298.4 0     9.8 0    33.6 0    75.4 0   -23.3 0    52.1 0    24.6 0    64.3 0     4.7 0   184.7 0   987.9 0
 1995 255  9 12 22 12 22.200  68.47   103.3 0    22.2 0    -0.6 0 -9999.9 1   417.9 0   301.0 0   300.6 0   442.4 0   298.3 0   298.4 0    10.2 0    36.0 0    81.1 0   -24.5 0    56.7 0    24.6 0    64.3 0     4.8 0   184.1 0   987.9 0
 1995 255  9 12 22 15 22.250  69.03   114.6 0    23.9 0    -0.4 0 -9999.9 1   413.6 0   301.0 0   300.6 0   442.8 0   298.3 0   298.3 0    11.3 0    39.8 0    90.7 0   -29.2 0    61.5 0    24.6 0    64.5 0     4.7 0   185.5 0   987.9 0
 1995 255  9 12 22 18 22.300  69.59   101.2 0    21.0 0    -0.5 0 -9999.9 1   413.8 0   301.0 0   300.6 0   442.3 0   298.3 0   298.3 0    10.2 0    35.2 0    80.2 0   -28.6 0    51.6 0    24.5 0    64.7 0     5.0 0   186.1 0   987.9 0
 1995 255  9 12 22 21 22.350  70.15    73.1 0    15.5 0    -1.0 0 -9999.9 1   416.9 0   301.1 0   300.6 0   441.1 0   298.2 0   298.3 0     7.7 0    25.5 0    57.6 0   -24.1 0    33.5 0    24.5 0    64.8 0     5.5 0   184.7 0   987.8 0
 1995 255  9 12 22 24 22.400  70.71    45.6 0    10.4 0    -1.3 0 -9999.9 1   420.0 0   301.0 0   300.5 0   439.4 0   298.2 0   298.2 0     5.1 0    16.5 0    35.2 0   -19.3 0    15.9 0    24.5 0    65.1 0     4.4 0   190.4 0   987.9 0
 1995 255  9 12 22 27 22.450  71.28    36.4 0     8.6 0    -1.6 0 -9999.9 1   420.9 0   301.0 0   300.4 0   438.5 0   298.1 0   298.1 0     3.9 0    13.2 0    27.8 0   -17.6 0    10.2 0    24.3 0    65.0 0     5.4 0   190.4 0   987.9 0
 1995 255  9 12 22 30 22.500  71.84    38.6 0     8.9 0    -1.3 0 -9999.9 1   420.4 0   301.0 0   300.4 0   438.4 0   298.0 0   298.0 0     4.0 0    14.1 0    29.7 0   -18.0 0    11.7 0    24.3 0    64.6 0     5.4 0   190.4 0   987.9 0
 1995 255  9 12 22 33 22.550  72.40    36.5 0     8.8 0    -1.0 0 -9999.9 1   420.6 0   300.9 0   300.4 0   438.1 0   298.0 0   298.0 0     3.6 0    13.3 0    27.7 0   -17.6 0    10.2 0    24.3 0    64.5 0     5.7 0   192.6 0   988.0 0
 1995 255  9 12 22 36 22.600  72.97    38.0 0     9.3 0    -0.7 0 -9999.9 1   419.7 0   300.9 0   300.3 0   438.3 0   297.9 0   297.9 0     3.6 0    13.7 0    28.7 0   -18.6 0    10.1 0    24.5 0    64.4 0     5.7 0   196.6 0   988.0 0
 1995 255  9 12 22 39 22.650  73.54    53.4 0    12.3 0    -0.4 0 -9999.9 1   416.7 0   300.9 0   300.4 0   438.6 0   297.8 0   297.9 0     4.5 0    18.6 0    41.1 0   -21.9 0    19.2 0    24.2 0    64.4 0     5.6 0   197.9 0   987.9 0
 1995 255  9 12 22 42 22.700  74.10    69.1 0    15.7 0    -0.1 0 -9999.9 1   412.8 0   300.9 0   300.6 0   438.9 0   297.8 0   297.8 0     5.2 0    23.7 0    53.3 0   -26.0 0    27.3 0    24.3 0    64.3 0     5.6 0   202.4 0   987.8 0
 1995 255  9 12 22 45 22.750  74.67    93.3 0    21.0 0     0.4 0 -9999.9 1   406.9 0   301.0 0   300.7 0   439.9 0   297.8 0   297.9 0     6.4 0    31.6 0    72.3 0   -33.0 0    39.4 0    24.1 0    64.3 0     4.7 0   205.4 0   987.8 0
 1995 255  9 12 22 48 22.800  75.24   115.0 0    25.9 0     7.8 0 -9999.9 1   402.2 0   301.1 0   300.8 0   440.6 0   297.8 0   297.9 0     7.1 0    38.7 0    89.1 0   -38.4 0    50.7 0    24.2 0    64.2 0     5.0 0   204.4 0   987.8 0
 1995 255  9 12 22 51 22.850  75.81   135.0 0    30.2 0     0.3 0 -9999.9 1   403.2 0   301.2 0   300.9 0   441.5 0   297.8 0   297.9 0     7.0 0    45.3 0   104.7 0   -38.3 0    66.4 0    24.2 0    64.3 0     4.4 0   204.4 0   987.8 0
 1995 255  9 12 22 54 22.900  76.37   137.6 0    30.4 0     0.2 0 -9999.9 1   401.6 0   301.3 0   301.0 0   441.8 0   297.8 0   297.9 0     7.0 0    46.2 0   107.2 0   -40.2 0    67.0 0    24.3 0    64.3 0     4.8 0   204.5 0   987.7 0
 1995 255  9 12 22 57 22.950  76.94   131.2 0    29.0 0     0.0 0 -9999.9 1   400.2 0   301.3 0   301.1 0   441.0 0   297.9 0   297.9 0     6.6 0    44.0 0   102.2 0   -40.7 0    61.5 0    24.2 0    64.2 0     5.0 0   205.2 0   987.8 0
 1995 255  9 12 23  0 23.000  77.51   121.1 0    26.9 0    -0.3 0 -9999.9 1   403.7 0   301.4 0   301.1 0   440.3 0   297.9 0   297.9 0     5.9 0    40.5 0    94.1 0   -36.6 0    57.5 0    24.2 0    64.2 0     5.5 0   205.5 0   987.8 0
 1995 255  9 12 23  3 23.050  78.08   110.7 0    24.4 0    -0.5 0 -9999.9 1   398.9 0   301.4 0   301.1 0   439.5 0   297.9 0   297.9 0     5.9 0    37.9 0    86.4 0   -40.6 0    45.8 0    24.0 0    64.2 0     5.5 0   204.3 0   987.8 0
 1995 255  9 12 23  6 23.100  78.65    94.1 0    20.9 0    -0.8 0 -9999.9 1   402.8 0   301.4 0   301.0 0   438.6 0   297.8 0   297.9 0     5.1 0    32.8 0    73.2 0   -35.8 0    37.4 0    24.2 0    64.2 0     5.5 0   208.6 0   987.8 0
 1995 255  9 12 23  9 23.150  79.22    81.8 0    18.5 0    -0.9 0 -9999.9 1   405.5 0   301.4 0   301.0 0   437.9 0   297.8 0   297.9 0     4.4 0    28.5 0    63.3 0   -32.4 0    30.8 0    24.1 0    64.3 0     5.2 0   206.2 0   987.8 0
 1995 255  9 12 23 12 23.200  79.79    71.7 0    16.2 0    -0.9 0 -9999.9 1   396.6 0   301.4 0   300.9 0   437.0 0   297.8 0   297.8 0     4.2 0    25.9 0    55.5 0   -40.4 0    15.1 0    24.2 0    64.4 0     5.2 0   206.3 0   987.8 0
 1995 255  9 12 23 15 23.250  80.36    58.4 0    12.7 0    -1.1 0 -9999.9 1   391.1 0   301.3 0   300.8 0   435.5 0   297.7 0   297.7 0     3.9 0    21.8 0    45.7 0   -44.4 0     1.3 0    24.1 0    64.5 0     4.8 0   206.1 0   987.7 0
 1995 255  9 12 23 18 23.300  80.93    43.7 0     9.8 0    -1.3 0 -9999.9 1   400.4 0   301.2 0   300.7 0   435.0 0   297.7 0   297.7 0     3.0 0    16.9 0    34.0 0   -34.6 0    -0.7 0    24.1 0    64.7 0     4.8 0   207.6 0   987.7 0
 1995 255  9 12 23 21 23.350  81.50    30.4 0     7.1 0    -1.0 0 -9999.9 1   415.4 0   301.1 0   300.6 0   435.4 0   297.6 0   297.6 0     2.0 0    12.0 0    23.3 0   -20.0 0     3.3 0    24.5 0    64.7 0     4.2 0   212.7 0   987.8 0
 1995 255  9 12 23 24 23.400  82.06    33.4 0     7.7 0    -0.7 0 -9999.9 1   414.7 0   301.1 0   300.6 0   435.3 0   297.5 0   297.5 0     1.8 0    12.8 0    25.7 0   -20.6 0     5.1 0    23.7 0    65.2 0     4.0 0   210.1 0   987.8 0
 1995 255  9 12 23 27 23.450  82.63    34.8 0     7.9 0    -0.7 0 -9999.9 1   407.9 0   301.0 0   300.5 0   434.7 0   297.5 0   297.5 0     1.9 0    13.7 0    26.9 0   -26.8 0     0.1 0    23.9 0    65.4 0     3.8 0   208.8 0   987.8 0
 1995 255  9 12 23 30 23.500  83.20    29.2 0     6.5 0    -0.7 0 -9999.9 1   409.9 0   300.9 0   300.4 0   434.5 0   297.4 0   297.4 0     1.5 0    11.6 0    22.6 0   -24.5 0    -1.9 0    23.8 0    65.5 0     4.4 0   211.8 0   987.8 0
 1995 255  9 12 23 33 23.550  83.76    25.1 0     5.8 0    -0.6 0 -9999.9 1   408.8 0   300.8 0   300.3 0   433.4 0   297.3 0   297.3 0     1.3 0    10.4 0    19.3 0   -24.7 0    -5.3 0    23.7 0    65.9 0     3.5 0   208.3 0   987.8 0
 1995 255  9 12 23 36 23.600  84.32    19.3 0     4.4 0    -0.7 0 -9999.9 1   405.5 0   300.7 0   300.2 0   432.7 0   297.3 0   297.3 0     1.2 0     8.5 0    14.9 0   -27.2 0   -12.3 0    23.7 0    66.2 0     3.8 0   209.3 0   987.7 0
 1995 255  9 12 23 39 23.650  84.88    11.2 0     2.9 0    -0.7 0 -9999.9 1   413.7 0   300.7 0   300.1 0   432.3 0   297.2 0   297.2 0     0.8 0     5.6 0     8.3 0   -18.6 0   -10.3 0    23.6 0    66.5 0     3.6 0   209.9 0   987.7 0
 1995 255  9 12 23 42 23.700  85.44     7.5 0     2.1 0    -0.6 0 -9999.9 1   417.1 0   300.6 0   300.1 0   432.2 0   297.1 0   297.1 0     0.5 0     3.9 0     5.4 0   -15.1 0    -9.6 0    23.5 0    66.8 0     3.5 0   210.6 0   987.7 0
 1995 255  9 12 23 45 23.750  86.00     6.7 0     1.8 0    -0.5 0 -9999.9 1   417.1 0   300.5 0   300.0 0   431.8 0   297.1 0   297.1 0     0.4 0     3.3 0     4.9 0   -14.7 0    -9.8 0    23.5 0    67.0 0     3.4 0   212.9 0   987.7 0
 1995 255  9 12 23 48 23.800  86.55     4.8 0     1.5 0    -0.4 0 -9999.9 1   416.9 0   300.4 0   299.9 0   431.3 0   297.0 0   297.0 0     0.3 0     2.9 0     3.3 0   -14.4 0   -11.1 0    23.4 0    67.3 0     3.2 0   211.3 0   987.7 0
 1995 255  9 12 23 51 23.850  87.09     2.5 0     0.7 0    -0.4 0 -9999.9 1   417.0 0   300.3 0   299.8 0   430.7 0   296.9 0   296.9 0     0.2 0     1.9 0     1.8 0   -13.7 0   -11.9 0    23.3 0    67.6 0     2.7 0   214.1 0   987.7 0
 1995 255  9 12 23 54 23.900  87.63     1.7 0     0.5 0    -0.5 0 -9999.9 1   417.2 0   300.3 0   299.7 0   429.9 0   296.9 0   296.9 0     0.1 0     1.4 0     1.2 0   -12.6 0   -11.4 0    23.1 0    68.0 0     2.8 0   216.6 0   987.7 0
 1995 255  9 12 23 57 23.950  88.15     0.3 0     0.3 0    -0.4 0 -9999.9 1   417.3 0   300.2 0   299.7 0   429.4 0   296.8 0   296.8 0     0.1 0     1.0 0     0.0 0   -12.1 0   -12.1 0    23.2 0    68.2 0     2.5 0   217.3 0   987.7 0
