 Bondville
   40.05  -88.37  213 m version 1
 1995 185  7  4  0  0  0.000  75.57   215.0 0    52.4 0   170.9 0 -9999.9 1   381.6 0   302.4 0   302.2 0   440.8 0   297.6 0   297.8 0     8.5 0    94.7 0   162.6 0   -59.2 0   103.5 0    23.7 0    61.2 0     5.1 0 -9999.9 1 -9999.9 1
 1995 185  7  4  0  3  0.050  76.11   185.4 0    42.9 0    91.2 0 -9999.9 1   382.9 0   302.5 0   302.1 0   440.1 0   297.7 0   297.8 0     8.1 0    83.6 0   142.5 0   -57.1 0    85.4 0    23.8 0    61.4 0     5.8 0 -9999.9 1 -9999.9 1
 1995 185  7  4  0  6  0.100  76.65   191.8 0    46.8 0   148.8 0 -9999.9 1   383.1 0   302.5 0   302.1 0   439.6 0   297.6 0   297.7 0     7.6 0    85.1 0   145.0 0   -56.4 0    88.6 0    23.8 0    61.7 0     5.2 0 -9999.9 1 -9999.9 1
 1995 185  7  4  0  9  0.150  77.19   163.4 0    38.7 0    94.6 0 -9999.9 1   383.2 0   302.5 0   302.0 0   438.9 0   297.6 0   297.7 0     6.9 0    74.7 0   124.7 0   -55.7 0    69.0 0    23.7 0    62.0 0     6.1 0 -9999.9 1 -9999.9 1
 1995 185  7  4  0 12  0.200  77.73   143.5 0    35.6 0   115.5 0 -9999.9 1   382.1 0   302.4 0   301.9 0   437.7 0   297.5 0   297.6 0     6.1 0    65.4 0   107.9 0   -55.6 0    52.2 0    23.6 0    62.4 0     5.1 0 -9999.9 1 -9999.9 1
 1995 185  7  4  0 15  0.250  78.26   131.7 0    35.2 0   158.8 0 -9999.9 1   379.3 0   302.4 0   301.8 0   437.0 0   297.5 0   297.6 0     5.4 0    59.6 0    96.5 0   -57.7 0    38.8 0    23.5 0    62.7 0     5.2 0 -9999.9 1 -9999.9 1
 1995 185  7  4  0 18  0.300  78.80   134.8 0    39.2 0   235.7 0 -9999.9 1   375.9 0   302.3 0   301.8 0   436.5 0   297.4 0   297.5 0     4.9 0    59.1 0    95.5 0   -60.6 0    35.0 0    23.6 0    63.0 0     5.7 0 -9999.9 1 -9999.9 1
 1995 185  7  4  0 21  0.350  79.33   136.8 0    41.6 0   289.5 0 -9999.9 1   372.8 0   302.3 0   301.9 0   436.1 0   297.4 0   297.5 0     4.5 0    59.2 0    95.2 0   -63.3 0    31.8 0    23.4 0    63.3 0     5.4 0 -9999.9 1 -9999.9 1
 1995 185  7  4  0 24  0.400  79.86   127.3 0    39.5 0   291.0 0 -9999.9 1   370.9 0   302.3 0   301.8 0   435.7 0   297.3 0   297.5 0     4.1 0    56.0 0    87.9 0   -64.8 0    23.0 0    23.5 0    63.4 0     6.4 0 -9999.9 1 -9999.9 1
 1995 185  7  4  0 27  0.450  80.39   114.0 0    35.1 0   266.0 0 -9999.9 1   369.5 0   302.3 0   301.8 0   435.1 0   297.3 0   297.4 0     3.9 0    51.2 0    78.9 0   -65.6 0    13.2 0    23.4 0    63.7 0     5.1 0 -9999.9 1 -9999.9 1
 1995 185  7  4  0 30  0.500  80.91   106.8 0    33.5 0   260.6 0 -9999.9 1   368.9 0   302.3 0   301.7 0   434.8 0   297.3 0   297.3 0     3.6 0    47.9 0    73.3 0   -65.9 0     7.5 0    23.2 0    64.0 0     6.0 0 -9999.9 1 -9999.9 1
 1995 185  7  4  0 33  0.550  81.44    97.3 0    30.4 0   240.3 0 -9999.9 1   368.4 0   302.3 0   301.6 0   434.1 0   297.2 0   297.3 0     3.3 0    44.1 0    66.9 0   -65.7 0     1.2 0    23.4 0    64.2 0     5.5 0 -9999.9 1 -9999.9 1
 1995 185  7  4  0 36  0.600  81.96    87.2 0    27.7 0   220.2 0 -9999.9 1   368.6 0   302.2 0   301.5 0   433.5 0   297.1 0   297.2 0     3.0 0    39.8 0    59.5 0   -64.9 0    -5.4 0    23.3 0    64.5 0     6.2 0 -9999.9 1 -9999.9 1
 1995 185  7  4  0 39  0.650  82.48    76.0 0    24.5 0   195.7 0 -9999.9 1   368.3 0   302.1 0   301.3 0   433.2 0   297.1 0   297.1 0     2.7 0    35.0 0    51.5 0   -64.9 0   -13.4 0    23.3 0    64.8 0     6.5 0 -9999.9 1 -9999.9 1
 1995 185  7  4  0 42  0.700  83.00    64.8 0    21.1 0   170.0 0 -9999.9 1   367.5 0   301.9 0   301.2 0   432.7 0   297.0 0   297.0 0     2.3 0    30.2 0    43.6 0   -65.1 0   -21.5 0    23.2 0    65.4 0     4.9 0 -9999.9 1 -9999.9 1
 1995 185  7  4  0 45  0.750  83.51    55.9 0    18.4 0   151.1 0 -9999.9 1   367.1 0   301.8 0   301.0 0   431.7 0   296.9 0   297.0 0     2.1 0    26.3 0    37.5 0   -64.5 0   -27.0 0    22.9 0    66.0 0     5.3 0 -9999.9 1 -9999.9 1
 1995 185  7  4  0 48  0.800  84.02    47.6 0    16.5 0   142.3 0 -9999.9 1   366.3 0   301.6 0   300.8 0   431.5 0   296.8 0   296.8 0     1.8 0    23.0 0    31.1 0   -65.1 0   -34.1 0    23.1 0    66.3 0     6.2 0 -9999.9 1 -9999.9 1
 1995 185  7  4  0 51  0.850  84.53    40.2 0    14.9 0   140.9 0 -9999.9 1   365.0 0   301.4 0   300.6 0   430.5 0   296.7 0   296.7 0     1.6 0    20.3 0    25.3 0   -65.5 0   -40.2 0    22.9 0    66.8 0     5.8 0 -9999.9 1 -9999.9 1
 1995 185  7  4  0 54  0.900  85.03    33.2 0    13.5 0   141.0 0 -9999.9 1   363.7 0   301.3 0   300.4 0   430.0 0   296.6 0   296.6 0     1.5 0    17.8 0    19.7 0   -66.3 0   -46.6 0    22.9 0    67.1 0     5.6 0 -9999.9 1 -9999.9 1
 1995 185  7  4  0 57  0.950  85.53    27.1 0    11.8 0   127.8 0 -9999.9 1   362.9 0   301.1 0   300.3 0   429.3 0   296.5 0   296.6 0     1.3 0    15.7 0    15.4 0   -66.4 0   -51.1 0    23.0 0    67.4 0     5.3 0 -9999.9 1 -9999.9 1
 1995 185  7  4  1  0  1.000  86.02    22.2 0    10.3 0   112.6 0 -9999.9 1   362.8 0   300.9 0   300.1 0   428.8 0   296.4 0   296.5 0     1.1 0    13.7 0    11.9 0   -65.9 0   -54.0 0    22.4 0    68.0 0     5.3 0 -9999.9 1 -9999.9 1
 1995 185  7  4  1  3  1.050  86.51    18.5 0     8.6 0    95.8 0 -9999.9 1   362.4 0   300.7 0   299.9 0   427.9 0   296.4 0   296.4 0     1.0 0    11.8 0    10.0 0   -65.5 0   -55.6 0    22.7 0    68.2 0     4.6 0 -9999.9 1 -9999.9 1
 1995 185  7  4  1  6  1.100  86.99    15.6 0     7.0 0    76.8 0 -9999.9 1   362.2 0   300.6 0   299.7 0   427.4 0   296.3 0   296.3 0     0.9 0    10.0 0     8.6 0   -65.3 0   -56.7 0    22.7 0    68.3 0     4.9 0 -9999.9 1 -9999.9 1
 1995 185  7  4  1  9  1.150  87.47    12.6 0     5.2 0    49.3 0 -9999.9 1   362.5 0   300.4 0   299.5 0   427.9 0   296.2 0   296.2 0     0.7 0     8.5 0     7.4 0   -65.4 0   -58.0 0    22.6 0    67.4 0     5.8 0 -9999.9 1 -9999.9 1
 1995 185  7  4  1 12  1.200  87.93    10.3 0     4.5 0    41.9 0 -9999.9 1   362.2 0   300.2 0   299.4 0   427.2 0   296.1 0   296.2 0     0.6 0     7.1 0     5.8 0   -65.0 0   -59.2 0    22.8 0    66.6 0     5.9 0 -9999.9 1 -9999.9 1
 1995 185  7  4  1 15  1.250  88.39     7.7 0     3.5 0    28.9 0 -9999.9 1   362.1 0   300.0 0   299.2 0   426.7 0   296.1 0   296.1 0     0.5 0     5.8 0     4.1 0   -64.7 0   -60.5 0    22.2 0    66.5 0     6.1 0 -9999.9 1 -9999.9 1
 1995 185  7  4  1 18  1.300  88.82     5.3 0     2.7 0     6.6 0 -9999.9 1   361.7 0   299.9 0   299.0 0   426.1 0   296.0 0   296.0 0     0.5 0     4.6 0     2.6 0   -64.4 0   -61.7 0    22.3 0    66.6 0     5.6 0 -9999.9 1 -9999.9 1
 1995 185  7  4  1 21  1.350  89.24     3.2 0     1.8 0    -0.9 0 -9999.9 1   361.8 0   299.7 0   298.9 0   425.3 0   295.9 0   296.0 0     0.4 0     3.5 0     1.4 0   -63.5 0   -62.1 0    22.6 0    66.7 0     5.3 0 -9999.9 1 -9999.9 1
 1995 185  7  4  1 24  1.400  89.63     1.4 0     1.3 0    -1.2 0 -9999.9 1   361.3 0   299.5 0   298.7 0   424.4 0   295.8 0   295.9 0     0.3 0     2.7 0     0.0 0   -63.1 0   -63.1 0    22.4 0    67.1 0     4.8 0 -9999.9 1 -9999.9 1
 1995 185  7  4  1 27  1.450  89.98     0.2 0     1.1 0    -1.1 0 -9999.9 1   361.3 0   299.4 0   298.5 0   423.6 0   295.7 0   295.7 0     0.3 0     2.0 0     0.0 0   -62.3 0   -62.3 0    22.2 0    67.5 0     4.5 0 -9999.9 1 -9999.9 1
 1995 185  7  4  1 30  1.500  91.22    -0.6 0     0.9 0    -1.2 0 -9999.9 1   361.1 0   299.2 0   298.4 0   423.1 0   295.7 0   295.7 0     0.0 0     1.5 0     0.0 0   -62.0 0   -62.0 0    22.5 0    67.7 0     4.6 0 -9999.9 1 -9999.9 1
 1995 185  7  4  1 33  1.550  91.71    -1.1 0     0.8 0    -1.1 0 -9999.9 1   360.7 0   299.1 0   298.3 0   422.4 0   295.6 0   295.6 0     0.0 0     1.0 0     0.0 0   -61.7 0   -61.7 0    21.9 0    68.0 0     4.6 0 -9999.9 1 -9999.9 1
 1995 185  7  4  1 36  1.600  92.20    -1.8 0     0.7 0    -1.0 0 -9999.9 1   360.5 0   299.0 0   298.1 0   422.2 0   295.5 0   295.5 0     0.0 0     0.7 0     0.0 0   -61.6 0   -61.6 0    21.9 0    68.2 0     4.6 0 -9999.9 1 -9999.9 1
 1995 185  7  4  1 39  1.650  92.68    -2.6 0     0.5 0    -0.8 0 -9999.9 1   360.4 0   298.8 0   298.0 0   422.0 0   295.4 0   295.4 0     0.0 0     0.4 0     0.0 0   -61.6 0   -61.6 0    21.9 0    68.4 0     4.6 0 -9999.9 1 -9999.9 1
 1995 185  7  4  1 42  1.700  93.16    -3.2 0     0.4 0    -0.7 0 -9999.9 1   360.1 0   298.7 0   297.9 0   421.9 0   295.3 0   295.3 0     0.0 0     0.3 0     0.0 0   -61.8 0   -61.8 0    21.8 0    68.7 0     4.9 0 -9999.9 1 -9999.9 1
 1995 185  7  4  1 45  1.750  93.63    -3.6 0     0.2 0    -0.7 0 -9999.9 1   359.9 0   298.6 0   297.8 0   421.4 0   295.2 0   295.2 0     0.0 0     0.1 0     0.0 0   -61.5 0   -61.5 0    21.7 0    69.0 0     4.9 0 -9999.9 1 -9999.9 1
 1995 185  7  4  1 48  1.800  94.10    -3.8 0     0.2 0    -0.8 0 -9999.9 1   359.9 0   298.5 0   297.7 0   420.6 0   295.2 0   295.2 0     0.0 0     0.1 0     0.0 0   -60.8 0   -60.8 0    21.6 0    69.3 0     4.7 0 -9999.9 1 -9999.9 1
 1995 185  7  4  1 51  1.850  94.57    -4.0 0     0.2 0    -0.8 0 -9999.9 1   359.9 0   298.4 0   297.6 0   420.3 0   295.1 0   295.1 0     0.0 0     0.1 0     0.0 0   -60.4 0   -60.4 0    22.0 0    69.6 0     4.7 0 -9999.9 1 -9999.9 1
 1995 185  7  4  1 54  1.900  95.04    -4.0 0     0.2 0    -0.7 0 -9999.9 1   359.4 0   298.3 0   297.5 0   419.7 0   295.0 0   295.0 0     0.0 0     0.0 0     0.0 0   -60.3 0   -60.3 0    21.4 0    70.3 0     4.4 0 -9999.9 1 -9999.9 1
 1995 185  7  4  1 57  1.950  95.51    -3.9 0     0.2 0    -0.9 0 -9999.9 1   358.6 0   298.2 0   297.4 0   419.0 0   294.9 0   294.9 0     0.0 0     0.0 0     0.0 0   -60.4 0   -60.4 0    21.4 0    70.8 0     4.1 0 -9999.9 1 -9999.9 1
 1995 185  7  4  2  0  2.000  95.97    -3.3 0     0.2 0    -0.9 0 -9999.9 1   358.2 0   298.1 0   297.4 0   418.5 0   294.8 0   294.8 0     0.0 0     0.0 0     0.0 0   -60.3 0   -60.3 0    21.4 0    71.3 0     4.3 0 -9999.9 1 -9999.9 1
 1995 185  7  4  2  3  2.050  96.42    -4.5 0     0.1 0    -1.0 0 -9999.9 1   358.1 0   298.0 0   297.3 0   418.3 0   294.7 0   294.8 0     0.0 0     0.0 0     0.0 0   -60.2 0   -60.2 0    21.2 0    71.9 0     4.4 0 -9999.9 1 -9999.9 1
 1995 185  7  4  2  6  2.100  96.88    -4.2 0     0.1 0    -0.8 0 -9999.9 1   357.9 0   297.9 0   297.2 0   418.4 0   294.7 0   294.7 0     0.0 0     0.0 0     0.0 0   -60.6 0   -60.6 0    21.3 0    72.3 0     4.5 0 -9999.9 1 -9999.9 1
 1995 185  7  4  2  9  2.150  97.33    -2.3 0     0.1 0    -0.7 0 -9999.9 1   357.6 0   297.9 0   297.1 0   417.9 0   294.6 0   294.6 0     0.0 0     0.0 0     0.0 0   -60.3 0   -60.3 0    21.0 0    72.9 0     4.2 0 -9999.9 1 -9999.9 1
 1995 185  7  4  2 12  2.200  97.78    -4.3 0     0.1 0    -0.6 0 -9999.9 1   357.0 0   297.8 0   297.0 0   417.4 0   294.5 0   294.5 0     0.0 0     0.0 0     0.0 0   -60.5 0   -60.5 0    21.2 0    73.5 0     4.4 0 -9999.9 1 -9999.9 1
 1995 185  7  4  2 15  2.250  98.22    -3.4 0     0.2 0    -0.8 0 -9999.9 1   356.4 0   297.7 0   296.9 0   416.9 0   294.5 0   294.5 0     0.0 0     0.0 0     0.0 0   -60.5 0   -60.5 0    21.0 0    74.1 0     4.2 0 -9999.9 1 -9999.9 1
 1995 185  7  4  2 18  2.300  98.67    -3.6 0     0.1 0    -0.8 0 -9999.9 1   356.2 0   297.6 0   296.9 0   416.7 0   294.4 0   294.4 0     0.0 0     0.0 0     0.0 0   -60.5 0   -60.5 0    21.0 0    74.6 0     4.6 0 -9999.9 1 -9999.9 1
 1995 185  7  4  2 21  2.350  99.10    -2.9 0     0.1 0    -0.9 0 -9999.9 1   356.1 0   297.5 0   296.8 0   416.6 0   294.3 0   294.3 0     0.0 0     0.0 0     0.0 0   -60.5 0   -60.5 0    21.1 0    74.9 0     4.2 0 -9999.9 1 -9999.9 1
 1995 185  7  4  2 24  2.400  99.54    -4.1 0     0.1 0    -0.7 0 -9999.9 1   356.0 0   297.5 0   296.7 0   415.6 0   294.2 0   294.3 0     0.0 0     0.0 0     0.0 0   -59.6 0   -59.6 0    20.8 0    75.5 0     4.0 0 -9999.9 1 -9999.9 1
 1995 185  7  4  2 27  2.450  99.97    -4.7 0     0.1 0    -0.9 0 -9999.9 1   355.8 0   297.4 0   296.6 0   414.9 0   294.2 0   294.2 0     0.0 0     0.0 0     0.0 0   -59.2 0   -59.2 0    20.7 0    76.1 0     3.5 0 -9999.9 1 -9999.9 1
 1995 185  7  4  2 30  2.500 100.40    -4.2 0     0.1 0    -0.9 0 -9999.9 1   355.9 0   297.3 0   296.6 0   414.7 0   294.1 0   294.1 0     0.0 0     0.0 0     0.0 0   -58.7 0   -58.7 0    20.7 0    76.5 0     3.6 0 -9999.9 1 -9999.9 1
 1995 185  7  4  2 33  2.550 100.82    -0.9 0     0.1 0    -0.8 0 -9999.9 1   355.9 0   297.2 0   296.5 0   414.1 0   294.0 0   294.0 0     0.0 0     0.0 0     0.0 0   -58.3 0   -58.3 0    20.4 0    77.1 0     3.6 0 -9999.9 1 -9999.9 1
 1995 185  7  4  2 36  2.600 101.24    -3.4 0     0.1 0    -0.8 0 -9999.9 1   355.8 0   297.2 0   296.4 0   413.4 0   293.9 0   294.0 0     0.0 0     0.0 0     0.0 0   -57.6 0   -57.6 0    20.5 0    77.5 0     3.5 0 -9999.9 1 -9999.9 1
 1995 185  7  4  2 39  2.650 101.66    -4.9 0     0.1 0    -1.0 0 -9999.9 1   355.9 0   297.1 0   296.3 0   413.1 0   293.9 0   293.9 0     0.0 0     0.0 0     0.0 0   -57.3 0   -57.3 0    20.5 0    77.9 0     3.8 0 -9999.9 1 -9999.9 1
 1995 185  7  4  2 42  2.700 102.07    -2.7 0     0.0 0    -0.7 0 -9999.9 1   355.7 0   297.0 0   296.3 0   413.4 0   293.8 0   293.8 0     0.0 0     0.0 0     0.0 0   -57.6 0   -57.6 0    20.4 0    78.4 0     3.9 0 -9999.9 1 -9999.9 1
 1995 185  7  4  2 45  2.750 102.48    -4.1 0     0.0 0    -0.6 0 -9999.9 1   355.9 0   296.9 0   296.2 0   413.3 0   293.7 0   293.7 0     0.0 0     0.0 0     0.0 0   -57.4 0   -57.4 0    20.4 0    78.8 0     3.9 0 -9999.9 1 -9999.9 1
 1995 185  7  4  2 48  2.800 102.88    -4.1 0     0.0 0    -0.5 0 -9999.9 1   355.9 0   296.9 0   296.2 0   413.1 0   293.7 0   293.7 0     0.0 0     0.0 0     0.0 0   -57.2 0   -57.2 0    20.4 0    79.2 0     3.8 0 -9999.9 1 -9999.9 1
 1995 185  7  4  2 51  2.850 103.28    -4.0 0     0.0 0    -0.6 0 -9999.9 1   355.8 0   296.8 0   296.1 0   412.5 0   293.6 0   293.6 0     0.0 0     0.0 0     0.0 0   -56.7 0   -56.7 0    20.3 0    79.5 0     3.6 0 -9999.9 1 -9999.9 1
 1995 185  7  4  2 54  2.900 103.68    -2.6 0    -0.1 0    -0.5 0 -9999.9 1   355.7 0   296.8 0   296.1 0   412.8 0   293.6 0   293.6 0     0.0 0     0.0 0     0.0 0   -57.1 0   -57.1 0    20.1 0    79.9 0     3.9 0 -9999.9 1 -9999.9 1
 1995 185  7  4  2 57  2.950 104.07    -4.1 0     0.0 0    -0.4 0 -9999.9 1   356.0 0   296.7 0   296.0 0   412.8 0   293.5 0   293.5 0     0.0 0     0.0 0     0.0 0   -56.8 0   -56.8 0    20.2 0    80.1 0     4.2 0 -9999.9 1 -9999.9 1
 1995 185  7  4  3  0  3.000 104.45    -3.6 0     0.0 0    -0.2 0 -9999.9 1   356.1 0   296.7 0   296.0 0   412.6 0   293.5 0   293.5 0     0.0 0     0.0 0     0.0 0   -56.6 0   -56.6 0    20.0 0    80.6 0     4.0 0 -9999.9 1 -9999.9 1
 1995 185  7  4  3  3  3.050 104.84    -4.0 0     0.0 0    -0.3 0 -9999.9 1   356.2 0   296.6 0   295.9 0   412.7 0   293.4 0   293.4 0     0.0 0     0.0 0     0.0 0   -56.5 0   -56.5 0    20.0 0    80.9 0     3.9 0 -9999.9 1 -9999.9 1
 1995 185  7  4  3  6  3.100 105.21    -4.1 0     0.0 0    -0.3 0 -9999.9 1   356.2 0   296.6 0   295.9 0   412.8 0   293.4 0   293.4 0     0.0 0     0.0 0     0.0 0   -56.6 0   -56.6 0    20.3 0    81.1 0     4.3 0 -9999.9 1 -9999.9 1
 1995 185  7  4  3  9  3.150 105.59    -4.1 0    -0.1 0    -0.2 0 -9999.9 1   356.3 0   296.5 0   295.8 0   412.8 0   293.3 0   293.4 0     0.0 0     0.0 0     0.0 0   -56.5 0   -56.5 0    20.0 0    81.4 0     4.4 0 -9999.9 1 -9999.9 1
 1995 185  7  4  3 12  3.200 105.96    -3.5 0    -0.1 0    -0.2 0 -9999.9 1   356.3 0   296.5 0   295.8 0   412.5 0   293.3 0   293.3 0     0.0 0     0.0 0     0.0 0   -56.2 0   -56.2 0    19.9 0    81.8 0     4.4 0 -9999.9 1 -9999.9 1
 1995 185  7  4  3 15  3.250 106.32    -3.9 0     0.0 0    -0.3 0 -9999.9 1   356.1 0   296.4 0   295.7 0   412.3 0   293.3 0   293.3 0     0.0 0     0.0 0     0.0 0   -56.2 0   -56.2 0    20.0 0    82.0 0     4.0 0 -9999.9 1 -9999.9 1
 1995 185  7  4  3 18  3.300 106.68    -3.4 0     0.0 0    -0.5 0 -9999.9 1   356.1 0   296.4 0   295.7 0   412.0 0   293.2 0   293.3 0     0.0 0     0.0 0     0.0 0   -55.9 0   -55.9 0    19.9 0    82.3 0     4.2 0 -9999.9 1 -9999.9 1
 1995 185  7  4  3 21  3.350 107.04    -4.1 0    -0.1 0    -0.3 0 -9999.9 1   356.1 0   296.4 0   295.7 0   411.8 0   293.2 0   293.2 0     0.0 0     0.0 0     0.0 0   -55.7 0   -55.7 0    20.0 0    82.4 0     4.3 0 -9999.9 1 -9999.9 1
 1995 185  7  4  3 24  3.400 107.39    -3.3 0     0.0 0     0.0 0 -9999.9 1   356.2 0   296.3 0   295.6 0   412.0 0   293.2 0   293.2 0     0.0 0     0.0 0     0.0 0   -55.8 0   -55.8 0    19.9 0    82.8 0     4.5 0 -9999.9 1 -9999.9 1
 1995 185  7  4  3 27  3.450 107.73    -3.9 0     0.0 0    -0.1 0 -9999.9 1   356.1 0   296.3 0   295.6 0   412.3 0   293.1 0   293.2 0     0.0 0     0.0 0     0.0 0   -56.2 0   -56.2 0    19.8 0    83.1 0     4.5 0 -9999.9 1 -9999.9 1
 1995 185  7  4  3 30  3.500 108.07    -4.2 0     0.0 0    -0.2 0 -9999.9 1   356.4 0   296.3 0   295.6 0   412.1 0   293.1 0   293.1 0     0.0 0     0.0 0     0.0 0   -55.7 0   -55.7 0    19.8 0    83.4 0     4.6 0 -9999.9 1 -9999.9 1
 1995 185  7  4  3 33  3.550 108.41    -4.2 0    -0.1 0    -0.2 0 -9999.9 1   356.7 0   296.2 0   295.5 0   412.2 0   293.1 0   293.1 0     0.0 0     0.0 0     0.0 0   -55.5 0   -55.5 0    19.8 0    83.6 0     4.4 0 -9999.9 1 -9999.9 1
 1995 185  7  4  3 36  3.600 108.73    -4.1 0     0.0 0    -0.4 0 -9999.9 1   356.4 0   296.2 0   295.5 0   411.9 0   293.0 0   293.1 0     0.0 0     0.0 0     0.0 0   -55.5 0   -55.5 0    19.7 0    83.8 0     4.3 0 -9999.9 1 -9999.9 1
 1995 185  7  4  3 39  3.650 109.06    -4.1 0    -0.1 0    -0.2 0 -9999.9 1   356.2 0   296.2 0   295.5 0   411.8 0   293.0 0   293.0 0     0.0 0     0.0 0     0.0 0   -55.6 0   -55.6 0    19.7 0    84.0 0     4.3 0 -9999.9 1 -9999.9 1
 1995 185  7  4  3 42  3.700 109.38    -3.9 0    -0.1 0    -0.3 0 -9999.9 1   357.1 0   296.2 0   295.5 0   411.5 0   293.0 0   293.0 0     0.0 0     0.0 0     0.0 0   -54.5 0   -54.5 0    19.9 0    84.1 0     4.2 0 -9999.9 1 -9999.9 1
 1995 185  7  4  3 45  3.750 109.69    -4.0 0     0.0 0    -0.3 0 -9999.9 1   360.0 0   296.1 0   295.5 0   411.5 0   293.0 0   293.0 0     0.0 0     0.0 0     0.0 0   -51.6 0   -51.6 0    19.8 0    84.3 0     4.0 0 -9999.9 1 -9999.9 1
 1995 185  7  4  3 48  3.800 110.00    -4.0 0    -0.1 0    -0.1 0 -9999.9 1   366.1 0   296.1 0   295.5 0   412.0 0   292.9 0   293.0 0     0.0 0     0.0 0     0.0 0   -46.0 0   -46.0 0    19.7 0    84.5 0     4.2 0 -9999.9 1 -9999.9 1
 1995 185  7  4  3 51  3.850 110.30    -3.8 0    -0.1 0     0.0 0 -9999.9 1   373.3 0   296.1 0   295.5 0   412.5 0   292.9 0   293.0 0     0.0 0     0.0 0     0.0 0   -39.2 0   -39.2 0    19.6 0    84.6 0     4.0 0 -9999.9 1 -9999.9 1
 1995 185  7  4  3 54  3.900 110.60    -3.6 0    -0.1 0     0.1 0 -9999.9 1   375.8 0   296.1 0   295.5 0   413.0 0   292.9 0   293.0 0     0.0 0     0.0 0     0.0 0   -37.2 0   -37.2 0    19.7 0    84.7 0     4.0 0 -9999.9 1 -9999.9 1
 1995 185  7  4  3 57  3.950 110.89    -3.6 0    -0.1 0     0.2 0 -9999.9 1   375.4 0   296.1 0   295.5 0   412.8 0   292.9 0   292.9 0     0.0 0     0.0 0     0.0 0   -37.5 0   -37.5 0    19.6 0    84.8 0     3.8 0 -9999.9 1 -9999.9 1
 1995 185  7  4  4  0  4.000 111.17    -3.9 0    -0.1 0     0.2 0 -9999.9 1   375.6 0   296.1 0   295.5 0   412.9 0   292.9 0   292.9 0     0.0 0     0.0 0     0.0 0   -37.3 0   -37.3 0    19.7 0    84.8 0     3.9 0 -9999.9 1 -9999.9 1
 1995 185  7  4  4  3  4.050 111.45    -2.9 0    -0.2 0     0.1 0 -9999.9 1   368.7 0   296.1 0   295.5 0   412.6 0   292.9 0   292.9 0     0.0 0     0.0 0     0.0 0   -43.9 0   -43.9 0    19.6 0    84.9 0     4.0 0 -9999.9 1 -9999.9 1
 1995 185  7  4  4  6  4.100 111.72    -4.8 0    -0.2 0     0.1 0 -9999.9 1   359.4 0   296.1 0   295.5 0   411.7 0   292.9 0   292.9 0     0.0 0     0.0 0     0.0 0   -52.3 0   -52.3 0    19.8 0    84.9 0     3.8 0 -9999.9 1 -9999.9 1
 1995 185  7  4  4  9  4.150 111.99    -6.1 0    -0.2 0    -0.2 0 -9999.9 1   358.3 0   296.1 0   295.5 0   411.5 0   292.9 0   292.9 0     0.0 0     0.1 0     0.0 0   -53.3 0   -53.3 0    20.0 0    84.7 0     4.3 0 -9999.9 1 -9999.9 1
 1995 185  7  4  4 12  4.200 112.25    -3.6 0    -0.2 0    -0.1 0 -9999.9 1   360.0 0   296.1 0   295.5 0   411.7 0   292.9 0   292.9 0     0.0 0     0.0 0     0.0 0   -51.7 0   -51.7 0    19.5 0    85.0 0     4.0 0 -9999.9 1 -9999.9 1
 1995 185  7  4  4 15  4.250 112.51    -3.2 0    -0.3 0     0.1 0 -9999.9 1   360.6 0   296.1 0   295.5 0   412.2 0   292.9 0   293.0 0     0.0 0     0.0 0     0.0 0   -51.6 0   -51.6 0    19.5 0    85.0 0     4.2 0 -9999.9 1 -9999.9 1
 1995 185  7  4  4 18  4.300 112.76    -4.0 0    -0.2 0    -0.2 0 -9999.9 1   357.4 0   296.1 0   295.5 0   411.7 0   292.9 0   293.0 0     0.0 0     0.0 0     0.0 0   -54.3 0   -54.3 0    19.2 0    85.1 0     3.8 0 -9999.9 1 -9999.9 1
 1995 185  7  4  4 21  4.350 113.00    -4.0 0    -0.3 0     0.2 0 -9999.9 1   356.7 0   296.1 0   295.5 0   411.6 0   292.9 0   293.0 0     0.0 0     0.0 0     0.0 0   -54.9 0   -54.9 0    19.8 0    85.0 0     4.2 0 -9999.9 1 -9999.9 1
 1995 185  7  4  4 24  4.400 113.23    -4.0 0    -0.2 0    -0.2 0 -9999.9 1   356.3 0   296.1 0   295.5 0   411.1 0   292.9 0   293.0 0     0.0 0     0.0 0     0.0 0   -54.8 0   -54.8 0    19.6 0    85.0 0     3.7 0 -9999.9 1 -9999.9 1
 1995 185  7  4  4 27  4.450 113.46    -4.2 0    -0.2 0    -0.4 0 -9999.9 1   356.2 0   296.1 0   295.5 0   410.6 0   292.9 0   293.0 0     0.0 0     0.0 0     0.0 0   -54.4 0   -54.4 0    19.5 0    85.0 0     3.6 0 -9999.9 1 -9999.9 1
 1995 185  7  4  4 30  4.500 113.68    -3.9 0    -0.1 0    -0.3 0 -9999.9 1   356.2 0   296.1 0   295.4 0   410.7 0   292.9 0   293.0 0     0.0 0     0.0 0     0.0 0   -54.5 0   -54.5 0    19.6 0    85.1 0     3.7 0 -9999.9 1 -9999.9 1
 1995 185  7  4  4 33  4.550 113.90    -4.1 0    -0.1 0    -0.2 0 -9999.9 1   356.9 0   296.1 0   295.4 0   410.5 0   292.9 0   292.9 0     0.0 0     0.0 0     0.0 0   -53.6 0   -53.6 0    19.6 0    85.0 0     3.4 0 -9999.9 1 -9999.9 1
 1995 185  7  4  4 36  4.600 114.11    -4.1 0    -0.1 0    -0.4 0 -9999.9 1   363.4 0   296.1 0   295.4 0   410.5 0   292.9 0   292.9 0     0.0 0     0.0 0     0.0 0   -47.1 0   -47.1 0    19.7 0    85.0 0     3.5 0 -9999.9 1 -9999.9 1
 1995 185  7  4  4 39  4.650 114.31    -3.9 0    -0.2 0     0.2 0 -9999.9 1   375.1 0   296.1 0   295.5 0   411.7 0   292.9 0   292.9 0     0.0 0     0.0 0     0.0 0   -36.5 0   -36.5 0    19.6 0    85.1 0     3.7 0 -9999.9 1 -9999.9 1
 1995 185  7  4  4 42  4.700 114.51    -3.8 0    -0.2 0     0.3 0 -9999.9 1   366.6 0   296.1 0   295.5 0   411.7 0   292.9 0   292.9 0     0.0 0     0.0 0     0.0 0   -45.1 0   -45.1 0    19.7 0    85.1 0     3.8 0 -9999.9 1 -9999.9 1
 1995 185  7  4  4 45  4.750 114.70    -3.8 0    -0.1 0     0.0 0 -9999.9 1   364.2 0   296.1 0   295.4 0   411.2 0   292.8 0   292.9 0     0.0 0     0.0 0     0.0 0   -47.1 0   -47.1 0    19.6 0    85.3 0     3.8 0 -9999.9 1 -9999.9 1
 1995 185  7  4  4 48  4.800 114.88    -4.4 0     0.0 0    -0.3 0 -9999.9 1   359.5 0   296.1 0   295.4 0   410.8 0   292.8 0   292.9 0     0.0 0     0.0 0     0.0 0   -51.4 0   -51.4 0    19.4 0    85.3 0     3.6 0 -9999.9 1 -9999.9 1
 1995 185  7  4  4 51  4.850 115.05    -4.3 0     0.1 0    -0.6 0 -9999.9 1   357.1 0   296.1 0   295.4 0   410.2 0   292.8 0   292.8 0     0.0 0     0.0 0     0.0 0   -53.1 0   -53.1 0    19.7 0    85.4 0     3.5 0 -9999.9 1 -9999.9 1
 1995 185  7  4  4 54  4.900 115.22    -3.8 0    -0.1 0    -0.4 0 -9999.9 1   356.9 0   296.0 0   295.4 0   409.7 0   292.8 0   292.8 0     0.0 0     0.0 0     0.0 0   -52.8 0   -52.8 0    19.7 0    85.4 0     3.4 0 -9999.9 1 -9999.9 1
 1995 185  7  4  4 57  4.950 115.38    -3.4 0     0.0 0    -0.6 0 -9999.9 1   360.2 0   296.0 0   295.3 0   409.4 0   292.7 0   292.8 0     0.0 0     0.0 0     0.0 0   -49.1 0   -49.1 0    19.5 0    85.6 0     3.3 0 -9999.9 1 -9999.9 1
 1995 185  7  4  5  0  5.000 115.54    -4.2 0    -0.1 0    -0.6 0 -9999.9 1   361.2 0   296.0 0   295.3 0   409.2 0   292.7 0   292.7 0     0.0 0     0.0 0     0.0 0   -48.0 0   -48.0 0    19.8 0    85.6 0     3.2 0 -9999.9 1 -9999.9 1
 1995 185  7  4  5  3  5.050 115.68    -4.9 0     0.0 0    -0.8 0 -9999.9 1   356.3 0   296.0 0   295.3 0   408.3 0   292.6 0   292.7 0     0.0 0     0.0 0     0.0 0   -52.0 0   -52.0 0    19.7 0    85.6 0     3.0 0 -9999.9 1 -9999.9 1
 1995 185  7  4  5  6  5.100 115.82    -5.0 0     0.0 0    -0.9 0 -9999.9 1   355.8 0   295.9 0   295.2 0   407.7 0   292.6 0   292.6 0     0.0 0     0.0 0     0.0 0   -51.9 0   -51.9 0    19.3 0    85.9 0     3.0 0 -9999.9 1 -9999.9 1
 1995 185  7  4  5  9  5.150 115.95    -5.4 0     0.0 0    -1.0 0 -9999.9 1   357.0 0   295.9 0   295.2 0   407.0 0   292.5 0   292.6 0     0.0 0     0.0 0     0.0 0   -50.0 0   -50.0 0    19.4 0    86.0 0     2.9 0 -9999.9 1 -9999.9 1
 1995 185  7  4  5 12  5.200 116.08    -3.6 0    -0.1 0    -0.9 0 -9999.9 1   356.4 0   295.8 0   295.1 0   406.7 0   292.5 0   292.5 0     0.0 0     0.0 0     0.0 0   -50.3 0   -50.3 0    19.3 0    86.0 0     2.8 0 -9999.9 1 -9999.9 1
 1995 185  7  4  5 15  5.250 116.19    -3.5 0    -0.2 0    -0.9 0 -9999.9 1   355.9 0   295.8 0   295.1 0   406.4 0   292.4 0   292.5 0     0.0 0     0.0 0     0.0 0   -50.5 0   -50.5 0    19.2 0    86.2 0     2.8 0 -9999.9 1 -9999.9 1
 1995 185  7  4  5 18  5.300 116.30    -3.5 0    -0.2 0    -0.6 0 -9999.9 1   356.4 0   295.7 0   295.0 0   406.9 0   292.4 0   292.4 0     0.0 0     0.0 0     0.0 0   -50.5 0   -50.5 0    19.2 0    86.2 0     2.9 0 -9999.9 1 -9999.9 1
 1995 185  7  4  5 21  5.350 116.41    -3.7 0    -0.3 0    -0.6 0 -9999.9 1   360.5 0   295.7 0   295.0 0   406.6 0   292.4 0   292.4 0     0.0 0     0.0 0     0.0 0   -46.1 0   -46.1 0    19.2 0    86.2 0     2.9 0 -9999.9 1 -9999.9 1
 1995 185  7  4  5 24  5.400 116.50    -3.5 0    -0.5 0    -0.4 0 -9999.9 1   368.8 0   295.6 0   295.0 0   407.3 0   292.3 0   292.4 0     0.0 0     0.0 0     0.0 0   -38.5 0   -38.5 0    19.1 0    86.3 0     2.9 0 -9999.9 1 -9999.9 1
 1995 185  7  4  5 27  5.450 116.59    -2.8 0    -0.8 0     0.0 0 -9999.9 1   364.9 0   295.6 0   295.0 0   407.9 0   292.3 0   292.3 0     0.0 0     0.0 0     0.0 0   -43.0 0   -43.0 0    19.0 0    86.4 0     2.9 0 -9999.9 1 -9999.9 1
 1995 185  7  4  5 30  5.500 116.67    -3.6 0    -0.2 0     0.1 0 -9999.9 1   370.3 0   295.6 0   295.0 0   407.9 0   292.3 0   292.3 0     0.0 0     0.0 0     0.0 0   -37.5 0   -37.5 0    19.1 0    86.4 0     2.7 0 -9999.9 1 -9999.9 1
 1995 185  7  4  5 33  5.550 116.74    -3.1 0    -0.8 0     0.2 0 -9999.9 1   391.0 0   295.6 0   295.0 0   409.1 0   292.3 0   292.3 0     0.0 0     0.0 0     0.0 0   -18.1 0   -18.1 0    19.1 0    86.4 0     2.7 0 -9999.9 1 -9999.9 1
 1995 185  7  4  5 36  5.600 116.80    -1.3 0    -1.6 0     0.8 0 -9999.9 1   402.9 0   295.6 0   295.1 0   411.1 0   292.3 0   292.3 0     0.0 0     0.0 0     0.0 0    -8.2 0    -8.2 0    18.9 0    86.5 0     2.7 0 -9999.9 1 -9999.9 1
 1995 185  7  4  5 39  5.650 116.86    -1.3 0    -1.2 0     0.8 0 -9999.9 1   369.1 0   295.6 0   295.1 0   410.1 0   292.3 0   292.3 0     0.0 0    -0.1 0     0.0 0   -41.0 0   -41.0 0    19.2 0    86.3 0     2.7 0 -9999.9 1 -9999.9 1
 1995 185  7  4  5 42  5.700 116.91    -5.3 0    -0.3 0     0.3 0 -9999.9 1   356.4 0   295.6 0   295.0 0   408.1 0   292.3 0   292.3 0     0.0 0     0.0 0     0.0 0   -51.7 0   -51.7 0    19.1 0    86.4 0     3.0 0 -9999.9 1 -9999.9 1
 1995 185  7  4  5 45  5.750 116.95    -3.7 0    -0.2 0    -0.2 0 -9999.9 1   356.6 0   295.6 0   295.0 0   407.8 0   292.3 0   292.3 0     0.0 0     0.0 0     0.0 0   -51.2 0   -51.2 0    19.4 0    86.3 0     3.2 0 -9999.9 1 -9999.9 1
 1995 185  7  4  5 48  5.800 116.98    -2.3 0    -0.5 0     0.1 0 -9999.9 1   367.4 0   295.6 0   295.0 0   408.2 0   292.3 0   292.3 0     0.0 0     0.0 0     0.0 0   -40.8 0   -40.8 0    18.8 0    86.6 0     3.3 0 -9999.9 1 -9999.9 1
 1995 185  7  4  5 51  5.850 117.01    -3.4 0    -0.6 0     0.5 0 -9999.9 1   383.2 0   295.6 0   295.0 0   409.7 0   292.3 0   292.3 0     0.0 0     0.0 0     0.0 0   -26.5 0   -26.5 0    18.7 0    86.6 0     3.3 0 -9999.9 1 -9999.9 1
 1995 185  7  4  5 54  5.900 117.02    -3.8 0    -0.5 0     0.7 0 -9999.9 1   369.9 0   295.6 0   295.0 0   409.6 0   292.3 0   292.4 0     0.0 0     0.0 0     0.0 0   -39.7 0   -39.7 0    19.3 0    86.3 0     3.0 0 -9999.9 1 -9999.9 1
 1995 185  7  4  5 57  5.950 117.03    -3.6 0    -0.9 0     0.3 0 -9999.9 1   374.2 0   295.6 0   295.1 0   409.1 0   292.3 0   292.4 0     0.0 0     0.0 0     0.0 0   -34.9 0   -34.9 0    19.2 0    86.3 0     3.0 0 -9999.9 1 -9999.9 1
 1995 185  7  4  6  0  6.000 117.04    -3.4 0    -0.4 0     0.2 0 -9999.9 1   385.1 0   295.6 0   295.1 0   409.8 0   292.3 0   292.4 0     0.0 0     0.1 0     0.0 0   -24.7 0   -24.7 0    19.8 0    86.1 0     3.0 0 -9999.9 1 -9999.9 1
 1995 185  7  4  6  3  6.050 117.03    -1.6 0    -0.7 0     0.3 0 -9999.9 1   405.3 0   295.7 0   295.1 0   411.2 0   292.3 0   292.4 0     0.0 0     0.0 0     0.0 0    -5.9 0    -5.9 0    18.8 0    86.4 0     3.1 0 -9999.9 1 -9999.9 1
 1995 185  7  4  6  6  6.100 117.02    -3.3 0    -0.3 0     0.6 0 -9999.9 1   398.3 0   295.7 0   295.2 0   411.8 0   292.3 0   292.4 0     0.0 0     0.0 0     0.0 0   -13.5 0   -13.5 0    19.2 0    86.2 0     3.2 0 -9999.9 1 -9999.9 1
 1995 185  7  4  6  9  6.150 116.99    -2.0 0    -0.6 0     0.5 0 -9999.9 1   371.6 0   295.7 0   295.2 0   410.2 0   292.4 0   292.4 0     0.0 0     0.0 0     0.0 0   -38.6 0   -38.6 0    19.1 0    86.2 0     3.1 0 -9999.9 1 -9999.9 1
 1995 185  7  4  6 12  6.200 116.97    -3.8 0    -0.3 0     0.5 0 -9999.9 1   387.9 0   295.7 0   295.2 0   410.7 0   292.4 0   292.4 0     0.0 0     0.0 0     0.0 0   -22.9 0   -22.9 0    19.3 0    86.1 0     3.5 0 -9999.9 1 -9999.9 1
 1995 185  7  4  6 15  6.250 116.93    -3.8 0    -0.4 0     0.9 0 -9999.9 1   402.5 0   295.8 0   295.3 0   412.4 0   292.4 0   292.5 0     0.0 0     0.0 0     0.0 0   -10.0 0   -10.0 0    19.3 0    86.1 0     3.6 0 -9999.9 1 -9999.9 1
 1995 185  7  4  6 18  6.300 116.88    -3.3 0    -0.6 0     1.2 0 -9999.9 1   411.0 0   295.8 0   295.4 0   413.9 0   292.5 0   292.6 0     0.0 0     0.0 0     0.0 0    -3.0 0    -3.0 0    19.4 0    86.0 0     3.5 0 -9999.9 1 -9999.9 1
 1995 185  7  4  6 21  6.350 116.83    -3.4 0    -0.5 0     1.1 0 -9999.9 1   411.4 0   295.9 0   295.5 0   414.5 0   292.5 0   292.6 0     0.0 0     0.0 0     0.0 0    -3.1 0    -3.1 0    19.4 0    85.9 0     3.3 0 -9999.9 1 -9999.9 1
 1995 185  7  4  6 24  6.400 116.77    -3.2 0    -0.7 0     1.0 0 -9999.9 1   406.8 0   296.0 0   295.5 0   414.7 0   292.6 0   292.7 0     0.0 0     0.0 0     0.0 0    -7.9 0    -7.9 0    19.5 0    85.8 0     3.2 0 -9999.9 1 -9999.9 1
 1995 185  7  4  6 27  6.450 116.71    -3.3 0    -0.5 0     0.8 0 -9999.9 1   404.1 0   296.0 0   295.6 0   414.5 0   292.7 0   292.7 0     0.0 0     0.0 0     0.0 0   -10.4 0   -10.4 0    19.8 0    85.7 0     3.1 0 -9999.9 1 -9999.9 1
 1995 185  7  4  6 30  6.500 116.63    -3.4 0    -0.4 0     0.9 0 -9999.9 1   412.9 0   296.1 0   295.7 0   415.3 0   292.7 0   292.8 0     0.0 0     0.0 0     0.0 0    -2.4 0    -2.4 0    19.8 0    85.5 0     3.1 0 -9999.9 1 -9999.9 1
 1995 185  7  4  6 33  6.550 116.55    -3.3 0    -0.4 0     0.9 0 -9999.9 1   414.2 0   296.2 0   295.7 0   415.7 0   292.8 0   292.8 0     0.0 0     0.0 0     0.0 0    -1.5 0    -1.5 0    19.6 0    85.5 0     3.5 0 -9999.9 1 -9999.9 1
 1995 185  7  4  6 36  6.600 116.46    -4.1 0    -0.1 0     1.0 0 -9999.9 1   415.3 0   296.3 0   295.8 0   416.1 0   292.8 0   292.9 0     0.0 0     0.0 0     0.0 0    -0.8 0    -0.8 0    19.5 0    85.5 0     3.6 0 -9999.9 1 -9999.9 1
 1995 185  7  4  6 39  6.650 116.36    -2.4 0    -0.9 0     0.9 0 -9999.9 1   415.3 0   296.3 0   295.9 0   416.5 0   292.9 0   293.0 0     0.0 0     0.0 0     0.0 0    -1.2 0    -1.2 0    19.6 0    85.4 0     3.8 0 -9999.9 1 -9999.9 1
 1995 185  7  4  6 42  6.700 116.25    -2.9 0    -0.6 0     0.8 0 -9999.9 1   414.1 0   296.4 0   295.9 0   416.7 0   292.9 0   293.0 0     0.0 0     0.0 0     0.0 0    -2.6 0    -2.6 0    19.7 0    85.3 0     3.8 0 -9999.9 1 -9999.9 1
 1995 185  7  4  6 45  6.750 116.14    -3.7 0    -0.3 0     0.6 0 -9999.9 1   409.8 0   296.5 0   296.0 0   416.6 0   293.0 0   293.1 0     0.0 0     0.0 0     0.0 0    -6.7 0    -6.7 0    19.8 0    85.2 0     4.0 0 -9999.9 1 -9999.9 1
 1995 185  7  4  6 48  6.800 116.02    -2.7 0    -0.6 0     0.6 0 -9999.9 1   416.0 0   296.5 0   296.0 0   417.0 0   293.0 0   293.1 0     0.0 0     0.0 0     0.0 0    -1.0 0    -1.0 0    19.9 0    85.1 0     4.2 0 -9999.9 1 -9999.9 1
 1995 185  7  4  6 51  6.850 115.89    -3.7 0    -0.3 0     0.6 0 -9999.9 1   415.4 0   296.6 0   296.1 0   417.4 0   293.1 0   293.2 0     0.0 0     0.0 0     0.0 0    -1.9 0    -1.9 0    19.8 0    85.0 0     4.3 0 -9999.9 1 -9999.9 1
 1995 185  7  4  6 54  6.900 115.76    -3.5 0    -0.4 0     0.6 0 -9999.9 1   412.6 0   296.6 0   296.1 0   417.3 0   293.1 0   293.2 0     0.0 0     0.0 0     0.0 0    -4.7 0    -4.7 0    19.8 0    85.0 0     4.4 0 -9999.9 1 -9999.9 1
 1995 185  7  4  6 57  6.950 115.62    -2.5 0    -0.8 0     0.3 0 -9999.9 1   413.8 0   296.7 0   296.1 0   417.4 0   293.2 0   293.2 0     0.0 0     0.0 0     0.0 0    -3.6 0    -3.6 0    19.3 0    85.1 0     4.6 0 -9999.9 1 -9999.9 1
 1995 185  7  4  7  0  7.000 115.47    -3.3 0    -0.4 0     0.2 0 -9999.9 1   415.1 0   296.7 0   296.2 0   417.5 0   293.2 0   293.2 0     0.0 0     0.0 0     0.0 0    -2.5 0    -2.5 0    19.8 0    84.9 0     4.2 0 -9999.9 1 -9999.9 1
 1995 185  7  4  7  3  7.050 115.31    -1.3 0    -0.8 0     0.3 0 -9999.9 1   417.1 0   296.7 0   296.2 0   417.8 0   293.2 0   293.3 0     0.0 0     0.0 0     0.0 0    -0.7 0    -0.7 0    19.5 0    85.1 0     4.6 0 -9999.9 1 -9999.9 1
 1995 185  7  4  7  6  7.100 115.14    -4.3 0    -0.2 0     0.3 0 -9999.9 1   416.9 0   296.7 0   296.2 0   418.0 0   293.2 0   293.3 0     0.0 0     0.0 0     0.0 0    -1.1 0    -1.1 0    20.1 0    84.7 0     4.3 0 -9999.9 1 -9999.9 1
 1995 185  7  4  7  9  7.150 114.97    -3.4 0    -0.2 0     0.3 0 -9999.9 1   417.7 0   296.8 0   296.2 0   418.3 0   293.3 0   293.3 0     0.0 0     0.0 0     0.0 0    -0.6 0    -0.6 0    19.9 0    84.8 0     4.7 0 -9999.9 1 -9999.9 1
 1995 185  7  4  7 12  7.200 114.80    -3.6 0    -0.3 0     0.3 0 -9999.9 1   418.4 0   296.8 0   296.3 0   418.3 0   293.3 0   293.4 0     0.0 0     0.0 0     0.0 0     0.0 0     0.0 0    20.0 0    84.7 0     4.5 0 -9999.9 1 -9999.9 1
 1995 185  7  4  7 15  7.250 114.61    -3.5 0    -0.3 0     0.3 0 -9999.9 1   419.0 0   296.8 0   296.3 0   418.5 0   293.3 0   293.4 0     0.0 0     0.0 0     0.0 0     0.0 0     0.0 0    20.0 0    84.6 0     5.1 0 -9999.9 1 -9999.9 1
 1995 185  7  4  7 18  7.300 114.42    -3.5 0    -0.2 0     0.3 0 -9999.9 1   419.1 0   296.9 0   296.3 0   418.6 0   293.3 0   293.4 0     0.0 0     0.0 0     0.0 0     0.0 0     0.0 0    20.0 0    84.6 0     4.7 0 -9999.9 1 -9999.9 1
 1995 185  7  4  7 21  7.350 114.22    -3.5 0    -0.2 0     0.2 0 -9999.9 1   418.7 0   296.9 0   296.3 0   418.7 0   293.4 0   293.4 0     0.0 0     0.0 0     0.0 0     0.0 0     0.0 0    19.9 0    84.6 0     4.2 0 -9999.9 1 -9999.9 1
 1995 185  7  4  7 24  7.400 114.01    -3.4 0    -0.2 0     0.1 0 -9999.9 1   415.8 0   296.9 0   296.4 0   418.6 0   293.4 0   293.4 0     0.0 0     0.0 0     0.0 0    -2.9 0    -2.9 0    20.1 0    84.5 0     4.1 0 -9999.9 1 -9999.9 1
 1995 185  7  4  7 27  7.450 113.80    -3.4 0    -0.1 0     0.0 0 -9999.9 1   407.8 0   296.9 0   296.4 0   418.0 0   293.4 0   293.4 0     0.0 0     0.0 0     0.0 0   -10.2 0   -10.2 0    20.2 0    84.5 0     4.2 0 -9999.9 1 -9999.9 1
 1995 185  7  4  7 30  7.500 113.58    -3.5 0    -0.2 0    -0.2 0 -9999.9 1   408.0 0   296.9 0   296.4 0   417.8 0   293.4 0   293.4 0     0.0 0     0.0 0     0.0 0    -9.9 0    -9.9 0    20.1 0    84.5 0     4.7 0 -9999.9 1 -9999.9 1
 1995 185  7  4  7 33  7.550 113.36    -3.6 0    -0.3 0    -0.2 0 -9999.9 1   408.4 0   296.9 0   296.4 0   417.9 0   293.4 0   293.4 0     0.0 0     0.0 0     0.0 0    -9.5 0    -9.5 0    20.1 0    84.5 0     4.7 0 -9999.9 1 -9999.9 1
 1995 185  7  4  7 36  7.600 113.12    -3.6 0    -0.7 0    -0.1 0 -9999.9 1   407.0 0   296.9 0   296.4 0   418.0 0   293.4 0   293.4 0     0.0 0     0.0 0     0.0 0   -11.0 0   -11.0 0    19.7 0    84.7 0     4.8 0 -9999.9 1 -9999.9 1
 1995 185  7  4  7 39  7.650 112.89    -3.5 0    -1.0 0    -0.4 0 -9999.9 1   389.3 0   296.9 0   296.3 0   416.9 0   293.4 0   293.4 0     0.0 0     0.0 0     0.0 0   -27.6 0   -27.6 0    19.9 0    84.6 0     4.5 0 -9999.9 1 -9999.9 1
 1995 185  7  4  7 42  7.700 112.64    -3.7 0    -0.5 0    -0.7 0 -9999.9 1   377.6 0   296.9 0   296.3 0   415.3 0   293.4 0   293.4 0     0.0 0     0.0 0     0.0 0   -37.7 0   -37.7 0    20.0 0    84.5 0     4.0 0 -9999.9 1 -9999.9 1
 1995 185  7  4  7 45  7.750 112.39    -3.8 0    -0.3 0    -0.8 0 -9999.9 1   383.0 0   296.9 0   296.2 0   415.0 0   293.4 0   293.4 0     0.0 0     0.0 0     0.0 0   -32.0 0   -32.0 0    19.9 0    84.6 0     4.1 0 -9999.9 1 -9999.9 1
 1995 185  7  4  7 48  7.800 112.13    -3.8 0    -0.1 0    -0.3 0 -9999.9 1   394.2 0   296.9 0   296.2 0   415.9 0   293.3 0   293.4 0     0.0 0     0.1 0     0.0 0   -21.7 0   -21.7 0    20.7 0    84.3 0     4.8 0 -9999.9 1 -9999.9 1
 1995 185  7  4  7 51  7.850 111.87    -3.9 0    -0.4 0    -0.1 0 -9999.9 1   377.1 0   296.8 0   296.1 0   415.4 0   293.3 0   293.4 0     0.0 0     0.0 0     0.0 0   -38.4 0   -38.4 0    20.0 0    84.6 0     5.4 0 -9999.9 1 -9999.9 1
 1995 185  7  4  7 54  7.900 111.60    -4.1 0    -0.5 0    -0.5 0 -9999.9 1   372.1 0   296.8 0   296.1 0   414.6 0   293.3 0   293.3 0     0.0 0     0.0 0     0.0 0   -42.4 0   -42.4 0    20.0 0    84.5 0     5.3 0 -9999.9 1 -9999.9 1
 1995 185  7  4  7 57  7.950 111.32    -4.0 0    -0.4 0    -0.6 0 -9999.9 1   381.3 0   296.7 0   296.0 0   414.7 0   293.3 0   293.3 0     0.0 0     0.0 0     0.0 0   -33.4 0   -33.4 0    19.9 0    84.6 0     5.0 0 -9999.9 1 -9999.9 1
 1995 185  7  4  8  0  8.000 111.04    -4.0 0    -0.3 0    -0.2 0 -9999.9 1   384.2 0   296.7 0   296.0 0   415.2 0   293.3 0   293.3 0     0.0 0     0.0 0     0.0 0   -31.0 0   -31.0 0    20.0 0    84.5 0     5.5 0 -9999.9 1 -9999.9 1
 1995 185  7  4  8  3  8.050 110.75    -4.1 0    -0.6 0    -0.2 0 -9999.9 1   370.7 0   296.7 0   296.0 0   414.3 0   293.3 0   293.3 0     0.0 0     0.0 0     0.0 0   -43.5 0   -43.5 0    19.9 0    84.6 0     5.0 0 -9999.9 1 -9999.9 1
 1995 185  7  4  8  6  8.100 110.46    -4.1 0    -0.5 0    -0.2 0 -9999.9 1   394.4 0   296.6 0   296.0 0   415.2 0   293.2 0   293.3 0     0.0 0     0.0 0     0.0 0   -20.8 0   -20.8 0    19.9 0    84.6 0     4.9 0 -9999.9 1 -9999.9 1
 1995 185  7  4  8  9  8.150 110.16    -3.9 0    -0.4 0     0.4 0 -9999.9 1   410.3 0   296.6 0   296.0 0   416.6 0   293.2 0   293.3 0     0.0 0     0.0 0     0.0 0    -6.4 0    -6.4 0    19.9 0    84.6 0     4.9 0 -9999.9 1 -9999.9 1
 1995 185  7  4  8 12  8.200 109.86    -3.6 0    -0.3 0     0.6 0 -9999.9 1   407.2 0   296.6 0   296.0 0   416.8 0   293.2 0   293.3 0     0.0 0     0.0 0     0.0 0    -9.7 0    -9.7 0    19.9 0    84.6 0     4.8 0 -9999.9 1 -9999.9 1
 1995 185  7  4  8 15  8.250 109.55    -3.6 0    -0.2 0     0.1 0 -9999.9 1   386.2 0   296.6 0   296.0 0   415.7 0   293.2 0   293.3 0     0.0 0     0.0 0     0.0 0   -29.5 0   -29.5 0    19.8 0    84.6 0     4.3 0 -9999.9 1 -9999.9 1
 1995 185  7  4  8 18  8.300 109.23    -3.8 0    -0.1 0    -0.5 0 -9999.9 1   380.2 0   296.6 0   296.0 0   414.3 0   293.2 0   293.3 0     0.0 0     0.0 0     0.0 0   -34.1 0   -34.1 0    19.9 0    84.6 0     4.3 0 -9999.9 1 -9999.9 1
 1995 185  7  4  8 21  8.350 108.91    -3.7 0    -0.1 0    -0.4 0 -9999.9 1   403.0 0   296.6 0   296.0 0   415.4 0   293.2 0   293.2 0     0.0 0     0.0 0     0.0 0   -12.4 0   -12.4 0    19.8 0    84.7 0     4.0 0 -9999.9 1 -9999.9 1
 1995 185  7  4  8 24  8.400 108.58    -3.6 0    -0.1 0    -0.1 0 -9999.9 1   403.7 0   296.6 0   296.0 0   415.9 0   293.2 0   293.2 0     0.0 0     0.0 0     0.0 0   -12.2 0   -12.2 0    19.9 0    84.7 0     4.0 0 -9999.9 1 -9999.9 1
 1995 185  7  4  8 27  8.450 108.25    -3.5 0    -0.1 0    -0.1 0 -9999.9 1   405.0 0   296.6 0   296.0 0   416.0 0   293.2 0   293.2 0     0.0 0     0.0 0     0.0 0   -10.9 0   -10.9 0    19.7 0    84.8 0     4.3 0 -9999.9 1 -9999.9 1
 1995 185  7  4  8 30  8.500 107.91    -3.5 0     0.0 0    -0.2 0 -9999.9 1   397.0 0   296.6 0   296.0 0   415.7 0   293.1 0   293.2 0     0.0 0     0.0 0     0.0 0   -18.7 0   -18.7 0    19.8 0    84.8 0     4.7 0 -9999.9 1 -9999.9 1
 1995 185  7  4  8 33  8.550 107.57    -3.7 0    -0.2 0    -0.4 0 -9999.9 1   389.0 0   296.6 0   295.9 0   414.7 0   293.1 0   293.2 0     0.0 0     0.0 0     0.0 0   -25.8 0   -25.8 0    19.8 0    84.8 0     4.3 0 -9999.9 1 -9999.9 1
 1995 185  7  4  8 36  8.600 107.22    -3.8 0     0.0 0    -0.6 0 -9999.9 1   377.7 0   296.6 0   295.9 0   413.7 0   293.1 0   293.1 0     0.0 0     0.0 0     0.0 0   -35.9 0   -35.9 0    19.7 0    84.9 0     4.1 0 -9999.9 1 -9999.9 1
 1995 185  7  4  8 39  8.650 106.87    -3.8 0     0.1 0    -0.8 0 -9999.9 1   371.1 0   296.5 0   295.8 0   412.4 0   293.0 0   293.1 0     0.0 0     0.0 0     0.0 0   -41.3 0   -41.3 0    19.6 0    84.9 0     4.1 0 -9999.9 1 -9999.9 1
 1995 185  7  4  8 42  8.700 106.51    -3.9 0     0.1 0    -1.0 0 -9999.9 1   371.5 0   296.5 0   295.8 0   411.9 0   293.0 0   293.0 0     0.0 0     0.0 0     0.0 0   -40.4 0   -40.4 0    19.6 0    85.0 0     4.0 0 -9999.9 1 -9999.9 1
 1995 185  7  4  8 45  8.750 106.15    -4.0 0     0.0 0    -0.9 0 -9999.9 1   373.3 0   296.4 0   295.7 0   411.7 0   292.9 0   293.0 0     0.0 0     0.0 0     0.0 0   -38.4 0   -38.4 0    19.4 0    85.1 0     3.9 0 -9999.9 1 -9999.9 1
 1995 185  7  4  8 48  8.800 105.79    -3.8 0     0.1 0    -0.8 0 -9999.9 1   374.0 0   296.4 0   295.7 0   411.5 0   292.9 0   292.9 0     0.0 0     0.0 0     0.0 0   -37.5 0   -37.5 0    19.4 0    85.2 0     3.7 0 -9999.9 1 -9999.9 1
 1995 185  7  4  8 51  8.850 105.41    -3.8 0     0.1 0    -0.6 0 -9999.9 1   371.7 0   296.3 0   295.6 0   411.5 0   292.8 0   292.9 0     0.0 0     0.0 0     0.0 0   -39.8 0   -39.8 0    19.4 0    85.2 0     4.6 0 -9999.9 1 -9999.9 1
 1995 185  7  4  8 54  8.900 105.04    -3.9 0     0.0 0    -0.5 0 -9999.9 1   371.4 0   296.2 0   295.5 0   411.5 0   292.8 0   292.8 0     0.0 0     0.0 0     0.0 0   -40.1 0   -40.1 0    19.4 0    85.2 0     4.8 0 -9999.9 1 -9999.9 1
 1995 185  7  4  8 57  8.950 104.66    -4.0 0    -0.1 0    -0.4 0 -9999.9 1   373.2 0   296.2 0   295.5 0   411.7 0   292.8 0   292.8 0     0.0 0     0.0 0     0.0 0   -38.6 0   -38.6 0    19.3 0    85.3 0     5.1 0 -9999.9 1 -9999.9 1
 1995 185  7  4  9  0  9.000 104.27    -4.1 0    -0.2 0     0.4 0 -9999.9 1   382.4 0   296.2 0   295.5 0   412.4 0   292.7 0   292.8 0     0.0 0     0.0 0     0.0 0   -30.0 0   -30.0 0    19.5 0    85.2 0     5.3 0 -9999.9 1 -9999.9 1
 1995 185  7  4  9  3  9.050 103.88    -3.9 0    -0.3 0     0.5 0 -9999.9 1   395.4 0   296.1 0   295.5 0   413.6 0   292.8 0   292.8 0     0.0 0     0.0 0     0.0 0   -18.3 0   -18.3 0    19.6 0    85.2 0     5.6 0 -9999.9 1 -9999.9 1
 1995 185  7  4  9  6  9.100 103.49    -3.9 0    -0.3 0     0.4 0 -9999.9 1   376.9 0   296.1 0   295.5 0   412.7 0   292.8 0   292.8 0     0.0 0     0.0 0     0.0 0   -35.8 0   -35.8 0    19.5 0    85.2 0     5.6 0 -9999.9 1 -9999.9 1
 1995 185  7  4  9  9  9.150 103.09    -4.0 0    -0.3 0     0.4 0 -9999.9 1   388.8 0   296.1 0   295.5 0   413.5 0   292.8 0   292.9 0     0.0 0     0.0 0     0.0 0   -24.7 0   -24.7 0    19.6 0    85.1 0     6.1 0 -9999.9 1 -9999.9 1
 1995 185  7  4  9 12  9.200 102.69    -4.1 0    -0.5 0     1.0 0 -9999.9 1   407.4 0   296.1 0   295.5 0   415.1 0   292.8 0   292.9 0     0.0 0     0.0 0     0.0 0    -7.7 0    -7.7 0    19.6 0    85.1 0     6.2 0 -9999.9 1 -9999.9 1
 1995 185  7  4  9 15  9.250 102.29    -3.9 0    -0.6 0     1.0 0 -9999.9 1   413.3 0   296.1 0   295.6 0   416.0 0   292.9 0   293.0 0     0.0 0     0.0 0     0.0 0    -2.8 0    -2.8 0    19.5 0    85.0 0     6.3 0 -9999.9 1 -9999.9 1
 1995 185  7  4  9 18  9.300 101.88    -3.9 0    -0.5 0     1.1 0 -9999.9 1   408.4 0   296.2 0   295.7 0   416.3 0   293.0 0   293.1 0     0.0 0     0.0 0     0.0 0    -7.9 0    -7.9 0    19.7 0    84.9 0     5.8 0 -9999.9 1 -9999.9 1
 1995 185  7  4  9 21  9.350 101.46    -4.0 0    -0.4 0     0.7 0 -9999.9 1   393.0 0   296.2 0   295.6 0   415.5 0   293.0 0   293.1 0     0.0 0     0.0 0     0.0 0   -22.6 0   -22.6 0    19.9 0    84.7 0     5.9 0 -9999.9 1 -9999.9 1
 1995 185  7  4  9 24  9.400 101.04    -4.2 0    -0.3 0     0.2 0 -9999.9 1   388.7 0   296.3 0   295.7 0   415.2 0   293.1 0   293.1 0     0.0 0     0.0 0     0.0 0   -26.5 0   -26.5 0    19.8 0    84.7 0     5.7 0 -9999.9 1 -9999.9 1
 1995 185  7  4  9 27  9.450 100.62    -4.2 0    -0.1 0    -0.2 0 -9999.9 1   387.4 0   296.3 0   295.7 0   414.7 0   293.1 0   293.1 0     0.0 0     0.0 0     0.0 0   -27.3 0   -27.3 0    19.7 0    84.8 0     5.3 0 -9999.9 1 -9999.9 1
 1995 185  7  4  9 30  9.500 100.20    -4.3 0    -0.1 0    -0.2 0 -9999.9 1   394.3 0   296.3 0   295.7 0   415.1 0   293.1 0   293.1 0     0.0 0     0.0 0     0.0 0   -20.7 0   -20.7 0    19.8 0    84.7 0     5.9 0 -9999.9 1 -9999.9 1
 1995 185  7  4  9 33  9.550  99.77    -4.2 0    -0.3 0     0.1 0 -9999.9 1   396.1 0   296.3 0   295.7 0   415.6 0   293.1 0   293.1 0     0.0 0     0.0 0     0.0 0   -19.5 0   -19.5 0    19.8 0    84.8 0     6.0 0 -9999.9 1 -9999.9 1
 1995 185  7  4  9 36  9.600  99.34    -4.2 0    -0.2 0     0.1 0 -9999.9 1   402.0 0   296.3 0   295.7 0   415.6 0   293.1 0   293.1 0     0.0 0     0.0 0     0.0 0   -13.6 0   -13.6 0    19.8 0    84.7 0     6.1 0 -9999.9 1 -9999.9 1
 1995 185  7  4  9 39  9.650  98.90    -4.2 0    -0.3 0     0.4 0 -9999.9 1   407.5 0   296.4 0   295.8 0   416.4 0   293.1 0   293.2 0     0.0 0     0.0 0     0.0 0    -8.9 0    -8.9 0    19.8 0    84.7 0     5.8 0 -9999.9 1 -9999.9 1
 1995 185  7  4  9 42  9.700  98.46    -4.1 0    -0.3 0     0.5 0 -9999.9 1   411.4 0   296.4 0   295.8 0   416.8 0   293.1 0   293.2 0     0.0 0     0.0 0     0.0 0    -5.4 0    -5.4 0    19.8 0    84.7 0     6.0 0 -9999.9 1 -9999.9 1
 1995 185  7  4  9 45  9.750  98.02    -4.2 0    -0.2 0     0.4 0 -9999.9 1   409.3 0   296.4 0   295.8 0   416.8 0   293.2 0   293.2 0     0.0 0     0.0 0     0.0 0    -7.5 0    -7.5 0    19.9 0    84.7 0     6.3 0 -9999.9 1 -9999.9 1
 1995 185  7  4  9 48  9.800  97.57    -4.0 0    -0.2 0     0.3 0 -9999.9 1   416.4 0   296.4 0   295.9 0   417.3 0   293.2 0   293.2 0     0.0 0     0.0 0     0.0 0    -0.9 0    -0.9 0    19.8 0    84.8 0     6.2 0 -9999.9 1 -9999.9 1
 1995 185  7  4  9 51  9.850  97.12    -4.0 0    -0.3 0     0.3 0 -9999.9 1   419.8 0   296.5 0   295.9 0   417.5 0   293.2 0   293.2 0     0.0 0     0.0 0     0.0 0     0.0 0     0.0 0    19.8 0    84.8 0     6.2 0 -9999.9 1 -9999.9 1
 1995 185  7  4  9 54  9.900  96.67    -4.0 0    -0.1 0     0.2 0 -9999.9 1   420.0 0   296.5 0   295.9 0   417.7 0   293.2 0   293.2 0     0.0 0     0.0 0     0.0 0     0.0 0     0.0 0    19.9 0    84.8 0     6.0 0 -9999.9 1 -9999.9 1
 1995 185  7  4  9 57  9.950  96.21    -3.9 0    -0.3 0     0.2 0 -9999.9 1   418.8 0   296.5 0   296.0 0   417.7 0   293.2 0   293.2 0     0.0 0     0.0 0     0.0 0     0.0 0     0.0 0    19.8 0    84.9 0     5.6 0 -9999.9 1 -9999.9 1
 1995 185  7  4 10  0 10.000  95.75    -3.6 0    -0.4 0     0.0 0 -9999.9 1   413.3 0   296.5 0   296.0 0   417.4 0   293.2 0   293.2 0     0.0 0     0.0 0     0.0 0    -4.2 0    -4.2 0    19.9 0    84.9 0     5.8 0 -9999.9 1 -9999.9 1
 1995 185  7  4 10  3 10.050  95.29    -3.8 0    -0.4 0     0.1 0 -9999.9 1   408.6 0   296.6 0   296.0 0   417.4 0   293.2 0   293.2 0     0.0 0     0.0 0     0.0 0    -8.7 0    -8.7 0    19.8 0    85.0 0     6.2 0 -9999.9 1 -9999.9 1
 1995 185  7  4 10  6 10.100  94.82    -3.9 0    -0.1 0    -0.3 0 -9999.9 1   395.3 0   296.6 0   296.0 0   416.4 0   293.2 0   293.2 0     0.0 0     0.0 0     0.0 0   -21.1 0   -21.1 0    19.8 0    85.0 0     6.0 0 -9999.9 1 -9999.9 1
 1995 185  7  4 10  9 10.150  94.36    -4.0 0    -0.1 0    -0.5 0 -9999.9 1   397.7 0   296.6 0   295.9 0   416.3 0   293.2 0   293.2 0     0.0 0     0.0 0     0.0 0   -18.6 0   -18.6 0    19.8 0    85.1 0     6.3 0 -9999.9 1 -9999.9 1
 1995 185  7  4 10 12 10.200  93.88    -4.1 0    -0.1 0    -0.4 0 -9999.9 1   398.8 0   296.6 0   295.9 0   416.1 0   293.2 0   293.2 0     0.0 0     0.1 0     0.0 0   -17.3 0   -17.3 0    19.7 0    85.1 0     6.3 0 -9999.9 1 -9999.9 1
 1995 185  7  4 10 15 10.250  93.41    -3.8 0     0.0 0    -0.5 0 -9999.9 1   394.6 0   296.5 0   295.9 0   415.8 0   293.1 0   293.2 0     0.0 0     0.1 0     0.0 0   -21.2 0   -21.2 0    19.7 0    85.2 0     6.7 0 -9999.9 1 -9999.9 1
 1995 185  7  4 10 18 10.300  92.93    -3.4 0     0.0 0    -0.6 0 -9999.9 1   389.5 0   296.5 0   295.8 0   415.3 0   293.1 0   293.1 0     0.0 0     0.2 0     0.0 0   -25.8 0   -25.8 0    19.7 0    85.3 0     6.5 0 -9999.9 1 -9999.9 1
 1995 185  7  4 10 21 10.350  92.45    -2.7 0     0.2 0    -0.4 0 -9999.9 1   387.2 0   296.5 0   295.8 0   415.1 0   293.1 0   293.1 0     0.0 0     0.4 0     0.0 0   -27.9 0   -27.9 0    19.6 0    85.4 0     6.9 0 -9999.9 1 -9999.9 1
 1995 185  7  4 10 24 10.400  91.97    -2.1 0     0.4 0    -0.5 0 -9999.9 1   388.4 0   296.4 0   295.8 0   414.9 0   293.0 0   293.1 0     0.0 0     0.6 0     0.0 0   -26.4 0   -26.4 0    19.7 0    85.4 0     6.3 0 -9999.9 1 -9999.9 1
 1995 185  7  4 10 27 10.450  91.48    -2.0 0     0.2 0    -0.2 0 -9999.9 1   394.6 0   296.4 0   295.7 0   415.3 0   293.0 0   293.1 0     0.0 0     0.6 0     0.0 0   -20.7 0   -20.7 0    19.7 0    85.5 0     6.9 0 -9999.9 1 -9999.9 1
 1995 185  7  4 10 30 10.500  91.00    -2.3 0     0.0 0     0.0 0 -9999.9 1   412.9 0   296.4 0   295.8 0   416.1 0   293.0 0   293.0 0     0.0 0     0.6 0     0.0 0    -3.2 0    -3.2 0    19.6 0    85.6 0     5.7 0 -9999.9 1 -9999.9 1
 1995 185  7  4 10 33 10.550  89.82    -2.2 0    -0.1 0     0.4 0 -9999.9 1   415.9 0   296.4 0   295.8 0   416.7 0   293.0 0   293.0 0     0.1 0     0.7 0     0.0 0    -0.8 0    -0.8 0    19.6 0    85.7 0     6.5 0 -9999.9 1 -9999.9 1
 1995 185  7  4 10 36 10.600  89.45    -2.0 0    -0.1 0     0.5 0 -9999.9 1   417.3 0   296.4 0   295.8 0   417.1 0   293.0 0   293.1 0     0.1 0     0.7 0     0.0 0     0.0 0     0.0 0    19.7 0    85.8 0     6.3 0 -9999.9 1 -9999.9 1
 1995 185  7  4 10 39 10.650  89.05    -2.0 0    -0.2 0     0.6 0 -9999.9 1   417.8 0   296.4 0   295.8 0   417.4 0   293.0 0   293.1 0     0.2 0     0.8 0     0.0 0     0.0 0     0.0 0    19.7 0    85.8 0     7.0 0 -9999.9 1 -9999.9 1
 1995 185  7  4 10 42 10.700  88.62    -1.5 0     0.2 0     0.4 0 -9999.9 1   417.8 0   296.4 0   295.9 0   417.6 0   293.0 0   293.1 0     0.2 0     1.1 0     0.0 0     0.0 0     0.0 0    19.7 0    85.8 0     6.8 0 -9999.9 1 -9999.9 1
 1995 185  7  4 10 45 10.750  88.18    -1.2 0     0.2 0     0.3 0 -9999.9 1   417.7 0   296.4 0   295.9 0   417.7 0   293.1 0   293.1 0     0.2 0     1.2 0     0.0 0     0.0 0     0.0 0    19.7 0    85.9 0     6.6 0 -9999.9 1 -9999.9 1
 1995 185  7  4 10 48 10.800  87.72    -1.1 0     0.2 0     0.4 0 -9999.9 1   417.8 0   296.5 0   295.9 0   417.9 0   293.1 0   293.1 0     0.2 0     1.3 0     0.0 0    -0.1 0    -0.1 0    19.8 0    85.9 0     6.9 0 -9999.9 1 -9999.9 1
 1995 185  7  4 10 51 10.850  87.25    -0.5 0     0.3 0     0.4 0 -9999.9 1   418.1 0   296.5 0   295.9 0   418.1 0   293.1 0   293.2 0     0.2 0     1.7 0     0.0 0     0.0 0     0.0 0    19.8 0    86.0 0     6.5 0 -9999.9 1 -9999.9 1
 1995 185  7  4 10 54 10.900  86.77     1.0 0     0.5 0     0.6 0 -9999.9 1   418.7 0   296.5 0   295.9 0   418.5 0   293.1 0   293.2 0     0.3 0     2.4 0     0.4 0     0.0 0     0.4 0    19.8 0    86.0 0     7.3 0 -9999.9 1 -9999.9 1
 1995 185  7  4 10 57 10.950  86.29     1.5 0     0.7 0     0.5 0 -9999.9 1   418.5 0   296.5 0   296.0 0   418.7 0   293.2 0   293.3 0     0.3 0     2.7 0     0.8 0    -0.2 0     0.6 0    19.9 0    86.0 0     6.6 0 -9999.9 1 -9999.9 1
 1995 185  7  4 11  0 11.000  85.79     2.9 0     1.0 0     0.6 0 -9999.9 1   418.8 0   296.6 0   296.0 0   419.3 0   293.2 0   293.3 0     0.4 0     3.4 0     1.9 0    -0.5 0     1.4 0    20.3 0    85.9 0     7.5 0 -9999.9 1 -9999.9 1
 1995 185  7  4 11  3 11.050  85.30     4.7 0     1.1 0     0.7 0 -9999.9 1   419.0 0   296.6 0   296.1 0   419.4 0   293.3 0   293.4 0     0.5 0     4.1 0     3.6 0    -0.4 0     3.1 0    19.9 0    86.0 0     7.9 0 -9999.9 1 -9999.9 1
 1995 185  7  4 11  6 11.100  84.80     5.8 0     1.5 0     0.6 0 -9999.9 1   418.8 0   296.7 0   296.1 0   419.5 0   293.3 0   293.4 0     0.5 0     4.5 0     4.3 0    -0.7 0     3.6 0    20.0 0    86.0 0     6.8 0 -9999.9 1 -9999.9 1
 1995 185  7  4 11  9 11.150  84.29     7.6 0     1.9 0     0.3 0 -9999.9 1   418.9 0   296.7 0   296.2 0   419.6 0   293.4 0   293.4 0     0.7 0     5.3 0     5.7 0    -0.6 0     5.1 0    19.9 0    86.0 0     6.2 0 -9999.9 1 -9999.9 1
 1995 185  7  4 11 12 11.200  83.78    11.4 0     2.6 0     0.3 0 -9999.9 1   419.0 0   296.7 0   296.2 0   419.7 0   293.4 0   293.5 0     0.8 0     6.9 0     8.8 0    -0.7 0     8.1 0    19.9 0    86.0 0     6.1 0 -9999.9 1 -9999.9 1
 1995 185  7  4 11 15 11.250  83.27    13.9 0     3.3 0     0.3 0 -9999.9 1   419.2 0   296.8 0   296.3 0   420.0 0   293.4 0   293.5 0     1.0 0     8.1 0    10.6 0    -0.9 0     9.8 0    20.0 0    86.0 0     6.9 0 -9999.9 1 -9999.9 1
 1995 185  7  4 11 18 11.300  82.76    13.5 0     3.2 0     0.2 0 -9999.9 1   419.1 0   296.8 0   296.3 0   420.0 0   293.4 0   293.5 0     1.0 0     7.9 0    10.3 0    -0.9 0     9.4 0    20.0 0    86.0 0     7.1 0 -9999.9 1 -9999.9 1
 1995 185  7  4 11 21 11.350  82.24    14.4 0     3.6 0     0.1 0 -9999.9 1   419.2 0   296.9 0   296.3 0   420.1 0   293.4 0   293.5 0     1.1 0     8.4 0    10.8 0    -0.9 0     9.9 0    20.0 0    86.0 0     6.8 0 -9999.9 1 -9999.9 1
 1995 185  7  4 11 24 11.400  81.72    16.6 0     4.0 0     0.1 0 -9999.9 1   419.1 0   296.9 0   296.3 0   420.2 0   293.4 0   293.5 0     1.2 0     9.4 0    12.6 0    -1.1 0    11.6 0    20.1 0    86.0 0     7.0 0 -9999.9 1 -9999.9 1
 1995 185  7  4 11 27 11.450  81.20    16.3 0     3.9 0     0.1 0 -9999.9 1   419.2 0   296.9 0   296.4 0   420.3 0   293.4 0   293.5 0     1.2 0     9.3 0    12.4 0    -1.1 0    11.2 0    19.9 0    86.1 0     6.2 0 -9999.9 1 -9999.9 1
 1995 185  7  4 11 30 11.500  80.67    18.1 0     4.2 0     0.1 0 -9999.9 1   419.2 0   296.9 0   296.4 0   420.4 0   293.5 0   293.5 0     1.4 0    10.1 0    14.0 0    -1.2 0    12.8 0    20.0 0    86.1 0     7.4 0 -9999.9 1 -9999.9 1
 1995 185  7  4 11 33 11.550  80.14    20.5 0     4.6 0     0.1 0 -9999.9 1   419.4 0   296.9 0   296.4 0   420.5 0   293.5 0   293.5 0     1.6 0    11.2 0    15.9 0    -1.1 0    14.8 0    20.1 0    86.1 0     6.5 0 -9999.9 1 -9999.9 1
 1995 185  7  4 11 36 11.600  79.61    23.6 0     5.3 0     0.2 0 -9999.9 1   419.5 0   297.0 0   296.4 0   420.8 0   293.5 0   293.5 0     1.7 0    12.7 0    18.4 0    -1.3 0    17.1 0    19.6 0    86.3 0     6.9 0 -9999.9 1 -9999.9 1
 1995 185  7  4 11 39 11.650  79.08    27.3 0     6.0 0     0.3 0 -9999.9 1   419.0 0   297.0 0   296.5 0   421.1 0   293.5 0   293.6 0     2.0 0    14.3 0    21.3 0    -2.0 0    19.3 0    20.1 0    86.1 0     6.4 0 -9999.9 1 -9999.9 1
 1995 185  7  4 11 42 11.700  78.55    28.0 0     6.1 0     0.2 0 -9999.9 1   419.3 0   297.0 0   296.5 0   421.0 0   293.5 0   293.6 0     2.2 0    14.6 0    21.9 0    -1.7 0    20.1 0    20.0 0    86.1 0     6.0 0 -9999.9 1 -9999.9 1
 1995 185  7  4 11 45 11.750  78.01    31.0 0     6.8 0     0.3 0 -9999.9 1   419.6 0   297.0 0   296.5 0   421.1 0   293.5 0   293.6 0     2.4 0    16.0 0    24.2 0    -1.6 0    22.6 0    20.0 0    86.1 0     7.7 0 -9999.9 1 -9999.9 1
 1995 185  7  4 11 48 11.800  77.48    37.2 0     8.1 0     0.2 0 -9999.9 1   419.7 0   297.1 0   296.5 0   421.4 0   293.5 0   293.6 0     2.9 0    18.9 0    29.1 0    -1.7 0    27.4 0    20.3 0    86.0 0     8.6 0 -9999.9 1 -9999.9 1
 1995 185  7  4 11 51 11.850  76.94    41.2 0     8.7 0     0.5 0 -9999.9 1   419.5 0   297.1 0   296.6 0   421.8 0   293.6 0   293.7 0     3.3 0    20.7 0    32.5 0    -2.3 0    30.3 0    20.2 0    86.1 0     7.6 0 -9999.9 1 -9999.9 1
 1995 185  7  4 11 54 11.900  76.40    45.2 0     9.5 0     0.6 0 -9999.9 1   419.0 0   297.1 0   296.6 0   422.0 0   293.6 0   293.7 0     3.7 0    22.7 0    35.7 0    -3.0 0    32.7 0    20.3 0    86.0 0     7.6 0 -9999.9 1 -9999.9 1
 1995 185  7  4 11 57 11.950  75.86    45.3 0     9.6 0     0.6 0 -9999.9 1   419.3 0   297.2 0   296.7 0   422.3 0   293.7 0   293.7 0     3.7 0    22.7 0    35.8 0    -2.9 0    32.8 0    20.1 0    86.1 0     8.4 0 -9999.9 1 -9999.9 1
 1995 185  7  4 12  0 12.000  75.31    51.7 0    11.0 0     0.4 0 -9999.9 1   418.5 0   297.2 0   296.7 0   422.6 0   293.7 0   293.8 0     4.3 0    25.7 0    40.7 0    -4.1 0    36.6 0    20.2 0    86.1 0     7.9 0 -9999.9 1 -9999.9 1
 1995 185  7  4 12  3 12.050  74.77    54.0 0    11.4 0     0.5 0 -9999.9 1   419.1 0   297.2 0   296.8 0   422.7 0   293.7 0   293.8 0     4.5 0    26.7 0    42.7 0    -3.6 0    39.0 0    20.3 0    86.1 0     8.0 0 -9999.9 1 -9999.9 1
 1995 185  7  4 12  6 12.100  74.22    53.0 0    11.4 0     0.3 0 -9999.9 1   419.5 0   297.3 0   296.8 0   422.9 0   293.7 0   293.8 0     4.5 0    26.3 0    41.6 0    -3.5 0    38.1 0    20.4 0    86.0 0     7.5 0 -9999.9 1 -9999.9 1
 1995 185  7  4 12  9 12.150  73.67    60.7 0    13.0 0     0.3 0 -9999.9 1   419.5 0   297.3 0   296.8 0   423.4 0   293.8 0   293.9 0     5.1 0    29.7 0    47.7 0    -3.9 0    43.8 0    20.3 0    86.1 0     8.2 0 -9999.9 1 -9999.9 1
 1995 185  7  4 12 12 12.200  73.12    63.3 0    13.3 0     0.6 0 -9999.9 1   419.7 0   297.4 0   296.9 0   423.8 0   293.8 0   293.9 0     5.2 0    30.7 0    49.9 0    -4.1 0    45.9 0    20.3 0    86.0 0     7.8 0 -9999.9 1 -9999.9 1
 1995 185  7  4 12 15 12.250  72.57    68.0 0    14.3 0     0.4 0 -9999.9 1   420.2 0   297.4 0   296.9 0   423.7 0   293.8 0   293.9 0     5.7 0    32.9 0    53.7 0    -3.6 0    50.1 0    20.5 0    86.0 0     8.6 0 -9999.9 1 -9999.9 1
 1995 185  7  4 12 18 12.300  72.02    68.4 0    14.2 0     0.6 0 -9999.9 1   419.8 0   297.5 0   297.1 0   424.4 0   293.9 0   294.0 0     6.0 0    33.1 0    54.1 0    -4.6 0    49.6 0    20.3 0    86.0 0     7.9 0 -9999.9 1 -9999.9 1
 1995 185  7  4 12 21 12.350  71.47    67.6 0    13.9 0     0.4 0 -9999.9 1   420.0 0   297.5 0   297.1 0   424.5 0   293.9 0   294.0 0     6.4 0    33.0 0    53.7 0    -4.5 0    49.2 0    20.5 0    85.9 0     8.3 0 -9999.9 1 -9999.9 1
 1995 185  7  4 12 24 12.400  70.92    72.2 0    15.0 0     0.1 0 -9999.9 1   420.4 0   297.6 0   297.1 0   424.4 0   294.0 0   294.0 0     7.0 0    35.2 0    57.2 0    -4.0 0    53.2 0    20.3 0    85.9 0     8.6 0 -9999.9 1 -9999.9 1
 1995 185  7  4 12 27 12.450  70.36    95.9 0    19.4 0     0.5 0 -9999.9 1   416.8 0   297.6 0   297.2 0   425.4 0   294.0 0   294.1 0     9.0 0    45.8 0    76.5 0    -8.6 0    68.0 0    20.1 0    86.0 0     7.8 0 -9999.9 1 -9999.9 1
 1995 185  7  4 12 30 12.500  69.80    88.7 0    18.1 0     0.9 0 -9999.9 1   419.7 0   297.7 0   297.3 0   425.8 0   294.0 0   294.1 0     8.4 0    42.5 0    70.6 0    -6.2 0    64.5 0    20.6 0    85.9 0     7.5 0 -9999.9 1 -9999.9 1
 1995 185  7  4 12 33 12.550  69.25    93.8 0    19.2 0     0.6 0 -9999.9 1   420.2 0   297.8 0   297.4 0   425.7 0   294.1 0   294.2 0     8.8 0    44.9 0    74.6 0    -5.5 0    69.1 0    20.5 0    85.9 0     8.7 0 -9999.9 1 -9999.9 1
 1995 185  7  4 12 36 12.600  68.69    80.5 0    17.2 0     0.0 0 -9999.9 1   421.2 0   297.8 0   297.4 0   425.6 0   294.1 0   294.2 0     7.3 0    38.8 0    63.2 0    -4.4 0    58.8 0    20.4 0    85.9 0     9.0 0 -9999.9 1 -9999.9 1
 1995 185  7  4 12 39 12.650  68.13    79.0 0    16.9 0     0.1 0 -9999.9 1   421.2 0   297.9 0   297.4 0   425.8 0   294.1 0   294.2 0     7.5 0    38.2 0    62.1 0    -4.5 0    57.6 0    21.0 0    85.7 0     9.1 0 -9999.9 1 -9999.9 1
 1995 185  7  4 12 42 12.700  67.57    82.9 0    17.8 0     0.1 0 -9999.9 1   421.5 0   297.9 0   297.4 0   425.7 0   294.1 0   294.2 0     8.0 0    39.9 0    65.2 0    -4.2 0    60.9 0    20.7 0    85.8 0     9.3 0 -9999.9 1 -9999.9 1
 1995 185  7  4 12 45 12.750  67.01    82.0 0    17.5 0    -0.2 0 -9999.9 1   421.9 0   297.9 0   297.4 0   425.6 0   294.2 0   294.3 0     8.5 0    39.8 0    64.5 0    -3.7 0    60.7 0    20.6 0    85.8 0     9.6 0 -9999.9 1 -9999.9 1
 1995 185  7  4 12 48 12.800  66.44    93.0 0    19.4 0     0.3 0 -9999.9 1   421.9 0   297.9 0   297.5 0   426.5 0   294.2 0   294.3 0     9.2 0    44.8 0    73.7 0    -4.6 0    69.1 0    20.2 0    86.0 0     8.2 0 -9999.9 1 -9999.9 1
 1995 185  7  4 12 51 12.850  65.88    81.9 0    17.2 0     0.7 0 -9999.9 1   421.5 0   298.0 0   297.6 0   426.7 0   294.2 0   294.4 0     8.5 0    39.4 0    64.7 0    -5.2 0    59.5 0    20.8 0    85.8 0     7.9 0 -9999.9 1 -9999.9 1
 1995 185  7  4 12 54 12.900  65.32    77.2 0    15.7 0     0.3 0 -9999.9 1   421.9 0   298.0 0   297.6 0   426.4 0   294.3 0   294.4 0     9.2 0    37.9 0    61.5 0    -4.4 0    57.1 0    20.9 0    85.8 0     7.7 0 -9999.9 1 -9999.9 1
 1995 185  7  4 12 57 12.950  64.75    86.7 0    18.0 0     0.3 0 -9999.9 1   421.8 0   298.1 0   297.7 0   426.7 0   294.3 0   294.4 0     9.6 0    41.8 0    68.7 0    -4.9 0    63.8 0    20.8 0    85.7 0     9.1 0 -9999.9 1 -9999.9 1
 1995 185  7  4 13  0 13.000  64.19    93.5 0    19.4 0    -0.4 0 -9999.9 1   421.4 0   298.1 0   297.6 0   426.5 0   294.3 0   294.4 0    11.8 0    45.4 0    74.1 0    -5.0 0    69.0 0    20.7 0    85.7 0     9.9 0 -9999.9 1 -9999.9 1
 1995 185  7  4 13  3 13.050  63.62   122.2 0    25.2 0     0.8 0 -9999.9 1   420.6 0   298.2 0   297.8 0   427.8 0   294.4 0   294.5 0    13.5 0    57.8 0    97.0 0    -7.1 0    89.9 0    20.8 0    85.7 0     9.0 0 -9999.9 1 -9999.9 1
 1995 185  7  4 13  6 13.100  63.05   127.7 0    26.6 0     1.0 0 -9999.9 1   420.8 0   298.2 0   297.9 0   428.4 0   294.4 0   294.5 0    13.7 0    59.9 0   101.1 0    -7.6 0    93.6 0    20.9 0    85.7 0     8.8 0 -9999.9 1 -9999.9 1
 1995 185  7  4 13  9 13.150  62.49   135.8 0    27.5 0     0.9 0 -9999.9 1   420.7 0   298.3 0   298.0 0   428.6 0   294.5 0   294.6 0    15.6 0    64.0 0   108.3 0    -7.9 0   100.3 0    21.1 0    85.6 0     8.4 0 -9999.9 1 -9999.9 1
 1995 185  7  4 13 12 13.200  61.92   104.0 0    21.5 0     0.2 0 -9999.9 1   422.2 0   298.4 0   298.0 0   428.1 0   294.5 0   294.6 0    12.8 0    49.8 0    82.5 0    -5.9 0    76.6 0    20.9 0    85.6 0     9.6 0 -9999.9 1 -9999.9 1
 1995 185  7  4 13 15 13.250  61.35    90.3 0    18.8 0    -0.2 0 -9999.9 1   422.7 0   298.4 0   298.0 0   428.0 0   294.5 0   294.6 0    12.0 0    43.7 0    71.4 0    -5.3 0    66.1 0    20.9 0    85.6 0     9.1 0 -9999.9 1 -9999.9 1
 1995 185  7  4 13 18 13.300  60.78    97.4 0    19.8 0     0.1 0 -9999.9 1   422.7 0   298.4 0   298.1 0   428.4 0   294.6 0   294.7 0    12.7 0    47.1 0    77.6 0    -5.7 0    71.8 0    21.0 0    85.5 0     7.6 0 -9999.9 1 -9999.9 1
 1995 185  7  4 13 21 13.350  60.21    93.7 0    19.2 0     0.1 0 -9999.9 1   423.2 0   298.5 0   298.1 0   428.3 0   294.6 0   294.7 0    12.6 0    45.3 0    74.5 0    -5.1 0    69.3 0    21.1 0    85.4 0     9.3 0 -9999.9 1 -9999.9 1
 1995 185  7  4 13 24 13.400  59.64   101.4 0    20.7 0     0.0 0 -9999.9 1   423.2 0   298.5 0   298.1 0   428.6 0   294.6 0   294.8 0    13.6 0    49.0 0    80.7 0    -5.4 0    75.3 0    21.2 0    85.4 0     8.2 0 -9999.9 1 -9999.9 1
 1995 185  7  4 13 27 13.450  59.07   111.5 0    22.6 0     0.5 0 -9999.9 1   423.1 0   298.6 0   298.2 0   429.4 0   294.7 0   294.8 0    15.2 0    53.5 0    88.9 0    -6.3 0    82.7 0    21.1 0    85.5 0     8.2 0 -9999.9 1 -9999.9 1
 1995 185  7  4 13 30 13.500  58.50   112.5 0    22.6 0     0.5 0 -9999.9 1   423.9 0   298.6 0   298.2 0   429.5 0   294.7 0   294.9 0    16.5 0    54.3 0    89.9 0    -5.7 0    84.2 0    21.0 0    85.5 0     9.5 0 -9999.9 1 -9999.9 1
 1995 185  7  4 13 33 13.550  57.93   142.3 0    28.5 0     0.9 0 -9999.9 1   423.3 0   298.7 0   298.4 0   430.5 0   294.8 0   294.9 0    18.9 0    67.7 0   113.9 0    -7.2 0   106.6 0    21.2 0    85.3 0     8.2 0 -9999.9 1 -9999.9 1
 1995 185  7  4 13 36 13.600  57.35   117.1 0    24.1 0     0.8 0 -9999.9 1   424.2 0   298.8 0   298.4 0   430.3 0   294.9 0   295.0 0    16.4 0    56.2 0    93.0 0    -6.2 0    86.8 0    21.3 0    85.3 0     9.4 0 -9999.9 1 -9999.9 1
 1995 185  7  4 13 39 13.650  56.78   109.4 0    22.5 0     0.6 0 -9999.9 1   424.7 0   298.8 0   298.5 0   430.6 0   294.9 0   295.1 0    15.2 0    53.0 0    86.9 0    -5.8 0    81.0 0    21.4 0    85.2 0     8.2 0 -9999.9 1 -9999.9 1
 1995 185  7  4 13 42 13.700  56.21   130.4 0    26.3 0     0.5 0 -9999.9 1   425.0 0   298.9 0   298.5 0   431.0 0   295.0 0   295.1 0    17.8 0    63.0 0   104.1 0    -6.0 0    98.1 0    21.4 0    85.2 0     8.9 0 -9999.9 1 -9999.9 1
 1995 185  7  4 13 45 13.750  55.64   101.2 0    20.8 0     0.5 0 -9999.9 1   425.5 0   298.9 0   298.6 0   431.1 0   295.1 0   295.2 0    14.3 0    49.6 0    80.4 0    -5.6 0    74.7 0    21.5 0    85.2 0     8.1 0 -9999.9 1 -9999.9 1
 1995 185  7  4 13 48 13.800  55.06   107.9 0    21.7 0     0.3 0 -9999.9 1   425.9 0   299.0 0   298.6 0   431.1 0   295.1 0   295.2 0    16.3 0    53.3 0    86.2 0    -5.3 0    80.9 0    21.5 0    85.1 0     8.3 0 -9999.9 1 -9999.9 1
 1995 185  7  4 13 51 13.850  54.49   128.0 0    26.1 0     0.7 0 -9999.9 1   425.9 0   299.0 0   298.7 0   431.9 0   295.2 0   295.3 0    17.6 0    62.6 0   101.9 0    -6.0 0    95.9 0    21.6 0    85.1 0     7.9 0 -9999.9 1 -9999.9 1
 1995 185  7  4 13 54 13.900  53.92   130.2 0    26.1 0     1.1 0 -9999.9 1   425.9 0   299.1 0   298.9 0   432.8 0   295.2 0   295.4 0    17.2 0    63.7 0   104.1 0    -6.9 0    97.2 0    21.7 0    85.1 0     8.3 0 -9999.9 1 -9999.9 1
 1995 185  7  4 13 57 13.950  53.34    93.3 0    18.7 0    -0.2 0 -9999.9 1   427.2 0   299.2 0   298.8 0   431.8 0   295.3 0   295.4 0    14.2 0    47.2 0    74.6 0    -4.6 0    70.0 0    21.7 0    85.1 0     9.4 0 -9999.9 1 -9999.9 1
 1995 185  7  4 14  0 14.000  52.77    97.3 0    19.6 0    -0.5 0 -9999.9 1   427.4 0   299.2 0   298.8 0   432.0 0   295.3 0   295.4 0    14.8 0    49.0 0    77.7 0    -4.5 0    73.2 0    21.8 0    85.2 0     8.6 0 -9999.9 1 -9999.9 1
 1995 185  7  4 14  3 14.050  52.20    89.8 0    17.8 0    -0.2 0 -9999.9 1   427.7 0   299.2 0   298.8 0   432.1 0   295.3 0   295.4 0    14.5 0    45.7 0    72.0 0    -4.4 0    67.5 0    21.8 0    85.2 0     8.1 0 -9999.9 1 -9999.9 1
 1995 185  7  4 14  6 14.100  51.62   102.4 0    20.5 0     0.2 0 -9999.9 1   428.0 0   299.3 0   298.8 0   432.4 0   295.4 0   295.5 0    15.3 0    51.4 0    82.0 0    -4.4 0    77.5 0    21.8 0    85.2 0     9.3 0 -9999.9 1 -9999.9 1
 1995 185  7  4 14  9 14.150  51.05    85.1 0    17.0 0    -0.1 0 -9999.9 1   428.7 0   299.3 0   298.8 0   432.2 0   295.4 0   295.5 0    13.6 0    43.6 0    68.0 0    -3.6 0    64.5 0    21.9 0    85.2 0     9.0 0 -9999.9 1 -9999.9 1
 1995 185  7  4 14 12 14.200  50.48   103.1 0    20.2 0     0.5 0 -9999.9 1   428.0 0   299.3 0   298.9 0   433.0 0   295.4 0   295.6 0    16.2 0    52.2 0    82.9 0    -4.9 0    78.0 0    21.8 0    85.2 0     8.7 0 -9999.9 1 -9999.9 1
 1995 185  7  4 14 15 14.250  49.90    78.5 0    15.2 0     0.1 0 -9999.9 1   428.9 0   299.3 0   298.9 0   432.8 0   295.5 0   295.6 0    12.9 0    40.7 0    63.3 0    -3.9 0    59.4 0    21.9 0    85.2 0     7.7 0 -9999.9 1 -9999.9 1
 1995 185  7  4 14 18 14.300  49.33    73.9 0    14.2 0     0.2 0 -9999.9 1   429.2 0   299.4 0   299.0 0   432.9 0   295.5 0   295.6 0    12.5 0    38.5 0    59.7 0    -3.7 0    56.0 0    22.1 0    85.2 0     7.5 0 -9999.9 1 -9999.9 1
 1995 185  7  4 14 21 14.350  48.76    92.0 0    17.5 0     0.4 0 -9999.9 1   429.1 0   299.4 0   299.0 0   433.5 0   295.6 0   295.7 0    15.7 0    47.5 0    74.5 0    -4.4 0    70.1 0    22.1 0    85.2 0     7.1 0 -9999.9 1 -9999.9 1
 1995 185  7  4 14 24 14.400  48.18    81.6 0    15.9 0     0.5 0 -9999.9 1   429.6 0   299.5 0   299.0 0   433.4 0   295.6 0   295.7 0    13.7 0    42.1 0    65.7 0    -3.9 0    61.8 0    22.1 0    85.2 0     9.1 0 -9999.9 1 -9999.9 1
 1995 185  7  4 14 27 14.450  47.61    96.5 0    18.5 0     0.7 0 -9999.9 1   429.7 0   299.5 0   299.1 0   434.1 0   295.7 0   295.8 0    16.6 0    49.7 0    78.0 0    -4.4 0    73.6 0    22.2 0    85.1 0     8.5 0 -9999.9 1 -9999.9 1
 1995 185  7  4 14 30 14.500  47.04   107.7 0    20.7 0     0.7 0 -9999.9 1   430.1 0   299.5 0   299.1 0   434.3 0   295.7 0   295.8 0    18.9 0    55.3 0    87.1 0    -4.3 0    82.8 0    22.1 0    85.1 0     9.3 0 -9999.9 1 -9999.9 1
 1995 185  7  4 14 33 14.550  46.47    97.7 0    18.7 0     0.8 0 -9999.9 1   430.1 0   299.6 0   299.2 0   434.8 0   295.8 0   295.9 0    16.8 0    50.2 0    78.9 0    -4.6 0    74.3 0    22.2 0    85.1 0     8.8 0 -9999.9 1 -9999.9 1
 1995 185  7  4 14 36 14.600  45.90    63.8 0    12.3 0     0.0 0 -9999.9 1   431.2 0   299.6 0   299.2 0   434.1 0   295.8 0   295.9 0    11.9 0    34.3 0    51.6 0    -2.9 0    48.7 0    22.3 0    85.0 0     9.1 0 -9999.9 1 -9999.9 1
 1995 185  7  4 14 39 14.650  45.33    67.4 0    13.2 0    -0.2 0 -9999.9 1   431.2 0   299.6 0   299.2 0   434.1 0   295.9 0   296.0 0    12.5 0    35.9 0    54.2 0    -2.9 0    51.4 0    22.3 0    85.0 0     9.1 0 -9999.9 1 -9999.9 1
 1995 185  7  4 14 42 14.700  44.76   111.5 0    21.2 0     0.7 0 -9999.9 1   430.7 0   299.7 0   299.3 0   435.0 0   295.9 0   296.0 0    21.4 0    57.1 0    90.2 0    -4.3 0    85.9 0    22.4 0    84.9 0     8.8 0 -9999.9 1 -9999.9 1
 1995 185  7  4 14 45 14.750  44.19   123.9 0    24.4 0     0.0 0 -9999.9 1   431.5 0   299.7 0   299.2 0   435.1 0   296.0 0   296.1 0    23.5 0    62.0 0    99.5 0    -3.6 0    95.9 0    22.4 0    84.9 0     9.4 0 -9999.9 1 -9999.9 1
 1995 185  7  4 14 48 14.800  43.62   112.0 0    21.8 0     0.6 0 -9999.9 1   431.1 0   299.8 0   299.3 0   435.4 0   296.0 0   296.1 0    23.2 0    56.3 0    90.2 0    -4.3 0    85.9 0    22.5 0    84.9 0     9.7 0 -9999.9 1 -9999.9 1
 1995 185  7  4 14 51 14.850  43.06   117.8 0    23.3 0     0.7 0 -9999.9 1   431.3 0   299.8 0   299.4 0   435.7 0   296.1 0   296.2 0    24.0 0    59.0 0    94.5 0    -4.5 0    90.1 0    22.4 0    84.9 0     8.7 0 -9999.9 1 -9999.9 1
 1995 185  7  4 14 54 14.900  42.49   156.3 0    30.6 0     1.5 0 -9999.9 1   430.3 0   299.9 0   299.6 0   436.8 0   296.1 0   296.3 0    30.8 0    76.5 0   125.7 0    -6.5 0   119.2 0    22.6 0    84.8 0     9.4 0 -9999.9 1 -9999.9 1
 1995 185  7  4 14 57 14.950  41.92   136.6 0    26.6 0     1.3 0 -9999.9 1   431.1 0   300.0 0   299.6 0   437.2 0   296.2 0   296.3 0    26.9 0    67.6 0   110.0 0    -6.1 0   103.9 0    22.6 0    84.7 0    10.3 0 -9999.9 1 -9999.9 1
 1995 185  7  4 15  0 15.000  41.36    82.3 0    16.0 0     0.1 0 -9999.9 1   432.7 0   300.0 0   299.5 0   436.4 0   296.3 0   296.4 0    18.2 0    42.9 0    66.3 0    -3.7 0    62.6 0    22.7 0    84.7 0    10.2 0 -9999.9 1 -9999.9 1
 1995 185  7  4 15  3 15.050  40.80    84.0 0    16.3 0    -0.1 0 -9999.9 1   432.8 0   300.0 0   299.6 0   436.3 0   296.3 0   296.4 0    18.2 0    44.0 0    67.7 0    -3.5 0    64.2 0    22.8 0    84.6 0     8.9 0 -9999.9 1 -9999.9 1
 1995 185  7  4 15  6 15.100  40.24   129.0 0    25.0 0     0.7 0 -9999.9 1   432.0 0   300.1 0   299.7 0   437.5 0   296.3 0   296.5 0    25.7 0    64.7 0   104.0 0    -5.5 0    98.5 0    22.9 0    84.5 0     9.1 0 -9999.9 1 -9999.9 1
 1995 185  7  4 15  9 15.150  39.67   107.2 0    21.2 0     0.5 0 -9999.9 1   433.0 0   300.1 0   299.7 0   437.4 0   296.4 0   296.5 0    21.6 0    54.9 0    86.1 0    -4.4 0    81.7 0    22.7 0    84.6 0     9.5 0 -9999.9 1 -9999.9 1
 1995 185  7  4 15 12 15.200  39.12   117.6 0    23.0 0     0.7 0 -9999.9 1   432.5 0   300.2 0   299.8 0   438.0 0   296.4 0   296.6 0    24.0 0    59.9 0    94.6 0    -5.5 0    89.1 0    22.9 0    84.5 0     9.0 0 -9999.9 1 -9999.9 1
 1995 185  7  4 15 15 15.250  38.56   122.5 0    24.1 0     0.5 0 -9999.9 1   433.1 0   300.2 0   299.8 0   438.0 0   296.5 0   296.6 0    25.6 0    62.0 0    98.4 0    -4.9 0    93.5 0    23.0 0    84.4 0     9.2 0 -9999.9 1 -9999.9 1
 1995 185  7  4 15 18 15.300  38.00   137.6 0    27.0 0     0.6 0 -9999.9 1   432.8 0   300.3 0   299.9 0   438.8 0   296.5 0   296.7 0    27.6 0    69.1 0   110.6 0    -6.0 0   104.6 0    23.0 0    84.4 0     9.4 0 -9999.9 1 -9999.9 1
 1995 185  7  4 15 21 15.350  37.45   228.8 0    43.1 0     0.9 0 -9999.9 1   442.9 0   300.2 0   298.8 0   440.1 0   296.6 0   296.7 0    47.4 0   114.8 0   185.7 0     0.0 0   185.7 0    23.0 0    84.4 0     9.5 0 -9999.9 1 -9999.9 1
