 Bondville
   40.05  -88.37  213 m version 1
 1995 188  7  7 17 39 17.650  18.01   970.2 0   180.2 0   577.6 0 -9999.9 1 -9999.9 1 -9999.9 1   305.4 0 -9999.9 1 -9999.9 1 -9999.9 1   185.4 0   392.8 0   790.1 0 -9999.9 1 -9999.9 1    24.1 0    46.6 0     5.6 0 -9999.9 1 -9999.9 1
 1995 188  7  7 17 42 17.700  17.87  1014.9 0   187.7 0   616.5 0 -9999.9 1 -9999.9 1 -9999.9 1   305.6 0 -9999.9 1 -9999.9 1 -9999.9 1   192.6 0   408.8 0   827.2 0 -9999.9 1 -9999.9 1    24.2 0    46.8 0     6.1 0 -9999.9 1 -9999.9 1
 1995 188  7  7 17 45 17.750  17.75   957.2 0   177.9 0   558.1 0 -9999.9 1 -9999.9 1 -9999.9 1   305.4 0 -9999.9 1 -9999.9 1 -9999.9 1   186.2 0   387.0 0   779.3 0 -9999.9 1 -9999.9 1    23.8 0    46.8 0     7.1 0 -9999.9 1 -9999.9 1
 1995 188  7  7 17 48 17.800  17.64   824.9 0   153.6 0   433.7 0 -9999.9 1 -9999.9 1 -9999.9 1   305.3 0 -9999.9 1 -9999.9 1 -9999.9 1   167.6 0   335.9 0   671.3 0 -9999.9 1 -9999.9 1    24.2 0    46.5 0     6.6 0 -9999.9 1 -9999.9 1
 1995 188  7  7 17 51 17.850  17.57   705.4 0   132.4 0   327.6 0 -9999.9 1 -9999.9 1 -9999.9 1   305.0 0 -9999.9 1 -9999.9 1 -9999.9 1   149.6 0   289.1 0   573.0 0 -9999.9 1 -9999.9 1    24.1 0    45.5 0     5.9 0 -9999.9 1 -9999.9 1
 1995 188  7  7 17 54 17.900  17.51   772.3 0   144.5 0   390.2 0 -9999.9 1 -9999.9 1 -9999.9 1   305.0 0 -9999.9 1 -9999.9 1 -9999.9 1   159.5 0   314.8 0   627.8 0 -9999.9 1 -9999.9 1    24.2 0    45.2 0     6.2 0 -9999.9 1 -9999.9 1
 1995 188  7  7 17 57 17.950  17.48   869.5 0   161.8 0   479.8 0 -9999.9 1 -9999.9 1 -9999.9 1   305.1 0 -9999.9 1 -9999.9 1 -9999.9 1   176.3 0   352.8 0   707.8 0 -9999.9 1 -9999.9 1    24.3 0    45.0 0     6.5 0 -9999.9 1 -9999.9 1
 1995 188  7  7 18  0 18.000  17.47   784.2 0   145.7 0   392.9 0 -9999.9 1 -9999.9 1 -9999.9 1   305.1 0 -9999.9 1 -9999.9 1 -9999.9 1   164.1 0   320.0 0   638.4 0 -9999.9 1 -9999.9 1    24.4 0    45.5 0     5.9 0 -9999.9 1 -9999.9 1
 1995 188  7  7 18  3 18.050  17.48   758.5 0   141.1 0   357.8 0 -9999.9 1 -9999.9 1 -9999.9 1   304.9 0 -9999.9 1 -9999.9 1 -9999.9 1   161.3 0   311.0 0   617.4 0 -9999.9 1 -9999.9 1    24.6 0    43.9 0     5.9 0 -9999.9 1 -9999.9 1
 1995 188  7  7 18  6 18.100  17.52   842.4 0   157.2 0   420.8 0 -9999.9 1 -9999.9 1 -9999.9 1   305.1 0 -9999.9 1 -9999.9 1 -9999.9 1   174.0 0   343.1 0   685.2 0 -9999.9 1 -9999.9 1    24.5 0    44.2 0     6.1 0 -9999.9 1 -9999.9 1
 1995 188  7  7 18  9 18.150  17.57   680.5 0   128.6 0   259.2 0 -9999.9 1 -9999.9 1 -9999.9 1   304.9 0 -9999.9 1 -9999.9 1 -9999.9 1   146.5 0   276.4 0   551.8 0 -9999.9 1 -9999.9 1    24.3 0    43.7 0     5.1 0 -9999.9 1 -9999.9 1
 1995 188  7  7 18 12 18.200  17.66   639.5 0   122.8 0   215.1 0 -9999.9 1 -9999.9 1 -9999.9 1   304.6 0 -9999.9 1 -9999.9 1 -9999.9 1   139.8 0   263.1 0   516.8 0 -9999.9 1 -9999.9 1    24.1 0    45.2 0     5.8 0 -9999.9 1 -9999.9 1
 1995 188  7  7 18 15 18.250  17.76   853.3 0   159.7 0   417.1 0 -9999.9 1 -9999.9 1 -9999.9 1   305.1 0 -9999.9 1 -9999.9 1 -9999.9 1   173.3 0   348.1 0   693.5 0 -9999.9 1 -9999.9 1    24.4 0    46.1 0     4.7 0 -9999.9 1 -9999.9 1
 1995 188  7  7 18 18 18.300  17.89   944.6 0   174.4 0   523.0 0 -9999.9 1 -9999.9 1 -9999.9 1   305.5 0 -9999.9 1 -9999.9 1 -9999.9 1   189.9 0   383.9 0   770.2 0 -9999.9 1 -9999.9 1    25.0 0    45.9 0     5.5 0 -9999.9 1 -9999.9 1
 1995 188  7  7 18 21 18.350  18.03  1002.4 0   184.6 0   600.2 0 -9999.9 1 -9999.9 1 -9999.9 1   305.7 0 -9999.9 1 -9999.9 1 -9999.9 1   200.9 0   407.6 0   817.8 0 -9999.9 1 -9999.9 1    24.4 0    45.6 0     5.3 0 -9999.9 1 -9999.9 1
 1995 188  7  7 18 24 18.400  18.20  1093.5 0   198.8 0   711.5 0 -9999.9 1 -9999.9 1 -9999.9 1   306.2 0 -9999.9 1 -9999.9 1 -9999.9 1   215.8 0   443.5 0   894.7 0 -9999.9 1 -9999.9 1    24.8 0    46.1 0     3.9 0 -9999.9 1 -9999.9 1
 1995 188  7  7 18 27 18.450  18.39  1092.3 0   199.4 0   740.4 0 -9999.9 1 -9999.9 1 -9999.9 1   306.4 0 -9999.9 1 -9999.9 1 -9999.9 1   213.7 0   440.3 0   892.9 0 -9999.9 1 -9999.9 1    25.2 0    45.8 0     4.9 0 -9999.9 1 -9999.9 1
 1995 188  7  7 18 30 18.500  18.60  1090.2 0   197.9 0   771.2 0 -9999.9 1 -9999.9 1 -9999.9 1   306.7 0 -9999.9 1 -9999.9 1 -9999.9 1   217.2 0   443.1 0   892.3 0 -9999.9 1 -9999.9 1    24.6 0    46.0 0     5.3 0 -9999.9 1 -9999.9 1
 1995 188  7  7 18 33 18.550  18.83  1065.8 0   193.5 0   779.9 0 -9999.9 1 -9999.9 1 -9999.9 1   306.6 0 -9999.9 1 -9999.9 1 -9999.9 1   215.8 0   435.4 0   872.3 0 -9999.9 1 -9999.9 1    24.8 0    44.8 0     6.1 0 -9999.9 1 -9999.9 1
 1995 188  7  7 18 36 18.600  19.07  1035.8 0   188.1 0   773.9 0 -9999.9 1 -9999.9 1 -9999.9 1   306.7 0 -9999.9 1 -9999.9 1 -9999.9 1   210.3 0   423.1 0   847.7 0 -9999.9 1 -9999.9 1    24.9 0    44.0 0     5.4 0 -9999.9 1 -9999.9 1
 1995 188  7  7 18 39 18.650  19.34  1017.8 0   183.7 0   783.1 0 -9999.9 1 -9999.9 1 -9999.9 1   306.7 0 -9999.9 1 -9999.9 1 -9999.9 1   208.1 0   417.4 0   834.1 0 -9999.9 1 -9999.9 1    24.9 0    45.4 0     5.3 0 -9999.9 1 -9999.9 1
 1995 188  7  7 18 42 18.700  19.62  1014.3 0   184.0 0   815.9 0 -9999.9 1 -9999.9 1 -9999.9 1   306.6 0 -9999.9 1 -9999.9 1 -9999.9 1   211.0 0   415.8 0   830.3 0 -9999.9 1 -9999.9 1    25.0 0    43.6 0     6.9 0 -9999.9 1 -9999.9 1
 1995 188  7  7 18 45 18.750  19.91  1008.8 0   182.5 0   827.1 0 -9999.9 1 -9999.9 1 -9999.9 1   306.6 0 -9999.9 1 -9999.9 1 -9999.9 1   210.9 0   412.4 0   826.4 0 -9999.9 1 -9999.9 1    25.3 0    42.4 0     6.9 0 -9999.9 1 -9999.9 1
 1995 188  7  7 18 48 18.800  20.23   989.1 0   177.9 0   805.7 0 -9999.9 1 -9999.9 1 -9999.9 1   306.8 0 -9999.9 1 -9999.9 1 -9999.9 1   205.7 0   405.6 0   811.2 0 -9999.9 1 -9999.9 1    25.2 0    42.5 0     4.9 0 -9999.9 1 -9999.9 1
 1995 188  7  7 18 51 18.850  20.55   999.6 0   178.9 0   820.3 0 -9999.9 1 -9999.9 1 -9999.9 1   306.8 0 -9999.9 1 -9999.9 1 -9999.9 1   207.4 0   410.5 0   820.7 0 -9999.9 1 -9999.9 1    25.3 0    42.1 0     5.7 0 -9999.9 1 -9999.9 1
 1995 188  7  7 18 54 18.900  20.89   996.9 0   179.8 0   803.9 0 -9999.9 1 -9999.9 1 -9999.9 1   306.7 0 -9999.9 1 -9999.9 1 -9999.9 1   205.3 0   408.1 0   817.1 0 -9999.9 1 -9999.9 1    25.4 0    42.0 0     5.9 0 -9999.9 1 -9999.9 1
 1995 188  7  7 18 57 18.950  21.25   927.8 0   167.9 0   696.6 0 -9999.9 1 -9999.9 1 -9999.9 1   306.8 0 -9999.9 1 -9999.9 1 -9999.9 1   190.0 0   380.9 0   760.0 0 -9999.9 1 -9999.9 1    25.1 0    42.6 0     5.4 0 -9999.9 1 -9999.9 1
 1995 188  7  7 19  0 19.000  21.62   915.4 0   166.9 0   634.1 0 -9999.9 1 -9999.9 1 -9999.9 1   306.8 0 -9999.9 1 -9999.9 1 -9999.9 1   185.3 0   376.1 0   748.5 0 -9999.9 1 -9999.9 1    25.3 0    43.8 0     5.6 0 -9999.9 1 -9999.9 1
 1995 188  7  7 19  3 19.050  22.00   727.3 0   132.7 0   421.4 0 -9999.9 1 -9999.9 1 -9999.9 1   306.3 0 -9999.9 1 -9999.9 1 -9999.9 1   155.4 0   300.3 0   594.7 0 -9999.9 1 -9999.9 1    25.3 0    42.5 0     6.7 0 -9999.9 1 -9999.9 1
 1995 188  7  7 19  6 19.100  22.39   896.8 0   165.2 0   595.3 0 -9999.9 1 -9999.9 1 -9999.9 1   306.4 0 -9999.9 1 -9999.9 1 -9999.9 1   178.1 0   368.1 0   731.6 0 -9999.9 1 -9999.9 1    25.4 0    41.3 0     5.3 0 -9999.9 1 -9999.9 1
 1995 188  7  7 19  9 19.150  22.79   972.1 0   177.1 0   706.8 0 -9999.9 1 -9999.9 1 -9999.9 1   306.8 0 -9999.9 1 -9999.9 1 -9999.9 1   192.9 0   399.2 0   795.0 0 -9999.9 1 -9999.9 1    25.6 0    41.2 0     6.4 0 -9999.9 1 -9999.9 1
 1995 188  7  7 19 12 19.200  23.20   990.5 0   180.9 0   755.0 0 -9999.9 1 -9999.9 1 -9999.9 1   306.9 0 -9999.9 1 -9999.9 1 -9999.9 1   195.3 0   406.0 0   809.6 0 -9999.9 1 -9999.9 1    25.7 0    41.0 0     6.1 0 -9999.9 1 -9999.9 1
 1995 188  7  7 19 15 19.250  23.62   965.6 0   176.4 0   752.2 0 -9999.9 1 -9999.9 1 -9999.9 1   307.0 0 -9999.9 1 -9999.9 1 -9999.9 1   190.8 0   395.5 0   789.2 0 -9999.9 1 -9999.9 1    25.9 0    41.6 0     5.7 0 -9999.9 1 -9999.9 1
 1995 188  7  7 19 18 19.300  24.05   986.9 0   180.8 0   796.6 0 -9999.9 1 -9999.9 1 -9999.9 1   307.0 0 -9999.9 1 -9999.9 1 -9999.9 1   194.8 0   405.7 0   806.1 0 -9999.9 1 -9999.9 1    25.7 0    40.5 0     6.8 0 -9999.9 1 -9999.9 1
 1995 188  7  7 19 21 19.350  24.49   971.5 0   178.3 0   801.1 0 -9999.9 1 -9999.9 1 -9999.9 1   307.1 0 -9999.9 1 -9999.9 1 -9999.9 1   192.4 0   399.8 0   793.2 0 -9999.9 1 -9999.9 1    25.8 0    40.4 0     6.4 0 -9999.9 1 -9999.9 1
 1995 188  7  7 19 24 19.400  24.94   956.5 0   175.1 0   803.6 0 -9999.9 1 -9999.9 1 -9999.9 1   307.1 0 -9999.9 1 -9999.9 1 -9999.9 1   189.3 0   393.5 0   781.4 0 -9999.9 1 -9999.9 1    26.1 0    39.4 0     6.7 0 -9999.9 1 -9999.9 1
 1995 188  7  7 19 27 19.450  25.39   946.8 0   173.8 0   809.4 0 -9999.9 1 -9999.9 1 -9999.9 1   307.1 0 -9999.9 1 -9999.9 1 -9999.9 1   187.4 0   389.8 0   772.9 0 -9999.9 1 -9999.9 1    25.8 0    38.3 0     7.1 0 -9999.9 1 -9999.9 1
 1995 188  7  7 19 30 19.500  25.85   920.5 0   168.7 0   790.8 0 -9999.9 1 -9999.9 1 -9999.9 1   307.1 0 -9999.9 1 -9999.9 1 -9999.9 1   180.5 0   377.6 0   751.8 0 -9999.9 1 -9999.9 1    26.1 0    38.6 0     5.9 0 -9999.9 1 -9999.9 1
 1995 188  7  7 19 33 19.550  26.32   907.8 0   166.5 0   785.4 0 -9999.9 1 -9999.9 1 -9999.9 1   307.2 0 -9999.9 1 -9999.9 1 -9999.9 1   176.7 0   373.3 0   741.3 0 -9999.9 1 -9999.9 1    26.1 0    39.1 0     5.0 0 -9999.9 1 -9999.9 1
 1995 188  7  7 19 36 19.600  26.80   898.1 0   164.3 0   786.5 0 -9999.9 1 -9999.9 1 -9999.9 1   307.3 0 -9999.9 1 -9999.9 1 -9999.9 1   174.2 0   370.0 0   733.8 0 -9999.9 1 -9999.9 1    26.0 0    39.5 0     5.1 0 -9999.9 1 -9999.9 1
 1995 188  7  7 19 39 19.650  27.28   899.4 0   165.7 0   806.1 0 -9999.9 1 -9999.9 1 -9999.9 1   307.2 0 -9999.9 1 -9999.9 1 -9999.9 1   175.4 0   369.4 0   733.7 0 -9999.9 1 -9999.9 1    26.1 0    39.2 0     6.2 0 -9999.9 1 -9999.9 1
 1995 188  7  7 19 42 19.700  27.77   900.0 0   165.9 0   825.6 0 -9999.9 1 -9999.9 1 -9999.9 1   307.2 0 -9999.9 1 -9999.9 1 -9999.9 1   176.1 0   370.0 0   734.1 0 -9999.9 1 -9999.9 1    26.4 0    38.3 0     6.4 0 -9999.9 1 -9999.9 1
 1995 188  7  7 19 45 19.750  28.26   895.5 0   164.1 0   833.6 0 -9999.9 1 -9999.9 1 -9999.9 1   307.3 0 -9999.9 1 -9999.9 1 -9999.9 1   174.8 0   370.4 0   731.4 0 -9999.9 1 -9999.9 1    26.3 0    38.6 0     5.7 0 -9999.9 1 -9999.9 1
 1995 188  7  7 19 48 19.800  28.76   900.4 0   165.8 0   852.3 0 -9999.9 1 -9999.9 1 -9999.9 1   307.3 0 -9999.9 1 -9999.9 1 -9999.9 1   175.6 0   373.1 0   734.6 0 -9999.9 1 -9999.9 1    26.2 0    38.1 0     5.5 0 -9999.9 1 -9999.9 1
 1995 188  7  7 19 51 19.850  29.26   894.4 0   164.7 0   855.5 0 -9999.9 1 -9999.9 1 -9999.9 1   307.3 0 -9999.9 1 -9999.9 1 -9999.9 1   174.0 0   371.3 0   729.7 0 -9999.9 1 -9999.9 1    26.1 0    38.2 0     6.6 0 -9999.9 1 -9999.9 1
 1995 188  7  7 19 54 19.900  29.77   888.0 0   164.3 0   856.9 0 -9999.9 1 -9999.9 1 -9999.9 1   307.1 0 -9999.9 1 -9999.9 1 -9999.9 1   172.1 0   369.2 0   723.6 0 -9999.9 1 -9999.9 1    26.1 0    37.7 0     6.7 0 -9999.9 1 -9999.9 1
 1995 188  7  7 19 57 19.950  30.28   885.2 0   163.5 0   863.5 0 -9999.9 1 -9999.9 1 -9999.9 1   307.1 0 -9999.9 1 -9999.9 1 -9999.9 1   170.8 0   368.3 0   721.7 0 -9999.9 1 -9999.9 1    25.9 0    37.8 0     5.8 0 -9999.9 1 -9999.9 1
 1995 188  7  7 20  0 20.000  30.80   885.4 0   163.2 0   876.6 0 -9999.9 1 -9999.9 1 -9999.9 1   307.2 0 -9999.9 1 -9999.9 1 -9999.9 1   170.3 0   368.8 0   722.3 0 -9999.9 1 -9999.9 1    26.3 0    37.5 0     6.4 0 -9999.9 1 -9999.9 1
 1995 188  7  7 20  3 20.050  31.32   864.5 0   159.5 0   853.6 0 -9999.9 1 -9999.9 1 -9999.9 1   307.3 0 -9999.9 1 -9999.9 1 -9999.9 1   164.5 0   360.1 0   705.1 0 -9999.9 1 -9999.9 1    26.1 0    37.9 0     5.1 0 -9999.9 1 -9999.9 1
 1995 188  7  7 20  6 20.100  31.84   855.3 0   157.8 0   850.4 0 -9999.9 1 -9999.9 1 -9999.9 1   307.4 0 -9999.9 1 -9999.9 1 -9999.9 1   161.4 0   356.2 0   697.5 0 -9999.9 1 -9999.9 1    26.6 0    38.0 0     5.2 0 -9999.9 1 -9999.9 1
 1995 188  7  7 20  9 20.150  32.37   849.7 0   159.2 0   851.8 0 -9999.9 1 -9999.9 1 -9999.9 1   307.1 0 -9999.9 1 -9999.9 1 -9999.9 1   159.6 0   353.8 0   690.5 0 -9999.9 1 -9999.9 1    26.2 0    36.8 0     6.9 0 -9999.9 1 -9999.9 1
 1995 188  7  7 20 12 20.200  32.90   848.1 0   158.2 0   857.1 0 -9999.9 1 -9999.9 1 -9999.9 1   307.2 0 -9999.9 1 -9999.9 1 -9999.9 1   158.5 0   354.0 0   689.8 0 -9999.9 1 -9999.9 1    27.5 0    37.0 0     5.6 0 -9999.9 1 -9999.9 1
 1995 188  7  7 20 15 20.250  33.43   845.3 0   157.8 0   862.1 0 -9999.9 1 -9999.9 1 -9999.9 1   307.4 0 -9999.9 1 -9999.9 1 -9999.9 1   156.8 0   353.0 0   687.5 0 -9999.9 1 -9999.9 1    26.9 0    37.4 0     6.1 0 -9999.9 1 -9999.9 1
 1995 188  7  7 20 18 20.300  33.97   833.8 0   157.4 0   850.5 0 -9999.9 1 -9999.9 1 -9999.9 1   307.3 0 -9999.9 1 -9999.9 1 -9999.9 1   153.0 0   348.1 0   676.4 0 -9999.9 1 -9999.9 1    26.8 0    37.5 0     5.7 0 -9999.9 1 -9999.9 1
 1995 188  7  7 20 21 20.350  34.51   830.0 0   155.6 0   852.3 0 -9999.9 1 -9999.9 1 -9999.9 1   307.5 0 -9999.9 1 -9999.9 1 -9999.9 1   151.3 0   346.7 0   674.4 0 -9999.9 1 -9999.9 1    26.7 0    38.0 0     4.9 0 -9999.9 1 -9999.9 1
 1995 188  7  7 20 24 20.400  35.05   821.0 0   156.0 0   848.3 0 -9999.9 1 -9999.9 1 -9999.9 1   307.2 0 -9999.9 1 -9999.9 1 -9999.9 1   148.1 0   343.2 0   665.0 0 -9999.9 1 -9999.9 1    26.7 0    37.4 0     7.3 0 -9999.9 1 -9999.9 1
 1995 188  7  7 20 27 20.450  35.59   809.7 0   154.4 0   840.1 0 -9999.9 1 -9999.9 1 -9999.9 1   307.2 0 -9999.9 1 -9999.9 1 -9999.9 1   144.3 0   338.5 0   655.3 0 -9999.9 1 -9999.9 1    26.5 0    37.3 0     5.8 0 -9999.9 1 -9999.9 1
 1995 188  7  7 20 30 20.500  36.14   806.4 0   153.9 0   843.1 0 -9999.9 1 -9999.9 1 -9999.9 1   307.3 0 -9999.9 1 -9999.9 1 -9999.9 1   142.3 0   336.9 0   652.5 0 -9999.9 1 -9999.9 1    26.7 0    38.1 0     6.2 0 -9999.9 1 -9999.9 1
 1995 188  7  7 20 33 20.550  36.69   802.3 0   154.8 0   843.6 0 -9999.9 1 -9999.9 1 -9999.9 1   307.2 0 -9999.9 1 -9999.9 1 -9999.9 1   140.2 0   335.9 0   647.5 0 -9999.9 1 -9999.9 1    26.2 0    37.9 0     6.8 0 -9999.9 1 -9999.9 1
 1995 188  7  7 20 36 20.600  37.24   794.2 0   153.1 0   843.0 0 -9999.9 1 -9999.9 1 -9999.9 1   307.3 0 -9999.9 1 -9999.9 1 -9999.9 1   137.4 0   332.6 0   641.1 0 -9999.9 1 -9999.9 1    26.7 0    38.0 0     6.1 0 -9999.9 1 -9999.9 1
 1995 188  7  7 20 39 20.650  37.79   786.6 0   151.9 0   839.6 0 -9999.9 1 -9999.9 1 -9999.9 1   307.4 0 -9999.9 1 -9999.9 1 -9999.9 1   134.6 0   329.5 0   634.7 0 -9999.9 1 -9999.9 1    26.8 0    37.6 0     6.0 0 -9999.9 1 -9999.9 1
 1995 188  7  7 20 42 20.700  38.35   784.5 0   151.6 0   845.7 0 -9999.9 1 -9999.9 1 -9999.9 1   307.4 0 -9999.9 1 -9999.9 1 -9999.9 1   132.9 0   328.5 0   632.9 0 -9999.9 1 -9999.9 1    27.5 0    37.2 0     6.5 0 -9999.9 1 -9999.9 1
 1995 188  7  7 20 45 20.750  38.90   775.1 0   151.6 0   840.8 0 -9999.9 1 -9999.9 1 -9999.9 1   307.2 0 -9999.9 1 -9999.9 1 -9999.9 1   130.0 0   325.0 0   623.5 0 -9999.9 1 -9999.9 1    26.4 0    36.8 0     7.4 0 -9999.9 1 -9999.9 1
 1995 188  7  7 20 48 20.800  39.46   774.9 0   151.1 0   848.4 0 -9999.9 1 -9999.9 1 -9999.9 1   307.2 0 -9999.9 1 -9999.9 1 -9999.9 1   128.5 0   325.2 0   623.8 0 -9999.9 1 -9999.9 1    27.0 0    36.9 0     6.3 0 -9999.9 1 -9999.9 1
 1995 188  7  7 20 51 20.850  40.02   765.7 0   151.1 0   838.1 0 -9999.9 1 -9999.9 1 -9999.9 1   307.1 0 -9999.9 1 -9999.9 1 -9999.9 1   125.4 0   320.7 0   614.5 0 -9999.9 1 -9999.9 1    26.4 0    35.7 0     7.8 0 -9999.9 1 -9999.9 1
 1995 188  7  7 20 54 20.900  40.58   705.8 0   139.0 0   757.1 0 -9999.9 1 -9999.9 1 -9999.9 1   307.1 0 -9999.9 1 -9999.9 1 -9999.9 1   116.9 0   296.6 0   566.8 0 -9999.9 1 -9999.9 1    26.6 0    35.4 0     5.6 0 -9999.9 1 -9999.9 1
 1995 188  7  7 20 57 20.950  41.14   739.5 0   145.8 0   806.2 0 -9999.9 1 -9999.9 1 -9999.9 1   307.2 0 -9999.9 1 -9999.9 1 -9999.9 1   118.2 0   309.9 0   593.6 0 -9999.9 1 -9999.9 1    26.8 0    35.5 0     6.2 0 -9999.9 1 -9999.9 1
 1995 188  7  7 21  0 21.000  41.70   743.1 0   147.8 0   824.4 0 -9999.9 1 -9999.9 1 -9999.9 1   307.0 0 -9999.9 1 -9999.9 1 -9999.9 1   117.3 0   311.4 0   595.3 0 -9999.9 1 -9999.9 1    26.8 0    34.0 0     7.8 0 -9999.9 1 -9999.9 1
 1995 188  7  7 21  3 21.050  42.27   736.9 0   147.1 0   827.1 0 -9999.9 1 -9999.9 1 -9999.9 1   307.1 0 -9999.9 1 -9999.9 1 -9999.9 1   114.3 0   310.0 0   589.8 0 -9999.9 1 -9999.9 1    26.8 0    34.8 0     6.7 0 -9999.9 1 -9999.9 1
 1995 188  7  7 21  6 21.100  42.83   701.5 0   140.3 0   789.4 0 -9999.9 1 -9999.9 1 -9999.9 1   307.1 0 -9999.9 1 -9999.9 1 -9999.9 1   108.4 0   294.7 0   561.2 0 -9999.9 1 -9999.9 1    26.9 0    35.4 0     7.2 0 -9999.9 1 -9999.9 1
 1995 188  7  7 21  9 21.150  43.40   706.7 0   142.9 0   801.9 0 -9999.9 1 -9999.9 1 -9999.9 1   307.0 0 -9999.9 1 -9999.9 1 -9999.9 1   106.4 0   296.8 0   563.8 0 -9999.9 1 -9999.9 1    26.9 0    36.3 0     6.6 0 -9999.9 1 -9999.9 1
 1995 188  7  7 21 12 21.200  43.97   698.3 0   141.8 0   802.0 0 -9999.9 1 -9999.9 1 -9999.9 1   307.1 0 -9999.9 1 -9999.9 1 -9999.9 1   103.9 0   293.3 0   556.4 0 -9999.9 1 -9999.9 1    27.0 0    36.5 0     6.7 0 -9999.9 1 -9999.9 1
 1995 188  7  7 21 15 21.250  44.53   695.8 0   140.8 0   816.6 0 -9999.9 1 -9999.9 1 -9999.9 1   307.2 0 -9999.9 1 -9999.9 1 -9999.9 1   102.4 0   292.4 0   554.9 0 -9999.9 1 -9999.9 1    26.9 0    36.7 0     6.0 0 -9999.9 1 -9999.9 1
 1995 188  7  7 21 18 21.300  45.10   693.7 0   142.3 0   827.3 0 -9999.9 1 -9999.9 1 -9999.9 1   306.9 0 -9999.9 1 -9999.9 1 -9999.9 1   101.2 0   291.5 0   551.4 0 -9999.9 1 -9999.9 1    26.9 0    34.3 0     8.7 0 -9999.9 1 -9999.9 1
 1995 188  7  7 21 21 21.350  45.67   679.9 0   140.3 0   820.5 0 -9999.9 1 -9999.9 1 -9999.9 1   307.0 0 -9999.9 1 -9999.9 1 -9999.9 1    98.1 0   287.1 0   539.7 0 -9999.9 1 -9999.9 1    27.1 0    34.1 0     7.0 0 -9999.9 1 -9999.9 1
 1995 188  7  7 21 24 21.400  46.24   677.8 0   139.9 0   829.4 0 -9999.9 1 -9999.9 1 -9999.9 1   307.1 0 -9999.9 1 -9999.9 1 -9999.9 1    95.9 0   286.1 0   537.9 0 -9999.9 1 -9999.9 1    26.8 0    34.7 0     7.8 0 -9999.9 1 -9999.9 1
 1995 188  7  7 21 27 21.450  46.81   662.9 0   137.8 0   814.7 0 -9999.9 1 -9999.9 1 -9999.9 1   306.9 0 -9999.9 1 -9999.9 1 -9999.9 1    92.2 0   280.1 0   525.1 0 -9999.9 1 -9999.9 1    26.8 0    35.0 0     7.4 0 -9999.9 1 -9999.9 1
 1995 188  7  7 21 30 21.500  47.38   655.3 0   137.0 0   812.6 0 -9999.9 1 -9999.9 1 -9999.9 1   306.9 0 -9999.9 1 -9999.9 1 -9999.9 1    89.7 0   277.0 0   518.3 0 -9999.9 1 -9999.9 1    27.4 0    35.1 0     7.8 0 -9999.9 1 -9999.9 1
 1995 188  7  7 21 33 21.550  47.95   645.3 0   135.5 0   807.4 0 -9999.9 1 -9999.9 1 -9999.9 1   306.9 0 -9999.9 1 -9999.9 1 -9999.9 1    86.9 0   272.6 0   509.8 0 -9999.9 1 -9999.9 1    26.8 0    35.5 0     7.6 0 -9999.9 1 -9999.9 1
 1995 188  7  7 21 36 21.600  48.53   630.4 0   133.7 0   792.4 0 -9999.9 1 -9999.9 1 -9999.9 1   306.7 0 -9999.9 1 -9999.9 1 -9999.9 1    83.6 0   266.0 0   496.7 0 -9999.9 1 -9999.9 1    27.1 0    35.0 0     7.9 0 -9999.9 1 -9999.9 1
 1995 188  7  7 21 39 21.650  49.10   631.0 0   134.4 0   802.2 0 -9999.9 1 -9999.9 1 -9999.9 1   306.8 0 -9999.9 1 -9999.9 1 -9999.9 1    82.0 0   267.6 0   496.7 0 -9999.9 1 -9999.9 1    27.2 0    34.6 0     7.2 0 -9999.9 1 -9999.9 1
 1995 188  7  7 21 42 21.700  49.67   605.9 0   128.5 0   773.9 0 -9999.9 1 -9999.9 1 -9999.9 1   306.9 0 -9999.9 1 -9999.9 1 -9999.9 1    78.2 0   256.4 0   477.3 0 -9999.9 1 -9999.9 1    27.3 0    35.4 0     6.0 0 -9999.9 1 -9999.9 1
 1995 188  7  7 21 45 21.750  50.24   610.9 0   130.3 0   787.0 0 -9999.9 1 -9999.9 1 -9999.9 1   306.9 0 -9999.9 1 -9999.9 1 -9999.9 1    76.8 0   258.9 0   480.5 0 -9999.9 1 -9999.9 1    26.8 0    36.0 0     6.6 0 -9999.9 1 -9999.9 1
 1995 188  7  7 21 48 21.800  50.82   597.8 0   128.9 0   773.5 0 -9999.9 1 -9999.9 1 -9999.9 1   306.8 0 -9999.9 1 -9999.9 1 -9999.9 1    74.3 0   253.6 0   469.0 0 -9999.9 1 -9999.9 1    27.3 0    35.4 0     6.5 0 -9999.9 1 -9999.9 1
 1995 188  7  7 21 51 21.850  51.39   597.6 0   128.9 0   784.9 0 -9999.9 1 -9999.9 1 -9999.9 1   306.9 0 -9999.9 1 -9999.9 1 -9999.9 1    72.8 0   253.8 0   468.7 0 -9999.9 1 -9999.9 1    27.0 0    36.0 0     6.4 0 -9999.9 1 -9999.9 1
 1995 188  7  7 21 54 21.900  51.96   586.7 0   127.5 0   781.2 0 -9999.9 1 -9999.9 1 -9999.9 1   306.8 0 -9999.9 1 -9999.9 1 -9999.9 1    70.2 0   249.3 0   459.1 0 -9999.9 1 -9999.9 1    27.1 0    36.1 0     6.8 0 -9999.9 1 -9999.9 1
 1995 188  7  7 21 57 21.950  52.54   572.3 0   124.7 0   773.1 0 -9999.9 1 -9999.9 1 -9999.9 1   306.9 0 -9999.9 1 -9999.9 1 -9999.9 1    67.3 0   243.3 0   447.5 0 -9999.9 1 -9999.9 1    27.0 0    36.4 0     5.0 0 -9999.9 1 -9999.9 1
 1995 188  7  7 22  0 22.000  53.11   567.9 0   125.0 0   779.3 0 -9999.9 1 -9999.9 1 -9999.9 1   306.9 0 -9999.9 1 -9999.9 1 -9999.9 1    65.4 0   241.4 0   442.9 0 -9999.9 1 -9999.9 1    27.2 0    36.2 0     7.3 0 -9999.9 1 -9999.9 1
 1995 188  7  7 22  3 22.050  53.69   553.4 0   123.3 0   769.8 0 -9999.9 1 -9999.9 1 -9999.9 1   306.8 0 -9999.9 1 -9999.9 1 -9999.9 1    62.6 0   235.8 0   430.0 0 -9999.9 1 -9999.9 1    26.9 0    35.9 0     7.1 0 -9999.9 1 -9999.9 1
 1995 188  7  7 22  6 22.100  54.26   537.2 0   121.0 0   752.9 0 -9999.9 1 -9999.9 1 -9999.9 1   306.8 0 -9999.9 1 -9999.9 1 -9999.9 1    59.7 0   228.3 0   416.2 0 -9999.9 1 -9999.9 1    26.8 0    35.9 0     6.5 0 -9999.9 1 -9999.9 1
 1995 188  7  7 22  9 22.150  54.83   528.8 0   119.1 0   748.5 0 -9999.9 1 -9999.9 1 -9999.9 1   306.8 0 -9999.9 1 -9999.9 1 -9999.9 1    57.4 0   224.7 0   409.7 0 -9999.9 1 -9999.9 1    26.9 0    36.5 0     6.6 0 -9999.9 1 -9999.9 1
 1995 188  7  7 22 12 22.200  55.41   521.7 0   119.0 0   745.9 0 -9999.9 1 -9999.9 1 -9999.9 1   306.6 0 -9999.9 1 -9999.9 1 -9999.9 1    55.4 0   222.4 0   402.7 0 -9999.9 1 -9999.9 1    26.7 0    36.0 0     8.3 0 -9999.9 1 -9999.9 1
 1995 188  7  7 22 15 22.250  55.98   517.9 0   119.1 0   750.7 0 -9999.9 1 -9999.9 1 -9999.9 1   306.6 0 -9999.9 1 -9999.9 1 -9999.9 1    53.7 0   220.9 0   398.8 0 -9999.9 1 -9999.9 1    26.8 0    36.0 0     7.8 0 -9999.9 1 -9999.9 1
 1995 188  7  7 22 18 22.300  56.55   503.3 0   116.2 0   734.4 0 -9999.9 1 -9999.9 1 -9999.9 1   306.6 0 -9999.9 1 -9999.9 1 -9999.9 1    51.2 0   213.8 0   387.0 0 -9999.9 1 -9999.9 1    26.7 0    36.3 0     6.9 0 -9999.9 1 -9999.9 1
 1995 188  7  7 22 21 22.350  57.13   501.9 0   117.1 0   734.9 0 -9999.9 1 -9999.9 1 -9999.9 1   306.5 0 -9999.9 1 -9999.9 1 -9999.9 1    49.5 0   212.8 0   384.7 0 -9999.9 1 -9999.9 1    26.7 0    36.0 0     7.7 0 -9999.9 1 -9999.9 1
 1995 188  7  7 22 24 22.400  57.70   465.2 0   109.5 0   659.0 0 -9999.9 1 -9999.9 1 -9999.9 1   306.4 0 -9999.9 1 -9999.9 1 -9999.9 1    46.4 0   197.3 0   355.7 0 -9999.9 1 -9999.9 1    26.5 0    35.9 0     8.8 0 -9999.9 1 -9999.9 1
 1995 188  7  7 22 27 22.450  58.27   327.7 0    76.6 0   396.4 0 -9999.9 1 -9999.9 1 -9999.9 1   305.9 0 -9999.9 1 -9999.9 1 -9999.9 1    39.3 0   142.7 0   251.1 0 -9999.9 1 -9999.9 1    26.8 0    35.7 0     8.0 0 -9999.9 1 -9999.9 1
 1995 188  7  7 22 30 22.500  58.84   222.6 0    51.8 0   202.5 0 -9999.9 1 -9999.9 1 -9999.9 1   305.4 0 -9999.9 1 -9999.9 1 -9999.9 1    32.6 0    99.9 0   170.8 0 -9999.9 1 -9999.9 1    26.6 0    36.1 0     6.9 0 -9999.9 1 -9999.9 1
 1995 188  7  7 22 33 22.550  59.41   309.9 0    73.0 0   347.9 0 -9999.9 1 -9999.9 1 -9999.9 1   305.4 0 -9999.9 1 -9999.9 1 -9999.9 1    34.2 0   133.5 0   237.0 0 -9999.9 1 -9999.9 1    26.8 0    36.0 0     6.9 0 -9999.9 1 -9999.9 1
 1995 188  7  7 22 36 22.600  59.99   402.8 0    96.4 0   523.5 0 -9999.9 1 -9999.9 1 -9999.9 1   305.4 0 -9999.9 1 -9999.9 1 -9999.9 1    36.8 0   171.4 0   306.4 0 -9999.9 1 -9999.9 1    26.5 0    35.9 0     7.4 0 -9999.9 1 -9999.9 1
 1995 188  7  7 22 39 22.650  60.56   435.6 0   103.7 0   590.9 0 -9999.9 1 -9999.9 1 -9999.9 1   305.7 0 -9999.9 1 -9999.9 1 -9999.9 1    38.0 0   184.4 0   332.0 0 -9999.9 1 -9999.9 1    26.8 0    36.1 0     5.6 0 -9999.9 1 -9999.9 1
 1995 188  7  7 22 42 22.700  61.13   429.2 0   102.4 0   595.0 0 -9999.9 1 -9999.9 1 -9999.9 1   305.7 0 -9999.9 1 -9999.9 1 -9999.9 1    36.2 0   182.3 0   326.7 0 -9999.9 1 -9999.9 1    26.8 0    36.6 0     5.5 0 -9999.9 1 -9999.9 1
 1995 188  7  7 22 45 22.750  61.70   399.3 0    95.5 0   550.5 0 -9999.9 1 -9999.9 1 -9999.9 1   305.8 0 -9999.9 1 -9999.9 1 -9999.9 1    34.1 0   170.2 0   303.8 0 -9999.9 1 -9999.9 1    26.7 0    36.4 0     6.1 0 -9999.9 1 -9999.9 1
 1995 188  7  7 22 48 22.800  62.27   362.1 0    87.6 0   500.8 0 -9999.9 1 -9999.9 1 -9999.9 1   305.7 0 -9999.9 1 -9999.9 1 -9999.9 1    32.0 0   155.4 0   274.5 0 -9999.9 1 -9999.9 1    26.9 0    36.3 0     5.5 0 -9999.9 1 -9999.9 1
 1995 188  7  7 22 51 22.850  62.84   358.9 0    87.9 0   517.6 0 -9999.9 1 -9999.9 1 -9999.9 1   305.7 0 -9999.9 1 -9999.9 1 -9999.9 1    30.8 0   153.2 0   271.0 0 -9999.9 1 -9999.9 1    26.9 0    36.4 0     6.1 0 -9999.9 1 -9999.9 1
 1995 188  7  7 22 54 22.900  63.40   281.2 0    69.3 0   379.9 0 -9999.9 1 -9999.9 1 -9999.9 1   305.4 0 -9999.9 1 -9999.9 1 -9999.9 1    26.7 0   121.1 0   211.9 0 -9999.9 1 -9999.9 1    26.7 0    36.4 0     6.8 0 -9999.9 1 -9999.9 1
 1995 188  7  7 22 57 22.950  63.97   222.9 0    55.4 0   267.1 0 -9999.9 1 -9999.9 1 -9999.9 1   305.0 0 -9999.9 1 -9999.9 1 -9999.9 1    23.4 0    98.0 0   167.6 0 -9999.9 1 -9999.9 1    26.6 0    36.5 0     6.9 0 -9999.9 1 -9999.9 1
 1995 188  7  7 23  0 23.000  64.54   234.4 0    58.8 0   287.9 0 -9999.9 1 -9999.9 1 -9999.9 1   304.8 0 -9999.9 1 -9999.9 1 -9999.9 1    22.8 0   103.1 0   175.6 0 -9999.9 1 -9999.9 1    26.5 0    36.6 0     6.0 0 -9999.9 1 -9999.9 1
 1995 188  7  7 23  3 23.050  65.10   310.7 0    78.2 0   449.8 0 -9999.9 1 -9999.9 1 -9999.9 1   305.0 0 -9999.9 1 -9999.9 1 -9999.9 1    24.6 0   132.6 0   232.5 0 -9999.9 1 -9999.9 1    26.5 0    36.8 0     5.9 0 -9999.9 1 -9999.9 1
 1995 188  7  7 23  6 23.100  65.67   262.1 0    65.8 0   367.4 0 -9999.9 1 -9999.9 1 -9999.9 1   304.8 0 -9999.9 1 -9999.9 1 -9999.9 1    23.1 0   113.6 0   196.3 0 -9999.9 1 -9999.9 1    26.2 0    36.9 0     6.1 0 -9999.9 1 -9999.9 1
 1995 188  7  7 23  9 23.150  66.23   257.2 0    65.7 0   387.4 0 -9999.9 1 -9999.9 1 -9999.9 1   304.8 0 -9999.9 1 -9999.9 1 -9999.9 1    21.7 0   110.2 0   191.5 0 -9999.9 1 -9999.9 1    26.5 0    36.8 0     5.6 0 -9999.9 1 -9999.9 1
 1995 188  7  7 23 12 23.200  66.80   155.8 0    38.1 0   161.2 0 -9999.9 1 -9999.9 1 -9999.9 1   304.4 0 -9999.9 1 -9999.9 1 -9999.9 1    19.1 0    71.6 0   117.7 0 -9999.9 1 -9999.9 1    26.4 0    37.3 0     5.2 0 -9999.9 1 -9999.9 1
 1995 188  7  7 23 15 23.250  67.36   252.8 0    66.2 0   403.9 0 -9999.9 1 -9999.9 1 -9999.9 1   304.4 0 -9999.9 1 -9999.9 1 -9999.9 1    19.5 0   109.0 0   186.6 0 -9999.9 1 -9999.9 1    26.4 0    37.2 0     6.2 0 -9999.9 1 -9999.9 1
 1995 188  7  7 23 18 23.300  67.92   179.4 0    45.6 0   241.6 0 -9999.9 1 -9999.9 1 -9999.9 1   304.2 0 -9999.9 1 -9999.9 1 -9999.9 1    17.9 0    80.6 0   133.8 0 -9999.9 1 -9999.9 1    26.0 0    37.6 0     5.8 0 -9999.9 1 -9999.9 1
 1995 188  7  7 23 21 23.350  68.48   208.2 0    54.6 0   324.7 0 -9999.9 1 -9999.9 1 -9999.9 1   304.1 0 -9999.9 1 -9999.9 1 -9999.9 1    17.4 0    91.5 0   153.6 0 -9999.9 1 -9999.9 1    26.2 0    37.6 0     5.7 0 -9999.9 1 -9999.9 1
 1995 188  7  7 23 24 23.400  69.04   238.5 0    63.5 0   415.0 0 -9999.9 1 -9999.9 1 -9999.9 1   304.2 0 -9999.9 1 -9999.9 1 -9999.9 1    17.1 0   103.0 0   175.0 0 -9999.9 1 -9999.9 1    26.1 0    37.6 0     6.0 0 -9999.9 1 -9999.9 1
 1995 188  7  7 23 27 23.450  69.60   189.3 0    49.8 0   302.8 0 -9999.9 1 -9999.9 1 -9999.9 1   304.0 0 -9999.9 1 -9999.9 1 -9999.9 1    15.8 0    84.0 0   139.5 0 -9999.9 1 -9999.9 1    26.1 0    37.9 0     5.0 0 -9999.9 1 -9999.9 1
 1995 188  7  7 23 30 23.500  70.16   253.1 0    69.8 0   491.5 0 -9999.9 1 -9999.9 1 -9999.9 1   304.1 0 -9999.9 1 -9999.9 1 -9999.9 1    15.4 0   107.4 0   183.3 0 -9999.9 1 -9999.9 1    26.0 0    38.3 0     4.9 0 -9999.9 1 -9999.9 1
 1995 188  7  7 23 33 23.550  70.72   256.0 0    70.7 0   516.0 0 -9999.9 1 -9999.9 1 -9999.9 1   304.2 0 -9999.9 1 -9999.9 1 -9999.9 1    15.0 0   109.2 0   185.4 0 -9999.9 1 -9999.9 1    26.0 0    38.3 0     5.0 0 -9999.9 1 -9999.9 1
 1995 188  7  7 23 36 23.600  71.27   260.5 0    73.0 0   551.6 0 -9999.9 1 -9999.9 1 -9999.9 1   304.3 0 -9999.9 1 -9999.9 1 -9999.9 1    14.5 0   110.3 0   187.5 0 -9999.9 1 -9999.9 1    26.1 0    38.1 0     5.4 0 -9999.9 1 -9999.9 1
 1995 188  7  7 23 39 23.650  71.83   245.9 0    69.1 0   535.3 0 -9999.9 1 -9999.9 1 -9999.9 1   304.4 0 -9999.9 1 -9999.9 1 -9999.9 1    13.7 0   104.4 0   176.8 0 -9999.9 1 -9999.9 1    26.1 0    38.7 0     4.1 0 -9999.9 1 -9999.9 1
 1995 188  7  7 23 42 23.700  72.38   188.3 0    52.2 0   383.5 0 -9999.9 1 -9999.9 1 -9999.9 1   304.2 0 -9999.9 1 -9999.9 1 -9999.9 1    12.5 0    82.6 0   136.1 0 -9999.9 1 -9999.9 1    26.1 0    39.0 0     4.5 0 -9999.9 1 -9999.9 1
 1995 188  7  7 23 45 23.750  72.93   199.0 0    57.3 0   430.1 0 -9999.9 1 -9999.9 1 -9999.9 1   304.1 0 -9999.9 1 -9999.9 1 -9999.9 1    11.5 0    85.4 0   141.7 0 -9999.9 1 -9999.9 1    26.1 0    38.8 0     5.2 0 -9999.9 1 -9999.9 1
 1995 188  7  7 23 48 23.800  73.48   222.7 0    65.7 0   509.8 0 -9999.9 1 -9999.9 1 -9999.9 1   304.2 0 -9999.9 1 -9999.9 1 -9999.9 1    10.8 0    93.0 0   157.0 0 -9999.9 1 -9999.9 1    25.8 0    38.7 0     6.0 0 -9999.9 1 -9999.9 1
 1995 188  7  7 23 51 23.850  74.03   199.8 0    58.0 0   433.2 0 -9999.9 1 -9999.9 1 -9999.9 1   304.2 0 -9999.9 1 -9999.9 1 -9999.9 1    10.2 0    84.7 0   141.8 0 -9999.9 1 -9999.9 1    26.0 0    38.5 0     4.8 0 -9999.9 1 -9999.9 1
 1995 188  7  7 23 54 23.900  74.58   173.6 0    49.8 0   363.8 0 -9999.9 1 -9999.9 1 -9999.9 1   304.1 0 -9999.9 1 -9999.9 1 -9999.9 1     9.4 0    74.0 0   123.7 0 -9999.9 1 -9999.9 1    26.0 0    38.6 0     4.7 0 -9999.9 1 -9999.9 1
 1995 188  7  7 23 57 23.950  75.13   102.0 0    27.1 0   136.7 0 -9999.9 1 -9999.9 1 -9999.9 1   303.7 0 -9999.9 1 -9999.9 1 -9999.9 1     8.4 0    47.1 0    74.9 0 -9999.9 1 -9999.9 1    25.8 0    38.8 0     5.1 0 -9999.9 1 -9999.9 1
