 Bondville
   40.05  -88.37  213 m version 1
 1995 187  7  6 18 48 18.800  20.15   958.2 0 -9999.9 1   860.5 0 -9999.9 1 -9999.9 1   306.2 0 -9999.9 1 -9999.9 1   300.8 0 -9999.9 1   211.1 0 -9999.9 1 -9999.9 1 -9999.9 1 -9999.9 1    26.1 0    42.7 0     8.5 0 -9999.9 1 -9999.9 1
 1995 187  7  6 18 51 18.850  20.48   967.5 0 -9999.9 1   870.5 0 -9999.9 1 -9999.9 1   306.2 0 -9999.9 1 -9999.9 1   300.8 0 -9999.9 1   212.8 0 -9999.9 1 -9999.9 1 -9999.9 1 -9999.9 1    26.2 0    41.8 0    11.2 0 -9999.9 1 -9999.9 1
 1995 187  7  6 18 54 18.900  20.82   962.5 0 -9999.9 1   868.9 0 -9999.9 1 -9999.9 1   306.1 0 -9999.9 1 -9999.9 1   300.8 0 -9999.9 1   210.9 0 -9999.9 1 -9999.9 1 -9999.9 1 -9999.9 1    26.1 0    41.1 0    10.0 0 -9999.9 1 -9999.9 1
 1995 187  7  6 18 57 18.950  21.18   968.2 0 -9999.9 1   870.1 0 -9999.9 1 -9999.9 1   306.1 0 -9999.9 1 -9999.9 1   300.8 0 -9999.9 1   210.7 0 -9999.9 1 -9999.9 1 -9999.9 1 -9999.9 1    26.3 0    41.0 0    10.5 0 -9999.9 1 -9999.9 1
 1995 187  7  6 19  0 19.000  21.55   963.3 0 -9999.9 1   866.0 0 -9999.9 1 -9999.9 1   306.1 0 -9999.9 1 -9999.9 1   300.8 0 -9999.9 1   208.7 0 -9999.9 1 -9999.9 1 -9999.9 1 -9999.9 1    26.0 0    41.8 0    10.4 0 -9999.9 1 -9999.9 1
 1995 187  7  6 19  3 19.050  21.93   962.8 0 -9999.9 1   869.3 0 -9999.9 1 -9999.9 1   306.1 0 -9999.9 1 -9999.9 1   300.8 0 -9999.9 1   208.0 0 -9999.9 1 -9999.9 1 -9999.9 1 -9999.9 1    27.0 0    41.6 0    10.6 0 -9999.9 1 -9999.9 1
 1995 187  7  6 19  6 19.100  22.32   974.0 0 -9999.9 1   867.4 0 -9999.9 1 -9999.9 1   306.2 0 -9999.9 1 -9999.9 1   300.8 0 -9999.9 1   208.0 0 -9999.9 1 -9999.9 1 -9999.9 1 -9999.9 1    26.6 0    41.7 0     9.7 0 -9999.9 1 -9999.9 1
 1995 187  7  6 19  9 19.150  22.73   969.3 0 -9999.9 1   868.3 0 -9999.9 1 -9999.9 1   306.3 0 -9999.9 1 -9999.9 1   300.8 0 -9999.9 1   206.0 0 -9999.9 1 -9999.9 1 -9999.9 1 -9999.9 1    25.8 0    41.7 0     8.4 0 -9999.9 1 -9999.9 1
 1995 187  7  6 19 12 19.200  23.14   792.1 0 -9999.9 1   630.6 0 -9999.9 1 -9999.9 1   306.3 0 -9999.9 1 -9999.9 1   300.9 0 -9999.9 1   180.2 0 -9999.9 1 -9999.9 1 -9999.9 1 -9999.9 1    26.4 0    42.2 0     8.7 0 -9999.9 1 -9999.9 1
 1995 187  7  6 19 15 19.250  23.56   948.0 0 -9999.9 1   863.6 0 -9999.9 1 -9999.9 1   306.3 0 -9999.9 1 -9999.9 1   300.9 0 -9999.9 1   199.6 0 -9999.9 1 -9999.9 1 -9999.9 1 -9999.9 1    27.1 0    40.5 0    10.7 0 -9999.9 1 -9999.9 1
 1995 187  7  6 19 18 19.300  23.99   946.5 0 -9999.9 1   878.2 0 -9999.9 1 -9999.9 1   306.3 0 -9999.9 1 -9999.9 1   300.9 0 -9999.9 1   200.1 0 -9999.9 1 -9999.9 1 -9999.9 1 -9999.9 1    26.2 0    40.9 0    10.4 0 -9999.9 1 -9999.9 1
 1995 187  7  6 19 21 19.350  24.43   933.9 0 -9999.9 1   867.1 0 -9999.9 1 -9999.9 1   306.3 0 -9999.9 1 -9999.9 1   300.9 0 -9999.9 1   195.8 0 -9999.9 1 -9999.9 1 -9999.9 1 -9999.9 1    25.5 0    40.9 0    10.4 0 -9999.9 1 -9999.9 1
 1995 187  7  6 19 24 19.400  24.88   931.3 0 -9999.9 1   870.7 0 -9999.9 1 -9999.9 1   306.3 0 -9999.9 1  1412.6 1   300.9 0   253.2 0   194.7 0 -9999.9 1 -9999.9 1 -9999.9 1 -9999.9 1    25.8 0    41.4 0     8.5 0 -9999.9 1 -9999.9 1
 1995 187  7  6 19 27 19.450  25.34   886.1 0 -9999.9 1   867.0 0 -9999.9 1 -9999.9 1   306.4 0 -9999.9 1 -9999.9 1   300.9 0 -9999.9 1   192.4 0 -9999.9 1 -9999.9 1 -9999.9 1 -9999.9 1    26.1 0    41.3 0     8.8 0 -9999.9 1 -9999.9 1
 1995 187  7  6 19 30 19.500  25.80   912.9 0 -9999.9 1   860.2 0 -9999.9 1 -9999.9 1   306.3 0 -9999.9 1 -9999.9 1   300.9 0 -9999.9 1   189.9 0 -9999.9 1 -9999.9 1 -9999.9 1 -9999.9 1    27.7 0    41.5 0     8.1 0 -9999.9 1 -9999.9 1
 1995 187  7  6 19 33 19.550  26.27   909.7 0 -9999.9 1   862.9 0 -9999.9 1 -9999.9 1   306.4 0 -9999.9 1 -9999.9 1   301.0 0 -9999.9 1   187.5 0 -9999.9 1 -9999.9 1 -9999.9 1 -9999.9 1    26.8 0    42.1 0     9.1 0 -9999.9 1 -9999.9 1
 1995 187  7  6 19 36 19.600  26.75   898.6 0 -9999.9 1   843.9 0 -9999.9 1 -9999.9 1   306.4 0 -9999.9 1 -9999.9 1   301.0 0 -9999.9 1   184.2 0 -9999.9 1 -9999.9 1 -9999.9 1 -9999.9 1    26.7 0    41.1 0     8.8 0 -9999.9 1 -9999.9 1
 1995 187  7  6 19 39 19.650  27.23   854.0 0 -9999.9 1   788.1 0 -9999.9 1 -9999.9 1   306.5 0 -9999.9 1 -9999.9 1   301.0 0 -9999.9 1   176.6 0 -9999.9 1 -9999.9 1 -9999.9 1 -9999.9 1    26.7 0    42.2 0     8.0 0 -9999.9 1 -9999.9 1
 1995 187  7  6 19 42 19.700  27.72   889.4 0 -9999.9 1   819.7 0 -9999.9 1 -9999.9 1   306.5 0 -9999.9 1 -9999.9 1   301.1 0 -9999.9 1   177.3 0 -9999.9 1 -9999.9 1 -9999.9 1 -9999.9 1    26.0 0    43.1 0     7.1 0 -9999.9 1 -9999.9 1
 1995 187  7  6 19 45 19.750  28.22   882.7 0 -9999.9 1   823.0 0 -9999.9 1 -9999.9 1   306.5 0 -9999.9 1 -9999.9 1   301.2 0 -9999.9 1   173.5 0 -9999.9 1 -9999.9 1 -9999.9 1 -9999.9 1    27.7 0    41.4 0    12.3 0 -9999.9 1 -9999.9 1
 1995 187  7  6 19 48 19.800  28.72   887.3 0 -9999.9 1   829.8 0 -9999.9 1 -9999.9 1   306.5 0 -9999.9 1 -9999.9 1   301.1 0 -9999.9 1   174.1 0 -9999.9 1 -9999.9 1 -9999.9 1 -9999.9 1    26.5 0    41.9 0     9.8 0 -9999.9 1 -9999.9 1
 1995 187  7  6 19 51 19.850  29.22   881.6 0 -9999.9 1   833.3 0 -9999.9 1 -9999.9 1   306.5 0 -9999.9 1 -9999.9 1   301.1 0 -9999.9 1   172.3 0 -9999.9 1 -9999.9 1 -9999.9 1 -9999.9 1    26.4 0    41.8 0     9.5 0 -9999.9 1 -9999.9 1
 1995 187  7  6 19 54 19.900  29.73   882.9 0 -9999.9 1   827.1 0 -9999.9 1 -9999.9 1   306.6 0 -9999.9 1 -9999.9 1   301.1 0 -9999.9 1   169.3 0 -9999.9 1 -9999.9 1 -9999.9 1 -9999.9 1    26.5 0    41.6 0     8.9 0 -9999.9 1 -9999.9 1
 1995 187  7  6 19 57 19.950  30.24   878.7 0 -9999.9 1   835.4 0 -9999.9 1 -9999.9 1   306.6 0 -9999.9 1 -9999.9 1   301.1 0 -9999.9 1   168.2 0 -9999.9 1 -9999.9 1 -9999.9 1 -9999.9 1    26.6 0    41.2 0     9.1 0 -9999.9 1 -9999.9 1
 1995 187  7  6 20  0 20.000  30.76   855.8 0 -9999.9 1   811.7 0 -9999.9 1 -9999.9 1   306.6 0 -9999.9 1 -9999.9 1   301.1 0 -9999.9 1   162.3 0 -9999.9 1 -9999.9 1 -9999.9 1 -9999.9 1    26.4 0    41.6 0     9.2 0 -9999.9 1 -9999.9 1
 1995 187  7  6 20  3 20.050  31.28   848.6 0 -9999.9 1   805.3 0 -9999.9 1 -9999.9 1   306.6 0 -9999.9 1 -9999.9 1   301.1 0 -9999.9 1   159.3 0 -9999.9 1 -9999.9 1 -9999.9 1 -9999.9 1    26.7 0    42.3 0     8.7 0 -9999.9 1 -9999.9 1
 1995 187  7  6 20  6 20.100  31.80   844.3 0 -9999.9 1   798.3 0 -9999.9 1 -9999.9 1   306.6 0 -9999.9 1 -9999.9 1   301.1 0 -9999.9 1   156.0 0 -9999.9 1 -9999.9 1 -9999.9 1 -9999.9 1    26.7 0    41.7 0    10.3 0 -9999.9 1 -9999.9 1
 1995 187  7  6 20  9 20.150  32.33   833.8 0 -9999.9 1   779.7 0 -9999.9 1 -9999.9 1   306.6 0 -9999.9 1 -9999.9 1   301.1 0 -9999.9 1   151.4 0 -9999.9 1 -9999.9 1 -9999.9 1 -9999.9 1    26.5 0    41.8 0     7.5 0 -9999.9 1 -9999.9 1
 1995 187  7  6 20 12 20.200  32.86   820.2 0 -9999.9 1   771.6 0 -9999.9 1 -9999.9 1   306.6 0 -9999.9 1 -9999.9 1   301.1 0 -9999.9 1   147.2 0 -9999.9 1 -9999.9 1 -9999.9 1 -9999.9 1    26.4 0    42.1 0     7.3 0 -9999.9 1 -9999.9 1
 1995 187  7  6 20 15 20.250  33.40   825.8 0 -9999.9 1   777.6 0 -9999.9 1 -9999.9 1   306.7 0 -9999.9 1 -9999.9 1   301.3 0 -9999.9 1   146.5 0 -9999.9 1 -9999.9 1 -9999.9 1 -9999.9 1    27.7 0    41.3 0     7.9 0 -9999.9 1 -9999.9 1
 1995 187  7  6 20 18 20.300  33.93   814.4 0 -9999.9 1   761.2 0 -9999.9 1 -9999.9 1   306.7 0 -9999.9 1 -9999.9 1   301.3 0 -9999.9 1   142.2 0 -9999.9 1 -9999.9 1 -9999.9 1 -9999.9 1    26.3 0    41.8 0     8.1 0 -9999.9 1 -9999.9 1
 1995 187  7  6 20 21 20.350  34.47   800.7 0 -9999.9 1   748.2 0 -9999.9 1 -9999.9 1   306.7 0 -9999.9 1 -9999.9 1   301.3 0 -9999.9 1   138.1 0 -9999.9 1 -9999.9 1 -9999.9 1 -9999.9 1    26.5 0    41.7 0     8.2 0 -9999.9 1 -9999.9 1
 1995 187  7  6 20 24 20.400  35.01   795.6 0 -9999.9 1   750.4 0 -9999.9 1 -9999.9 1   306.7 0 -9999.9 1 -9999.9 1   301.3 0 -9999.9 1   136.1 0 -9999.9 1 -9999.9 1 -9999.9 1 -9999.9 1    26.6 0    41.6 0     9.2 0 -9999.9 1 -9999.9 1
 1995 187  7  6 20 27 20.450  35.56   785.8 0 -9999.9 1   736.5 0 -9999.9 1 -9999.9 1   306.7 0 -9999.9 1 -9999.9 1   301.3 0 -9999.9 1   132.1 0 -9999.9 1 -9999.9 1 -9999.9 1 -9999.9 1    26.5 0    41.0 0     9.0 0 -9999.9 1 -9999.9 1
 1995 187  7  6 20 30 20.500  36.11   791.9 0 -9999.9 1   734.8 0 -9999.9 1 -9999.9 1   306.7 0 -9999.9 1 -9999.9 1   301.2 0 -9999.9 1   129.7 0 -9999.9 1 -9999.9 1 -9999.9 1 -9999.9 1    26.5 0    41.2 0     9.9 0 -9999.9 1 -9999.9 1
 1995 187  7  6 20 33 20.550  36.65   764.4 0 -9999.9 1   700.3 0 -9999.9 1 -9999.9 1   306.7 0 -9999.9 1 -9999.9 1   301.1 0 -9999.9 1   123.6 0 -9999.9 1 -9999.9 1 -9999.9 1 -9999.9 1    26.4 0    41.5 0     8.3 0 -9999.9 1 -9999.9 1
 1995 187  7  6 20 36 20.600  37.21   760.7 0 -9999.9 1   701.0 0 -9999.9 1 -9999.9 1   306.6 0 -9999.9 1 -9999.9 1   301.1 0 -9999.9 1   121.6 0 -9999.9 1 -9999.9 1 -9999.9 1 -9999.9 1    25.4 0    42.2 0     9.6 0 -9999.9 1 -9999.9 1
 1995 187  7  6 20 39 20.650  37.76   735.5 0 -9999.9 1   669.5 0 -9999.9 1 -9999.9 1   306.6 0 -9999.9 1 -9999.9 1   301.0 0 -9999.9 1   115.4 0 -9999.9 1 -9999.9 1 -9999.9 1 -9999.9 1    27.1 0    41.3 0     9.4 0 -9999.9 1 -9999.9 1
 1995 187  7  6 20 42 20.700  38.31   724.1 0 -9999.9 1   648.9 0 -9999.9 1 -9999.9 1   306.6 0 -9999.9 1 -9999.9 1   301.0 0 -9999.9 1   111.1 0 -9999.9 1 -9999.9 1 -9999.9 1 -9999.9 1    27.0 0    41.1 0     8.4 0 -9999.9 1 -9999.9 1
 1995 187  7  6 20 45 20.750  38.87   709.4 0 -9999.9 1   625.0 0 -9999.9 1 -9999.9 1   306.6 0 -9999.9 1 -9999.9 1   300.9 0 -9999.9 1   106.0 0 -9999.9 1 -9999.9 1 -9999.9 1 -9999.9 1    25.9 0    41.1 0     8.7 0 -9999.9 1 -9999.9 1
 1995 187  7  6 20 48 20.800  39.43   703.0 0 -9999.9 1   622.9 0 -9999.9 1 -9999.9 1   306.6 0 -9999.9 1 -9999.9 1   301.0 0 -9999.9 1   103.8 0 -9999.9 1 -9999.9 1 -9999.9 1 -9999.9 1    26.6 0    40.9 0     8.7 0 -9999.9 1 -9999.9 1
 1995 187  7  6 20 51 20.850  39.99   699.1 0 -9999.9 1   618.1 0 -9999.9 1 -9999.9 1   306.6 0 -9999.9 1 -9999.9 1   301.0 0 -9999.9 1   101.3 0 -9999.9 1 -9999.9 1 -9999.9 1 -9999.9 1    26.7 0    40.7 0     8.1 0 -9999.9 1 -9999.9 1
 1995 187  7  6 20 54 20.900  40.55   689.1 0 -9999.9 1   614.1 0 -9999.9 1 -9999.9 1   306.6 0 -9999.9 1 -9999.9 1   301.0 0 -9999.9 1    98.6 0 -9999.9 1 -9999.9 1 -9999.9 1 -9999.9 1    27.5 0    39.8 0     9.0 0 -9999.9 1 -9999.9 1
 1995 187  7  6 20 57 20.950  41.11   687.0 0 -9999.9 1   609.9 0 -9999.9 1 -9999.9 1   306.6 0 -9999.9 1 -9999.9 1   301.0 0 -9999.9 1    96.3 0 -9999.9 1 -9999.9 1 -9999.9 1 -9999.9 1    26.0 0    39.5 0     9.4 0 -9999.9 1 -9999.9 1
 1995 187  7  6 21  0 21.000  41.67   676.8 0 -9999.9 1   601.3 0 -9999.9 1 -9999.9 1   306.6 0 -9999.9 1 -9999.9 1   301.0 0 -9999.9 1    93.7 0 -9999.9 1 -9999.9 1 -9999.9 1 -9999.9 1    26.6 0    39.1 0     9.9 0 -9999.9 1 -9999.9 1
 1995 187  7  6 21  3 21.050  42.24   657.6 0 -9999.9 1   586.3 0 -9999.9 1 -9999.9 1   306.5 0 -9999.9 1 -9999.9 1   301.0 0 -9999.9 1    90.3 0 -9999.9 1 -9999.9 1 -9999.9 1 -9999.9 1    26.7 0    39.1 0    10.1 0 -9999.9 1 -9999.9 1
 1995 187  7  6 21  6 21.100  42.80   650.7 0 -9999.9 1   582.8 0 -9999.9 1 -9999.9 1   306.4 0 -9999.9 1 -9999.9 1   300.9 0 -9999.9 1    87.9 0 -9999.9 1 -9999.9 1 -9999.9 1 -9999.9 1    25.7 0    39.5 0    10.3 0 -9999.9 1 -9999.9 1
 1995 187  7  6 21  9 21.150  43.37   652.6 0 -9999.9 1   587.3 0 -9999.9 1 -9999.9 1   306.4 0 -9999.9 1 -9999.9 1   300.9 0 -9999.9 1    86.3 0 -9999.9 1 -9999.9 1 -9999.9 1 -9999.9 1    26.4 0    39.5 0     9.3 0 -9999.9 1 -9999.9 1
 1995 187  7  6 21 12 21.200  43.94   638.9 0 -9999.9 1   582.0 0 -9999.9 1 -9999.9 1   306.4 0 -9999.9 1 -9999.9 1   300.9 0 -9999.9 1    83.9 0 -9999.9 1 -9999.9 1 -9999.9 1 -9999.9 1    26.7 0    39.4 0     8.3 0 -9999.9 1 -9999.9 1
 1995 187  7  6 21 15 21.250  44.50   626.7 0 -9999.9 1   574.2 0 -9999.9 1 -9999.9 1   306.4 0 -9999.9 1 -9999.9 1   300.9 0 -9999.9 1    81.4 0 -9999.9 1 -9999.9 1 -9999.9 1 -9999.9 1    26.1 0    39.5 0     9.7 0 -9999.9 1 -9999.9 1
 1995 187  7  6 21 18 21.300  45.07   619.6 0 -9999.9 1   571.1 0 -9999.9 1 -9999.9 1   306.4 0 -9999.9 1 -9999.9 1   300.9 0 -9999.9 1    79.2 0 -9999.9 1 -9999.9 1 -9999.9 1 -9999.9 1    25.3 0    40.2 0     7.7 0 -9999.9 1 -9999.9 1
 1995 187  7  6 21 21 21.350  45.64   633.9 0 -9999.9 1   592.7 0 -9999.9 1 -9999.9 1   306.4 0 -9999.9 1 -9999.9 1   300.9 0 -9999.9 1    79.2 0 -9999.9 1 -9999.9 1 -9999.9 1 -9999.9 1    26.8 0    39.2 0    10.4 0 -9999.9 1 -9999.9 1
 1995 187  7  6 21 24 21.400  46.21   614.0 0 -9999.9 1   575.0 0 -9999.9 1 -9999.9 1   306.3 0 -9999.9 1 -9999.9 1   300.8 0 -9999.9 1    75.9 0 -9999.9 1 -9999.9 1 -9999.9 1 -9999.9 1    26.7 0    39.4 0     8.5 0 -9999.9 1 -9999.9 1
 1995 187  7  6 21 27 21.450  46.78   584.2 0 -9999.9 1   536.0 0 -9999.9 1 -9999.9 1   306.3 0 -9999.9 1 -9999.9 1   300.8 0 -9999.9 1    71.0 0 -9999.9 1 -9999.9 1 -9999.9 1 -9999.9 1    26.5 0    39.7 0     8.9 0 -9999.9 1 -9999.9 1
 1995 187  7  6 21 30 21.500  47.35   570.3 0 -9999.9 1   519.8 0 -9999.9 1 -9999.9 1   306.3 0 -9999.9 1 -9999.9 1   300.8 0 -9999.9 1    67.9 0 -9999.9 1 -9999.9 1 -9999.9 1 -9999.9 1    26.6 0    39.6 0     9.4 0 -9999.9 1 -9999.9 1
 1995 187  7  6 21 33 21.550  47.93   566.1 0 -9999.9 1   523.4 0 -9999.9 1 -9999.9 1   306.2 0 -9999.9 1 -9999.9 1   300.8 0 -9999.9 1    66.4 0 -9999.9 1 -9999.9 1 -9999.9 1 -9999.9 1    26.2 0    39.6 0     9.1 0 -9999.9 1 -9999.9 1
 1995 187  7  6 21 36 21.600  48.50   563.2 0 -9999.9 1   521.6 0 -9999.9 1 -9999.9 1   306.2 0 -9999.9 1 -9999.9 1   300.8 0 -9999.9 1    64.7 0 -9999.9 1 -9999.9 1 -9999.9 1 -9999.9 1    25.9 0    39.9 0     8.4 0 -9999.9 1 -9999.9 1
 1995 187  7  6 21 39 21.650  49.07   553.7 0 -9999.9 1   515.7 0 -9999.9 1 -9999.9 1   306.2 0 -9999.9 1 -9999.9 1   300.8 0 -9999.9 1    62.6 0 -9999.9 1 -9999.9 1 -9999.9 1 -9999.9 1    26.5 0    39.8 0     8.6 0 -9999.9 1 -9999.9 1
 1995 187  7  6 21 42 21.700  49.64   546.9 0 -9999.9 1   524.5 0 -9999.9 1 -9999.9 1   306.2 0 -9999.9 1 -9999.9 1   300.8 0 -9999.9 1    61.3 0 -9999.9 1 -9999.9 1 -9999.9 1 -9999.9 1    27.5 0    39.3 0     8.2 0 -9999.9 1 -9999.9 1
 1995 187  7  6 21 45 21.750  50.22   549.0 0 -9999.9 1   532.1 0 -9999.9 1 -9999.9 1   306.2 0 -9999.9 1 -9999.9 1   300.8 0 -9999.9 1    60.1 0 -9999.9 1 -9999.9 1 -9999.9 1 -9999.9 1    26.4 0    39.3 0     9.8 0 -9999.9 1 -9999.9 1
 1995 187  7  6 21 48 21.800  50.79   539.0 0 -9999.9 1   530.4 0 -9999.9 1 -9999.9 1   306.2 0 -9999.9 1 -9999.9 1   300.8 0 -9999.9 1    58.2 0 -9999.9 1 -9999.9 1 -9999.9 1 -9999.9 1    26.4 0    39.4 0     8.8 0 -9999.9 1 -9999.9 1
 1995 187  7  6 21 51 21.850  51.36   527.7 0 -9999.9 1   524.4 0 -9999.9 1 -9999.9 1   306.1 0 -9999.9 1 -9999.9 1   300.7 0 -9999.9 1    56.0 0 -9999.9 1 -9999.9 1 -9999.9 1 -9999.9 1    26.9 0    39.0 0    10.3 0 -9999.9 1 -9999.9 1
 1995 187  7  6 21 54 21.900  51.94   518.1 0 -9999.9 1   504.7 0 -9999.9 1 -9999.9 1   306.1 0 -9999.9 1 -9999.9 1   300.6 0 -9999.9 1    53.3 0 -9999.9 1 -9999.9 1 -9999.9 1 -9999.9 1    27.0 0    39.1 0     9.2 0 -9999.9 1 -9999.9 1
 1995 187  7  6 21 57 21.950  52.51   498.9 0 -9999.9 1   491.4 0 -9999.9 1 -9999.9 1   306.0 0 -9999.9 1   872.0 0   300.6 0   282.5 0    50.9 0 -9999.9 1 -9999.9 1 -9999.9 1 -9999.9 1    26.6 0    39.6 0     9.9 0 -9999.9 1 -9999.9 1
 1995 187  7  6 22  0 22.000  53.08   485.3 0 -9999.9 1   471.2 0 -9999.9 1 -9999.9 1   306.0 0 -9999.9 1 -9999.9 1   300.6 0 -9999.9 1    48.4 0 -9999.9 1 -9999.9 1 -9999.9 1 -9999.9 1    26.5 0    39.7 0     9.8 0 -9999.9 1 -9999.9 1
 1995 187  7  6 22  3 22.050  53.66   481.8 0 -9999.9 1   474.2 0 -9999.9 1 -9999.9 1   305.9 0 -9999.9 1 -9999.9 1   300.6 0 -9999.9 1    46.8 0 -9999.9 1 -9999.9 1 -9999.9 1 -9999.9 1    26.4 0    39.7 0     8.4 0 -9999.9 1 -9999.9 1
 1995 187  7  6 22  6 22.100  54.23   474.6 0 -9999.9 1   469.7 0 -9999.9 1 -9999.9 1   305.9 0 -9999.9 1 -9999.9 1   300.6 0 -9999.9 1    45.3 0 -9999.9 1 -9999.9 1 -9999.9 1 -9999.9 1    26.2 0    39.8 0     9.6 0 -9999.9 1 -9999.9 1
 1995 187  7  6 22  9 22.150  54.81   454.0 0 -9999.9 1   442.9 0 -9999.9 1 -9999.9 1   305.8 0 -9999.9 1 -9999.9 1   300.5 0 -9999.9 1    43.0 0 -9999.9 1 -9999.9 1 -9999.9 1 -9999.9 1    26.3 0    39.3 0    10.6 0 -9999.9 1 -9999.9 1
 1995 187  7  6 22 12 22.200  55.38   458.2 0 -9999.9 1   458.5 0 -9999.9 1 -9999.9 1   305.8 0 -9999.9 1 -9999.9 1   300.5 0 -9999.9 1    42.2 0 -9999.9 1 -9999.9 1 -9999.9 1 -9999.9 1    26.5 0    39.4 0     9.2 0 -9999.9 1 -9999.9 1
 1995 187  7  6 22 15 22.250  55.95   440.5 0 -9999.9 1   442.1 0 -9999.9 1 -9999.9 1   305.7 0 -9999.9 1 -9999.9 1   300.4 0 -9999.9 1    40.4 0 -9999.9 1 -9999.9 1 -9999.9 1 -9999.9 1    26.4 0    39.5 0     9.3 0 -9999.9 1 -9999.9 1
 1995 187  7  6 22 18 22.300  56.53   436.2 0 -9999.9 1   443.3 0 -9999.9 1 -9999.9 1   305.6 0 -9999.9 1 -9999.9 1   300.4 0 -9999.9 1    39.1 0 -9999.9 1 -9999.9 1 -9999.9 1 -9999.9 1    26.3 0    39.5 0     9.9 0 -9999.9 1 -9999.9 1
 1995 187  7  6 22 21 22.350  57.10   433.2 0 -9999.9 1   450.9 0 -9999.9 1 -9999.9 1   305.6 0 -9999.9 1 -9999.9 1   300.4 0 -9999.9 1    38.0 0 -9999.9 1 -9999.9 1 -9999.9 1 -9999.9 1    26.4 0    39.4 0    10.2 0 -9999.9 1 -9999.9 1
 1995 187  7  6 22 24 22.400  57.67   430.5 0 -9999.9 1   457.5 0 -9999.9 1 -9999.9 1   305.5 0 -9999.9 1 -9999.9 1   300.3 0 -9999.9 1    37.0 0 -9999.9 1 -9999.9 1 -9999.9 1 -9999.9 1    26.4 0    39.4 0     9.7 0 -9999.9 1 -9999.9 1
 1995 187  7  6 22 27 22.450  58.24   415.2 0 -9999.9 1   453.9 0 -9999.9 1 -9999.9 1   305.5 0 -9999.9 1 -9999.9 1   300.3 0 -9999.9 1    35.7 0 -9999.9 1 -9999.9 1 -9999.9 1 -9999.9 1    26.6 0    39.4 0     9.5 0 -9999.9 1 -9999.9 1
 1995 187  7  6 22 30 22.500  58.82   406.5 0 -9999.9 1   445.4 0 -9999.9 1 -9999.9 1   305.5 0 -9999.9 1 -9999.9 1   300.3 0 -9999.9 1    34.2 0 -9999.9 1 -9999.9 1 -9999.9 1 -9999.9 1    26.4 0    39.5 0     9.3 0 -9999.9 1 -9999.9 1
 1995 187  7  6 22 33 22.550  59.39   398.2 0 -9999.9 1   442.2 0 -9999.9 1 -9999.9 1   305.4 0 -9999.9 1 -9999.9 1   300.2 0 -9999.9 1    32.9 0 -9999.9 1 -9999.9 1 -9999.9 1 -9999.9 1    26.3 0    39.4 0     9.6 0 -9999.9 1 -9999.9 1
 1995 187  7  6 22 36 22.600  59.96   391.0 0 -9999.9 1   435.4 0 -9999.9 1 -9999.9 1   305.4 0 -9999.9 1 -9999.9 1   300.2 0 -9999.9 1    31.4 0 -9999.9 1 -9999.9 1 -9999.9 1 -9999.9 1    26.2 0    39.6 0     9.0 0 -9999.9 1 -9999.9 1
 1995 187  7  6 22 39 22.650  60.53   381.3 0 -9999.9 1   435.9 0 -9999.9 1 -9999.9 1   305.3 0 -9999.9 1 -9999.9 1   300.2 0 -9999.9 1    30.4 0 -9999.9 1 -9999.9 1 -9999.9 1 -9999.9 1    26.3 0    39.7 0     8.5 0 -9999.9 1 -9999.9 1
 1995 187  7  6 22 42 22.700  61.10   374.0 0 -9999.9 1   436.2 0 -9999.9 1 -9999.9 1   305.3 0 -9999.9 1 -9999.9 1   300.2 0 -9999.9 1    29.3 0 -9999.9 1 -9999.9 1 -9999.9 1 -9999.9 1    26.4 0    40.2 0     7.0 0 -9999.9 1 -9999.9 1
 1995 187  7  6 22 45 22.750  61.67   366.8 0 -9999.9 1   438.8 0 -9999.9 1 -9999.9 1   305.4 0 -9999.9 1 -9999.9 1   300.2 0 -9999.9 1    28.3 0 -9999.9 1 -9999.9 1 -9999.9 1 -9999.9 1    26.5 0    40.0 0     8.6 0 -9999.9 1 -9999.9 1
 1995 187  7  6 22 48 22.800  62.24   353.4 0 -9999.9 1   431.6 0 -9999.9 1 -9999.9 1   305.3 0 -9999.9 1 -9999.9 1   300.1 0 -9999.9 1    27.1 0 -9999.9 1 -9999.9 1 -9999.9 1 -9999.9 1    26.6 0    39.7 0     9.8 0 -9999.9 1 -9999.9 1
 1995 187  7  6 22 51 22.850  62.81   349.6 0 -9999.9 1   428.0 0 -9999.9 1 -9999.9 1   305.3 0 -9999.9 1 -9999.9 1   300.1 0 -9999.9 1    26.0 0 -9999.9 1 -9999.9 1 -9999.9 1 -9999.9 1    26.3 0    39.9 0     9.1 0 -9999.9 1 -9999.9 1
 1995 187  7  6 22 54 22.900  63.37   341.1 0 -9999.9 1   426.6 0 -9999.9 1 -9999.9 1   305.3 0 -9999.9 1 -9999.9 1   300.1 0 -9999.9 1    24.8 0 -9999.9 1 -9999.9 1 -9999.9 1 -9999.9 1    26.2 0    40.3 0     7.4 0 -9999.9 1 -9999.9 1
 1995 187  7  6 22 57 22.950  63.94   327.4 0 -9999.9 1   412.5 0 -9999.9 1 -9999.9 1   305.2 0 -9999.9 1 -9999.9 1   300.1 0 -9999.9 1    23.6 0 -9999.9 1 -9999.9 1 -9999.9 1 -9999.9 1    26.1 0    39.7 0     8.8 0 -9999.9 1 -9999.9 1
 1995 187  7  6 23  0 23.000  64.51   314.0 0 -9999.9 1   390.5 0 -9999.9 1 -9999.9 1   305.2 0 -9999.9 1 -9999.9 1   300.0 0 -9999.9 1    22.2 0 -9999.9 1 -9999.9 1 -9999.9 1 -9999.9 1    26.9 0    39.2 0     9.1 0 -9999.9 1 -9999.9 1
 1995 187  7  6 23  3 23.050  65.07   300.4 0 -9999.9 1   371.7 0 -9999.9 1 -9999.9 1   305.1 0 -9999.9 1 -9999.9 1   300.0 0 -9999.9 1    20.9 0 -9999.9 1 -9999.9 1 -9999.9 1 -9999.9 1    26.1 0    39.5 0     9.0 0 -9999.9 1 -9999.9 1
 1995 187  7  6 23  6 23.100  65.64   289.1 0 -9999.9 1   359.8 0 -9999.9 1 -9999.9 1   305.0 0 -9999.9 1  1397.4 1   299.9 0   250.2 0    19.8 0 -9999.9 1 -9999.9 1 -9999.9 1 -9999.9 1    26.0 0    39.8 0     8.2 0 -9999.9 1 -9999.9 1
 1995 187  7  6 23  9 23.150  66.20   282.9 0 -9999.9 1   351.6 0 -9999.9 1 -9999.9 1   304.9 0 -9999.9 1 -9999.9 1   299.9 0 -9999.9 1    18.9 0 -9999.9 1 -9999.9 1 -9999.9 1 -9999.9 1    25.9 0    39.8 0     7.8 0 -9999.9 1 -9999.9 1
 1995 187  7  6 23 12 23.200  66.77   274.9 0 -9999.9 1   352.3 0 -9999.9 1 -9999.9 1   304.8 0 -9999.9 1 -9999.9 1   299.9 0 -9999.9 1    18.0 0 -9999.9 1 -9999.9 1 -9999.9 1 -9999.9 1    25.9 0    39.6 0     8.7 0 -9999.9 1 -9999.9 1
 1995 187  7  6 23 15 23.250  67.33   263.1 0 -9999.9 1   344.5 0 -9999.9 1 -9999.9 1   304.7 0 -9999.9 1 -9999.9 1   299.8 0 -9999.9 1    17.1 0 -9999.9 1 -9999.9 1 -9999.9 1 -9999.9 1    25.8 0    39.8 0     8.2 0 -9999.9 1 -9999.9 1
 1995 187  7  6 23 18 23.300  67.89   247.4 0 -9999.9 1   311.6 0 -9999.9 1 -9999.9 1   304.7 0 -9999.9 1 -9999.9 1   299.8 0 -9999.9 1    16.0 0 -9999.9 1 -9999.9 1 -9999.9 1 -9999.9 1    25.8 0    40.0 0     8.3 0 -9999.9 1 -9999.9 1
 1995 187  7  6 23 21 23.350  68.45   237.1 0 -9999.9 1   301.0 0 -9999.9 1 -9999.9 1   304.6 0 -9999.9 1 -9999.9 1   299.7 0 -9999.9 1    15.1 0 -9999.9 1 -9999.9 1 -9999.9 1 -9999.9 1    26.0 0    40.3 0     6.8 0 -9999.9 1 -9999.9 1
 1995 187  7  6 23 24 23.400  69.01   234.8 0 -9999.9 1   303.7 0 -9999.9 1 -9999.9 1   304.5 0 -9999.9 1 -9999.9 1   299.7 0 -9999.9 1    14.3 0 -9999.9 1 -9999.9 1 -9999.9 1 -9999.9 1    25.7 0    40.5 0     7.4 0 -9999.9 1 -9999.9 1
 1995 187  7  6 23 27 23.450  69.57   226.8 0 -9999.9 1   292.3 0 -9999.9 1 -9999.9 1   304.4 0 -9999.9 1 -9999.9 1   299.6 0 -9999.9 1    13.5 0 -9999.9 1 -9999.9 1 -9999.9 1 -9999.9 1    25.4 0    40.8 0     7.6 0 -9999.9 1 -9999.9 1
 1995 187  7  6 23 30 23.500  70.13   220.6 0 -9999.9 1   296.2 0 -9999.9 1 -9999.9 1   304.3 0 -9999.9 1 -9999.9 1   299.5 0 -9999.9 1    12.8 0 -9999.9 1 -9999.9 1 -9999.9 1 -9999.9 1    25.8 0    40.7 0     7.3 0 -9999.9 1 -9999.9 1
 1995 187  7  6 23 33 23.550  70.68   217.1 0 -9999.9 1   292.2 0 -9999.9 1 -9999.9 1   304.2 0 -9999.9 1 -9999.9 1   299.5 0 -9999.9 1    12.2 0 -9999.9 1 -9999.9 1 -9999.9 1 -9999.9 1    25.7 0    40.7 0     7.5 0 -9999.9 1 -9999.9 1
 1995 187  7  6 23 36 23.600  71.24   208.2 0 -9999.9 1   296.2 0 -9999.9 1 -9999.9 1   304.1 0 -9999.9 1 -9999.9 1   299.4 0 -9999.9 1    11.5 0 -9999.9 1 -9999.9 1 -9999.9 1 -9999.9 1    25.7 0    41.0 0     6.8 0 -9999.9 1 -9999.9 1
 1995 187  7  6 23 39 23.650  71.79   199.8 0 -9999.9 1   288.7 0 -9999.9 1 -9999.9 1   304.0 0 -9999.9 1 -9999.9 1   299.4 0 -9999.9 1    10.9 0 -9999.9 1 -9999.9 1 -9999.9 1 -9999.9 1    25.5 0    41.3 0     7.1 0 -9999.9 1 -9999.9 1
 1995 187  7  6 23 42 23.700  72.35   189.2 0 -9999.9 1   277.0 0 -9999.9 1 -9999.9 1   303.9 0 -9999.9 1 -9999.9 1   299.3 0 -9999.9 1    10.3 0 -9999.9 1 -9999.9 1 -9999.9 1 -9999.9 1    25.6 0    41.3 0     7.2 0 -9999.9 1 -9999.9 1
 1995 187  7  6 23 45 23.750  72.90   183.0 0 -9999.9 1   271.5 0 -9999.9 1 -9999.9 1   303.9 0 -9999.9 1 -9999.9 1   299.3 0 -9999.9 1     9.6 0 -9999.9 1 -9999.9 1 -9999.9 1 -9999.9 1    25.4 0    41.4 0     6.6 0 -9999.9 1 -9999.9 1
 1995 187  7  6 23 48 23.800  73.45   175.2 0 -9999.9 1   269.2 0 -9999.9 1 -9999.9 1   303.8 0 -9999.9 1 -9999.9 1   299.2 0 -9999.9 1     9.1 0 -9999.9 1 -9999.9 1 -9999.9 1 -9999.9 1    25.4 0    41.3 0     6.9 0 -9999.9 1 -9999.9 1
 1995 187  7  6 23 51 23.850  74.00   170.5 0 -9999.9 1   268.6 0 -9999.9 1 -9999.9 1   303.7 0 -9999.9 1 -9999.9 1   299.1 0 -9999.9 1     8.5 0 -9999.9 1 -9999.9 1 -9999.9 1 -9999.9 1    25.4 0    41.4 0     6.9 0 -9999.9 1 -9999.9 1
 1995 187  7  6 23 54 23.900  74.55   158.7 0 -9999.9 1   251.4 0 -9999.9 1 -9999.9 1   303.6 0 -9999.9 1 -9999.9 1   299.1 0 -9999.9 1     8.0 0 -9999.9 1 -9999.9 1 -9999.9 1 -9999.9 1    25.2 0    41.8 0     7.1 0 -9999.9 1 -9999.9 1
 1995 187  7  6 23 57 23.950  75.09   149.5 0 -9999.9 1   241.4 0 -9999.9 1 -9999.9 1   303.5 0 -9999.9 1 -9999.9 1   299.0 0 -9999.9 1     7.4 0 -9999.9 1 -9999.9 1 -9999.9 1 -9999.9 1    25.3 0    42.1 0     5.8 0 -9999.9 1 -9999.9 1
