 Bondville
   40.05  -88.37  213 m version 1
 1998 170  6 19  0  0  0.000  75.82    52.0 0    11.0 0    -0.9 0    57.1 0   432.3 0   305.2 0   304.7 0   463.7 0   302.5 0   302.5 0     5.5 0    26.6 0    46.1 0   -31.4 0    14.7 0    28.8 0    78.1 0     6.7 0   212.9 0   984.9 0
 1998 170  6 19  0  3  0.050  76.36    51.4 0    10.9 0    -0.8 0    56.6 0   434.7 0   305.1 0   304.6 0   463.6 0   302.4 0   302.4 0     4.9 0    26.4 0    45.8 0   -28.9 0    16.9 0    28.6 0    78.5 0     6.7 0   213.6 0   985.0 0
 1998 170  6 19  0  6  0.100  76.90    48.1 0    10.2 0    -0.9 0    53.3 0   434.3 0   305.0 0   304.5 0   463.4 0   302.3 0   302.3 0     4.2 0    24.9 0    43.1 0   -29.1 0    14.0 0    28.5 0    78.9 0     6.3 0   214.5 0   985.0 0
 1998 170  6 19  0  9  0.150  77.44    40.3 0     8.7 0    -0.4 0    45.1 0   435.3 0   304.9 0   304.4 0   463.4 0   302.2 0   302.2 0     3.3 0    21.3 0    36.4 0   -28.1 0     8.3 0    28.6 0    78.9 0     7.1 0   212.5 0   984.8 0
 1998 170  6 19  0 12  0.200  77.97    32.5 0     7.3 0    -0.6 0    37.4 0   435.6 0   304.8 0   304.3 0   462.9 0   302.2 0   302.2 0     2.4 0    17.9 0    30.1 0   -27.3 0     2.8 0    28.5 0    79.0 0     6.6 0   211.6 0   984.7 0
 1998 170  6 19  0 15  0.250  78.50    27.8 0     6.5 0    -0.9 0    32.6 0   436.8 0   304.7 0   304.2 0   462.3 0   302.1 0   302.1 0     1.9 0    15.8 0    26.1 0   -25.5 0     0.6 0    28.4 0    79.3 0     6.2 0   204.9 0   984.5 0
 1998 170  6 19  0 18  0.300  79.03    25.6 0     6.0 0    -0.7 0    30.2 0   438.6 0   304.6 0   304.2 0   461.9 0   302.0 0   302.0 0     1.7 0    14.7 0    24.2 0   -23.3 0     0.8 0    28.4 0    79.5 0     6.2 0   207.9 0   984.4 0
 1998 170  6 19  0 21  0.350  79.56    26.5 0     6.2 0    -1.0 0    31.3 0   439.5 0   304.5 0   304.0 0   461.4 0   302.0 0   302.0 0     1.7 0    15.0 0    25.1 0   -21.9 0     3.2 0    28.3 0    79.7 0     5.2 0   208.2 0   984.4 0
 1998 170  6 19  0 24  0.400  80.09    31.5 0     7.6 0    -1.1 0    36.6 0   439.0 0   304.4 0   303.8 0   460.8 0   301.9 0   301.9 0     1.9 0    17.4 0    29.0 0   -21.8 0     7.1 0    28.3 0    79.9 0     5.5 0   207.2 0   984.3 0
 1998 170  6 19  0 27  0.450  80.62    44.8 0    11.1 0    11.3 0    48.0 0   436.6 0   304.3 0   303.8 0   460.8 0   301.8 0   301.8 0     2.5 0    23.0 0    38.7 0   -24.2 0    14.5 0    28.2 0    80.1 0     5.6 0   203.4 0   984.1 0
 1998 170  6 19  0 30  0.500  81.14    80.8 0    25.6 0   169.8 0    63.1 0   430.8 0   304.3 0   303.9 0   461.6 0   301.7 0   301.8 0     2.9 0    36.4 0    63.7 0   -30.7 0    33.0 0    28.2 0    80.2 0     5.3 0   199.9 0   983.8 0
 1998 170  6 19  0 33  0.550  81.66    79.0 0    23.2 0   130.3 0    67.9 0   422.9 0   304.4 0   304.1 0   461.3 0   301.7 0   301.8 0     3.0 0    36.4 0    63.6 0   -38.4 0    25.1 0    28.1 0    80.5 0     4.4 0   192.8 0   983.6 0
 1998 170  6 19  0 36  0.600  82.18    57.5 0    13.7 0     7.2 0    61.3 0   417.7 0   304.4 0   304.0 0   460.1 0   301.7 0   301.7 0     2.9 0    28.8 0    48.6 0   -42.4 0     6.2 0    28.0 0    80.8 0     5.1 0   174.6 0   983.3 0
 1998 170  6 19  0 39  0.650  82.69    51.8 0    12.1 0     3.4 0    55.8 0   419.6 0   304.4 0   303.9 0   459.4 0   301.6 0   301.6 0     2.5 0    25.9 0    44.1 0   -39.8 0     4.3 0    27.9 0    81.0 0     5.2 0   169.2 0   983.1 0
 1998 170  6 19  0 42  0.700  83.21    42.0 0     9.5 0     0.3 0    46.4 0   420.6 0   304.3 0   303.9 0   458.8 0   301.6 0   301.5 0     2.2 0    21.3 0    37.0 0   -38.2 0    -1.2 0    27.8 0    81.4 0     4.7 0   171.0 0   983.1 0
 1998 170  6 19  0 45  0.750  83.71    27.6 0     6.2 0    -0.9 0    31.9 0   419.0 0   304.2 0   303.8 0   457.8 0   301.5 0   301.5 0     1.9 0    14.7 0    25.8 0   -38.7 0   -13.0 0    27.7 0    81.8 0     4.3 0   174.9 0   983.1 0
 1998 170  6 19  0 48  0.800  84.22    16.0 0     3.9 0    -1.1 0    20.0 0   427.0 0   304.1 0   303.6 0   457.2 0   301.4 0   301.4 0     1.2 0     9.3 0    16.1 0   -30.2 0   -14.1 0    27.7 0    82.2 0     4.2 0   182.3 0   983.3 0
 1998 170  6 19  0 51  0.850  84.72     8.3 0     2.5 0    -1.1 0    12.1 0   432.8 0   304.0 0   303.5 0   457.0 0   301.3 0   301.3 0     0.8 0     5.6 0     9.5 0   -24.2 0   -14.7 0    27.5 0    82.4 0     4.3 0   185.2 0   983.4 0
 1998 170  6 19  0 54  0.900  85.22     5.1 0     1.7 0    -1.0 0     8.8 0   432.2 0   303.9 0   303.4 0   456.6 0   301.2 0   301.2 0     0.7 0     4.1 0     7.1 0   -24.4 0   -17.3 0    27.5 0    82.4 0     3.9 0   170.7 0   983.2 0
 1998 170  6 19  0 57  0.950  85.72     2.7 0     1.4 0    -0.9 0     6.6 0   433.0 0   303.8 0   303.3 0   456.2 0   301.1 0   301.1 0     0.5 0     3.0 0     5.2 0   -23.2 0   -18.0 0    27.5 0    82.4 0     4.4 0   169.8 0   983.3 0
 1998 170  6 19  1  0  1.000  86.21     1.4 0     1.0 0    -0.9 0     5.1 0   434.1 0   303.7 0   303.2 0   456.0 0   301.0 0   301.0 0     0.3 0     2.3 0     4.1 0   -21.9 0   -17.9 0    27.4 0    82.5 0     4.8 0   179.2 0   983.5 0
 1998 170  6 19  1  3  1.050  86.69     0.1 0     0.7 0    -0.7 0     3.6 0   434.8 0   303.6 0   303.1 0   455.9 0   301.0 0   301.0 0     0.2 0     1.7 0     2.9 0   -21.2 0   -18.3 0    27.4 0    82.6 0     4.7 0   179.7 0   983.6 0
 1998 170  6 19  1  6  1.100  87.17    -1.0 0     0.6 0    -0.7 0     2.5 0   434.7 0   303.5 0   303.0 0   455.6 0   300.9 0   300.9 0     0.1 0     1.3 0     1.9 0   -20.9 0   -18.9 0    27.2 0    82.8 0     4.2 0   170.6 0   983.4 0
 1998 170  6 19  1  9  1.150  87.63    -1.5 0     0.4 0    -0.7 0     2.0 0   434.9 0   303.4 0   302.9 0   455.3 0   300.8 0   300.8 0     0.1 0     1.1 0     1.6 0   -20.4 0   -18.8 0    27.2 0    83.0 0     3.9 0   171.6 0   983.4 0
 1998 170  6 19  1 12  1.200  88.09    -1.8 0     0.3 0    -0.4 0     1.6 0   435.4 0   303.3 0   302.9 0   455.7 0   300.8 0   300.8 0     0.1 0     0.9 0     1.3 0   -20.3 0   -19.0 0    27.2 0    83.3 0     4.4 0   170.3 0   983.4 0
 1998 170  6 19  1 15  1.250  88.54    -2.0 0     0.1 0    -0.4 0     1.3 0   435.3 0   303.3 0   302.8 0   455.7 0   300.7 0   300.7 0     0.0 0     0.8 0     1.2 0   -20.3 0   -19.1 0    27.3 0    83.5 0     4.3 0   172.8 0   983.6 0
 1998 170  6 19  1 18  1.300  88.96    -2.2 0     0.2 0    -0.5 0     1.1 0   435.0 0   303.2 0   302.8 0   455.4 0   300.7 0   300.7 0     0.0 0     0.7 0     0.9 0   -20.5 0   -19.6 0    27.2 0    83.9 0     4.1 0   175.9 0   983.7 0
 1998 170  6 19  1 21  1.350  89.37    -2.4 0     0.3 0    -0.5 0     1.1 0   434.5 0   303.1 0   302.7 0   455.0 0   300.6 0   300.6 0     0.0 0     0.6 0     0.8 0   -20.5 0   -19.7 0    27.0 0    84.3 0     4.0 0   172.4 0   983.6 0
 1998 170  6 19  1 24  1.400  89.74    -2.7 0     0.1 0    -0.4 0     0.9 0   434.6 0   303.1 0   302.7 0   455.1 0   300.6 0   300.6 0     0.0 0     0.6 0     0.8 0   -20.4 0   -19.7 0    27.0 0    84.6 0     4.1 0   173.6 0   983.6 0
 1998 170  6 19  1 27  1.450  90.89    -2.8 0    -0.2 0    -0.3 0     0.7 0   435.5 0   303.0 0   302.6 0   454.9 0   300.5 0   300.5 0     0.0 0     0.5 0     0.7 0   -19.4 0   -18.7 0    27.0 0    84.7 0     3.4 0   187.9 0   983.9 0
 1998 170  6 19  1 30  1.500  91.37    -2.7 0    -0.2 0    -0.3 0     0.8 0   436.8 0   303.0 0   302.6 0   454.9 0   300.5 0   300.5 0     0.0 0     0.4 0     0.8 0   -18.1 0   -17.3 0    27.0 0    84.8 0     3.2 0   207.0 0   984.2 0
 1998 170  6 19  1 33  1.550  91.85    -2.9 0    -0.2 0    -0.3 0     0.6 0   437.7 0   303.0 0   302.5 0   454.6 0   300.5 0   300.5 0     0.0 0     0.4 0     0.6 0   -16.9 0   -16.3 0    27.0 0    84.9 0     3.1 0   227.4 0   984.5 0
 1998 170  6 19  1 36  1.600  92.33    -3.0 0    -0.2 0    -0.5 0     0.4 0   438.6 0   302.9 0   302.5 0   454.9 0   300.4 0   300.4 0     0.0 0     0.4 0     0.4 0   -16.2 0   -15.8 0    27.0 0    85.0 0     3.5 0   235.6 0   984.7 0
 1998 170  6 19  1 39  1.650  92.81    -2.7 0     0.2 0    -3.8 0     2.0 0   441.7 0   302.7 0   301.5 0   453.2 0   300.4 0   300.4 0     0.0 0     0.4 0     1.8 0   -11.5 0    -9.7 0    26.8 0    85.2 0     3.1 0   236.2 0   984.7 0
 1998 170  6 19  1 42  1.700  93.28    -4.6 0     0.7 0    -3.0 0     1.9 0   446.4 0   302.3 0   300.9 0   452.4 0   300.3 0   300.2 0     0.0 0     0.4 0     1.2 0    -6.0 0    -4.8 0    26.6 0    85.6 0     3.4 0   238.7 0   984.9 0
 1998 170  6 19  1 45  1.750  93.75    -4.0 0     1.3 0    -1.8 0     2.4 0   448.1 0   301.9 0   300.5 0   451.8 0   300.1 0   300.1 0     0.0 0     0.4 0     1.2 0    -3.8 0    -2.6 0    26.5 0    86.1 0     3.8 0   241.1 0   985.2 0
 1998 170  6 19  1 48  1.800  94.22    -5.0 0     1.5 0    -0.6 0     2.0 0   449.1 0   301.6 0   300.4 0   451.8 0   299.9 0   299.9 0     0.0 0     0.4 0     0.5 0    -2.7 0    -2.2 0    26.4 0    86.4 0     3.7 0   254.6 0   985.4 0
 1998 170  6 19  1 51  1.850  94.69    -4.9 0     4.6 0    -3.9 0     2.9 0   441.8 0   301.4 0   300.0 0   445.3 0   299.7 0   299.6 0     0.0 0     0.4 0     0.0 0    -3.5 0    -3.5 0    25.5 0    86.2 0    10.3 0   288.0 0   986.3 0
 1998 170  6 19  1 54  1.900  95.15    -3.5 0    19.7 0   -13.4 1     6.2 0   422.3 0   300.8 0   298.2 0   428.3 0   298.4 0   298.0 0     0.0 0     0.4 0     0.0 1    -5.9 0 -9999.9 1    23.1 0    82.0 0    16.1 0   300.0 0   987.6 0
 1998 170  6 19  1 57  1.950  95.61    -4.8 0    18.7 0    -7.5 0     5.1 0   417.0 0   299.9 0   297.5 0   424.3 0   296.7 0   296.5 0     0.0 0     0.4 0     0.0 1    -7.3 0 -9999.9 1    21.9 0    80.9 0    13.5 0   298.7 0   988.6 0
 1998 170  6 19  2  0  2.000  96.06     3.1 0    16.7 0   -13.7 1    12.6 0   420.3 0   298.6 0   295.1 0   416.1 0   295.4 0   295.1 0     0.0 0     0.4 0     0.0 0     0.0 0     0.0 0    20.1 0    83.2 0    15.5 0   300.3 0   988.7 0
 1998 170  6 19  2  3  2.050  96.52     5.2 0    15.6 0    -2.7 0    11.6 0   414.9 0   297.0 0   294.1 0   411.8 0   293.7 0   293.4 0     0.0 0     0.4 0     0.0 0     0.0 0     0.0 0    18.9 0    86.5 0    12.6 0   311.3 0   987.8 0
 1998 170  6 19  2  6  2.100  96.96     3.8 0     7.7 0     0.0 0     8.2 0   411.5 0   295.7 0   293.6 0   410.4 0   292.5 0   292.5 0     0.0 0     0.4 0     0.0 0     0.0 0     0.0 0    18.4 0    88.7 0    10.4 0   305.5 0   987.3 0
 1998 170  6 19  2  9  2.150  97.41     1.8 0     3.7 0     0.9 0     5.6 0   410.0 0   294.8 0   293.2 0   410.8 0   292.0 0   291.9 0     0.0 0     0.4 0     0.0 0    -0.8 0    -0.8 0    18.2 0    89.9 0    11.6 0   300.5 0   987.4 0
 1998 170  6 19  2 12  2.200  97.85     0.1 0     1.3 0     1.4 0     3.6 0   409.0 0   294.2 0   292.9 0   410.7 0   291.7 0   291.7 0     0.0 0     0.3 0     0.0 0    -1.7 0    -1.7 0    18.2 0    90.6 0    10.0 0   280.7 0   987.5 0
 1998 170  6 19  2 15  2.250  98.29    -1.0 0     0.4 0     0.1 0     2.3 0   406.7 0   293.7 0   292.8 0   411.5 0   291.6 0   291.6 0     0.0 0     0.4 0     0.0 0    -4.8 0    -4.8 0    18.2 0    90.8 0    12.1 0   283.5 0   987.5 0
 1998 170  6 19  2 18  2.300  98.73    -2.0 0     0.5 0     0.1 0     1.7 0   407.5 0   293.4 0   292.7 0   412.4 0   291.6 0   291.7 0     0.0 0     0.4 0     0.0 0    -4.9 0    -4.9 0    18.3 0    90.7 0    11.9 0   296.7 0   986.9 0
 1998 170  6 19  2 21  2.350  99.16    -2.2 0     0.4 0     0.1 0     1.3 0   405.4 0   293.2 0   292.6 0   412.6 0   291.6 0   291.7 0     0.0 0     0.3 0     0.0 0    -7.2 0    -7.2 0    18.4 0    90.5 0    11.1 0   294.5 0   986.6 0
 1998 170  6 19  2 24  2.400  99.59    -2.8 0     0.0 0     0.6 0     0.9 0   406.1 0   293.1 0   292.5 0   413.2 0   291.7 0   291.7 0     0.0 0     0.3 0     0.0 0    -7.0 0    -7.0 0    18.5 0    90.5 0    11.1 0   291.8 0   986.5 0
 1998 170  6 19  2 27  2.450 100.01    -3.4 0     0.1 0     0.3 0     0.8 0   406.2 0   293.0 0   292.4 0   412.8 0   291.7 0   291.8 0     0.0 0     0.3 0     0.0 0    -6.6 0    -6.6 0    18.5 0    90.4 0    10.4 0   293.5 0   986.3 0
 1998 170  6 19  2 30  2.500 100.44    -3.9 0     0.2 0     0.2 0     0.6 0   407.0 0   293.0 0   292.5 0   413.1 0   291.7 0   291.8 0     0.0 0     0.3 0     0.0 0    -6.1 0    -6.1 0    18.5 0    90.3 0     9.1 0   290.1 0   986.1 0
 1998 170  6 19  2 33  2.550 100.85    -4.5 0     0.3 0    -0.2 0     0.6 0   406.8 0   293.0 0   292.5 0   413.2 0   291.7 0   291.7 0     0.0 0     0.3 0     0.0 0    -6.4 0    -6.4 0    18.5 0    90.3 0     6.3 0   286.6 0   986.1 0
 1998 170  6 19  2 36  2.600 101.27    -4.5 0     0.2 0     0.5 0     0.4 0   406.6 0   293.0 0   292.5 0   413.2 0   291.7 0   291.7 0     0.0 0     0.3 0     0.0 0    -6.6 0    -6.6 0    18.5 0    90.2 0     5.5 0   280.8 0   986.3 0
 1998 170  6 19  2 39  2.650 101.68    -4.5 0     0.3 0     0.1 0     0.5 0   405.5 0   293.0 0   292.6 0   413.3 0   291.7 0   291.7 0     0.0 0     0.3 0     0.0 0    -7.8 0    -7.8 0    18.4 0    90.3 0     5.5 0   269.7 0   986.3 0
 1998 170  6 19  2 42  2.700 102.08    -4.7 0     0.3 0     0.1 0     0.6 0   404.4 0   293.1 0   292.6 0   413.3 0   291.7 0   291.7 0     0.0 0     0.3 0     0.0 0    -9.0 0    -9.0 0    18.4 0    90.2 0     5.4 0   265.0 0   986.4 0
 1998 170  6 19  2 45  2.750 102.48    -4.9 0     0.2 0     0.4 0     0.5 0   404.3 0   293.1 0   292.6 0   413.5 0   291.7 0   291.7 0     0.0 0     0.3 0     0.0 0    -9.2 0    -9.2 0    18.4 0    90.1 0     6.1 0   270.1 0   986.4 0
 1998 170  6 19  2 48  2.800 102.88    -4.8 0     0.4 0    -0.2 0     0.6 0   405.1 0   293.1 0   292.6 0   414.0 0   291.7 0   291.8 0     0.0 0     0.3 0     0.0 0    -8.9 0    -8.9 0    18.5 0    90.0 0     8.6 0   262.0 0   986.9 0
 1998 170  6 19  2 51  2.850 103.27    -4.5 0     0.5 0    -0.1 0     0.8 0   404.5 0   293.1 0   292.6 0   414.1 0   291.7 0   291.8 0     0.0 0     0.3 0     0.0 0    -9.6 0    -9.6 0    18.6 0    89.9 0     8.7 0   242.9 0   987.3 0
 1998 170  6 19  2 54  2.900 103.66    -4.9 0     0.4 0     0.2 0     0.9 0   403.2 0   293.1 0   292.6 0   414.5 0   291.8 0   291.9 0     0.0 0     0.4 0     0.0 0   -11.2 0   -11.2 0    18.7 0    89.8 0    10.5 0   253.2 0   987.2 0
 1998 170  6 19  2 57  2.950 104.05    -4.6 0     0.0 0     1.1 0     0.8 0   405.0 0   293.1 0   292.6 0   415.2 0   291.9 0   292.0 0     0.0 0     0.3 0     0.0 0   -10.2 0   -10.2 0    19.1 0    89.5 0    13.2 0   257.5 0   987.0 0
 1998 170  6 19  3  0  3.000 104.43    -4.7 0     0.1 0     0.8 0     0.6 0   407.0 0   293.2 0   292.5 0   414.7 0   292.0 0   292.1 0     0.0 0     0.3 0     0.0 0    -7.7 0    -7.7 0    19.1 0    89.5 0    11.9 0   251.5 0   986.9 0
 1998 170  6 19  3  3  3.050 104.80    -4.7 0     0.4 0     0.2 0     0.5 0   407.4 0   293.2 0   292.5 0   414.0 0   292.1 0   292.1 0     0.0 0     0.4 0     0.0 0    -6.7 0    -6.7 0    19.0 0    89.5 0    11.6 0   245.8 0   986.9 0
 1998 170  6 19  3  6  3.100 105.18    -4.4 0     0.5 0     0.3 0     0.5 0   406.6 0   293.2 0   292.6 0   414.1 0   292.0 0   292.1 0     0.0 0     0.3 0     0.0 0    -7.4 0    -7.4 0    19.0 0    89.4 0    10.3 0   242.3 0   987.1 0
 1998 170  6 19  3  9  3.150 105.54    -4.7 0     0.1 0     1.1 0     0.6 0   405.4 0   293.2 0   292.6 0   415.2 0   292.1 0   292.2 0     0.0 0     0.4 0     0.0 0    -9.8 0    -9.8 0    19.2 0    89.3 0    13.1 0   244.8 0   987.9 0
 1998 170  6 19  3 12  3.200 105.90    -5.1 0     0.0 0     0.8 0     0.2 0   406.1 0   293.2 0   292.7 0   415.4 0   292.2 0   292.2 0     0.0 0     0.3 0     0.0 0    -9.3 0    -9.3 0    19.3 0    89.3 0     9.5 0   246.0 0   988.0 0
 1998 170  6 19  3 15  3.250 106.26    -5.0 0     0.3 0     0.6 0     0.2 0   405.4 0   293.3 0   292.8 0   415.7 0   292.2 0   292.3 0     0.0 0     0.4 0     0.0 0   -10.3 0   -10.3 0    19.2 0    89.2 0     7.9 0   249.1 0   987.5 0
 1998 170  6 19  3 18  3.300 106.61    -5.2 0     0.7 0     0.4 0     0.2 0   405.5 0   293.3 0   292.9 0   415.8 0   292.2 0   292.3 0     0.0 0     0.3 0     0.0 0   -10.3 0   -10.3 0    19.2 0    89.2 0     6.7 0   247.1 0   987.0 0
 1998 170  6 19  3 21  3.350 106.96    -5.0 0     0.7 0     0.4 0     0.2 0   406.4 0   293.4 0   292.9 0   415.9 0   292.2 0   292.3 0     0.0 0     0.3 0     0.0 0    -9.5 0    -9.5 0    19.2 0    89.1 0     4.1 0   251.3 0   986.4 0
 1998 170  6 19  3 24  3.400 107.30    -5.4 0     0.8 0     0.5 0     0.1 0   404.4 0   293.5 0   293.0 0   416.1 0   292.2 0   292.3 0     0.0 0     0.4 0     0.0 0   -11.7 0   -11.7 0    19.2 0    89.2 0     3.2 0   247.6 0   986.4 0
 1998 170  6 19  3 27  3.450 107.64    -5.5 0     0.7 0     0.6 0     0.0 0   404.8 0   293.5 0   293.1 0   416.5 0   292.2 0   292.3 0     0.0 0     0.3 0     0.0 0   -11.7 0   -11.7 0    19.2 0    89.2 0     3.4 0   252.6 0   986.5 0
 1998 170  6 19  3 30  3.500 107.97    -5.4 0     0.6 0     0.7 0     0.1 0   404.4 0   293.6 0   293.2 0   416.7 0   292.2 0   292.3 0     0.0 0     0.4 0     0.0 0   -12.3 0   -12.3 0    19.2 0    89.2 0     3.8 0   249.5 0   986.6 0
 1998 170  6 19  3 33  3.550 108.30    -5.4 0     0.5 0     0.7 0     0.1 0   404.9 0   293.7 0   293.2 0   416.6 0   292.2 0   292.3 0     0.0 0     0.4 0     0.0 0   -11.7 0   -11.7 0    19.2 0    89.2 0     4.0 0   254.6 0   986.5 0
 1998 170  6 19  3 36  3.600 108.62    -5.3 0     0.6 0     0.3 0     0.3 0   406.0 0   293.7 0   293.2 0   416.7 0   292.2 0   292.3 0     0.0 0     0.4 0     0.0 0   -10.7 0   -10.7 0    19.2 0    89.3 0     3.1 0   282.4 0   986.1 0
 1998 170  6 19  3 39  3.650 108.94    -5.3 0     0.7 0     0.0 0     0.3 0   403.3 0   293.8 0   293.3 0   416.5 0   292.2 0   292.3 0     0.0 0     0.4 0     0.0 0   -13.2 0   -13.2 0    19.2 0    89.3 0     2.3 0   327.8 0   985.3 0
 1998 170  6 19  3 42  3.700 109.25    -5.2 0     0.9 0    -0.2 0     0.5 0   401.8 0   293.8 0   293.3 0   416.4 0   292.2 0   292.3 0     0.0 0     0.4 0     0.0 0   -14.5 0   -14.5 0    19.2 0    89.2 0     1.4 0    10.8 0   984.9 0
 1998 170  6 19  3 45  3.750 109.56    -5.2 0     0.8 0    -0.3 0     0.6 0   400.0 0   293.8 0   293.3 0   416.5 0   292.2 0   292.3 0     0.0 0     0.3 0     0.0 0   -16.5 0   -16.5 0    19.2 0    89.2 0     1.0 0    52.2 0   984.9 0
 1998 170  6 19  3 48  3.800 109.86    -5.4 0     0.8 0    -0.2 0     0.7 0   397.8 0   293.9 0   293.4 0   416.5 0   292.2 0   292.2 0     0.0 0     0.3 0     0.0 0   -18.7 0   -18.7 0    19.2 0    89.2 0     1.6 0    86.1 0   984.7 0
 1998 170  6 19  3 51  3.850 110.15    -5.5 0     0.6 0     0.1 0     0.5 0   396.5 0   293.9 0   293.4 0   416.3 0   292.2 0   292.2 0     0.0 0     0.4 0     0.0 0   -19.8 0   -19.8 0    19.1 0    89.2 0     3.2 0    82.8 0   984.4 0
 1998 170  6 19  3 54  3.900 110.44    -5.5 0     0.3 0     0.3 0     0.5 0   396.3 0   293.9 0   293.4 0   416.3 0   292.2 0   292.2 0     0.0 0     0.4 0     0.0 0   -20.0 0   -20.0 0    19.2 0    89.2 0     3.4 0    83.7 0   984.4 0
 1998 170  6 19  3 57  3.950 110.72    -5.4 0     0.2 0     0.5 0     0.4 0   396.7 0   293.9 0   293.5 0   416.3 0   292.2 0   292.3 0     0.0 0     0.4 0     0.0 0   -19.6 0   -19.6 0    19.2 0    89.2 0     3.3 0    98.3 0   984.6 0
 1998 170  6 19  4  0  4.000 111.00    -5.4 0     0.3 0     0.6 0     0.4 0   396.6 0   293.9 0   293.5 0   416.4 0   292.2 0   292.3 0     0.0 0     0.3 0     0.0 0   -19.8 0   -19.8 0    19.2 0    89.2 0     3.8 0   128.4 0   984.7 0
 1998 170  6 19  4  3  4.050 111.27    -5.3 0     0.2 0     0.6 0     0.2 0   396.2 0   294.0 0   293.5 0   416.6 0   292.3 0   292.3 0     0.0 0     0.4 0     0.0 0   -20.4 0   -20.4 0    19.3 0    89.2 0     4.0 0   146.5 0   984.8 0
 1998 170  6 19  4  6  4.100 111.53    -5.2 0     0.3 0     0.2 0     0.3 0   395.5 0   294.0 0   293.6 0   416.3 0   292.3 0   292.4 0     0.0 0     0.3 0     0.0 0   -20.7 0   -20.7 0    19.1 0    89.3 0     3.9 0   130.0 0   984.0 0
 1998 170  6 19  4  9  4.150 111.79    -5.0 0     0.4 0     0.3 0     0.4 0   394.1 0   294.0 0   293.6 0   416.5 0   292.3 0   292.4 0     0.0 0     0.3 0     0.0 0   -22.4 0   -22.4 0    19.2 0    89.1 0     4.6 0   157.7 0   984.5 0
 1998 170  6 19  4 12  4.200 112.05    -5.1 0     0.3 0     0.5 0     0.2 0   393.0 0   294.0 0   293.6 0   416.6 0   292.4 0   292.4 0     0.0 0     0.3 0     0.0 0   -23.6 0   -23.6 0    19.3 0    89.2 0     6.4 0   177.9 0   985.2 0
 1998 170  6 19  4 15  4.250 112.29    -5.1 0     0.3 0     0.5 0     0.2 0   392.9 0   294.0 0   293.6 0   416.8 0   292.4 0   292.4 0     0.0 0     0.3 0     0.0 0   -23.9 0   -23.9 0    19.3 0    89.1 0     5.7 0   177.2 0   985.2 0
 1998 170  6 19  4 18  4.300 112.53    -5.0 0     0.7 0     0.2 0     0.4 0   393.0 0   294.1 0   293.6 0   416.9 0   292.4 0   292.5 0     0.0 0     0.4 0     0.0 0   -23.8 0   -23.8 0    19.3 0    89.0 0     4.5 0   169.8 0   984.8 0
 1998 170  6 19  4 21  4.350 112.77    -4.8 0     1.0 0     0.5 0     0.5 0   392.3 0   294.1 0   293.6 0   416.7 0   292.5 0   292.6 0     0.0 0     0.3 0     0.0 0   -24.4 0   -24.4 0    19.5 0    88.8 0     4.9 0   169.6 0   984.7 0
 1998 170  6 19  4 24  4.400 112.99    -4.9 0     1.1 0     0.7 0     0.4 0   392.0 0   294.1 0   293.6 0   416.3 0   292.5 0   292.6 0     0.0 0     0.4 0     0.0 0   -24.3 0   -24.3 0    19.5 0    88.6 0     4.3 0   170.8 0   984.5 0
 1998 170  6 19  4 27  4.450 113.21    -4.8 0     1.2 0     0.7 0     0.5 0   390.6 0   294.1 0   293.6 0   416.2 0   292.5 0   292.6 0     0.0 0     0.4 0     0.0 0   -25.5 0   -25.5 0    19.5 0    88.5 0     4.4 0   177.8 0   984.4 0
 1998 170  6 19  4 30  4.500 113.43    -4.8 0     1.2 0     0.4 0     0.6 0   388.0 0   294.1 0   293.6 0   415.6 0   292.5 0   292.6 0     0.0 0     0.3 0     0.0 0   -27.5 0   -27.5 0    19.5 0    88.3 0     2.7 0   176.8 0   984.1 0
 1998 170  6 19  4 33  4.550 113.64    -4.5 0     1.2 0     0.2 0     0.7 0   385.5 0   294.1 0   293.6 0   415.3 0   292.5 0   292.5 0     0.0 0     0.4 0     0.0 0   -29.8 0   -29.8 0    19.5 0    88.2 0     2.6 0   173.8 0   983.8 0
 1998 170  6 19  4 36  4.600 113.84    -4.5 0     1.2 0     0.0 0     0.8 0   384.8 0   294.1 0   293.7 0   415.0 0   292.4 0   292.5 0     0.0 0     0.4 0     0.0 0   -30.1 0   -30.1 0    19.5 0    88.1 0     1.8 0   150.4 0   983.4 0
 1998 170  6 19  4 39  4.650 114.03    -4.4 0     1.1 0     0.4 0     0.7 0   382.6 0   294.1 0   293.7 0   415.1 0   292.4 0   292.5 0     0.0 0     0.3 0     0.0 0   -32.5 0   -32.5 0    19.5 0    87.9 0     3.0 0   182.6 0   983.6 0
 1998 170  6 19  4 42  4.700 114.22    -4.5 0     1.0 0     0.5 0     0.8 0   380.8 0   294.1 0   293.6 0   415.0 0   292.4 0   292.4 0     0.0 0     0.4 0     0.0 0   -34.2 0   -34.2 0    19.5 0    87.8 0     4.0 0   186.4 0   983.7 0
 1998 170  6 19  4 45  4.750 114.40    -4.4 0     1.0 0     0.7 0     0.7 0   383.3 0   294.1 0   293.6 0   415.0 0   292.4 0   292.4 0     0.0 0     0.4 0     0.0 0   -31.7 0   -31.7 0    19.5 0    87.8 0     4.0 0   186.2 0   983.9 0
 1998 170  6 19  4 48  4.800 114.57    -4.3 0     0.9 0     0.8 0     0.6 0   389.0 0   294.1 0   293.6 0   415.3 0   292.4 0   292.4 0     0.0 0     0.4 0     0.0 0   -26.3 0   -26.3 0    19.5 0    87.9 0     4.5 0   180.0 0   984.0 0
 1998 170  6 19  4 51  4.850 114.74    -4.2 0     0.9 0     1.1 0     0.5 0   394.1 0   294.1 0   293.7 0   415.6 0   292.4 0   292.4 0     0.0 0     0.4 0     0.0 0   -21.5 0   -21.5 0    19.5 0    87.9 0     4.6 0   179.3 0   984.2 0
 1998 170  6 19  4 54  4.900 114.90    -4.1 0     0.9 0     1.0 0     0.6 0   398.3 0   294.1 0   293.7 0   415.8 0   292.4 0   292.4 0     0.0 0     0.4 0     0.0 0   -17.6 0   -17.6 0    19.5 0    87.9 0     4.3 0   177.0 0   984.2 0
 1998 170  6 19  4 57  4.950 115.05    -4.0 0     0.9 0     1.0 0     0.6 0   401.5 0   294.1 0   293.7 0   416.0 0   292.4 0   292.4 0     0.0 0     0.4 0     0.0 0   -14.5 0   -14.5 0    19.5 0    87.9 0     4.6 0   178.4 0   984.4 0
 1998 170  6 19  5  0  5.000 115.19    -4.0 0     0.9 0     0.7 0     0.9 0   402.9 0   294.1 0   293.6 0   416.0 0   292.4 0   292.5 0     0.0 0     0.4 0     0.0 0   -13.1 0   -13.1 0    19.5 0    87.9 0     5.5 0   178.0 0   984.6 0
 1998 170  6 19  5  3  5.050 115.33    -4.4 0     1.0 0     0.1 0     0.6 0   402.1 0   294.1 0   293.5 0   415.8 0   292.4 0   292.5 0     0.0 0     0.4 0     0.0 0   -13.7 0   -13.7 0    19.5 0    87.9 0     5.6 0   171.5 0   984.6 0
 1998 170  6 19  5  6  5.100 115.46    -4.6 0     1.1 0     0.4 0     0.3 0   403.5 0   294.1 0   293.5 0   415.9 0   292.4 0   292.4 0     0.0 0     0.4 0     0.0 0   -12.4 0   -12.4 0    19.5 0    88.0 0     5.2 0   175.7 0   984.3 0
 1998 170  6 19  5  9  5.150 115.58    -4.6 0     1.1 0     0.7 0     0.4 0   403.4 0   294.1 0   293.5 0   415.8 0   292.4 0   292.4 0     0.0 0     0.4 0     0.0 0   -12.4 0   -12.4 0    19.5 0    88.0 0     6.6 0   163.6 0   983.5 0
 1998 170  6 19  5 12  5.200 115.70    -4.9 0     1.0 0     0.6 0     0.2 0   403.6 0   294.0 0   293.4 0   415.6 0   292.4 0   292.4 0     0.0 0     0.3 0     0.0 0   -12.0 0   -12.0 0    19.6 0    87.9 0     5.8 0   167.0 0   983.3 0
 1998 170  6 19  5 15  5.250 115.81    -5.1 0     0.8 0     0.8 0    -0.1 0   405.3 0   294.0 0   293.5 0   416.0 0   292.4 0   292.4 0     0.0 0     0.4 0     0.0 0   -10.6 0   -10.6 0    19.6 0    87.9 0     5.6 0   162.8 0   983.4 0
 1998 170  6 19  5 18  5.300 115.91    -5.0 0     0.8 0     0.8 0    -0.4 0   404.4 0   294.0 0   293.5 0   415.7 0   292.4 0   292.4 0     0.0 0     0.3 0     0.0 0   -11.3 0   -11.3 0    19.6 0    87.9 0     5.3 0   160.5 0   983.4 0
 1998 170  6 19  5 21  5.350 116.00    -5.1 0     0.7 0     0.9 0    -0.5 0   401.0 0   294.1 0   293.6 0   415.8 0   292.4 0   292.4 0     0.0 0     0.3 0     0.0 0   -14.8 0   -14.8 0    19.5 0    88.1 0     5.0 0   170.2 0   983.6 0
 1998 170  6 19  5 24  5.400 116.09    -4.8 0     0.5 0     1.0 0    -0.6 0   400.2 0   294.1 0   293.7 0   416.3 0   292.4 0   292.4 0     0.0 0     0.3 0     0.0 0   -16.1 0   -16.1 0    19.6 0    88.1 0     5.6 0   185.8 0   983.7 0
 1998 170  6 19  5 27  5.450 116.17    -4.7 0     0.4 0     1.1 0    -0.6 0   399.3 0   294.1 0   293.7 0   416.5 0   292.4 0   292.5 0     0.0 0     0.3 0     0.0 0   -17.2 0   -17.2 0    19.7 0    88.2 0     5.2 0   201.7 0   983.8 0
 1998 170  6 19  5 30  5.500 116.24    -4.5 0     0.5 0     1.0 0    -0.6 0   396.5 0   294.2 0   293.8 0   416.8 0   292.5 0   292.6 0     0.0 0     0.3 0     0.0 0   -20.3 0   -20.3 0    19.7 0    88.2 0     4.5 0   203.4 0   983.7 0
 1998 170  6 19  5 33  5.550 116.30    -4.3 0     0.5 0     1.0 0    -0.5 0   398.0 0   294.3 0   293.9 0   417.3 0   292.6 0   292.6 0     0.0 0     0.4 0     0.0 0   -19.3 0   -19.3 0    19.8 0    88.2 0     4.9 0   200.3 0   983.7 0
 1998 170  6 19  5 36  5.600 116.36    -4.1 0     0.7 0     0.7 0    -0.5 0   397.0 0   294.3 0   294.0 0   417.0 0   292.6 0   292.7 0     0.0 0     0.3 0     0.0 0   -20.0 0   -20.0 0    19.9 0    88.1 0     4.0 0   188.7 0   983.7 0
 1998 170  6 19  5 39  5.650 116.40    -4.0 0     0.8 0     0.1 0    -0.4 0   395.4 0   294.4 0   294.1 0   416.6 0   292.7 0   292.7 0     0.0 0     0.3 0     0.0 0   -21.2 0   -21.2 0    19.9 0    88.1 0     3.3 0   178.3 0   983.7 0
 1998 170  6 19  5 42  5.700 116.44    -3.8 0     0.8 0     0.2 0    -0.2 0   395.6 0   294.5 0   294.1 0   416.7 0   292.7 0   292.7 0     0.0 0     0.3 0     0.0 0   -21.1 0   -21.1 0    19.8 0    88.2 0     4.1 0   178.5 0   983.7 0
 1998 170  6 19  5 45  5.750 116.48    -3.7 0     0.8 0     0.3 0    -0.2 0   395.3 0   294.5 0   294.2 0   416.6 0   292.7 0   292.7 0     0.0 0     0.4 0     0.0 0   -21.3 0   -21.3 0    19.7 0    88.2 0     4.0 0   172.4 0   983.5 0
 1998 170  6 19  5 48  5.800 116.50    -3.7 0     0.8 0     0.2 0     0.0 0   394.2 0   294.5 0   294.2 0   416.5 0   292.7 0   292.7 0     0.0 0     0.3 0     0.0 0   -22.3 0   -22.3 0    19.7 0    88.3 0     3.2 0   171.3 0   983.6 0
 1998 170  6 19  5 51  5.850 116.52    -3.6 0     0.6 0     0.1 0     0.2 0   392.1 0   294.6 0   294.2 0   416.4 0   292.7 0   292.7 0     0.0 0     0.4 0     0.0 0   -24.3 0   -24.3 0    19.7 0    88.4 0     3.4 0   171.2 0   983.6 0
 1998 170  6 19  5 54  5.900 116.53    -3.6 0     0.5 0     0.3 0     0.1 0   390.9 0   294.6 0   294.3 0   416.5 0   292.7 0   292.7 0     0.0 0     0.4 0     0.0 0   -25.7 0   -25.7 0    19.7 0    88.5 0     3.3 0   169.8 0   983.7 0
 1998 170  6 19  5 57  5.950 116.53    -3.5 0     0.4 0     0.3 0     0.2 0   390.9 0   294.6 0   294.3 0   416.6 0   292.7 0   292.7 0     0.0 0     0.3 0     0.0 0   -25.7 0   -25.7 0    19.7 0    88.7 0     4.2 0   173.1 0   984.0 0
 1998 170  6 19  6  0  6.000 116.52    -3.5 0     0.3 0     0.4 0     0.1 0   392.8 0   294.7 0   294.3 0   416.9 0   292.7 0   292.7 0     0.0 0     0.4 0     0.0 0   -24.1 0   -24.1 0    19.6 0    88.8 0     4.6 0   170.3 0   984.1 0
 1998 170  6 19  6  3  6.050 116.51    -3.5 0     0.4 0     0.6 0     0.1 0   399.4 0   294.7 0   294.4 0   417.2 0   292.7 0   292.7 0     0.0 0     0.4 0     0.0 0   -17.9 0   -17.9 0    19.6 0    88.8 0     4.2 0   168.2 0   983.9 0
 1998 170  6 19  6  6  6.100 116.49    -3.4 0     0.5 0     0.4 0     0.3 0   395.8 0   294.7 0   294.4 0   417.3 0   292.7 0   292.8 0     0.0 0     0.3 0     0.0 0   -21.5 0   -21.5 0    19.7 0    88.8 0     4.1 0   166.2 0   983.9 0
 1998 170  6 19  6  9  6.150 116.46    -3.4 0     0.5 0     0.4 0     0.4 0   399.2 0   294.7 0   294.4 0   417.5 0   292.7 0   292.8 0     0.0 0     0.4 0     0.0 0   -18.3 0   -18.3 0    19.7 0    88.8 0     4.1 0   165.0 0   984.0 0
 1998 170  6 19  6 12  6.200 116.42    -3.3 0     0.6 0     0.8 0     0.3 0   410.5 0   294.8 0   294.5 0   418.1 0   292.8 0   292.8 0     0.0 0     0.4 0     0.0 0    -7.6 0    -7.6 0    19.8 0    88.6 0     4.3 0   172.8 0   984.1 0
 1998 170  6 19  6 15  6.250 116.38    -3.1 0     0.7 0     0.6 0     0.5 0   407.5 0   294.8 0   294.5 0   418.3 0   292.8 0   292.9 0     0.0 0     0.4 0     0.0 0   -10.8 0   -10.8 0    19.9 0    88.6 0     3.9 0   178.0 0   984.2 0
 1998 170  6 19  6 18  6.300 116.33    -3.0 0     0.8 0     0.3 0     0.7 0   400.2 0   294.9 0   294.6 0   417.9 0   292.9 0   292.9 0     0.0 0     0.4 0     0.0 0   -17.8 0   -17.8 0    19.9 0    88.5 0     3.8 0   184.4 0   984.2 0
 1998 170  6 19  6 21  6.350 116.27    -3.0 0     1.0 0     0.4 0     0.8 0   407.6 0   294.9 0   294.6 0   418.2 0   292.9 0   292.9 0     0.0 0     0.4 0     0.0 0   -10.6 0   -10.6 0    20.0 0    88.3 0     4.5 0   186.3 0   984.2 0
 1998 170  6 19  6 24  6.400 116.20    -2.9 0     1.0 0     0.6 0     0.7 0   411.5 0   294.9 0   294.6 0   418.3 0   292.9 0   293.0 0     0.0 0     0.4 0     0.0 0    -6.8 0    -6.8 0    20.1 0    88.1 0     4.8 0   184.7 0   984.3 0
 1998 170  6 19  6 27  6.450 116.12    -3.0 0     1.1 0     0.5 0     0.8 0   406.6 0   294.9 0   294.6 0   418.0 0   293.0 0   293.0 0     0.0 0     0.4 0     0.0 0   -11.4 0   -11.4 0    20.1 0    88.0 0     3.7 0   188.6 0   984.2 0
 1998 170  6 19  6 30  6.500 116.04    -2.8 0     1.1 0     0.7 0     0.8 0   417.5 0   295.0 0   294.7 0   418.6 0   293.0 0   293.0 0     0.0 0     0.4 0     0.0 0    -1.2 0    -1.2 0    20.1 0    87.9 0     3.9 0   197.5 0   984.3 0
 1998 170  6 19  6 33  6.550 115.95    -2.7 0     1.1 0     0.9 0     0.8 0   419.9 0   295.0 0   294.7 0   419.2 0   293.0 0   293.1 0     0.0 0     0.3 0     0.0 0     0.0 0     0.0 0    20.2 0    87.8 0     4.1 0   209.4 0   984.3 0
 1998 170  6 19  6 36  6.600 115.85    -2.7 0     1.0 0     1.2 0     0.7 0   420.9 0   295.1 0   294.8 0   419.8 0   293.1 0   293.2 0     0.0 0     0.3 0     0.0 0     0.0 0     0.0 0    20.3 0    87.6 0     4.8 0   210.6 0   984.5 0
 1998 170  6 19  6 39  6.650 115.75    -2.8 0     1.0 0     1.2 0     0.6 0   421.3 0   295.1 0   294.9 0   420.2 0   293.2 0   293.3 0     0.0 0     0.4 0     0.0 0     0.0 0     0.0 0    20.5 0    87.2 0     4.4 0   208.5 0   984.4 0
 1998 170  6 19  6 42  6.700 115.64    -2.8 0     1.2 0     1.1 0     0.6 0   415.4 0   295.2 0   294.9 0   420.1 0   293.3 0   293.3 0     0.0 0     0.4 0     0.0 0    -4.7 0    -4.7 0    20.6 0    86.9 0     4.5 0   206.5 0   984.3 0
 1998 170  6 19  6 45  6.750 115.52    -2.7 0     1.4 0     0.7 0     0.6 0   413.2 0   295.2 0   295.0 0   419.7 0   293.3 0   293.4 0     0.0 0     0.4 0     0.0 0    -6.5 0    -6.5 0    20.7 0    86.4 0     4.4 0   203.9 0   984.3 0
 1998 170  6 19  6 48  6.800 115.39    -2.8 0     1.5 0     0.4 0     0.6 0   412.2 0   295.3 0   295.0 0   419.4 0   293.4 0   293.5 0     0.0 0     0.4 0     0.0 0    -7.2 0    -7.2 0    20.6 0    86.3 0     4.6 0   193.8 0   984.5 0
 1998 170  6 19  6 51  6.850 115.26    -2.7 0     1.5 0    -0.5 0     0.8 0   402.3 0   295.3 0   295.0 0   418.8 0   293.4 0   293.4 0     0.0 0     0.4 0     0.0 0   -16.5 0   -16.5 0    20.6 0    86.3 0     4.2 0   185.5 0   984.6 0
 1998 170  6 19  6 54  6.900 115.12    -2.7 0     1.5 0    -0.6 0     0.9 0   395.2 0   295.4 0   295.0 0   418.3 0   293.4 0   293.4 0     0.0 0     0.4 0     0.0 0   -23.1 0   -23.1 0    20.5 0    86.5 0     4.1 0   180.9 0   984.7 0
 1998 170  6 19  6 57  6.950 114.97    -2.8 0     1.3 0    -0.4 0     0.8 0   399.7 0   295.4 0   295.0 0   418.3 0   293.4 0   293.4 0     0.0 0     0.4 0     0.0 0   -18.7 0   -18.7 0    20.4 0    86.8 0     5.0 0   178.6 0   984.9 0
 1998 170  6 19  7  0  7.000 114.81    -2.8 0     1.2 0    -0.4 0     0.7 0   407.6 0   295.4 0   295.1 0   418.4 0   293.3 0   293.3 0     0.0 0     0.4 0     0.0 0   -10.7 0   -10.7 0    20.3 0    87.2 0     4.4 0   174.3 0   984.9 0
 1998 170  6 19  7  3  7.050 114.65    -2.7 0     1.1 0    -0.2 0     0.7 0   407.4 0   295.5 0   295.1 0   418.5 0   293.3 0   293.3 0     0.0 0     0.4 0     0.0 0   -11.1 0   -11.1 0    20.1 0    87.6 0     4.4 0   166.8 0   984.9 0
 1998 170  6 19  7  6  7.100 114.48    -2.7 0     1.0 0    -0.1 0     0.7 0   407.3 0   295.5 0   295.2 0   418.4 0   293.2 0   293.2 0     0.0 0     0.4 0     0.0 0   -11.1 0   -11.1 0    20.0 0    87.9 0     4.1 0   164.6 0   985.0 0
 1998 170  6 19  7  9  7.150 114.30    -2.5 0     1.0 0    -0.3 0     0.8 0   406.1 0   295.5 0   295.2 0   418.3 0   293.2 0   293.2 0     0.0 0     0.4 0     0.0 0   -12.2 0   -12.2 0    20.0 0    88.2 0     3.7 0   165.6 0   985.0 0
 1998 170  6 19  7 12  7.200 114.12    -2.6 0     0.9 0    -0.1 0     0.8 0   406.3 0   295.5 0   295.2 0   418.2 0   293.1 0   293.2 0     0.0 0     0.4 0     0.0 0   -11.8 0   -11.8 0    19.9 0    88.4 0     4.4 0   165.4 0   985.0 0
 1998 170  6 19  7 15  7.250 113.93    -2.6 0     0.8 0    -0.1 0     0.7 0   407.1 0   295.5 0   295.2 0   418.2 0   293.1 0   293.1 0     0.0 0     0.4 0     0.0 0   -11.1 0   -11.1 0    19.9 0    88.6 0     4.8 0   167.0 0   985.1 0
 1998 170  6 19  7 18  7.300 113.73    -2.6 0     0.7 0     0.0 0     0.7 0   403.4 0   295.5 0   295.2 0   418.2 0   293.1 0   293.1 0     0.0 0     0.4 0     0.0 0   -14.7 0   -14.7 0    19.8 0    88.7 0     4.8 0   170.7 0   985.0 0
 1998 170  6 19  7 21  7.350 113.52    -2.7 0     0.6 0    -0.3 0     0.7 0   387.8 0   295.5 0   295.1 0   417.6 0   293.0 0   293.1 0     0.0 0     0.4 0     0.0 0   -29.8 0   -29.8 0    19.8 0    88.9 0     5.1 0   170.9 0   984.9 0
 1998 170  6 19  7 24  7.400 113.31    -2.9 0     0.6 0    -0.5 0     0.7 0   378.8 0   295.5 0   295.1 0   417.1 0   293.0 0   293.0 0     0.0 0     0.4 0     0.0 0   -38.3 0   -38.3 0    19.8 0    89.0 0     4.5 0   182.4 0   984.8 0
 1998 170  6 19  7 27  7.450 113.09    -3.0 0     0.6 0    -0.4 0     0.7 0   373.7 0   295.5 0   295.0 0   416.8 0   293.0 0   293.0 0     0.0 0     0.4 0     0.0 0   -43.2 0   -43.2 0    19.8 0    89.1 0     4.1 0   196.0 0   984.8 0
 1998 170  6 19  7 30  7.500 112.87    -3.2 0     0.5 0    -0.3 0     0.7 0   372.0 0   295.4 0   295.0 0   416.8 0   293.0 0   293.0 0     0.0 0     0.4 0     0.0 0   -44.8 0   -44.8 0    19.8 0    89.1 0     4.2 0   194.4 0   984.8 0
 1998 170  6 19  7 33  7.550 112.64    -3.4 0     0.5 0    -0.5 0     0.6 0   371.2 0   295.4 0   295.0 0   416.6 0   293.0 0   293.0 0     0.0 0     0.4 0     0.0 0   -45.4 0   -45.4 0    19.8 0    89.2 0     4.1 0   187.2 0   984.8 0
 1998 170  6 19  7 36  7.600 112.40    -3.4 0     0.5 0    -0.4 0     0.5 0   369.9 0   295.4 0   295.0 0   416.6 0   293.0 0   293.0 0     0.0 0     0.4 0     0.0 0   -46.7 0   -46.7 0    19.8 0    89.2 0     4.8 0   177.1 0   984.7 0
 1998 170  6 19  7 39  7.650 112.16    -3.6 0     0.4 0    -0.5 0     0.3 0   367.9 0   295.4 0   295.0 0   416.5 0   293.0 0   293.0 0     0.0 0     0.4 0     0.0 0   -48.6 0   -48.6 0    19.8 0    89.3 0     4.4 0   180.8 0   984.6 0
 1998 170  6 19  7 42  7.700 111.91    -3.5 0     0.5 0    -0.5 0     0.5 0   366.1 0   295.4 0   294.9 0   416.2 0   292.9 0   292.9 0     0.0 0     0.4 0     0.0 0   -50.1 0   -50.1 0    19.7 0    89.3 0     4.3 0   182.9 0   984.6 0
 1998 170  6 19  7 45  7.750 111.65    -3.6 0     0.4 0    -0.4 0     0.4 0   364.9 0   295.4 0   294.9 0   416.3 0   292.9 0   292.9 0     0.0 0     0.5 0     0.0 0   -51.4 0   -51.4 0    19.7 0    89.3 0     4.5 0   175.4 0   984.5 0
 1998 170  6 19  7 48  7.800 111.39    -3.6 0     0.3 0    -0.2 0     0.2 0   363.3 0   295.3 0   294.9 0   416.4 0   292.9 0   292.9 0     0.0 0     0.4 0     0.0 0   -53.1 0   -53.1 0    19.7 0    89.3 0     4.8 0   174.1 0   984.4 0
 1998 170  6 19  7 51  7.850 111.12    -3.6 0     0.3 0    -0.4 0     0.2 0   362.3 0   295.3 0   294.9 0   416.1 0   292.9 0   292.9 0     0.0 0     0.4 0     0.0 0   -53.8 0   -53.8 0    19.7 0    89.3 0     4.1 0   179.7 0   984.5 0
 1998 170  6 19  7 54  7.900 110.85    -3.6 0     0.4 0    -0.5 0     0.4 0   361.2 0   295.3 0   294.9 0   415.7 0   292.9 0   292.9 0     0.0 0     0.4 0     0.0 0   -54.5 0   -54.5 0    19.7 0    89.3 0     3.4 0   179.7 0   984.5 0
 1998 170  6 19  7 57  7.950 110.57    -3.5 0     0.4 0    -0.6 0     0.5 0   360.5 0   295.3 0   294.8 0   415.6 0   292.9 0   292.9 0     0.0 0     0.4 0     0.0 0   -55.1 0   -55.1 0    19.7 0    89.2 0     4.0 0   179.6 0   984.6 0
 1998 170  6 19  8  0  8.000 110.28    -3.6 0     0.4 0    -0.4 0     0.4 0   360.3 0   295.3 0   294.8 0   415.6 0   292.8 0   292.8 0     0.0 0     0.4 0     0.0 0   -55.3 0   -55.3 0    19.6 0    89.2 0     4.0 0   178.2 0   984.6 0
 1998 170  6 19  8  3  8.050 109.99    -3.5 0     0.4 0    -0.5 0     0.3 0   360.6 0   295.3 0   294.8 0   415.4 0   292.8 0   292.8 0     0.0 0     0.4 0     0.0 0   -54.8 0   -54.8 0    19.6 0    89.1 0     4.0 0   183.4 0   984.6 0
 1998 170  6 19  8  6  8.100 109.69    -3.4 0     0.5 0    -0.7 0     0.5 0   360.9 0   295.2 0   294.8 0   415.1 0   292.8 0   292.8 0     0.0 0     0.4 0     0.0 0   -54.2 0   -54.2 0    19.6 0    89.1 0     3.7 0   179.9 0   984.5 0
 1998 170  6 19  8  9  8.150 109.39    -3.5 0     0.4 0    -0.2 0     0.4 0   360.8 0   295.2 0   294.8 0   415.4 0   292.8 0   292.8 0     0.0 0     0.4 0     0.0 0   -54.6 0   -54.6 0    19.6 0    89.0 0     4.2 0   188.0 0   984.5 0
 1998 170  6 19  8 12  8.200 109.08    -3.6 0     0.4 0    -0.1 0     0.3 0   361.0 0   295.2 0   294.8 0   415.6 0   292.8 0   292.8 0     0.0 0     0.4 0     0.0 0   -54.7 0   -54.7 0    19.5 0    89.0 0     4.4 0   191.6 0   984.5 0
 1998 170  6 19  8 15  8.250 108.77    -3.6 0     0.4 0     0.2 0     0.2 0   361.5 0   295.2 0   294.7 0   415.8 0   292.8 0   292.8 0     0.0 0     0.4 0     0.0 0   -54.3 0   -54.3 0    19.6 0    88.9 0     5.1 0   189.9 0   984.5 0
 1998 170  6 19  8 18  8.300 108.45    -3.6 0     0.5 0    -0.1 0     0.1 0   361.6 0   295.2 0   294.7 0   415.6 0   292.8 0   292.8 0     0.0 0     0.4 0     0.0 0   -54.0 0   -54.0 0    19.6 0    88.9 0     4.8 0   189.9 0   984.4 0
 1998 170  6 19  8 21  8.350 108.12    -3.6 0     0.5 0    -0.3 0     0.1 0   361.9 0   295.2 0   294.7 0   415.4 0   292.8 0   292.8 0     0.0 0     0.4 0     0.0 0   -53.5 0   -53.5 0    19.6 0    88.8 0     4.8 0   194.2 0   984.4 0
 1998 170  6 19  8 24  8.400 107.79    -3.6 0     0.6 0    -0.5 0     0.2 0   362.4 0   295.2 0   294.7 0   415.2 0   292.8 0   292.8 0     0.0 0     0.4 0     0.0 0   -52.9 0   -52.9 0    19.5 0    88.8 0     4.6 0   197.1 0   984.4 0
 1998 170  6 19  8 27  8.450 107.46    -3.6 0     0.5 0    -0.2 0     0.2 0   363.2 0   295.1 0   294.7 0   415.3 0   292.7 0   292.8 0     0.0 0     0.4 0     0.0 0   -52.0 0   -52.0 0    19.5 0    88.8 0     5.0 0   197.0 0   984.3 0
 1998 170  6 19  8 30  8.500 107.12    -3.6 0     0.4 0     0.1 0     0.1 0   363.5 0   295.1 0   294.7 0   415.5 0   292.8 0   292.8 0     0.0 0     0.4 0     0.0 0   -51.9 0   -51.9 0    19.6 0    88.6 0     5.5 0   196.9 0   984.3 0
 1998 170  6 19  8 33  8.550 106.77    -3.6 0     0.4 0     0.1 0     0.1 0   364.0 0   295.1 0   294.7 0   415.6 0   292.8 0   292.8 0     0.0 0     0.4 0     0.0 0   -51.6 0   -51.6 0    19.6 0    88.6 0     5.4 0   196.9 0   984.3 0
 1998 170  6 19  8 36  8.600 106.42    -3.6 0     0.4 0     0.1 0     0.1 0   363.7 0   295.1 0   294.7 0   415.6 0   292.8 0   292.8 0     0.0 0     0.4 0     0.0 0   -51.9 0   -51.9 0    19.7 0    88.5 0     5.2 0   199.6 0   984.5 0
 1998 170  6 19  8 39  8.650 106.07    -3.6 0     0.4 0     0.1 0     0.0 0   362.8 0   295.1 0   294.7 0   415.6 0   292.8 0   292.8 0     0.0 0     0.3 0     0.0 0   -52.8 0   -52.8 0    19.7 0    88.5 0     5.3 0   197.5 0   984.5 0
 1998 170  6 19  8 42  8.700 105.71    -3.7 0     0.3 0     0.3 0    -0.1 0   362.3 0   295.1 0   294.7 0   415.9 0   292.8 0   292.9 0     0.0 0     0.4 0     0.0 0   -53.6 0   -53.6 0    19.7 0    88.5 0     5.6 0   198.1 0   984.6 0
 1998 170  6 19  8 45  8.750 105.34    -3.7 0     0.4 0     0.1 0    -0.1 0   360.4 0   295.1 0   294.7 0   415.8 0   292.9 0   292.9 0     0.0 0     0.4 0     0.0 0   -55.4 0   -55.4 0    19.8 0    88.4 0     6.0 0   197.2 0   984.6 0
 1998 170  6 19  8 48  8.800 104.98    -3.8 0     0.4 0     0.2 0    -0.1 0   358.4 0   295.1 0   294.7 0   415.9 0   292.9 0   292.9 0     0.0 0     0.4 0     0.0 0   -57.5 0   -57.5 0    19.8 0    88.4 0     6.5 0   199.4 0   984.7 0
 1998 170  6 19  8 51  8.850 104.60    -3.9 0     0.4 0     0.1 0    -0.2 0   356.2 0   295.1 0   294.7 0   415.8 0   292.9 0   293.0 0     0.0 0     0.4 0     0.0 0   -59.6 0   -59.6 0    19.8 0    88.3 0     5.9 0   199.5 0   984.8 0
 1998 170  6 19  8 54  8.900 104.22    -3.9 0     0.4 0    -0.1 0    -0.1 0   353.8 0   295.2 0   294.7 0   415.6 0   293.0 0   293.0 0     0.0 0     0.4 0     0.0 0   -61.9 0   -61.9 0    19.8 0    88.3 0     6.0 0   199.6 0   984.8 0
 1998 170  6 19  8 57  8.950 103.84    -3.9 0     0.5 0    -0.3 0    -0.1 0   352.7 0   295.2 0   294.7 0   415.5 0   293.0 0   293.0 0     0.0 0     0.4 0     0.0 0   -62.8 0   -62.8 0    19.8 0    88.3 0     6.1 0   198.2 0   984.9 0
 1998 170  6 19  9  0  9.000 103.45    -3.9 0     0.5 0    -0.2 0    -0.1 0   352.6 0   295.2 0   294.7 0   415.4 0   293.0 0   293.0 0     0.0 0     0.4 0     0.0 0   -62.8 0   -62.8 0    19.8 0    88.2 0     5.9 0   198.6 0   985.0 0
 1998 170  6 19  9  3  9.050 103.06    -3.8 0     0.6 0    -0.7 0     0.0 0   351.6 0   295.2 0   294.7 0   414.9 0   293.0 0   293.0 0     0.0 0     0.4 0     0.0 0   -63.2 0   -63.2 0    19.7 0    88.3 0     5.2 0   195.9 0   985.0 0
 1998 170  6 19  9  6  9.100 102.67    -3.8 0     0.6 0    -0.5 0     0.0 0   350.6 0   295.2 0   294.7 0   414.8 0   292.9 0   293.0 0     0.0 0     0.4 0     0.0 0   -64.2 0   -64.2 0    19.7 0    88.3 0     5.6 0   195.7 0   985.0 0
 1998 170  6 19  9  9  9.150 102.27    -3.8 0     0.7 0    -0.4 0     0.0 0   349.6 0   295.1 0   294.7 0   414.6 0   292.9 0   292.9 0     0.0 0     0.4 0     0.0 0   -65.0 0   -65.0 0    19.7 0    88.3 0     5.9 0   196.9 0   985.0 0
 1998 170  6 19  9 12  9.200 101.86    -3.8 0     0.7 0    -0.3 0     0.0 0   349.3 0   295.1 0   294.6 0   414.5 0   292.9 0   292.9 0     0.0 0     0.4 0     0.0 0   -65.3 0   -65.3 0    19.7 0    88.3 0     6.3 0   196.8 0   985.0 0
 1998 170  6 19  9 15  9.250 101.46    -3.8 0     0.7 0    -0.4 0     0.0 0   348.2 0   295.1 0   294.6 0   414.3 0   292.9 0   292.9 0     0.0 0     0.4 0     0.0 0   -66.1 0   -66.1 0    19.6 0    88.3 0     6.3 0   194.5 0   984.9 0
 1998 170  6 19  9 18  9.300 101.04    -3.8 0     0.8 0    -0.8 0     0.1 0   346.7 0   295.1 0   294.6 0   413.6 0   292.8 0   292.8 0     0.0 0     0.4 0     0.0 0   -66.9 0   -66.9 0    19.5 0    88.3 0     5.0 0   189.9 0   984.8 0
 1998 170  6 19  9 21  9.350 100.63    -3.8 0     0.8 0    -0.8 0     0.1 0   346.3 0   295.0 0   294.5 0   413.3 0   292.8 0   292.8 0     0.0 0     0.4 0     0.0 0   -67.0 0   -67.0 0    19.5 0    88.3 0     5.3 0   189.6 0   984.9 0
 1998 170  6 19  9 24  9.400 100.21    -3.8 0     0.6 0    -0.4 0     0.1 0   345.8 0   295.0 0   294.5 0   413.6 0   292.7 0   292.8 0     0.0 0     0.4 0     0.0 0   -67.8 0   -67.8 0    19.5 0    88.3 0     6.2 0   188.5 0   984.8 0
 1998 170  6 19  9 27  9.450  99.78    -3.8 0     0.6 0    -0.4 0     0.0 0   345.8 0   295.0 0   294.5 0   413.4 0   292.7 0   292.7 0     0.0 0     0.4 0     0.0 0   -67.6 0   -67.6 0    19.4 0    88.4 0     6.1 0   189.1 0   984.9 0
 1998 170  6 19  9 30  9.500  99.36    -3.8 0     0.6 0    -0.7 0     0.0 0   346.0 0   294.9 0   294.4 0   413.0 0   292.7 0   292.7 0     0.0 0     0.4 0     0.0 0   -67.0 0   -67.0 0    19.4 0    88.4 0     5.3 0   190.1 0   984.8 0
 1998 170  6 19  9 33  9.550  98.93    -3.7 0     0.5 0    -0.5 0     0.1 0   347.0 0   294.9 0   294.4 0   413.1 0   292.6 0   292.6 0     0.0 0     0.4 0     0.0 0   -66.1 0   -66.1 0    19.5 0    88.3 0     5.5 0   191.3 0   984.9 0
 1998 170  6 19  9 36  9.600  98.49    -3.8 0     0.6 0    -0.5 0     0.1 0   348.3 0   294.8 0   294.4 0   412.9 0   292.6 0   292.6 0     0.0 0     0.4 0     0.0 0   -64.6 0   -64.6 0    19.3 0    88.4 0     5.2 0   195.5 0   984.9 0
 1998 170  6 19  9 39  9.650  98.06    -3.8 0     0.5 0    -0.4 0     0.0 0   350.0 0   294.8 0   294.4 0   412.8 0   292.6 0   292.6 0     0.0 0     0.4 0     0.0 0   -62.8 0   -62.8 0    19.3 0    88.5 0     4.9 0   199.3 0   985.0 0
 1998 170  6 19  9 42  9.700  97.61    -3.8 0     0.5 0    -0.4 0     0.1 0   351.8 0   294.8 0   294.3 0   413.0 0   292.5 0   292.5 0     0.0 0     0.4 0     0.0 0   -61.2 0   -61.2 0    19.3 0    88.5 0     5.3 0   202.5 0   985.0 0
 1998 170  6 19  9 45  9.750  97.17    -3.8 0     0.4 0    -0.4 0     0.0 0   352.8 0   294.8 0   294.3 0   412.9 0   292.5 0   292.5 0     0.0 0     0.4 0     0.0 0   -60.1 0   -60.1 0    19.2 0    88.5 0     4.8 0   206.1 0   985.1 0
 1998 170  6 19  9 48  9.800  96.72    -3.7 0     0.4 0    -0.4 0     0.1 0   353.5 0   294.8 0   294.3 0   412.8 0   292.5 0   292.5 0     0.0 0     0.4 0     0.0 0   -59.3 0   -59.3 0    19.3 0    88.5 0     4.9 0   202.9 0   985.2 0
 1998 170  6 19  9 51  9.850  96.27    -3.7 0     0.3 0    -0.2 0     0.1 0   354.9 0   294.7 0   294.3 0   412.9 0   292.5 0   292.5 0     0.0 0     0.4 0     0.0 0   -58.0 0   -58.0 0    19.3 0    88.5 0     5.2 0   202.1 0   985.2 0
 1998 170  6 19  9 54  9.900  95.82    -3.7 0     0.3 0     0.0 0     0.0 0   356.6 0   294.7 0   294.3 0   413.0 0   292.5 0   292.5 0     0.0 0     0.4 0     0.0 0   -56.4 0   -56.4 0    19.2 0    88.6 0     5.1 0   199.7 0   985.2 0
 1998 170  6 19  9 57  9.950  95.36    -3.7 0     0.3 0    -0.1 0     0.0 0   358.2 0   294.7 0   294.3 0   412.9 0   292.4 0   292.5 0     0.0 0     0.4 0     0.0 0   -54.8 0   -54.8 0    19.3 0    88.5 0     4.9 0   200.6 0   985.2 0
 1998 170  6 19 10  0 10.000  94.90    -3.7 0     0.3 0    -0.1 0     0.1 0   358.5 0   294.7 0   294.3 0   413.1 0   292.4 0   292.5 0     0.0 0     0.4 0     0.0 0   -54.6 0   -54.6 0    19.2 0    88.6 0     5.1 0   197.9 0   985.2 0
 1998 170  6 19 10  3 10.050  94.43    -3.7 0     0.2 0     0.1 0     0.1 0   358.4 0   294.7 0   294.3 0   413.1 0   292.4 0   292.5 0     0.0 0     0.4 0     0.0 0   -54.7 0   -54.7 0    19.2 0    88.6 0     5.3 0   199.5 0   985.2 0
 1998 170  6 19 10  6 10.100  93.97    -3.7 0     0.3 0    -0.2 0     0.1 0   357.7 0   294.7 0   294.3 0   413.0 0   292.4 0   292.5 0     0.0 0     0.5 0     0.0 0   -55.3 0   -55.3 0    19.2 0    88.6 0     5.1 0   200.2 0   985.2 0
 1998 170  6 19 10  9 10.150  93.50    -3.6 0     0.2 0     0.0 0     0.2 0   357.2 0   294.7 0   294.3 0   413.2 0   292.4 0   292.5 0     0.0 0     0.5 0     0.0 0   -56.0 0   -56.0 0    19.3 0    88.6 0     5.5 0   202.5 0   985.2 0
 1998 170  6 19 10 12 10.200  93.03    -3.6 0     0.2 0    -0.1 0     0.3 0   356.3 0   294.7 0   294.3 0   413.2 0   292.4 0   292.5 0     0.0 0     0.6 0     0.2 0   -56.9 0   -56.7 0    19.2 0    88.6 0     5.5 0   203.4 0   985.2 0
 1998 170  6 19 10 15 10.250  92.55    -3.5 0     0.2 0    -0.2 0     0.6 0   355.3 0   294.7 0   294.3 0   413.0 0   292.4 0   292.5 0     0.0 0     0.7 0     0.3 0   -57.8 0   -57.4 0    19.2 0    88.6 0     5.3 0   201.0 0   985.2 0
 1998 170  6 19 10 18 10.300  92.07    -3.3 0     0.3 0    -0.3 0     0.9 0   353.6 0   294.7 0   294.3 0   412.9 0   292.4 0   292.5 0     0.0 0     0.8 0     0.6 0   -59.3 0   -58.7 0    19.2 0    88.6 0     5.5 0   199.7 0   985.2 0
 1998 170  6 19 10 21 10.350  91.59    -3.0 0     0.3 0    -0.2 0     1.3 0   351.1 0   294.7 0   294.3 0   412.9 0   292.4 0   292.5 0     0.0 0     1.1 0     1.0 0   -61.8 0   -60.9 0    19.2 0    88.6 0     5.1 0   200.4 0   985.2 0
 1998 170  6 19 10 24 10.400  91.11    -2.5 0     0.4 0    -0.3 0     1.7 0   350.2 0   294.7 0   294.3 0   412.7 0   292.4 0   292.5 0     0.0 0     1.3 0     1.3 0   -62.5 0   -61.2 0    19.2 0    88.6 0     4.9 0   205.8 0   985.3 0
 1998 170  6 19 10 27 10.450  89.90    -1.7 0     0.5 0    -0.4 0     2.3 0   349.0 0   294.7 0   294.3 0   412.5 0   292.4 0   292.4 0     0.3 0     1.6 0     1.8 0   -63.5 0   -61.7 0    19.1 0    88.6 0     4.9 0   204.9 0   985.3 0
 1998 170  6 19 10 30 10.500  89.54    -0.7 0     0.8 0    -0.4 0     3.6 0   349.0 0   294.7 0   294.3 0   412.6 0   292.4 0   292.4 0     0.3 0     2.1 0     2.8 0   -63.6 0   -60.8 0    19.2 0    88.6 0     5.1 0   203.8 0   985.2 0
 1998 170  6 19 10 33 10.550  89.15     1.4 0     1.4 0    -0.2 0     5.4 0   348.6 0   294.7 0   294.3 0   412.5 0   292.4 0   292.4 0     0.3 0     2.8 0     4.0 0   -63.9 0   -59.9 0    19.2 0    88.6 0     5.1 0   202.2 0   985.2 0
 1998 170  6 19 10 36 10.600  88.73     3.7 0     2.0 0     0.2 0     7.7 0   347.6 0   294.7 0   294.2 0   412.6 0   292.4 0   292.4 0     0.4 0     3.8 0     5.7 0   -64.9 0   -59.2 0    19.1 0    88.6 0     5.1 0   207.9 0   985.2 0
 1998 170  6 19 10 39 10.650  88.30     6.4 0     2.6 0     0.9 0    10.5 0   346.3 0   294.7 0   294.2 0   412.4 0   292.4 0   292.4 0     0.5 0     5.0 0     7.9 0   -66.1 0   -58.1 0    19.1 0    88.6 0     5.0 0   206.8 0   985.2 0
 1998 170  6 19 10 42 10.700  87.84     9.6 0     3.4 0     3.1 0    13.9 0   344.7 0   294.7 0   294.2 0   412.4 0   292.4 0   292.4 0     0.6 0     6.4 0    10.7 0   -67.8 0   -57.1 0    19.1 0    88.6 0     4.7 0   204.7 0   985.2 0
 1998 170  6 19 10 45 10.750  87.38    13.8 0     4.4 0    13.7 0    18.0 0   344.7 0   294.7 0   294.3 0   412.5 0   292.4 0   292.4 0     0.7 0     8.3 0    14.2 0   -67.8 0   -53.6 0    19.1 0    88.6 0     5.1 0   210.9 0   985.2 0
 1998 170  6 19 10 48 10.800  86.91    18.6 0     6.3 0    54.4 0    22.5 0   345.1 0   294.7 0   294.3 0   412.6 0   292.4 0   292.4 0     0.8 0    10.8 0    19.1 0   -67.5 0   -48.4 0    19.1 0    88.6 0     5.0 0   206.6 0   985.2 0
 1998 170  6 19 10 51 10.850  86.43    22.9 0     8.2 0    82.4 0    26.6 0   346.4 0   294.8 0   294.4 0   412.9 0   292.4 0   292.4 0     0.9 0    13.2 0    23.6 0   -66.5 0   -42.9 0    19.0 0    88.6 0     5.0 0   208.8 0   985.2 0
 1998 170  6 19 10 54 10.900  85.94    26.4 0    10.0 0   119.4 0    29.1 0   346.4 0   294.8 0   294.5 0   413.4 0   292.4 0   292.4 0     1.0 0    15.5 0    27.5 0   -66.9 0   -39.4 0    19.2 0    88.5 0     5.5 0   209.6 0   985.2 0
 1998 170  6 19 10 57 10.950  85.45    29.6 0    11.6 0   144.4 0    30.5 0   344.9 0   294.9 0   294.6 0   413.3 0   292.4 0   292.5 0     1.1 0    17.2 0    30.4 0   -68.4 0   -38.0 0    19.2 0    88.5 0     4.9 0   209.4 0   985.2 0
 1998 170  6 19 11  0 11.000  84.95    30.4 0    10.2 0    98.9 0    31.5 0   343.8 0   295.0 0   294.6 0   413.2 0   292.5 0   292.5 0     1.3 0    17.0 0    29.9 0   -69.4 0   -39.5 0    19.2 0    88.5 0     5.0 0   213.9 0   985.2 0
 1998 170  6 19 11  3 11.050  84.45    32.0 0     9.2 0    59.6 0    34.0 0   342.8 0   295.1 0   294.6 0   413.3 0   292.5 0   292.5 0     1.6 0    17.2 0    30.6 0   -70.5 0   -39.9 0    19.2 0    88.4 0     5.1 0   212.1 0   985.1 0
 1998 170  6 19 11  6 11.100  83.95    36.6 0     9.1 0    30.3 0    39.3 0   342.5 0   295.1 0   294.6 0   413.4 0   292.5 0   292.5 0     1.8 0    18.8 0    33.3 0   -70.9 0   -37.6 0    19.2 0    88.4 0     5.6 0   219.5 0   985.2 0
 1998 170  6 19 11  9 11.150  83.44    50.3 0    14.0 0    99.8 0    46.8 0   341.2 0   295.1 0   294.7 0   413.6 0   292.5 0   292.6 0     2.1 0    25.3 0    44.2 0   -72.3 0   -28.1 0    19.2 0    88.4 0     5.3 0   217.3 0   985.2 0
 1998 170  6 19 11 12 11.200  82.93    54.8 0    14.6 0    92.9 0    51.9 0   341.4 0   295.2 0   294.8 0   413.9 0   292.5 0   292.6 0     2.4 0    27.2 0    48.7 0   -72.4 0   -23.7 0    19.2 0    88.4 0     5.2 0   217.9 0   985.2 0
 1998 170  6 19 11 15 11.250  82.41    52.5 0    11.8 0    10.0 0    56.9 0   339.7 0   295.2 0   294.8 0   413.6 0   292.6 0   292.6 0     2.7 0    25.3 0    46.4 0   -73.9 0   -27.4 0    19.2 0    88.4 0     4.8 0   214.6 0   985.2 0
 1998 170  6 19 11 18 11.300  81.90    58.0 0    12.8 0     4.6 0    62.8 0   339.1 0   295.2 0   294.8 0   413.7 0   292.6 0   292.6 0     3.1 0    27.7 0    50.7 0   -74.5 0   -23.9 0    19.2 0    88.4 0     5.1 0   212.8 0   985.1 0
 1998 170  6 19 11 21 11.350  81.38    63.0 0    13.6 0     1.8 0    68.2 0   339.8 0   295.2 0   294.8 0   413.9 0   292.6 0   292.6 0     3.4 0    29.9 0    54.9 0   -74.1 0   -19.2 0    19.2 0    88.4 0     5.2 0   219.6 0   985.2 0
 1998 170  6 19 11 24 11.400  80.86    67.5 0    14.5 0     0.7 0    72.9 0   339.5 0   295.2 0   294.8 0   414.0 0   292.6 0   292.6 0     3.8 0    32.0 0    58.5 0   -74.5 0   -16.1 0    19.2 0    88.3 0     5.2 0   219.6 0   985.2 0
 1998 170  6 19 11 27 11.450  80.33    72.4 0    15.4 0     1.1 0    77.9 0   340.8 0   295.2 0   294.8 0   414.3 0   292.6 0   292.6 0     4.2 0    34.3 0    62.6 0   -73.5 0   -10.8 0    19.2 0    88.3 0     5.5 0   222.9 0   985.2 0
 1998 170  6 19 11 30 11.500  79.81    79.3 0    16.7 0     2.5 0    84.6 0   342.5 0   295.2 0   294.8 0   414.6 0   292.6 0   292.7 0     4.6 0    37.4 0    68.3 0   -72.2 0    -3.8 0    19.3 0    88.3 0     6.2 0   225.5 0   985.2 0
 1998 170  6 19 11 33 11.550  79.28    86.6 0    18.2 0     5.2 0    91.5 0   344.4 0   295.3 0   294.9 0   415.0 0   292.6 0   292.7 0     5.0 0    40.8 0    74.3 0   -70.6 0     3.6 0    19.2 0    88.3 0     6.0 0   230.3 0   985.3 0
 1998 170  6 19 11 36 11.600  78.75    91.3 0    19.4 0     6.4 0    95.6 0   344.9 0   295.3 0   295.0 0   415.2 0   292.7 0   292.7 0     5.4 0    42.9 0    77.5 0   -70.3 0     7.1 0    19.3 0    88.2 0     5.7 0   231.2 0   985.2 0
 1998 170  6 19 11 39 11.650  78.21   103.1 0    23.3 0    54.0 0    98.6 0   344.0 0   295.3 0   295.0 0   415.5 0   292.7 0   292.8 0     5.8 0    48.5 0    86.3 0   -71.6 0    14.8 0    19.3 0    88.2 0     6.3 0   230.2 0   985.3 0
 1998 170  6 19 11 42 11.700  77.68   121.9 0    28.8 0   123.6 0   103.4 0   341.6 0   295.4 0   295.2 0   416.0 0   292.7 0   292.8 0     6.4 0    56.9 0   101.0 0   -74.5 0    26.5 0    19.4 0    88.2 0     6.1 0   230.9 0   985.3 0
 1998 170  6 19 11 45 11.750  77.14   139.9 0    33.7 0   179.7 0   109.1 0   340.6 0   295.6 0   295.4 0   416.8 0   292.8 0   292.9 0     7.0 0    64.7 0   115.4 0   -76.2 0    39.2 0    19.4 0    88.2 0     6.4 0   230.7 0   985.3 0
 1998 170  6 19 11 48 11.800  76.61   153.9 0    37.4 0   213.3 0   113.9 0   340.6 0   295.7 0   295.5 0   417.0 0   292.9 0   293.0 0     7.5 0    70.9 0   125.9 0   -76.4 0    49.5 0    19.5 0    88.1 0     6.7 0   234.2 0   985.4 0
 1998 170  6 19 11 51 11.850  76.07   175.4 0    43.6 0   287.5 0   117.3 0   341.0 0   295.9 0   295.8 0   418.0 0   293.0 0   293.1 0     8.1 0    79.8 0   142.9 0   -77.0 0    65.9 0    19.5 0    88.1 0     7.1 0   234.8 0   985.4 0
 1998 170  6 19 11 54 11.900  75.53   164.0 0    39.2 0   208.3 0   121.7 0   341.8 0   296.1 0   295.9 0   417.9 0   293.1 0   293.2 0     8.7 0    75.2 0   134.6 0   -76.0 0    58.5 0    19.6 0    88.0 0     7.2 0   236.6 0   985.4 0
 1998 170  6 19 11 57 11.950  74.99   161.1 0    37.0 0   158.2 0   128.2 0   343.0 0   296.2 0   295.9 0   417.9 0   293.2 0   293.3 0     9.4 0    74.0 0   132.1 0   -74.9 0    57.2 0    19.6 0    88.0 0     6.8 0   234.9 0   985.4 0
 1998 170  6 19 12  0 12.000  74.44   164.8 0    37.4 0   145.9 0   133.0 0   343.7 0   296.3 0   296.0 0   418.3 0   293.2 0   293.3 0    10.0 0    75.4 0   134.7 0   -74.5 0    60.2 0    19.7 0    87.9 0     6.5 0   236.5 0   985.4 0
 1998 170  6 19 12  3 12.050  73.90   147.3 0    32.2 0    73.7 0   133.2 0   344.1 0   296.3 0   296.0 0   417.9 0   293.2 0   293.3 0    10.4 0    67.9 0   121.4 0   -73.8 0    47.6 0    19.7 0    87.9 0     7.3 0   235.3 0   985.4 0
 1998 170  6 19 12  6 12.100  73.35   169.4 0    38.6 0   159.0 0   131.0 0   343.9 0   296.4 0   296.1 0   418.4 0   293.3 0   293.4 0    11.0 0    77.9 0   138.0 0   -74.5 0    63.4 0    19.7 0    87.8 0     7.3 0   239.6 0   985.4 0
 1998 170  6 19 12  9 12.150  72.80   148.1 0    32.7 0    94.4 0   126.3 0   342.3 0   296.4 0   296.1 0   418.1 0   293.3 0   293.4 0    11.3 0    69.0 0   121.5 0   -75.8 0    45.6 0    19.8 0    87.7 0     6.8 0   237.3 0   985.3 0
 1998 170  6 19 12 12 12.200  72.25   175.7 0    40.6 0   197.0 0   122.2 0   341.0 0   296.5 0   296.2 0   418.5 0   293.3 0   293.4 0    11.8 0    81.6 0   141.6 0   -77.6 0    64.0 0    19.8 0    87.7 0     7.0 0   239.0 0   985.3 0
 1998 170  6 19 12 15 12.250  71.70   244.3 0    60.0 0   438.6 0   117.0 0   340.2 0   296.6 0   296.5 0   420.4 0   293.4 0   293.6 0    12.7 0   110.4 0   194.6 0   -80.3 0   114.4 0    19.8 0    87.6 0     6.8 0   238.0 0   985.4 0
 1998 170  6 19 12 18 12.300  71.15   170.7 0    39.7 0   219.7 0   109.0 0   338.8 0   296.8 0   296.6 0   420.3 0   293.5 0   293.7 0    12.7 0    79.0 0   140.3 0   -81.4 0    58.8 0    20.0 0    87.5 0     6.3 0   235.0 0   985.4 0
 1998 170  6 19 12 21 12.350  70.60   137.7 0    30.2 0   104.0 0   109.8 0   339.0 0   296.9 0   296.5 0   418.8 0   293.6 0   293.7 0    13.4 0    65.7 0   114.2 0   -79.8 0    34.4 0    20.1 0    87.2 0     7.0 0   236.9 0   985.4 0
 1998 170  6 19 12 24 12.400  70.04   146.1 0    31.5 0   108.4 0   116.1 0   339.3 0   296.9 0   296.5 0   419.0 0   293.7 0   293.8 0    14.9 0    69.3 0   121.6 0   -79.7 0    41.9 0    20.2 0    86.9 0     6.4 0   242.3 0   985.5 0
 1998 170  6 19 12 27 12.450  69.49   118.2 0    23.6 0    11.6 0   120.7 0   339.5 0   296.9 0   296.5 0   418.4 0   293.8 0   293.8 0    15.8 0    57.4 0   101.2 0   -78.9 0    22.3 0    20.3 0    86.6 0     6.2 0   239.7 0   985.5 0
 1998 170  6 19 12 30 12.500  68.93   130.0 0    25.9 0    24.9 0   126.7 0   339.6 0   296.8 0   296.5 0   418.4 0   293.8 0   293.9 0    17.4 0    63.4 0   109.8 0   -78.8 0    30.9 0    20.3 0    86.3 0     5.9 0   241.5 0   985.6 0
 1998 170  6 19 12 33 12.550  68.37   319.8 0    74.6 0   536.1 0   136.0 0   341.4 0   296.9 0   297.0 0   423.2 0   293.9 0   294.0 0    20.9 0   145.8 0   259.0 0   -81.8 0   177.2 0    20.3 0    86.2 0     5.7 0   241.8 0   985.6 0
 1998 170  6 19 12 36 12.600  67.81   353.1 0    83.1 0   627.4 0   132.4 0   341.6 0   297.2 0   297.4 0   426.3 0   294.0 0   294.3 0    21.9 0   159.3 0   286.3 0   -84.6 0   201.7 0    20.5 0    85.9 0     5.1 0   240.5 0   985.6 0
 1998 170  6 19 12 39 12.650  67.25   280.0 0    64.5 0   447.3 0   120.0 0   340.6 0   297.6 0   297.6 0   426.0 0   294.2 0   294.4 0    21.4 0   128.0 0   228.5 0   -85.4 0   143.1 0    20.6 0    85.9 0     5.0 0   241.0 0   985.6 0
 1998 170  6 19 12 42 12.700  66.69   256.4 0    59.3 0   403.1 0   108.9 0   339.9 0   297.8 0   297.7 0   424.9 0   294.4 0   294.5 0    21.7 0   117.6 0   209.1 0   -85.0 0   124.1 0    20.6 0    85.8 0     5.3 0   239.8 0   985.6 0
 1998 170  6 19 12 45 12.750  66.13   144.3 0    31.0 0   127.3 0    98.7 0   338.0 0   297.9 0   297.5 0   421.6 0   294.4 0   294.5 0    21.3 0    70.4 0   119.2 0   -83.7 0    35.6 0    20.7 0    85.7 0     4.7 0   239.8 0   985.6 0
 1998 170  6 19 12 48 12.800  65.57   308.3 0    71.7 0   518.1 0   107.2 0   338.6 0   297.9 0   297.8 0   424.4 0   294.4 0   294.6 0    26.8 0   143.1 0   249.8 0   -85.8 0   164.0 0    20.6 0    85.8 0     5.4 0   239.0 0   985.6 0
 1998 170  6 19 12 51 12.850  65.01   406.9 0    94.3 0   743.5 0   113.1 0   339.9 0   298.2 0   298.4 0   429.6 0   294.5 0   294.8 0    30.8 0   184.4 0   332.9 0   -89.7 0   243.2 0    20.8 0    85.8 0     5.5 0   239.6 0   985.6 0
 1998 170  6 19 12 54 12.900  64.44   430.0 0    98.2 0   763.4 0   122.2 0   341.6 0   298.5 0   298.8 0   431.2 0   294.7 0   295.0 0    33.8 0   194.4 0   353.3 0   -89.6 0   263.7 0    20.9 0    85.8 0     4.8 0   238.5 0   985.6 0
 1998 170  6 19 12 57 12.950  63.88   456.5 0   102.9 0   776.2 0   137.3 0   342.7 0   298.8 0   299.1 0   431.4 0   294.9 0   295.1 0    36.6 0   205.9 0   376.1 0   -88.7 0   287.4 0    20.9 0    85.7 0     6.5 0   239.0 0   985.6 0
 1998 170  6 19 13  0 13.000  63.31 -9999.9 1 -9999.9 1 -9999.9 1 -9999.9 1 -9999.9 1 -9999.9 1 -9999.9 1 -9999.9 1 -9999.9 1 -9999.9 1 -9999.9 1 -9999.9 1 -9999.9 1 -9999.9 1 -9999.9 1 -9999.9 1 -9999.9 1 -9999.9 1 -9999.9 1 -9999.9 1
