 Bondville
   40.05  -88.37  213 m version 1
 2002 140  5 20  0  0  0.000  78.84   146.7 0    54.9 0   493.6 0    69.9 0   283.7 0   286.6 0   286.0 0   365.4 0   285.1 0   285.1 0     4.3 0    42.0 1   110.6 0   -81.7 0    28.9 0    11.8 0    78.6 0     5.3 0    84.6 0   997.1 0
 2002 140  5 20  0  3  0.050  79.39   131.8 0    50.6 0   470.3 0    63.2 0   280.8 0   286.4 0   285.9 0   364.5 0   285.0 0   285.1 0     3.9 0    38.0 1    99.3 0   -83.6 0    15.6 0    12.0 0    99.2 0     5.7 0    87.7 0   997.1 0
 2002 140  5 20  0  6  0.100  79.93   117.7 0    46.4 0   460.2 0    55.3 0   275.5 0   286.3 0   285.7 0   363.5 0   285.0 0   285.0 0     3.7 0    34.6 1    89.3 0   -88.0 0     1.4 0    12.1 0   111.0 1     5.1 0    83.1 0   997.1 0
 2002 140  5 20  0  9  0.150  80.47   106.7 0    43.1 0   440.7 0    51.0 0   272.3 0   286.1 0   285.5 0   362.4 0   284.9 0   284.9 0     3.4 0    31.6 1    80.9 0   -90.1 0    -9.2 0    11.7 0    77.5 0     6.1 0    90.5 0   997.1 0
 2002 140  5 20  0 12  0.200  81.01    99.5 0    40.9 0   432.0 0    49.2 0   271.3 0   285.9 0   285.4 0   361.9 0   284.8 0   284.8 0     3.1 0    29.9 1    75.8 0   -90.6 0   -14.8 0    11.7 0    77.6 0     6.2 0    84.1 0   997.1 0
 2002 140  5 20  0 15  0.250  81.55    90.9 0    38.0 0   409.8 0    47.5 0   271.2 0   285.8 0   285.3 0   361.4 0   284.7 0   284.7 0     2.8 0    27.4 1    69.7 0   -90.1 0   -20.4 0    11.6 0    79.5 0     5.4 0    86.0 0   997.1 0
 2002 140  5 20  0 18  0.300  82.08    74.8 0    30.8 0   310.2 0    46.2 0   272.1 0   285.6 0   285.1 0   360.6 0   284.7 0   284.6 0     2.6 0    23.4 1    58.1 0   -88.6 0   -30.5 0    11.8 0 -9999.9 1     5.3 0    89.6 0   997.1 0
 2002 140  5 20  0 21  0.350  82.62    80.7 0    33.1 0   340.4 0    50.8 0   276.3 0   285.4 0   285.0 0   360.6 0   284.6 0   284.6 0     2.3 0    23.9 1    61.5 0   -84.3 0   -22.8 0    11.8 0    99.4 0     4.7 0    85.2 0   997.2 0
 2002 140  5 20  0 24  0.400  83.15    71.2 0    28.3 0   275.7 0    50.9 0   279.8 0   285.3 0   284.9 0   360.5 0   284.5 0   284.5 0     2.1 0    21.3 1    55.6 0   -80.8 0   -25.2 0    11.8 0    96.7 0     5.0 0    84.7 0   997.2 0
 2002 140  5 20  0 27  0.450  83.67    60.4 0    24.1 0   239.8 0    45.9 0   280.3 0   285.1 0   284.7 0   360.2 0   284.5 0   284.5 0     1.9 0    18.2 1    48.2 0   -79.9 0   -31.7 0    11.8 0   102.4 1     5.1 0    81.9 0   997.2 0
 2002 140  5 20  0 30  0.500  84.20    47.1 0    19.8 0   209.0 0    37.3 0   275.3 0   285.0 0   284.6 0   359.1 0   284.4 0   284.4 0     1.7 0    14.8 1    38.6 0   -83.8 0   -45.2 0    11.8 0   106.9 1     5.2 0    88.3 0   997.2 0
 2002 140  5 20  0 33  0.550  84.72    31.4 0    12.8 0   115.4 0    30.1 0   270.1 0   284.8 0   284.4 0   357.5 0   284.3 0   284.3 0     1.5 0    11.3 1    28.0 0   -87.4 0   -59.5 0    12.0 0   137.6 1     5.1 0    90.9 0   997.2 0
 2002 140  5 20  0 36  0.600  85.24    21.4 0     7.2 0    30.1 0    26.1 0   268.6 0   284.6 0   284.1 0   356.2 0   284.2 0   284.1 0     1.3 0     9.2 1    21.4 0   -87.6 0   -66.2 0    11.6 0   106.8 1     4.7 0    89.1 0   997.2 0
 2002 140  5 20  0 39  0.650  85.75    17.2 0     5.3 0     2.1 0    23.5 0   268.3 0   284.3 0   283.9 0   355.2 0   284.1 0   284.0 0     1.2 0     8.1 1    18.4 0   -86.9 0   -68.6 0    11.5 0   105.4 1     4.7 0    86.4 0   997.2 0
 2002 140  5 20  0 42  0.700  86.26    14.4 0     4.4 0    -0.2 0    20.6 0   268.0 0   284.0 0   283.7 0   354.3 0   284.0 0   283.9 0     1.0 0     7.0 1    16.2 0   -86.3 0   -70.0 0    11.6 0   111.3 1     4.5 0    85.5 0   997.2 0
 2002 140  5 20  0 45  0.750  86.76    11.9 0     3.8 0    -0.1 0    18.0 0   267.8 0   283.8 0   283.5 0   353.5 0   283.9 0   283.8 0     1.0 0     6.1 1    14.2 0   -85.7 0   -71.5 0    11.4 0   108.9 1     4.3 0    84.4 0   997.2 0
 2002 140  5 20  0 48  0.800  87.26     9.5 0     3.5 0    -0.9 0    15.5 0   268.1 0   283.6 0   283.3 0   353.2 0   283.8 0   283.7 0     0.8 0     5.2 1    12.0 0   -85.1 0   -73.1 0    11.2 0    99.2 0     4.4 0    81.6 0   997.2 0
 2002 140  5 20  0 51  0.850  87.74     6.3 0     2.8 0    -1.2 0    12.4 0   267.4 0   283.4 0   283.1 0   352.8 0   283.7 0   283.6 0     0.7 0     4.2 1     9.6 0   -85.4 0   -75.8 0    11.2 0   106.2 1     4.2 0    82.5 0   997.2 0
 2002 140  5 20  0 54  0.900  88.22     4.5 0     2.4 0    -1.2 0    10.2 0   267.3 0   283.2 0   282.9 0   351.9 0   283.6 0   283.5 0     0.6 0     3.5 1     7.8 0   -84.7 0   -76.9 0    11.2 0   110.9 1     4.2 0    85.0 0   997.2 0
 2002 140  5 20  0 57  0.950  88.68     2.7 0     1.9 0    -1.0 0     8.2 0   267.2 0   283.0 0   282.8 0   351.7 0   283.5 0   283.4 0     0.6 0     2.8 1     6.3 0   -84.5 0   -78.2 0    11.1 0   108.8 1     4.1 0    86.8 0   997.2 0
 2002 140  5 20  1  0  1.000  89.12     1.0 0     1.5 0    -0.9 0     6.7 0   267.1 0   282.8 0   282.6 0   351.3 0   283.4 0   283.3 0     0.5 0     2.3 1     5.2 0   -84.1 0   -79.0 0    10.8 0    82.9 0     4.3 0    90.9 0   997.2 0
 2002 140  5 20  1  3  1.050  89.53    -0.6 0     1.2 0    -1.2 0     5.2 0   266.9 0   282.7 0   282.4 0   351.0 0   283.3 0   283.2 0     0.4 0     1.9 1     4.0 0   -84.0 0   -80.1 0    10.8 0    97.0 0     4.3 0    91.6 0   997.2 0
 2002 140  5 20  1  6  1.100  89.90    -1.8 0     1.1 0    -1.3 0     3.9 0   267.4 0   282.5 0   282.3 0   350.7 0   283.2 0   283.1 0     0.4 0     1.4 1     2.8 0   -83.3 0   -80.5 0    10.9 0   105.7 1     4.1 0    91.9 0   997.3 0
 2002 140  5 20  1  9  1.150  91.14    -2.8 0     0.8 0    -1.0 0     3.2 0   268.7 0   282.4 0   282.1 0   350.7 0   283.2 0   283.1 0     0.0 0     1.1 1     2.5 0   -81.9 0   -79.5 0    10.8 0   102.6 1     4.3 0    90.3 0   997.3 0
 2002 140  5 20  1 12  1.200  91.64    -3.8 0     0.6 0    -0.6 0     2.3 0   269.0 0   282.3 0   282.1 0   351.2 0   283.1 0   283.0 0     0.0 0     0.8 1     1.7 0   -82.1 0   -80.4 0    10.7 0   106.4 1     4.9 0    87.4 0   997.3 0
 2002 140  5 20  1 15  1.250  92.15    -4.4 0     0.5 0    -0.3 0     1.6 0   268.5 0   282.2 0   282.0 0   351.4 0   283.0 0   282.9 0     0.0 0     0.5 1     1.0 0   -82.8 0   -81.8 0    10.7 0   110.6 1     4.7 0    83.3 0   997.3 0
 2002 140  5 20  1 18  1.300  92.65    -4.7 0     0.5 0    -0.3 0     1.0 0   267.7 0   282.1 0   282.0 0   351.5 0   282.9 0   282.8 0     0.0 0     0.3 1     0.5 0   -83.8 0   -83.3 0    10.3 0    92.4 0     5.4 0    81.4 0   997.4 0
 2002 140  5 20  1 21  1.350  93.15    -5.2 0     0.5 0    -0.6 0     0.7 0   267.2 0   282.1 0   281.9 0   350.8 0   282.8 0   282.7 0     0.0 0     0.2 1     0.1 0   -83.7 0   -83.6 0    10.4 0   109.1 1     4.9 0    83.3 0   997.4 0
 2002 140  5 20  1 24  1.400  93.65    -5.5 0     0.5 0    -0.4 0     0.4 0   267.0 0   282.0 0   281.8 0   350.5 0   282.8 0   282.7 0     0.0 0     0.1 1     0.0 0   -83.5 0   -83.5 0    10.3 0   108.7 1     4.9 0    83.0 0   997.5 0
 2002 140  5 20  1 27  1.450  94.15    -5.7 0     0.4 0    -0.9 0     0.2 0   267.0 0   281.9 0   281.7 0   350.1 0   282.7 0   282.6 0     0.0 0     0.1 1     0.0 0   -83.2 0   -83.2 0    10.2 0   110.7 1     5.0 0    86.9 0   997.5 0
 2002 140  5 20  1 30  1.500  94.64    -5.8 0     0.3 0    -1.0 0     0.0 0   266.3 0   281.8 0   281.7 0   349.6 0   282.6 0   282.5 0     0.0 0     0.0 1     0.0 0   -83.3 0   -83.3 0    10.2 0   113.2 1     4.9 0    90.9 0   997.5 0
 2002 140  5 20  1 33  1.550  95.13    -6.0 0     0.3 0    -1.0 0     0.0 0   266.1 0   281.8 0   281.6 0   349.0 0   282.5 0   282.4 0     0.0 0     0.0 1     0.0 0   -82.9 0   -82.9 0    10.1 0   107.8 1     4.5 0    92.5 0   997.6 0
 2002 140  5 20  1 36  1.600  95.62    -6.0 0     0.3 0    -1.1 0    -0.1 0   267.0 0   281.7 0   281.5 0   348.6 0   282.4 0   282.3 0     0.0 0     0.0 1     0.0 0   -81.6 0   -81.6 0    10.2 0   125.2 1     4.6 0    90.7 0   997.6 0
 2002 140  5 20  1 39  1.650  96.10    -6.0 0     0.3 0    -1.2 0    -0.1 0   268.7 0   281.6 0   281.4 0   347.8 0   282.3 0   282.2 0     0.0 0     0.0 1     0.0 0   -79.1 0   -79.1 0     9.8 0    96.4 0     3.8 0    92.9 0   997.7 0
 2002 140  5 20  1 42  1.700  96.59    -5.7 0     0.3 0    -1.5 0     0.0 0   269.0 0   281.4 0   281.2 0   346.8 0   282.2 0   282.1 0     0.0 0     0.0 1     0.0 0   -77.8 0   -77.8 0     9.8 0   111.6 1     3.5 0    95.8 0   997.7 0
 2002 140  5 20  1 45  1.750  97.07    -5.6 0     0.3 0    -1.3 0     0.0 0   269.2 0   281.3 0   281.1 0   346.7 0   282.1 0   282.0 0     0.0 0     0.0 1     0.0 0   -77.5 0   -77.5 0     9.6 0   100.2 1     3.8 0    96.2 0   997.7 0
 2002 140  5 20  1 48  1.800  97.54    -5.7 0     0.1 0    -1.1 0     0.0 0   271.1 0   281.2 0   281.0 0   346.5 0   282.0 0   282.0 0     0.0 0     0.0 1     0.0 0   -75.5 0   -75.5 0     9.7 0   114.6 1     3.9 0    95.8 0   997.7 0
 2002 140  5 20  1 51  1.850  98.02    -5.7 0     0.1 0    -1.0 0     0.0 0   272.3 0   281.1 0   280.9 0   346.5 0   282.0 0   281.9 0     0.0 0     0.0 1     0.0 0   -74.2 0   -74.2 0     9.5 0    99.5 0     4.0 0    96.4 0   997.8 0
 2002 140  5 20  1 54  1.900  98.49    -5.7 0     0.0 0    -0.9 0     0.0 0   276.1 0   281.0 0   280.9 0   346.8 0   281.9 0   281.8 0     0.0 0     0.0 1     0.0 0   -70.7 0   -70.7 0     9.5 0   108.6 1     4.0 0    97.5 0   997.8 0
 2002 140  5 20  1 57  1.950  98.95    -5.6 0    -0.1 0    -0.6 0     0.0 0   285.9 0   281.0 0   280.8 0   347.3 0   281.8 0   281.8 0     0.0 0     0.0 1     0.0 0   -61.4 0   -61.4 0     9.2 0    84.9 0     3.8 0    99.2 0   997.9 0
 2002 140  5 20  2  0  2.000  99.42    -5.5 0    -0.1 0    -0.3 0     0.0 0   293.3 0   280.9 0   280.8 0   347.8 0   281.8 0   281.7 0     0.0 0     0.0 1     0.0 0   -54.5 0   -54.5 0     9.3 0   101.0 1     3.8 0    97.2 0   997.9 0
 2002 140  5 20  2  3  2.050  99.88    -5.5 0    -0.1 0    -0.3 0     0.0 0   298.9 0   280.9 0   280.8 0   348.5 0   281.7 0   281.6 0     0.0 0     0.0 1     0.0 0   -49.6 0   -49.6 0     9.4 0   114.1 1     3.9 0    96.0 0   997.9 0
 2002 140  5 20  2  6  2.100 100.34    -5.4 0    -0.1 0    -0.1 0     0.0 0   302.0 0   280.9 0   280.8 0   348.8 0   281.7 0   281.6 0     0.0 0     0.0 1     0.0 0   -46.7 0   -46.7 0     9.1 0    94.4 0     3.6 0    95.8 0   998.0 0
 2002 140  5 20  2  9  2.150 100.79    -5.4 0    -0.1 0    -0.1 0     0.0 0   302.0 0   280.9 0   280.8 0   349.2 0   281.6 0   281.6 0     0.0 0     0.0 1     0.0 0   -47.2 0   -47.2 0     9.3 0   114.3 1     3.9 0    96.2 0   998.0 0
 2002 140  5 20  2 12  2.200 101.25    -5.4 0    -0.1 0     0.0 0     0.0 0   304.4 0   280.9 0   280.8 0   349.3 0   281.6 0   281.5 0     0.0 0     0.0 1     0.0 0   -44.9 0   -44.9 0     9.0 0    90.6 0     3.9 0    99.3 0   998.0 0
 2002 140  5 20  2 15  2.250 101.69    -5.4 0    -0.1 0     0.0 0     0.0 0   311.1 0   280.9 0   280.8 0   349.7 0   281.6 0   281.5 0     0.0 0     0.0 1     0.0 0   -38.5 0   -38.5 0     9.0 0   100.0 0     3.9 0   101.3 0   998.0 0
 2002 140  5 20  2 18  2.300 102.14    -5.3 0    -0.1 0     0.0 0     0.0 0   313.0 0   280.9 0   280.9 0   350.0 0   281.5 0   281.5 0     0.0 0     0.0 1     0.0 0   -37.0 0   -37.0 0     9.0 0    99.5 0     3.7 0   102.9 0   998.0 0
 2002 140  5 20  2 21  2.350 102.58    -5.3 0    -0.1 0     0.0 0     0.0 0   309.7 0   281.0 0   280.9 0   349.7 0   281.5 0   281.4 0     0.0 0     0.0 1     0.0 0   -40.0 0   -40.0 0     9.0 0   100.5 1     3.6 0   103.7 0   998.1 0
 2002 140  5 20  2 24  2.400 103.02    -5.3 0     0.0 0    -0.1 0     0.0 0   303.6 0   281.0 0   280.9 0   349.1 0   281.5 0   281.4 0     0.0 0     0.0 1     0.0 0   -45.5 0   -45.5 0     9.0 0   107.7 1     3.3 0   105.0 0   998.1 0
 2002 140  5 20  2 27  2.450 103.45    -5.3 0     0.0 0    -0.3 0     0.0 0   291.5 0   280.9 0   280.8 0   348.2 0   281.4 0   281.3 0     0.0 0     0.0 1     0.0 0   -56.7 0   -56.7 0     9.0 0   113.0 1     3.7 0   107.4 0   998.1 0
 2002 140  5 20  2 30  2.500 103.88    -5.3 0     0.1 0    -0.5 0    -0.1 0   277.9 0   280.9 0   280.7 0   347.0 0   281.4 0   281.3 0     0.0 0     0.0 1     0.0 0   -69.1 0   -69.1 0     8.9 0   104.5 1     3.7 0   110.1 0   998.1 0
 2002 140  5 20  2 33  2.550 104.31    -5.4 0     0.0 0    -0.9 0     0.0 0   273.6 0   280.8 0   280.6 0   346.1 0   281.3 0   281.2 0     0.0 0     0.0 1     0.0 0   -72.5 0   -72.5 0     8.9 0   110.4 1     3.9 0   109.6 0   998.1 0
 2002 140  5 20  2 36  2.600 104.73    -5.5 0     0.1 0    -1.1 0     0.0 0   279.5 0   280.7 0   280.5 0   345.8 0   281.3 0   281.2 0     0.0 0     0.0 1     0.0 0   -66.2 0   -66.2 0     8.7 0    98.3 0     3.7 0   107.5 0   998.1 0
 2002 140  5 20  2 39  2.650 105.15    -5.5 0    -0.1 0    -0.8 0     0.0 0   295.7 0   280.6 0   280.5 0   347.1 0   281.2 0   281.2 0     0.0 0     0.0 1     0.0 0   -51.4 0   -51.4 0     8.8 0   107.3 1     4.1 0   107.1 0   998.1 0
 2002 140  5 20  2 42  2.700 105.56    -5.3 0    -0.2 0    -0.3 0     0.0 0   308.4 0   280.6 0   280.5 0   347.8 0   281.2 0   281.1 0     0.0 0     0.0 1     0.0 0   -39.4 0   -39.4 0     8.7 0   102.9 1     3.9 0   105.9 0   998.2 0
 2002 140  5 20  2 45  2.750 105.97    -5.3 0    -0.2 0     0.0 0     0.0 0   310.9 0   280.6 0   280.5 0   348.3 0   281.2 0   281.1 0     0.0 0     0.0 1     0.0 0   -37.4 0   -37.4 0     8.9 0   124.4 1     3.9 0   107.4 0   998.2 0
 2002 140  5 20  2 48  2.800 106.37    -5.2 0    -0.2 0    -0.1 0     0.0 0   312.1 0   280.6 0   280.5 0   348.1 0   281.2 0   281.1 0     0.0 0     0.0 1     0.0 0   -36.1 0   -36.1 0     8.8 0   107.1 1     3.2 0   110.1 0   998.2 0
 2002 140  5 20  2 51  2.850 106.78    -5.1 0    -0.1 0     0.0 0     0.0 0   313.1 0   280.6 0   280.5 0   348.3 0   281.1 0   281.1 0     0.0 0     0.0 1     0.0 0   -35.2 0   -35.2 0     8.8 0   113.6 1     3.4 0   107.9 0   998.3 0
 2002 140  5 20  2 54  2.900 107.17    -5.1 0    -0.2 0     0.0 0     0.0 0   308.4 0   280.6 0   280.5 0   348.3 0   281.1 0   281.0 0     0.0 0     0.0 1     0.0 0   -39.9 0   -39.9 0     8.9 0   126.3 1     3.7 0   110.0 0   998.3 0
 2002 140  5 20  2 57  2.950 107.56    -5.2 0    -0.2 0     0.1 0     0.0 0   294.0 0   280.6 0   280.5 0   347.6 0   281.1 0   281.0 0     0.0 0     0.0 1     0.0 0   -53.6 0   -53.6 0     8.9 0   117.7 1     3.9 0   113.3 0   998.3 0
 2002 140  5 20  3  0  3.000 107.95    -5.3 0    -0.2 0    -0.1 0     0.0 0   280.7 0   280.6 0   280.5 0   346.7 0   281.1 0   281.0 0     0.0 0     0.0 1     0.0 0   -66.0 0   -66.0 0     9.0 0   134.8 1     4.2 0   114.4 0   998.3 0
 2002 140  5 20  3  3  3.050 108.34    -5.4 0     0.0 0    -0.6 0     0.0 0   275.6 0   280.6 0   280.4 0   345.6 0   281.1 0   281.0 0     0.0 0     0.0 1     0.0 0   -69.9 0   -69.9 0     9.0 0   139.4 1     4.2 0   117.2 0   998.3 0
 2002 140  5 20  3  6  3.100 108.71    -5.5 0     0.0 0    -0.7 0     0.0 0   280.1 0   280.5 0   280.3 0   345.4 0   281.0 0   280.9 0     0.0 0     0.0 1     0.0 0   -65.4 0   -65.4 0     9.0 0   147.7 1     4.4 0   116.6 0   998.3 0
 2002 140  5 20  3  9  3.150 109.09    -5.4 0     0.1 0    -0.5 0     0.0 0   288.4 0   280.4 0   280.3 0   345.4 0   281.0 0   280.9 0     0.0 0     0.0 1     0.0 0   -57.1 0   -57.1 0     8.9 0   151.0 1     4.0 0   113.9 0   998.3 0
 2002 140  5 20  3 12  3.200 109.46    -5.4 0     0.1 0    -0.5 0     0.0 0   292.7 0   280.4 0   280.2 0   345.5 0   280.9 0   280.8 0     0.0 0     0.0 1     0.0 0   -52.8 0   -52.8 0     8.6 0   126.7 1     3.7 0   114.0 0   998.4 0
 2002 140  5 20  3 15  3.250 109.82    -5.3 0     0.1 0    -0.5 0     0.0 0   290.6 0   280.3 0   280.2 0   345.3 0   280.9 0   280.8 0     0.0 0     0.0 1     0.0 0   -54.7 0   -54.7 0     8.8 0   145.4 1     3.8 0   115.1 0   998.4 0
 2002 140  5 20  3 18  3.300 110.18    -5.3 0     0.1 0    -0.5 0     0.0 0   289.3 0   280.3 0   280.1 0   345.1 0   280.8 0   280.8 0     0.0 0     0.0 1     0.0 0   -55.8 0   -55.8 0     8.3 0   103.9 1     3.6 0   116.3 0   998.4 0
 2002 140  5 20  3 21  3.350 110.53    -5.3 0     0.0 0    -0.4 0     0.0 0   293.9 0   280.2 0   280.1 0   345.0 0   280.8 0   280.7 0     0.0 0     0.0 1     0.0 0   -51.1 0   -51.1 0     8.3 0   109.0 1     3.7 0   118.0 0   998.4 0
 2002 140  5 20  3 24  3.400 110.88    -5.3 0     0.0 0    -0.4 0     0.0 0   298.7 0   280.2 0   280.1 0   345.2 0   280.7 0   280.7 0     0.0 0     0.0 1     0.0 0   -46.5 0   -46.5 0     8.5 0 -9999.9 1     3.6 0   119.2 0   998.5 0
 2002 140  5 20  3 27  3.450 111.23    -5.2 0    -0.1 0    -0.2 0     0.0 0   303.0 0   280.2 0   280.1 0   345.6 0   280.7 0   280.6 0     0.0 0     0.0 1     0.0 0   -42.6 0   -42.6 0     8.6 0 -9999.9 1     3.4 0   116.9 0   998.6 0
 2002 140  5 20  3 30  3.500 111.56    -5.1 0    -0.2 0    -0.1 0     0.0 0   297.5 0   280.2 0   280.1 0   345.5 0   280.7 0   280.6 0     0.0 0     0.0 1     0.0 0   -48.0 0   -48.0 0     8.7 0   142.6 1     3.4 0   117.3 0   998.6 0
 2002 140  5 20  3 33  3.550 111.90    -5.1 0    -0.2 0    -0.1 0     0.0 0   286.1 0   280.1 0   280.0 0   344.8 0   280.7 0   280.6 0     0.0 0     0.0 1     0.0 0   -58.8 0   -58.8 0     8.3 0   109.9 1     3.4 0   115.8 0   998.6 0
 2002 140  5 20  3 36  3.600 112.23    -5.3 0    -0.2 0    -0.3 0     0.0 0   277.1 0   280.1 0   280.0 0   343.8 0   280.6 0   280.6 0     0.0 0     0.0 1     0.0 0   -66.7 0   -66.7 0     8.4 0   122.9 1     3.4 0   114.6 0   998.6 0
 2002 140  5 20  3 39  3.650 112.55    -5.3 0     0.0 0    -0.6 0     0.0 0   272.4 0   280.0 0   279.9 0   342.6 0   280.6 0   280.5 0     0.0 0     0.0 1     0.0 0   -70.2 0   -70.2 0     8.6 0   143.2 1     3.2 0   115.8 0   998.6 0
 2002 140  5 20  3 42  3.700 112.86    -5.3 0     0.0 0    -0.8 0     0.0 0   270.7 0   279.9 0   279.8 0   341.6 0   280.6 0   280.5 0     0.0 0     0.0 1     0.0 0   -70.9 0   -70.9 0     8.4 0   119.8 1     3.0 0   117.4 0   998.6 0
 2002 140  5 20  3 45  3.750 113.17    -5.2 0     0.0 0    -0.9 0     0.0 0   270.1 0   279.8 0   279.7 0   340.6 0   280.5 0   280.4 0     0.0 0     0.0 1     0.0 0   -70.5 0   -70.5 0     8.5 0   132.4 1     2.8 0   118.1 0   998.7 0
 2002 140  5 20  3 48  3.800 113.48    -5.2 0     0.0 0    -1.0 0    -0.1 0   266.8 0   279.7 0   279.5 0   339.8 0   280.5 0   280.4 0     0.0 0     0.0 1     0.0 0   -73.0 0   -73.0 0     8.6 0   143.9 1     2.8 0   119.6 0   998.7 0
 2002 140  5 20  3 51  3.850 113.78    -5.1 0    -0.1 0    -1.0 0    -0.1 0   262.0 0   279.6 0   279.4 0   338.8 0   280.4 0   280.3 0     0.0 0     0.0 1     0.0 0   -76.8 0   -76.8 0     8.3 0   123.2 1     2.7 0   119.6 0   998.7 0
 2002 140  5 20  3 54  3.900 114.07    -5.1 0    -0.2 0    -1.1 0    -0.1 0   260.6 0   279.5 0   279.3 0   337.8 0   280.4 0   280.3 0     0.0 0     0.0 1     0.0 0   -77.2 0   -77.2 0     8.6 0   155.2 1     2.6 0   120.0 0   998.7 0
 2002 140  5 20  3 57  3.950 114.35    -5.1 0    -0.2 0    -1.1 0     0.0 0   261.4 0   279.4 0   279.2 0   337.2 0   280.3 0   280.2 0     0.0 0     0.0 1     0.0 0   -75.9 0   -75.9 0     8.4 0   141.6 1     2.7 0   115.8 0   998.7 0
 2002 140  5 20  4  0  4.000 114.64    -5.1 0    -0.3 0    -1.1 0     0.0 0   263.9 0   279.2 0   279.1 0   337.1 0   280.3 0   280.2 0     0.0 0     0.0 1     0.0 0   -73.2 0   -73.2 0     8.5 0   149.0 1     2.7 0   111.1 0   998.7 0
 2002 140  5 20  4  3  4.050 114.91    -5.1 0    -0.3 0    -0.9 0     0.0 0   274.4 0   279.2 0   279.0 0   337.5 0   280.2 0   280.1 0     0.0 0     0.0 1     0.0 0   -63.2 0   -63.2 0     8.4 0   146.7 1     2.8 0   111.4 0   998.7 0
 2002 140  5 20  4  6  4.100 115.18    -5.0 0    -0.3 0    -0.5 0     0.0 0   291.7 0   279.1 0   279.0 0   339.0 0   280.2 0   280.1 0     0.0 0     0.0 1     0.0 0   -47.2 0   -47.2 0     8.5 0   154.4 1     2.9 0   110.8 0   998.7 0
 2002 140  5 20  4  9  4.150 115.44    -4.8 0    -0.4 0    -0.3 0     0.0 0   301.6 0   279.1 0   279.0 0   340.5 0   280.1 0   280.1 0     0.0 0     0.0 1     0.0 0   -38.9 0   -38.9 0     8.4 0   152.4 1     2.9 0   111.6 0   998.7 0
 2002 140  5 20  4 12  4.200 115.69    -4.6 0    -0.4 0     0.2 0     0.0 0   303.1 0   279.1 0   279.0 0   341.5 0   280.1 0   280.1 0     0.0 0     0.0 1     0.0 0   -38.5 0   -38.5 0     8.3 0   143.7 1     2.8 0   112.2 0   998.7 0
 2002 140  5 20  4 15  4.250 115.94    -4.5 0    -0.3 0     0.4 0     0.0 0   293.5 0   279.1 0   279.1 0   341.5 0   280.1 0   280.0 0     0.0 0     0.0 1     0.0 0   -48.0 0   -48.0 0     8.5 0   170.1 1     2.7 0   115.3 0   998.7 0
 2002 140  5 20  4 18  4.300 116.18    -4.6 0    -0.3 0     0.4 0     0.0 0   295.0 0   279.2 0   279.1 0   341.2 0   280.1 0   280.0 0     0.0 0     0.0 1     0.0 0   -46.3 0   -46.3 0     8.3 0   156.2 1     2.6 0   115.8 0   998.8 0
 2002 140  5 20  4 21  4.350 116.42    -4.5 0    -0.3 0     0.3 0     0.0 0   304.5 0   279.2 0   279.1 0   341.6 0   280.1 0   280.0 0     0.0 0     0.0 1     0.0 0   -37.1 0   -37.1 0     8.4 0   157.7 1     2.3 0   117.9 0   998.8 0
 2002 140  5 20  4 24  4.400 116.64    -4.5 0    -0.3 0     0.4 0     0.0 0   309.5 0   279.2 0   279.2 0   342.2 0   280.0 0   280.0 0     0.0 0     0.0 1     0.0 0   -32.8 0   -32.8 0     8.3 0   157.6 1     2.2 0   116.3 0   998.8 0
 2002 140  5 20  4 27  4.450 116.87    -4.4 0    -0.3 0     0.4 0     0.0 0   309.6 0   279.3 0   279.2 0   342.5 0   280.0 0   280.0 0     0.0 0     0.0 1     0.0 0   -33.0 0   -33.0 0     8.0 0   126.1 1     1.9 0   107.0 0   998.9 0
 2002 140  5 20  4 30  4.500 117.08    -4.4 0    -0.3 0     0.5 0     0.0 0   310.1 0   279.3 0   279.3 0   342.8 0   280.0 0   280.0 0     0.0 0     0.0 1     0.0 0   -32.8 0   -32.8 0     8.1 0   131.8 1     1.8 0   100.1 0   998.9 0
 2002 140  5 20  4 33  4.550 117.29    -4.4 0    -0.3 0     0.7 0     0.0 0   310.6 0   279.4 0   279.3 0   343.2 0   280.0 0   280.0 0     0.0 0     0.0 1     0.0 0   -32.6 0   -32.6 0     8.0 0   124.4 1     2.0 0    96.8 0   999.0 0
 2002 140  5 20  4 36  4.600 117.49    -4.4 0    -0.3 0     0.7 0     0.0 0   308.3 0   279.4 0   279.4 0   343.3 0   280.0 0   280.0 0     0.0 0     0.0 1     0.0 0   -35.0 0   -35.0 0     8.2 0   140.6 1     2.1 0    94.6 0   999.0 0
 2002 140  5 20  4 39  4.650 117.68    -4.5 0    -0.3 0     0.7 0     0.0 0   308.4 0   279.5 0   279.4 0   343.3 0   280.0 0   279.9 0     0.0 0     0.0 1     0.0 0   -34.9 0   -34.9 0     8.1 0   142.1 1     2.1 0    87.9 0   999.0 0
 2002 140  5 20  4 42  4.700 117.86    -4.5 0    -0.3 0     0.7 0     0.0 0   308.3 0   279.5 0   279.5 0   343.3 0   280.0 0   279.9 0     0.0 0     0.0 1     0.0 0   -35.0 0   -35.0 0     8.0 0   130.7 1     2.1 0    86.3 0   999.1 0
 2002 140  5 20  4 45  4.750 118.04    -4.5 0    -0.2 0     0.5 0     0.0 0   309.4 0   279.5 0   279.5 0   343.3 0   280.0 0   279.9 0     0.0 0     0.0 1     0.0 0   -33.9 0   -33.9 0     8.1 0   141.1 1     1.9 0    88.9 0   999.1 0
 2002 140  5 20  4 48  4.800 118.21    -4.4 0    -0.2 0     0.4 0     0.0 0   308.3 0   279.6 0   279.5 0   343.3 0   280.0 0   279.9 0     0.0 0     0.0 1     0.0 0   -34.9 0   -34.9 0     8.1 0   146.5 1     1.9 0    92.7 0   999.1 0
 2002 140  5 20  4 51  4.850 118.38    -4.4 0    -0.3 0     0.4 0     0.0 0   303.7 0   279.6 0   279.5 0   343.1 0   280.0 0   279.9 0     0.0 0     0.0 1     0.0 0   -39.3 0   -39.3 0     8.2 0   146.3 1     2.0 0    92.9 0   999.2 0
 2002 140  5 20  4 54  4.900 118.53    -4.5 0    -0.3 0     0.2 0     0.0 0   299.6 0   279.6 0   279.5 0   342.6 0   280.0 0   279.9 0     0.0 0     0.0 1     0.0 0   -43.1 0   -43.1 0     8.2 0   145.7 1     1.9 0    92.5 0   999.2 0
 2002 140  5 20  4 57  4.950 118.68    -4.5 0    -0.3 0     0.2 0     0.0 0   298.5 0   279.6 0   279.5 0   342.2 0   279.9 0   279.9 0     0.0 0     0.0 1     0.0 0   -43.6 0   -43.6 0     7.9 0   122.1 1     2.1 0    86.4 0   999.2 0
 2002 140  5 20  5  0  5.000 118.82    -4.5 0    -0.3 0     0.2 0     0.0 0   295.6 0   279.6 0   279.5 0   341.9 0   279.9 0   279.9 0     0.0 0     0.0 1     0.0 0   -46.2 0   -46.2 0     7.7 0   113.3 1     2.1 0    85.8 0   999.2 0
 2002 140  5 20  5  3  5.050 118.95    -4.5 0    -0.3 0    -0.2 0     0.0 0   291.5 0   279.5 0   279.4 0   341.6 0   279.9 0   279.9 0     0.0 0     0.0 1     0.0 0   -50.0 0   -50.0 0     7.8 0   116.0 1     2.3 0    93.1 0   999.3 0
 2002 140  5 20  5  6  5.100 119.08    -4.5 0    -0.3 0    -0.4 0     0.0 0   288.8 0   279.5 0   279.4 0   341.0 0   279.9 0   279.9 0     0.0 0     0.0 1     0.0 0   -52.2 0   -52.2 0     7.8 0   121.6 1     2.2 0    94.7 0   999.3 0
 2002 140  5 20  5  9  5.150 119.20    -4.5 0    -0.3 0    -0.4 0     0.0 0   290.1 0   279.5 0   279.3 0   340.9 0   279.9 0   279.9 0     0.0 0     0.0 1     0.0 0   -50.8 0   -50.8 0     7.9 0   121.3 1     2.3 0   100.5 0   999.3 0
 2002 140  5 20  5 12  5.200 119.31    -4.5 0    -0.3 0    -0.4 0     0.0 0   296.1 0   279.4 0   279.3 0   340.9 0   279.9 0   279.8 0     0.0 0     0.0 1     0.0 0   -44.8 0   -44.8 0     7.8 0   118.7 1     2.4 0   105.3 0   999.2 0
 2002 140  5 20  5 15  5.250 119.41    -4.4 0    -0.3 0    -0.5 0     0.0 0   302.6 0   279.4 0   279.3 0   341.2 0   279.9 0   279.8 0     0.0 0     0.0 1     0.0 0   -38.6 0   -38.6 0     7.8 0   118.7 1     2.3 0   110.1 0   999.3 0
 2002 140  5 20  5 18  5.300 119.50    -4.4 0    -0.3 0    -0.4 0     0.0 0   306.7 0   279.3 0   279.3 0   341.5 0   279.9 0   279.8 0     0.0 0     0.0 1     0.0 0   -34.9 0   -34.9 0     7.7 0   118.0 1     2.2 0   109.1 0   999.3 0
 2002 140  5 20  5 21  5.350 119.59    -4.4 0    -0.3 0    -0.1 0    -0.1 0   307.6 0   279.3 0   279.3 0   341.9 0   279.9 0   279.8 0     0.0 0     0.0 1     0.0 0   -34.3 0   -34.3 0     7.8 0   120.9 1     2.0 0   102.6 0   999.3 0
 2002 140  5 20  5 24  5.400 119.67    -4.4 0    -0.3 0     0.3 0     0.0 0   306.6 0   279.3 0   279.3 0   342.1 0   279.9 0   279.8 0     0.0 0     0.0 1     0.0 0   -35.5 0   -35.5 0     7.8 0   123.9 1     2.0 0    95.7 0   999.3 0
 2002 140  5 20  5 27  5.450 119.73    -4.4 0    -0.3 0     0.4 0     0.0 0   306.4 0   279.4 0   279.3 0   342.2 0   279.9 0   279.8 0     0.0 0     0.0 1     0.0 0   -35.8 0   -35.8 0     7.7 0   121.3 1     2.0 0    92.8 0   999.3 0
 2002 140  5 20  5 30  5.500 119.80    -4.4 0    -0.3 0     0.4 0     0.0 0   307.5 0   279.4 0   279.3 0   342.2 0   279.9 0   279.8 0     0.0 0     0.0 1     0.0 0   -34.7 0   -34.7 0     7.8 0   123.7 1     2.0 0    89.2 0   999.3 0
 2002 140  5 20  5 33  5.550 119.85    -4.4 0    -0.3 0     0.4 0     0.0 0   308.4 0   279.4 0   279.3 0   342.4 0   279.8 0   279.8 0     0.0 0     0.0 1     0.0 0   -34.0 0   -34.0 0     7.8 0   129.0 1     1.8 0    84.6 0   999.3 0
 2002 140  5 20  5 36  5.600 119.90    -4.4 0    -0.3 0     0.5 0     0.0 0   308.6 0   279.4 0   279.4 0   342.6 0   279.8 0   279.8 0     0.0 0     0.0 1     0.0 0   -33.9 0   -33.9 0     7.7 0   116.3 1     1.8 0    78.0 0   999.4 0
 2002 140  5 20  5 39  5.650 119.93    -4.3 0    -0.3 0     0.4 0     0.0 0   309.5 0   279.5 0   279.4 0   342.8 0   279.8 0   279.8 0     0.0 0     0.0 1     0.0 0   -33.4 0   -33.4 0     7.6 0   115.6 1     1.7 0    70.6 0   999.4 0
 2002 140  5 20  5 42  5.700 119.96    -4.4 0    -0.3 0     0.4 0     0.0 0   309.9 0   279.5 0   279.4 0   342.9 0   279.8 0   279.8 0     0.0 0     0.0 1     0.0 0   -33.0 0   -33.0 0     7.7 0   120.4 1     2.0 0    65.0 0   999.4 0
 2002 140  5 20  5 45  5.750 119.98    -4.4 0    -0.3 0     0.4 0     0.1 0   311.4 0   279.5 0   279.4 0   342.9 0   279.8 0   279.8 0     0.0 0     0.0 1     0.0 0   -31.5 0   -31.5 0     8.1 0   158.9 1     2.0 0    51.9 0   999.4 0
 2002 140  5 20  5 48  5.800 120.00    -4.4 0    -0.3 0     0.4 0     0.1 0   313.3 0   279.5 0   279.4 0   343.2 0   279.8 0   279.8 0     0.0 0     0.0 1     0.0 0   -30.0 0   -30.0 0     8.0 0   145.1 1     2.4 0    45.1 0   999.4 0
 2002 140  5 20  5 51  5.850 120.00    -4.4 0    -0.3 0     0.4 0     0.2 0   315.7 0   279.5 0   279.4 0   343.9 0   279.8 0   279.8 0     0.0 0     0.0 1     0.0 0   -28.3 0   -28.3 0     7.8 0   135.7 1     3.0 0    42.0 0   999.5 0
 2002 140  5 20  5 54  5.900 120.00    -4.4 0    -0.3 0     0.5 0     0.2 0   316.9 0   279.6 0   279.5 0   344.6 0   279.8 0   279.8 0     0.0 0     0.0 1     0.0 0   -27.6 0   -27.6 0     7.8 0   129.3 1     3.3 0    43.3 0   999.5 0
 2002 140  5 20  5 57  5.950 119.99    -4.5 0    -0.3 0     0.7 0     0.1 0   317.2 0   279.6 0   279.6 0   345.0 0   279.9 0   279.8 0     0.0 0     0.0 1     0.0 0   -27.8 0   -27.8 0     7.8 0   128.5 1     2.9 0    38.9 0   999.5 0
 2002 140  5 20  6  0  6.000 119.97    -4.5 0    -0.3 0     0.7 0     0.2 0   316.5 0   279.7 0   279.6 0   345.0 0   279.9 0   279.8 0     0.0 0     0.0 1     0.0 0   -28.5 0   -28.5 0     8.0 0   151.8 1     2.5 0    37.7 0   999.5 0
 2002 140  5 20  6  3  6.050 119.94    -4.4 0    -0.2 0     0.7 0     0.1 0   316.8 0   279.7 0   279.6 0   344.8 0   279.9 0   279.9 0     0.0 0     0.0 1     0.0 0   -28.0 0   -28.0 0     8.4 0   193.2 1     2.1 0    43.4 0   999.4 0
 2002 140  5 20  6  6  6.100 119.90    -4.4 0    -0.2 0     0.7 0     0.1 0   318.1 0   279.7 0   279.7 0   344.9 0   279.9 0   279.9 0     0.0 0     0.0 1     0.0 0   -26.8 0   -26.8 0     8.0 0   139.0 1     2.1 0    44.6 0   999.4 0
 2002 140  5 20  6  9  6.150 119.86    -4.4 0    -0.3 0     0.7 0     0.1 0   319.3 0   279.8 0   279.7 0   345.3 0   279.9 0   279.9 0     0.0 0     0.0 1     0.0 0   -25.9 0   -25.9 0     8.0 0   131.5 1     2.7 0    35.4 0   999.5 0
 2002 140  5 20  6 12  6.200 119.81    -4.4 0    -0.3 0     0.7 0     0.2 0   319.9 0   279.8 0   279.8 0   345.7 0   280.0 0   279.9 0     0.0 0     0.0 1     0.0 0   -25.8 0   -25.8 0     8.1 0   137.8 1     3.1 0    36.9 0   999.5 0
 2002 140  5 20  6 15  6.250 119.75    -4.5 0    -0.3 0     0.7 0     0.1 0   320.3 0   279.8 0   279.8 0   345.8 0   280.0 0   280.0 0     0.0 0     0.0 1     0.0 0   -25.5 0   -25.5 0     8.2 0   140.7 1     3.0 0    36.8 0   999.5 0
 2002 140  5 20  6 18  6.300 119.68    -4.5 0    -0.3 0     0.6 0     0.1 0   320.5 0   279.9 0   279.8 0   345.9 0   280.0 0   280.0 0     0.0 0     0.0 1     0.0 0   -25.4 0   -25.4 0     8.3 0   142.1 1     2.9 0    39.8 0   999.5 0
 2002 140  5 20  6 21  6.350 119.60    -4.5 0    -0.3 0     0.6 0     0.1 0   319.5 0   279.9 0   279.9 0   346.0 0   280.1 0   280.0 0     0.0 0     0.0 1     0.0 0   -26.5 0   -26.5 0     8.3 0   141.5 1     3.0 0    40.2 0   999.5 0
 2002 140  5 20  6 24  6.400 119.52    -4.5 0    -0.3 0     0.5 0     0.1 0   316.8 0   279.9 0   279.9 0   345.9 0   280.1 0   280.1 0     0.0 0     0.0 1     0.0 0   -29.0 0   -29.0 0     8.3 0   138.7 1     2.9 0    44.9 0   999.4 0
 2002 140  5 20  6 27  6.450 119.43    -4.6 0    -0.3 0     0.5 0     0.1 0   316.1 0   280.0 0   279.9 0   345.8 0   280.1 0   280.1 0     0.0 0     0.0 1     0.0 0   -29.7 0   -29.7 0     8.2 0   132.1 1     2.7 0    52.6 0   999.5 0
 2002 140  5 20  6 30  6.500 119.33    -4.6 0    -0.3 0     0.4 0     0.0 0   316.2 0   280.0 0   279.9 0   345.7 0   280.2 0   280.1 0     0.0 0     0.0 1     0.0 0   -29.4 0   -29.4 0     8.2 0   123.8 1     2.6 0    50.8 0   999.4 0
 2002 140  5 20  6 33  6.550 119.22    -4.6 0    -0.3 0     0.4 0     0.1 0   316.8 0   280.0 0   279.9 0   345.7 0   280.2 0   280.1 0     0.0 0     0.0 1     0.0 0   -28.9 0   -28.9 0     8.3 0   133.3 1     2.8 0    43.0 0   999.5 0
 2002 140  5 20  6 36  6.600 119.10    -4.6 0    -0.3 0     0.4 0     0.1 0   317.6 0   280.0 0   279.9 0   345.7 0   280.2 0   280.2 0     0.0 0     0.0 1     0.0 0   -28.1 0   -28.1 0     8.3 0   130.9 1     2.9 0    37.3 0   999.5 0
 2002 140  5 20  6 39  6.650 118.98    -4.5 0    -0.2 0     0.4 0     0.2 0   318.0 0   280.0 0   279.9 0   345.8 0   280.2 0   280.2 0     0.0 0     0.0 1     0.0 0   -27.7 0   -27.7 0     8.2 0   132.2 1     3.1 0    31.2 0   999.5 0
 2002 140  5 20  6 42  6.700 118.85    -4.5 0     0.0 0     0.4 0     0.3 0   318.4 0   280.0 0   280.0 0   345.9 0   280.2 0   280.2 0     0.0 0     0.0 1     0.0 0   -27.5 0   -27.5 0     8.1 0   133.4 1     3.2 0    32.0 0   999.5 0
 2002 140  5 20  6 45  6.750 118.71    -4.5 0     0.1 0     0.4 0     0.2 0   318.6 0   280.0 0   280.0 0   345.9 0   280.2 0   280.2 0     0.0 0     0.0 1     0.0 0   -27.4 0   -27.4 0     8.1 0   131.3 1     3.2 0    33.6 0   999.5 0
 2002 140  5 20  6 48  6.800 118.56    -4.5 0     0.0 0     0.4 0     0.1 0   318.0 0   280.1 0   280.0 0   346.0 0   280.2 0   280.2 0     0.0 0     0.0 1     0.0 0   -28.0 0   -28.0 0     8.0 0   124.0 1     2.9 0    37.5 0   999.4 0
 2002 140  5 20  6 51  6.850 118.41    -4.5 0    -0.2 0     0.4 0     0.1 0   317.9 0   280.1 0   280.0 0   346.1 0   280.2 0   280.2 0     0.0 0     0.0 1     0.0 0   -28.2 0   -28.2 0     8.0 0   118.0 1     2.9 0    45.6 0   999.4 0
 2002 140  5 20  6 54  6.900 118.25    -4.6 0    -0.2 0     0.4 0     0.1 0   319.0 0   280.1 0   280.0 0   345.9 0   280.2 0   280.2 0     0.0 0     0.0 1     0.0 0   -26.9 0   -26.9 0     8.0 0   116.1 1     2.5 0    45.9 0   999.4 0
 2002 140  5 20  6 57  6.950 118.08    -4.5 0     0.0 0     0.4 0     0.2 0   320.8 0   280.1 0   280.0 0   346.1 0   280.2 0   280.2 0     0.0 0     0.0 1     0.0 0   -25.3 0   -25.3 0     7.9 0   114.8 1     3.3 0    35.4 0   999.4 0
 2002 140  5 20  7  0  7.000 117.90    -4.5 0     0.0 0     0.4 0     0.2 0   322.3 0   280.1 0   280.0 0   346.3 0   280.2 0   280.2 0     0.0 0     0.0 1     0.0 0   -24.1 0   -24.1 0     7.9 0   119.1 1     3.3 0    28.7 0   999.5 0
 2002 140  5 20  7  3  7.050 117.72    -4.4 0     0.1 0     0.4 0     0.3 0   323.4 0   280.1 0   280.0 0   346.5 0   280.2 0   280.2 0     0.0 0     0.0 1     0.0 0   -23.1 0   -23.1 0     7.9 0   122.1 1     3.5 0    23.5 0   999.5 0
 2002 140  5 20  7  6  7.100 117.53    -4.4 0     0.1 0     0.4 0     0.2 0   324.4 0   280.1 0   280.0 0   346.5 0   280.2 0   280.2 0     0.0 0     0.0 1     0.0 0   -22.1 0   -22.1 0     7.9 0   128.7 1     3.2 0    22.8 0   999.6 0
 2002 140  5 20  7  9  7.150 117.33    -4.4 0     0.1 0     0.4 0     0.1 0   324.9 0   280.1 0   280.1 0   346.4 0   280.2 0   280.2 0     0.0 0     0.0 1     0.0 0   -21.5 0   -21.5 0     7.8 0   116.2 1     2.6 0    31.1 0   999.5 0
 2002 140  5 20  7 12  7.200 117.12    -4.4 0     0.1 0     0.4 0     0.1 0   323.8 0   280.1 0   280.1 0   346.3 0   280.2 0   280.1 0     0.0 0     0.0 1     0.0 0   -22.6 0   -22.6 0     7.9 0   123.3 1     2.4 0    42.2 0   999.4 0
 2002 140  5 20  7 15  7.250 116.91    -4.4 0     0.0 0     0.4 0     0.1 0   321.5 0   280.1 0   280.1 0   346.2 0   280.2 0   280.1 0     0.0 0     0.0 1     0.0 0   -24.7 0   -24.7 0     7.7 0   107.3 1     2.6 0    42.6 0   999.4 0
 2002 140  5 20  7 18  7.300 116.69    -4.5 0    -0.1 0     0.4 0     0.1 0   319.5 0   280.1 0   280.0 0   345.9 0   280.2 0   280.1 0     0.0 0     0.0 1     0.0 0   -26.3 0   -26.3 0     7.9 0   120.0 1     2.5 0    48.9 0   999.4 0
 2002 140  5 20  7 21  7.350 116.46    -4.5 0    -0.1 0     0.3 0     0.1 0   318.8 0   280.1 0   280.0 0   345.7 0   280.2 0   280.1 0     0.0 0     0.0 1     0.0 0   -26.9 0   -26.9 0     7.8 0   109.2 1     2.4 0    57.7 0   999.3 0
 2002 140  5 20  7 24  7.400 116.23    -4.5 0    -0.2 0     0.1 0     0.1 0   318.9 0   280.1 0   280.0 0   345.7 0   280.2 0   280.1 0     0.0 0     0.0 1     0.0 0   -26.9 0   -26.9 0     7.8 0   110.2 1     2.9 0    54.2 0   999.3 0
 2002 140  5 20  7 27  7.450 115.99    -4.6 0    -0.3 0     0.0 0     0.1 0   319.1 0   280.1 0   280.0 0   345.8 0   280.2 0   280.1 0     0.0 0     0.0 1     0.0 0   -26.7 0   -26.7 0     7.8 0   109.5 1     3.3 0    46.5 0   999.3 0
 2002 140  5 20  7 30  7.500 115.74    -4.6 0    -0.2 0     0.0 0     0.1 0   319.5 0   280.1 0   280.0 0   345.8 0   280.2 0   280.1 0     0.0 0     0.0 1     0.0 0   -26.3 0   -26.3 0     7.9 0   114.1 1     3.1 0    43.5 0   999.3 0
 2002 140  5 20  7 33  7.550 115.49    -4.5 0    -0.1 0     0.2 0     0.1 0   320.2 0   280.0 0   280.0 0   345.7 0   280.2 0   280.1 0     0.0 0     0.0 1     0.0 0   -25.5 0   -25.5 0     7.9 0   119.7 1     2.7 0    42.7 0   999.4 0
 2002 140  5 20  7 36  7.600 115.23    -4.4 0    -0.1 0     0.2 0     0.1 0   320.5 0   280.0 0   280.0 0   345.7 0   280.2 0   280.1 0     0.0 0     0.0 1     0.0 0   -25.2 0   -25.2 0     8.0 0   128.6 1     2.3 0    42.0 0   999.4 0
 2002 140  5 20  7 39  7.650 114.96    -4.4 0    -0.1 0     0.4 0     0.0 0   319.3 0   280.0 0   279.9 0   345.6 0   280.2 0   280.1 0     0.0 0     0.0 1     0.0 0   -26.3 0   -26.3 0     8.0 0   124.5 1     2.3 0    43.1 0   999.4 0
 2002 140  5 20  7 42  7.700 114.69    -4.4 0    -0.1 0     0.4 0     0.0 0   317.5 0   280.0 0   279.9 0   345.5 0   280.2 0   280.1 0     0.0 0     0.0 1     0.0 0   -27.9 0   -27.9 0     8.0 0   120.4 1     2.3 0    50.2 0   999.3 0
 2002 140  5 20  7 45  7.750 114.41    -4.4 0    -0.2 0     0.4 0     0.0 0   317.4 0   280.0 0   279.9 0   345.2 0   280.2 0   280.1 0     0.0 0     0.0 1     0.0 0   -27.8 0   -27.8 0     7.9 0   113.5 1     2.2 0    56.4 0   999.3 0
 2002 140  5 20  7 48  7.800 114.13    -4.4 0    -0.2 0     0.3 0     0.1 0   317.9 0   280.0 0   279.9 0   345.3 0   280.2 0   280.1 0     0.0 0     0.0 1     0.0 0   -27.3 0   -27.3 0     7.9 0   112.2 1     2.6 0    52.4 0   999.3 0
 2002 140  5 20  7 51  7.850 113.84    -4.4 0    -0.3 0     0.2 0     0.1 0   318.8 0   280.0 0   279.9 0   345.4 0   280.2 0   280.1 0     0.0 0     0.0 1     0.0 0   -26.6 0   -26.6 0     7.9 0   113.2 1     2.9 0    44.8 0   999.4 0
 2002 140  5 20  7 54  7.900 113.54    -4.5 0    -0.2 0     0.2 0     0.1 0   318.8 0   280.0 0   279.9 0   345.6 0   280.2 0   280.1 0     0.0 0     0.0 1     0.0 0   -26.8 0   -26.8 0     7.9 0   117.8 1     2.9 0    48.1 0   999.3 0
 2002 140  5 20  7 57  7.950 113.23    -4.5 0    -0.2 0     0.2 0     0.1 0   317.1 0   280.0 0   279.9 0   345.5 0   280.2 0   280.1 0     0.0 0     0.0 1     0.0 0   -28.3 0   -28.3 0     8.0 0   120.6 1     3.0 0    49.4 0   999.3 0
 2002 140  5 20  8  0  8.000 112.93    -4.5 0    -0.3 0     0.2 0     0.1 0   316.4 0   280.0 0   279.9 0   345.4 0   280.2 0   280.1 0     0.0 0     0.0 1     0.0 0   -29.0 0   -29.0 0     8.0 0   122.3 1     3.0 0    40.0 0   999.4 0
 2002 140  5 20  8  3  8.050 112.61    -4.5 0    -0.1 0     0.2 0     0.2 0   316.7 0   280.0 0   279.9 0   345.4 0   280.2 0   280.1 0     0.0 0     0.0 1     0.0 0   -28.7 0   -28.7 0     8.0 0   122.8 1     3.0 0    35.5 0   999.4 0
 2002 140  5 20  8  6  8.100 112.29    -4.4 0     0.1 0     0.2 0     0.1 0   317.1 0   280.0 0   279.9 0   345.3 0   280.2 0   280.1 0     0.0 0     0.0 1     0.0 0   -28.2 0   -28.2 0     7.7 0   110.7 1     2.9 0    35.3 0   999.3 0
 2002 140  5 20  8  9  8.150 111.96    -4.5 0     0.1 0     0.2 0     0.1 0   317.3 0   280.0 0   279.9 0   345.4 0   280.2 0   280.1 0     0.0 0     0.0 1     0.0 0   -28.0 0   -28.0 0     8.0 0   138.3 1     3.2 0    34.4 0   999.3 0
 2002 140  5 20  8 12  8.200 111.63    -4.5 0     0.1 0     0.2 0     0.1 0   318.4 0   280.0 0   279.9 0   345.5 0   280.1 0   280.1 0     0.0 0     0.0 1     0.0 0   -27.1 0   -27.1 0     7.8 0   124.8 1     3.1 0    32.6 0   999.3 0
 2002 140  5 20  8 15  8.250 111.30    -4.4 0     0.2 0     0.2 0     0.2 0   319.0 0   280.0 0   279.9 0   345.6 0   280.1 0   280.1 0     0.0 0     0.0 1     0.0 0   -26.6 0   -26.6 0     7.8 0   125.6 1     3.0 0    34.0 0   999.3 0
 2002 140  5 20  8 18  8.300 110.95    -4.4 0     0.1 0     0.3 0     0.1 0   319.1 0   280.0 0   279.9 0   345.6 0   280.1 0   280.0 0     0.0 0     0.0 1     0.0 0   -26.5 0   -26.5 0     7.7 0   123.6 1     2.8 0    36.3 0   999.3 0
 2002 140  5 20  8 21  8.350 110.60    -4.4 0     0.1 0     0.3 0     0.1 0   318.9 0   280.0 0   279.9 0   345.6 0   280.1 0   280.0 0     0.0 0     0.0 1     0.0 0   -26.7 0   -26.7 0     7.8 0   127.7 1     2.8 0    38.8 0   999.3 0
 2002 140  5 20  8 24  8.400 110.25    -4.4 0     0.0 0     0.4 0     0.2 0   318.9 0   280.0 0   279.9 0   345.7 0   280.1 0   280.0 0     0.0 0     0.0 1     0.0 0   -26.8 0   -26.8 0     7.8 0   124.1 1     3.1 0    40.1 0   999.3 0
 2002 140  5 20  8 27  8.450 109.89    -4.5 0    -0.2 0     0.3 0     0.1 0   317.8 0   280.0 0   279.9 0   345.8 0   280.1 0   280.0 0     0.0 0     0.0 1     0.0 0   -28.0 0   -28.0 0     7.7 0   114.9 1     3.2 0    45.3 0   999.3 0
 2002 140  5 20  8 30  8.500 109.53    -4.5 0    -0.2 0     0.3 0     0.1 0   318.6 0   280.0 0   279.9 0   345.7 0   280.1 0   280.0 0     0.0 0     0.0 1     0.0 0   -27.1 0   -27.1 0     7.8 0   120.3 1     3.0 0    45.1 0   999.2 0
 2002 140  5 20  8 33  8.550 109.16    -4.6 0    -0.2 0     0.3 0     0.2 0   319.2 0   280.0 0   279.9 0   345.8 0   280.1 0   280.0 0     0.0 0     0.0 1     0.0 0   -26.6 0   -26.6 0     7.7 0   112.9 1     2.9 0    40.1 0   999.2 0
 2002 140  5 20  8 36  8.600 108.79    -4.5 0     0.0 0     0.3 0     0.1 0   318.2 0   280.0 0   279.9 0   345.6 0   280.1 0   280.0 0     0.0 0     0.0 1     0.0 0   -27.5 0   -27.5 0     7.9 0   128.6 1     2.6 0    42.8 0   999.2 0
 2002 140  5 20  8 39  8.650 108.41    -4.5 0     0.0 0     0.4 0     0.1 0   315.1 0   280.0 0   279.9 0   345.3 0   280.1 0   280.0 0     0.0 0     0.0 1     0.0 0   -30.2 0   -30.2 0     8.0 0   141.1 1     2.6 0    47.0 0   999.1 0
 2002 140  5 20  8 42  8.700 108.03    -4.5 0     0.0 0     0.2 0     0.0 0   312.2 0   280.0 0   279.9 0   345.0 0   280.1 0   280.0 0     0.0 0     0.0 1     0.0 0   -32.8 0   -32.8 0     8.1 0   152.8 1     2.7 0    44.8 0   999.2 0
 2002 140  5 20  8 45  8.750 107.64    -4.5 0     0.0 0     0.1 0     0.1 0   312.2 0   279.9 0   279.8 0   344.9 0   280.1 0   280.0 0     0.0 0     0.0 1     0.0 0   -32.7 0   -32.7 0     8.0 0   141.9 1     2.7 0    42.3 0   999.2 0
 2002 140  5 20  8 48  8.800 107.25    -4.5 0     0.0 0     0.1 0     0.1 0   313.0 0   279.9 0   279.8 0   344.9 0   280.1 0   280.0 0     0.0 0     0.0 1     0.0 0   -31.9 0   -31.9 0     7.7 0   110.1 1     2.8 0    42.2 0   999.2 0
 2002 140  5 20  8 51  8.850 106.86    -4.5 0    -0.1 0     0.1 0     0.1 0   314.4 0   279.9 0   279.8 0   344.8 0   280.0 0   280.0 0     0.0 0     0.0 1     0.0 0   -30.4 0   -30.4 0     8.0 0   149.7 1     2.7 0    40.5 0   999.3 0
 2002 140  5 20  8 54  8.900 106.46    -4.4 0    -0.1 0     0.2 0     0.2 0   316.6 0   279.9 0   279.8 0   344.9 0   280.0 0   280.0 0     0.0 0     0.0 1     0.0 0   -28.4 0   -28.4 0     8.0 0   148.7 1     2.6 0    34.8 0   999.3 0
 2002 140  5 20  8 57  8.950 106.05    -4.4 0     0.1 0     0.2 0     0.2 0   318.9 0   279.9 0   279.8 0   345.1 0   280.0 0   280.0 0     0.0 0     0.0 1     0.0 0   -26.2 0   -26.2 0     8.0 0   140.8 1     2.8 0    31.3 0   999.3 0
 2002 140  5 20  9  0  9.000 105.64    -4.4 0     0.1 0     0.3 0     0.2 0   318.7 0   279.9 0   279.8 0   345.5 0   280.0 0   280.0 0     0.0 0     0.0 1     0.0 0   -26.7 0   -26.7 0     8.1 0   155.7 1     3.5 0    27.4 0   999.3 0
 2002 140  5 20  9  3  9.050 105.23    -4.5 0     0.0 0     0.2 0     0.3 0   314.9 0   279.9 0   279.8 0   345.8 0   280.0 0   280.0 0     0.0 0     0.0 1     0.0 0   -30.9 0   -30.9 0     8.2 0   161.4 1     4.7 0    27.0 0   999.4 0
 2002 140  5 20  9  6  9.100 104.81    -4.6 0     0.1 0     0.1 0     0.3 0   313.4 0   279.9 0   279.8 0   345.8 0   280.0 0   280.0 0     0.0 0     0.0 1     0.0 0   -32.4 0   -32.4 0     8.1 0   154.8 1     5.2 0    31.2 0   999.4 0
 2002 140  5 20  9  9  9.150 104.39    -4.8 0     0.1 0     0.0 0     0.3 0   314.2 0   279.9 0   279.9 0   345.9 0   280.0 0   280.0 0     0.0 0     0.0 1     0.0 0   -31.7 0   -31.7 0     8.0 0   149.4 1     5.3 0    37.7 0   999.4 0
 2002 140  5 20  9 12  9.200 103.97    -4.9 0     0.1 0     0.0 0     0.4 0   317.3 0   279.9 0   279.9 0   346.0 0   280.0 0   279.9 0     0.0 0     0.0 1     0.0 0   -28.6 0   -28.6 0     7.8 0   139.6 1     5.0 0    40.9 0   999.4 0
 2002 140  5 20  9 15  9.250 103.54    -4.9 0     0.0 0     0.0 0     0.4 0   318.2 0   280.0 0   279.9 0   346.0 0   280.0 0   279.9 0     0.0 0     0.0 1     0.0 0   -27.9 0   -27.9 0     7.8 0   138.6 1     4.9 0    39.3 0   999.4 0
 2002 140  5 20  9 18  9.300 103.10    -4.9 0     0.0 0     0.1 0     0.4 0   318.3 0   280.0 0   279.9 0   346.1 0   280.0 0   279.9 0     0.0 0     0.0 1     0.0 0   -27.8 0   -27.8 0     7.8 0   137.4 1     4.5 0    41.8 0   999.4 0
 2002 140  5 20  9 21  9.350 102.67    -4.8 0     0.0 0     0.1 0     0.2 0   319.4 0   280.0 0   279.9 0   346.2 0   280.0 0   279.9 0     0.0 0     0.0 1     0.0 0   -26.8 0   -26.8 0     7.8 0   135.4 1     5.6 0    44.8 0   999.4 0
 2002 140  5 20  9 24  9.400 102.23    -4.9 0    -0.1 0     0.2 0     0.2 0   319.5 0   280.0 0   279.9 0   346.2 0   280.0 0   280.0 0     0.0 0     0.0 1     0.0 0   -26.7 0   -26.7 0     7.8 0   132.7 1     5.7 0    45.0 0   999.5 0
 2002 140  5 20  9 27  9.450 101.78    -5.1 0    -0.1 0     0.1 0     0.2 0   316.5 0   280.0 0   279.9 0   345.8 0   280.0 0   280.0 0     0.0 0     0.0 1     0.0 0   -29.3 0   -29.3 0     7.8 0   135.1 1     5.5 0    45.3 0   999.5 0
 2002 140  5 20  9 30  9.500 101.34    -5.1 0     0.1 0    -0.1 0     0.2 0   313.0 0   280.0 0   279.9 0   345.5 0   280.0 0   280.0 0     0.0 0     0.0 1     0.0 0   -32.5 0   -32.5 0     7.7 0   127.4 1     5.8 0    46.6 0   999.4 0
 2002 140  5 20  9 33  9.550 100.88    -5.2 0     0.1 0    -0.2 0     0.3 0   313.4 0   280.0 0   279.9 0   345.3 0   280.0 0   279.9 0     0.0 0     0.0 1     0.0 0   -31.9 0   -31.9 0     7.6 0   120.3 1     5.2 0    46.2 0   999.5 0
 2002 140  5 20  9 36  9.600 100.43    -5.1 0     0.2 0    -0.2 0     0.3 0   317.3 0   280.0 0   279.9 0   345.3 0   280.0 0   279.9 0     0.0 0     0.0 1     0.0 0   -28.1 0   -28.1 0     7.6 0   127.6 1     5.3 0    45.0 0   999.5 0
 2002 140  5 20  9 39  9.650  99.97    -5.1 0     0.1 0    -0.1 0     0.4 0   321.1 0   280.0 0   279.9 0   345.5 0   280.0 0   279.9 0     0.0 0     0.0 1     0.0 0   -24.4 0   -24.4 0     7.7 0   137.8 1     5.3 0    43.5 0   999.5 0
 2002 140  5 20  9 42  9.700  99.51    -5.0 0     0.1 0     0.0 0     0.3 0   323.4 0   280.0 0   279.9 0   345.4 0   280.0 0   279.9 0     0.0 0     0.0 1     0.0 0   -22.0 0   -22.0 0     7.6 0   131.5 1     5.0 0    40.8 0   999.6 0
 2002 140  5 20  9 45  9.750  99.05    -4.9 0     0.1 0     0.0 0     0.4 0   324.3 0   280.0 0   279.9 0   345.5 0   279.9 0   279.9 0     0.0 0     0.0 1     0.0 0   -21.3 0   -21.3 0     7.6 0   128.5 1     5.2 0    38.3 0   999.7 0
 2002 140  5 20  9 48  9.800  98.58    -4.7 0     0.2 0     0.0 0     0.3 0   324.5 0   279.9 0   279.9 0   345.4 0   279.9 0   279.9 0     0.0 0     0.0 1     0.0 0   -20.9 0   -20.9 0     7.6 0   133.2 1     5.0 0    41.6 0   999.7 0
 2002 140  5 20  9 51  9.850  98.11    -4.7 0     0.2 0     0.0 0     0.2 0   324.1 0   279.9 0   279.9 0   345.3 0   279.9 0   279.8 0     0.0 0     0.0 1     0.0 0   -21.2 0   -21.2 0     7.5 0   129.1 1     4.9 0    42.0 0   999.7 0
 2002 140  5 20  9 54  9.900  97.64    -4.8 0     0.2 0    -0.1 0     0.2 0   322.8 0   279.9 0   279.8 0   345.1 0   279.9 0   279.8 0     0.0 0     0.0 1     0.0 0   -22.3 0   -22.3 0     7.5 0   128.8 1     5.0 0    43.4 0   999.8 0
 2002 140  5 20  9 57  9.950  97.16    -4.9 0     0.2 0    -0.2 0     0.2 0   321.3 0   279.9 0   279.8 0   344.9 0   279.9 0   279.8 0     0.0 0     0.0 1     0.0 0   -23.6 0   -23.6 0     7.2 0   105.3 1     4.3 0    46.1 0   999.8 0
 2002 140  5 20 10  0 10.000  96.68    -4.8 0     0.2 0    -0.2 0     0.1 0   319.2 0   279.9 0   279.8 0   344.5 0   279.8 0   279.8 0     0.0 0     0.0 1     0.0 0   -25.2 0   -25.2 0     7.2 0   113.5 1     5.3 0    51.5 0   999.8 0
 2002 140  5 20 10  3 10.050  96.20    -4.9 0     0.2 0    -0.4 0     0.1 0   317.6 0   279.9 0   279.7 0   343.4 0   279.8 0   279.7 0     0.0 0     0.0 1     0.0 0   -25.8 0   -25.8 0     7.1 0    99.5 0     5.6 0    49.5 0   999.9 0
 2002 140  5 20 10  6 10.100  95.72    -5.0 0     0.2 0    -0.4 0     0.2 0   317.0 0   279.8 0   279.7 0   342.4 0   279.8 0   279.7 0     0.0 0     0.0 1     0.0 0   -25.4 0   -25.4 0     7.0 0    94.4 0     5.7 0    50.8 0   999.9 0
 2002 140  5 20 10  9 10.150  95.23    -5.0 0     0.2 0    -0.4 0     0.3 0   315.5 0   279.8 0   279.6 0   341.8 0   279.8 0   279.7 0     0.0 0     0.0 1     0.1 0   -26.3 0   -26.2 0     7.0 0    91.8 0     5.0 0    53.2 0  1000.0 0
 2002 140  5 20 10 12 10.200  94.74    -4.8 0     0.2 0    -0.5 0     0.4 0   312.5 0   279.7 0   279.5 0   341.2 0   279.7 0   279.6 0     0.0 0     0.0 1     0.2 0   -28.6 0   -28.4 0     7.2 0   110.9 1     5.1 0    52.1 0  1000.0 0
 2002 140  5 20 10 15 10.250  94.25    -4.6 0     0.2 0    -0.6 0     0.4 0   309.2 0   279.6 0   279.5 0   340.2 0   279.7 0   279.6 0     0.0 0     0.0 1     0.3 0   -31.1 0   -30.8 0     7.0 0    87.1 0     5.1 0    54.0 0  1000.0 0
 2002 140  5 20 10 18 10.300  93.75    -4.5 0     0.2 0    -0.7 0     0.6 0   305.7 0   279.6 0   279.4 0   339.6 0   279.6 0   279.6 0     0.0 0     0.1 1     0.4 0   -34.0 0   -33.6 0     6.9 0    88.0 0     4.5 0    56.0 0  1000.0 0
 2002 140  5 20 10 21 10.350  93.25    -4.4 0     0.2 0    -0.7 0     0.7 0   301.5 0   279.5 0   279.3 0   339.2 0   279.6 0   279.5 0     0.0 0     0.1 1     0.5 0   -37.6 0   -37.2 0     7.1 0   105.4 1     5.0 0    54.0 0  1000.0 0
 2002 140  5 20 10 24 10.400  92.75    -4.4 0     0.2 0    -1.0 0     0.6 0   294.2 0   279.4 0   279.2 0   338.4 0   279.6 0   279.5 0     0.0 0     0.2 1     0.4 0   -44.2 0   -43.8 0     7.2 0   111.1 1     5.1 0    55.4 0  1000.1 0
 2002 140  5 20 10 27 10.450  92.25    -4.2 0     0.3 0    -1.0 0     0.8 0   291.0 0   279.3 0   279.1 0   337.8 0   279.5 0   279.4 0     0.0 0     0.3 1     0.5 0   -46.9 0   -46.4 0     7.3 0   123.0 1     4.9 0    56.3 0  1000.1 0
 2002 140  5 20 10 30 10.500  91.74    -4.0 0     0.4 0    -1.0 0     1.3 0   292.1 0   279.2 0   279.1 0   337.4 0   279.5 0   279.4 0     0.0 0     0.5 1     1.0 0   -45.3 0   -44.3 0     7.3 0   129.3 1     4.3 0    54.5 0  1000.2 0
 2002 140  5 20 10 33 10.550  91.24    -3.4 0     0.4 0    -1.0 0     2.0 0   292.4 0   279.1 0   279.0 0   337.3 0   279.4 0   279.3 0     0.0 0     0.7 1     1.5 0   -44.9 0   -43.3 0     7.0 0   104.5 1     4.4 0    54.5 0  1000.2 0
 2002 140  5 20 10 36 10.600  89.97    -2.7 0     0.6 0    -0.7 0     2.5 0   291.1 0   279.1 0   278.9 0   337.2 0   279.4 0   279.3 0     0.3 0     0.9 1     1.9 0   -46.1 0   -44.2 0     6.9 0   106.4 1     4.4 0    57.9 0  1000.3 0
 2002 140  5 20 10 39 10.650  89.61    -1.6 0     0.9 0    -0.5 0     3.4 0   286.8 0   279.0 0   278.9 0   337.0 0   279.3 0   279.3 0     0.3 0     1.2 1     2.5 0   -50.3 0   -47.8 0     6.9 0   104.4 1     4.7 0    55.1 0  1000.3 0
 2002 140  5 20 10 42 10.700  89.20     0.2 0     1.4 0    -0.1 0     5.1 0   282.4 0   278.9 0   278.8 0   336.7 0   279.3 0   279.2 0     0.4 0     1.6 1     3.8 0   -54.3 0   -50.5 0     6.7 0    89.0 0     4.8 0    54.1 0  1000.4 0
 2002 140  5 20 10 45 10.750  88.76     2.2 0     2.4 0     0.7 0     7.2 0   279.8 0   278.9 0   278.7 0   336.2 0   279.3 0   279.2 0     0.5 0     2.1 1     4.8 0   -56.4 0   -51.6 0     7.0 0   118.9 1     4.7 0    54.3 0  1000.4 0
 2002 140  5 20 10 48 10.800  88.31     4.5 0     3.6 0     4.6 0     9.7 0   279.1 0   278.8 0   278.7 0   336.2 0   279.2 0   279.2 0     0.6 0     2.6 1     6.3 0   -57.2 0   -50.9 0     7.0 0   120.1 1     4.7 0    55.7 0  1000.4 0
 2002 140  5 20 10 51 10.850  87.84     8.0 0     4.8 0    43.7 0    13.0 0   278.5 0   278.8 0   278.6 0   335.9 0   279.2 0   279.2 0     0.7 0     3.6 1     9.9 0   -57.5 0   -47.6 0     6.9 0   120.2 1     4.5 0    56.2 0  1000.4 0
 2002 140  5 20 10 54 10.900  87.35    13.1 0     8.4 0   148.8 0    16.4 0   274.9 0   278.7 0   278.6 0   335.6 0   279.2 0   279.2 0     0.8 0     4.7 1    14.9 0   -60.7 0   -45.8 0     6.9 0   118.6 1     3.8 0    51.9 0  1000.4 0
 2002 140  5 20 10 57 10.950  86.86    18.2 0     9.9 0   154.9 0    19.1 0   271.0 0   278.7 0   278.6 0   335.5 0   279.2 0   279.2 0     0.9 0     5.7 1    17.6 0   -64.5 0   -46.9 0     6.6 0   104.3 1     3.9 0    50.8 0  1000.5 0
 2002 140  5 20 11  0 11.000  86.36    22.1 0    10.1 0   133.5 0    21.3 0   268.7 0   278.7 0   278.5 0   335.5 0   279.1 0   279.1 0     1.0 0     6.5 1    19.7 0   -66.8 0   -47.1 0     6.6 0   111.5 1     3.8 0    51.3 0  1000.5 0
 2002 140  5 20 11  3 11.050  85.85    29.9 0    13.7 0   207.5 0    22.9 0   267.8 0   278.7 0   278.5 0   336.1 0   279.1 0   279.1 0     1.1 0     7.8 1    24.2 0   -68.2 0   -44.0 0     6.5 0   101.7 1     4.3 0    52.7 0  1000.6 0
 2002 140  5 20 11  6 11.100  85.34    26.0 0    10.6 0   120.6 0    24.0 0   267.0 0   278.7 0   278.6 0   336.3 0   279.1 0   279.1 0     1.2 0     7.9 1    23.2 0   -69.3 0   -46.1 0     6.6 0   102.3 1     4.9 0    54.3 0  1000.6 0
 2002 140  5 20 11  9 11.150  84.82    19.7 0     5.9 0     3.9 0    25.4 0   266.3 0   278.7 0   278.6 0   335.6 0   279.1 0   279.0 0     1.3 0     7.7 1    19.9 0   -69.3 0   -49.4 0     6.5 0   102.0 1     4.2 0    51.7 0  1000.6 0
 2002 140  5 20 11 12 11.200  84.30    32.1 0    11.7 0    94.3 0    29.5 0   267.8 0   278.6 0   278.5 0   335.5 0   279.0 0   279.0 0     1.5 0     9.9 1    27.2 0   -67.7 0   -40.6 0     6.5 0   108.9 1     3.8 0    46.9 0  1000.7 0
 2002 140  5 20 11 15 11.250  83.78    37.6 0    13.4 0   104.5 0    33.9 0   271.9 0   278.6 0   278.5 0   336.4 0   279.0 0   279.0 0     1.6 0    11.2 1    31.9 0   -64.5 0   -32.7 0     6.4 0   109.9 1     4.3 0    45.1 0  1000.7 0
 2002 140  5 20 11 18 11.300  83.25    54.9 0    21.7 0   221.9 0    38.2 0   274.7 0   278.6 0   278.5 0   337.4 0   279.0 0   279.0 0     1.8 0    14.6 1    42.6 0   -62.7 0   -20.1 0     6.4 0   111.4 1     4.0 0    44.7 0  1000.7 0
 2002 140  5 20 11 21 11.350  82.72    44.7 0    14.8 0    82.4 0    41.9 0   276.9 0   278.7 0   278.6 0   337.7 0   279.0 0   278.9 0     1.9 0    13.4 1    37.6 0   -60.9 0   -23.3 0     6.5 0   120.2 1     4.5 0    44.6 0  1000.7 0
 2002 140  5 20 11 24 11.400  82.19    45.9 0    13.5 0    25.9 0    48.4 0   283.5 0   278.7 0   278.7 0   338.1 0   279.0 0   278.9 0     2.1 0    14.0 1    38.5 0   -54.6 0   -16.2 0     6.6 0   121.3 1     4.4 0    45.1 0  1000.8 0
 2002 140  5 20 11 27 11.450  81.65    49.2 0    13.4 0     4.0 0    53.9 0   289.0 0   278.8 0   278.7 0   338.8 0   279.0 0   278.9 0     2.2 0    14.9 1    41.1 0   -49.7 0    -8.7 0     6.4 0   105.3 1     4.4 0    45.7 0  1000.8 0
 2002 140  5 20 11 30 11.500  81.12    50.0 0    13.5 0     1.6 0    55.2 0   290.3 0   278.8 0   278.8 0   339.2 0   279.0 0   278.9 0     2.4 0    15.2 1    41.9 0   -48.9 0    -7.0 0     6.5 0   113.7 1     4.5 0    44.5 0  1000.8 0
 2002 140  5 20 11 33 11.550  80.58    50.5 0    13.5 0     1.6 0    55.4 0   291.7 0   278.9 0   278.8 0   339.4 0   279.0 0   278.9 0     2.6 0    15.3 1    42.2 0   -47.7 0    -5.6 0     6.7 0   127.2 1     4.4 0    44.5 0  1000.8 0
 2002 140  5 20 11 36 11.600  80.04    53.3 0    14.2 0     1.0 0    58.1 0   292.3 0   278.9 0   278.9 0   339.7 0   279.0 0   278.9 0     2.7 0    16.1 1    44.0 0   -47.4 0    -3.4 0     6.6 0   125.3 1     4.6 0    45.4 0  1000.8 0
 2002 140  5 20 11 39 11.650  79.49    60.4 0    16.3 0     7.7 0    63.5 0   291.7 0   278.9 0   278.9 0   340.0 0   279.0 0   279.0 0     3.0 0    17.8 1    48.7 0   -48.3 0     0.4 0     6.6 0   120.7 1     4.5 0    44.1 0  1000.9 0
 2002 140  5 20 11 42 11.700  78.95    68.4 0    18.4 0     9.8 0    71.1 0   295.5 0   279.0 0   279.0 0   340.6 0   279.0 0   279.0 0     3.2 0    19.9 1    54.6 0   -45.1 0     9.4 0     6.5 0   115.8 1     4.5 0    46.2 0  1000.9 0
 2002 140  5 20 11 45 11.750  78.40    74.3 0    19.7 0    15.0 0    75.4 0   302.1 0   279.0 0   279.1 0   341.3 0   279.0 0   279.0 0     3.3 0    21.3 1    58.7 0   -39.2 0    19.5 0     6.6 0   112.8 1     4.9 0    48.2 0  1001.0 0
 2002 140  5 20 11 48 11.800  77.85    72.5 0    19.2 0     1.2 0    76.5 0   305.7 0   279.1 0   279.2 0   341.8 0   279.1 0   279.0 0     3.4 0    21.0 1    57.6 0   -36.0 0    21.6 0     6.8 0   124.2 1     4.5 0    44.6 0  1001.0 0
 2002 140  5 20 11 51 11.850  77.31    74.6 0    19.7 0     1.1 0    78.3 0   307.7 0   279.2 0   279.2 0   342.2 0   279.1 0   279.1 0     3.5 0    21.6 1    58.8 0   -34.5 0    24.2 0     6.6 0   113.9 1     4.7 0    45.4 0  1001.1 0
 2002 140  5 20 11 54 11.900  76.75    80.0 0    21.2 0     2.3 0    83.2 0   307.9 0   279.3 0   279.3 0   342.2 0   279.1 0   279.1 0     3.8 0    23.1 1    62.5 0   -34.3 0    28.2 0     6.7 0   117.0 1     5.3 0    45.3 0  1001.1 0
 2002 140  5 20 11 57 11.950  76.20    88.6 0    23.4 0     2.3 0    91.3 0   306.6 0   279.3 0   279.4 0   342.3 0   279.1 0   279.1 0     4.2 0    25.4 1    68.4 0   -35.8 0    32.7 0     6.6 0   115.5 1     5.6 0    47.1 0  1001.1 0
 2002 140  5 20 12  0 12.000  75.65    97.5 0    25.5 0     1.8 0   100.0 0   305.2 0   279.4 0   279.4 0   342.8 0   279.2 0   279.2 0     4.7 0    27.8 1    74.9 0   -37.5 0    37.3 0     6.7 0   115.7 1     5.3 0    49.7 0  1001.1 0
 2002 140  5 20 12  3 12.050  75.09   110.1 0    28.7 0     2.3 0   112.2 0   304.7 0   279.5 0   279.5 0   343.4 0   279.2 0   279.2 0     5.2 0    31.2 1    84.0 0   -38.7 0    45.4 0     6.7 0   117.3 1     5.2 0    49.2 0  1001.1 0
 2002 140  5 20 12  6 12.100  74.54   122.2 0    31.9 0     5.4 0   123.5 0   305.1 0   279.6 0   279.7 0   344.1 0   279.2 0   279.3 0     5.6 0    34.5 1    93.0 0   -39.0 0    54.0 0     6.8 0   114.7 1     5.5 0    47.8 0  1001.2 0
 2002 140  5 20 12  9 12.150  73.98   124.3 0    32.4 0     6.1 0   125.6 0   304.9 0   279.7 0   279.7 0   344.2 0   279.3 0   279.3 0     6.0 0    35.3 1    94.9 0   -39.3 0    55.6 0     6.8 0   111.8 1     5.7 0    47.3 0  1001.2 0
 2002 140  5 20 12 12 12.200  73.42   129.5 0    33.7 0     4.1 0   131.0 0   304.2 0   279.8 0   279.8 0   344.5 0   279.3 0   279.4 0     6.4 0    36.7 1    98.4 0   -40.4 0    58.0 0     6.8 0   112.9 1     5.5 0    48.4 0  1001.3 0
 2002 140  5 20 12 15 12.250  72.86   145.5 0    38.0 0     7.1 0   145.9 0   302.5 0   279.9 0   280.0 0   345.4 0   279.4 0   279.4 0     7.1 0    41.0 1   110.1 0   -42.8 0    67.2 0     6.9 0   111.7 1     4.9 0    44.5 0  1001.3 0
 2002 140  5 20 12 18 12.300  72.30   159.6 0    41.7 0     7.0 0   159.9 0   299.6 0   280.0 0   280.1 0   345.9 0   279.5 0   279.5 0     8.0 0    44.7 1   120.3 0   -46.3 0    74.0 0     6.9 0   113.7 1     5.3 0    45.8 0  1001.3 0
 2002 140  5 20 12 21 12.350  71.74   169.8 0    44.5 0     6.9 0   170.0 0   295.7 0   280.1 0   280.2 0   346.3 0   279.5 0   279.6 0     8.7 0    47.5 1   127.7 0   -50.6 0    77.1 0     6.9 0   112.9 1     5.5 0    43.9 0  1001.3 0
 2002 140  5 20 12 24 12.400  71.18   202.1 0    54.8 0    63.3 0   185.3 0   292.0 0   280.2 0   280.3 0   346.7 0   279.6 0   279.6 0     9.7 0    56.2 1   150.9 0   -54.7 0    96.2 0     6.9 0   111.5 1     5.8 0    47.8 0  1001.4 0
 2002 140  5 20 12 27 12.450  70.61   199.8 0    53.9 0    37.4 0   191.6 0   287.4 0   280.4 0   280.5 0   347.7 0   279.7 0   279.8 0    10.4 0    55.6 1   150.1 0   -60.4 0    89.7 0     7.1 0   117.8 1     5.7 0    52.7 0  1001.4 0
 2002 140  5 20 12 30 12.500  70.05   190.8 0    51.0 0    14.7 0   190.7 0   281.3 0   280.5 0   280.6 0   347.6 0   279.7 0   279.8 0    11.0 0    54.0 1   144.7 0   -66.3 0    78.4 0     7.2 0   120.0 1     4.4 0    51.7 0  1001.4 0
 2002 140  5 20 12 33 12.550  69.49   200.5 0    53.7 0    30.9 0   194.4 0   278.5 0   280.6 0   280.6 0   347.3 0   279.8 0   279.9 0    11.8 0    56.9 1   151.5 0   -68.7 0    82.8 0     7.2 0   114.4 1     6.1 0    53.1 0  1001.4 0
 2002 140  5 20 12 36 12.600  68.92   219.0 0    58.9 0    57.9 0   202.5 0   281.7 0   280.7 0   280.8 0   347.9 0   279.9 0   280.0 0    12.5 0    61.5 1   164.4 0   -66.1 0    98.3 0     7.2 0   111.1 1     5.7 0    50.4 0  1001.5 0
 2002 140  5 20 12 39 12.650  68.35   243.2 0    64.6 0    74.7 0   218.7 0   285.1 0   280.8 0   280.9 0   348.9 0   279.9 0   280.1 0    13.4 0    67.8 1   181.6 0   -63.8 0   117.8 0     7.2 0   108.6 1     5.8 0    49.0 0  1001.5 0
 2002 140  5 20 12 42 12.700  67.79   273.8 0    74.1 0   107.8 0   236.3 0   287.0 0   281.0 0   281.1 0   351.0 0   280.0 0   280.2 0    14.4 0    75.9 1   202.9 0   -64.0 0   138.9 0     7.4 0   110.4 1     5.4 0    49.9 0  1001.6 0
 2002 140  5 20 12 45 12.750  67.22   278.2 0    76.2 0    99.2 0   243.7 0   287.9 0   281.2 0   281.3 0   351.2 0   280.1 0   280.3 0    15.2 0    77.1 1   205.9 0   -63.3 0   142.6 0     7.4 0   110.7 1     5.7 0    50.8 0  1001.6 0
 2002 140  5 20 12 48 12.800  66.65   319.6 0    87.8 0   171.3 0   256.2 0   286.4 0   281.3 0   281.5 0   352.8 0   280.2 0   280.4 0    16.4 0    87.8 1   236.2 0   -66.4 0   169.8 0     7.6 0   116.2 1     5.1 0    50.6 0  1001.6 0
 2002 140  5 20 12 51 12.850  66.08   412.8 0   117.5 0   412.5 0   252.8 0   282.5 0   281.6 0   281.8 0   357.4 0   280.4 0   280.7 0    18.4 0   109.9 1   302.6 0   -74.8 0   227.7 0     7.9 0   117.7 1     5.3 0    51.6 0  1001.6 0
 2002 140  5 20 12 54 12.900  65.51   261.3 0    70.0 0   117.8 0   220.5 0   273.7 0   281.9 0   281.9 0   353.0 0   280.6 0   280.8 0    18.2 0    75.4 1   199.4 0   -79.4 0   120.0 0     8.0 0   118.2 1     5.5 0    63.1 0  1001.5 0
 2002 140  5 20 12 57 12.950  64.94   369.1 0   108.0 0   407.2 0   207.7 0   270.5 0   282.0 0   282.0 0   354.6 0   280.7 0   280.9 0    20.1 0   101.9 1   272.1 0   -84.1 0   188.0 0     8.0 0   119.6 1     5.8 0    52.6 0  1001.5 0
 2002 140  5 20 13  0 13.000  64.37   294.6 0    75.7 0   150.3 0   233.0 0   273.9 0   282.2 0   282.2 0   354.6 0   280.8 0   281.0 0    20.2 0    82.8 1   222.3 0   -80.8 0   141.5 0     8.2 0   122.8 1     5.5 0    49.7 0  1001.5 0
