 Bondville
   40.05  -88.37  213 m version 1
 1997 171  6 20  0  0  0.000  75.76   205.6 0    59.1 0 -9999.9 1 -9999.9 1   412.4 0   309.2 0   308.8 0   469.1 0   304.5 0   304.6 0     8.2 0    97.9 0   146.5 0   -56.7 0    89.8 0    30.8 0    48.7 0     5.8 0 -9999.9 1   985.5 0
 1997 171  6 20 16 27 16.450  25.13   860.8 0   162.7 0 -9999.9 1 -9999.9 1   412.2 0   310.2 0   310.6 0   485.8 0   303.9 0   304.2 0   182.5 0   383.7 0   698.1 0   -73.6 0   624.5 0    29.6 0    70.2 0     9.0 0 -9999.9 1   985.2 0
 1997 171  6 20 16 30 16.500  24.66   853.6 0   160.4 0 -9999.9 1 -9999.9 1   412.9 0   310.4 0   310.8 0   487.8 0   304.0 0   304.3 0   182.3 0   379.6 0   693.2 0   -74.8 0   618.4 0    29.6 0    70.1 0     8.4 0 -9999.9 1   985.3 0
 1997 171  6 20 16 33 16.550  24.20   806.9 0   153.0 0 -9999.9 1 -9999.9 1   413.0 0   310.5 0   310.8 0   486.8 0   304.1 0   304.4 0   175.7 0   359.9 0   653.9 0   -73.8 0   580.1 0    29.7 0    70.0 0     9.0 0 -9999.9 1   985.3 0
 1997 171  6 20 16 36 16.600  23.74   822.5 0   155.6 0 -9999.9 1 -9999.9 1   414.2 0   310.6 0   310.9 0   488.2 0   304.2 0   304.5 0   177.4 0   367.2 0   666.9 0   -74.1 0   592.8 0    29.8 0    70.0 0     8.4 0 -9999.9 1   985.3 0
 1997 171  6 20 16 39 16.650  23.30   782.2 0   149.3 0 -9999.9 1 -9999.9 1   413.0 0   310.7 0   310.9 0   486.6 0   304.2 0   304.5 0   171.4 0   349.1 0   632.9 0   -73.6 0   559.3 0    29.8 0    69.6 0     9.0 0 -9999.9 1   985.2 0
 1997 171  6 20 16 42 16.700  22.86   750.8 0   144.7 0 -9999.9 1 -9999.9 1   412.5 0   310.8 0   310.9 0   485.2 0   304.3 0   304.5 0   166.0 0   335.4 0   606.1 0   -72.7 0   533.4 0    29.8 0    69.5 0     9.2 0 -9999.9 1   985.3 0
 1997 171  6 20 16 45 16.750  22.43   748.4 0   143.8 0 -9999.9 1 -9999.9 1   414.6 0   310.8 0   311.0 0   486.5 0   304.2 0   304.5 0   164.9 0   334.8 0   604.6 0   -71.9 0   532.7 0    29.8 0    69.7 0     7.9 0 -9999.9 1   985.4 0
 1997 171  6 20 16 48 16.800  22.01   769.6 0   147.1 0 -9999.9 1 -9999.9 1   415.3 0   310.8 0   311.0 0   487.5 0   304.3 0   304.6 0   168.3 0   343.0 0   622.5 0   -72.2 0   550.3 0    29.9 0    69.5 0     8.3 0 -9999.9 1   985.4 0
 1997 171  6 20 16 51 16.850  21.60   706.7 0   137.2 0 -9999.9 1 -9999.9 1   413.3 0   310.9 0   311.0 0   484.8 0   304.3 0   304.5 0   159.8 0   315.8 0   569.5 0   -71.5 0   498.0 0    29.8 0    69.3 0     9.0 0 -9999.9 1   985.3 0
 1997 171  6 20 16 54 16.900  21.21   628.2 0   123.4 0 -9999.9 1 -9999.9 1   413.2 0   310.9 0   310.8 0   483.1 0   304.3 0   304.5 0   148.7 0   282.3 0   504.8 0   -69.8 0   435.0 0    29.8 0    69.6 0     9.0 0 -9999.9 1   985.2 0
 1997 171  6 20 16 57 16.950  20.82   654.0 0   128.0 0 -9999.9 1 -9999.9 1   414.5 0   310.8 0   310.8 0   483.9 0   304.3 0   304.5 0   152.9 0   294.9 0   526.0 0   -69.5 0   456.5 0    30.0 0    69.5 0     8.6 0 -9999.9 1   985.2 0
 1997 171  6 20 17  0 17.000  20.44   716.1 0   138.0 0 -9999.9 1 -9999.9 1   416.2 0   310.8 0   311.1 0   486.8 0   304.3 0   304.6 0   162.3 0   321.4 0   578.1 0   -70.6 0   507.5 0    30.1 0    69.3 0     7.2 0 -9999.9 1   985.2 0
 1997 171  6 20 17  3 17.050  20.08   744.4 0   143.1 0 -9999.9 1 -9999.9 1   416.8 0   310.9 0   311.1 0   488.0 0   304.4 0   304.7 0   167.0 0   333.7 0   601.3 0   -71.2 0   530.1 0    30.1 0    69.3 0     7.4 0 -9999.9 1   985.1 0
 1997 171  6 20 17  6 17.100  19.73   803.6 0   154.3 0 -9999.9 1 -9999.9 1   417.7 0   311.0 0   311.3 0   488.3 0   304.5 0   304.8 0   175.6 0   358.5 0   649.3 0   -70.5 0   578.8 0    30.1 0    68.8 0     8.8 0 -9999.9 1   985.1 0
 1997 171  6 20 17  9 17.150  19.40   742.0 0   142.9 0 -9999.9 1 -9999.9 1   419.3 0   311.1 0   311.4 0   489.5 0   304.6 0   304.9 0   165.8 0   331.8 0   599.1 0   -70.1 0   529.0 0    30.2 0    69.1 0     7.7 0 -9999.9 1   985.1 0
 1997 171  6 20 17 12 17.200  19.08   684.2 0   132.8 0 -9999.9 1 -9999.9 1   418.9 0   311.2 0   311.3 0   487.7 0   304.7 0   304.9 0   156.0 0   307.3 0   551.4 0   -68.8 0   482.6 0    30.4 0    68.7 0     8.3 0 -9999.9 1   985.0 0
 1997 171  6 20 17 15 17.250  18.78   668.8 0   131.4 0 -9999.9 1 -9999.9 1   418.0 0   311.2 0   311.2 0   485.8 0   304.7 0   304.9 0   153.0 0   301.3 0   537.4 0   -67.8 0   469.6 0    30.3 0    68.2 0     8.3 0 -9999.9 1   984.9 0
 1997 171  6 20 17 18 17.300  18.49   666.8 0   130.6 0 -9999.9 1 -9999.9 1   419.7 0   311.2 0   311.3 0   487.3 0   304.7 0   305.0 0   151.6 0   300.1 0   536.2 0   -67.6 0   468.6 0    30.3 0    68.4 0     6.9 0 -9999.9 1   984.8 0
 1997 171  6 20 17 21 17.350  18.22   670.2 0   131.2 0 -9999.9 1 -9999.9 1   419.0 0   311.2 0   311.3 0   486.7 0   304.8 0   305.0 0   152.5 0   302.0 0   539.0 0   -67.7 0   471.3 0    30.3 0    68.0 0     8.3 0 -9999.9 1   984.9 0
 1997 171  6 20 17 24 17.400  17.97   635.2 0   125.7 0 -9999.9 1 -9999.9 1   420.2 0   311.2 0   311.2 0   486.0 0   304.8 0   305.0 0   146.5 0   287.1 0   509.5 0   -65.7 0   443.8 0    30.4 0    67.8 0     8.2 0 -9999.9 1   985.0 0
 1997 171  6 20 17 27 17.450  17.74   642.2 0   127.3 0 -9999.9 1 -9999.9 1   421.0 0   311.2 0   311.2 0   485.5 0   304.8 0   305.0 0   147.2 0   290.2 0   514.9 0   -64.5 0   450.4 0    30.3 0    67.7 0     8.0 0 -9999.9 1   985.0 0
 1997 171  6 20 17 30 17.500  17.53   640.3 0   126.1 0 -9999.9 1 -9999.9 1   421.8 0   311.2 0   311.3 0   487.0 0   304.8 0   305.1 0   147.3 0   289.5 0   514.2 0   -65.3 0   448.9 0    30.6 0    67.5 0     7.7 0 -9999.9 1   985.0 0
 1997 171  6 20 17 33 17.550  17.34   618.9 0   122.9 0 -9999.9 1 -9999.9 1   421.9 0   311.2 0   311.3 0   485.8 0   304.9 0   305.1 0   143.6 0   279.8 0   496.0 0   -63.8 0   432.2 0    30.6 0    66.9 0     8.4 0 -9999.9 1   985.0 0
 1997 171  6 20 17 36 17.600  17.16   629.1 0   124.4 0 -9999.9 1 -9999.9 1   422.7 0   311.2 0   311.2 0   486.5 0   304.9 0   305.2 0   146.0 0   284.8 0   504.7 0   -63.8 0   440.9 0    30.7 0    66.9 0     7.7 0 -9999.9 1   985.0 0
 1997 171  6 20 17 39 17.650  17.02   657.6 0   129.3 0 -9999.9 1 -9999.9 1   423.6 0   311.2 0   311.3 0   487.2 0   305.0 0   305.2 0   150.6 0   297.1 0   528.3 0   -63.6 0   464.7 0    30.7 0    66.4 0     7.5 0 -9999.9 1   985.0 0
 1997 171  6 20 17 42 17.700  16.89   663.4 0   129.0 0 -9999.9 1 -9999.9 1   424.2 0   311.3 0   311.4 0   489.1 0   305.1 0   305.3 0   152.1 0   299.5 0   534.4 0   -65.0 0   469.4 0    30.8 0    66.7 0     6.8 0 -9999.9 1   984.9 0
 1997 171  6 20 17 45 17.750  16.79   623.1 0   123.1 0 -9999.9 1 -9999.9 1   423.0 0   311.3 0   311.4 0   486.4 0   305.1 0   305.3 0   144.9 0   282.0 0   500.0 0   -63.3 0   436.7 0    30.8 0    66.0 0     7.9 0 -9999.9 1   984.9 0
 1997 171  6 20 17 48 17.800  16.71   609.3 0   121.4 0 -9999.9 1 -9999.9 1   422.1 0   311.3 0   311.3 0   484.9 0   305.1 0   305.3 0   141.3 0   275.9 0   487.9 0   -62.8 0   425.1 0    30.7 0    65.9 0     8.8 0 -9999.9 1   984.8 0
 1997 171  6 20 17 51 17.850  16.65   577.7 0   115.5 0 -9999.9 1 -9999.9 1   421.6 0   311.3 0   311.2 0   484.3 0   305.0 0   305.2 0   135.6 0   262.3 0   462.2 0   -62.7 0   399.5 0    30.6 0    65.6 0     7.4 0 -9999.9 1   984.8 0
 1997 171  6 20 17 54 17.900  16.62   534.4 0   107.7 0 -9999.9 1 -9999.9 1   422.1 0   311.2 0   311.2 0   484.0 0   305.0 0   305.2 0   126.7 0   243.3 0   426.7 0   -61.9 0   364.8 0    30.7 0    65.7 0     7.9 0 -9999.9 1   984.7 0
 1997 171  6 20 17 57 17.950  16.61   525.8 0   106.6 0 -9999.9 1 -9999.9 1   421.1 0   311.2 0   310.9 0   483.0 0   305.0 0   305.2 0   125.2 0   240.2 0   419.2 0   -61.9 0   357.3 0    30.7 0    65.6 0     8.0 0 -9999.9 1   984.8 0
 1997 171  6 20 18  0 18.000  16.62   512.9 0   104.1 0 -9999.9 1 -9999.9 1   421.3 0   311.1 0   310.9 0   482.5 0   305.0 0   305.2 0   122.3 0   234.9 0   408.8 0   -61.2 0   347.6 0    30.7 0    64.9 0     7.7 0 -9999.9 1   985.0 0
 1997 171  6 20 18  3 18.050  16.66   523.2 0   106.4 0 -9999.9 1 -9999.9 1   421.7 0   311.0 0   310.7 0   481.9 0   304.9 0   305.1 0   123.6 0   239.9 0   416.8 0   -60.2 0   356.6 0    30.7 0    64.6 0     8.7 0 -9999.9 1   985.0 0
 1997 171  6 20 18  6 18.100  16.73   516.9 0   105.9 0 -9999.9 1 -9999.9 1   421.0 0   310.9 0   310.7 0   480.9 0   304.9 0   305.0 0   122.6 0   237.5 0   411.0 0   -60.0 0   351.0 0    30.6 0    64.4 0     9.1 0 -9999.9 1   985.0 0
 1997 171  6 20 18  9 18.150  16.81   505.5 0   103.9 0 -9999.9 1 -9999.9 1   422.1 0   310.8 0   310.6 0   481.3 0   304.8 0   305.0 0   119.7 0   232.5 0   401.6 0   -59.3 0   342.3 0    30.6 0    64.6 0     8.6 0 -9999.9 1   985.0 0
 1997 171  6 20 18 12 18.200  16.92   486.6 0   100.5 0 -9999.9 1 -9999.9 1   422.0 0   310.7 0   310.5 0   480.7 0   304.8 0   305.0 0   116.2 0   224.5 0   386.1 0   -58.7 0   327.4 0    30.6 0    64.5 0     8.0 0 -9999.9 1   985.0 0
 1997 171  6 20 18 15 18.250  17.06   478.6 0    99.1 0 -9999.9 1 -9999.9 1   422.3 0   310.6 0   310.5 0   480.4 0   304.8 0   304.9 0   114.1 0   221.1 0   379.5 0   -58.1 0   321.4 0    30.6 0    64.3 0     8.2 0 -9999.9 1   985.0 0
 1997 171  6 20 18 18 18.300  17.21   468.7 0    97.5 0 -9999.9 1 -9999.9 1   423.0 0   310.6 0   310.4 0   479.7 0   304.8 0   304.9 0   111.4 0   216.8 0   371.2 0   -56.7 0   314.5 0    30.6 0    64.0 0     8.4 0 -9999.9 1   985.0 0
 1997 171  6 20 18 21 18.350  17.39   461.9 0    96.2 0 -9999.9 1 -9999.9 1   423.3 0   310.5 0   310.3 0   479.5 0   304.8 0   304.9 0   109.5 0   213.9 0   365.7 0   -56.2 0   309.5 0    30.7 0    63.6 0     8.8 0 -9999.9 1   984.9 0
 1997 171  6 20 18 24 18.400  17.58   453.0 0    94.8 0 -9999.9 1 -9999.9 1   422.8 0   310.5 0   310.1 0   478.9 0   304.7 0   304.9 0   107.7 0   210.2 0   358.2 0   -56.1 0   302.1 0    30.6 0    63.9 0     9.3 0 -9999.9 1   984.8 0
 1997 171  6 20 18 27 18.450  17.80   439.7 0    92.6 0 -9999.9 1 -9999.9 1   422.2 0   310.4 0   310.1 0   478.1 0   304.7 0   304.8 0   105.1 0   204.7 0   347.1 0   -55.8 0   291.3 0    30.6 0    63.8 0     8.8 0 -9999.9 1   984.7 0
 1997 171  6 20 18 30 18.500  18.04   428.1 0    90.6 0 -9999.9 1 -9999.9 1   423.0 0   310.3 0   310.1 0   478.0 0   304.6 0   304.8 0   102.4 0   199.6 0   337.5 0   -54.9 0   282.6 0    30.5 0    63.9 0     8.8 0 -9999.9 1   984.6 0
 1997 171  6 20 18 33 18.550  18.30   417.1 0    88.2 0 -9999.9 1 -9999.9 1   423.5 0   310.3 0   310.0 0   477.7 0   304.6 0   304.8 0    99.7 0   194.8 0   328.9 0   -54.3 0   274.6 0    30.6 0    63.9 0     8.7 0 -9999.9 1   984.6 0
 1997 171  6 20 18 36 18.600  18.57   404.4 0    86.1 0 -9999.9 1 -9999.9 1   423.9 0   310.2 0   309.9 0   477.2 0   304.6 0   304.7 0    96.7 0   189.4 0   318.3 0   -53.4 0   264.9 0    30.6 0    63.9 0     9.1 0 -9999.9 1   984.6 0
 1997 171  6 20 18 39 18.650  18.86   395.3 0    83.8 0 -9999.9 1 -9999.9 1   425.0 0   310.1 0   309.9 0   477.7 0   304.6 0   304.7 0    94.7 0   185.5 0   311.5 0   -52.7 0   258.8 0    30.6 0    64.1 0     8.5 0 -9999.9 1   984.6 0
 1997 171  6 20 18 42 18.700  19.17   389.0 0    82.7 0 -9999.9 1 -9999.9 1   424.8 0   310.1 0   309.8 0   476.9 0   304.6 0   304.7 0    93.0 0   182.8 0   306.3 0   -52.1 0   254.2 0    30.5 0    63.9 0     7.9 0 -9999.9 1   984.6 0
 1997 171  6 20 18 45 18.750  19.49   385.5 0    82.2 0 -9999.9 1 -9999.9 1   424.9 0   310.0 0   309.7 0   476.8 0   304.6 0   304.7 0    91.9 0   181.3 0   303.3 0   -51.9 0   251.4 0    30.5 0    63.9 0     8.4 0 -9999.9 1   984.6 0
 1997 171  6 20 18 48 18.800  19.83   386.7 0    82.4 0 -9999.9 1 -9999.9 1   425.8 0   310.0 0   309.7 0   476.9 0   304.5 0   304.7 0    91.7 0   182.0 0   304.3 0   -51.1 0   253.2 0    30.6 0    63.8 0     8.3 0 -9999.9 1   984.6 0
 1997 171  6 20 18 51 18.850  20.18   390.3 0    83.3 0 -9999.9 1 -9999.9 1   425.2 0   309.9 0   309.6 0   475.9 0   304.5 0   304.7 0    92.4 0   183.8 0   307.0 0   -50.8 0   256.2 0    30.5 0    63.1 0     9.1 0 -9999.9 1   984.5 0
 1997 171  6 20 18 54 18.900  20.55   394.7 0    83.9 0 -9999.9 1 -9999.9 1   426.1 0   309.9 0   309.7 0   476.7 0   304.5 0   304.7 0    92.8 0   185.7 0   310.8 0   -50.5 0   260.3 0    30.6 0    63.1 0     8.7 0 -9999.9 1   984.5 0
 1997 171  6 20 18 57 18.950  20.93   396.6 0    84.3 0 -9999.9 1 -9999.9 1   426.1 0   309.9 0   309.5 0   476.1 0   304.5 0   304.7 0    92.8 0   186.4 0   312.3 0   -50.0 0   262.3 0    30.6 0    62.7 0     8.9 0 -9999.9 1   984.6 0
 1997 171  6 20 19  0 19.000  21.32   395.2 0    83.8 0 -9999.9 1 -9999.9 1   427.0 0   309.8 0   309.6 0   477.4 0   304.5 0   304.7 0    92.5 0   185.9 0   311.4 0   -50.4 0   261.0 0    30.6 0    63.2 0     7.8 0 -9999.9 1   984.6 0
 1997 171  6 20 19  3 19.050  21.72   399.1 0    84.5 0 -9999.9 1 -9999.9 1   427.6 0   309.8 0   309.6 0   477.3 0   304.6 0   304.7 0    92.8 0   187.4 0   314.6 0   -49.7 0   264.9 0    30.7 0    62.8 0     8.2 0 -9999.9 1   984.6 0
 1997 171  6 20 19  6 19.100  22.13   405.8 0    86.5 0 -9999.9 1 -9999.9 1   427.9 0   309.8 0   309.6 0   477.1 0   304.6 0   304.7 0    93.5 0   190.2 0   319.3 0   -49.3 0   270.0 0    30.7 0    62.6 0     9.3 0 -9999.9 1   984.6 0
 1997 171  6 20 19  9 19.150  22.55   410.6 0    87.5 0 -9999.9 1 -9999.9 1   428.0 0   309.9 0   309.6 0   476.7 0   304.6 0   304.7 0    94.3 0   192.3 0   323.1 0   -48.7 0   274.4 0    30.6 0    62.2 0     9.3 0 -9999.9 1   984.5 0
 1997 171  6 20 19 12 19.200  22.98   417.3 0    88.7 0 -9999.9 1 -9999.9 1   428.4 0   309.9 0   309.7 0   477.5 0   304.6 0   304.8 0    95.4 0   195.1 0   328.6 0   -49.0 0   279.6 0    30.8 0    62.2 0     8.8 0 -9999.9 1   984.5 0
 1997 171  6 20 19 15 19.250  23.42   427.5 0    90.5 0 -9999.9 1 -9999.9 1   428.3 0   309.9 0   309.8 0   477.9 0   304.7 0   304.8 0    97.1 0   199.4 0   337.0 0   -49.6 0   287.4 0    30.7 0    62.2 0     8.0 0 -9999.9 1   984.4 0
 1997 171  6 20 19 18 19.300  23.87   438.6 0    92.4 0 -9999.9 1 -9999.9 1   427.9 0   310.0 0   309.9 0   478.4 0   304.7 0   304.9 0    99.1 0   204.1 0   346.2 0   -50.5 0   295.7 0    30.7 0    62.1 0     8.4 0 -9999.9 1   984.4 0
 1997 171  6 20 19 21 19.350  24.33   456.9 0    96.4 0 -9999.9 1 -9999.9 1   427.3 0   310.0 0   309.9 0   478.5 0   304.7 0   304.9 0   102.0 0   212.2 0   360.5 0   -51.2 0   309.3 0    30.7 0    62.1 0     8.5 0 -9999.9 1   984.4 0
 1997 171  6 20 19 24 19.400  24.79   496.3 0   103.3 0 -9999.9 1 -9999.9 1   427.6 0   310.1 0   310.1 0   480.4 0   304.7 0   305.0 0   108.2 0   229.6 0   393.0 0   -52.8 0   340.2 0    30.8 0    62.1 0     8.2 0 -9999.9 1   984.5 0
 1997 171  6 20 19 27 19.450  25.26   542.7 0   112.4 0 -9999.9 1 -9999.9 1   426.5 0   310.2 0   310.1 0   480.6 0   304.8 0   305.0 0   115.9 0   250.1 0   430.3 0   -54.1 0   376.2 0    30.8 0    61.5 0     9.5 0 -9999.9 1   984.5 0
 1997 171  6 20 19 30 19.500  25.74   572.3 0   117.5 0 -9999.9 1 -9999.9 1   426.3 0   310.3 0   310.3 0   482.4 0   304.9 0   305.1 0   121.2 0   263.1 0   454.8 0   -56.2 0   398.6 0    30.9 0    61.4 0     8.7 0 -9999.9 1   984.6 0
 1997 171  6 20 19 33 19.550  26.22   581.6 0   119.2 0 -9999.9 1 -9999.9 1   425.4 0   310.4 0   310.5 0   482.6 0   304.9 0   305.1 0   122.4 0   266.8 0   462.4 0   -57.2 0   405.2 0    30.8 0    61.1 0     9.1 0 -9999.9 1   984.6 0
 1997 171  6 20 19 36 19.600  26.71   589.8 0   120.4 0 -9999.9 1 -9999.9 1   425.6 0   310.6 0   310.7 0   484.0 0   305.0 0   305.2 0   123.0 0   270.3 0   469.4 0   -58.3 0   411.1 0    31.0 0    61.2 0     8.6 0 -9999.9 1   984.7 0
 1997 171  6 20 19 39 19.650  27.21   595.0 0   121.6 0 -9999.9 1 -9999.9 1   424.7 0   310.7 0   310.8 0   483.3 0   305.1 0   305.3 0   122.8 0   272.3 0   473.4 0   -58.7 0   414.7 0    31.0 0    60.5 0     9.2 0 -9999.9 1   984.6 0
 1997 171  6 20 19 42 19.700  27.71   567.5 0   116.7 0 -9999.9 1 -9999.9 1   424.7 0   310.8 0   310.8 0   482.9 0   305.1 0   305.3 0   117.8 0   259.9 0   450.8 0   -58.1 0   392.7 0    30.9 0    60.6 0     9.5 0 -9999.9 1   984.7 0
 1997 171  6 20 19 45 19.750  28.21   525.7 0   107.8 0 -9999.9 1 -9999.9 1   425.9 0   310.9 0   310.8 0   483.8 0   305.1 0   305.4 0   111.0 0   241.8 0   417.9 0   -57.9 0   360.0 0    31.1 0    61.1 0     7.9 0 -9999.9 1   984.8 0
 1997 171  6 20 19 48 19.800  28.72   502.8 0   103.9 0 -9999.9 1 -9999.9 1   424.1 0   310.9 0   310.8 0   482.4 0   305.2 0   305.4 0   106.7 0   231.5 0   398.9 0   -58.3 0   340.6 0    31.1 0    60.9 0     8.7 0 -9999.9 1   984.8 0
 1997 171  6 20 19 51 19.850  29.23   475.6 0    99.4 0 -9999.9 1 -9999.9 1   423.1 0   310.9 0   310.7 0   480.5 0   305.2 0   305.3 0   102.5 0   219.6 0   376.2 0   -57.4 0   318.8 0    31.0 0    60.5 0     8.8 0 -9999.9 1   984.8 0
 1997 171  6 20 19 54 19.900  29.75   448.0 0    93.9 0 -9999.9 1 -9999.9 1   423.3 0   310.9 0   310.7 0   479.9 0   305.1 0   305.3 0    97.3 0   207.3 0   354.1 0   -56.6 0   297.5 0    31.0 0    60.4 0     8.7 0 -9999.9 1   984.8 0
 1997 171  6 20 19 57 19.950  30.27   437.9 0    92.5 0 -9999.9 1 -9999.9 1   423.2 0   310.8 0   310.5 0   478.8 0   305.1 0   305.2 0    94.4 0   202.8 0   345.4 0   -55.6 0   289.8 0    30.9 0    60.7 0     9.6 0 -9999.9 1   984.7 0
 1997 171  6 20 20  0 20.000  30.80   429.0 0    90.7 0 -9999.9 1 -9999.9 1   423.6 0   310.8 0   310.4 0   478.5 0   305.0 0   305.1 0    91.9 0   198.7 0   338.3 0   -54.9 0   283.4 0    30.8 0    61.0 0     9.2 0 -9999.9 1   984.6 0
 1997 171  6 20 20  3 20.050  31.33   412.1 0    86.8 0 -9999.9 1 -9999.9 1   423.6 0   310.7 0   310.4 0   479.2 0   305.0 0   305.1 0    88.5 0   190.9 0   325.3 0   -55.6 0   269.7 0    31.0 0    61.1 0     8.8 0 -9999.9 1   984.6 0
 1997 171  6 20 20  6 20.100  31.86   406.6 0    86.2 0 -9999.9 1 -9999.9 1   422.8 0   310.6 0   310.2 0   478.0 0   304.9 0   305.1 0    87.4 0   188.8 0   320.4 0   -55.2 0   265.2 0    30.9 0    60.7 0     9.7 0 -9999.9 1   984.5 0
 1997 171  6 20 20  9 20.150  32.39   401.0 0    84.7 0 -9999.9 1 -9999.9 1   423.1 0   310.5 0   310.2 0   477.7 0   304.9 0   305.0 0    85.8 0   186.4 0   316.3 0   -54.7 0   261.6 0    30.9 0    60.2 0     9.2 0 -9999.9 1   984.5 0
 1997 171  6 20 20 12 20.200  32.93   399.5 0    84.1 0 -9999.9 1 -9999.9 1   424.9 0   310.5 0   310.2 0   479.1 0   304.9 0   305.1 0    84.2 0   185.7 0   315.4 0   -54.2 0   261.2 0    31.0 0    61.1 0     8.6 0 -9999.9 1   984.5 0
 1997 171  6 20 20 15 20.250  33.47   396.7 0    83.6 0 -9999.9 1 -9999.9 1   424.6 0   310.4 0   310.2 0   478.7 0   304.9 0   305.1 0    82.7 0   184.1 0   313.1 0   -54.1 0   259.0 0    31.0 0    61.1 0     8.3 0 -9999.9 1   984.5 0
 1997 171  6 20 20 18 20.300  34.02   396.9 0    84.0 0 -9999.9 1 -9999.9 1   424.2 0   310.4 0   310.1 0   478.3 0   304.9 0   305.1 0    81.7 0   184.0 0   312.9 0   -54.1 0   258.8 0    30.9 0    62.1 0     9.1 0 -9999.9 1   984.5 0
 1997 171  6 20 20 21 20.350  34.56   395.2 0    83.8 0 -9999.9 1 -9999.9 1   424.6 0   310.3 0   310.1 0   478.2 0   304.9 0   305.0 0    81.0 0   183.2 0   311.4 0   -53.6 0   257.8 0    30.8 0    62.4 0     8.5 0 -9999.9 1   984.5 0
 1997 171  6 20 20 24 20.400  35.11   391.7 0    83.1 0 -9999.9 1 -9999.9 1   424.6 0   310.3 0   310.0 0   478.5 0   304.9 0   305.0 0    79.4 0   181.4 0   308.6 0   -53.9 0   254.7 0    30.9 0    62.6 0     9.2 0 -9999.9 1   984.5 0
 1997 171  6 20 20 27 20.450  35.66   393.5 0    84.3 0 -9999.9 1 -9999.9 1   424.6 0   310.3 0   310.0 0   478.3 0   304.8 0   305.0 0    79.2 0   183.7 0   309.2 0   -53.8 0   255.4 0    30.8 0    62.5 0     8.9 0 -9999.9 1   984.5 0
 1997 171  6 20 20 30 20.500  36.21   395.4 0    84.1 0 -9999.9 1 -9999.9 1   423.7 0   310.2 0   309.9 0   477.7 0   304.8 0   304.9 0    78.4 0   183.0 0   311.3 0   -54.0 0   257.3 0    30.8 0    62.2 0     9.7 0 -9999.9 1   984.4 0
 1997 171  6 20 20 33 20.550  36.76   381.8 0    81.9 0 -9999.9 1 -9999.9 1   423.6 0   310.2 0   309.8 0   477.3 0   304.8 0   304.9 0    76.2 0   177.0 0   299.9 0   -53.7 0   246.2 0    30.8 0    62.3 0    10.1 0 -9999.9 1   984.4 0
 1997 171  6 20 20 36 20.600  37.32   375.4 0    80.6 0 -9999.9 1 -9999.9 1   423.2 0   310.1 0   309.8 0   476.9 0   304.7 0   304.8 0    74.5 0   174.1 0   294.8 0   -53.7 0   241.1 0    30.7 0    62.5 0     9.1 0 -9999.9 1   984.3 0
 1997 171  6 20 20 39 20.650  37.88   366.2 0    78.7 0 -9999.9 1 -9999.9 1   422.9 0   310.1 0   309.7 0   476.9 0   304.7 0   304.8 0    72.7 0   170.0 0   287.5 0   -54.0 0   233.5 0    30.7 0    62.6 0     9.3 0 -9999.9 1   984.3 0
 1997 171  6 20 20 42 20.700  38.44   364.6 0    78.5 0 -9999.9 1 -9999.9 1   422.7 0   310.0 0   309.7 0   476.4 0   304.6 0   304.8 0    71.6 0   169.2 0   286.1 0   -53.7 0   232.4 0    30.7 0    62.6 0     8.7 0 -9999.9 1   984.4 0
 1997 171  6 20 20 45 20.750  39.00   363.0 0    78.3 0 -9999.9 1 -9999.9 1   422.0 0   310.0 0   309.6 0   476.4 0   304.6 0   304.7 0    70.7 0   168.4 0   284.7 0   -54.4 0   230.3 0    30.7 0    62.7 0     9.3 0 -9999.9 1   984.4 0
 1997 171  6 20 20 48 20.800  39.56   358.5 0    77.5 0 -9999.9 1 -9999.9 1   421.3 0   309.9 0   309.6 0   476.2 0   304.6 0   304.7 0    69.8 0   166.3 0   281.0 0   -54.9 0   226.1 0    30.7 0    62.2 0     9.6 0 -9999.9 1   984.5 0
 1997 171  6 20 20 51 20.850  40.12   353.9 0    76.6 0 -9999.9 1 -9999.9 1   421.2 0   309.9 0   309.5 0   475.7 0   304.6 0   304.7 0    68.6 0   164.1 0   277.3 0   -54.5 0   222.8 0    30.7 0    62.0 0     9.4 0 -9999.9 1   984.5 0
 1997 171  6 20 20 54 20.900  40.68   342.6 0    74.2 0 -9999.9 1 -9999.9 1   421.1 0   309.8 0   309.5 0   475.9 0   304.6 0   304.7 0    66.9 0   159.1 0   268.4 0   -54.8 0   213.6 0    30.7 0    62.2 0     9.0 0 -9999.9 1   984.4 0
 1997 171  6 20 20 57 20.950  41.25   337.4 0    73.3 0 -9999.9 1 -9999.9 1   421.2 0   309.8 0   309.4 0   475.2 0   304.6 0   304.7 0    65.3 0   156.7 0   264.1 0   -54.0 0   210.1 0    30.7 0    62.2 0     9.6 0 -9999.9 1   984.3 0
 1997 171  6 20 21  0 21.000  41.81   336.0 0    73.0 0 -9999.9 1 -9999.9 1   420.8 0   309.7 0   309.4 0   475.2 0   304.5 0   304.6 0    64.4 0   156.3 0   263.0 0   -54.4 0   208.6 0    30.7 0    62.4 0     8.8 0 -9999.9 1   984.3 0
 1997 171  6 20 21  3 21.050  42.38   334.7 0    72.8 0 -9999.9 1 -9999.9 1   420.4 0   309.7 0   309.4 0   475.0 0   304.5 0   304.6 0    63.5 0   155.6 0   261.9 0   -54.6 0   207.3 0    30.6 0    62.4 0     8.9 0 -9999.9 1   984.3 0
 1997 171  6 20 21  6 21.100  42.95   328.6 0    71.7 0 -9999.9 1 -9999.9 1   420.5 0   309.7 0   309.3 0   474.8 0   304.5 0   304.6 0    62.1 0   152.9 0   256.9 0   -54.3 0   202.6 0    30.6 0    62.4 0     8.8 0 -9999.9 1   984.3 0
 1997 171  6 20 21  9 21.150  43.52   322.9 0    70.5 0 -9999.9 1 -9999.9 1   420.1 0   309.6 0   309.3 0   474.6 0   304.5 0   304.6 0    60.8 0   150.2 0   252.4 0   -54.5 0   197.9 0    30.6 0    62.2 0     8.4 0 -9999.9 1   984.2 0
 1997 171  6 20 21 12 21.200  44.09   319.5 0    69.9 0 -9999.9 1 -9999.9 1   420.3 0   309.6 0   309.2 0   474.4 0   304.5 0   304.6 0    59.6 0   148.8 0   249.6 0   -54.1 0   195.5 0    30.7 0    62.2 0     9.1 0 -9999.9 1   984.1 0
 1997 171  6 20 21 15 21.250  44.66   322.3 0    70.8 0 -9999.9 1 -9999.9 1   419.3 0   309.6 0   309.2 0   473.8 0   304.4 0   304.5 0    59.1 0   150.3 0   251.5 0   -54.5 0   197.0 0    30.5 0    62.3 0     9.5 0 -9999.9 1   984.1 0
 1997 171  6 20 21 18 21.300  45.23   319.2 0    70.3 0 -9999.9 1 -9999.9 1   420.0 0   309.5 0   309.1 0   473.6 0   304.4 0   304.5 0    57.9 0   149.0 0   248.9 0   -53.5 0   195.4 0    30.5 0    62.4 0     9.7 0 -9999.9 1   984.1 0
 1997 171  6 20 21 21 21.350  45.80   315.9 0    69.4 0 -9999.9 1 -9999.9 1   420.8 0   309.5 0   309.1 0   474.2 0   304.3 0   304.5 0    56.6 0   147.6 0   246.5 0   -53.4 0   193.1 0    30.5 0    62.7 0     8.9 0 -9999.9 1   984.1 0
 1997 171  6 20 21 24 21.400  46.37   320.1 0    69.9 0 -9999.9 1 -9999.9 1   421.0 0   309.4 0   309.1 0   474.7 0   304.4 0   304.5 0    56.0 0   149.4 0   250.2 0   -53.7 0   196.5 0    30.6 0    62.8 0     9.0 0 -9999.9 1   984.2 0
 1997 171  6 20 21 27 21.450  46.94   328.0 0    71.8 0 -9999.9 1 -9999.9 1   420.7 0   309.4 0   309.1 0   474.5 0   304.4 0   304.5 0    55.7 0   153.1 0   256.2 0   -53.9 0   202.3 0    30.5 0    62.5 0     8.9 0 -9999.9 1   984.3 0
 1997 171  6 20 21 30 21.500  47.51   328.4 0    71.8 0 -9999.9 1 -9999.9 1   420.7 0   309.4 0   309.1 0   474.7 0   304.4 0   304.5 0    54.9 0   153.1 0   256.6 0   -54.0 0   202.6 0    30.6 0    62.5 0     9.1 0 -9999.9 1   984.2 0
 1997 171  6 20 21 33 21.550  48.09   324.6 0    71.6 0 -9999.9 1 -9999.9 1   419.9 0   309.4 0   309.0 0   474.0 0   304.4 0   304.5 0    53.9 0   151.5 0   253.0 0   -54.1 0   198.9 0    30.5 0    62.5 0    10.1 0 -9999.9 1   984.2 0
 1997 171  6 20 21 36 21.600  48.66   326.9 0    72.6 0 -9999.9 1 -9999.9 1   420.3 0   309.4 0   309.0 0   473.6 0   304.3 0   304.4 0    52.8 0   152.7 0   254.3 0   -53.3 0   201.0 0    30.5 0    62.5 0     9.7 0 -9999.9 1   984.2 0
 1997 171  6 20 21 39 21.650  49.23   318.1 0    70.3 0 -9999.9 1 -9999.9 1   420.7 0   309.4 0   309.0 0   473.6 0   304.3 0   304.4 0    51.3 0   148.9 0   247.8 0   -53.0 0   194.8 0    30.4 0    62.4 0     9.5 0 -9999.9 1   984.3 0
 1997 171  6 20 21 42 21.700  49.81   312.7 0    68.8 0 -9999.9 1 -9999.9 1   421.0 0   309.3 0   309.0 0   474.2 0   304.3 0   304.4 0    49.9 0   146.2 0   243.9 0   -53.3 0   190.6 0    30.5 0    62.7 0     8.4 0 -9999.9 1   984.3 0
 1997 171  6 20 21 45 21.750  50.38   304.8 0    67.3 0 -9999.9 1 -9999.9 1   420.7 0   309.3 0   309.0 0   473.6 0   304.3 0   304.4 0    48.3 0   142.7 0   237.5 0   -52.9 0   184.6 0    30.5 0    62.7 0     9.0 0 -9999.9 1   984.3 0
 1997 171  6 20 21 48 21.800  50.95   298.6 0    66.3 0 -9999.9 1 -9999.9 1   420.4 0   309.3 0   308.9 0   472.8 0   304.3 0   304.4 0    47.0 0   139.9 0   232.3 0   -52.5 0   179.8 0    30.4 0    62.5 0     9.1 0 -9999.9 1   984.3 0
 1997 171  6 20 21 51 21.850  51.53   293.1 0    65.4 0 -9999.9 1 -9999.9 1   419.2 0   309.3 0   308.8 0   472.6 0   304.2 0   304.3 0    45.9 0   137.4 0   227.7 0   -53.3 0   174.4 0    30.4 0    62.6 0    10.5 0 -9999.9 1   984.2 0
 1997 171  6 20 21 54 21.900  52.10   288.0 0    64.3 0 -9999.9 1 -9999.9 1   419.0 0   309.2 0   308.8 0   472.4 0   304.2 0   304.3 0    44.8 0   135.2 0   223.7 0   -53.4 0   170.3 0    30.3 0    62.8 0     9.0 0 -9999.9 1   984.1 0
 1997 171  6 20 21 57 21.950  52.67   284.3 0    63.6 0 -9999.9 1 -9999.9 1   419.0 0   309.2 0   308.8 0   472.8 0   304.2 0   304.3 0    43.5 0   133.5 0   220.7 0   -53.8 0   166.9 0    30.4 0    62.8 0     8.9 0 -9999.9 1   984.1 0
 1997 171  6 20 22  0 22.000  53.25   282.1 0    63.6 0 -9999.9 1 -9999.9 1   418.5 0   309.1 0   308.7 0   472.2 0   304.1 0   304.2 0    42.5 0   132.6 0   218.5 0   -53.7 0   164.8 0    30.3 0    62.6 0     9.7 0 -9999.9 1   984.2 0
 1997 171  6 20 22  3 22.050  53.82   288.1 0    65.4 0 -9999.9 1 -9999.9 1   418.4 0   309.1 0   308.6 0   472.2 0   304.1 0   304.2 0    41.8 0   135.6 0   222.7 0   -53.7 0   169.0 0    30.3 0    62.5 0    10.6 0 -9999.9 1   984.1 0
 1997 171  6 20 22  6 22.100  54.39   296.8 0    67.6 0 -9999.9 1 -9999.9 1   418.3 0   309.1 0   308.7 0   472.3 0   304.1 0   304.2 0    41.3 0   139.6 0   229.2 0   -54.0 0   175.2 0    30.3 0    62.5 0     9.8 0 -9999.9 1   984.2 0
 1997 171  6 20 22  9 22.150  54.97   297.5 0    67.9 0 -9999.9 1 -9999.9 1   418.5 0   309.0 0   308.6 0   472.4 0   304.1 0   304.2 0    40.4 0   140.1 0   229.6 0   -54.0 0   175.6 0    30.3 0    62.5 0    10.0 0 -9999.9 1   984.2 0
 1997 171  6 20 22 12 22.200  55.54   301.6 0    69.1 0 -9999.9 1 -9999.9 1   418.7 0   309.0 0   308.6 0   473.0 0   304.1 0   304.2 0    39.6 0   141.9 0   232.5 0   -54.3 0   178.2 0    30.4 0    62.7 0     9.7 0 -9999.9 1   984.2 0
 1997 171  6 20 22 15 22.250  56.11   293.0 0    67.3 0 -9999.9 1 -9999.9 1   418.3 0   309.0 0   308.6 0   472.3 0   304.1 0   304.2 0    38.4 0   138.3 0   225.7 0   -54.0 0   171.7 0    30.3 0    62.7 0    10.1 0 -9999.9 1   984.2 0
 1997 171  6 20 22 18 22.300  56.68   298.9 0    69.5 0 -9999.9 1 -9999.9 1   418.1 0   309.0 0   308.5 0   472.2 0   304.1 0   304.2 0    37.6 0   141.1 0   229.4 0   -54.2 0   175.2 0    30.3 0    62.5 0    10.3 0 -9999.9 1   984.2 0
 1997 171  6 20 22 21 22.350  57.26   299.0 0    69.8 0 -9999.9 1 -9999.9 1   417.8 0   309.0 0   308.5 0   472.2 0   304.0 0   304.2 0    36.9 0   141.2 0   229.2 0   -54.4 0   174.8 0    30.2 0    62.6 0    10.1 0 -9999.9 1   984.1 0
 1997 171  6 20 22 24 22.400  57.83   315.7 0    73.6 0 -9999.9 1 -9999.9 1   417.8 0   309.0 0   308.6 0   473.0 0   304.0 0   304.2 0    36.7 0   149.1 0   242.1 0   -55.2 0   186.9 0    30.3 0    62.8 0     9.2 0 -9999.9 1   984.1 0
 1997 171  6 20 22 27 22.450  58.40   319.2 0    75.3 0 -9999.9 1 -9999.9 1   417.1 0   309.0 0   308.6 0   472.5 0   304.0 0   304.2 0    36.1 0   150.4 0   243.9 0   -55.4 0   188.5 0    30.2 0    62.6 0    10.6 0 -9999.9 1   984.1 0
 1997 171  6 20 22 30 22.500  58.97   321.5 0    76.1 0 -9999.9 1 -9999.9 1   417.0 0   309.0 0   308.7 0   472.9 0   304.0 0   304.2 0    35.4 0   151.3 0   245.4 0   -55.9 0   189.5 0    30.2 0    62.7 0     9.8 0 -9999.9 1   984.1 0
 1997 171  6 20 22 33 22.550  59.54   330.0 0    77.9 0 -9999.9 1 -9999.9 1   417.8 0   309.1 0   308.8 0   474.1 0   304.1 0   304.2 0    34.8 0   155.4 0   252.1 0   -56.3 0   195.8 0    30.3 0    62.9 0     7.6 0 -9999.9 1   984.1 0
 1997 171  6 20 22 36 22.600  60.11   339.3 0    80.5 0 -9999.9 1 -9999.9 1   417.6 0   309.2 0   308.9 0   474.0 0   304.1 0   304.3 0    34.3 0   159.0 0   258.8 0   -56.5 0   202.3 0    30.3 0    62.4 0     8.5 0 -9999.9 1   984.1 0
 1997 171  6 20 22 39 22.650  60.68   353.8 0    85.3 0 -9999.9 1 -9999.9 1   418.1 0   309.2 0   309.0 0   473.4 0   304.1 0   304.3 0    33.8 0   165.3 0   268.5 0   -55.3 0   213.2 0    30.2 0    62.1 0     9.4 0 -9999.9 1   984.1 0
 1997 171  6 20 22 42 22.700  61.25   357.6 0    87.1 0 -9999.9 1 -9999.9 1   418.7 0   309.3 0   308.9 0   473.1 0   304.1 0   304.3 0    33.2 0   167.1 0   270.5 0   -54.4 0   216.1 0    30.2 0    61.9 0    10.4 0 -9999.9 1   984.0 0
 1997 171  6 20 22 45 22.750  61.81   337.6 0    82.3 0 -9999.9 1 -9999.9 1   417.3 0   309.4 0   308.9 0   472.8 0   304.1 0   304.2 0    32.1 0   158.7 0   255.3 0   -55.5 0   199.8 0    30.2 0    62.0 0    10.2 0 -9999.9 1   984.0 0
 1997 171  6 20 22 48 22.800  62.38   322.0 0    77.8 0 -9999.9 1 -9999.9 1   416.4 0   309.4 0   309.0 0   473.1 0   304.1 0   304.2 0    31.0 0   152.4 0   244.2 0   -56.7 0   187.5 0    30.2 0    62.6 0     8.6 0 -9999.9 1   984.0 0
 1997 171  6 20 22 51 22.850  62.95   324.5 0    78.1 0 -9999.9 1 -9999.9 1   416.3 0   309.4 0   309.0 0   473.3 0   304.1 0   304.3 0    30.2 0   153.6 0   246.4 0   -57.1 0   189.3 0    30.3 0    62.8 0     8.7 0 -9999.9 1   984.0 0
 1997 171  6 20 22 54 22.900  63.51   338.0 0    83.7 0 -9999.9 1 -9999.9 1   414.8 0   309.4 0   309.1 0   473.2 0   304.1 0   304.3 0    29.6 0   159.4 0   254.3 0   -58.4 0   195.9 0    30.3 0    61.9 0     9.5 0 -9999.9 1   984.0 0
 1997 171  6 20 22 57 22.950  64.08   334.6 0    83.8 0 -9999.9 1 -9999.9 1   413.7 0   309.5 0   309.1 0   472.5 0   304.1 0   304.3 0    28.7 0   158.1 0   250.8 0   -58.8 0   192.0 0    30.2 0    61.7 0     9.5 0 -9999.9 1   984.0 0
 1997 171  6 20 23  0 23.000  64.64   333.3 0    83.8 0 -9999.9 1 -9999.9 1   413.4 0   309.5 0   309.2 0   472.7 0   304.1 0   304.3 0    27.7 0   157.9 0   249.5 0   -59.3 0   190.2 0    30.2 0    61.6 0     8.5 0 -9999.9 1   984.0 0
 1997 171  6 20 23  3 23.050  65.21   341.8 0    87.2 0 -9999.9 1 -9999.9 1   412.6 0   309.6 0   309.1 0   472.4 0   304.1 0   304.3 0    27.0 0   161.6 0   254.6 0   -59.9 0   194.7 0    30.2 0    61.5 0     9.7 0 -9999.9 1   984.0 0
 1997 171  6 20 23  6 23.100  65.77   337.4 0    87.1 0 -9999.9 1 -9999.9 1   412.5 0   309.6 0   309.1 0   472.2 0   304.1 0   304.3 0    26.1 0   159.9 0   250.3 0   -59.6 0   190.7 0    30.2 0    61.3 0    10.2 0 -9999.9 1   984.0 0
 1997 171  6 20 23  9 23.150  66.33   315.2 0    81.2 0 -9999.9 1 -9999.9 1   411.3 0   309.6 0   309.0 0   471.1 0   304.1 0   304.2 0    24.9 0   150.0 0   234.0 0   -59.9 0   174.1 0    30.2 0    61.3 0    11.1 0 -9999.9 1   983.9 0
 1997 171  6 20 23 12 23.200  66.89   294.4 0    75.5 0 -9999.9 1 -9999.9 1   411.6 0   309.5 0   309.0 0   471.0 0   304.0 0   304.1 0    23.6 0   140.6 0   218.9 0   -59.4 0   159.5 0    30.1 0    61.7 0     9.6 0 -9999.9 1   984.0 0
 1997 171  6 20 23 15 23.250  67.45   283.8 0    72.6 0 -9999.9 1 -9999.9 1   411.4 0   309.5 0   309.0 0   471.0 0   304.0 0   304.1 0    22.4 0   135.1 0   211.2 0   -59.5 0   151.7 0    30.1 0    61.9 0     9.0 0 -9999.9 1   984.0 0
 1997 171  6 20 23 18 23.300  68.01   279.0 0    72.5 0 -9999.9 1 -9999.9 1   410.7 0   309.4 0   308.9 0   470.6 0   304.0 0   304.1 0    21.3 0   132.2 0   206.5 0   -59.9 0   146.6 0    30.1 0    61.8 0     9.7 0 -9999.9 1   984.0 0
 1997 171  6 20 23 21 23.350  68.57   259.5 0    68.0 0 -9999.9 1 -9999.9 1   409.7 0   309.4 0   308.7 0   469.5 0   303.9 0   304.0 0    20.0 0   123.3 0   191.5 0   -59.8 0   131.7 0    30.0 0    61.4 0    11.0 0 -9999.9 1   984.0 0
 1997 171  6 20 23 24 23.400  69.13   239.4 0    62.4 0 -9999.9 1 -9999.9 1   410.2 0   309.3 0   308.6 0   469.1 0   303.9 0   304.0 0    18.7 0   114.5 0   177.0 0   -58.9 0   118.1 0    30.0 0    61.7 0    10.4 0 -9999.9 1   984.0 0
 1997 171  6 20 23 27 23.450  69.68   189.6 0    46.7 0 -9999.9 1 -9999.9 1   409.3 0   309.1 0   308.3 0   467.6 0   303.8 0   303.8 0    17.3 0    92.9 0   142.9 0   -58.3 0    84.6 0    30.0 0    61.7 0     9.9 0 -9999.9 1   984.1 0
 1997 171  6 20 23 30 23.500  70.24   152.3 0    35.3 0 -9999.9 1 -9999.9 1   409.5 0   308.9 0   308.2 0   466.4 0   303.7 0   303.7 0    16.0 0    76.5 0   117.0 0   -56.9 0    60.1 0    29.9 0    62.1 0     8.7 0 -9999.9 1   984.1 0
 1997 171  6 20 23 33 23.550  70.79   137.9 0    31.8 0 -9999.9 1 -9999.9 1   408.8 0   308.7 0   307.9 0   465.8 0   303.6 0   303.6 0    14.9 0    69.3 0   106.1 0   -57.1 0    49.0 0    29.8 0    62.1 0     9.8 0 -9999.9 1   984.1 0
 1997 171  6 20 23 36 23.600  71.35   126.1 0    29.1 0 -9999.9 1 -9999.9 1   408.5 0   308.5 0   307.7 0   465.3 0   303.5 0   303.5 0    13.8 0    63.4 0    97.0 0   -56.8 0    40.2 0    29.7 0    62.4 0     8.9 0 -9999.9 1   984.1 0
 1997 171  6 20 23 39 23.650  71.90   118.2 0    27.3 0 -9999.9 1 -9999.9 1   408.1 0   308.2 0   307.5 0   465.1 0   303.4 0   303.4 0    12.8 0    59.4 0    90.9 0   -57.0 0    33.9 0    29.6 0    62.5 0     9.5 0 -9999.9 1   984.1 0
 1997 171  6 20 23 42 23.700  72.45   109.4 0    25.3 0 -9999.9 1 -9999.9 1   408.0 0   308.0 0   307.3 0   464.7 0   303.3 0   303.3 0    11.9 0    55.1 0    84.1 0   -56.7 0    27.4 0    29.6 0    62.8 0     8.7 0 -9999.9 1   984.1 0
 1997 171  6 20 23 45 23.750  73.00    99.1 0    22.8 0 -9999.9 1 -9999.9 1   408.1 0   307.8 0   307.0 0   464.6 0   303.2 0   303.2 0    10.9 0    50.2 0    76.3 0   -56.5 0    19.8 0    29.5 0    62.8 0     9.7 0 -9999.9 1   984.2 0
 1997 171  6 20 23 48 23.800  73.54    93.2 0    21.6 0 -9999.9 1 -9999.9 1   408.8 0   307.6 0   306.9 0   464.4 0   303.1 0   303.1 0     9.9 0    47.3 0    71.6 0   -55.6 0    16.0 0    29.5 0    63.0 0     9.4 0 -9999.9 1   984.2 0
 1997 171  6 20 23 51 23.850  74.09    91.4 0    21.2 0 -9999.9 1 -9999.9 1   409.9 0   307.5 0   306.8 0   464.0 0   303.0 0   303.1 0     9.1 0    46.3 0    70.2 0   -54.2 0    16.0 0    29.4 0    63.2 0     8.2 0 -9999.9 1   984.2 0
 1997 171  6 20 23 54 23.900  74.63    85.8 0    19.8 0 -9999.9 1 -9999.9 1   410.4 0   307.3 0   306.6 0   464.0 0   303.0 0   303.0 0     8.4 0    43.4 0    66.0 0   -53.6 0    12.4 0    29.4 0    63.3 0     8.6 0 -9999.9 1   984.2 0
 1997 171  6 20 23 57 23.950  75.18    76.4 0    17.9 0 -9999.9 1 -9999.9 1   411.1 0   307.2 0   306.4 0   464.2 0   302.9 0   303.0 0     7.6 0    39.1 0    58.5 0   -53.2 0     5.3 0    29.4 0    63.3 0    10.2 0 -9999.9 1   984.2 0
