 Bondville
   40.05  -88.37  213 m version 1
 1997 135  5 15 15 57 15.950  32.32   605.6 0   115.6 0 -9999.9 1 -9999.9 1   282.7 0   289.4 0   289.0 0   388.9 0   283.8 0   284.3 0    87.4 0 -9999.9 1   490.0 0  -106.2 0   383.8 0     9.9 0    30.7 0    10.7 0   305.6 0   988.1 0
 1997 135  5 15 16  0 16.000  31.84   794.9 0   151.5 0 -9999.9 1 -9999.9 1   274.5 0   289.5 0   289.2 0   391.3 0   283.9 0   284.4 0   104.9 0 -9999.9 1   643.4 0  -116.7 0   526.7 0     9.8 0    29.1 0    13.4 0   308.6 0   988.2 0
 1997 135  5 15 16  3 16.050  31.36   875.5 0   163.8 0 -9999.9 1 -9999.9 1   265.5 0   289.7 0   289.5 0   392.8 0   284.0 0   284.4 0   116.7 0 -9999.9 1   711.7 0  -127.3 0   584.4 0     9.7 0    28.1 0    14.2 0   313.8 0   988.2 0
 1997 135  5 15 16  6 16.100  30.89   863.0 0   159.5 0 -9999.9 1 -9999.9 1   258.8 0   289.8 0   289.2 0   392.8 0   284.0 0   284.5 0   118.0 0 -9999.9 1   703.5 0  -134.0 0   569.5 0     9.8 0    27.6 0    14.6 0   300.1 0   988.2 0
 1997 135  5 15 16  9 16.150  30.42   927.5 0   170.7 0 -9999.9 1 -9999.9 1   258.7 0   289.8 0   289.4 0   396.5 0   284.1 0   284.6 0   124.9 0 -9999.9 1   756.8 0  -137.8 0   619.0 0     9.9 0    27.6 0    13.1 0   295.5 0   988.2 0
 1997 135  5 15 16 12 16.200  29.96   883.3 0   160.7 0 -9999.9 1 -9999.9 1   258.3 0   289.9 0   289.5 0   396.9 0   284.3 0   284.8 0   121.7 0 -9999.9 1   722.6 0  -138.6 0   584.0 0    10.2 0    27.5 0    13.7 0   298.4 0   988.2 0
 1997 135  5 15 16 15 16.250  29.51   906.2 0   165.7 0 -9999.9 1 -9999.9 1   257.3 0   290.0 0   289.7 0   396.8 0   284.4 0   284.9 0   124.6 0 -9999.9 1   740.5 0  -139.5 0   601.0 0    10.1 0    26.5 0    13.5 0   301.5 0   988.2 0
 1997 135  5 15 16 18 16.300  29.06   945.4 0   173.7 0 -9999.9 1 -9999.9 1   258.2 0   290.1 0   289.8 0   398.8 0   284.5 0   285.0 0   128.2 0 -9999.9 1   771.7 0  -140.5 0   631.2 0    10.2 0    26.2 0    13.8 0   301.2 0   988.3 0
 1997 135  5 15 16 21 16.350  28.63   945.4 0   171.5 0 -9999.9 1 -9999.9 1   260.0 0   290.2 0   290.1 0   401.7 0   284.7 0   285.3 0   129.3 0 -9999.9 1   773.9 0  -141.7 0   632.2 0    10.8 0    26.5 0    13.6 0   307.0 0   988.3 0
 1997 135  5 15 16 24 16.400  28.19   953.9 0   174.2 0 -9999.9 1 -9999.9 1   258.5 0   290.4 0   290.1 0   400.1 0   284.9 0   285.4 0   131.2 0 -9999.9 1   779.7 0  -141.6 0   638.1 0    10.7 0    25.6 0    14.6 0   310.2 0   988.3 0
 1997 135  5 15 16 27 16.450  27.77   957.6 0   176.0 0 -9999.9 1 -9999.9 1   257.2 0   290.5 0   290.0 0   399.4 0   285.0 0   285.4 0   132.0 0 -9999.9 1   781.6 0  -142.2 0   639.4 0    10.5 0    25.1 0    14.9 0   308.0 0   988.3 0
 1997 135  5 15 16 30 16.500  27.36   962.2 0   174.8 0 -9999.9 1 -9999.9 1   258.1 0   290.5 0   290.4 0   403.1 0   285.0 0   285.5 0   133.1 0 -9999.9 1   787.4 0  -145.0 0   642.4 0    10.9 0    25.4 0    13.5 0   306.4 0   988.3 0
 1997 135  5 15 16 33 16.550  26.95   962.0 0   175.8 0 -9999.9 1 -9999.9 1   258.4 0   290.6 0   290.3 0   402.4 0   285.1 0   285.5 0   133.6 0 -9999.9 1   786.2 0  -144.0 0   642.2 0    10.6 0    25.0 0    13.7 0   305.6 0   988.3 0
 1997 135  5 15 16 36 16.600  26.55   964.2 0   175.3 0 -9999.9 1 -9999.9 1   259.8 0   290.7 0   290.5 0   402.2 0   285.2 0   285.6 0   134.5 0 -9999.9 1   788.9 0  -142.5 0   646.4 0    10.8 0    24.5 0    14.6 0   312.8 0   988.3 0
 1997 135  5 15 16 39 16.650  26.17   963.8 0   175.2 0 -9999.9 1 -9999.9 1   259.8 0   290.8 0   290.4 0   403.0 0   285.2 0   285.7 0   134.5 0 -9999.9 1   788.6 0  -143.2 0   645.4 0    11.0 0    24.0 0    14.8 0   300.7 0   988.3 0
 1997 135  5 15 16 42 16.700  25.79   973.9 0   176.3 0 -9999.9 1 -9999.9 1   258.7 0   290.9 0   290.7 0   404.6 0   285.3 0   285.9 0   136.3 0 -9999.9 1   797.6 0  -146.0 0   651.6 0    11.2 0    23.5 0    13.8 0   304.8 0   988.3 0
 1997 135  5 15 16 45 16.750  25.42   977.3 0   178.5 0 -9999.9 1 -9999.9 1   257.3 0   290.9 0   290.4 0   402.4 0   285.4 0   285.8 0   137.3 0 -9999.9 1   798.8 0  -145.1 0   653.7 0    11.0 0    21.8 0    15.6 0   301.8 0   988.3 0
 1997 135  5 15 16 48 16.800  25.07   983.8 0   179.9 0 -9999.9 1 -9999.9 1   256.6 0   291.0 0   290.6 0   402.5 0   285.4 0   285.8 0   139.0 0 -9999.9 1   803.9 0  -145.9 0   658.0 0    10.9 0    21.0 0    16.0 0   309.5 0   988.4 0
 1997 135  5 15 16 51 16.850  24.72   993.3 0   181.5 0 -9999.9 1 -9999.9 1   256.2 0   291.0 0   290.5 0   402.5 0   285.3 0   285.7 0   141.0 0 -9999.9 1   811.8 0  -146.3 0   665.5 0    10.8 0    20.5 0    15.9 0   306.5 0   988.4 0
 1997 135  5 15 16 54 16.900  24.39   992.8 0   180.9 0 -9999.9 1 -9999.9 1   256.9 0   291.0 0   290.5 0   403.0 0   285.3 0   285.7 0   141.8 0 -9999.9 1   811.9 0  -146.1 0   665.8 0    10.7 0    20.9 0    15.7 0   305.3 0   988.5 0
 1997 135  5 15 16 57 16.950  24.07   990.6 0   180.2 0 -9999.9 1 -9999.9 1   259.1 0   291.0 0   290.5 0   404.0 0   285.2 0   285.7 0   142.5 0 -9999.9 1   810.4 0  -145.0 0   665.4 0    10.7 0    20.8 0    15.2 0   298.3 0   988.5 0
 1997 135  5 15 17  0 17.000  23.77   988.1 0   179.7 0 -9999.9 1 -9999.9 1   259.4 0   290.9 0   290.4 0   403.0 0   285.1 0   285.6 0   143.4 0 -9999.9 1   808.4 0  -143.6 0   664.8 0    10.6 0    20.5 0    15.8 0   298.2 0   988.4 0
 1997 135  5 15 17  3 17.050  23.47   989.9 0   178.5 0 -9999.9 1 -9999.9 1   260.9 0   291.0 0   291.0 0   406.3 0   285.1 0   285.6 0   144.9 0 -9999.9 1   811.4 0  -145.4 0   666.0 0    10.8 0    21.0 0    13.5 0   302.4 0   988.6 0
 1997 135  5 15 17  6 17.100  23.20   991.5 0   178.5 0 -9999.9 1 -9999.9 1   259.9 0   291.1 0   290.8 0   406.5 0   285.2 0   285.7 0   146.1 0 -9999.9 1   813.0 0  -146.6 0   666.4 0    10.8 0    21.2 0    13.5 0   309.8 0   988.6 0
 1997 135  5 15 17  9 17.150  22.93   996.6 0   179.1 0 -9999.9 1 -9999.9 1   260.2 0   291.1 0   290.8 0   405.8 0   285.3 0   285.7 0   148.1 0 -9999.9 1   817.5 0  -145.5 0   672.0 0    10.8 0    20.9 0    14.4 0   322.5 0   988.6 0
 1997 135  5 15 17 12 17.200  22.68   995.9 0   179.5 0 -9999.9 1 -9999.9 1   260.2 0   291.1 0   290.7 0   405.2 0   285.2 0   285.7 0   149.0 0 -9999.9 1   816.4 0  -145.0 0   671.4 0    10.8 0    21.2 0    15.0 0   317.4 0   988.6 0
 1997 135  5 15 17 15 17.250  22.45  1001.7 0   179.6 0 -9999.9 1 -9999.9 1   261.7 0   291.1 0   290.9 0   408.4 0   285.2 0   285.7 0   150.9 0 -9999.9 1   822.1 0  -146.7 0   675.4 0    10.8 0    21.8 0    12.1 0   315.4 0   988.8 0
 1997 135  5 15 17 18 17.300  22.24  1000.2 0   180.1 0 -9999.9 1 -9999.9 1   261.4 0   291.1 0   290.9 0   407.6 0   285.2 0   285.7 0   151.8 0 -9999.9 1   820.1 0  -146.2 0   673.9 0    10.5 0    21.6 0    13.2 0   304.9 0   988.8 0
 1997 135  5 15 17 21 17.350  22.04  1000.7 0   180.1 0 -9999.9 1 -9999.9 1   262.9 0   291.1 0   291.0 0   409.1 0   285.2 0   285.7 0   153.2 0 -9999.9 1   820.6 0  -146.2 0   674.4 0    10.6 0    22.1 0    12.1 0   299.1 0   988.7 0
 1997 135  5 15 17 24 17.400  21.85  1002.1 0   178.1 0 -9999.9 1 -9999.9 1   264.9 0   291.2 0   291.1 0   410.5 0   285.3 0   285.9 0   154.6 0 -9999.9 1   824.0 0  -145.6 0   678.4 0    11.1 0    23.1 0    12.6 0   318.9 0   988.8 0
 1997 135  5 15 17 27 17.450  21.69   999.7 0   179.2 0 -9999.9 1 -9999.9 1   264.3 0   291.2 0   291.1 0   410.0 0   285.4 0   285.9 0   155.0 0 -9999.9 1   820.5 0  -145.8 0   674.7 0    10.8 0    23.4 0    11.9 0   320.9 0   988.8 0
 1997 135  5 15 17 30 17.500  21.54  1006.7 0   180.8 0 -9999.9 1 -9999.9 1   264.4 0   291.2 0   291.0 0   408.8 0   285.4 0   285.8 0   157.4 0 -9999.9 1   825.9 0  -144.4 0   681.5 0    10.7 0    24.1 0    13.7 0   314.1 0   988.8 0
 1997 135  5 15 17 33 17.550  21.41  1007.2 0   181.6 0 -9999.9 1 -9999.9 1   265.1 0   291.2 0   291.0 0   409.1 0   285.3 0   285.8 0   158.3 0 -9999.9 1   825.6 0  -144.0 0   681.6 0    10.5 0    25.2 0    11.9 0   310.9 0   988.9 0
 1997 135  5 15 17 36 17.600  21.30  1005.4 0   180.4 0 -9999.9 1 -9999.9 1   266.4 0   291.3 0   291.2 0   411.2 0   285.3 0   285.8 0   158.6 0 -9999.9 1   825.0 0  -144.8 0   680.2 0    10.7 0    25.8 0    11.8 0   301.5 0   988.8 0
 1997 135  5 15 17 39 17.650  21.21  1010.7 0   180.0 0 -9999.9 1 -9999.9 1   267.5 0   291.3 0   291.4 0   413.4 0   285.4 0   286.0 0   159.9 0 -9999.9 1   830.7 0  -146.0 0   684.7 0    11.0 0    26.0 0    11.3 0   312.1 0   988.9 0
 1997 135  5 15 17 42 17.700  21.14  1011.5 0   182.2 0 -9999.9 1 -9999.9 1   265.9 0   291.4 0   291.2 0   411.6 0   285.5 0   286.0 0   160.4 0 -9999.9 1   829.3 0  -145.6 0   683.7 0    10.8 0    25.7 0    12.2 0   298.1 0   988.9 0
 1997 135  5 15 17 45 17.750  21.09  1010.6 0   182.4 0 -9999.9 1 -9999.9 1   267.8 0   291.4 0   291.4 0   412.9 0   285.5 0   286.0 0   160.8 0 -9999.9 1   828.2 0  -145.1 0   683.1 0    10.8 0    26.4 0    11.5 0   309.3 0   988.9 0
 1997 135  5 15 17 48 17.800  21.06  1013.1 0   181.9 0 -9999.9 1 -9999.9 1   270.2 0   291.5 0   291.7 0   415.2 0   285.5 0   286.1 0   161.3 0 -9999.9 1   831.2 0  -145.0 0   686.2 0    11.1 0    26.9 0    10.8 0   319.4 0   988.9 0
 1997 135  5 15 17 51 17.850  21.05  1023.7 0   184.5 0 -9999.9 1 -9999.9 1   269.1 0   291.6 0   291.5 0   412.5 0   285.7 0   286.3 0   162.4 0 -9999.9 1   839.2 0  -143.3 0   695.9 0    11.2 0    26.7 0    13.4 0   310.9 0   989.0 0
 1997 135  5 15 17 54 17.900  21.05  1022.8 0   185.7 0 -9999.9 1 -9999.9 1   270.4 0   291.6 0   291.6 0   414.5 0   285.8 0   286.3 0   162.7 0 -9999.9 1   837.1 0  -144.1 0   693.0 0    10.9 0    27.1 0    10.5 0   306.4 0   989.0 0
 1997 135  5 15 17 57 17.950  21.08  1026.7 0   186.2 0 -9999.9 1 -9999.9 1   272.2 0   291.7 0   291.8 0   414.3 0   285.8 0   286.3 0   162.8 0 -9999.9 1   840.5 0  -142.1 0   698.4 0    11.2 0    27.8 0    12.6 0   320.3 0   989.0 0
 1997 135  5 15 18  0 18.000  21.13  1029.3 0   186.9 0 -9999.9 1 -9999.9 1   273.1 0   291.8 0   292.1 0   415.9 0   285.8 0   286.4 0   163.6 0 -9999.9 1   842.4 0  -142.8 0   699.6 0    11.2 0    28.1 0    11.1 0   314.4 0   989.0 0
 1997 135  5 15 18  3 18.050  21.19  1031.4 0   188.2 0 -9999.9 1 -9999.9 1   272.9 0   291.9 0   291.8 0   416.0 0   285.9 0   286.4 0   162.9 0 -9999.9 1   843.2 0  -143.1 0   700.1 0    11.2 0    28.7 0    10.8 0   303.1 0   988.9 0
 1997 135  5 15 18  6 18.100  21.28  1012.1 0   183.6 0 -9999.9 1 -9999.9 1   271.1 0   292.0 0   292.0 0   414.5 0   285.9 0   286.4 0   161.1 0 -9999.9 1   828.5 0  -143.4 0   685.1 0    11.1 0    28.7 0    11.6 0   325.1 0   988.9 0
 1997 135  5 15 18  9 18.150  21.38  1022.6 0   186.3 0 -9999.9 1 -9999.9 1   271.8 0   292.0 0   291.8 0   414.0 0   285.8 0   286.4 0   161.6 0 -9999.9 1   836.3 0  -142.2 0   694.1 0    11.1 0    29.3 0    12.0 0   318.5 0   989.0 0
 1997 135  5 15 18 12 18.200  21.51   977.3 0   181.3 0 -9999.9 1 -9999.9 1   274.2 0   292.0 0   292.1 0   416.7 0   285.8 0   286.4 0   155.4 0 -9999.9 1   796.0 0  -142.5 0   653.5 0    11.0 0    29.7 0     9.4 0   310.1 0   989.0 0
 1997 135  5 15 18 15 18.250  21.65   571.3 0   107.1 0 -9999.9 1 -9999.9 1   271.8 0   291.9 0   291.3 0   401.5 0   285.8 0   286.1 0   112.9 0 -9999.9 1   464.2 0  -129.7 0   334.5 0    11.3 0    30.1 0    11.3 0   317.9 0   989.0 0
 1997 135  5 15 18 18 18.300  21.81  1048.4 0   194.1 0 -9999.9 1 -9999.9 1   275.8 0   291.8 0   291.6 0   412.3 0   285.8 0   286.3 0   161.3 0 -9999.9 1   854.3 0  -136.5 0   717.8 0    11.1 0    29.4 0    12.5 0   310.1 0   989.1 0
 1997 135  5 15 18 21 18.350  21.99  1040.2 0   190.7 0 -9999.9 1 -9999.9 1   276.3 0   291.9 0   292.0 0   416.6 0   285.8 0   286.3 0   162.2 0 -9999.9 1   849.5 0  -140.2 0   709.3 0    11.1 0    29.6 0     9.9 0   313.6 0   989.1 0
 1997 135  5 15 18 24 18.400  22.18  1054.9 0   193.2 0 -9999.9 1 -9999.9 1   280.2 0   292.0 0   292.2 0   417.0 0   285.9 0   286.4 0   163.1 0 -9999.9 1   861.7 0  -136.8 0   724.9 0    11.2 0    30.0 0    11.6 0   322.4 0   989.0 0
 1997 135  5 15 18 27 18.450  22.39  1077.1 0   198.3 0 -9999.9 1 -9999.9 1   280.4 0   292.1 0   292.3 0   418.7 0   286.0 0   286.6 0   165.6 0 -9999.9 1   878.8 0  -138.3 0   740.5 0    11.4 0    30.1 0    12.0 0   318.9 0   989.0 0
 1997 135  5 15 18 30 18.500  22.62  1038.6 0   192.5 0 -9999.9 1 -9999.9 1   276.4 0   292.2 0   292.3 0   417.4 0   286.1 0   286.6 0   161.6 0 -9999.9 1   846.1 0  -141.1 0   705.0 0    11.4 0    30.0 0    11.0 0   307.7 0   989.0 0
 1997 135  5 15 18 33 18.550  22.87   899.9 0   162.4 0 -9999.9 1 -9999.9 1   277.0 0   292.3 0   292.0 0   413.8 0   286.2 0   286.7 0   146.9 0 -9999.9 1   737.5 0  -136.8 0   600.7 0    11.6 0    30.4 0    11.3 0   325.5 0   989.0 0
 1997 135  5 15 18 36 18.600  23.13  1034.1 0   192.0 0 -9999.9 1 -9999.9 1   276.1 0   292.2 0   292.2 0   416.5 0   286.2 0   286.7 0   158.7 0 -9999.9 1   842.1 0  -140.4 0   701.7 0    11.5 0    29.8 0    11.5 0   319.7 0   989.1 0
 1997 135  5 15 18 39 18.650  23.40  1036.5 0   192.9 0 -9999.9 1 -9999.9 1   278.0 0   292.3 0   292.2 0   418.1 0   286.2 0   286.7 0   158.7 0 -9999.9 1   843.6 0  -140.2 0   703.4 0    11.6 0    29.5 0    12.0 0   310.6 0   989.0 0
 1997 135  5 15 18 42 18.700  23.69  1004.5 0   184.8 0 -9999.9 1 -9999.9 1   276.5 0   292.4 0   292.6 0   419.2 0   286.4 0   287.0 0   155.1 0 -9999.9 1   819.7 0  -142.7 0   677.0 0    12.1 0    30.1 0    11.2 0   330.6 0   989.1 0
 1997 135  5 15 18 45 18.750  23.99  1024.9 0   190.1 0 -9999.9 1 -9999.9 1   278.9 0   292.5 0   292.7 0   419.8 0   286.6 0   287.2 0   155.9 0 -9999.9 1   834.8 0  -140.9 0   693.9 0    12.2 0    29.8 0    11.2 0   316.6 0   989.1 0
 1997 135  5 15 18 48 18.800  24.31  1017.3 0   191.0 0 -9999.9 1 -9999.9 1   280.1 0   292.6 0   292.5 0   418.2 0   286.7 0   287.2 0   153.1 0 -9999.9 1   826.3 0  -138.1 0   688.2 0    11.8 0    29.6 0    11.4 0   310.5 0   989.2 0
 1997 135  5 15 18 51 18.850  24.64   425.2 0    76.9 0 -9999.9 1 -9999.9 1   276.8 0   292.5 0   291.6 0   398.4 0   286.5 0   286.7 0    93.2 0 -9999.9 1   348.3 0  -121.6 0   226.7 0    11.7 0    29.9 0    11.0 0   311.5 0   989.1 0
 1997 135  5 15 18 54 18.900  24.98   718.0 0   135.8 0 -9999.9 1 -9999.9 1   281.9 0   292.3 0   291.7 0   401.6 0   286.2 0   286.4 0   118.0 0 -9999.9 1   582.2 0  -119.7 0   462.5 0    11.5 0    29.8 0    10.4 0   329.1 0   989.1 0
 1997 135  5 15 18 57 18.950  25.33  1024.0 0   191.9 0 -9999.9 1 -9999.9 1   278.6 0   292.3 0   292.4 0   415.6 0   286.2 0   286.8 0   148.9 0 -9999.9 1   832.1 0  -137.1 0   695.0 0    12.0 0    29.8 0    12.3 0   319.5 0   989.2 0
 1997 135  5 15 19  0 19.000  25.69  1012.5 0   191.7 0 -9999.9 1 -9999.9 1   276.0 0   292.4 0   292.6 0   416.6 0   286.3 0   286.8 0   148.3 0 -9999.9 1   820.8 0  -140.6 0   680.2 0    11.5 0    29.6 0    10.4 0   331.8 0   989.2 0
 1997 135  5 15 19  3 19.050  26.07  1024.2 0   194.2 0 -9999.9 1 -9999.9 1   280.5 0   292.5 0   292.8 0   417.4 0   286.3 0   286.8 0   147.9 0 -9999.9 1   830.0 0  -136.9 0   693.1 0    11.6 0    30.0 0    12.2 0   330.7 0   989.2 0
 1997 135  5 15 19  6 19.100  26.45   428.0 0    80.4 0 -9999.9 1 -9999.9 1   276.9 0   292.5 0   291.8 0   398.5 0   286.2 0   286.5 0    88.3 0 -9999.9 1   347.6 0  -121.5 0   226.1 0    11.5 0    30.0 0    10.2 0   323.0 0   989.3 0
 1997 135  5 15 19  9 19.150  26.85   865.2 0   163.6 0 -9999.9 1 -9999.9 1   280.6 0   292.3 0   291.7 0   404.8 0   286.1 0   286.5 0   126.7 0 -9999.9 1   701.6 0  -124.2 0   577.4 0    11.7 0    30.2 0    12.1 0   319.5 0   989.4 0
 1997 135  5 15 19 12 19.200  27.25   999.6 0   192.2 0 -9999.9 1 -9999.9 1   279.2 0   292.3 0   292.2 0   414.8 0   286.1 0   286.7 0   143.2 0 -9999.9 1   807.4 0  -135.7 0   671.7 0    11.6 0    30.0 0    11.8 0   316.7 0   989.4 0
 1997 135  5 15 19 15 19.250  27.66  1009.4 0   192.0 0 -9999.9 1 -9999.9 1   279.4 0   292.4 0   292.6 0   418.0 0   286.3 0   286.9 0   142.9 0 -9999.9 1   817.4 0  -138.6 0   678.8 0    11.9 0    29.6 0    11.4 0   316.0 0   989.3 0
 1997 135  5 15 19 18 19.300  28.08   994.9 0   190.4 0 -9999.9 1 -9999.9 1   276.0 0   292.5 0   292.5 0   415.9 0   286.5 0   287.0 0   140.8 0 -9999.9 1   804.5 0  -139.9 0   664.6 0    12.0 0    28.2 0    13.4 0   320.6 0   989.3 0
 1997 135  5 15 19 21 19.350  28.51   960.0 0   185.8 0 -9999.9 1 -9999.9 1   274.6 0   292.6 0   292.4 0   414.1 0   286.5 0   287.0 0   137.6 0 -9999.9 1   774.2 0  -139.5 0   634.7 0    11.8 0    28.1 0    12.2 0   323.5 0   989.4 0
 1997 135  5 15 19 24 19.400  28.95  1001.9 0   191.8 0 -9999.9 1 -9999.9 1   276.2 0   292.7 0   292.7 0   416.0 0   286.5 0   287.1 0   139.7 0 -9999.9 1   810.1 0  -139.8 0   670.3 0    12.0 0    28.5 0    12.4 0   313.5 0   989.4 0
 1997 135  5 15 19 27 19.450  29.40   737.5 0   142.3 0 -9999.9 1 -9999.9 1   272.0 0   292.8 0   292.1 0   407.7 0   286.5 0   286.9 0   116.5 0 -9999.9 1   595.2 0  -135.7 0   459.5 0    11.7 0    28.5 0    11.3 0   306.0 0   989.4 0
 1997 135  5 15 19 30 19.500  29.85   966.8 0   186.3 0 -9999.9 1 -9999.9 1   276.2 0   292.7 0   292.7 0   415.3 0   286.5 0   287.0 0   133.8 0 -9999.9 1   780.5 0  -139.1 0   641.4 0    12.1 0    28.8 0    11.8 0   320.2 0   989.4 0
 1997 135  5 15 19 33 19.550  30.30   952.1 0   184.6 0 -9999.9 1 -9999.9 1   273.8 0   292.8 0   292.6 0   414.1 0   286.6 0   287.1 0   132.3 0 -9999.9 1   767.5 0  -140.3 0   627.2 0    12.2 0    28.3 0    12.7 0   307.0 0   989.4 0
 1997 135  5 15 19 36 19.600  30.77   940.7 0   182.0 0 -9999.9 1 -9999.9 1   272.5 0   292.9 0   292.7 0   415.2 0   286.7 0   287.2 0   131.4 0 -9999.9 1   758.7 0  -142.7 0   616.0 0    12.2 0    28.5 0    11.4 0   310.4 0   989.4 0
 1997 135  5 15 19 39 19.650  31.24   804.8 0   156.7 0 -9999.9 1 -9999.9 1   270.0 0   292.9 0   292.2 0   408.9 0   286.7 0   287.1 0   118.9 0 -9999.9 1   648.1 0  -138.9 0   509.2 0    12.1 0    27.9 0    13.1 0   318.1 0   989.4 0
 1997 135  5 15 19 42 19.700  31.71   926.8 0   180.2 0 -9999.9 1 -9999.9 1   273.9 0   292.9 0   292.8 0   414.7 0   286.7 0   287.2 0   127.2 0 -9999.9 1   746.6 0  -140.8 0   605.8 0    12.2 0    28.0 0    11.4 0   325.0 0   989.4 0
 1997 135  5 15 19 45 19.750  32.20   680.9 0   131.5 0 -9999.9 1 -9999.9 1   276.2 0   292.9 0   292.5 0   408.5 0   286.7 0   287.1 0   104.8 0 -9999.9 1   549.4 0  -132.3 0   417.1 0    12.3 0    27.2 0    12.6 0   330.3 0   989.4 0
 1997 135  5 15 19 48 19.800  32.68   579.7 0   113.0 0 -9999.9 1 -9999.9 1   275.0 0   292.7 0   291.6 0   398.2 0   286.6 0   286.8 0    93.1 0 -9999.9 1   466.7 0  -123.2 0   343.5 0    12.3 0    27.5 0    12.2 0   322.2 0   989.5 0
 1997 135  5 15 19 51 19.850  33.18   935.0 0   183.5 0 -9999.9 1 -9999.9 1   275.7 0   292.6 0   292.6 0   414.6 0   286.7 0   287.2 0   124.2 0 -9999.9 1   751.5 0  -138.9 0   612.6 0    12.4 0    27.8 0    11.1 0   326.5 0   989.5 0
 1997 135  5 15 19 54 19.900  33.67   770.5 0   150.9 0 -9999.9 1 -9999.9 1   273.7 0   292.7 0   292.5 0   410.1 0   286.8 0   287.2 0   110.3 0 -9999.9 1   619.6 0  -136.4 0   483.2 0    12.3 0    28.1 0    10.8 0   319.6 0   989.5 0
 1997 135  5 15 19 57 19.950  34.17   858.8 0   168.4 0 -9999.9 1 -9999.9 1   276.8 0   292.8 0   292.9 0   415.1 0   286.8 0   287.4 0   116.1 0 -9999.9 1   690.4 0  -138.3 0   552.1 0    12.4 0    28.1 0    10.4 0   324.5 0   989.5 0
 1997 135  5 15 20  0 20.000  34.68   941.9 0   184.3 0 -9999.9 1 -9999.9 1   279.2 0   292.9 0   292.9 0   416.7 0   286.9 0   287.4 0   121.4 0 -9999.9 1   757.6 0  -137.5 0   620.1 0    12.4 0    27.9 0     9.7 0   319.2 0   989.5 0
 1997 135  5 15 20  3 20.050  35.19   912.0 0   180.1 0 -9999.9 1 -9999.9 1   276.0 0   293.0 0   293.0 0   416.9 0   287.1 0   287.7 0   119.3 0 -9999.9 1   731.9 0  -140.8 0   591.1 0    12.9 0    27.6 0    12.4 0   315.6 0   989.5 0
 1997 135  5 15 20  6 20.100  35.70   894.1 0   179.7 0 -9999.9 1 -9999.9 1   275.5 0   293.2 0   293.1 0   415.7 0   287.2 0   287.7 0   116.3 0 -9999.9 1   714.4 0  -140.3 0   574.1 0    12.6 0    27.0 0    10.9 0   322.6 0   989.5 0
 1997 135  5 15 20  9 20.150  36.22   656.6 0   127.6 0 -9999.9 1 -9999.9 1   275.7 0   293.3 0   293.0 0   410.8 0   287.2 0   287.6 0    96.6 0 -9999.9 1   529.0 0  -135.1 0   393.9 0    12.4 0    27.4 0     9.0 0   313.0 0   989.5 0
 1997 135  5 15 20 12 20.200  36.74   825.7 0   164.5 0 -9999.9 1 -9999.9 1   275.8 0   293.3 0   293.0 0   409.7 0   287.0 0   287.4 0   106.0 0 -9999.9 1   661.2 0  -133.9 0   527.3 0    12.3 0    27.6 0    11.0 0   323.4 0   989.5 0
 1997 135  5 15 20 15 20.250  37.26   645.5 0   132.3 0 -9999.9 1 -9999.9 1   275.1 0   293.3 0   292.8 0   407.9 0   287.1 0   287.5 0    92.0 0 -9999.9 1   513.2 0  -132.7 0   380.5 0    12.7 0    27.0 0    13.0 0   324.3 0   989.5 0
 1997 135  5 15 20 18 20.300  37.79   796.3 0   165.4 0 -9999.9 1 -9999.9 1   278.4 0   293.2 0   292.8 0   409.1 0   287.0 0   287.4 0   100.4 0 -9999.9 1   630.9 0  -130.7 0   500.2 0    12.5 0    27.2 0    10.0 0   324.4 0   989.6 0
 1997 135  5 15 20 21 20.350  38.32   822.9 0   167.5 0 -9999.9 1 -9999.9 1   282.6 0   293.4 0   293.5 0   415.9 0   287.1 0   287.7 0   103.1 0 -9999.9 1   655.4 0  -133.2 0   522.2 0    12.8 0    27.6 0     9.8 0   333.8 0   989.6 0
 1997 135  5 15 20 24 20.400  38.85   595.7 0   119.6 0 -9999.9 1 -9999.9 1   279.2 0   293.5 0   293.1 0   408.3 0   287.2 0   287.7 0    86.3 0 -9999.9 1   476.1 0  -129.1 0   347.0 0    13.0 0    27.5 0    10.3 0   316.3 0   989.6 0
 1997 135  5 15 20 27 20.450  39.39   762.9 0   157.7 0 -9999.9 1 -9999.9 1   285.8 0   293.5 0   293.2 0   409.6 0   287.3 0   287.7 0    93.3 0 -9999.9 1   605.2 0  -123.8 0   481.4 0    12.8 0    27.4 0    10.4 0   325.7 0   989.6 0
 1997 135  5 15 20 30 20.500  39.92   701.6 0   143.1 0 -9999.9 1 -9999.9 1   287.8 0   293.5 0   293.2 0   410.6 0   287.2 0   287.7 0    88.6 0 -9999.9 1   558.5 0  -122.8 0   435.7 0    13.0 0    27.5 0     9.2 0   330.2 0   989.6 0
 1997 135  5 15 20 33 20.550  40.46   892.1 0   182.7 0 -9999.9 1 -9999.9 1   287.9 0   293.7 0   293.9 0   418.1 0   287.5 0   288.1 0   102.3 0 -9999.9 1   709.4 0  -130.2 0   579.2 0    13.4 0    27.4 0    11.1 0   333.5 0   989.6 0
 1997 135  5 15 20 36 20.600  41.01   557.6 0   113.9 0 -9999.9 1 -9999.9 1   279.3 0   293.8 0   293.3 0   407.7 0   287.7 0   288.0 0    79.5 0 -9999.9 1   443.7 0  -128.4 0   315.3 0    13.2 0    26.4 0    10.7 0   318.9 0   989.7 0
 1997 135  5 15 20 39 20.650  41.55   803.6 0   171.3 0 -9999.9 1 -9999.9 1   280.1 0   293.8 0   293.4 0   409.7 0   287.5 0   288.0 0    91.2 0 -9999.9 1   632.3 0  -129.5 0   502.8 0    13.0 0    26.1 0     9.8 0   316.2 0   989.7 0
 1997 135  5 15 20 42 20.700  42.10   840.0 0   175.1 0 -9999.9 1 -9999.9 1   286.0 0   293.9 0   293.8 0   415.2 0   287.6 0   288.1 0    92.9 0 -9999.9 1   664.9 0  -129.2 0   535.7 0    13.2 0    26.8 0    10.7 0   321.3 0   989.8 0
 1997 135  5 15 20 45 20.750  42.65   857.5 0   180.5 0 -9999.9 1 -9999.9 1   286.5 0   294.0 0   294.0 0   416.1 0   287.7 0   288.2 0    91.6 0 -9999.9 1   677.0 0  -129.7 0   547.3 0    13.0 0    27.0 0     9.8 0   331.2 0   989.8 0
 1997 135  5 15 20 48 20.800  43.20   516.2 0   108.1 0 -9999.9 1 -9999.9 1   282.1 0   294.1 0   293.3 0   404.7 0   287.6 0   287.9 0    68.7 0 -9999.9 1   408.1 0  -122.5 0   285.6 0    12.8 0    26.7 0    11.2 0   318.0 0   989.9 0
 1997 135  5 15 20 51 20.850  43.75   502.6 0   108.1 0 -9999.9 1 -9999.9 1   284.1 0   293.9 0   292.8 0   396.8 0   287.3 0   287.5 0    65.3 0 -9999.9 1   394.5 0  -112.7 0   281.8 0    12.8 0    26.9 0    10.4 0   329.5 0   989.9 0
 1997 135  5 15 20 54 20.900  44.30   859.9 0   181.2 0 -9999.9 1 -9999.9 1   290.6 0   293.8 0   293.9 0   416.2 0   287.3 0   287.9 0    87.5 0 -9999.9 1   678.7 0  -125.7 0   553.0 0    13.1 0    26.9 0     9.9 0   332.4 0   989.8 0
 1997 135  5 15 20 57 20.950  44.86   823.9 0   174.3 0 -9999.9 1 -9999.9 1   287.6 0   294.0 0   294.1 0   415.5 0   287.5 0   288.1 0    86.0 0 -9999.9 1   649.6 0  -128.0 0   521.6 0    13.1 0    26.6 0     9.6 0   340.9 0   989.8 0
 1997 135  5 15 21  0 21.000  45.42   727.4 0   155.6 0 -9999.9 1 -9999.9 1   286.3 0   294.1 0   293.8 0   412.2 0   287.7 0   288.2 0    77.6 0 -9999.9 1   571.8 0  -126.0 0   445.8 0    13.5 0    26.2 0    11.4 0   319.2 0   989.9 0
 1997 135  5 15 21  3 21.050  45.98   822.4 0   178.4 0 -9999.9 1 -9999.9 1   287.3 0   294.2 0   293.9 0   411.9 0   287.7 0   288.2 0    80.4 0 -9999.9 1   644.0 0  -124.6 0   519.4 0    13.2 0    25.9 0    12.2 0   337.3 0   989.9 0
 1997 135  5 15 21  6 21.100  46.54   829.6 0   181.2 0 -9999.9 1 -9999.9 1   292.8 0   294.3 0   294.1 0   413.9 0   287.6 0   288.1 0    78.9 0 -9999.9 1   648.4 0  -121.1 0   527.3 0    12.9 0    26.4 0    10.4 0   328.4 0   990.0 0
 1997 135  5 15 21  9 21.150  47.10   823.3 0   180.3 0 -9999.9 1 -9999.9 1   294.3 0   294.4 0   294.1 0   413.8 0   287.6 0   288.2 0    75.6 0 -9999.9 1   643.0 0  -119.5 0   523.5 0    13.0 0    25.7 0    11.4 0   304.9 0   990.0 0
 1997 135  5 15 21 12 21.200  47.66   789.2 0   176.3 0 -9999.9 1 -9999.9 1   293.8 0   294.5 0   294.1 0   414.2 0   287.7 0   288.2 0    71.3 0 -9999.9 1   612.9 0  -120.4 0   492.5 0    13.2 0    25.2 0    11.1 0   311.4 0   990.0 0
 1997 135  5 15 21 15 21.250  48.22   465.8 0   101.0 0 -9999.9 1 -9999.9 1   291.6 0   294.5 0   293.5 0   402.3 0   287.7 0   287.9 0    53.5 0 -9999.9 1   364.8 0  -110.7 0   254.1 0    13.0 0    25.6 0    11.7 0   319.3 0   990.1 0
 1997 135  5 15 21 18 21.300  48.79   405.9 0    91.3 0 -9999.9 1 -9999.9 1   298.5 0   294.2 0   293.0 0   395.6 0   287.4 0   287.6 0    47.9 0 -9999.9 1   314.6 0   -97.1 0   217.5 0    13.0 0    26.0 0     9.3 0   321.2 0   990.2 0
 1997 135  5 15 21 21 21.350  49.36   521.2 0   114.1 0 -9999.9 1 -9999.9 1   294.9 0   294.0 0   293.5 0   406.1 0   287.4 0   287.8 0    52.5 0 -9999.9 1   407.1 0  -111.2 0   295.9 0    13.1 0    26.2 0     9.3 0   318.1 0   990.2 0
 1997 135  5 15 21 24 21.400  49.92   189.7 0    42.4 0 -9999.9 1 -9999.9 1   292.7 0   293.8 0   292.2 0   388.7 0   287.3 0   287.3 0    34.5 0 -9999.9 1   147.3 0   -96.0 0    51.3 0    13.0 0    25.5 0    10.3 0   314.8 0   990.2 0
 1997 135  5 15 21 27 21.450  50.49   552.8 0   124.0 0 -9999.9 1 -9999.9 1   297.0 0   293.5 0   292.7 0   400.3 0   287.1 0   287.5 0    49.6 0 -9999.9 1   428.8 0  -103.3 0   325.5 0    13.1 0    25.7 0    11.4 0   318.6 0   990.2 0
 1997 135  5 15 21 30 21.500  51.06   296.5 0    64.4 0 -9999.9 1 -9999.9 1   300.1 0   293.3 0   292.2 0   391.0 0   287.1 0   287.2 0    36.9 0 -9999.9 1   232.1 0   -90.9 0   141.2 0    12.9 0    25.8 0    10.8 0   326.5 0   990.3 0
 1997 135  5 15 21 33 21.550  51.63   215.2 0    47.2 0 -9999.9 1 -9999.9 1   308.6 0   293.0 0   291.9 0   388.6 0   287.0 0   287.1 0    30.5 0 -9999.9 1   168.0 0   -80.1 0    87.9 0    12.9 0    26.1 0     8.8 0   329.6 0   990.3 0
 1997 135  5 15 21 36 21.600  52.20   206.3 0    45.7 0 -9999.9 1 -9999.9 1   303.9 0   292.7 0   291.6 0   386.9 0   286.8 0   286.9 0    30.0 0 -9999.9 1   160.6 0   -83.0 0    77.6 0    12.8 0    26.4 0     8.9 0   327.4 0   990.3 0
 1997 135  5 15 21 39 21.650  52.76   153.4 0    33.5 0 -9999.9 1 -9999.9 1   291.4 0   292.4 0   291.2 0   384.4 0   286.7 0   286.8 0    29.0 0 -9999.9 1   119.9 0   -93.0 0    26.9 0    12.9 0    26.0 0     9.2 0   318.1 0   990.4 0
 1997 135  5 15 21 42 21.700  53.34   169.4 0    36.2 0 -9999.9 1 -9999.9 1   287.9 0   292.1 0   290.8 0   383.1 0   286.7 0   286.8 0    29.7 0 -9999.9 1   133.2 0   -95.2 0    38.0 0    12.9 0    26.4 0    11.3 0   326.3 0   990.4 0
 1997 135  5 15 21 45 21.750  53.91   156.0 0    33.8 0 -9999.9 1 -9999.9 1   287.8 0   291.8 0   290.5 0   382.1 0   286.6 0   286.7 0    28.8 0 -9999.9 1   122.2 0   -94.3 0    27.9 0    12.8 0    26.3 0    10.1 0   317.4 0   990.4 0
 1997 135  5 15 21 48 21.800  54.48   329.5 0    74.7 0 -9999.9 1 -9999.9 1   292.8 0   291.6 0   290.8 0   387.6 0   286.5 0   286.7 0    33.7 0 -9999.9 1   254.8 0   -94.8 0   160.0 0    12.7 0    25.6 0     8.8 0   324.4 0   990.4 0
 1997 135  5 15 21 51 21.850  55.05   535.8 0   124.0 0 -9999.9 1 -9999.9 1   289.2 0   291.6 0   291.5 0   397.2 0   286.6 0   287.0 0    42.0 0 -9999.9 1   411.8 0  -108.0 0   303.8 0    12.9 0    24.9 0    10.5 0   322.9 0   990.4 0
 1997 135  5 15 21 54 21.900  55.62   464.4 0   105.5 0 -9999.9 1 -9999.9 1   284.7 0   291.9 0   291.6 0   397.7 0   286.9 0   287.3 0    39.6 0 -9999.9 1   358.9 0  -113.0 0   245.9 0    13.1 0    24.7 0    11.2 0   302.0 0   990.4 0
 1997 135  5 15 21 57 21.950  56.19   500.1 0   117.6 0 -9999.9 1 -9999.9 1   286.5 0   292.1 0   291.7 0   396.6 0   287.0 0   287.3 0    38.5 0 -9999.9 1   382.5 0  -110.1 0   272.4 0    13.2 0    24.9 0    10.0 0   316.6 0   990.4 0
 1997 135  5 15 22  0 22.000  56.77   621.4 0   145.8 0 -9999.9 1 -9999.9 1   289.0 0   292.4 0   292.5 0   404.4 0   287.2 0   287.7 0    41.0 0 -9999.9 1   475.6 0  -115.4 0   360.2 0    13.3 0    24.9 0     9.6 0   318.4 0   990.4 0
 1997 135  5 15 22  3 22.050  57.34   625.9 0   146.5 0 -9999.9 1 -9999.9 1   293.8 0   292.8 0   292.7 0   405.7 0   287.4 0   288.0 0    40.1 0 -9999.9 1   479.4 0  -111.9 0   367.5 0    13.4 0    24.4 0    10.2 0   306.8 0   990.4 0
 1997 135  5 15 22  6 22.100  57.91   469.8 0   108.2 0 -9999.9 1 -9999.9 1   286.5 0   293.1 0   292.6 0   401.5 0   287.6 0   288.0 0    35.7 0 -9999.9 1   361.6 0  -114.9 0   246.7 0    13.5 0    24.6 0    10.9 0   309.5 0   990.4 0
 1997 135  5 15 22  9 22.150  58.49   127.9 0    28.5 0 -9999.9 1 -9999.9 1   282.1 0   293.1 0   291.7 0   384.8 0   287.5 0   287.5 0    24.8 0 -9999.9 1    99.4 0  -102.7 0    -3.3 0    13.3 0    25.1 0    10.2 0   334.2 0   990.4 0
 1997 135  5 15 22 12 22.200  59.06   382.5 0    91.8 0 -9999.9 1 -9999.9 1   286.5 0   292.9 0   291.9 0   391.2 0   287.3 0   287.5 0    27.8 0 -9999.9 1   290.7 0  -104.7 0   186.0 0    13.2 0    25.1 0    11.4 0   327.0 0   990.5 0
 1997 135  5 15 22 15 22.250  59.63   550.8 0   136.1 0 -9999.9 1 -9999.9 1   293.7 0   292.9 0   292.5 0   399.7 0   287.2 0   287.6 0    30.0 0 -9999.9 1   414.7 0  -106.0 0   308.7 0    13.1 0    25.3 0     9.5 0   323.5 0   990.5 0
 1997 135  5 15 22 18 22.300  60.21   564.4 0   138.0 0 -9999.9 1 -9999.9 1   298.3 0   293.1 0   293.0 0   403.1 0   287.3 0   287.8 0    30.1 0 -9999.9 1   426.4 0  -104.8 0   321.6 0    13.2 0    25.4 0     9.0 0   322.9 0   990.5 0
 1997 135  5 15 22 21 22.350  60.78   534.5 0   131.8 0 -9999.9 1 -9999.9 1   298.8 0   293.3 0   293.1 0   402.9 0   287.5 0   287.9 0    28.9 0 -9999.9 1   402.7 0  -104.1 0   298.6 0    13.5 0    25.1 0     9.8 0   327.9 0   990.5 0
 1997 135  5 15 22 24 22.400  61.35   542.7 0   134.8 0 -9999.9 1 -9999.9 1   301.5 0   293.5 0   293.3 0   402.3 0   287.6 0   288.0 0    27.4 0 -9999.9 1   407.9 0  -100.8 0   307.1 0    13.4 0    25.0 0     9.4 0   330.5 0   990.6 0
 1997 135  5 15 22 27 22.450  61.93   517.2 0   127.8 0 -9999.9 1 -9999.9 1   304.4 0   293.8 0   293.5 0   402.0 0   287.7 0   288.1 0    25.0 0 -9999.9 1   389.4 0   -97.6 0   291.8 0    13.5 0    24.8 0     9.3 0   327.2 0   990.6 0
 1997 135  5 15 22 30 22.500  62.50   506.9 0   128.3 0 -9999.9 1 -9999.9 1   304.2 0   294.0 0   293.7 0   402.5 0   287.8 0   288.2 0    22.7 0 -9999.9 1   378.6 0   -98.3 0   280.3 0    13.8 0    24.7 0    10.0 0   322.2 0   990.6 0
 1997 135  5 15 22 33 22.550  63.07   506.1 0   129.2 0 -9999.9 1 -9999.9 1   312.6 0   294.2 0   293.4 0   402.3 0   288.0 0   288.4 0    20.6 0 -9999.9 1   376.9 0   -89.7 0   287.2 0    13.9 0    24.3 0     9.4 0   316.1 0   990.6 0
 1997 135  5 15 22 36 22.600  63.64   515.4 0   132.0 0 -9999.9 1 -9999.9 1   319.5 0   294.3 0   293.9 0   403.6 0   288.0 0   288.4 0    19.9 0 -9999.9 1   383.4 0   -84.1 0   299.3 0    13.8 0    24.7 0     9.2 0   332.8 0   990.6 0
 1997 135  5 15 22 39 22.650  64.21   510.4 0   130.5 0 -9999.9 1 -9999.9 1   316.6 0   294.4 0   294.0 0   404.1 0   288.1 0   288.5 0    20.1 0 -9999.9 1   379.9 0   -87.6 0   292.3 0    13.8 0    24.8 0     8.7 0   328.0 0   990.7 0
 1997 135  5 15 22 42 22.700  64.79   457.3 0   119.4 0 -9999.9 1 -9999.9 1   297.2 0   294.5 0   294.0 0   400.5 0   288.1 0   288.4 0    20.2 0 -9999.9 1   337.9 0  -103.3 0   234.6 0    13.8 0    24.8 0     9.3 0   329.8 0   990.7 0
 1997 135  5 15 22 45 22.750  65.36   425.2 0   115.0 0 -9999.9 1 -9999.9 1   286.8 0   294.6 0   293.7 0   395.9 0   288.0 0   288.2 0    18.8 0 -9999.9 1   310.2 0  -109.1 0   201.1 0    13.6 0    23.9 0    10.5 0   321.4 0   990.7 0
 1997 135  5 15 22 48 22.800  65.93   431.7 0   115.5 0 -9999.9 1 -9999.9 1   292.1 0   294.5 0   293.6 0   396.0 0   287.8 0   288.1 0    18.0 0 -9999.9 1   316.2 0  -103.9 0   212.3 0    13.5 0    24.4 0    10.0 0   324.4 0   990.7 0
 1997 135  5 15 22 51 22.850  66.50   432.2 0   114.7 0 -9999.9 1 -9999.9 1   295.0 0   294.5 0   293.7 0   397.3 0   287.8 0   288.1 0    17.5 0 -9999.9 1   317.5 0  -102.3 0   215.2 0    13.7 0    24.7 0     9.3 0   324.3 0   990.7 0
 1997 135  5 15 22 54 22.900  67.07   418.4 0   112.7 0 -9999.9 1 -9999.9 1   300.0 0   294.5 0   293.8 0   397.7 0   287.8 0   288.2 0    15.8 0 -9999.9 1   305.7 0   -97.7 0   208.0 0    13.6 0    24.7 0     8.3 0   322.5 0   990.7 0
 1997 135  5 15 22 57 22.950  67.64   399.1 0   106.3 0 -9999.9 1 -9999.9 1   309.7 0   294.5 0   293.9 0   398.0 0   287.9 0   288.2 0    14.1 0 -9999.9 1   292.8 0   -88.3 0   204.5 0    13.8 0    24.6 0     8.3 0   320.9 0   990.7 0
 1997 135  5 15 23  0 23.000  68.20   225.1 0    54.9 0 -9999.9 1 -9999.9 1   306.5 0   294.4 0   293.0 0   391.2 0   287.9 0   288.0 0    12.6 0 -9999.9 1   170.2 0   -84.8 0    85.4 0    13.7 0    23.9 0    10.4 0   305.4 0   990.7 0
 1997 135  5 15 23  3 23.050  68.77   232.6 0    64.2 0 -9999.9 1 -9999.9 1   293.6 0   294.0 0   292.3 0   386.2 0   287.6 0   287.7 0    12.3 0 -9999.9 1   168.4 0   -92.6 0    75.8 0    13.4 0    24.0 0    12.1 0   311.6 0   990.7 0
 1997 135  5 15 23  6 23.100  69.34   307.4 0    88.7 0 -9999.9 1 -9999.9 1   281.5 0   293.7 0   292.5 0   388.9 0   287.4 0   287.6 0    12.6 0 -9999.9 1   218.7 0  -107.4 0   111.3 0    13.4 0    24.1 0    11.5 0   317.5 0   990.7 0
 1997 135  5 15 23  9 23.150  69.91   307.5 0    89.0 0 -9999.9 1 -9999.9 1   276.2 0   293.6 0   292.5 0   388.9 0   287.4 0   287.6 0    12.3 0 -9999.9 1   218.5 0  -112.6 0   105.9 0    13.4 0    24.1 0    10.1 0   316.7 0   990.7 0
 1997 135  5 15 23 12 23.200  70.47   300.4 0    87.5 0 -9999.9 1 -9999.9 1   277.1 0   293.5 0   292.4 0   388.3 0   287.3 0   287.6 0    11.7 0 -9999.9 1   212.9 0  -111.2 0   101.7 0    13.3 0    24.1 0     9.3 0   312.8 0   990.7 0
 1997 135  5 15 23 15 23.250  71.04   292.0 0    85.1 0 -9999.9 1 -9999.9 1   279.6 0   293.4 0   292.5 0   388.0 0   287.3 0   287.6 0    10.9 0 -9999.9 1   206.9 0  -108.4 0    98.5 0    13.4 0    24.2 0    10.2 0   322.6 0   990.7 0
 1997 135  5 15 23 18 23.300  71.60   296.3 0    87.4 0 -9999.9 1 -9999.9 1   285.2 0   293.4 0   292.5 0   388.2 0   287.3 0   287.6 0     9.9 0 -9999.9 1   208.9 0  -103.0 0   105.9 0    13.3 0    24.2 0     8.4 0   326.1 0   990.7 0
 1997 135  5 15 23 21 23.350  72.17   308.5 0    89.0 0 -9999.9 1 -9999.9 1   298.0 0   293.4 0   293.0 0   390.8 0   287.3 0   287.6 0     9.1 0 -9999.9 1   219.5 0   -92.8 0   126.7 0    13.5 0    24.4 0     7.1 0   328.1 0   990.7 0
 1997 135  5 15 23 24 23.400  72.73   309.6 0    88.9 0 -9999.9 1 -9999.9 1   306.8 0   293.5 0   292.8 0   391.2 0   287.4 0   287.7 0     8.2 0 -9999.9 1   220.7 0   -84.4 0   136.3 0    13.7 0    24.4 0     9.7 0   322.4 0   990.7 0
 1997 135  5 15 23 27 23.450  73.29   230.1 0    63.2 0 -9999.9 1 -9999.9 1   310.9 0   293.6 0   292.8 0   388.9 0   287.5 0   287.7 0     7.2 0 -9999.9 1   166.9 0   -78.0 0    88.9 0    13.6 0    24.4 0     7.9 0   339.3 0   990.7 0
 1997 135  5 15 23 30 23.500  73.85   114.9 0    26.3 0 -9999.9 1 -9999.9 1   305.4 0   293.4 0   292.1 0   382.6 0   287.4 0   287.4 0     6.6 0 -9999.9 1    88.6 0   -77.2 0    11.4 0    13.5 0    24.5 0     8.2 0   332.3 0   990.7 0
 1997 135  5 15 23 33 23.550  74.41   211.2 0    63.4 0 -9999.9 1 -9999.9 1   291.7 0   293.1 0   292.1 0   384.0 0   287.2 0   287.4 0     6.8 0 -9999.9 1   147.8 0   -92.3 0    55.5 0    13.4 0    24.8 0     7.9 0   329.1 0   990.8 0
 1997 135  5 15 23 36 23.600  74.97   221.3 0    68.7 0 -9999.9 1 -9999.9 1   282.6 0   293.0 0   292.3 0   385.2 0   287.2 0   287.5 0     6.7 0 -9999.9 1   152.6 0  -102.6 0    50.0 0    13.4 0    24.4 0     7.9 0   321.4 0   990.8 0
 1997 135  5 15 23 39 23.650  75.53   163.1 0    49.9 0 -9999.9 1 -9999.9 1   277.6 0   293.0 0   292.0 0   382.4 0   287.2 0   287.4 0     6.2 0 -9999.9 1   113.2 0  -104.8 0     8.4 0    13.4 0    23.9 0     8.1 0   318.3 0   990.8 0
 1997 135  5 15 23 42 23.700  76.08   149.2 0    47.7 0 -9999.9 1 -9999.9 1   275.7 0   292.8 0   291.7 0   379.4 0   287.1 0   287.2 0     5.7 0 -9999.9 1   101.5 0  -103.7 0    -2.2 0    13.3 0    24.5 0     8.5 0   333.5 0   990.7 0
 1997 135  5 15 23 45 23.750  76.64   135.5 0    41.4 0 -9999.9 1 -9999.9 1   277.0 0   292.7 0   291.5 0   379.7 0   287.0 0   287.2 0     5.2 0 -9999.9 1    94.1 0  -102.7 0    -8.6 0    13.2 0    24.3 0     7.8 0   316.9 0   990.8 0
 1997 135  5 15 23 48 23.800  77.19   130.5 0    40.7 0 -9999.9 1 -9999.9 1   281.0 0   292.4 0   291.2 0   378.3 0   286.9 0   287.0 0     4.8 0 -9999.9 1    89.8 0   -97.3 0    -7.5 0    13.1 0    24.7 0     9.0 0   331.5 0   990.8 0
 1997 135  5 15 23 51 23.850  77.74   130.1 0    41.0 0 -9999.9 1 -9999.9 1   283.5 0   292.2 0   291.0 0   378.3 0   286.8 0   286.9 0     4.4 0 -9999.9 1    89.1 0   -94.9 0    -5.8 0    13.0 0    24.7 0     8.8 0   329.3 0   990.8 0
 1997 135  5 15 23 54 23.900  78.29    74.2 0    20.4 0 -9999.9 1 -9999.9 1   279.2 0   292.0 0   290.7 0   375.8 0   286.7 0   286.7 0     4.0 0 -9999.9 1    53.8 0   -96.6 0   -42.8 0    12.9 0    25.0 0     9.0 0   338.3 0   990.8 0
 1997 135  5 15 23 57 23.950  78.84   102.3 0    35.9 0 -9999.9 1 -9999.9 1   278.0 0   291.7 0   290.5 0   375.1 0   286.5 0   286.6 0     3.6 0 -9999.9 1    66.4 0   -97.0 0   -30.6 0    12.8 0    25.2 0     8.9 0   339.1 0   990.9 0
