 Bondville
   40.05  -88.37  213 m version 1
 1997 121  5  1 21 51 21.850  57.17   604.8 0 -9999.9 1 -1095.1 1    55.4 0   236.7 0   296.1 0   296.2 0   414.9 0   289.3 0   289.8 0    49.7 0 -9999.9 1 -9999.9 1  -178.2 0 -9999.9 1    16.5 0    23.8 0     1.1 0   347.5 0  1035.6 0
 1997 121  5  1 21 54 21.900  57.74   595.8 0 -9999.9 1 -1164.6 1    54.8 0   240.8 0   296.4 0   296.4 0   415.8 0   289.4 0   289.8 0    49.0 0 -9999.9 1 -9999.9 1  -174.9 0 -9999.9 1    17.0 0    24.2 0     0.6 0   116.3 0  1032.9 0
 1997 121  5  1 21 57 21.950  58.31   581.8 0 -9999.9 1 -1030.6 1    52.9 0   242.1 0   296.6 0   296.9 0   417.8 0   289.7 0   290.1 0    46.5 0 -9999.9 1 -9999.9 1  -175.7 0 -9999.9 1    17.0 0    24.4 0     0.7 0   274.2 0  1032.0 0
 1997 121  5  1 22  0 22.000  58.88   568.5 0 -9999.9 1 -1125.6 1    52.4 0   243.7 0   296.8 0   296.9 0   416.6 0   290.0 0   290.4 0    43.9 0 -9999.9 1 -9999.9 1  -172.8 0 -9999.9 1    17.4 0    24.8 0     1.0 0   126.0 0  1031.6 0
 1997 121  5  1 22  3 22.050  59.45 -9999.9 1 -9999.9 1 -1088.3 1    52.3 0   244.8 0   297.0 0   296.8 0   415.2 0   290.2 0   290.5 0    42.3 0 -9999.9 1 -9999.9 1  -170.4 0 -9999.9 1    17.5 0    25.3 0     1.8 0     6.3 0  1033.7 0
 1997 121  5  1 22  6 22.100  60.02 -9999.9 1 -9999.9 1 -1118.8 1    51.9 0 -9999.9 1   297.0 0   297.0 0   410.9 0   290.2 0   290.4 0    40.7 0 -9999.9 1 -9999.9 1 -9999.9 1 -9999.9 1    17.2 0    24.0 0     1.9 0     5.1 0  1032.6 0
 1997 121  5  1 22  9 22.150  60.59 -9999.9 1 -9999.9 1 -1134.8 1    52.0 0 -9999.9 1   297.2 0   297.2 0   413.3 0   290.3 0   290.6 0    38.6 0 -9999.9 1 -9999.9 1 -9999.9 1 -9999.9 1    17.4 0    25.1 0     1.0 0    31.5 0  1031.9 0
 1997 121  5  1 22 12 22.200  61.16 -9999.9 1 -9999.9 1 -1042.5 1    53.5 0 -9999.9 1   297.4 0   297.3 0   412.6 0   290.4 0   290.7 0    37.5 0 -9999.9 1 -9999.9 1 -9999.9 1 -9999.9 1    17.5 0    24.3 0     1.2 0   354.3 0  1031.5 0
 1997 121  5  1 22 15 22.250  61.74 -9999.9 1 -9999.9 1 -1064.5 1    58.0 0 -9999.9 1   297.5 0   297.1 0   407.1 0   290.6 0   290.8 0    35.0 0 -9999.9 1 -9999.9 1 -9999.9 1 -9999.9 1    17.1 0    23.4 0     3.7 0   351.5 0  1032.9 0
 1997 121  5  1 22 18 22.300  62.31 -9999.9 1 -9999.9 1 -1049.8 1    63.7 0 -9999.9 1   297.5 0   296.9 0 -9999.9 1   290.3 0   290.5 0    32.9 0 -9999.9 1 -9999.9 1 -9999.9 1 -9999.9 1    17.0 0    23.3 0     2.9 0   353.3 0  1032.6 0
 1997 121  5  1 22 21 22.350  62.88 -9999.9 1 -9999.9 1 -1102.4 1    63.4 0 -9999.9 1   297.3 0   296.8 0 -9999.9 1   290.0 0   290.2 0    31.5 0 -9999.9 1 -9999.9 1 -9999.9 1 -9999.9 1    16.8 0    23.4 0     2.0 0   359.9 0  1023.5 0
 1997 121  5  1 22 24 22.400  63.45 -9999.9 1 -9999.9 1 -1017.7 1    60.0 0 -9999.9 1   300.9 0   296.6 0 -9999.9 1   289.8 0   290.1 0    29.5 0 -9999.9 1 -9999.9 1 -9999.9 1 -9999.9 1    16.9 0    23.4 0     2.5 0   322.1 0  1008.8 0
 1997 121  5  1 22 27 22.450  64.03 -9999.9 1 -9999.9 1 -1024.6 1    58.8 0 -9999.9 1   297.1 0   296.6 0 -9999.9 1   289.9 0   290.2 0    30.0 0 -9999.9 1 -9999.9 1 -9999.9 1 -9999.9 1    16.8 0    23.3 0     2.0 0   308.5 0  1022.2 0
 1997 121  5  1 22 30 22.500  64.60 -9999.9 1 -9999.9 1 -1163.9 1    54.7 0 -9999.9 1   297.1 0   297.0 0 -9999.9 1   290.1 0   290.5 0    27.6 0 -9999.9 1 -9999.9 1 -9999.9 1 -9999.9 1    17.1 0    23.2 0     0.5 0   346.3 0  1024.2 0
 1997 121  5  1 22 33 22.550  65.17 -9999.9 1 -9999.9 1 -1053.8 1    53.9 0 -9999.9 1   297.1 0   296.9 0 -9999.9 1   290.2 0   290.5 0    25.3 0 -9999.9 1 -9999.9 1 -9999.9 1 -9999.9 1    17.4 0    22.7 0     0.6 0    22.0 0  1020.4 0
 1997 121  5  1 22 36 22.600  65.74 -9999.9 1 -9999.9 1 -1168.4 1    54.3 0 -9999.9 1   297.1 0   296.9 0 -9999.9 1   290.2 0   290.5 0    25.1 0 -9999.9 1 -9999.9 1 -9999.9 1 -9999.9 1    17.7 0    23.2 0     0.9 0   138.9 0  1024.8 0
 1997 121  5  1 22 39 22.650  66.32 -9999.9 1 -9999.9 1 -1094.7 1    53.4 0 -9999.9 1   297.2 0   296.8 0 -9999.9 1   290.4 0   290.6 0    24.0 0 -9999.9 1 -9999.9 1 -9999.9 1 -9999.9 1    17.4 0    22.9 0     2.2 0   265.2 0  1022.0 0
 1997 121  5  1 22 42 22.700  66.89 -9999.9 1 -9999.9 1 -1119.7 1    54.1 0 -9999.9 1   300.0 0   298.1 0 -9999.9 1   290.1 0   290.4 0    22.7 0 -9999.9 1 -9999.9 1 -9999.9 1 -9999.9 1    17.5 0    23.1 0     2.9 0   294.0 0  1021.0 0
 1997 121  5  1 22 45 22.750  67.46 -9999.9 1 -9999.9 1 -1016.8 1 -9999.9 1 -9999.9 1 -9999.9 1 -9999.9 1 -9999.9 1   290.0 0   290.2 0    20.8 0 -9999.9 1 -9999.9 1 -9999.9 1 -9999.9 1    17.3 0    23.0 0     2.9 0   276.5 0   940.1 0
 1997 121  5  1 22 48 22.800  68.04 -9999.9 1 -9999.9 1 -9999.9 1 -9999.9 1 -9999.9 1 -9999.9 1 -9999.9 1 -9999.9 1   290.2 0   289.9 0    17.9 0 -9999.9 1 -9999.9 1 -9999.9 1 -9999.9 1    17.1 0    23.2 0     3.0 0   254.7 0   920.1 0
 1997 121  5  1 22 51 22.850  68.61 -9999.9 1 -9999.9 1 -9999.9 1 -9999.9 1 -9999.9 1 -9999.9 1 -9999.9 1 -9999.9 1   291.6 0   290.1 0    15.7 0 -9999.9 1 -9999.9 1 -9999.9 1 -9999.9 1    17.0 0    23.6 0     1.6 0   252.4 0   921.9 0
 1997 121  5  1 22 54 22.900  69.18 -9999.9 1 -9999.9 1 -9999.9 1 -9999.9 1 -9999.9 1 -9999.9 1 -9999.9 1 -9999.9 1   292.2 0   290.3 0    15.3 0 -9999.9 1 -9999.9 1 -9999.9 1 -9999.9 1    17.1 0    23.5 0     1.5 0   304.8 0   923.8 0
 1997 121  5  1 22 57 22.950  69.75 -9999.9 1 -9999.9 1 -9999.9 1 -9999.9 1 -9999.9 1 -9999.9 1 -9999.9 1 -9999.9 1   293.8 0   290.9 0    13.5 0 -9999.9 1 -9999.9 1 -9999.9 1 -9999.9 1    17.3 0    23.6 0     1.0 0   315.8 0   921.4 0
 1997 121  5  1 23  0 23.000  70.32 -9999.9 1 -9999.9 1 -9999.9 1 -9999.9 1 -9999.9 1 -9999.9 1 -9999.9 1 -9999.9 1   388.4 1   330.9 0    11.6 0 -9999.9 1 -9999.9 1 -9999.9 1 -9999.9 1    17.4 0    23.4 0     0.8 0   251.2 0   933.8 0
 1997 121  5  1 23  3 23.050  70.89 -9999.9 1 -9999.9 1 -9999.9 1 -9999.9 1 -9999.9 1 -9999.9 1 -9999.9 1 -9999.9 1 -9999.9 1 -9999.9 1    10.8 0 -9999.9 1 -9999.9 1 -9999.9 1 -9999.9 1    17.7 0    23.9 0     0.6 0   316.7 0   918.0 0
 1997 121  5  1 23  6 23.100  71.46 -9999.9 1 -9999.9 1 -9999.9 1 -9999.9 1 -9999.9 1 -9999.9 1 -9999.9 1 -9999.9 1 -9999.9 1 -9999.9 1    10.1 0 -9999.9 1 -9999.9 1 -9999.9 1 -9999.9 1    17.9 0    23.2 0     0.5 0   340.4 0   874.5 0
 1997 121  5  1 23  9 23.150  72.03 -9999.9 1 -9999.9 1 -9999.9 1 -9999.9 1 -9999.9 1 -9999.9 1 -9999.9 1 -9999.9 1 -9999.9 1 -9999.9 1     7.0 0 -9999.9 1 -9999.9 1 -9999.9 1 -9999.9 1    17.5 0    23.1 0     2.1 0   325.6 0   799.3 0
 1997 121  5  1 23 12 23.200  72.60 -9999.9 1 -9999.9 1 -9999.9 1 -9999.9 1 -9999.9 1 -9999.9 1 -9999.9 1 -9999.9 1 -9999.9 1 -9999.9 1     8.0 0 -9999.9 1 -9999.9 1 -9999.9 1 -9999.9 1    17.5 0    23.2 0     2.8 0   275.9 0   803.7 0
 1997 121  5  1 23 15 23.250  73.17 -9999.9 1 -9999.9 1 -9999.9 1 -9999.9 1 -9999.9 1 -9999.9 1 -9999.9 1 -9999.9 1 -9999.9 1 -9999.9 1     7.0 0 -9999.9 1 -9999.9 1 -9999.9 1 -9999.9 1    17.0 0    22.8 0     3.6 0   294.5 0   799.0 0
 1997 121  5  1 23 18 23.300  73.74 -9999.9 1 -9999.9 1 -9999.9 1 -9999.9 1 -9999.9 1 -9999.9 1 -9999.9 1 -9999.9 1 -9999.9 1 -9999.9 1     2.4 0 -9999.9 1 -9999.9 1 -9999.9 1 -9999.9 1    17.1 0    22.9 0     3.4 0   294.2 0   737.4 0
 1997 121  5  1 23 21 23.350  74.31 -9999.9 1 -9999.9 1 -9999.9 1 -9999.9 1 -9999.9 1 -9999.9 1 -9999.9 1 -9999.9 1 -9999.9 1 -9999.9 1     3.0 0 -9999.9 1 -9999.9 1 -9999.9 1 -9999.9 1    17.1 0    22.9 0     2.5 0   291.0 0   720.1 0
 1997 121  5  1 23 24 23.400  74.88 -9999.9 1 -9999.9 1 -9999.9 1 -9999.9 1 -9999.9 1 -9999.9 1 -9999.9 1 -9999.9 1 -9999.9 1 -9999.9 1     2.4 0 -9999.9 1 -9999.9 1 -9999.9 1 -9999.9 1    17.1 0    23.0 0     1.5 0   258.7 0   727.6 0
 1997 121  5  1 23 27 23.450  75.44 -9999.9 1 -9999.9 1 -9999.9 1 -9999.9 1 -9999.9 1 -9999.9 1 -9999.9 1 -9999.9 1 -9999.9 1 -9999.9 1     3.3 0 -9999.9 1 -9999.9 1 -9999.9 1 -9999.9 1    17.1 0    22.8 0     1.5 0   245.1 0   842.5 0
 1997 121  5  1 23 30 23.500  76.01 -9999.9 1 -9999.9 1 -9999.9 1 -9999.9 1 -9999.9 1 -9999.9 1 -9999.9 1 -9999.9 1 -9999.9 1 -9999.9 1     1.6 0 -9999.9 1 -9999.9 1 -9999.9 1 -9999.9 1    17.0 0    22.7 0     1.5 0   239.3 0   768.6 0
 1997 121  5  1 23 33 23.550  76.57 -9999.9 1 -9999.9 1 -9999.9 1 -9999.9 1 -9999.9 1 -9999.9 1 -9999.9 1 -9999.9 1 -9999.9 1 -9999.9 1     2.1 0 -9999.9 1 -9999.9 1 -9999.9 1 -9999.9 1    16.9 0    21.9 0     2.8 0   238.9 0   782.4 0
 1997 121  5  1 23 36 23.600  77.14 -9999.9 1 -9999.9 1 -9999.9 1 -9999.9 1 -9999.9 1 -9999.9 1 -9999.9 1 -9999.9 1 -9999.9 1 -9999.9 1    -1.1 0 -9999.9 1 -9999.9 1 -9999.9 1 -9999.9 1    16.7 0    22.0 0     3.2 0   273.9 0   844.5 0
 1997 121  5  1 23 39 23.650  77.70 -9999.9 1 -9999.9 1 -9999.9 1 -9999.9 1 -9999.9 1 -9999.9 1 -9999.9 1 -9999.9 1 -9999.9 1 -9999.9 1    -0.2 0 -9999.9 1 -9999.9 1 -9999.9 1 -9999.9 1    16.6 0    21.9 0     3.1 0   282.5 0   842.8 0
 1997 121  5  1 23 42 23.700  78.26 -9999.9 1 -9999.9 1 -9999.9 1 -9999.9 1 -9999.9 1 -9999.9 1 -9999.9 1 -9999.9 1 -9999.9 1 -9999.9 1    -4.4 0 -9999.9 1 -9999.9 1 -9999.9 1 -9999.9 1    16.5 0    22.3 0     2.4 0   279.0 0   665.1 0
 1997 121  5  1 23 45 23.750  78.82 -9999.9 1 -9999.9 1 -9999.9 1 -9999.9 1 -9999.9 1 -9999.9 1 -9999.9 1 -9999.9 1 -9999.9 1 -9999.9 1     0.4 0 -9999.9 1 -9999.9 1 -9999.9 1 -9999.9 1    16.5 0    22.4 0     2.8 0   294.8 0   661.9 0
 1997 121  5  1 23 48 23.800  79.38 -9999.9 1 -9999.9 1 -9999.9 1 -9999.9 1 -9999.9 1 -9999.9 1 -9999.9 1 -9999.9 1 -9999.9 1 -9999.9 1    -1.9 0 -9999.9 1 -9999.9 1 -9999.9 1 -9999.9 1    16.3 0    23.0 0     3.0 0   256.1 0   686.0 0
 1997 121  5  1 23 51 23.850  79.94 -9999.9 1 -9999.9 1 -9999.9 1 -9999.9 1 -9999.9 1 -9999.9 1 -9999.9 1 -9999.9 1 -9999.9 1 -9999.9 1    -1.9 0 -9999.9 1 -9999.9 1 -9999.9 1 -9999.9 1    16.2 0    23.3 0     2.4 0   267.2 0   663.8 0
 1997 121  5  1 23 54 23.900  80.49 -9999.9 1 -9999.9 1 -9999.9 1 -9999.9 1 -9999.9 1 -9999.9 1 -9999.9 1 -9999.9 1 -9999.9 1 -9999.9 1    -0.6 0 -9999.9 1 -9999.9 1 -9999.9 1 -9999.9 1    16.3 0    23.0 0     2.4 0   267.4 0   844.9 0
 1997 121  5  1 23 57 23.950  81.05 -9999.9 1 -9999.9 1 -9999.9 1 -9999.9 1 -9999.9 1 -9999.9 1 -9999.9 1 -9999.9 1 -9999.9 1 -9999.9 1     0.9 0 -9999.9 1 -9999.9 1 -9999.9 1 -9999.9 1    16.3 0    23.3 0     2.1 0   276.5 0   853.8 0
