 Bondville
   40.05  -88.37  213 m version 1
 1997 142  5 22 15 30 15.500  35.93   860.9 0   165.9 0  -948.5 1    97.8 0   279.4 0   295.5 0   295.6 0   423.8 0   289.1 0   289.5 0   148.7 0   378.1 0   695.1 0  -144.3 0   550.7 0    14.5 0    43.0 0     5.6 0    80.1 0  1000.9 0
 1997 142  5 22 15 33 15.550  35.40   860.9 0   165.3 0 -9999.9 1    98.5 0   277.9 0   295.5 0   295.6 0   422.7 0   289.1 0   289.5 0   149.9 0   378.8 0   695.6 0  -144.8 0   550.8 0    14.4 0    42.9 0     6.7 0    11.8 0  1000.9 0
 1997 142  5 22 15 36 15.600  34.88   859.4 0   163.7 0   937.4 0    99.5 0   279.9 0   295.5 0   295.7 0   426.7 0   289.2 0   289.6 0   151.5 0   378.2 0   704.8 0  -146.8 0   558.1 0    14.7 0    42.9 0     5.7 0   357.9 0  1000.8 0
 1997 142  5 22 15 39 15.650  34.35   867.1 0   164.8 0   938.4 0   100.2 0   279.2 0   295.6 0   295.7 0   426.7 0   289.4 0   289.7 0   154.2 0   381.4 0   710.2 0  -147.5 0   562.6 0    14.7 0    42.9 0     5.7 0   357.9 0  1000.8 0
 1997 142  5 22 15 42 15.700  33.84   872.2 0   165.5 0   939.4 0   100.6 0   279.6 0   295.7 0   295.7 0   426.5 0   289.5 0   289.8 0   156.5 0   383.5 0   715.3 0  -146.9 0   568.4 0    14.7 0    42.5 0     6.1 0   357.9 0  1000.8 0
 1997 142  5 22 15 45 15.750  33.32   877.2 0   167.1 0   937.1 0   102.1 0   280.5 0   295.7 0   295.6 0   425.0 0   289.5 0   289.8 0   158.8 0   385.8 0   718.0 0  -144.5 0   573.5 0    14.7 0    42.4 0     7.6 0   357.9 0  1000.8 0
 1997 142  5 22 15 48 15.800  32.81   879.0 0   166.0 0   933.2 0   102.6 0   281.0 0   295.7 0   295.9 0   428.7 0   289.5 0   289.9 0   160.8 0   386.4 0   720.9 0  -147.8 0   573.1 0    14.8 0    42.8 0     5.5 0   357.9 0  1000.8 0
 1997 142  5 22 15 51 15.850  32.30   892.1 0   168.1 0   945.7 0   101.9 0   282.1 0   295.7 0   295.9 0   428.7 0   289.6 0   290.0 0   164.1 0   391.6 0   733.2 0  -146.6 0   586.6 0    15.0 0    42.3 0     6.3 0   357.9 0  1000.8 0
 1997 142  5 22 15 54 15.900  31.80   897.3 0   168.0 0   944.0 0   104.0 0   282.0 0   295.8 0   296.0 0   429.3 0   289.8 0   290.2 0   166.4 0   393.6 0   738.3 0  -147.3 0   591.0 0    15.3 0    41.8 0     6.5 0   358.6 0  1000.7 0
 1997 142  5 22 15 57 15.950  31.30   899.2 0   169.0 0   938.5 0   106.1 0   281.2 0   295.9 0   296.0 0   429.2 0   289.9 0   290.3 0   168.4 0   394.2 0   738.9 0  -148.0 0   590.9 0    15.3 0    41.6 0     7.0 0   358.9 0  1000.7 0
 1997 142  5 22 16  0 16.000  30.80   907.2 0   170.9 0   940.1 0   108.3 0   282.9 0   295.9 0   296.1 0   430.0 0   289.9 0   290.3 0   170.7 0   397.8 0   744.9 0  -147.1 0   597.8 0    15.2 0    41.7 0     6.6 0   358.7 0  1000.8 0
 1997 142  5 22 16  3 16.050  30.32   905.7 0   170.2 0   932.4 0   110.0 0   283.7 0   296.0 0   296.2 0   428.2 0   290.0 0   290.3 0   172.1 0   397.1 0   744.6 0  -144.4 0   600.2 0    15.3 0    41.3 0     7.8 0   359.2 0  1000.8 0
 1997 142  5 22 16  6 16.100  29.83   916.6 0   172.5 0   940.0 0   110.3 0   282.2 0   296.1 0   296.2 0   427.8 0   290.0 0   290.3 0   175.2 0   401.3 0   753.2 0  -145.6 0   607.6 0    15.3 0    40.9 0     7.9 0   358.3 0  1000.9 0
 1997 142  5 22 16  9 16.150  29.35   924.9 0   173.0 0   943.2 0   110.5 0   283.7 0   296.1 0   296.4 0   432.6 0   290.0 0   290.4 0   177.8 0   404.8 0   759.6 0  -148.9 0   610.7 0    15.3 0    40.8 0     5.9 0   358.3 0  1000.8 0
 1997 142  5 22 16 12 16.200  28.88   923.4 0   172.2 0   936.2 0   111.4 0   283.3 0   296.2 0   296.3 0   431.3 0   290.1 0   290.4 0   179.4 0   403.9 0   758.9 0  -148.0 0   610.9 0    15.4 0    40.5 0     7.5 0   358.2 0  1000.8 0
 1997 142  5 22 16 15 16.250  28.42   933.9 0   174.6 0   940.3 0   114.3 0   283.7 0   296.3 0   296.4 0   431.0 0   290.1 0   290.5 0   181.9 0   408.4 0   766.7 0  -147.2 0   619.5 0    15.3 0    40.2 0     7.3 0   358.5 0  1000.9 0
 1997 142  5 22 16 18 16.300  27.96   929.4 0   173.0 0   930.9 0   115.7 0   285.1 0   296.3 0   296.5 0   434.5 0   290.1 0   290.5 0   182.6 0   406.7 0   765.0 0  -149.5 0   615.5 0    15.5 0    40.5 0     6.0 0    19.0 0  1000.9 0
 1997 142  5 22 16 21 16.350  27.50   943.2 0   174.7 0   941.5 0   115.6 0   286.3 0   296.4 0   296.6 0   436.2 0   290.2 0   290.6 0   186.1 0   412.2 0   776.0 0  -149.9 0   626.0 0    15.6 0    40.5 0     6.1 0    53.4 0  1000.9 0
 1997 142  5 22 16 24 16.400  27.06   955.6 0   175.8 0   950.5 0   117.8 0   287.4 0   296.4 0   296.7 0   438.9 0   290.5 0   290.9 0   189.2 0   417.1 0   788.4 0  -151.5 0   637.0 0    16.0 0    40.5 0     6.1 0    81.7 0  1000.9 0
 1997 142  5 22 16 27 16.450  26.62   946.4 0   175.5 0   948.6 0   121.5 0   285.5 0   296.5 0   296.6 0   434.4 0   290.6 0   290.9 0   189.3 0   413.6 0   794.0 0  -148.9 0   645.1 0    15.8 0    39.8 0     7.8 0    80.5 0  1000.9 0
 1997 142  5 22 16 30 16.500  26.19   947.4 0   175.8 0   929.7 0   120.7 0   285.7 0   296.5 0   296.6 0   434.8 0   290.6 0   290.9 0   190.7 0   414.3 0   779.1 0  -149.1 0   630.0 0    15.8 0    39.7 0     7.6 0    75.6 0  1000.9 0
 1997 142  5 22 16 33 16.550  25.77   963.7 0   178.1 0   949.4 0   116.4 0   287.2 0   296.5 0   296.7 0   438.1 0   290.6 0   290.9 0   194.2 0   420.9 0   793.2 0  -151.0 0   642.3 0    15.7 0    39.7 0     5.3 0    36.2 0  1000.9 0
 1997 142  5 22 16 36 16.600  25.36   970.1 0   178.6 0   954.9 0   114.4 0   287.4 0   296.6 0   296.8 0   438.5 0   290.7 0   291.0 0   196.2 0   422.7 0   798.7 0  -151.0 0   647.7 0    15.8 0    39.6 0     7.1 0   359.3 0  1000.8 0
 1997 142  5 22 16 39 16.650  24.96   954.0 0   175.5 0   933.8 0   114.8 0   287.5 0   296.6 0   296.8 0   437.5 0   290.7 0   291.0 0   195.4 0   416.3 0   785.9 0  -150.1 0   635.8 0    15.9 0    39.6 0     7.1 0     3.5 0  1000.8 0
 1997 142  5 22 16 42 16.700  24.57   973.3 0   179.6 0   954.4 0   112.6 0   287.3 0   296.6 0   296.7 0   435.8 0   290.7 0   291.0 0   199.3 0   424.9 0   801.0 0  -148.5 0   652.5 0    15.8 0    39.2 0     6.9 0     1.9 0  1000.8 0
 1997 142  5 22 16 45 16.750  24.19   980.1 0   179.5 0   962.7 0   110.4 0   289.0 0   296.6 0   296.9 0   440.6 0   290.7 0   291.1 0   201.4 0   427.5 0   809.0 0  -151.6 0   657.4 0    15.9 0    39.7 0     5.8 0     6.9 0  1000.7 0
 1997 142  5 22 16 48 16.800  23.81   979.3 0   178.6 0   959.7 0   110.1 0   289.3 0   296.7 0   296.9 0   442.2 0   290.8 0   291.2 0   202.3 0   426.8 0   809.5 0  -152.8 0   656.7 0    16.1 0    39.6 0     6.5 0     8.9 0  1000.7 0
 1997 142  5 22 16 51 16.850  23.46   987.8 0   179.7 0   967.0 0   109.5 0   290.2 0   296.7 0   297.2 0   443.4 0   291.0 0   291.4 0   204.8 0   430.5 0   816.8 0  -153.2 0   663.7 0    16.4 0    39.3 0     6.0 0    15.5 0  1000.7 0
 1997 142  5 22 16 54 16.900  23.11   982.0 0   179.0 0   955.2 0   110.9 0   290.3 0   296.9 0   297.2 0   442.4 0   291.1 0   291.5 0   204.9 0   428.0 0   810.5 0  -152.1 0   658.4 0    16.4 0    39.3 0     6.0 0   359.3 0  1000.7 0
 1997 142  5 22 16 57 16.950  22.77   988.8 0   180.2 0   961.5 0   110.3 0   290.2 0   296.9 0   297.2 0   442.2 0   291.2 0   291.6 0   206.8 0   430.4 0   816.7 0  -152.0 0   664.6 0    16.4 0    39.1 0     6.8 0    12.1 0  1000.6 0
 1997 142  5 22 17  0 17.000  22.45   997.0 0   182.6 0   966.9 0   111.0 0   289.4 0   297.0 0   297.3 0   441.9 0   291.2 0   291.6 0   208.9 0   433.8 0   822.1 0  -152.5 0   669.6 0    16.2 0    38.4 0     6.2 0    21.2 0  1000.6 0
 1997 142  5 22 17  3 17.050  22.14   998.0 0   182.1 0   965.1 0   110.8 0   290.8 0   297.1 0   297.4 0   444.1 0   291.2 0   291.6 0   209.7 0   434.3 0   822.6 0  -153.2 0   669.4 0    16.2 0    38.7 0     6.4 0     2.5 0  1000.5 0
 1997 142  5 22 17  6 17.100  21.85   995.9 0   181.0 0   962.2 0   110.7 0   291.3 0   297.1 0   297.5 0   444.7 0   291.3 0   291.7 0   210.3 0   433.7 0   822.8 0  -153.4 0   669.3 0    16.6 0    38.8 0     6.6 0     3.3 0  1000.4 0
 1997 142  5 22 17  9 17.150  21.57  1000.6 0   181.6 0   963.9 0   111.3 0   292.4 0   297.2 0   297.6 0   447.4 0   291.4 0   291.8 0   211.6 0   435.2 0   826.0 0  -155.0 0   671.0 0    16.6 0    38.7 0     5.5 0     2.6 0  1000.4 0
 1997 142  5 22 17 12 17.200  21.31  1000.3 0   182.2 0   960.6 0   113.3 0   290.6 0   297.3 0   297.6 0   444.1 0   291.5 0   291.9 0   212.3 0   435.0 0   826.0 0  -153.5 0   672.5 0    16.6 0    37.7 0     6.5 0     3.8 0  1000.4 0
 1997 142  5 22 17 15 17.250  21.06  1006.1 0   183.6 0   961.3 0   115.8 0   292.0 0   297.4 0   297.8 0   447.3 0   291.5 0   291.9 0   213.7 0   437.5 0   829.3 0  -155.3 0   674.0 0    16.4 0    38.0 0     4.7 0     5.1 0  1000.4 0
 1997 142  5 22 17 18 17.300  20.83   991.5 0   180.3 0   937.3 0   120.7 0   291.7 0   297.4 0   297.7 0   445.6 0   291.5 0   291.9 0   211.7 0   431.1 0   816.5 0  -154.0 0   662.5 0    16.6 0    38.2 0     6.6 0    15.8 0  1000.3 0
 1997 142  5 22 17 21 17.350  20.62  1004.0 0   182.8 0   943.9 0   127.0 0   292.4 0   297.5 0   297.8 0   446.6 0   291.6 0   292.0 0   214.1 0   436.8 0   827.7 0  -154.2 0   673.5 0    16.5 0    38.0 0     5.3 0    23.8 0  1000.3 0
 1997 142  5 22 17 24 17.400  20.43   995.9 0   181.5 0   926.7 0   133.8 0   292.7 0   297.5 0   297.9 0   447.4 0   291.7 0   292.0 0   213.2 0   433.0 0   820.7 0  -154.7 0   666.0 0    16.7 0    38.1 0     6.3 0    25.5 0  1000.2 0
 1997 142  5 22 17 27 17.450  20.25   994.4 0   182.5 0   920.6 0   138.7 0   291.1 0   297.6 0   297.6 0   442.5 0   291.7 0   292.0 0   213.1 0   432.5 0   819.9 0  -151.4 0   668.5 0    16.7 0    37.7 0     7.9 0    28.3 0  1000.2 0
 1997 142  5 22 17 30 17.500  20.09  1006.9 0   184.4 0   931.7 0   138.8 0   293.5 0   297.6 0   298.0 0   447.6 0   291.6 0   292.0 0   215.6 0   438.4 0   829.4 0  -154.0 0   675.4 0    16.5 0    37.8 0     5.0 0    20.5 0  1000.1 0
 1997 142  5 22 17 33 17.550  19.95  1007.5 0   183.9 0   931.3 0   138.8 0   294.0 0   297.7 0   298.0 0   448.4 0   291.7 0   292.1 0   216.2 0   438.3 0   830.3 0  -154.4 0   675.9 0    16.8 0    37.9 0     7.0 0    23.3 0  1000.0 0
 1997 142  5 22 17 36 17.600  19.84  1026.1 0   188.3 0   944.9 0   145.3 0   293.3 0   297.7 0   297.9 0   446.1 0   291.7 0   292.1 0   219.3 0   445.6 0   845.8 0  -152.8 0   693.0 0    16.7 0    36.9 0     6.9 0    28.7 0  1000.0 0
 1997 142  5 22 17 39 17.650  19.74  1025.2 0   187.6 0   933.5 0   155.8 0   296.1 0   297.8 0   298.3 0   450.4 0   291.8 0   292.2 0   219.4 0   445.7 0   846.8 0  -154.4 0   692.5 0    17.0 0    37.7 0     5.7 0    27.9 0  1000.0 0
 1997 142  5 22 17 42 17.700  19.66  1002.9 0   182.8 0   893.1 0   168.9 0   296.3 0   297.9 0   298.4 0   451.2 0   292.0 0   292.4 0   215.7 0   435.8 0   827.1 0  -155.0 0   672.1 0    17.1 0    37.8 0     5.9 0    16.7 0  1000.0 0
 1997 142  5 22 17 45 17.750  19.60   981.7 0   179.9 0   853.4 0   183.5 0   296.2 0   298.0 0   298.3 0   449.2 0   292.1 0   292.4 0   212.0 0   427.5 0   807.5 0  -153.0 0   654.5 0    17.2 0    37.6 0     6.8 0    29.0 0  1000.0 0
 1997 142  5 22 17 48 17.800  19.57   937.3 0   172.0 0   789.0 0   198.9 0   295.0 0   298.0 0   298.3 0   446.9 0   292.1 0   292.5 0   204.3 0   408.1 0   770.3 0  -151.9 0   618.4 0    17.3 0    37.3 0     6.2 0    33.6 0  1000.0 0
 1997 142  5 22 17 51 17.850  19.55   905.6 0   166.0 0   744.0 0   209.6 0   294.9 0   298.1 0   298.3 0   448.0 0   292.2 0   292.6 0   198.6 0   395.2 0   744.8 0  -153.2 0   591.6 0    17.5 0    37.3 0     4.7 0    27.9 0  1000.0 0
 1997 142  5 22 17 54 17.900  19.56   923.5 0   169.9 0   759.5 0   211.1 0   294.5 0   298.1 0   298.4 0   446.7 0   292.3 0   292.6 0   200.8 0   402.1 0   756.9 0  -152.3 0   604.7 0    17.3 0    36.8 0     5.8 0    29.0 0  1000.0 0
 1997 142  5 22 17 57 17.950  19.58   919.9 0   170.2 0   763.1 0   204.7 0   293.6 0   298.1 0   298.2 0   445.7 0   292.2 0   292.6 0   200.3 0   401.4 0   753.3 0  -152.1 0   601.3 0    17.1 0    36.5 0     4.9 0    24.3 0  1000.0 0
 1997 142  5 22 18  0 18.000  19.63   980.3 0   180.6 0   850.0 0   184.9 0   294.0 0   298.1 0   298.4 0   448.2 0   292.3 0   292.6 0   211.1 0   427.2 0   804.9 0  -154.3 0   650.6 0    17.2 0    36.7 0     5.6 0    52.1 0   999.9 0
 1997 142  5 22 18  3 18.050  19.70  1023.9 0   188.3 0   913.9 0   170.4 0   296.4 0   298.2 0   298.6 0   451.9 0   292.3 0   292.7 0   218.7 0   444.2 0   842.5 0  -155.5 0   686.9 0    17.3 0    36.2 0     6.3 0    32.4 0   999.9 0
 1997 142  5 22 18  6 18.100  19.79  1024.4 0   188.4 0   920.6 0   166.3 0   296.9 0   298.2 0   298.8 0   454.1 0   292.4 0   292.8 0   218.8 0   445.1 0   844.1 0  -157.2 0   686.9 0    17.3 0    36.2 0     4.8 0    33.2 0   999.9 0
 1997 142  5 22 18  9 18.150  19.90  1002.1 0   183.4 0   894.0 0   167.6 0   296.9 0   298.4 0   298.8 0   455.5 0   292.6 0   293.0 0   214.9 0   435.1 0   824.8 0  -158.7 0   666.2 0    17.6 0    36.9 0     5.1 0    32.4 0   999.8 0
 1997 142  5 22 18 12 18.200  20.03  1001.9 0   185.1 0   893.9 0   168.8 0   295.3 0   298.4 0   298.6 0   450.0 0   292.6 0   293.0 0   214.2 0   435.7 0   823.6 0  -154.7 0   668.9 0    17.5 0    35.5 0     6.3 0    40.1 0   999.8 0
 1997 142  5 22 18 15 18.250  20.17   992.8 0   183.1 0   888.9 0   165.7 0   296.4 0   298.5 0   298.8 0   452.2 0   292.7 0   293.1 0   212.7 0   432.1 0   817.0 0  -155.8 0   661.2 0    17.6 0    36.5 0     6.5 0    39.2 0   999.7 0
 1997 142  5 22 18 18 18.300  20.34  1000.3 0   184.9 0   899.9 0   163.0 0   296.1 0   298.5 0   298.9 0   453.4 0   292.7 0   293.1 0   213.4 0   435.6 0   821.9 0  -157.3 0   664.6 0    17.5 0    36.0 0     4.8 0    36.8 0   999.7 0
 1997 142  5 22 18 21 18.350  20.53   991.0 0   183.0 0   892.1 0   160.9 0   295.7 0   298.6 0   299.0 0   453.3 0   292.7 0   293.1 0   211.4 0   431.3 0   813.4 0  -157.5 0   655.8 0    17.5 0    35.8 0     5.3 0    34.9 0   999.6 0
 1997 142  5 22 18 24 18.400  20.73  1002.6 0   185.5 0   912.8 0   155.9 0   296.7 0   298.6 0   299.0 0   453.5 0   292.8 0   293.2 0   212.7 0   436.8 0   824.1 0  -156.8 0   667.3 0    17.6 0    35.8 0     5.3 0    29.1 0   999.6 0
 1997 142  5 22 18 27 18.450  20.95  1023.3 0   188.4 0   942.1 0   150.2 0   297.5 0   298.7 0   299.3 0   459.9 0   292.9 0   293.3 0   215.5 0   445.3 0   841.7 0  -162.5 0   679.2 0    17.8 0    35.9 0     3.8 0    34.9 0   999.6 0
 1997 142  5 22 18 30 18.500  21.19   976.6 0   180.4 0   888.5 0   153.5 0   296.5 0   298.8 0   299.1 0   454.2 0   293.0 0   293.4 0   208.1 0   426.3 0   801.5 0  -157.7 0   643.8 0    17.8 0    35.5 0     5.4 0    27.8 0   999.5 0
 1997 142  5 22 18 33 18.550  21.45  1001.9 0   185.2 0   920.5 0   151.9 0   299.1 0   298.8 0   299.3 0   458.7 0   293.1 0   293.5 0   211.1 0   438.1 0   823.5 0  -159.6 0   663.8 0    17.9 0    36.3 0     4.0 0    20.6 0   999.4 0
 1997 142  5 22 18 36 18.600  21.72  1011.7 0   187.9 0   945.0 0   142.9 0   298.6 0   298.9 0   299.3 0   454.1 0   293.2 0   293.5 0   212.3 0   442.0 0   833.0 0  -155.5 0   677.5 0    18.0 0    35.5 0     6.6 0    30.3 0   999.4 0
 1997 142  5 22 18 39 18.650  22.01  1016.4 0   189.1 0   951.9 0   142.4 0   298.0 0   299.0 0   299.4 0   457.4 0   293.2 0   293.6 0   212.3 0   443.8 0   835.8 0  -159.4 0   676.4 0    18.1 0    35.2 0     4.4 0    60.2 0   999.5 0
 1997 142  5 22 18 42 18.700  22.31   946.6 0   175.8 0   862.6 0   153.6 0   297.3 0   299.1 0   299.4 0   455.6 0   293.3 0   293.6 0   200.7 0   414.3 0   775.8 0  -158.2 0   617.6 0    18.1 0    35.9 0     4.9 0    92.0 0   999.4 0
 1997 142  5 22 18 45 18.750  22.62   957.5 0   179.4 0   863.3 0   164.2 0   296.8 0   299.1 0   299.3 0   454.1 0   293.3 0   293.7 0   200.7 0   419.6 0   781.7 0  -157.3 0   624.4 0    17.8 0    35.1 0     3.9 0    74.7 0   999.4 0
 1997 142  5 22 18 48 18.800  22.95   943.1 0   176.3 0   839.8 0   175.5 0   297.9 0   299.1 0   299.4 0   454.3 0   293.3 0   293.7 0   197.2 0   413.6 0   772.5 0  -156.4 0   616.1 0    18.1 0    34.9 0     5.6 0    86.3 0   999.3 0
 1997 142  5 22 18 51 18.850  23.29   939.1 0   176.6 0   839.0 0   175.9 0   296.0 0   299.1 0   299.2 0   450.6 0   293.3 0   293.7 0   195.8 0   412.2 0   769.9 0  -154.6 0   615.4 0    18.1 0    34.5 0     6.5 0   100.6 0   999.4 0
 1997 142  5 22 18 54 18.900  23.65   989.3 0   185.9 0   907.4 0   165.9 0   298.1 0   299.1 0   299.5 0   457.8 0   293.3 0   293.7 0   202.8 0   433.7 0   811.2 0  -159.7 0   651.5 0    18.3 0    34.9 0     2.7 0   103.3 0   999.4 0
 1997 142  5 22 18 57 18.950  24.01   989.8 0   184.4 0   909.8 0   165.4 0   299.8 0   299.2 0   299.7 0   460.9 0   293.5 0   293.9 0   202.0 0   433.6 0   812.1 0  -161.1 0   651.1 0    18.3 0    35.8 0     4.1 0   106.5 0   999.3 0
 1997 142  5 22 19  0 19.000  24.39   974.3 0   183.2 0   890.4 0   169.9 0   300.0 0   299.3 0   299.9 0   460.2 0   293.6 0   294.0 0   198.6 0   426.8 0   797.7 0  -160.2 0   637.4 0    18.2 0    35.6 0     3.7 0   108.6 0   999.3 0
 1997 142  5 22 19  3 19.050  24.78   944.0 0   177.0 0   861.5 0   168.7 0   300.9 0   299.5 0   300.1 0   459.3 0   293.8 0   294.2 0   193.3 0   414.2 0   773.9 0  -158.4 0   615.6 0    18.7 0    36.2 0     4.7 0   101.4 0   999.3 0
 1997 142  5 22 19  6 19.100  25.17   924.6 0   174.5 0   840.8 0   168.9 0   299.1 0   299.7 0   300.2 0   458.3 0   293.9 0   294.3 0   188.6 0   406.2 0   755.4 0  -159.1 0   596.3 0    18.6 0    34.9 0     3.1 0   126.3 0   999.3 0
 1997 142  5 22 19  9 19.150  25.58   895.6 0   169.5 0   807.1 0   171.9 0   298.6 0   299.8 0   300.1 0   455.8 0   294.1 0   294.4 0   183.6 0   395.1 0   730.3 0  -157.2 0   573.1 0    18.6 0    34.8 0     4.4 0    89.4 0   999.2 0
 1997 142  5 22 19 12 19.200  26.00   910.0 0   173.9 0   823.8 0   174.8 0   297.6 0   299.8 0   299.9 0   451.5 0   294.0 0   294.3 0   183.8 0   401.0 0   741.4 0  -153.9 0   587.5 0    18.5 0    34.2 0     5.8 0    92.0 0   999.2 0
 1997 142  5 22 19 15 19.250  26.42   852.1 0   164.1 0   763.9 0   173.9 0   297.5 0   299.8 0   299.8 0   448.6 0   293.9 0   294.2 0   174.6 0   376.8 0   694.0 0  -151.0 0   543.0 0    18.5 0    34.1 0     5.8 0    89.3 0   999.2 0
 1997 142  5 22 19 18 19.300  26.86   912.9 0   175.6 0   839.8 0   171.6 0   297.9 0   299.7 0   299.9 0   452.0 0   293.7 0   294.1 0   181.4 0   403.7 0   745.2 0  -154.1 0   591.1 0    18.2 0    34.2 0     4.2 0   101.5 0   999.1 0
 1997 142  5 22 19 21 19.350  27.30   899.8 0   171.7 0   829.5 0   169.4 0   299.5 0   299.8 0   300.2 0   458.2 0   293.8 0   294.2 0   178.6 0   396.1 0   734.7 0  -158.7 0   576.0 0    18.5 0    34.8 0     3.4 0    84.9 0   999.1 0
 1997 142  5 22 19 24 19.400  27.75   920.0 0   176.2 0   862.3 0   165.6 0   300.5 0   299.9 0   300.3 0   457.3 0   293.9 0   294.3 0   180.1 0   405.8 0   752.6 0  -156.8 0   595.8 0    18.7 0    34.9 0     4.4 0    82.9 0   999.0 0
 1997 142  5 22 19 27 19.450  28.20   960.8 0   185.1 0   920.9 0   159.6 0   300.7 0   300.0 0   300.3 0   458.2 0   294.0 0   294.4 0   185.4 0   424.2 0   786.2 0  -157.4 0   628.7 0    18.6 0    35.3 0     4.3 0    55.6 0   998.9 0
 1997 142  5 22 19 30 19.500  28.66   939.7 0   180.9 0   899.1 0   160.5 0   301.6 0   300.1 0   300.5 0   460.2 0   294.1 0   294.5 0   180.9 0   414.5 0   768.5 0  -158.6 0   609.9 0    18.7 0    35.0 0     4.0 0    67.6 0   998.9 0
 1997 142  5 22 19 33 19.550  29.13   893.1 0   173.1 0   838.4 0   169.1 0   299.1 0   300.1 0   300.3 0   454.5 0   294.2 0   294.5 0   172.2 0   394.8 0   728.4 0  -155.5 0   572.9 0    18.7 0    34.1 0     4.8 0    81.0 0   998.9 0
 1997 142  5 22 19 36 19.600  29.61   848.6 0   166.2 0   784.0 0   174.7 0   297.0 0   300.1 0   300.0 0   448.1 0   294.1 0   294.4 0   164.3 0   377.0 0   690.0 0  -151.2 0   538.9 0    18.6 0    33.8 0     6.0 0    99.9 0   998.9 0
 1997 142  5 22 19 39 19.650  30.09   895.8 0   175.6 0   843.2 0   174.2 0   298.5 0   300.1 0   300.4 0   454.4 0   294.0 0   294.3 0   168.6 0   396.4 0   728.2 0  -155.9 0   572.3 0    18.7 0    33.9 0     3.4 0   120.7 0   998.9 0
 1997 142  5 22 19 42 19.700  30.58   863.6 0   168.0 0   810.2 0   171.4 0   298.4 0   300.1 0   300.6 0   456.6 0   294.0 0   294.4 0   162.7 0   382.9 0   701.0 0  -158.3 0   542.8 0    18.7 0    34.5 0     1.2 0   169.6 0   998.7 0
 1997 142  5 22 19 45 19.750  31.07   874.9 0   169.7 0   830.0 0   168.8 0   299.6 0   300.3 0   300.7 0   456.1 0   294.3 0   294.7 0   162.9 0   387.6 0   710.0 0  -156.5 0   553.6 0    18.9 0    34.4 0     3.7 0    97.2 0   998.6 0
 1997 142  5 22 19 48 19.800  31.56   908.8 0   179.4 0   870.3 0   173.4 0   298.8 0   300.4 0   300.6 0   453.6 0   294.4 0   294.7 0   165.8 0   402.2 0   735.6 0  -154.7 0   580.8 0    18.7 0    33.6 0     4.7 0    99.9 0   998.6 0
 1997 142  5 22 19 51 19.850  32.06   863.3 0   170.6 0   811.3 0   182.3 0   299.6 0   300.4 0   300.7 0   456.4 0   294.4 0   294.7 0   157.8 0   383.2 0   699.2 0  -156.8 0   542.5 0    18.9 0    33.8 0     2.5 0   103.4 0   998.6 0
 1997 142  5 22 19 54 19.900  32.57   879.9 0   172.4 0   829.0 0   188.1 0   300.9 0   300.5 0   301.0 0   457.4 0   294.5 0   294.9 0   158.6 0   390.5 0   714.4 0  -156.5 0   557.9 0    19.2 0    34.2 0     4.1 0    96.9 0   998.6 0
 1997 142  5 22 19 57 19.950  33.08   874.6 0   173.7 0   817.9 0   196.7 0   299.7 0   300.6 0   300.7 0   452.3 0   294.6 0   294.9 0   156.5 0   388.4 0   708.3 0  -152.6 0   555.6 0    19.1 0    34.0 0     5.9 0    94.6 0   998.6 0
 1997 142  5 22 20  0 20.000  33.59   841.1 0   168.9 0   773.2 0   204.9 0   299.7 0   300.7 0   300.7 0   450.0 0   294.5 0   294.8 0   150.2 0   374.5 0   680.0 0  -150.3 0   529.8 0    19.0 0    33.3 0     4.8 0   100.0 0   998.5 0
 1997 142  5 22 20  3 20.050  34.11   831.9 0   166.7 0   761.8 0   208.7 0   299.8 0   300.7 0   300.9 0   453.3 0   294.4 0   294.7 0   147.3 0   370.3 0   672.7 0  -153.6 0   519.1 0    19.0 0    34.4 0     3.5 0   140.0 0   998.4 0
 1997 142  5 22 20  6 20.100  34.63   864.2 0   172.6 0   805.6 0   208.7 0   302.4 0   300.8 0   301.0 0   455.7 0   294.5 0   294.9 0   149.9 0   384.1 0   698.9 0  -153.3 0   545.6 0    19.0 0    34.1 0     3.5 0    63.7 0   998.4 0
 1997 142  5 22 20  9 20.150  35.16   823.5 0   164.5 0   762.4 0   207.1 0   301.6 0   300.8 0   301.2 0   456.3 0   294.6 0   294.9 0   143.9 0   366.2 0   666.0 0  -154.7 0   511.3 0    19.0 0    33.8 0     2.1 0    69.3 0   998.3 0
 1997 142  5 22 20 12 20.200  35.68   805.9 0   163.0 0   744.0 0   208.0 0   301.4 0   300.9 0   300.8 0   449.0 0   294.7 0   294.9 0   139.5 0   360.0 0   649.2 0  -147.7 0   501.6 0    19.0 0    33.4 0     6.3 0    70.6 0   998.2 0
 1997 142  5 22 20 15 20.250  36.21   827.6 0   168.6 0   781.8 0   206.0 0   300.8 0   300.8 0   300.9 0   451.5 0   294.5 0   294.8 0   139.9 0   369.9 0   668.2 0  -150.7 0   517.5 0    19.0 0    33.9 0     4.3 0   100.9 0   998.2 0
 1997 142  5 22 20 18 20.300  36.75   803.3 0   163.0 0   758.5 0   203.2 0   301.2 0   300.8 0   301.1 0   454.4 0   294.5 0   294.9 0   132.8 0   358.9 0   647.9 0  -153.2 0   494.8 0    19.2 0    33.7 0     2.9 0    94.0 0   998.2 0
 1997 142  5 22 20 21 20.350  37.28   802.4 0   163.3 0   764.0 0   201.6 0   300.4 0   300.9 0   301.0 0   452.0 0   294.6 0   295.0 0   133.6 0   357.7 0   646.2 0  -151.6 0   494.6 0    19.2 0    33.3 0     4.7 0   108.3 0   998.2 0
 1997 142  5 22 20 24 20.400  37.82   809.6 0   167.0 0   783.5 0   198.9 0   300.8 0   300.9 0   301.0 0   450.7 0   294.6 0   294.9 0   132.5 0   362.7 0   650.8 0  -149.9 0   501.0 0    19.2 0    33.6 0     4.0 0    85.5 0   998.2 0
 1997 142  5 22 20 27 20.450  38.36   800.8 0   164.2 0   777.7 0   195.8 0   301.3 0   301.0 0   301.2 0   453.2 0   294.6 0   295.0 0   129.7 0   356.7 0   641.3 0  -151.9 0   489.4 0    19.3 0    33.5 0     2.7 0    73.0 0   998.1 0
 1997 142  5 22 20 30 20.500  38.91   794.6 0   164.2 0   780.7 0   195.8 0   300.4 0   301.0 0   301.1 0   449.3 0   294.7 0   295.0 0   126.8 0   350.1 0   639.0 0  -149.0 0   490.1 0    19.0 0    33.3 0     5.6 0    78.1 0   998.0 0
 1997 142  5 22 20 33 20.550  39.45   690.2 0   145.0 0   647.2 0   198.2 0   299.2 0   301.0 0   300.8 0   441.8 0   294.5 0   294.8 0   114.1 0   307.4 0   552.9 0  -142.6 0   410.3 0    18.7 0    32.6 0     5.4 0    82.1 0   998.0 0
 1997 142  5 22 20 36 20.600  40.00   717.0 0   150.9 0   688.4 0   199.8 0   300.9 0   300.9 0   300.8 0   444.8 0   294.4 0   294.6 0   114.2 0   316.3 0   576.2 0  -143.9 0   432.3 0    19.2 0    33.2 0     4.5 0    66.0 0   998.0 0
 1997 142  5 22 20 39 20.650  40.55   724.7 0   152.1 0   706.5 0   200.5 0   300.1 0   300.9 0   300.9 0   446.4 0   294.3 0   294.6 0   113.9 0   325.0 0   585.2 0  -146.3 0   438.9 0    19.2 0    33.3 0     4.4 0   114.1 0   998.0 0
 1997 142  5 22 20 42 20.700  41.10   738.2 0   155.9 0   744.6 0   203.6 0   301.6 0   300.9 0   300.8 0   445.9 0   294.3 0   294.6 0   112.9 0   331.1 0   608.7 0  -144.3 0   464.4 0    19.2 0    33.5 0     4.8 0    58.1 0   997.9 0
 1997 142  5 22 20 45 20.750  41.66   655.7 0   138.6 0   622.8 0   209.6 0   301.5 0   300.8 0   300.8 0   444.6 0   294.4 0   294.6 0   102.4 0   294.7 0   536.4 0  -143.1 0   393.2 0    19.2 0    33.7 0     4.4 0    49.4 0   997.8 0
 1997 142  5 22 20 48 20.800  42.21   535.7 0   113.8 0   436.4 0   219.4 0   301.0 0   300.7 0   300.4 0   436.5 0   294.3 0   294.5 0    89.1 0   244.3 0   428.9 0  -135.5 0   293.3 0    19.3 0    33.6 0     5.5 0    54.3 0   997.8 0
 1997 142  5 22 20 51 20.850  42.77   575.9 0   123.5 0   479.8 0   232.3 0   300.9 0   300.6 0   300.3 0   436.5 0   294.2 0   294.5 0    89.7 0   262.5 0   461.1 0  -135.6 0   325.5 0    19.3 0    33.0 0     4.5 0    75.4 0   997.8 0
 1997 142  5 22 20 54 20.900  43.33   580.7 0   124.2 0   475.7 0   242.7 0   300.5 0   300.5 0   300.1 0   435.6 0   294.2 0   294.4 0    89.1 0   264.0 0   464.5 0  -135.1 0   329.4 0    19.2 0    33.0 0     5.4 0    77.4 0   997.8 0
 1997 142  5 22 20 57 20.950  43.89   594.4 0   127.7 0   489.3 0   249.7 0   300.9 0   300.3 0   300.2 0   437.9 0   294.1 0   294.4 0    88.8 0   269.0 0   474.6 0  -137.0 0   337.6 0    19.4 0    32.6 0     2.7 0    69.7 0   997.9 0
 1997 142  5 22 21  0 21.000  44.45   554.8 0   117.6 0   441.2 0   251.2 0   302.6 0   300.3 0   300.2 0   439.8 0   294.2 0   294.4 0    84.0 0   250.0 0   448.5 0  -137.2 0   311.4 0    19.4 0    34.2 0     3.2 0    47.1 0   997.8 0
 1997 142  5 22 21  3 21.050  45.01   541.4 0   116.6 0   416.0 0   254.3 0   301.9 0   300.2 0   299.9 0   434.2 0   294.2 0   294.4 0    81.4 0   244.8 0   431.7 0  -132.3 0   299.4 0    19.3 0    32.9 0     5.1 0    79.8 0   997.8 0
 1997 142  5 22 21  6 21.100  45.57   520.1 0   113.6 0   388.6 0   256.0 0   302.1 0   300.1 0   299.8 0   431.2 0   294.1 0   294.3 0    78.3 0   236.6 0   414.4 0  -129.2 0   285.2 0    19.2 0    32.8 0     5.8 0    61.8 0   997.7 0
 1997 142  5 22 21  9 21.150  46.14   535.8 0   117.6 0   416.6 0   257.2 0   302.3 0   300.0 0   299.7 0   432.5 0   294.0 0   294.2 0    78.3 0   243.9 0   428.2 0  -130.2 0   298.0 0    19.2 0    33.3 0     4.8 0    52.4 0   997.6 0
 1997 142  5 22 21 12 21.200  46.70   517.8 0   113.3 0   398.5 0   255.1 0   302.2 0   299.9 0   299.6 0   432.9 0   293.9 0   294.2 0    75.9 0   235.2 0   415.1 0  -130.6 0   284.4 0    19.1 0    33.3 0     4.7 0    54.1 0   997.5 0
 1997 142  5 22 21 15 21.250  47.27   530.6 0   116.7 0   430.4 0   251.5 0   301.7 0   299.8 0   299.5 0   431.0 0   293.9 0   294.1 0    75.7 0   242.0 0   426.7 0  -129.3 0   297.4 0    19.2 0    32.7 0     6.4 0    68.2 0   997.4 0
 1997 142  5 22 21 18 21.300  47.84   576.2 0   126.6 0   511.9 0   245.1 0   302.0 0   299.7 0   299.6 0   433.5 0   293.9 0   294.1 0    78.0 0   262.7 0   462.1 0  -131.5 0   330.5 0    19.4 0    32.6 0     6.0 0    91.5 0   997.4 0
 1997 142  5 22 21 21 21.350  48.41   635.3 0   140.8 0   618.3 0   238.9 0   301.6 0   299.8 0   299.7 0   437.0 0   293.9 0   294.2 0    80.5 0   286.6 0   508.6 0  -135.4 0   373.1 0    19.4 0    32.1 0     5.1 0   105.3 0   997.4 0
 1997 142  5 22 21 24 21.400  48.98   579.8 0   128.7 0   568.0 0   233.9 0   301.8 0   299.9 0   299.8 0   437.2 0   294.0 0   294.3 0    75.1 0   256.2 0   478.1 0  -135.4 0   342.6 0    19.5 0    32.8 0     5.4 0    75.6 0   997.3 0
 1997 142  5 22 21 27 21.450  49.54   497.8 0   112.2 0   429.3 0   233.0 0   300.3 0   299.9 0   299.5 0   429.4 0   294.0 0   294.2 0    67.0 0   228.2 0   399.4 0  -129.1 0   270.3 0    19.2 0    32.6 0     6.1 0    59.9 0   997.3 0
 1997 142  5 22 21 30 21.500  50.11   484.4 0   109.3 0   408.7 0   233.5 0   301.2 0   299.8 0   299.6 0   430.4 0   293.9 0   294.1 0    64.0 0   222.3 0   386.3 0  -129.2 0   257.0 0    19.4 0    32.7 0     4.1 0    56.7 0   997.2 0
 1997 142  5 22 21 33 21.550  50.68   487.3 0   109.5 0   416.1 0   234.8 0   300.6 0   299.8 0   299.5 0   429.4 0   293.9 0   294.1 0    62.6 0   223.1 0   389.0 0  -128.8 0   260.2 0    19.5 0    32.8 0     6.1 0    77.8 0   997.1 0
 1997 142  5 22 21 36 21.600  51.26   530.9 0   120.6 0   489.8 0   237.4 0   300.6 0   299.8 0   299.5 0   430.8 0   293.9 0   294.1 0    64.1 0   242.0 0   423.3 0  -130.2 0   293.1 0    19.5 0    31.8 0     5.1 0    90.5 0   997.1 0
 1997 142  5 22 21 39 21.650  51.83   549.8 0   124.8 0   536.1 0   238.0 0   302.1 0   299.8 0   299.7 0   434.1 0   293.9 0   294.2 0    64.5 0   248.1 0   444.5 0  -132.0 0   312.5 0    19.4 0    32.4 0     3.7 0    66.5 0   997.1 0
 1997 142  5 22 21 42 21.700  52.40   497.3 0   112.6 0   458.0 0   235.0 0   302.0 0   299.9 0   299.7 0   431.5 0   294.0 0   294.2 0    60.7 0   222.2 0   401.8 0  -129.5 0   272.3 0    19.5 0    32.0 0     4.8 0    69.2 0   997.2 0
 1997 142  5 22 21 45 21.750  52.97   538.3 0   123.7 0   530.2 0   233.5 0   301.9 0   299.9 0   299.6 0   430.5 0   293.9 0   294.2 0    61.3 0   246.1 0   429.1 0  -128.5 0   300.6 0    19.5 0    32.3 0     5.5 0    70.2 0   997.2 0
 1997 142  5 22 21 48 21.800  53.54   552.5 0   127.6 0   571.8 0   229.7 0   302.6 0   299.9 0   299.8 0   433.7 0   293.9 0   294.2 0    60.9 0   252.4 0   441.9 0  -131.1 0   310.8 0    19.4 0    32.0 0     3.7 0    79.4 0   997.2 0
 1997 142  5 22 21 51 21.850  54.12   495.8 0   113.8 0   490.8 0   221.2 0   303.2 0   300.0 0   299.9 0   433.3 0   294.0 0   294.3 0    56.3 0   228.0 0   395.0 0  -130.1 0   265.0 0    19.6 0    32.9 0     3.9 0    61.5 0   997.2 0
 1997 142  5 22 21 54 21.900  54.69   492.8 0   115.3 0   498.4 0   218.4 0   302.5 0   300.0 0   299.7 0   429.4 0   294.1 0   294.3 0    53.9 0   227.2 0   391.1 0  -126.9 0   264.3 0    19.5 0    32.5 0     5.8 0    60.6 0   997.2 0
 1997 142  5 22 21 57 21.950  55.26   500.5 0   118.3 0   525.3 0   216.7 0   302.0 0   300.0 0   299.8 0   429.5 0   294.0 0   294.3 0    52.4 0   231.3 0   397.7 0  -127.6 0   270.2 0    19.4 0    32.2 0     4.9 0    69.2 0   997.2 0
 1997 142  5 22 22  0 22.000  55.84   556.0 0   131.6 0   641.8 0   217.3 0   303.1 0   300.1 0   300.0 0   433.1 0   294.1 0   294.4 0    53.8 0   255.7 0   446.1 0  -130.1 0   316.0 0    19.6 0    32.0 0     4.3 0    82.5 0   997.2 0
 1997 142  5 22 22  3 22.050  56.41   497.9 0   116.7 0   540.3 0   213.4 0   303.5 0   300.2 0   300.1 0   434.7 0   294.2 0   294.5 0    50.5 0   228.6 0   395.6 0  -131.2 0   264.5 0    19.8 0    32.4 0     4.0 0    94.0 0   997.2 0
 1997 142  5 22 22  6 22.100  56.98   464.0 0   110.6 0   492.7 0   210.3 0   302.4 0   300.3 0   299.9 0   428.5 0   294.2 0   294.4 0    47.3 0   215.2 0   368.2 0  -126.1 0   242.1 0    19.8 0    31.9 0     5.1 0    86.3 0   997.2 0
 1997 142  5 22 22  9 22.150  57.56   481.6 0   115.7 0   539.0 0   208.5 0   302.5 0   300.3 0   300.0 0   428.6 0   294.2 0   294.4 0    46.4 0   223.3 0   381.9 0  -126.1 0   255.8 0    19.7 0    31.7 0     4.7 0    97.3 0   997.3 0
 1997 142  5 22 22 12 22.200  58.13   498.8 0   120.9 0   583.3 0   207.3 0   302.3 0   300.3 0   300.1 0   429.6 0   294.2 0   294.4 0    45.7 0   229.9 0   394.4 0  -127.4 0   267.1 0    19.6 0    31.5 0     4.0 0    88.5 0   997.2 0
 1997 142  5 22 22 15 22.250  58.70   451.9 0   109.0 0   508.4 0   203.1 0   302.7 0   300.4 0   300.1 0   429.6 0   294.2 0   294.4 0    42.8 0   208.8 0   358.2 0  -126.8 0   231.3 0    19.6 0    32.1 0     3.7 0    73.0 0   997.2 0
 1997 142  5 22 22 18 22.300  59.28   440.8 0   107.2 0   501.3 0   200.2 0   302.4 0   300.4 0   300.0 0   427.1 0   294.2 0   294.4 0    40.9 0   204.6 0   349.1 0  -124.8 0   224.3 0    19.7 0    32.2 0     4.2 0    90.5 0   997.2 0
 1997 142  5 22 22 21 22.350  59.85   420.7 0   102.4 0   476.2 0   196.8 0   302.1 0   300.4 0   300.1 0   427.2 0   294.2 0   294.4 0    38.9 0   196.1 0   333.6 0  -125.0 0   208.6 0    19.7 0    32.4 0     3.6 0    85.0 0   997.2 0
 1997 142  5 22 22 24 22.400  60.42   470.3 0   116.2 0   590.4 0   195.8 0   302.5 0   300.4 0   300.1 0   428.0 0   294.2 0   294.4 0    39.1 0   217.1 0   371.0 0  -125.5 0   245.5 0    19.7 0    31.8 0     3.9 0    89.8 0   997.2 0
 1997 142  5 22 22 27 22.450  60.99   386.2 0    94.5 0   430.4 0   191.3 0   302.0 0   300.4 0   300.0 0   424.8 0   294.2 0   294.4 0    35.3 0   179.9 0   305.5 0  -122.8 0   182.7 0    19.7 0    32.0 0     4.1 0    76.2 0   997.2 0
 1997 142  5 22 22 30 22.500  61.57   307.8 0    74.8 0   279.4 0   186.5 0   301.2 0   300.3 0   299.8 0   420.5 0   294.2 0   294.3 0    31.2 0   145.0 0   244.7 0  -119.3 0   125.4 0    19.7 0    31.9 0     2.9 0    66.8 0   997.2 0
 1997 142  5 22 22 33 22.550  62.14   317.3 0    78.2 0   349.8 0   185.1 0   301.2 0   300.2 0   299.7 0   419.6 0   294.1 0   294.2 0    29.6 0   149.0 0   270.3 0  -118.4 0   151.9 0    19.6 0    31.7 0     3.1 0    79.1 0   997.0 0
 1997 142  5 22 22 36 22.600  62.71   339.7 0    84.3 0   396.5 0   186.1 0   301.5 0   300.1 0   299.6 0   420.7 0   294.0 0   294.2 0    28.9 0   158.1 0   283.6 0  -119.2 0   164.4 0    19.6 0    32.2 0     4.2 0    73.0 0   997.0 0
 1997 142  5 22 22 39 22.650  63.28   293.4 0    73.5 0 -9999.9 1   186.0 0   300.5 0   300.0 0   299.3 0   415.7 0   293.9 0   294.0 0    26.7 0   138.2 0   220.0 0  -115.3 0   104.7 0    19.6 0    31.7 0     5.4 0    70.0 0   996.9 0
 1997 142  5 22 22 42 22.700  63.85   290.2 0    72.8 0 -9999.9 1   187.1 0   300.6 0   299.7 0   299.1 0   415.5 0   293.8 0   293.9 0    25.5 0   136.3 0   217.3 0  -114.9 0   102.5 0    19.4 0    31.8 0     4.7 0    67.9 0   996.9 0
 1997 142  5 22 22 45 22.750  64.42   304.4 0    76.8 0 -9999.9 1   187.8 0   301.2 0   299.5 0   299.0 0   415.7 0   293.7 0   293.8 0    24.8 0   142.7 0   227.6 0  -114.5 0   113.0 0    19.4 0    31.7 0     4.7 0    79.9 0   996.9 0
 1997 142  5 22 22 48 22.800  64.99   316.3 0    80.0 0 -9999.9 1   188.8 0   301.6 0   299.4 0   298.9 0   417.7 0   293.6 0   293.8 0    24.1 0   147.5 0   236.3 0  -116.1 0   120.1 0    19.6 0    32.1 0     3.9 0    74.3 0   996.9 0
 1997 142  5 22 22 51 22.850  65.56   320.7 0    81.8 0 -9999.9 1   188.3 0   302.7 0   299.3 0   298.9 0   417.7 0   293.6 0   293.8 0    23.4 0   149.5 0   239.0 0  -115.0 0   124.0 0    19.4 0    31.5 0     3.8 0    63.1 0   996.9 0
 1997 142  5 22 22 54 22.900  66.13   302.6 0    76.8 0 -9999.9 1   187.4 0   303.1 0   299.3 0   298.8 0   417.1 0   293.6 0   293.8 0    22.3 0   140.9 0   225.8 0  -114.0 0   111.8 0    19.4 0    31.5 0     4.2 0    60.9 0   996.9 0
 1997 142  5 22 22 57 22.950  66.69   248.1 0    61.7 0 -9999.9 1   183.7 0   302.5 0   299.2 0   298.6 0   414.3 0   293.6 0   293.7 0    20.5 0   116.5 0   186.4 0  -111.8 0    74.7 0    19.5 0    31.8 0     4.2 0   101.0 0   996.9 0
 1997 142  5 22 23  0 23.000  67.26   231.0 0    57.1 0 -9999.9 1   179.6 0   302.9 0   299.0 0   298.4 0   412.3 0   293.5 0   293.6 0    19.2 0   109.1 0   173.9 0  -109.5 0    64.4 0    19.5 0    31.9 0     3.9 0    91.1 0   996.9 0
 1997 142  5 22 23  3 23.050  67.83   223.1 0    55.4 0 -9999.9 1   175.9 0   303.0 0   298.9 0   298.2 0   411.4 0   293.5 0   293.6 0    18.0 0   105.3 0   167.7 0  -108.4 0    59.2 0    19.4 0    31.8 0     5.1 0    88.1 0   996.9 0
 1997 142  5 22 23  6 23.100  68.39   210.3 0    52.9 0 -9999.9 1   173.3 0   302.8 0   298.7 0   298.0 0   409.8 0   293.4 0   293.5 0    16.9 0    99.8 0   157.4 0  -107.0 0    50.4 0    19.3 0    31.4 0     4.7 0    87.9 0   996.8 0
 1997 142  5 22 23  9 23.150  68.96   202.4 0    50.7 0 -9999.9 1   170.9 0   303.1 0   298.5 0   297.9 0   409.4 0   293.3 0   293.4 0    15.9 0    96.0 0   151.7 0  -106.3 0    45.4 0    19.4 0    31.7 0     5.0 0    80.3 0   996.8 0
 1997 142  5 22 23 12 23.200  69.52   199.2 0    50.0 0 -9999.9 1   169.9 0   303.4 0   298.4 0   297.7 0   408.9 0   293.2 0   293.3 0    15.1 0    94.4 0   149.1 0  -105.6 0    43.6 0    19.3 0    31.4 0     5.1 0    90.5 0   996.8 0
 1997 142  5 22 23 15 23.250  70.09   198.9 0    49.9 0 -9999.9 1   169.6 0   303.6 0   298.2 0   297.6 0   408.9 0   293.2 0   293.2 0    14.4 0    94.1 0   149.0 0  -105.3 0    43.7 0    19.3 0    31.3 0     4.7 0    89.6 0   996.8 0
 1997 142  5 22 23 18 23.300  70.65   196.0 0    49.3 0 -9999.9 1   168.2 0   304.1 0   298.1 0   297.5 0   408.7 0   293.1 0   293.2 0    13.8 0    92.6 0   146.7 0  -104.5 0    42.2 0    19.3 0    31.7 0     3.8 0    81.0 0   996.8 0
 1997 142  5 22 23 21 23.350  71.21   195.0 0    49.2 0 -9999.9 1   166.5 0   304.4 0   298.0 0   297.4 0   408.5 0   293.1 0   293.2 0    13.2 0    92.0 0   145.8 0  -104.1 0    41.7 0    19.2 0    31.8 0     4.1 0    79.8 0   996.8 0
 1997 142  5 22 23 24 23.400  71.77   187.7 0    47.2 0 -9999.9 1   164.1 0   304.5 0   297.9 0   297.3 0   408.1 0   293.0 0   293.1 0    12.6 0    88.6 0   140.6 0  -103.6 0    37.0 0    19.2 0    31.6 0     4.3 0    81.1 0   996.7 0
 1997 142  5 22 23 27 23.450  72.33   182.0 0    45.6 0 -9999.9 1   160.4 0   304.4 0   297.8 0   297.2 0   407.5 0   293.0 0   293.1 0    11.9 0    85.9 0   136.4 0  -103.1 0    33.3 0    19.2 0    31.7 0     4.1 0    87.3 0   996.7 0
 1997 142  5 22 23 30 23.500  72.89   178.6 0    45.5 0 -9999.9 1   156.3 0   304.5 0   297.7 0   297.0 0   407.1 0   292.9 0   293.0 0    11.2 0    84.5 0   133.1 0  -102.6 0    30.5 0    19.2 0    31.6 0     5.5 0    79.8 0   996.6 0
 1997 142  5 22 23 33 23.550  73.44   170.9 0    44.1 0 -9999.9 1   151.8 0   304.5 0   297.6 0   296.9 0   406.1 0   292.9 0   293.0 0    10.5 0    81.1 0   126.8 0  -101.6 0    25.2 0    19.1 0    31.8 0     4.5 0    68.7 0   996.6 0
 1997 142  5 22 23 36 23.600  74.00   176.9 0    46.8 0 -9999.9 1   148.1 0   304.3 0   297.5 0   296.9 0   406.0 0   292.8 0   292.9 0     9.8 0    83.7 0   130.1 0  -101.7 0    28.4 0    19.1 0    31.6 0     4.7 0    70.2 0   996.6 0
 1997 142  5 22 23 39 23.650  74.56   161.7 0    42.1 0 -9999.9 1   143.1 0   304.3 0   297.4 0   296.8 0   405.6 0   292.8 0   292.9 0     9.2 0    76.9 0   119.6 0  -101.3 0    18.3 0    19.1 0    31.6 0     4.5 0    73.9 0   996.6 0
 1997 142  5 22 23 42 23.700  75.11   143.0 0    36.1 0 -9999.9 1   136.8 0   304.2 0   297.3 0   296.7 0   404.5 0   292.8 0   292.8 0     8.5 0    68.3 0   106.9 0  -100.4 0     6.5 0    19.2 0    31.6 0     4.4 0    88.1 0   996.7 0
 1997 142  5 22 23 45 23.750  75.66   133.9 0    33.9 0 -9999.9 1   130.9 0   303.7 0   297.2 0   296.5 0   403.6 0   292.7 0   292.8 0     7.9 0    64.0 0   100.0 0   -99.9 0     0.2 0    19.0 0    31.2 0     5.2 0    79.3 0   996.7 0
 1997 142  5 22 23 48 23.800  76.21   124.7 0    31.6 0 -9999.9 1   125.4 0   303.5 0   297.0 0   296.3 0   402.6 0   292.7 0   292.7 0     7.3 0    59.8 0    93.1 0   -99.1 0    -6.0 0    19.0 0    31.5 0     4.5 0    80.6 0   996.7 0
 1997 142  5 22 23 51 23.850  76.76   118.5 0    29.8 0 -9999.9 1   120.2 0   303.5 0   296.9 0   296.2 0   402.0 0   292.6 0   292.6 0     6.8 0    56.9 0    88.7 0   -98.6 0    -9.8 0    19.0 0    31.4 0     4.6 0    87.7 0   996.7 0
 1997 142  5 22 23 54 23.900  77.31   111.1 0    27.8 0 -9999.9 1   114.3 0   303.6 0   296.8 0   296.1 0   401.5 0   292.5 0   292.6 0     6.3 0    53.3 0    83.3 0   -97.9 0   -14.6 0    19.0 0    31.9 0     3.8 0    75.7 0   996.6 0
 1997 142  5 22 23 57 23.950  77.86   104.6 0    26.3 0 -9999.9 1   107.9 0   303.2 0   296.7 0   295.9 0   400.9 0   292.5 0   292.5 0     5.8 0    50.3 0    78.3 0   -97.7 0   -19.4 0    18.9 0    31.5 0     4.8 0    82.5 0   996.6 0
