 Bondville
   40.05  -88.37  213 m version 1
 1997 141  5 21  0  0  0.000  78.68   124.3 0    43.2 0 -9999.9 1 -9999.9 1   288.9 0   296.9 0   295.8 0   395.8 0   291.0 0   291.1 0     4.7 0 -9999.9 1    81.1 0  -106.9 0   -25.8 0    17.3 0    32.1 0     6.9 0   332.5 0   993.8 0
 1997 141  5 21  0  3  0.050  79.22   114.1 0    40.4 0 -9999.9 1 -9999.9 1   288.9 0   296.7 0   295.7 0   395.2 0   291.0 0   291.1 0     4.3 0 -9999.9 1    73.7 0  -106.3 0   -32.6 0    17.3 0    31.9 0     7.2 0   329.5 0   993.8 0
 1997 141  5 21  0  6  0.100  79.76   104.9 0    38.1 0 -9999.9 1 -9999.9 1   288.8 0   296.6 0   295.5 0   394.6 0   290.9 0   291.0 0     3.9 0 -9999.9 1    66.8 0  -105.8 0   -39.0 0    17.3 0    32.4 0     7.5 0   341.6 0   993.9 0
 1997 141  5 21  0  9  0.150  80.30    97.2 0    36.2 0 -9999.9 1 -9999.9 1   288.4 0   296.4 0   295.4 0   393.7 0   290.8 0   290.9 0     3.5 0 -9999.9 1    61.0 0  -105.3 0   -44.3 0    17.2 0    32.6 0     7.7 0   345.0 0   993.8 0
 1997 141  5 21  0 12  0.200  80.84    88.7 0    33.8 0 -9999.9 1 -9999.9 1   288.5 0   296.2 0   295.2 0   392.6 0   290.7 0   290.8 0     3.2 0 -9999.9 1    54.9 0  -104.1 0   -49.2 0    17.2 0    33.1 0     6.9 0   348.5 0   993.9 0
 1997 141  5 21  0 15  0.250  81.38    80.4 0    31.2 0 -9999.9 1 -9999.9 1   288.3 0   296.1 0   295.1 0   392.1 0   290.6 0   290.7 0     2.8 0 -9999.9 1    49.2 0  -103.8 0   -54.6 0    17.1 0    33.3 0     7.6 0   351.0 0   994.0 0
 1997 141  5 21  0 18  0.300  81.91    72.8 0    28.9 0 -9999.9 1 -9999.9 1   288.2 0   295.9 0   294.9 0   391.3 0   290.5 0   290.6 0     2.6 0 -9999.9 1    43.9 0  -103.1 0   -59.2 0    17.0 0    33.5 0     7.3 0   345.3 0   994.0 0
 1997 141  5 21  0 21  0.350  82.45    65.2 0    26.8 0 -9999.9 1 -9999.9 1   288.0 0   295.7 0   294.6 0   390.6 0   290.5 0   290.5 0     2.3 0 -9999.9 1    38.4 0  -102.6 0   -64.2 0    16.9 0    33.9 0     7.0 0   341.3 0   994.0 0
 1997 141  5 21  0 24  0.400  82.98    58.3 0    24.7 0 -9999.9 1 -9999.9 1   287.7 0   295.5 0   294.5 0   389.6 0   290.4 0   290.4 0     2.0 0 -9999.9 1    33.6 0  -101.9 0   -68.3 0    16.8 0    34.0 0     6.7 0   348.6 0   994.1 0
 1997 141  5 21  0 27  0.450  83.50    52.2 0    22.7 0 -9999.9 1 -9999.9 1   287.5 0   295.4 0   294.3 0   388.8 0   290.3 0   290.3 0     1.8 0 -9999.9 1    29.5 0  -101.2 0   -71.7 0    16.7 0    34.7 0     6.4 0   348.7 0   994.1 0
 1997 141  5 21  0 30  0.500  84.03    45.5 0    20.8 0 -9999.9 1 -9999.9 1   287.4 0   295.2 0   294.1 0   388.3 0   290.2 0   290.2 0     1.6 0 -9999.9 1    24.7 0  -100.9 0   -76.2 0    16.7 0    35.2 0     6.9 0   343.3 0   994.1 0
 1997 141  5 21  0 33  0.550  84.55    37.4 0    18.5 0 -9999.9 1 -9999.9 1   287.0 0   295.0 0   293.9 0   387.8 0   290.1 0   290.1 0     1.4 0 -9999.9 1    18.9 0  -100.8 0   -81.9 0    16.6 0    35.3 0     6.9 0   342.9 0   994.1 0
 1997 141  5 21  0 36  0.600  85.07    29.6 0    16.5 0 -9999.9 1 -9999.9 1   286.5 0   294.8 0   293.7 0   386.1 0   289.9 0   289.9 0     1.2 0 -9999.9 1    13.1 0   -99.6 0   -86.5 0    16.4 0    36.4 0     6.1 0   343.9 0   994.2 0
 1997 141  5 21  0 39  0.650  85.58    22.7 0    14.6 0 -9999.9 1 -9999.9 1   286.5 0   294.6 0   293.5 0   385.9 0   289.8 0   289.8 0     1.1 0 -9999.9 1     8.1 0   -99.3 0   -91.2 0    16.3 0    36.5 0     6.6 0   350.8 0   994.2 0
 1997 141  5 21  0 42  0.700  86.09    17.5 0    12.9 0 -9999.9 1 -9999.9 1   286.0 0   294.4 0   293.3 0   384.4 0   289.7 0   289.7 0     0.9 0 -9999.9 1     4.6 0   -98.4 0   -93.8 0    16.2 0    37.3 0     6.0 0   347.2 0   994.2 0
 1997 141  5 21  0 45  0.750  86.59    14.2 0    11.1 0 -9999.9 1 -9999.9 1   285.5 0   294.1 0   293.0 0   384.2 0   289.6 0   289.5 0     0.8 0 -9999.9 1     3.1 0   -98.7 0   -95.6 0    16.0 0    37.6 0     6.5 0   351.7 0   994.3 0
 1997 141  5 21  0 48  0.800  87.09    11.9 0     9.4 0 -9999.9 1 -9999.9 1   284.9 0   293.9 0   292.8 0   383.1 0   289.4 0   289.4 0     0.7 0 -9999.9 1     2.5 0   -98.2 0   -95.7 0    15.9 0    38.1 0     6.5 0   357.2 0   994.3 0
 1997 141  5 21  0 51  0.850  87.58     9.7 0     7.8 0 -9999.9 1 -9999.9 1   284.7 0   293.7 0   292.6 0   382.8 0   289.3 0   289.3 0     0.6 0 -9999.9 1     1.9 0   -98.1 0   -96.2 0    15.8 0    38.2 0     6.3 0   359.1 0   994.4 0
 1997 141  5 21  0 54  0.900  88.05     7.7 0     6.8 0 -9999.9 1 -9999.9 1   283.9 0   293.4 0   292.4 0   380.9 0   289.2 0   289.1 0     0.5 0 -9999.9 1     0.9 0   -97.0 0   -96.1 0    15.7 0    38.8 0     5.5 0   357.2 0   994.4 0
 1997 141  5 21  0 57  0.950  88.52     5.9 0     5.4 0 -9999.9 1 -9999.9 1   283.3 0   293.2 0   292.1 0   379.0 0   289.0 0   289.0 0     0.4 0 -9999.9 1     0.5 0   -95.7 0   -95.2 0    15.4 0    39.6 0     5.1 0   357.0 0   994.4 0
 1997 141  5 21  1  0  1.000  88.96     4.1 0     4.4 0 -9999.9 1 -9999.9 1   283.0 0   292.9 0   291.9 0   378.3 0   288.8 0   288.8 0     0.3 0 -9999.9 1     0.0 0   -95.3 0   -95.3 0    15.3 0    39.9 0     5.1 0   359.2 0   994.5 0
 1997 141  5 21  1  3  1.050  89.38     2.6 0     3.4 0 -9999.9 1 -9999.9 1   282.8 0   292.6 0   291.6 0   377.7 0   288.7 0   288.6 0     0.3 0 -9999.9 1     0.0 0   -94.9 0   -94.9 0    15.2 0    40.2 0     5.2 0   357.9 0   994.5 0
 1997 141  5 21  1  6  1.100  89.77     1.0 0     2.2 0 -9999.9 1 -9999.9 1   282.6 0   292.4 0   291.3 0   376.8 0   288.5 0   288.5 0     0.2 0 -9999.9 1     0.0 0   -94.2 0   -94.2 0    15.1 0    40.5 0     5.1 0     3.7 0   994.5 0
 1997 141  5 21  1  9  1.150  90.95    -0.4 0     1.7 0 -9999.9 1 -9999.9 1   282.4 0   292.1 0   291.1 0   376.1 0   288.4 0   288.3 0     0.0 0 -9999.9 1     0.0 0   -93.7 0   -93.7 0    14.9 0    40.9 0     4.9 0     1.5 0   994.6 0
 1997 141  5 21  1 12  1.200  91.46    -1.4 0     1.7 0 -9999.9 1 -9999.9 1   282.1 0   291.9 0   290.9 0   375.2 0   288.3 0   288.2 0     0.0 0 -9999.9 1     0.0 0   -93.2 0   -93.2 0    14.7 0    41.5 0     4.8 0     4.7 0   994.7 0
 1997 141  5 21  1 15  1.250  91.96    -2.4 0     1.5 0 -9999.9 1 -9999.9 1   282.0 0   291.6 0   290.6 0   374.5 0   288.1 0   288.1 0     0.0 0 -9999.9 1     0.0 0   -92.5 0   -92.5 0    14.7 0    41.9 0     4.8 0     1.9 0   994.7 0
 1997 141  5 21  1 18  1.300  92.47    -3.3 0     0.9 0 -9999.9 1 -9999.9 1   282.0 0   291.4 0   290.4 0   374.0 0   288.0 0   287.9 0     0.0 0 -9999.9 1     0.0 0   -92.0 0   -92.0 0    14.6 0    42.1 0     4.8 0     5.7 0   994.7 0
 1997 141  5 21  1 21  1.350  92.97    -3.8 0     0.8 0 -9999.9 1 -9999.9 1   281.9 0   291.2 0   290.2 0   373.3 0   287.9 0   287.8 0     0.0 0 -9999.9 1     0.0 0   -91.4 0   -91.4 0    14.5 0    42.4 0     4.7 0     5.2 0   994.8 0
 1997 141  5 21  1 24  1.400  93.46    -4.1 0     0.7 0 -9999.9 1 -9999.9 1   281.6 0   291.0 0   290.0 0   372.7 0   287.8 0   287.7 0     0.0 0 -9999.9 1     0.0 0   -91.1 0   -91.1 0    14.4 0    42.8 0     4.6 0     3.4 0   994.8 0
 1997 141  5 21  1 27  1.450  93.96    -4.3 0     0.3 0 -9999.9 1 -9999.9 1   281.7 0   290.8 0   289.9 0   372.7 0   287.7 0   287.7 0     0.0 0 -9999.9 1     0.0 0   -91.0 0   -91.0 0    14.4 0    42.9 0     4.8 0     4.9 0   994.9 0
 1997 141  5 21  1 30  1.500  94.45    -4.6 0     0.0 0 -9999.9 1 -9999.9 1   281.5 0   290.6 0   289.7 0   372.5 0   287.6 0   287.6 0     0.0 0 -9999.9 1     0.0 0   -91.0 0   -91.0 0    14.4 0    42.9 0     4.7 0     4.1 0   994.9 0
 1997 141  5 21  1 33  1.550  94.94    -4.7 0     0.0 0 -9999.9 1 -9999.9 1   281.3 0   290.5 0   289.6 0   371.8 0   287.6 0   287.5 0     0.0 0 -9999.9 1     0.0 0   -90.6 0   -90.6 0    14.4 0    43.0 0     4.6 0     5.0 0   995.0 0
 1997 141  5 21  1 36  1.600  95.43    -4.6 0     0.0 0 -9999.9 1 -9999.9 1   280.9 0   290.3 0   289.5 0   371.0 0   287.5 0   287.5 0     0.0 0 -9999.9 1     0.0 0   -90.1 0   -90.1 0    14.3 0    43.2 0     4.5 0     4.7 0   995.0 0
 1997 141  5 21  1 39  1.650  95.91    -4.6 0     0.2 0 -9999.9 1 -9999.9 1   280.4 0   290.2 0   289.3 0   369.8 0   287.4 0   287.4 0     0.0 0 -9999.9 1     0.0 0   -89.4 0   -89.4 0    14.2 0    43.6 0     4.2 0     3.7 0   995.0 0
 1997 141  5 21  1 42  1.700  96.39    -4.6 0     0.4 0 -9999.9 1 -9999.9 1   280.2 0   290.1 0   289.2 0   368.7 0   287.3 0   287.2 0     0.0 0 -9999.9 1     0.0 0   -88.5 0   -88.5 0    14.0 0    44.1 0     4.1 0     6.0 0   995.1 0
 1997 141  5 21  1 45  1.750  96.87    -4.6 0     0.6 0 -9999.9 1 -9999.9 1   279.8 0   289.9 0   289.0 0   367.4 0   287.2 0   287.1 0     0.0 0 -9999.9 1     0.0 0   -87.6 0   -87.6 0    13.8 0    44.9 0     3.9 0     6.1 0   995.1 0
 1997 141  5 21  1 48  1.800  97.35    -4.4 0     0.4 0 -9999.9 1 -9999.9 1   279.5 0   289.7 0   288.8 0   366.1 0   287.0 0   286.9 0     0.0 0 -9999.9 1     0.0 0   -86.7 0   -86.7 0    13.6 0    45.6 0     3.8 0     5.3 0   995.2 0
 1997 141  5 21  1 51  1.850  97.82    -4.3 0     0.3 0 -9999.9 1 -9999.9 1   279.2 0   289.6 0   288.6 0   365.2 0   286.9 0   286.8 0     0.0 0 -9999.9 1     0.0 0   -86.0 0   -86.0 0    13.5 0    46.1 0     3.8 0     7.8 0   995.2 0
 1997 141  5 21  1 54  1.900  98.29    -4.3 0     0.1 0 -9999.9 1 -9999.9 1   279.3 0   289.4 0   288.5 0   364.9 0   286.7 0   286.7 0     0.0 0 -9999.9 1     0.0 0   -85.6 0   -85.6 0    13.5 0    46.4 0     4.1 0     2.6 0   995.3 0
 1997 141  5 21  1 57  1.950  98.76    -4.2 0     0.0 0 -9999.9 1 -9999.9 1   279.4 0   289.2 0   288.3 0   364.9 0   286.7 0   286.6 0     0.0 0 -9999.9 1     0.0 0   -85.6 0   -85.6 0    13.5 0    46.1 0     4.1 0     2.5 0   995.3 0
 1997 141  5 21  2  0  2.000  99.22    -4.2 0     0.0 0 -9999.9 1 -9999.9 1   278.9 0   289.1 0   288.2 0   364.3 0   286.6 0   286.5 0     0.0 0 -9999.9 1     0.0 0   -85.3 0   -85.3 0    13.5 0    46.3 0     3.9 0     2.5 0   995.3 0
 1997 141  5 21  2  3  2.050  99.68    -4.2 0     0.0 0 -9999.9 1 -9999.9 1   278.7 0   288.9 0   288.0 0   363.6 0   286.5 0   286.5 0     0.0 0 -9999.9 1     0.0 0   -84.9 0   -84.9 0    13.4 0    46.5 0     3.9 0     1.9 0   995.4 0
 1997 141  5 21  2  6  2.100 100.14    -4.2 0     0.0 0 -9999.9 1 -9999.9 1   278.6 0   288.7 0   287.9 0   363.1 0   286.5 0   286.4 0     0.0 0 -9999.9 1     0.0 0   -84.5 0   -84.5 0    13.4 0    46.6 0     3.7 0     2.6 0   995.5 0
 1997 141  5 21  2  9  2.150 100.59    -4.2 0     0.0 0 -9999.9 1 -9999.9 1   278.4 0   288.6 0   287.8 0   362.5 0   286.4 0   286.4 0     0.0 0 -9999.9 1     0.0 0   -84.1 0   -84.1 0    13.4 0    46.6 0     3.8 0     4.7 0   995.5 0
 1997 141  5 21  2 12  2.200 101.04    -4.1 0     0.0 0 -9999.9 1 -9999.9 1   277.6 0   288.5 0   287.6 0   361.3 0   286.4 0   286.3 0     0.0 0 -9999.9 1     0.0 0   -83.7 0   -83.7 0    13.2 0    47.3 0     3.5 0     2.9 0   995.5 0
 1997 141  5 21  2 15  2.250 101.49    -4.1 0     0.0 0 -9999.9 1 -9999.9 1   277.5 0   288.3 0   287.5 0   361.0 0   286.3 0   286.2 0     0.0 0 -9999.9 1     0.0 0   -83.5 0   -83.5 0    13.1 0    47.6 0     3.7 0     3.5 0   995.6 0
 1997 141  5 21  2 18  2.300 101.93    -4.1 0     0.0 0 -9999.9 1 -9999.9 1   277.5 0   288.2 0   287.3 0   360.2 0   286.2 0   286.1 0     0.0 0 -9999.9 1     0.0 0   -82.7 0   -82.7 0    13.1 0    47.8 0     3.7 0     6.1 0   995.6 0
 1997 141  5 21  2 21  2.350 102.37    -4.1 0     0.0 0 -9999.9 1 -9999.9 1   277.5 0   288.0 0   287.2 0   359.5 0   286.1 0   286.1 0     0.0 0 -9999.9 1     0.0 0   -82.0 0   -82.0 0    13.1 0    47.9 0     3.6 0     7.9 0   995.6 0
 1997 141  5 21  2 24  2.400 102.81    -4.1 0     0.0 0 -9999.9 1 -9999.9 1   277.4 0   287.9 0   287.2 0   359.2 0   286.1 0   286.0 0     0.0 0 -9999.9 1     0.0 0   -81.8 0   -81.8 0    13.0 0    48.1 0     3.6 0     7.5 0   995.7 0
 1997 141  5 21  2 27  2.450 103.24    -4.1 0     0.0 0 -9999.9 1 -9999.9 1   277.1 0   287.8 0   287.1 0   359.5 0   286.0 0   285.9 0     0.0 0 -9999.9 1     0.0 0   -82.3 0   -82.3 0    12.9 0    48.5 0     3.6 0     6.9 0   995.7 0
 1997 141  5 21  2 30  2.500 103.67    -4.1 0     0.0 0 -9999.9 1 -9999.9 1   277.0 0   287.7 0   287.0 0   359.4 0   285.9 0   285.8 0     0.0 0 -9999.9 1     0.0 0   -82.4 0   -82.4 0    12.8 0    49.0 0     3.4 0     6.0 0   995.7 0
 1997 141  5 21  2 33  2.550 104.10    -4.1 0     0.0 0 -9999.9 1 -9999.9 1   276.7 0   287.6 0   286.9 0   358.6 0   285.8 0   285.7 0     0.0 0 -9999.9 1     0.0 0   -81.9 0   -81.9 0    12.6 0    49.6 0     3.4 0     7.6 0   995.7 0
 1997 141  5 21  2 36  2.600 104.52    -4.2 0     0.0 0 -9999.9 1 -9999.9 1   276.9 0   287.5 0   286.8 0   359.3 0   285.7 0   285.7 0     0.0 0 -9999.9 1     0.0 0   -82.5 0   -82.5 0    12.6 0    49.9 0     3.6 0     6.5 0   995.8 0
 1997 141  5 21  2 39  2.650 104.93    -4.3 0     0.0 0 -9999.9 1 -9999.9 1   276.9 0   287.5 0   286.8 0   360.0 0   285.7 0   285.6 0     0.0 0 -9999.9 1     0.0 0   -83.1 0   -83.1 0    12.6 0    50.0 0     3.7 0     5.2 0   995.8 0
 1997 141  5 21  2 42  2.700 105.35    -4.4 0     0.0 0 -9999.9 1 -9999.9 1   276.6 0   287.4 0   286.7 0   360.0 0   285.6 0   285.6 0     0.0 0 -9999.9 1     0.0 0   -83.4 0   -83.4 0    12.5 0    50.2 0     3.6 0     4.5 0   995.8 0
 1997 141  5 21  2 45  2.750 105.76    -4.4 0     0.0 0 -9999.9 1 -9999.9 1   276.4 0   287.4 0   286.7 0   359.7 0   285.6 0   285.5 0     0.0 0 -9999.9 1     0.0 0   -83.3 0   -83.3 0    12.5 0    50.3 0     3.5 0     3.0 0   995.9 0
 1997 141  5 21  2 48  2.800 106.16    -4.4 0     0.0 0 -9999.9 1 -9999.9 1   276.2 0   287.3 0   286.6 0   358.6 0   285.5 0   285.5 0     0.0 0 -9999.9 1     0.0 0   -82.5 0   -82.5 0    12.4 0    50.6 0     3.3 0     4.1 0   995.9 0
 1997 141  5 21  2 51  2.850 106.56    -4.4 0     0.0 0 -9999.9 1 -9999.9 1   276.0 0   287.3 0   286.6 0   357.2 0   285.5 0   285.4 0     0.0 0 -9999.9 1     0.0 0   -81.2 0   -81.2 0    12.3 0    50.8 0     3.1 0     5.6 0   996.0 0
 1997 141  5 21  2 54  2.900 106.96    -4.3 0     0.0 0 -9999.9 1 -9999.9 1   275.9 0   287.2 0   286.5 0   355.9 0   285.4 0   285.3 0     0.0 0 -9999.9 1     0.0 0   -80.0 0   -80.0 0    12.3 0    51.1 0     2.9 0     5.4 0   996.0 0
 1997 141  5 21  2 57  2.950 107.35    -4.3 0     0.0 0 -9999.9 1 -9999.9 1   275.9 0   287.2 0   286.5 0   355.0 0   285.4 0   285.3 0     0.0 0 -9999.9 1     0.0 0   -79.0 0   -79.0 0    12.3 0    51.2 0     2.8 0     5.7 0   996.0 0
 1997 141  5 21  3  0  3.000 107.73    -4.3 0     0.0 0 -9999.9 1 -9999.9 1   275.7 0   287.2 0   286.4 0   354.1 0   285.3 0   285.2 0     0.0 0 -9999.9 1     0.0 0   -78.4 0   -78.4 0    12.2 0    51.3 0     2.5 0     3.0 0   996.0 0
 1997 141  5 21  3  3  3.050 108.12    -4.3 0     0.0 0 -9999.9 1 -9999.9 1   275.4 0   287.1 0   286.4 0   353.4 0   285.2 0   285.1 0     0.0 0 -9999.9 1     0.0 0   -78.0 0   -78.0 0    12.1 0    51.8 0     2.2 0     5.7 0   996.1 0
 1997 141  5 21  3  6  3.100 108.49    -4.2 0     0.0 0 -9999.9 1 -9999.9 1   274.8 0   287.1 0   286.4 0   352.5 0   285.1 0   285.1 0     0.0 0 -9999.9 1     0.0 0   -77.6 0   -77.6 0    12.0 0    52.5 0     2.2 0     5.2 0   996.1 0
 1997 141  5 21  3  9  3.150 108.87    -4.2 0     0.0 0 -9999.9 1 -9999.9 1   274.5 0   287.0 0   286.3 0   352.3 0   285.0 0   285.0 0     0.0 0 -9999.9 1     0.0 0   -77.7 0   -77.7 0    11.8 0    53.1 0     2.5 0     6.1 0   996.2 0
 1997 141  5 21  3 12  3.200 109.24    -4.1 0     0.0 0 -9999.9 1 -9999.9 1   274.3 0   287.0 0   286.2 0   352.1 0   284.9 0   284.8 0     0.0 0 -9999.9 1     0.0 0   -77.8 0   -77.8 0    11.7 0    53.9 0     2.6 0   357.2 0   996.2 0
 1997 141  5 21  3 15  3.250 109.60    -4.1 0     0.0 0 -9999.9 1 -9999.9 1   274.2 0   286.9 0   286.1 0   351.9 0   284.8 0   284.7 0     0.0 0 -9999.9 1     0.0 0   -77.8 0   -77.8 0    11.6 0    54.6 0     2.8 0     1.2 0   996.2 0
 1997 141  5 21  3 18  3.300 109.96    -4.1 0     0.0 0 -9999.9 1 -9999.9 1   273.9 0   286.8 0   286.0 0   351.9 0   284.7 0   284.6 0     0.0 0 -9999.9 1     0.0 0   -78.0 0   -78.0 0    11.5 0    55.3 0     2.8 0   354.9 0   996.2 0
 1997 141  5 21  3 21  3.350 110.31    -4.1 0     0.0 0 -9999.9 1 -9999.9 1   273.8 0   286.7 0   285.9 0   352.1 0   284.6 0   284.5 0     0.0 0 -9999.9 1     0.0 0   -78.3 0   -78.3 0    11.4 0    55.7 0     2.9 0   354.9 0   996.2 0
 1997 141  5 21  3 24  3.400 110.66    -4.1 0     0.0 0 -9999.9 1 -9999.9 1   273.7 0   286.6 0   285.8 0   351.8 0   284.5 0   284.5 0     0.0 0 -9999.9 1     0.0 0   -78.0 0   -78.0 0    11.4 0    56.1 0     3.0 0   353.4 0   996.2 0
 1997 141  5 21  3 27  3.450 111.00    -4.1 0     0.0 0 -9999.9 1 -9999.9 1   273.5 0   286.5 0   285.7 0   352.4 0   284.5 0   284.4 0     0.0 0 -9999.9 1     0.0 0   -78.8 0   -78.8 0    11.3 0    56.3 0     3.3 0   356.3 0   996.3 0
 1997 141  5 21  3 30  3.500 111.34    -4.2 0     0.0 0 -9999.9 1 -9999.9 1   273.1 0   286.4 0   285.6 0   353.3 0   284.4 0   284.3 0     0.0 0 -9999.9 1     0.0 0   -80.2 0   -80.2 0    11.3 0    56.5 0     3.7 0   355.5 0   996.3 0
 1997 141  5 21  3 33  3.550 111.67    -4.3 0     0.0 0 -9999.9 1 -9999.9 1   272.8 0   286.3 0   285.5 0   353.8 0   284.3 0   284.3 0     0.0 0 -9999.9 1     0.0 0   -81.0 0   -81.0 0    11.2 0    56.7 0     4.1 0     1.3 0   996.3 0
 1997 141  5 21  3 36  3.600 112.00    -4.2 0     0.0 0 -9999.9 1 -9999.9 1   272.5 0   286.2 0   285.4 0   354.0 0   284.3 0   284.2 0     0.0 0 -9999.9 1     0.0 0   -81.4 0   -81.4 0    11.2 0    57.1 0     4.2 0    11.1 0   996.2 0
 1997 141  5 21  3 39  3.650 112.32    -4.2 0     0.0 0 -9999.9 1 -9999.9 1   272.5 0   286.1 0   285.3 0   353.7 0   284.2 0   284.2 0     0.0 0 -9999.9 1     0.0 0   -81.2 0   -81.2 0    11.2 0    57.3 0     4.1 0     4.2 0   996.2 0
 1997 141  5 21  3 42  3.700 112.63    -4.2 0     0.0 0 -9999.9 1 -9999.9 1   272.3 0   286.0 0   285.2 0   353.7 0   284.2 0   284.1 0     0.0 0 -9999.9 1     0.0 0   -81.4 0   -81.4 0    11.1 0    57.8 0     4.0 0    14.6 0   996.2 0
 1997 141  5 21  3 45  3.750 112.94    -4.2 0     0.0 0 -9999.9 1 -9999.9 1   272.2 0   285.9 0   285.2 0   353.7 0   284.1 0   284.1 0     0.0 0 -9999.9 1     0.0 0   -81.5 0   -81.5 0    11.1 0    58.0 0     4.0 0    13.3 0   996.2 0
 1997 141  5 21  3 48  3.800 113.25    -4.2 0     0.0 0 -9999.9 1 -9999.9 1   272.0 0   285.9 0   285.1 0   353.3 0   284.1 0   284.0 0     0.0 0 -9999.9 1     0.0 0   -81.3 0   -81.3 0    11.0 0    58.3 0     4.0 0   357.5 0   996.3 0
 1997 141  5 21  3 51  3.850 113.54    -4.3 0     0.0 0 -9999.9 1 -9999.9 1   271.9 0   285.8 0   285.0 0   353.2 0   284.0 0   284.0 0     0.0 0 -9999.9 1     0.0 0   -81.3 0   -81.3 0    10.9 0    58.5 0     4.0 0   359.5 0   996.3 0
 1997 141  5 21  3 54  3.900 113.83    -4.3 0     0.0 0 -9999.9 1 -9999.9 1   271.8 0   285.7 0   284.9 0   353.3 0   284.0 0   283.9 0     0.0 0 -9999.9 1     0.0 0   -81.5 0   -81.5 0    10.9 0    58.7 0     4.2 0   355.1 0   996.3 0
 1997 141  5 21  3 57  3.950 114.12    -4.4 0     0.0 0 -9999.9 1 -9999.9 1   271.6 0   285.6 0   284.9 0   353.3 0   283.9 0   283.9 0     0.0 0 -9999.9 1     0.0 0   -81.7 0   -81.7 0    10.9 0    58.7 0     4.2 0     7.3 0   996.3 0
 1997 141  5 21  4  0  4.000 114.40    -4.3 0     0.0 0 -9999.9 1 -9999.9 1   271.3 0   285.6 0   284.8 0   353.1 0   283.9 0   283.8 0     0.0 0 -9999.9 1     0.0 0   -81.8 0   -81.8 0    10.8 0    58.9 0     4.2 0     4.0 0   996.2 0
 1997 141  5 21  4  3  4.050 114.67    -4.3 0     0.0 0 -9999.9 1 -9999.9 1   271.0 0   285.5 0   284.8 0   352.9 0   283.8 0   283.8 0     0.0 0 -9999.9 1     0.0 0   -81.9 0   -81.9 0    10.8 0    59.1 0     4.2 0     3.0 0   996.2 0
 1997 141  5 21  4  6  4.100 114.94    -4.4 0     0.0 0 -9999.9 1 -9999.9 1   270.8 0   285.5 0   284.7 0   353.1 0   283.8 0   283.7 0     0.0 0 -9999.9 1     0.0 0   -82.3 0   -82.3 0    10.7 0    59.5 0     4.5 0     3.1 0   996.3 0
 1997 141  5 21  4  9  4.150 115.20    -4.5 0     0.0 0 -9999.9 1 -9999.9 1   271.4 0   285.4 0   284.7 0   354.9 0   283.8 0   283.7 0     0.0 0 -9999.9 1     0.0 0   -83.5 0   -83.5 0    10.8 0    59.3 0     4.6 0    11.6 0   996.3 0
 1997 141  5 21  4 12  4.200 115.45    -4.7 0     0.0 0 -9999.9 1 -9999.9 1   272.0 0   285.5 0   284.8 0   356.3 0   283.8 0   283.8 0     0.0 0 -9999.9 1     0.0 0   -84.2 0   -84.2 0    10.9 0    58.6 0     5.1 0    17.9 0   996.4 0
 1997 141  5 21  4 15  4.250 115.70    -5.0 0     0.0 0 -9999.9 1 -9999.9 1   272.3 0   285.5 0   284.9 0   357.1 0   283.9 0   283.9 0     0.0 0 -9999.9 1     0.0 0   -84.8 0   -84.8 0    11.1 0    58.0 0     5.7 0    16.8 0   996.4 0
 1997 141  5 21  4 18  4.300 115.94    -5.1 0     0.3 0 -9999.9 1 -9999.9 1   270.6 0   285.6 0   284.8 0   354.5 0   283.9 0   283.8 0     0.0 0 -9999.9 1     0.0 0   -83.9 0   -83.9 0    10.6 0    59.0 0     4.4 0    26.8 0   996.4 0
 1997 141  5 21  4 21  4.350 116.18    -5.2 0     0.4 0 -9999.9 1 -9999.9 1   270.9 0   285.6 0   284.9 0   355.0 0   283.8 0   283.7 0     0.0 0 -9999.9 1     0.0 0   -84.1 0   -84.1 0    10.5 0    60.0 0     5.1 0    25.5 0   996.3 0
 1997 141  5 21  4 24  4.400 116.40    -5.2 0     0.0 0 -9999.9 1 -9999.9 1   271.0 0   285.6 0   284.9 0   355.5 0   283.7 0   283.7 0     0.0 0 -9999.9 1     0.0 0   -84.6 0   -84.6 0    10.5 0    60.5 0     5.5 0    28.8 0   996.3 0
 1997 141  5 21  4 27  4.450 116.62    -5.3 0     0.0 0 -9999.9 1 -9999.9 1   270.8 0   285.6 0   284.9 0   355.5 0   283.7 0   283.6 0     0.0 0 -9999.9 1     0.0 0   -84.6 0   -84.6 0    10.4 0    61.0 0     5.5 0    29.3 0   996.4 0
 1997 141  5 21  4 30  4.500 116.84    -5.3 0     0.2 0 -9999.9 1 -9999.9 1   270.6 0   285.6 0   284.9 0   355.3 0   283.6 0   283.6 0     0.0 0 -9999.9 1     0.0 0   -84.7 0   -84.7 0    10.3 0    61.7 0     5.3 0    24.1 0   996.4 0
 1997 141  5 21  4 33  4.550 117.04    -5.3 0     0.1 0 -9999.9 1 -9999.9 1   270.9 0   285.7 0   284.9 0   355.0 0   283.5 0   283.5 0     0.0 0 -9999.9 1     0.0 0   -84.2 0   -84.2 0    10.3 0    62.5 0     5.2 0    34.8 0   996.5 0
 1997 141  5 21  4 36  4.600 117.24    -5.3 0     0.0 0 -9999.9 1 -9999.9 1   271.4 0   285.7 0   284.9 0   355.6 0   283.5 0   283.5 0     0.0 0 -9999.9 1     0.0 0   -84.2 0   -84.2 0    10.4 0    62.8 0     5.4 0    40.7 0   996.5 0
 1997 141  5 21  4 39  4.650 117.43    -5.3 0     0.0 0 -9999.9 1 -9999.9 1   270.9 0   285.7 0   285.0 0   354.9 0   283.5 0   283.5 0     0.0 0 -9999.9 1     0.0 0   -84.0 0   -84.0 0    10.4 0    62.9 0     4.5 0    33.8 0   996.5 0
 1997 141  5 21  4 42  4.700 117.62    -5.0 0     0.6 0 -9999.9 1 -9999.9 1   269.9 0   285.7 0   284.9 0   352.6 0   283.4 0   283.4 0     0.0 0 -9999.9 1     0.0 0   -82.7 0   -82.7 0    10.1 0    64.1 0     3.8 0    33.6 0   996.5 0
 1997 141  5 21  4 45  4.750 117.80    -4.6 0     0.2 0 -9999.9 1 -9999.9 1   269.9 0   285.7 0   284.8 0   351.4 0   283.3 0   283.3 0     0.0 0 -9999.9 1     0.0 0   -81.4 0   -81.4 0    10.1 0    64.9 0     4.0 0    44.6 0   996.5 0
 1997 141  5 21  4 48  4.800 117.97    -4.4 0     0.0 0 -9999.9 1 -9999.9 1   269.8 0   285.6 0   284.7 0   350.6 0   283.3 0   283.2 0     0.0 0 -9999.9 1     0.0 0   -80.8 0   -80.8 0    10.1 0    65.2 0     3.8 0    45.9 0   996.6 0
 1997 141  5 21  4 51  4.850 118.13    -4.3 0     0.0 0 -9999.9 1 -9999.9 1   269.7 0   285.5 0   284.6 0   350.3 0   283.2 0   283.2 0     0.0 0 -9999.9 1     0.0 0   -80.6 0   -80.6 0    10.2 0    65.2 0     4.0 0    43.7 0   996.6 0
 1997 141  5 21  4 54  4.900 118.29    -4.3 0     0.0 0 -9999.9 1 -9999.9 1   269.7 0   285.4 0   284.6 0   350.7 0   283.2 0   283.2 0     0.0 0 -9999.9 1     0.0 0   -81.0 0   -81.0 0    10.3 0    65.0 0     4.2 0    48.1 0   996.6 0
 1997 141  5 21  4 57  4.950 118.43    -4.4 0     0.0 0 -9999.9 1 -9999.9 1   270.5 0   285.3 0   284.6 0   352.1 0   283.2 0   283.2 0     0.0 0 -9999.9 1     0.0 0   -81.7 0   -81.7 0    10.4 0    64.6 0     3.7 0    62.9 0   996.6 0
 1997 141  5 21  5  0  5.000 118.57    -4.7 0     0.0 0 -9999.9 1 -9999.9 1   270.5 0   285.3 0   284.6 0   353.8 0   283.3 0   283.3 0     0.0 0 -9999.9 1     0.0 0   -83.3 0   -83.3 0    10.4 0    64.5 0     3.8 0    59.9 0   996.6 0
 1997 141  5 21  5  3  5.050 118.71    -4.8 0     0.0 0 -9999.9 1 -9999.9 1   269.4 0   285.4 0   284.6 0   352.3 0   283.3 0   283.3 0     0.0 0 -9999.9 1     0.0 0   -82.9 0   -82.9 0    10.4 0    64.5 0     3.8 0    50.4 0   996.7 0
 1997 141  5 21  5  6  5.100 118.83    -4.6 0     0.0 0 -9999.9 1 -9999.9 1   268.8 0   285.4 0   284.6 0   351.1 0   283.3 0   283.2 0     0.0 0 -9999.9 1     0.0 0   -82.3 0   -82.3 0    10.3 0    64.7 0     3.7 0    42.4 0   996.7 0
 1997 141  5 21  5  9  5.150 118.95    -4.5 0     0.2 0 -9999.9 1 -9999.9 1   268.4 0   285.3 0   284.6 0   349.9 0   283.2 0   283.2 0     0.0 0 -9999.9 1     0.0 0   -81.5 0   -81.5 0    10.1 0    65.1 0     3.8 0    47.4 0   996.8 0
 1997 141  5 21  5 12  5.200 119.06    -4.4 0     0.0 0 -9999.9 1 -9999.9 1   268.7 0   285.3 0   284.5 0   350.8 0   283.2 0   283.1 0     0.0 0 -9999.9 1     0.0 0   -82.1 0   -82.1 0    10.1 0    65.1 0     3.9 0    44.0 0   996.8 0
 1997 141  5 21  5 15  5.250 119.16    -4.4 0     0.0 0 -9999.9 1 -9999.9 1   268.4 0   285.2 0   284.5 0   350.2 0   283.1 0   283.1 0     0.0 0 -9999.9 1     0.0 0   -81.8 0   -81.8 0    10.0 0    65.2 0     3.8 0    40.2 0   996.8 0
 1997 141  5 21  5 18  5.300 119.25    -4.4 0     0.0 0 -9999.9 1 -9999.9 1   268.0 0   285.2 0   284.4 0   350.4 0   283.1 0   283.0 0     0.0 0 -9999.9 1     0.0 0   -82.4 0   -82.4 0     9.9 0    65.4 0     4.0 0    50.5 0   996.8 0
 1997 141  5 21  5 21  5.350 119.34    -4.4 0     0.0 0 -9999.9 1 -9999.9 1   268.2 0   285.1 0   284.3 0   350.3 0   283.0 0   283.0 0     0.0 0 -9999.9 1     0.0 0   -82.2 0   -82.2 0     9.9 0    65.7 0     3.8 0    54.8 0   996.9 0
 1997 141  5 21  5 24  5.400 119.42    -4.4 0     0.0 0 -9999.9 1 -9999.9 1   268.0 0   285.1 0   284.3 0   350.3 0   283.0 0   282.9 0     0.0 0 -9999.9 1     0.0 0   -82.3 0   -82.3 0     9.8 0    65.9 0     3.6 0    53.0 0   996.8 0
 1997 141  5 21  5 27  5.450 119.48    -4.4 0     0.0 0 -9999.9 1 -9999.9 1   267.7 0   285.0 0   284.2 0   349.8 0   282.9 0   282.9 0     0.0 0 -9999.9 1     0.0 0   -82.1 0   -82.1 0     9.7 0    66.1 0     3.7 0    53.3 0   996.8 0
 1997 141  5 21  5 30  5.500 119.55    -4.4 0     0.0 0 -9999.9 1 -9999.9 1   267.6 0   285.0 0   284.2 0   349.8 0   282.9 0   282.8 0     0.0 0 -9999.9 1     0.0 0   -82.2 0   -82.2 0     9.7 0    66.1 0     3.7 0    49.8 0   996.8 0
 1997 141  5 21  5 33  5.550 119.60    -4.4 0     0.0 0 -9999.9 1 -9999.9 1   267.4 0   284.9 0   284.2 0   349.9 0   282.8 0   282.8 0     0.0 0 -9999.9 1     0.0 0   -82.5 0   -82.5 0     9.7 0    66.1 0     4.1 0    46.7 0   996.8 0
 1997 141  5 21  5 36  5.600 119.65    -4.5 0     0.0 0 -9999.9 1 -9999.9 1   267.1 0   284.9 0   284.1 0   349.9 0   282.8 0   282.7 0     0.0 0 -9999.9 1     0.0 0   -82.8 0   -82.8 0     9.7 0    66.1 0     4.3 0    47.1 0   996.9 0
 1997 141  5 21  5 39  5.650 119.68    -4.6 0     0.0 0 -9999.9 1 -9999.9 1   267.3 0   284.9 0   284.1 0   350.3 0   282.7 0   282.7 0     0.0 0 -9999.9 1     0.0 0   -83.0 0   -83.0 0     9.6 0    66.2 0     4.5 0    50.2 0   996.9 0
 1997 141  5 21  5 42  5.700 119.71    -4.8 0     0.0 0 -9999.9 1 -9999.9 1   267.3 0   284.8 0   284.1 0   350.9 0   282.7 0   282.7 0     0.0 0 -9999.9 1     0.0 0   -83.6 0   -83.6 0     9.7 0    66.2 0     4.4 0    51.7 0   996.9 0
 1997 141  5 21  5 45  5.750 119.73    -4.8 0     0.0 0 -9999.9 1 -9999.9 1   267.1 0   284.8 0   284.1 0   350.8 0   282.7 0   282.7 0     0.0 0 -9999.9 1     0.0 0   -83.7 0   -83.7 0     9.7 0    66.1 0     4.2 0    51.4 0   996.9 0
 1997 141  5 21  5 48  5.800 119.75    -4.7 0     0.0 0 -9999.9 1 -9999.9 1   267.0 0   284.8 0   284.1 0   350.1 0   282.7 0   282.7 0     0.0 0 -9999.9 1     0.0 0   -83.1 0   -83.1 0     9.7 0    66.1 0     4.2 0    50.6 0   996.9 0
 1997 141  5 21  5 51  5.850 119.75    -4.7 0     0.0 0 -9999.9 1 -9999.9 1   266.7 0   284.8 0   284.0 0   349.2 0   282.7 0   282.6 0     0.0 0 -9999.9 1     0.0 0   -82.5 0   -82.5 0     9.6 0    66.2 0     4.1 0    50.4 0   997.0 0
 1997 141  5 21  5 54  5.900 119.75    -4.6 0     0.0 0 -9999.9 1 -9999.9 1   266.4 0   284.8 0   284.0 0   348.5 0   282.6 0   282.6 0     0.0 0 -9999.9 1     0.0 0   -82.1 0   -82.1 0     9.5 0    66.4 0     4.0 0    49.8 0   997.0 0
 1997 141  5 21  5 57  5.950 119.74    -4.4 0     0.0 0 -9999.9 1 -9999.9 1   266.2 0   284.7 0   283.9 0   347.9 0   282.6 0   282.5 0     0.0 0 -9999.9 1     0.0 0   -81.8 0   -81.8 0     9.5 0    66.6 0     3.9 0    50.7 0   997.0 0
 1997 141  5 21  6  0  6.000 119.72    -4.4 0     0.0 0 -9999.9 1 -9999.9 1   265.9 0   284.7 0   283.9 0   347.0 0   282.5 0   282.5 0     0.0 0 -9999.9 1     0.0 0   -81.2 0   -81.2 0     9.5 0    66.7 0     3.6 0    48.4 0   997.0 0
 1997 141  5 21  6  3  6.050 119.69    -4.3 0     0.0 0 -9999.9 1 -9999.9 1   265.7 0   284.6 0   283.8 0   345.8 0   282.5 0   282.4 0     0.0 0 -9999.9 1     0.0 0   -80.1 0   -80.1 0     9.4 0    66.9 0     3.5 0    47.8 0   997.0 0
 1997 141  5 21  6  6  6.100 119.66    -4.1 0     0.0 0 -9999.9 1 -9999.9 1   265.5 0   284.5 0   283.7 0   345.2 0   282.4 0   282.4 0     0.0 0 -9999.9 1     0.0 0   -79.6 0   -79.6 0     9.4 0    66.9 0     3.5 0    46.7 0   997.0 0
 1997 141  5 21  6  9  6.150 119.61    -4.2 0     0.0 0 -9999.9 1 -9999.9 1   265.2 0   284.4 0   283.6 0   344.7 0   282.4 0   282.3 0     0.0 0 -9999.9 1     0.0 0   -79.4 0   -79.4 0     9.3 0    66.8 0     3.7 0    46.6 0   997.0 0
 1997 141  5 21  6 12  6.200 119.56    -4.1 0     0.0 0 -9999.9 1 -9999.9 1   265.2 0   284.3 0   283.5 0   344.6 0   282.3 0   282.3 0     0.0 0 -9999.9 1     0.0 0   -79.4 0   -79.4 0     9.3 0    66.8 0     3.7 0    50.2 0   997.0 0
 1997 141  5 21  6 15  6.250 119.50    -4.1 0     0.0 0 -9999.9 1 -9999.9 1   265.4 0   284.2 0   283.4 0   345.0 0   282.3 0   282.2 0     0.0 0 -9999.9 1     0.0 0   -79.6 0   -79.6 0     9.3 0    66.7 0     3.5 0    52.6 0   997.0 0
 1997 141  5 21  6 18  6.300 119.43    -4.2 0     0.0 0 -9999.9 1 -9999.9 1   265.6 0   284.1 0   283.3 0   344.9 0   282.2 0   282.2 0     0.0 0 -9999.9 1     0.0 0   -79.3 0   -79.3 0     9.3 0    66.5 0     3.4 0    54.5 0   997.0 0
 1997 141  5 21  6 21  6.350 119.36    -4.2 0     0.0 0 -9999.9 1 -9999.9 1   265.8 0   284.1 0   283.3 0   344.9 0   282.2 0   282.2 0     0.0 0 -9999.9 1     0.0 0   -79.1 0   -79.1 0     9.4 0    66.4 0     3.1 0    55.9 0   997.0 0
 1997 141  5 21  6 24  6.400 119.27    -4.3 0     0.0 0 -9999.9 1 -9999.9 1   265.4 0   284.0 0   283.3 0   344.4 0   282.2 0   282.2 0     0.0 0 -9999.9 1     0.0 0   -79.0 0   -79.0 0     9.3 0    66.2 0     3.1 0    55.8 0   997.0 0
 1997 141  5 21  6 27  6.450 119.18    -4.3 0     0.0 0 -9999.9 1 -9999.9 1   264.9 0   284.0 0   283.3 0   344.0 0   282.2 0   282.2 0     0.0 0 -9999.9 1     0.0 0   -79.1 0   -79.1 0     9.3 0    66.2 0     2.9 0    53.6 0   997.0 0
 1997 141  5 21  6 30  6.500 119.08    -4.3 0     0.0 0 -9999.9 1 -9999.9 1   264.5 0   284.0 0   283.2 0   343.3 0   282.2 0   282.1 0     0.0 0 -9999.9 1     0.0 0   -78.8 0   -78.8 0     9.3 0    66.5 0     2.9 0    49.0 0   997.1 0
 1997 141  5 21  6 33  6.550 118.98    -4.2 0     0.0 0 -9999.9 1 -9999.9 1   264.0 0   283.9 0   283.1 0   342.4 0   282.2 0   282.1 0     0.0 0 -9999.9 1     0.0 0   -78.4 0   -78.4 0     9.2 0    66.5 0     3.3 0    47.5 0   997.1 0
 1997 141  5 21  6 36  6.600 118.86    -4.1 0     0.0 0 -9999.9 1 -9999.9 1   263.6 0   283.9 0   283.1 0   341.5 0   282.1 0   282.1 0     0.0 0 -9999.9 1     0.0 0   -77.9 0   -77.9 0     9.2 0    66.6 0     3.1 0    47.2 0   997.2 0
 1997 141  5 21  6 39  6.650 118.74    -4.1 0     0.0 0 -9999.9 1 -9999.9 1   263.5 0   283.8 0   283.0 0   341.1 0   282.1 0   282.0 0     0.0 0 -9999.9 1     0.0 0   -77.6 0   -77.6 0     9.1 0    66.9 0     3.2 0    48.2 0   997.2 0
 1997 141  5 21  6 42  6.700 118.61    -4.1 0     0.0 0 -9999.9 1 -9999.9 1   263.4 0   283.7 0   283.0 0   341.5 0   282.0 0   281.9 0     0.0 0 -9999.9 1     0.0 0   -78.1 0   -78.1 0     9.0 0    67.3 0     3.2 0    49.3 0   997.2 0
 1997 141  5 21  6 45  6.750 118.47    -4.2 0     0.2 0 -9999.9 1 -9999.9 1   263.3 0   283.7 0   282.9 0   342.1 0   281.9 0   281.8 0     0.0 0 -9999.9 1     0.0 0   -78.8 0   -78.8 0     8.8 0    67.8 0     3.3 0    49.6 0   997.3 0
 1997 141  5 21  6 48  6.800 118.32    -4.2 0     0.0 0 -9999.9 1 -9999.9 1   263.1 0   283.7 0   282.9 0   342.1 0   281.8 0   281.8 0     0.0 0 -9999.9 1     0.0 0   -79.0 0   -79.0 0     8.7 0    68.1 0     3.3 0    47.2 0   997.3 0
 1997 141  5 21  6 51  6.850 118.17    -4.2 0     0.0 0 -9999.9 1 -9999.9 1   262.8 0   283.6 0   282.9 0   342.0 0   281.8 0   281.7 0     0.0 0 -9999.9 1     0.0 0   -79.1 0   -79.1 0     8.8 0    68.1 0     3.6 0    46.9 0   997.3 0
 1997 141  5 21  6 54  6.900 118.01    -4.1 0     0.0 0 -9999.9 1 -9999.9 1   262.9 0   283.6 0   282.8 0   342.6 0   281.8 0   281.7 0     0.0 0 -9999.9 1     0.0 0   -79.7 0   -79.7 0     8.9 0    67.8 0     3.6 0    45.6 0   997.3 0
 1997 141  5 21  6 57  6.950 117.84    -4.1 0     0.0 0 -9999.9 1 -9999.9 1   262.5 0   283.5 0   282.8 0   341.9 0   281.8 0   281.8 0     0.0 0 -9999.9 1     0.0 0   -79.4 0   -79.4 0     9.0 0    67.5 0     3.2 0    41.6 0   997.3 0
 1997 141  5 21  7  0  7.000 117.66    -4.0 0     0.0 0 -9999.9 1 -9999.9 1   262.3 0   283.5 0   282.8 0   340.6 0   281.8 0   281.8 0     0.0 0 -9999.9 1     0.0 0   -78.3 0   -78.3 0     9.0 0    67.4 0     2.9 0    39.4 0   997.3 0
 1997 141  5 21  7  3  7.050 117.48    -3.9 0     0.0 0 -9999.9 1 -9999.9 1   261.5 0   283.4 0   282.7 0   339.1 0   281.8 0   281.7 0     0.0 0 -9999.9 1     0.0 0   -77.6 0   -77.6 0     8.8 0    67.6 0     2.5 0    29.0 0   997.3 0
 1997 141  5 21  7  6  7.100 117.29    -3.9 0     0.4 0 -9999.9 1 -9999.9 1   261.0 0   283.3 0   282.6 0   337.6 0   281.7 0   281.6 0     0.0 0 -9999.9 1     0.0 0   -76.6 0   -76.6 0     8.4 0    68.9 0     2.2 0    13.4 0   997.3 0
 1997 141  5 21  7  9  7.150 117.09    -3.9 0     0.2 0 -9999.9 1 -9999.9 1   260.8 0   283.2 0   282.5 0   337.5 0   281.5 0   281.4 0     0.0 0 -9999.9 1     0.0 0   -76.7 0   -76.7 0     8.2 0    70.4 0     2.2 0    14.3 0   997.3 0
 1997 141  5 21  7 12  7.200 116.89    -3.9 0     0.0 0 -9999.9 1 -9999.9 1   260.9 0   283.2 0   282.5 0   337.2 0   281.4 0   281.3 0     0.0 0 -9999.9 1     0.0 0   -76.4 0   -76.4 0     8.1 0    71.6 0     2.1 0    17.6 0   997.3 0
 1997 141  5 21  7 15  7.250 116.68    -3.9 0     0.0 0 -9999.9 1 -9999.9 1   260.9 0   283.1 0   282.4 0   337.3 0   281.2 0   281.2 0     0.0 0 -9999.9 1     0.0 0   -76.4 0   -76.4 0     8.1 0    72.5 0     2.2 0    18.3 0   997.4 0
 1997 141  5 21  7 18  7.300 116.46    -4.0 0     0.0 0 -9999.9 1 -9999.9 1   260.9 0   283.0 0   282.4 0   337.3 0   281.2 0   281.1 0     0.0 0 -9999.9 1     0.0 0   -76.4 0   -76.4 0     8.1 0    73.0 0     2.3 0    24.1 0   997.4 0
 1997 141  5 21  7 21  7.350 116.23    -4.0 0     0.0 0 -9999.9 1 -9999.9 1   260.4 0   283.0 0   282.3 0   337.7 0   281.1 0   281.1 0     0.0 0 -9999.9 1     0.0 0   -77.2 0   -77.2 0     8.1 0    73.3 0     2.5 0    21.2 0   997.4 0
 1997 141  5 21  7 24  7.400 116.00    -4.0 0     0.0 0 -9999.9 1 -9999.9 1   260.2 0   282.9 0   282.2 0   338.0 0   281.1 0   281.0 0     0.0 0 -9999.9 1     0.0 0   -77.8 0   -77.8 0     8.1 0    73.6 0     2.5 0    20.4 0   997.4 0
 1997 141  5 21  7 27  7.450 115.76    -4.0 0     0.0 0 -9999.9 1 -9999.9 1   260.1 0   282.9 0   282.1 0   338.9 0   281.0 0   281.0 0     0.0 0 -9999.9 1     0.0 0   -78.8 0   -78.8 0     8.1 0    73.6 0     2.6 0    21.3 0   997.4 0
 1997 141  5 21  7 30  7.500 115.52    -4.1 0     0.0 0 -9999.9 1 -9999.9 1   259.8 0   282.8 0   282.0 0   339.0 0   281.0 0   281.0 0     0.0 0 -9999.9 1     0.0 0   -79.2 0   -79.2 0     8.1 0    73.7 0     2.5 0    19.2 0   997.4 0
 1997 141  5 21  7 33  7.550 115.26    -4.0 0     0.0 0 -9999.9 1 -9999.9 1   259.6 0   282.7 0   282.0 0   338.7 0   281.0 0   281.0 0     0.0 0 -9999.9 1     0.0 0   -79.0 0   -79.0 0     8.1 0    73.8 0     2.5 0    21.6 0   997.4 0
 1997 141  5 21  7 36  7.600 115.00    -3.9 0     0.0 0 -9999.9 1 -9999.9 1   259.1 0   282.6 0   282.0 0   337.2 0   281.0 0   280.9 0     0.0 0 -9999.9 1     0.0 0   -78.2 0   -78.2 0     8.0 0    73.9 0     2.3 0    23.2 0   997.4 0
 1997 141  5 21  7 39  7.650 114.74    -3.9 0     0.0 0 -9999.9 1 -9999.9 1   259.1 0   282.6 0   281.9 0   336.6 0   280.9 0   280.9 0     0.0 0 -9999.9 1     0.0 0   -77.5 0   -77.5 0     8.0 0    74.1 0     2.2 0    23.1 0   997.5 0
 1997 141  5 21  7 42  7.700 114.47    -3.9 0     0.0 0 -9999.9 1 -9999.9 1   259.1 0   282.5 0   281.8 0   337.2 0   280.9 0   280.9 0     0.0 0 -9999.9 1     0.0 0   -78.1 0   -78.1 0     8.0 0    74.0 0     2.4 0    23.1 0   997.5 0
 1997 141  5 21  7 45  7.750 114.19    -3.9 0     0.0 0 -9999.9 1 -9999.9 1   258.9 0   282.5 0   281.8 0   337.3 0   280.9 0   280.9 0     0.0 0 -9999.9 1     0.0 0   -78.4 0   -78.4 0     8.0 0    73.8 0     2.5 0    25.9 0   997.5 0
 1997 141  5 21  7 48  7.800 113.91    -3.9 0     0.0 0 -9999.9 1 -9999.9 1   258.9 0   282.4 0   281.7 0   337.0 0   280.9 0   280.9 0     0.0 0 -9999.9 1     0.0 0   -78.1 0   -78.1 0     8.1 0    73.6 0     2.7 0    28.0 0   997.5 0
 1997 141  5 21  7 51  7.850 113.62    -3.9 0     0.0 0 -9999.9 1 -9999.9 1   258.6 0   282.3 0   281.7 0   337.8 0   280.9 0   280.9 0     0.0 0 -9999.9 1     0.0 0   -79.1 0   -79.1 0     8.1 0    73.3 0     2.7 0    27.6 0   997.6 0
 1997 141  5 21  7 54  7.900 113.32    -3.9 0     0.0 0 -9999.9 1 -9999.9 1   258.4 0   282.3 0   281.6 0   337.3 0   280.9 0   280.9 0     0.0 0 -9999.9 1     0.0 0   -78.9 0   -78.9 0     8.1 0    73.3 0     2.5 0    25.4 0   997.6 0
 1997 141  5 21  7 57  7.950 113.02    -3.9 0     0.0 0 -9999.9 1 -9999.9 1   258.2 0   282.2 0   281.6 0   335.7 0   280.9 0   280.8 0     0.0 0 -9999.9 1     0.0 0   -77.6 0   -77.6 0     8.0 0    73.6 0     2.5 0    23.0 0   997.6 0
 1997 141  5 21  8  0  8.000 112.71    -3.9 0     0.0 0 -9999.9 1 -9999.9 1   258.1 0   282.2 0   281.5 0   334.7 0   280.8 0   280.8 0     0.0 0 -9999.9 1     0.0 0   -76.6 0   -76.6 0     7.9 0    73.8 0     2.5 0    23.9 0   997.6 0
 1997 141  5 21  8  3  8.050 112.40    -3.9 0     0.0 0 -9999.9 1 -9999.9 1   258.0 0   282.1 0   281.5 0   334.5 0   280.8 0   280.7 0     0.0 0 -9999.9 1     0.0 0   -76.5 0   -76.5 0     7.9 0    73.9 0     2.6 0    24.3 0   997.5 0
 1997 141  5 21  8  6  8.100 112.08    -3.9 0     0.0 0 -9999.9 1 -9999.9 1   257.8 0   282.1 0   281.4 0   334.3 0   280.7 0   280.7 0     0.0 0 -9999.9 1     0.0 0   -76.5 0   -76.5 0     7.9 0    74.0 0     2.6 0    26.1 0   997.6 0
 1997 141  5 21  8  9  8.150 111.75    -3.9 0     0.0 0 -9999.9 1 -9999.9 1   257.4 0   282.0 0   281.3 0   334.0 0   280.7 0   280.7 0     0.0 0 -9999.9 1     0.0 0   -76.6 0   -76.6 0     7.9 0    74.0 0     2.7 0    26.6 0   997.6 0
 1997 141  5 21  8 12  8.200 111.42    -3.9 0     0.0 0 -9999.9 1 -9999.9 1   257.5 0   282.0 0   281.2 0   333.7 0   280.7 0   280.6 0     0.0 0 -9999.9 1     0.0 0   -76.2 0   -76.2 0     7.9 0    74.0 0     2.7 0    26.6 0   997.6 0
 1997 141  5 21  8 15  8.250 111.08    -3.9 0     0.0 0 -9999.9 1 -9999.9 1   257.2 0   281.9 0   281.2 0   333.4 0   280.7 0   280.6 0     0.0 0 -9999.9 1     0.0 0   -76.2 0   -76.2 0     7.8 0    74.0 0     2.8 0    24.6 0   997.7 0
 1997 141  5 21  8 18  8.300 110.74    -3.9 0     0.0 0 -9999.9 1 -9999.9 1   257.1 0   281.8 0   281.1 0   333.7 0   280.6 0   280.6 0     0.0 0 -9999.9 1     0.0 0   -76.6 0   -76.6 0     7.7 0    74.2 0     2.9 0    22.8 0   997.7 0
 1997 141  5 21  8 21  8.350 110.40    -3.9 0     0.0 0 -9999.9 1 -9999.9 1   257.0 0   281.7 0   281.1 0   334.4 0   280.6 0   280.5 0     0.0 0 -9999.9 1     0.0 0   -77.4 0   -77.4 0     7.7 0    74.4 0     2.8 0    25.3 0   997.8 0
 1997 141  5 21  8 24  8.400 110.05    -3.9 0     0.0 0 -9999.9 1 -9999.9 1   256.8 0   281.7 0   281.0 0   334.5 0   280.5 0   280.5 0     0.0 0 -9999.9 1     0.0 0   -77.6 0   -77.6 0     7.6 0    74.8 0     2.7 0    22.9 0   997.8 0
 1997 141  5 21  8 27  8.450 109.69    -4.0 0     0.0 0 -9999.9 1 -9999.9 1   256.9 0   281.6 0   281.0 0   334.0 0   280.5 0   280.4 0     0.0 0 -9999.9 1     0.0 0   -77.0 0   -77.0 0     7.5 0    75.4 0     2.6 0    22.5 0   997.8 0
 1997 141  5 21  8 30  8.500 109.33    -4.0 0     0.0 0 -9999.9 1 -9999.9 1   257.0 0   281.6 0   281.0 0   333.6 0   280.4 0   280.4 0     0.0 0 -9999.9 1     0.0 0   -76.6 0   -76.6 0     7.4 0    76.0 0     2.7 0    20.4 0   997.8 0
 1997 141  5 21  8 33  8.550 108.96    -4.0 0     0.0 0 -9999.9 1 -9999.9 1   256.9 0   281.6 0   281.0 0   333.3 0   280.4 0   280.3 0     0.0 0 -9999.9 1     0.0 0   -76.4 0   -76.4 0     7.3 0    76.5 0     2.6 0    20.9 0   997.8 0
 1997 141  5 21  8 36  8.600 108.59    -3.9 0     0.0 0 -9999.9 1 -9999.9 1   256.7 0   281.6 0   280.9 0   332.8 0   280.3 0   280.2 0     0.0 0 -9999.9 1     0.0 0   -76.1 0   -76.1 0     7.2 0    77.0 0     2.7 0    22.6 0   997.8 0
 1997 141  5 21  8 39  8.650 108.21    -3.9 0     0.0 0 -9999.9 1 -9999.9 1   256.4 0   281.5 0   280.9 0   332.3 0   280.2 0   280.2 0     0.0 0 -9999.9 1     0.0 0   -75.9 0   -75.9 0     7.1 0    77.5 0     2.6 0    22.0 0   997.8 0
 1997 141  5 21  8 42  8.700 107.83    -3.9 0     0.0 0 -9999.9 1 -9999.9 1   256.2 0   281.5 0   280.8 0   332.5 0   280.1 0   280.1 0     0.0 0 -9999.9 1     0.0 0   -76.3 0   -76.3 0     7.1 0    77.9 0     2.5 0    20.8 0   997.9 0
 1997 141  5 21  8 45  8.750 107.44    -3.9 0     0.0 0 -9999.9 1 -9999.9 1   256.1 0   281.4 0   280.8 0   332.8 0   280.1 0   280.0 0     0.0 0 -9999.9 1     0.0 0   -76.7 0   -76.7 0     7.1 0    78.3 0     2.6 0    19.5 0   997.9 0
 1997 141  5 21  8 48  8.800 107.05    -3.9 0     0.0 0 -9999.9 1 -9999.9 1   255.7 0   281.4 0   280.8 0   332.5 0   280.0 0   279.9 0     0.0 0 -9999.9 1     0.0 0   -76.8 0   -76.8 0     6.9 0    78.8 0     2.8 0    19.3 0   998.0 0
 1997 141  5 21  8 51  8.850 106.66    -3.9 0     0.0 0 -9999.9 1 -9999.9 1   255.5 0   281.4 0   280.8 0   331.4 0   279.9 0   279.8 0     0.0 0 -9999.9 1     0.0 0   -75.9 0   -75.9 0     6.7 0    79.5 0     2.5 0    21.2 0   998.0 0
 1997 141  5 21  8 54  8.900 106.26    -3.8 0     0.0 0 -9999.9 1 -9999.9 1   255.7 0   281.4 0   280.7 0   330.5 0   279.8 0   279.7 0     0.0 0 -9999.9 1     0.0 0   -74.8 0   -74.8 0     6.6 0    80.3 0     2.2 0    21.9 0   998.0 0
 1997 141  5 21  8 57  8.950 105.86    -3.9 0     0.0 0 -9999.9 1 -9999.9 1   255.8 0   281.3 0   280.7 0   330.9 0   279.7 0   279.6 0     0.0 0 -9999.9 1     0.0 0   -75.0 0   -75.0 0     6.4 0    81.0 0     2.4 0    21.9 0   998.0 0
 1997 141  5 21  9  0  9.000 105.45    -4.0 0     0.0 0 -9999.9 1 -9999.9 1   255.9 0   281.3 0   280.7 0   331.5 0   279.6 0   279.5 0     0.0 0 -9999.9 1     0.0 0   -75.6 0   -75.6 0     6.4 0    81.4 0     2.7 0    25.4 0   998.0 0
 1997 141  5 21  9  3  9.050 105.04    -4.0 0     0.0 0 -9999.9 1 -9999.9 1   255.8 0   281.3 0   280.6 0   331.7 0   279.5 0   279.4 0     0.0 0 -9999.9 1     0.0 0   -75.9 0   -75.9 0     6.4 0    81.7 0     2.7 0    21.0 0   998.0 0
 1997 141  5 21  9  6  9.100 104.62    -4.0 0     0.0 0 -9999.9 1 -9999.9 1   255.8 0   281.3 0   280.6 0   331.4 0   279.4 0   279.4 0     0.0 0 -9999.9 1     0.0 0   -75.6 0   -75.6 0     6.4 0    81.9 0     2.3 0    18.9 0   998.0 0
 1997 141  5 21  9  9  9.150 104.20    -4.1 0     0.0 0 -9999.9 1 -9999.9 1   255.6 0   281.3 0   280.6 0   330.8 0   279.4 0   279.3 0     0.0 0 -9999.9 1     0.0 0   -75.1 0   -75.1 0     6.3 0    82.1 0     2.0 0    12.4 0   998.1 0
 1997 141  5 21  9 12  9.200 103.78    -4.2 0     0.0 0 -9999.9 1 -9999.9 1   255.6 0   281.3 0   280.6 0   330.7 0   279.3 0   279.2 0     0.0 0 -9999.9 1     0.0 0   -75.2 0   -75.2 0     6.2 0    82.5 0     2.0 0    10.5 0   998.2 0
 1997 141  5 21  9 15  9.250 103.35    -4.1 0     0.0 0 -9999.9 1 -9999.9 1   255.5 0   281.3 0   280.6 0   330.5 0   279.2 0   279.2 0     0.0 0 -9999.9 1     0.0 0   -75.0 0   -75.0 0     6.1 0    83.0 0     1.9 0    12.4 0   998.2 0
 1997 141  5 21  9 18  9.300 102.92    -4.1 0     0.0 0 -9999.9 1 -9999.9 1   255.5 0   281.3 0   280.7 0   330.5 0   279.2 0   279.1 0     0.0 0 -9999.9 1     0.0 0   -75.0 0   -75.0 0     6.1 0    83.3 0     1.8 0     9.5 0   998.3 0
 1997 141  5 21  9 21  9.350 102.48    -4.2 0     0.0 0 -9999.9 1 -9999.9 1   255.4 0   281.4 0   280.7 0   330.9 0   279.1 0   279.1 0     0.0 0 -9999.9 1     0.0 0   -75.5 0   -75.5 0     6.2 0    83.4 0     2.3 0    16.0 0   998.3 0
 1997 141  5 21  9 24  9.400 102.04    -4.1 0     0.0 0 -9999.9 1 -9999.9 1   255.1 0   281.4 0   280.7 0   331.8 0   279.1 0   279.1 0     0.0 0 -9999.9 1     0.0 0   -76.6 0   -76.6 0     6.2 0    83.4 0     2.3 0    17.2 0   998.3 0
 1997 141  5 21  9 27  9.450 101.60    -4.1 0     0.0 0 -9999.9 1 -9999.9 1   254.4 0   281.4 0   280.7 0   331.4 0   279.1 0   279.0 0     0.0 0 -9999.9 1     0.0 0   -77.0 0   -77.0 0     6.0 0    83.6 0     2.1 0    14.5 0   998.4 0
 1997 141  5 21  9 30  9.500 101.15    -4.1 0     0.0 0 -9999.9 1 -9999.9 1   254.3 0   281.4 0   280.6 0   330.9 0   279.1 0   279.0 0     0.0 0 -9999.9 1     0.0 0   -76.5 0   -76.5 0     6.0 0    83.9 0     2.0 0    15.1 0   998.4 0
 1997 141  5 21  9 33  9.550 100.70    -4.1 0     0.0 0 -9999.9 1 -9999.9 1   254.2 0   281.3 0   280.7 0   329.9 0   279.0 0   279.0 0     0.0 0 -9999.9 1     0.0 0   -75.7 0   -75.7 0     5.9 0    84.0 0     1.8 0    17.1 0   998.4 0
 1997 141  5 21  9 36  9.600 100.25    -4.0 0     0.0 0 -9999.9 1 -9999.9 1   254.0 0   281.3 0   280.7 0   329.1 0   278.9 0   278.9 0     0.0 0 -9999.9 1     0.0 0   -75.0 0   -75.0 0     5.7 0    84.3 0     1.6 0    14.3 0   998.4 0
 1997 141  5 21  9 39  9.650  99.79    -4.0 0     0.0 0 -9999.9 1 -9999.9 1   253.8 0   281.3 0   280.7 0   328.8 0   278.9 0   278.8 0     0.0 0 -9999.9 1     0.0 0   -75.0 0   -75.0 0     5.6 0    84.6 0     1.6 0    18.8 0   998.5 0
 1997 141  5 21  9 42  9.700  99.33    -4.0 0     0.1 0 -9999.9 1 -9999.9 1   253.4 0   281.3 0   280.7 0   328.1 0   278.7 0   278.7 0     0.0 0 -9999.9 1     0.0 0   -74.6 0   -74.6 0     5.4 0    85.1 0     1.4 0    24.0 0   998.5 0
 1997 141  5 21  9 45  9.750  98.87    -4.0 0     0.0 0 -9999.9 1 -9999.9 1   253.4 0   281.3 0   280.7 0   327.4 0   278.6 0   278.5 0     0.0 0 -9999.9 1     0.0 0   -74.0 0   -74.0 0     5.2 0    85.9 0     1.5 0    18.2 0   998.5 0
 1997 141  5 21  9 48  9.800  98.41    -3.9 0     0.0 0 -9999.9 1 -9999.9 1   253.3 0   281.3 0   280.7 0   327.2 0   278.5 0   278.4 0     0.0 0 -9999.9 1     0.0 0   -73.9 0   -73.9 0     5.0 0    86.7 0     1.7 0    14.8 0   998.5 0
 1997 141  5 21  9 51  9.850  97.94    -3.9 0     0.0 0 -9999.9 1 -9999.9 1   253.1 0   281.3 0   280.6 0   327.3 0   278.4 0   278.3 0     0.0 0 -9999.9 1     0.0 0   -74.2 0   -74.2 0     4.9 0    87.3 0     2.1 0    17.7 0   998.6 0
 1997 141  5 21  9 54  9.900  97.46    -3.9 0     0.0 0 -9999.9 1 -9999.9 1   252.8 0   281.2 0   280.6 0   327.0 0   278.2 0   278.2 0     0.0 0 -9999.9 1     0.0 0   -74.2 0   -74.2 0     4.9 0    87.8 0     2.5 0    19.0 0   998.7 0
 1997 141  5 21  9 57  9.950  96.99    -3.8 0     0.0 0 -9999.9 1 -9999.9 1   252.7 0   281.2 0   280.5 0   327.0 0   278.1 0   278.1 0     0.0 0 -9999.9 1     0.0 0   -74.4 0   -74.4 0     4.8 0    88.1 0     2.8 0    20.3 0   998.7 0
 1997 141  5 21 10  0 10.000  96.51    -3.8 0     0.0 0 -9999.9 1 -9999.9 1   252.8 0   281.1 0   280.4 0   328.0 0   278.1 0   278.1 0     0.0 0 -9999.9 1     0.0 0   -75.1 0   -75.1 0     4.9 0    88.4 0     3.2 0    22.7 0   998.8 0
 1997 141  5 21 10  3 10.050  96.03    -3.8 0     0.0 0 -9999.9 1 -9999.9 1   253.0 0   281.0 0   280.3 0   329.5 0   278.1 0   278.1 0     0.0 0 -9999.9 1     0.0 0   -76.5 0   -76.5 0     5.0 0    88.3 0     3.4 0    23.7 0   998.8 0
 1997 141  5 21 10  6 10.100  95.55    -3.9 0     0.0 0 -9999.9 1 -9999.9 1   253.0 0   280.9 0   280.2 0   330.6 0   278.1 0   278.1 0     0.0 0 -9999.9 1     0.0 0   -77.6 0   -77.6 0     5.1 0    88.2 0     3.5 0    24.1 0   998.9 0
 1997 141  5 21 10  9 10.150  95.06    -3.9 0     0.0 0 -9999.9 1 -9999.9 1   252.9 0   280.8 0   280.1 0   331.3 0   278.1 0   278.1 0     0.0 0 -9999.9 1     0.0 0   -78.4 0   -78.4 0     5.1 0    88.1 0     3.8 0    21.5 0   998.9 0
 1997 141  5 21 10 12 10.200  94.57    -4.0 0     0.0 0 -9999.9 1 -9999.9 1   253.0 0   280.8 0   280.1 0   332.6 0   278.1 0   278.1 0     0.0 0 -9999.9 1     0.0 0   -79.6 0   -79.6 0     5.2 0    87.9 0     4.2 0    22.8 0   998.9 0
 1997 141  5 21 10 15 10.250  94.08    -4.0 0     0.0 0 -9999.9 1 -9999.9 1   253.0 0   280.7 0   280.0 0   333.3 0   278.2 0   278.2 0     0.0 0 -9999.9 1     0.0 0   -80.2 0   -80.2 0     5.3 0    87.7 0     4.5 0    23.0 0   998.9 0
 1997 141  5 21 10 18 10.300  93.58    -3.9 0     0.0 0 -9999.9 1 -9999.9 1   253.3 0   280.7 0   280.0 0   333.9 0   278.2 0   278.2 0     0.0 0 -9999.9 1     0.0 0   -80.6 0   -80.6 0     5.4 0    87.5 0     4.6 0    25.3 0   998.9 0
 1997 141  5 21 10 21 10.350  93.09    -3.7 0     0.0 0 -9999.9 1 -9999.9 1   253.3 0   280.7 0   280.0 0   334.2 0   278.3 0   278.3 0     0.0 0 -9999.9 1     0.0 0   -80.9 0   -80.9 0     5.5 0    87.1 0     4.6 0    24.3 0   999.0 0
 1997 141  5 21 10 24 10.400  92.59    -3.2 0     0.0 0 -9999.9 1 -9999.9 1   253.2 0   280.7 0   280.0 0   334.2 0   278.4 0   278.4 0     0.0 0 -9999.9 1     0.0 0   -81.0 0   -81.0 0     5.4 0    86.9 0     4.5 0    24.3 0   999.0 0
 1997 141  5 21 10 27 10.450  92.09    -2.4 0     0.3 0 -9999.9 1 -9999.9 1   253.1 0   280.7 0   280.0 0   334.1 0   278.4 0   278.4 0     0.0 0 -9999.9 1     0.0 0   -81.0 0   -81.0 0     5.4 0    86.7 0     4.6 0    24.1 0   999.1 0
 1997 141  5 21 10 30 10.500  91.58    -1.4 0     0.4 0 -9999.9 1 -9999.9 1   253.0 0   280.7 0   280.1 0   334.1 0   278.4 0   278.4 0     0.0 0 -9999.9 1     0.0 0   -81.1 0   -81.1 0     5.5 0    86.6 0     4.7 0    25.4 0   999.1 0
 1997 141  5 21 10 33 10.550  91.08    -0.4 0     0.6 0 -9999.9 1 -9999.9 1   253.1 0   280.8 0   280.1 0   334.4 0   278.4 0   278.4 0     0.0 0 -9999.9 1     0.0 0   -81.3 0   -81.3 0     5.5 0    86.4 0     4.7 0    26.4 0   999.2 0
 1997 141  5 21 10 36 10.600  89.86     0.8 0     1.3 0 -9999.9 1 -9999.9 1   253.0 0   280.8 0   280.1 0   334.2 0   278.5 0   278.5 0     0.1 0 -9999.9 1     0.0 0   -81.2 0   -81.2 0     5.5 0    86.2 0     4.4 0    26.0 0   999.3 0
 1997 141  5 21 10 39 10.650  89.48     2.4 0     2.0 0 -9999.9 1 -9999.9 1   252.8 0   280.8 0   280.1 0   333.8 0   278.5 0   278.5 0     0.2 0 -9999.9 1     0.4 0   -81.0 0   -80.6 0     5.5 0    86.1 0     4.2 0    25.2 0   999.3 0
 1997 141  5 21 10 42 10.700  89.07     4.0 0     2.7 0 -9999.9 1 -9999.9 1   252.7 0   280.8 0   280.1 0   333.6 0   278.5 0   278.4 0     0.3 0 -9999.9 1     1.3 0   -80.9 0   -79.6 0     5.4 0    86.1 0     4.1 0    23.8 0   999.3 0
 1997 141  5 21 10 45 10.750  88.63     5.5 0     3.6 0 -9999.9 1 -9999.9 1   252.7 0   280.8 0   280.2 0   333.8 0   278.4 0   278.4 0     0.3 0 -9999.9 1     1.9 0   -81.1 0   -79.2 0     5.3 0    86.2 0     4.1 0    23.0 0   999.3 0
 1997 141  5 21 10 48 10.800  88.17     7.3 0     4.6 0 -9999.9 1 -9999.9 1   252.6 0   280.8 0   280.2 0   334.3 0   278.4 0   278.4 0     0.4 0 -9999.9 1     2.7 0   -81.7 0   -79.0 0     5.4 0    86.2 0     4.2 0    22.5 0   999.3 0
 1997 141  5 21 10 51 10.850  87.69     9.7 0     5.4 0 -9999.9 1 -9999.9 1   252.6 0   280.9 0   280.3 0   334.5 0   278.4 0   278.4 0     0.5 0 -9999.9 1     4.3 0   -81.9 0   -77.6 0     5.3 0    86.3 0     4.0 0    21.2 0   999.4 0
 1997 141  5 21 10 54 10.900  87.21    11.7 0     7.2 0 -9999.9 1 -9999.9 1   252.6 0   281.0 0   280.4 0   335.0 0   278.4 0   278.4 0     0.6 0 -9999.9 1     4.5 0   -82.4 0   -77.9 0     5.3 0    86.3 0     4.2 0    20.3 0   999.4 0
 1997 141  5 21 10 57 10.950  86.71    14.2 0     8.7 0 -9999.9 1 -9999.9 1   252.8 0   281.1 0   280.6 0   335.6 0   278.4 0   278.4 0     0.8 0 -9999.9 1     5.5 0   -82.8 0   -77.3 0     5.3 0    86.4 0     4.1 0    19.7 0   999.4 0
 1997 141  5 21 11  0 11.000  86.21    18.4 0    10.6 0 -9999.9 1 -9999.9 1   253.0 0   281.2 0   280.7 0   336.2 0   278.4 0   278.5 0     0.9 0 -9999.9 1     7.8 0   -83.2 0   -75.4 0     5.4 0    86.4 0     4.2 0    18.9 0   999.5 0
 1997 141  5 21 11  3 11.050  85.70    24.8 0    12.2 0 -9999.9 1 -9999.9 1   253.1 0   281.4 0   280.9 0   336.9 0   278.5 0   278.5 0     1.0 0 -9999.9 1    12.6 0   -83.9 0   -71.3 0     5.4 0    86.4 0     4.2 0    19.0 0   999.5 0
 1997 141  5 21 11  6 11.100  85.19    32.0 0    14.2 0 -9999.9 1 -9999.9 1   253.2 0   281.6 0   281.1 0   337.7 0   278.5 0   278.6 0     1.2 0 -9999.9 1    17.8 0   -84.5 0   -66.7 0     5.4 0    86.4 0     4.4 0    20.1 0   999.6 0
 1997 141  5 21 11  9 11.150  84.68    39.5 0    16.2 0 -9999.9 1 -9999.9 1   253.3 0   281.8 0   281.4 0   338.3 0   278.6 0   278.6 0     1.3 0 -9999.9 1    23.3 0   -85.1 0   -61.8 0     5.5 0    86.5 0     4.3 0    20.6 0   999.6 0
 1997 141  5 21 11 12 11.200  84.16    46.6 0    18.4 0 -9999.9 1 -9999.9 1   253.4 0   282.0 0   281.6 0   338.9 0   278.6 0   278.7 0     1.5 0 -9999.9 1    28.2 0   -85.5 0   -57.3 0     5.5 0    86.5 0     4.1 0    21.6 0   999.7 0
 1997 141  5 21 11 15 11.250  83.63    53.7 0    20.6 0 -9999.9 1 -9999.9 1   253.5 0   282.2 0   281.8 0   339.6 0   278.7 0   278.8 0     1.7 0 -9999.9 1    33.1 0   -86.1 0   -53.0 0     5.6 0    86.5 0     3.9 0    22.0 0   999.7 0
 1997 141  5 21 11 18 11.300  83.10    60.9 0    22.4 0 -9999.9 1 -9999.9 1   253.6 0   282.5 0   282.1 0   340.3 0   278.8 0   278.9 0     1.9 0 -9999.9 1    38.5 0   -86.7 0   -48.2 0     5.6 0    86.6 0     4.1 0    22.0 0   999.7 0
 1997 141  5 21 11 21 11.350  82.58    68.6 0    24.7 0 -9999.9 1 -9999.9 1   253.6 0   282.7 0   282.3 0   340.8 0   278.8 0   278.9 0     2.2 0 -9999.9 1    43.9 0   -87.2 0   -43.3 0     5.6 0    86.5 0     4.0 0    22.6 0   999.7 0
 1997 141  5 21 11 24 11.400  82.04    76.6 0    26.6 0 -9999.9 1 -9999.9 1   253.7 0   282.9 0   282.6 0   341.5 0   278.9 0   279.0 0     2.5 0 -9999.9 1    50.0 0   -87.8 0   -37.8 0     5.7 0    86.5 0     3.6 0    23.7 0   999.8 0
 1997 141  5 21 11 27 11.450  81.51    85.1 0    28.5 0 -9999.9 1 -9999.9 1   254.2 0   283.2 0   282.8 0   342.5 0   279.0 0   279.2 0     2.7 0 -9999.9 1    56.6 0   -88.3 0   -31.7 0     5.8 0    86.5 0     3.6 0    24.9 0   999.9 0
 1997 141  5 21 11 30 11.500  80.97    93.5 0    30.4 0 -9999.9 1 -9999.9 1   254.4 0   283.4 0   283.1 0   343.5 0   279.1 0   279.3 0     3.1 0 -9999.9 1    63.1 0   -89.0 0   -25.9 0     6.0 0    86.2 0     3.6 0    23.6 0  1000.0 0
 1997 141  5 21 11 33 11.550  80.43   102.0 0    32.3 0 -9999.9 1 -9999.9 1   254.7 0   283.7 0   283.4 0   344.3 0   279.3 0   279.4 0     3.4 0 -9999.9 1    69.7 0   -89.6 0   -19.9 0     6.1 0    86.1 0     3.7 0    23.8 0  1000.1 0
 1997 141  5 21 11 36 11.600  79.89   110.8 0    34.5 0 -9999.9 1 -9999.9 1   255.1 0   283.9 0   283.6 0   345.3 0   279.4 0   279.6 0     3.8 0 -9999.9 1    76.3 0   -90.3 0   -14.0 0     6.2 0    86.1 0     3.8 0    26.5 0  1000.2 0
 1997 141  5 21 11 39 11.650  79.35   119.9 0    36.5 0 -9999.9 1 -9999.9 1   255.6 0   284.2 0   283.9 0   346.7 0   279.5 0   279.7 0     4.2 0 -9999.9 1    83.4 0   -91.1 0    -7.7 0     6.4 0    86.0 0     3.9 0    31.2 0  1000.2 0
 1997 141  5 21 11 42 11.700  78.81   129.0 0    38.5 0 -9999.9 1 -9999.9 1   256.2 0   284.5 0   284.1 0   347.8 0   279.7 0   279.9 0     4.6 0 -9999.9 1    90.5 0   -91.6 0    -1.1 0     6.7 0    85.6 0     4.0 0    34.8 0  1000.2 0
 1997 141  5 21 11 45 11.750  78.26   138.3 0    40.7 0 -9999.9 1 -9999.9 1   256.6 0   284.7 0   284.4 0   348.7 0   279.9 0   280.2 0     5.0 0 -9999.9 1    97.6 0   -92.1 0     5.5 0     6.9 0    84.9 0     4.2 0    36.0 0  1000.3 0
 1997 141  5 21 11 48 11.800  77.71   147.8 0    43.1 0 -9999.9 1 -9999.9 1   257.0 0   285.0 0   284.6 0   349.5 0   280.2 0   280.4 0     5.5 0 -9999.9 1   104.7 0   -92.6 0    12.1 0     7.1 0    83.9 0     4.7 0    38.2 0  1000.4 0
 1997 141  5 21 11 51 11.850  77.16   157.3 0    45.5 0 -9999.9 1 -9999.9 1   257.2 0   285.3 0   284.9 0   350.3 0   280.4 0   280.6 0     6.0 0 -9999.9 1   111.8 0   -93.1 0    18.7 0     7.3 0    82.6 0     4.9 0    38.9 0  1000.5 0
 1997 141  5 21 11 54 11.900  76.61   166.7 0    47.8 0 -9999.9 1 -9999.9 1   257.3 0   285.5 0   285.1 0   350.8 0   280.6 0   280.8 0     6.5 0 -9999.9 1   118.9 0   -93.5 0    25.4 0     7.4 0    81.4 0     5.6 0    39.7 0  1000.5 0
 1997 141  5 21 11 57 11.950  76.06   175.8 0    49.9 0 -9999.9 1 -9999.9 1   257.5 0   285.7 0   285.3 0   351.3 0   280.8 0   281.0 0     7.0 0 -9999.9 1   125.9 0   -93.8 0    32.1 0     7.5 0    79.9 0     5.9 0    37.5 0  1000.6 0
 1997 141  5 21 12  0 12.000  75.51   185.9 0    52.5 0 -9999.9 1 -9999.9 1   257.7 0   285.9 0   285.5 0   352.3 0   280.9 0   281.1 0     7.6 0 -9999.9 1   133.4 0   -94.5 0    38.9 0     7.5 0    79.2 0     5.7 0    37.8 0  1000.6 0
 1997 141  5 21 12  3 12.050  74.96   196.1 0    54.8 0 -9999.9 1 -9999.9 1   258.0 0   286.1 0   285.8 0   353.2 0   281.1 0   281.3 0     8.1 0 -9999.9 1   141.3 0   -95.2 0    46.1 0     7.6 0    78.7 0     5.5 0    37.4 0  1000.7 0
 1997 141  5 21 12  6 12.100  74.40   205.5 0    56.8 0 -9999.9 1 -9999.9 1   258.2 0   286.3 0   285.9 0   354.2 0   281.2 0   281.4 0     8.8 0 -9999.9 1   148.7 0   -96.0 0    52.7 0     7.8 0    78.4 0     5.1 0    37.5 0  1000.7 0
 1997 141  5 21 12  9 12.150  73.84   214.7 0    58.8 0 -9999.9 1 -9999.9 1   258.5 0   286.5 0   286.2 0   355.2 0   281.3 0   281.6 0     9.5 0 -9999.9 1   155.9 0   -96.8 0    59.1 0     7.9 0    78.0 0     5.1 0    38.2 0  1000.7 0
 1997 141  5 21 12 12 12.200  73.28   224.7 0    60.8 0 -9999.9 1 -9999.9 1   258.9 0   286.7 0   286.4 0   356.4 0   281.5 0   281.7 0    10.1 0 -9999.9 1   163.9 0   -97.5 0    66.4 0     8.0 0    77.8 0     5.0 0    35.7 0  1000.7 0
 1997 141  5 21 12 15 12.250  72.73   235.7 0    63.0 0 -9999.9 1 -9999.9 1   259.1 0   287.0 0   286.6 0   357.3 0   281.6 0   281.9 0    10.9 0 -9999.9 1   172.7 0   -98.1 0    74.6 0     8.1 0    77.4 0     5.0 0    36.4 0  1000.7 0
 1997 141  5 21 12 18 12.300  72.17   246.6 0    65.2 0 -9999.9 1 -9999.9 1   259.0 0   287.2 0   286.9 0   358.6 0   281.8 0   282.0 0    11.7 0 -9999.9 1   181.4 0   -99.6 0    81.8 0     8.2 0    77.3 0     4.8 0    36.4 0  1000.7 0
 1997 141  5 21 12 21 12.350  71.61   257.1 0    67.5 0 -9999.9 1 -9999.9 1   259.0 0   287.4 0   287.0 0   359.4 0   281.9 0   282.2 0    12.5 0 -9999.9 1   189.6 0  -100.4 0    89.2 0     8.3 0    76.4 0     5.4 0    39.0 0  1000.7 0
 1997 141  5 21 12 24 12.400  71.04   267.4 0    69.7 0 -9999.9 1 -9999.9 1   259.4 0   287.6 0   287.3 0   360.7 0   282.1 0   282.3 0    13.4 0 -9999.9 1   197.7 0  -101.3 0    96.4 0     8.5 0    75.8 0     4.6 0    41.7 0  1000.7 0
 1997 141  5 21 12 27 12.450  70.48   278.1 0    71.6 0 -9999.9 1 -9999.9 1   259.5 0   287.8 0   287.5 0   361.5 0   282.2 0   282.5 0    14.2 0 -9999.9 1   206.5 0  -102.0 0   104.5 0     8.6 0    75.0 0     5.3 0    39.4 0  1000.7 0
 1997 141  5 21 12 30 12.500  69.92   288.2 0    73.7 0 -9999.9 1 -9999.9 1   260.0 0   288.0 0   287.7 0   362.0 0   282.4 0   282.6 0    15.1 0 -9999.9 1   214.5 0  -102.0 0   112.5 0     8.6 0    73.7 0     5.6 0    38.7 0  1000.8 0
 1997 141  5 21 12 33 12.550  69.35   298.3 0    75.6 0 -9999.9 1 -9999.9 1   260.5 0   288.2 0   287.9 0   362.9 0   282.5 0   282.8 0    16.1 0 -9999.9 1   222.7 0  -102.4 0   120.3 0     8.8 0    73.1 0     5.6 0    42.4 0  1000.8 0
 1997 141  5 21 12 36 12.600  68.79   308.5 0    77.4 0 -9999.9 1 -9999.9 1   260.6 0   288.4 0   288.0 0   364.0 0   282.6 0   282.9 0    17.1 0 -9999.9 1   231.1 0  -103.4 0   127.7 0     8.9 0    72.4 0     5.8 0    39.1 0  1000.8 0
 1997 141  5 21 12 39 12.650  68.22   318.9 0    79.2 0 -9999.9 1 -9999.9 1   260.8 0   288.5 0   288.2 0   365.6 0   282.8 0   283.1 0    18.1 0 -9999.9 1   239.7 0  -104.7 0   135.0 0     9.1 0    71.8 0     5.2 0    44.4 0  1000.8 0
 1997 141  5 21 12 42 12.700  67.65   329.4 0    81.1 0 -9999.9 1 -9999.9 1   261.4 0   288.7 0   288.4 0   366.6 0   283.0 0   283.3 0    19.2 0 -9999.9 1   248.3 0  -105.2 0   143.1 0     9.3 0    71.4 0     5.4 0    40.7 0  1000.8 0
 1997 141  5 21 12 45 12.750  67.09   340.3 0    83.1 0 -9999.9 1 -9999.9 1   261.8 0   288.9 0   288.6 0   367.3 0   283.1 0   283.4 0    20.3 0 -9999.9 1   257.2 0  -105.5 0   151.7 0     9.4 0    70.2 0     5.9 0    38.2 0  1000.9 0
 1997 141  5 21 12 48 12.800  66.52   351.3 0    85.5 0 -9999.9 1 -9999.9 1   261.9 0   289.1 0   288.8 0   367.9 0   283.3 0   283.6 0    21.5 0 -9999.9 1   265.8 0  -106.0 0   159.8 0     9.4 0    68.7 0     6.1 0    42.8 0  1000.9 0
 1997 141  5 21 12 51 12.850  65.95   362.6 0    87.6 0 -9999.9 1 -9999.9 1   262.2 0   289.2 0   288.9 0   368.6 0   283.4 0   283.7 0    22.8 0 -9999.9 1   275.0 0  -106.5 0   168.5 0     9.6 0    66.8 0     6.5 0    48.5 0  1000.9 0
 1997 141  5 21 12 54 12.900  65.38   372.8 0    89.2 0 -9999.9 1 -9999.9 1   262.6 0   289.4 0   289.1 0   369.8 0   283.5 0   283.9 0    24.0 0 -9999.9 1   283.6 0  -107.2 0   176.4 0     9.7 0    65.6 0     6.1 0    45.1 0  1000.9 0
 1997 141  5 21 12 57 12.950  64.81   383.4 0    91.1 0 -9999.9 1 -9999.9 1   262.6 0   289.6 0   289.4 0   370.4 0   283.7 0   284.0 0    25.3 0 -9999.9 1   292.3 0  -107.8 0   184.5 0     9.8 0    63.6 0     6.4 0    40.5 0  1000.9 0
 1997 141  5 21 13  0 13.000  64.24   394.6 0    93.0 0 -9999.9 1 -9999.9 1   262.6 0   289.7 0   289.5 0   371.3 0   283.8 0   284.1 0    26.6 0 -9999.9 1   301.6 0  -108.7 0   192.9 0     9.9 0    62.3 0     6.3 0    46.8 0  1001.0 0
 1997 141  5 21 13  3 13.050  63.67   404.8 0    94.3 0 -9999.9 1 -9999.9 1   263.0 0   289.9 0   289.7 0   372.8 0   283.9 0   284.3 0    28.0 0 -9999.9 1   310.5 0  -109.9 0   200.6 0    10.0 0    61.5 0     5.9 0    44.0 0  1001.0 0
 1997 141  5 21 13  6 13.100  63.10   416.2 0    96.9 0 -9999.9 1 -9999.9 1   262.5 0   290.1 0   289.8 0   373.0 0   284.1 0   284.4 0    29.5 0 -9999.9 1   319.3 0  -110.5 0   208.8 0    10.0 0    59.5 0     6.3 0    54.0 0  1001.0 0
 1997 141  5 21 13  9 13.150  62.52   427.1 0    98.8 0 -9999.9 1 -9999.9 1   262.6 0   290.2 0   289.9 0   373.4 0   284.2 0   284.5 0    31.0 0 -9999.9 1   328.3 0  -110.8 0   217.5 0    10.1 0    57.2 0     6.5 0    50.9 0  1001.0 0
 1997 141  5 21 13 12 13.200  61.95   437.3 0   100.5 0 -9999.9 1 -9999.9 1   262.4 0   290.3 0   290.0 0   375.1 0   284.3 0   284.6 0    32.5 0 -9999.9 1   336.8 0  -112.6 0   224.2 0    10.3 0    54.8 0     6.0 0    53.3 0  1001.0 0
 1997 141  5 21 13 15 13.250  61.38   448.0 0   102.3 0 -9999.9 1 -9999.9 1   262.4 0   290.4 0   290.1 0   374.8 0   284.4 0   284.7 0    33.7 0 -9999.9 1   345.7 0  -112.4 0   233.3 0    10.2 0    52.6 0     6.9 0    46.0 0  1001.1 0
 1997 141  5 21 13 18 13.300  60.81   458.7 0   103.7 0 -9999.9 1 -9999.9 1   263.0 0   290.5 0   290.3 0   376.4 0   284.4 0   284.8 0    35.6 0 -9999.9 1   355.0 0  -113.4 0   241.6 0    10.3 0    50.9 0     6.4 0    41.7 0  1001.1 0
 1997 141  5 21 13 21 13.350  60.23   468.7 0   104.5 0 -9999.9 1 -9999.9 1   263.4 0   290.7 0   290.5 0   377.9 0   284.6 0   284.9 0    37.1 0 -9999.9 1   364.2 0  -114.5 0   249.7 0    10.5 0    50.1 0     6.4 0    44.1 0  1001.1 0
 1997 141  5 21 13 24 13.400  59.66   479.4 0   107.7 0 -9999.9 1 -9999.9 1   262.3 0   290.8 0   290.5 0   376.5 0   284.7 0   285.0 0    38.8 0 -9999.9 1   371.7 0  -114.2 0   257.5 0    10.4 0    47.4 0     7.6 0    44.2 0  1001.1 0
 1997 141  5 21 13 27 13.450  59.09   488.9 0   109.2 0 -9999.9 1 -9999.9 1   262.3 0   290.9 0   290.5 0   378.0 0   284.7 0   285.0 0    40.4 0 -9999.9 1   379.7 0  -115.7 0   264.0 0    10.5 0    46.6 0     6.9 0    46.9 0  1001.1 0
 1997 141  5 21 13 30 13.500  58.51   500.9 0   110.4 0 -9999.9 1 -9999.9 1   262.6 0   291.0 0   290.7 0   379.2 0   284.8 0   285.1 0    42.3 0 -9999.9 1   390.5 0  -116.6 0   273.9 0    10.6 0    46.0 0     7.4 0    44.5 0  1001.1 0
 1997 141  5 21 13 33 13.550  57.94   513.6 0   112.9 0 -9999.9 1 -9999.9 1   262.0 0   291.1 0   290.8 0   379.2 0   284.8 0   285.2 0    44.4 0 -9999.9 1   400.7 0  -117.2 0   283.5 0    10.6 0    45.2 0     7.7 0    46.3 0  1001.1 0
 1997 141  5 21 13 36 13.600  57.37   523.7 0   114.2 0 -9999.9 1 -9999.9 1   263.0 0   291.2 0   291.0 0   381.3 0   284.9 0   285.3 0    46.2 0 -9999.9 1   409.5 0  -118.4 0   291.1 0    10.7 0    45.1 0     6.9 0    45.7 0  1001.1 0
 1997 141  5 21 13 39 13.650  56.79   533.5 0   115.1 0 -9999.9 1 -9999.9 1   262.9 0   291.3 0   291.1 0   382.1 0   285.0 0   285.3 0    48.1 0 -9999.9 1   418.4 0  -119.3 0   299.1 0    10.8 0    45.0 0     7.7 0    36.9 0  1001.1 0
 1997 141  5 21 13 42 13.700  56.22   543.3 0   116.6 0 -9999.9 1 -9999.9 1   262.7 0   291.4 0   291.1 0   383.6 0   285.1 0   285.4 0    50.1 0 -9999.9 1   426.7 0  -120.9 0   305.8 0    10.9 0    44.8 0     6.8 0    37.0 0  1001.1 0
 1997 141  5 21 13 45 13.750  55.64   553.5 0   118.1 0 -9999.9 1 -9999.9 1   263.0 0   291.4 0   291.2 0   384.3 0   285.1 0   285.5 0    52.0 0 -9999.9 1   435.4 0  -121.3 0   314.1 0    10.8 0    44.7 0     7.0 0    34.8 0  1001.1 0
 1997 141  5 21 13 48 13.800  55.07   564.4 0   119.0 0 -9999.9 1 -9999.9 1   263.0 0   291.5 0   291.4 0   386.0 0   285.2 0   285.6 0    54.2 0 -9999.9 1   445.4 0  -123.1 0   322.3 0    11.0 0    45.1 0     6.4 0    39.2 0  1001.1 0
 1997 141  5 21 13 51 13.850  54.50   574.3 0   120.7 0 -9999.9 1 -9999.9 1   262.9 0   291.6 0   291.5 0   386.9 0   285.3 0   285.7 0    56.3 0 -9999.9 1   453.6 0  -124.0 0   329.6 0    11.1 0    44.9 0     6.7 0    49.5 0  1001.1 0
 1997 141  5 21 13 54 13.900  53.92   583.9 0   122.6 0 -9999.9 1 -9999.9 1   263.0 0   291.7 0   291.5 0   388.0 0   285.4 0   285.8 0    58.4 0 -9999.9 1   461.3 0  -125.0 0   336.3 0    11.1 0    44.7 0     6.7 0    47.4 0  1001.1 0
 1997 141  5 21 13 57 13.950  53.35   593.9 0   124.5 0 -9999.9 1 -9999.9 1   263.4 0   291.8 0   291.7 0   388.2 0   285.5 0   285.8 0    60.6 0 -9999.9 1   469.4 0  -124.8 0   344.6 0    11.0 0    44.3 0     6.5 0    46.9 0  1001.1 0
 1997 141  5 21 14  0 14.000  52.78   603.8 0   125.4 0 -9999.9 1 -9999.9 1   263.4 0   291.9 0   291.8 0   389.6 0   285.5 0   285.9 0    62.9 0 -9999.9 1   478.4 0  -126.2 0   352.2 0    11.0 0    44.5 0     6.7 0    41.3 0  1001.2 0
