 Bondville
   40.05  -88.37  213 m version 1
 1997 125  5  5  0  0  0.000  81.11    85.0 0    31.2 0 -9999.9 1    53.6 0   288.4 0   295.8 0   294.9 0   388.0 0   290.6 0   290.7 0     3.2 0    37.9 0    53.8 0   -99.6 0   -45.8 0    16.9 0    41.1 0     4.7 0   268.6 0   994.2 0
 1997 125  5  5 14 30 14.500  49.48   625.2 0   127.8 0 -9999.9 1   263.1 0   328.4 0   294.7 0   294.7 0   407.6 0   289.9 0   290.2 0    71.7 0   256.8 0   497.4 0   -79.2 0   418.2 0    16.1 0    65.8 0    12.8 0   358.5 0   987.2 0
 1997 125  5  5 14 33 14.550  48.92   613.5 0   125.7 0 -9999.9 1   264.3 0   327.5 0   295.0 0   294.8 0   408.7 0   290.0 0   290.4 0    71.4 0   250.4 0   487.8 0   -81.2 0   406.6 0    16.2 0    66.0 0    12.8 0   358.6 0   987.2 0
 1997 125  5  5 14 36 14.600  48.37   535.6 0   110.0 0 -9999.9 1   245.1 0   324.9 0   295.2 0   294.8 0   406.5 0   290.1 0   290.4 0    67.8 0   220.0 0   425.6 0   -81.5 0   344.1 0    16.2 0    65.4 0    12.9 0   358.6 0   987.1 0
 1997 125  5  5 14 39 14.650  47.81   534.0 0   109.1 0 -9999.9 1   221.2 0   322.3 0   295.4 0   294.8 0   406.2 0   290.2 0   290.5 0    70.3 0   222.0 0   424.9 0   -83.9 0   341.0 0    16.3 0    64.7 0    13.5 0   358.6 0   986.9 0
 1997 125  5  5 14 42 14.700  47.26   612.3 0   123.9 0 -9999.9 1   212.2 0   322.3 0   295.5 0   295.1 0   408.7 0   290.3 0   290.7 0    78.3 0   253.4 0   488.4 0   -86.4 0   402.0 0    16.6 0    64.1 0    14.2 0   358.5 0   986.9 0
 1997 125  5  5 14 45 14.750  46.71   657.3 0   132.5 0 -9999.9 1   211.1 0   323.5 0   295.7 0   295.4 0   411.0 0   290.5 0   290.9 0    83.9 0   270.9 0   524.8 0   -87.5 0   437.3 0    16.8 0    63.4 0    14.0 0   358.8 0   986.8 0
 1997 125  5  5 14 48 14.800  46.16   708.0 0   142.1 0 -9999.9 1   226.5 0   327.1 0   295.9 0   295.6 0   412.8 0   290.7 0   291.1 0    89.9 0   291.4 0   565.9 0   -85.7 0   480.2 0    16.9 0    62.9 0    14.6 0   358.6 0   986.8 0
 1997 125  5  5 14 51 14.850  45.61   746.2 0   149.3 0 -9999.9 1   274.6 0   333.9 0   296.2 0   296.1 0   415.5 0   290.9 0   291.3 0    94.6 0   306.4 0   596.9 0   -81.5 0   515.4 0    17.0 0    62.5 0    14.2 0   358.8 0   986.7 0
 1997 125  5  5 14 54 14.900  45.07   659.7 0   131.1 0 -9999.9 1   336.5 0   339.4 0   296.4 0   296.1 0   414.7 0   291.0 0   291.4 0    89.3 0   273.2 0   528.6 0   -75.3 0   453.3 0    17.1 0    62.4 0    14.2 0   358.8 0   986.6 0
 1997 125  5  5 14 57 14.950  44.52   608.0 0   120.8 0 -9999.9 1   378.0 0   341.1 0   296.6 0   296.0 0   412.8 0   291.1 0   291.4 0    86.3 0   255.7 0   487.2 0   -71.7 0   415.5 0    17.2 0    62.6 0    14.2 0   358.3 0   986.6 0
 1997 125  5  5 15  0 15.000  43.98   671.6 0   133.4 0 -9999.9 1   395.2 0   348.5 0   296.7 0   296.3 0   415.4 0   291.2 0   291.5 0    87.2 0   278.5 0   538.2 0   -66.9 0   471.3 0    17.2 0    62.2 0    13.9 0   358.5 0   986.8 0
 1997 125  5  5 15  3 15.050  43.44   476.9 0    96.2 0 -9999.9 1   329.6 0   356.4 0   296.8 0   296.0 0   412.9 0   291.3 0   291.5 0    61.9 0   199.9 0   380.7 0   -56.5 0   324.2 0    17.3 0    62.3 0    13.6 0   358.8 0   986.9 0
 1997 125  5  5 15  6 15.100  42.91   238.5 0    49.4 0 -9999.9 1   236.6 0   359.9 0   296.6 0   295.3 0   404.7 0   291.2 0   291.3 0    39.5 0   109.0 0   189.1 0   -44.8 0   144.3 0    17.3 0    62.1 0    13.5 0   358.8 0   987.0 0
 1997 125  5  5 15  9 15.150  42.37   191.0 0    40.2 0 -9999.9 1   188.7 0   362.6 0   296.4 0   294.9 0   401.4 0   291.1 0   291.2 0    31.4 0    89.4 0   150.8 0   -38.8 0   112.0 0    17.3 0    61.2 0    14.7 0   359.0 0   986.9 0
 1997 125  5  5 15 12 15.200  41.84   131.2 0    28.0 0 -9999.9 1   129.3 0   367.6 0   296.1 0   294.6 0   400.1 0   291.0 0   291.0 0    21.7 0    63.8 0   103.2 0   -32.4 0    70.8 0    17.3 0    60.7 0    14.3 0   358.6 0   986.9 0
 1997 125  5  5 15 15 15.250  41.31    67.7 0    15.8 0 -9999.9 1    66.3 0   372.5 0   295.7 0   294.3 0   397.7 0   290.9 0   290.9 0    10.9 0    35.4 0    51.9 0   -25.2 0    26.7 0    17.2 0    61.1 0    12.9 0   358.8 0   987.0 0
 1997 125  5  5 15 18 15.300  40.79    40.8 0    11.3 0 -9999.9 1    39.9 0   378.2 0   295.3 0   292.6 0   390.0 0   290.7 0   290.6 0     6.5 0    23.3 0    29.5 0   -11.9 0    17.6 0    17.0 0    61.8 0    13.5 0   358.6 0   987.3 0
 1997 125  5  5 15 21 15.350  40.27    65.3 0    16.7 0 -9999.9 1    64.6 0   377.0 0   294.6 0   291.4 0   384.7 0   290.2 0   290.1 0    12.3 0    35.6 0    48.6 0    -7.7 0    40.9 0    16.5 0    63.1 0    13.0 0   358.9 0   987.2 0
 1997 125  5  5 15 24 15.400  39.75    80.1 0    18.1 0 -9999.9 1    79.5 0   374.0 0   294.0 0   291.6 0   384.1 0   289.5 0   289.5 0    15.9 0    42.4 0    62.0 0   -10.1 0    51.9 0    16.4 0    63.6 0    13.3 0   358.5 0   987.1 0
 1997 125  5  5 15 27 15.450  39.23    93.7 0    19.2 0 -9999.9 1    93.5 0   377.0 0   293.4 0   290.8 0   383.8 0   289.0 0   289.1 0    18.4 0    48.1 0    74.5 0    -6.8 0    67.7 0    16.3 0    64.5 0    13.1 0   358.8 0   987.3 0
 1997 125  5  5 15 30 15.500  38.72   131.7 0    24.3 0 -9999.9 1   130.1 0   370.9 0   292.8 0   290.5 0   383.0 0   288.3 0   288.4 0    25.6 0    64.7 0   107.4 0   -12.1 0    95.3 0    15.8 0    65.8 0    12.2 0   358.9 0   987.2 0
 1997 125  5  5 15 33 15.550  38.21    79.3 0    14.9 0 -9999.9 1    78.4 0   371.5 0   292.5 0   291.0 0   383.9 0   287.8 0   288.1 0    15.7 0    42.0 0    64.4 0   -12.4 0    52.0 0    15.9 0    67.0 0    11.2 0   358.8 0   987.1 0
 1997 125  5  5 15 36 15.600  37.71    96.1 0    17.4 0 -9999.9 1    96.3 0   371.4 0   292.2 0   290.6 0   384.1 0   287.7 0   288.0 0    18.8 0    50.1 0    78.7 0   -12.7 0    66.0 0    16.0 0    67.4 0    11.4 0   358.6 0   987.0 0
 1997 125  5  5 15 39 15.650  37.21   113.0 0    19.8 0 -9999.9 1   112.2 0   370.1 0   292.0 0   290.4 0   384.8 0   287.7 0   287.9 0    22.3 0    57.3 0    93.2 0   -14.8 0    78.4 0    15.9 0    67.4 0    10.8 0   358.7 0   986.9 0
 1997 125  5  5 15 42 15.700  36.71    96.6 0    16.7 0 -9999.9 1    96.3 0   370.5 0   291.9 0   290.8 0   385.4 0   287.7 0   288.0 0    19.1 0    50.6 0    79.9 0   -14.8 0    65.1 0    16.1 0    67.4 0    10.0 0   358.7 0   986.8 0
 1997 125  5  5 15 45 15.750  36.22   120.7 0    20.7 0 -9999.9 1   120.2 0   370.1 0   291.8 0   290.5 0   386.0 0   287.8 0   288.1 0    23.5 0    61.2 0   100.0 0   -15.8 0    84.2 0    16.1 0    67.8 0    10.7 0   358.5 0   986.6 0
 1997 125  5  5 15 48 15.800  35.73    95.1 0    16.6 0 -9999.9 1    95.0 0   370.7 0   291.8 0   290.7 0   386.6 0   288.0 0   288.2 0    19.0 0    49.4 0    78.5 0   -15.8 0    62.7 0    16.2 0    67.4 0    10.8 0   358.6 0   986.7 0
 1997 125  5  5 15 51 15.850  35.25   115.2 0    20.5 0 -9999.9 1   115.2 0   371.5 0   291.7 0   290.5 0   386.6 0   288.1 0   288.4 0    23.0 0    58.7 0    94.7 0   -15.1 0    79.6 0    16.2 0    66.8 0    11.4 0   358.8 0   987.0 0
 1997 125  5  5 15 54 15.900  34.77   164.9 0    28.6 0 -9999.9 1   163.8 0   367.9 0   291.8 0   291.0 0   388.2 0   288.2 0   288.6 0    33.3 0    80.8 0   136.3 0   -20.3 0   116.0 0    16.2 0    67.0 0    11.3 0   358.7 0   987.0 0
 1997 125  5  5 15 57 15.950  34.30   135.9 0    24.4 0 -9999.9 1   134.7 0   369.0 0   291.9 0   291.3 0   388.4 0   288.3 0   288.7 0    27.8 0    67.1 0   111.5 0   -19.4 0    92.1 0    16.2 0    67.2 0    11.1 0   358.7 0   987.0 0
 1997 125  5  5 16  0 16.000  33.84   196.5 0    34.5 0 -9999.9 1   195.2 0   365.9 0   292.0 0   291.3 0   389.4 0   288.5 0   288.8 0    38.9 0    94.3 0   162.0 0   -23.5 0   138.5 0    16.3 0    67.4 0    11.8 0   358.7 0   986.9 0
 1997 125  5  5 16  3 16.050  33.37   242.7 0    42.4 0 -9999.9 1   240.3 0   358.7 0   292.1 0   291.6 0   390.7 0   288.6 0   288.9 0    47.2 0   114.7 0   200.3 0   -32.0 0   168.3 0    16.4 0    67.3 0    12.9 0   358.6 0   986.7 0
 1997 125  5  5 16  6 16.100  32.92   233.3 0    41.4 0 -9999.9 1   231.6 0   355.7 0   292.2 0   291.8 0   391.5 0   288.7 0   289.0 0    45.3 0   110.2 0   191.9 0   -35.8 0   156.1 0    16.3 0    67.1 0    11.6 0   358.6 0   986.7 0
 1997 125  5  5 16  9 16.150  32.47   224.4 0    40.3 0 -9999.9 1   223.2 0   356.0 0   292.4 0   292.0 0   391.7 0   288.8 0   289.2 0    43.9 0   105.9 0   184.1 0   -35.7 0   148.4 0    16.4 0    66.9 0    12.1 0   358.6 0   986.8 0
 1997 125  5  5 16 12 16.200  32.03   232.6 0    42.2 0 -9999.9 1   231.5 0   355.5 0   292.6 0   292.2 0   392.5 0   288.9 0   289.3 0    45.9 0   109.3 0   190.4 0   -37.0 0   153.4 0    16.4 0    67.4 0    11.0 0   358.6 0   986.8 0
 1997 125  5  5 16 15 16.250  31.60   234.7 0    42.0 0 -9999.9 1   233.6 0   356.5 0   292.8 0   292.3 0   392.6 0   289.0 0   289.4 0    46.5 0   110.2 0   192.7 0   -36.1 0   156.6 0    16.5 0    66.7 0    11.6 0   358.6 0   986.8 0
 1997 125  5  5 16 18 16.300  31.17   194.1 0    35.1 0 -9999.9 1   192.9 0   360.2 0   292.9 0   292.4 0   392.3 0   289.2 0   289.4 0    39.1 0    93.0 0   159.0 0   -32.0 0   127.0 0    16.4 0    66.9 0    11.0 0   358.5 0   987.0 0
 1997 125  5  5 16 21 16.350  30.75   158.1 0    28.7 0 -9999.9 1   156.7 0   362.7 0   293.0 0   292.3 0   391.2 0   289.2 0   289.4 0    32.1 0    77.9 0   129.4 0   -28.5 0   100.9 0    16.5 0    66.7 0    11.8 0   358.8 0   987.1 0
 1997 125  5  5 16 24 16.400  30.34   126.1 0    23.5 0 -9999.9 1   124.8 0   364.5 0   293.0 0   292.3 0   390.4 0   289.2 0   289.4 0    25.7 0    63.8 0   102.6 0   -26.0 0    76.6 0    16.4 0    66.9 0    10.7 0   358.8 0   987.3 0
 1997 125  5  5 16 27 16.450  29.94   120.6 0    22.8 0 -9999.9 1   120.3 0   364.8 0   293.1 0   292.2 0   389.9 0   289.2 0   289.4 0    24.5 0    61.1 0    97.8 0   -25.1 0    72.7 0    16.4 0    66.5 0    13.4 0   358.7 0   987.2 0
 1997 125  5  5 16 30 16.500  29.54   139.2 0    26.4 0 -9999.9 1   138.7 0   364.4 0   293.0 0   292.0 0   389.4 0   289.2 0   289.4 0    28.8 0    69.1 0   112.8 0   -25.0 0    87.8 0    16.2 0    65.7 0    14.4 0   358.7 0   987.2 0
 1997 125  5  5 16 33 16.550  29.16   126.1 0    25.4 0 -9999.9 1   126.0 0   365.1 0   293.0 0   292.0 0   388.7 0   289.1 0   289.3 0    27.6 0    62.5 0   100.7 0   -23.6 0    77.1 0    16.0 0    66.6 0    12.5 0   358.4 0   987.2 0
 1997 125  5  5 16 36 16.600  28.78   176.9 0    35.0 0 -9999.9 1   176.6 0   364.7 0   293.0 0   292.1 0   389.6 0   289.0 0   289.2 0    38.3 0    85.1 0   141.9 0   -24.9 0   117.0 0    15.8 0    67.4 0    10.7 0   358.7 0   987.2 0
 1997 125  5  5 16 39 16.650  28.42   295.8 0    55.6 0 -9999.9 1   293.7 0   362.9 0   293.0 0   292.5 0   392.9 0   289.0 0   289.2 0    61.5 0   136.3 0   240.2 0   -30.0 0   210.2 0    15.8 0    68.0 0    11.4 0   358.6 0   987.1 0
 1997 125  5  5 16 42 16.700  28.06   339.4 0    63.9 0 -9999.9 1   332.8 0   361.5 0   293.1 0   292.2 0   393.8 0   289.1 0   289.3 0    68.8 0   154.3 0   275.5 0   -32.4 0   243.1 0    15.8 0    68.4 0    11.5 0   358.8 0   987.1 0
 1997 125  5  5 16 45 16.750  27.72   255.0 0    49.8 0 -9999.9 1   249.1 0   361.1 0   293.1 0   292.1 0   392.8 0   289.1 0   289.3 0    51.7 0   116.8 0   205.2 0   -31.7 0   173.5 0    15.8 0    68.8 0    12.1 0   358.9 0   987.0 0
 1997 125  5  5 16 48 16.800  27.38   191.3 0    38.3 0 -9999.9 1   190.7 0   360.3 0   293.1 0   292.2 0   391.5 0   289.1 0   289.3 0    41.5 0    90.3 0   153.0 0   -31.2 0   121.8 0    15.8 0    69.0 0    12.2 0   358.7 0   987.1 0
 1997 125  5  5 16 51 16.850  27.06   187.1 0    37.4 0 -9999.9 1   186.8 0   359.1 0   293.1 0   292.3 0   391.2 0   289.1 0   289.3 0    41.5 0    87.8 0   149.7 0   -32.1 0   117.6 0    15.9 0    69.0 0    12.1 0   358.5 0   987.0 0
 1997 125  5  5 16 54 16.900  26.75   190.0 0    37.9 0 -9999.9 1   190.1 0   359.6 0   293.1 0   292.2 0   391.1 0   289.1 0   289.2 0    43.7 0    88.3 0   152.1 0   -31.5 0   120.6 0    15.7 0    69.2 0    11.8 0   358.6 0   987.0 0
 1997 125  5  5 16 57 16.950  26.45   176.7 0    35.8 0 -9999.9 1   177.1 0   360.1 0   293.0 0   292.1 0   390.7 0   289.1 0   289.2 0    42.2 0    81.8 0   140.9 0   -30.6 0   110.3 0    15.6 0    69.8 0    11.2 0   358.6 0   986.8 0
 1997 125  5  5 17  0 17.000  26.16   164.5 0    33.9 0 -9999.9 1   165.1 0   361.4 0   293.0 0   292.2 0   390.2 0   289.0 0   289.1 0    39.8 0    76.7 0   130.6 0   -28.8 0   101.8 0    15.5 0    70.0 0    12.1 0   359.1 0   986.7 0
 1997 125  5  5 17  3 17.050  25.89   213.9 0    42.7 0 -9999.9 1   214.5 0   362.2 0   293.0 0   292.2 0   391.5 0   289.0 0   289.1 0    50.1 0    97.4 0   171.2 0   -29.3 0   141.9 0    15.6 0    69.9 0    11.7 0   358.6 0   986.5 0
 1997 125  5  5 17  6 17.100  25.63   235.3 0    46.6 0 -9999.9 1   236.0 0   362.7 0   293.0 0   292.3 0   392.9 0   289.0 0   289.2 0    54.4 0   105.5 0   188.7 0   -30.2 0   158.5 0    15.6 0    69.9 0    12.3 0   358.6 0   986.5 0
 1997 125  5  5 17  9 17.150  25.39   271.4 0    53.3 0 -9999.9 1   272.1 0   362.1 0   293.0 0   292.4 0   394.0 0   289.1 0   289.3 0    62.4 0   120.4 0   218.1 0   -31.9 0   186.2 0    15.6 0    69.7 0    12.0 0   358.7 0   986.4 0
 1997 125  5  5 17 12 17.200  25.16   338.8 0    64.3 0 -9999.9 1   338.3 0   355.8 0   293.1 0   292.6 0   396.2 0   289.2 0   289.4 0    81.0 0   147.7 0   274.5 0   -40.4 0   234.1 0    15.8 0    69.5 0    12.6 0   358.6 0   986.3 0
 1997 125  5  5 17 15 17.250  24.94   641.2 0   114.1 0 -9999.9 1   445.1 0   341.5 0   293.3 0   293.3 0   403.3 0   289.4 0   289.8 0   135.7 0   272.6 0   527.1 0   -61.8 0   465.3 0    16.0 0    69.3 0    12.8 0   358.6 0   986.1 0
 1997 125  5  5 17 18 17.300  24.74  1003.6 0   177.8 0 -9999.9 1   323.6 0   333.4 0   293.7 0   294.6 0   414.3 0   289.8 0   290.4 0   187.0 0   406.1 0   825.8 0   -81.0 0   744.8 0    16.5 0    68.9 0    13.6 0   358.6 0   986.1 0
 1997 125  5  5 17 21 17.350  24.55   897.2 0   162.1 0 -9999.9 1   247.8 0   325.0 0   294.3 0   294.7 0   414.4 0   290.2 0   290.7 0   179.2 0   367.4 0   735.1 0   -89.4 0   645.7 0    16.6 0    68.4 0    14.4 0   358.9 0   985.9 0
 1997 125  5  5 17 24 17.400  24.39   949.0 0   169.7 0 -9999.9 1   171.3 0   324.7 0   294.7 0   295.1 0   418.6 0   290.5 0   291.0 0   186.2 0   385.8 0   779.3 0   -93.9 0   685.4 0    16.8 0    68.4 0    13.3 0   358.7 0   985.7 0
 1997 125  5  5 17 27 17.450  24.23   942.6 0   168.9 0 -9999.9 1   157.0 0   324.4 0   295.1 0   295.3 0   419.0 0   290.7 0   291.2 0   186.5 0   383.1 0   773.7 0   -94.7 0   679.0 0    16.8 0    68.0 0    15.0 0   358.7 0   985.6 0
 1997 125  5  5 17 30 17.500  24.10   938.4 0   168.2 0 -9999.9 1   149.7 0   323.7 0   295.4 0   295.5 0   419.6 0   290.9 0   291.4 0   186.0 0   380.8 0   770.2 0   -95.9 0   674.3 0    17.0 0    67.8 0    15.3 0   358.6 0   985.5 0
 1997 125  5  5 17 33 17.550  23.98   936.5 0   169.4 0 -9999.9 1   147.6 0   324.1 0   295.7 0   295.6 0   420.0 0   291.0 0   291.4 0   186.0 0   379.9 0   767.1 0   -95.9 0   671.2 0    16.9 0    67.1 0    15.4 0   358.7 0   985.4 0
 1997 125  5  5 17 36 17.600  23.88   935.8 0   168.3 0 -9999.9 1   145.8 0   324.1 0   295.9 0   295.9 0   422.1 0   291.1 0   291.5 0   186.2 0   379.5 0   767.5 0   -98.0 0   669.5 0    17.0 0    68.0 0    14.5 0   358.6 0   985.3 0
 1997 125  5  5 17 39 17.650  23.79   935.4 0   169.0 0 -9999.9 1   146.7 0   325.8 0   296.1 0   296.2 0   422.3 0   291.2 0   291.6 0   186.3 0   379.4 0   766.4 0   -96.6 0   669.8 0    17.1 0    67.4 0    15.2 0   358.7 0   985.3 0
 1997 125  5  5 17 42 17.700  23.72   940.4 0   169.7 0 -9999.9 1   151.6 0   325.5 0   296.3 0   296.1 0   422.8 0   291.3 0   291.7 0   187.1 0   381.4 0   770.7 0   -97.3 0   673.4 0    17.2 0    67.4 0    15.0 0   358.7 0   985.1 0
 1997 125  5  5 17 45 17.750  23.67   993.7 0   180.5 0 -9999.9 1   208.2 0   331.8 0   296.4 0   296.4 0   424.7 0   291.4 0   291.8 0   193.0 0   402.5 0   813.2 0   -92.9 0   720.3 0    17.3 0    67.1 0    15.4 0   358.7 0   985.1 0
 1997 125  5  5 17 48 17.800  23.64   695.8 0   126.4 0 -9999.9 1   321.4 0   334.4 0   296.6 0   296.1 0   419.6 0   291.5 0   291.8 0   152.0 0   286.6 0   569.4 0   -85.2 0   484.2 0    17.4 0    67.2 0    15.6 0   358.6 0   985.0 0
 1997 125  5  5 17 51 17.850  23.63   989.2 0   181.7 0 -9999.9 1   251.9 0   333.0 0   296.6 0   296.4 0   424.6 0   291.5 0   291.9 0   188.2 0   399.3 0   807.5 0   -91.6 0   715.9 0    17.5 0    66.9 0    16.8 0   358.4 0   984.9 0
 1997 125  5  5 17 54 17.900  23.63   941.5 0   170.3 0 -9999.9 1   162.7 0   329.4 0   296.8 0   296.6 0   425.7 0   291.6 0   292.1 0   185.6 0   381.3 0   771.2 0   -96.3 0   674.9 0    17.7 0    66.9 0    16.3 0   358.7 0   984.9 0
 1997 125  5  5 17 57 17.950  23.66   925.0 0   166.3 0 -9999.9 1   155.5 0   328.8 0   296.9 0   296.9 0   426.7 0   291.9 0   292.3 0   182.5 0   374.5 0   758.7 0   -97.9 0   660.8 0    17.9 0    67.1 0    15.9 0   358.7 0   985.0 0
 1997 125  5  5 18  0 18.000  23.70   926.7 0   168.4 0 -9999.9 1   151.4 0   328.6 0   297.1 0   296.9 0   425.5 0   291.9 0   292.4 0   183.0 0   375.5 0   758.3 0   -97.0 0   661.3 0    17.9 0    66.7 0    16.7 0   358.4 0   984.8 0
 1997 125  5  5 18  3 18.050  23.76   924.3 0   168.6 0 -9999.9 1   154.2 0   329.2 0   297.2 0   296.9 0   425.9 0   291.9 0   292.3 0   182.1 0   374.3 0   755.7 0   -96.7 0   659.0 0    17.7 0    66.5 0    16.0 0   358.8 0   984.8 0
 1997 125  5  5 18  6 18.100  23.83   921.9 0   166.8 0 -9999.9 1   156.1 0   329.8 0   297.3 0   297.3 0   427.7 0   292.1 0   292.5 0   181.5 0   373.5 0   755.1 0   -97.9 0   657.2 0    18.0 0    66.9 0    16.0 0   358.8 0   984.7 0
 1997 125  5  5 18  9 18.150  23.93   928.0 0   168.6 0 -9999.9 1   155.6 0   329.5 0   297.4 0   297.0 0   427.4 0   292.2 0   292.6 0   182.7 0   376.0 0   759.4 0   -97.9 0   661.5 0    18.1 0    66.4 0    17.0 0   358.6 0   984.6 0
 1997 125  5  5 18 12 18.200  24.04   926.7 0   169.1 0 -9999.9 1   162.5 0   331.5 0   297.5 0   297.2 0   428.2 0   292.3 0   292.7 0   181.4 0   375.6 0   757.6 0   -96.8 0   660.8 0    18.2 0    66.1 0    16.9 0   359.3 0   984.7 0
 1997 125  5  5 18 15 18.250  24.16   943.8 0   172.4 0 -9999.9 1   231.6 0   335.5 0   297.6 0   297.5 0   430.6 0   292.4 0   292.9 0   181.0 0   380.9 0   771.4 0   -95.0 0   676.4 0    18.5 0    66.4 0    15.7 0     4.3 0   984.7 0
 1997 125  5  5 18 18 18.300  24.31   771.7 0   141.2 0 -9999.9 1   399.7 0   343.2 0   297.8 0   297.3 0   427.9 0   292.6 0   293.0 0   156.4 0   313.5 0   630.5 0   -84.7 0   545.8 0    18.6 0    65.9 0    15.8 0   239.6 0   984.5 0
 1997 125  5  5 18 21 18.350  24.47   561.7 0   105.4 0 -9999.9 1   419.5 0   350.0 0   297.7 0   296.8 0   420.6 0   292.6 0   292.9 0   125.7 0   236.6 0   456.3 0   -70.6 0   385.7 0    18.5 0    65.9 0    16.1 0   227.7 0   984.4 0
 1997 125  5  5 18 24 18.400  24.65   514.5 0    94.5 0 -9999.9 1   439.2 0   345.5 0   297.7 0   296.8 0   420.7 0   292.6 0   292.9 0   124.1 0   220.9 0   420.0 0   -75.3 0   344.7 0    18.7 0    65.3 0    17.0 0   227.3 0   984.2 0
 1997 125  5  5 18 27 18.450  24.84   853.9 0   159.9 0 -9999.9 1   358.3 0   344.1 0   297.7 0   297.3 0   428.0 0   292.6 0   293.1 0   160.2 0   348.6 0   694.0 0   -83.8 0   610.2 0    18.9 0    65.4 0    14.7 0   228.7 0   984.3 0
 1997 125  5  5 18 30 18.500  25.05   854.4 0   158.4 0 -9999.9 1   277.4 0   340.5 0   297.9 0   297.8 0   432.5 0   293.0 0   293.5 0   165.0 0   347.2 0   696.0 0   -92.0 0   604.0 0    19.1 0    65.6 0    13.9 0   230.8 0   984.3 0
 1997 125  5  5 18 33 18.550  25.27   834.7 0   152.2 0 -9999.9 1   285.6 0   339.3 0   298.1 0   297.7 0   430.0 0   293.1 0   293.5 0   161.7 0   338.1 0   682.5 0   -90.6 0   591.9 0    19.1 0    64.8 0    15.9 0   232.8 0   984.2 0
 1997 125  5  5 18 36 18.600  25.51   758.2 0   133.4 0 -9999.9 1   294.9 0   339.1 0   298.2 0   297.8 0   429.6 0   293.2 0   293.6 0   154.5 0   313.3 0   624.8 0   -90.6 0   534.2 0    19.2 0    64.9 0    14.3 0   160.4 0   984.2 0
 1997 125  5  5 18 39 18.650  25.76   926.0 0   171.0 0 -9999.9 1   288.7 0   343.5 0   298.3 0   298.2 0   434.9 0   293.3 0   293.8 0   168.7 0   373.7 0   755.0 0   -91.4 0   663.6 0    19.4 0    64.8 0    14.1 0   229.8 0   984.2 0
 1997 125  5  5 18 42 18.700  26.03   979.3 0   184.8 0 -9999.9 1   288.9 0   343.2 0   298.6 0   298.4 0   435.0 0   293.6 0   294.0 0   173.9 0   393.5 0   794.5 0   -91.7 0   702.8 0    19.2 0    63.9 0    16.4 0   234.1 0   984.1 0
 1997 125  5  5 18 45 18.750  26.31   965.9 0   181.3 0 -9999.9 1   369.3 0   349.7 0   298.8 0   298.8 0   437.0 0   293.6 0   294.1 0   167.2 0   385.7 0   784.6 0   -87.3 0   697.3 0    19.5 0    64.0 0    14.5 0   236.4 0   984.1 0
 1997 125  5  5 18 48 18.800  26.60   823.9 0   154.8 0 -9999.9 1   379.0 0   352.4 0   299.0 0   298.6 0   434.0 0   293.8 0   294.1 0   148.5 0   332.5 0   669.1 0   -81.6 0   587.5 0    19.5 0    63.4 0    15.8 0   232.3 0   984.1 0
 1997 125  5  5 18 51 18.850  26.91   858.3 0   165.6 0 -9999.9 1   434.4 0   358.0 0   299.1 0   298.6 0   433.1 0   293.7 0   294.0 0   151.2 0   345.8 0   692.7 0   -75.1 0   617.6 0    19.3 0    63.2 0    15.7 0   231.4 0   984.1 0
 1997 125  5  5 18 54 18.900  27.22   767.3 0   153.6 0 -9999.9 1   416.3 0   366.7 0   299.1 0   298.4 0   429.7 0   293.6 0   293.9 0   131.9 0   313.5 0   613.7 0   -63.0 0   550.7 0    19.2 0    62.9 0    16.4 0   231.8 0   984.0 0
 1997 125  5  5 18 57 18.950  27.55   836.7 0   169.0 0 -9999.9 1   491.3 0   367.5 0   299.2 0   298.9 0   434.9 0   293.6 0   294.0 0   141.6 0   334.6 0   667.7 0   -67.5 0   600.2 0    19.2 0    63.4 0    14.8 0   239.1 0   984.1 0
 1997 125  5  5 19  0 19.000  27.89   762.7 0   145.7 0 -9999.9 1   468.5 0   373.8 0   299.3 0   298.7 0   431.1 0   293.6 0   293.9 0   126.6 0   306.9 0   617.0 0   -57.3 0   559.7 0    19.2 0    63.2 0    15.9 0   236.2 0   984.1 0
 1997 125  5  5 19  3 19.050  28.24   377.6 0    75.2 0 -9999.9 1   361.4 0   378.6 0   299.3 0   298.1 0   422.8 0   293.5 0   293.7 0    81.0 0   162.3 0   302.4 0   -44.2 0   258.2 0    19.2 0    63.0 0    15.0 0   233.7 0   984.1 0
 1997 125  5  5 19  6 19.100  28.60   341.9 0    71.1 0 -9999.9 1   327.8 0   385.8 0   299.1 0   297.8 0   421.0 0   293.4 0   293.5 0    67.7 0   147.8 0   270.8 0   -35.2 0   235.6 0    19.3 0    63.4 0    13.7 0   232.8 0   984.1 0
 1997 125  5  5 19  9 19.150  28.97   390.5 0    78.2 0 -9999.9 1   341.7 0   384.8 0   298.9 0   297.7 0   421.8 0   293.3 0   293.5 0    74.3 0   167.0 0   312.3 0   -37.0 0   275.3 0    19.3 0    63.3 0    14.4 0   238.9 0   984.1 0
 1997 125  5  5 19 12 19.200  29.35   238.0 0    48.8 0 -9999.9 1   238.9 0   386.5 0   298.7 0   297.2 0   416.8 0   293.3 0   293.3 0    51.4 0   105.6 0   189.2 0   -30.4 0   158.8 0    19.3 0    62.7 0    14.6 0   240.0 0   984.1 0
 1997 125  5  5 19 15 19.250  29.74   373.7 0    76.4 0 -9999.9 1   331.9 0   386.2 0   298.4 0   297.1 0   419.7 0   293.2 0   293.3 0    68.5 0   162.2 0   297.3 0   -33.5 0   263.8 0    19.3 0    62.8 0    14.7 0   243.4 0   984.1 0
 1997 125  5  5 19 18 19.300  30.14   427.9 0    80.7 0 -9999.9 1   321.9 0   387.5 0   298.3 0   297.3 0   421.9 0   293.2 0   293.5 0    69.8 0   178.3 0   347.2 0   -34.3 0   312.9 0    19.5 0    62.2 0    14.9 0   245.7 0   984.1 0
 1997 125  5  5 19 21 19.350  30.55   214.9 0    42.8 0 -9999.9 1   217.5 0   388.3 0   298.1 0   296.8 0   416.7 0   293.3 0   293.4 0    44.4 0    97.4 0   172.1 0   -28.4 0   143.7 0    19.5 0    61.8 0    14.0 0   246.2 0   984.1 0
 1997 125  5  5 19 24 19.400  30.96   219.7 0    44.4 0 -9999.9 1   223.1 0   388.2 0   297.9 0   296.6 0   415.4 0   293.2 0   293.3 0    46.3 0    99.5 0   175.3 0   -27.2 0   148.1 0    19.4 0    61.7 0    14.8 0   246.9 0   984.1 0
 1997 125  5  5 19 27 19.450  31.39   226.1 0    46.1 0 -9999.9 1   230.0 0   388.1 0   297.8 0   296.7 0   415.8 0   293.2 0   293.3 0    48.7 0   101.9 0   180.0 0   -27.7 0   152.3 0    19.4 0    62.0 0    11.8 0   242.7 0   984.0 0
 1997 125  5  5 19 30 19.500  31.82   374.7 0    74.0 0 -9999.9 1   375.0 0   387.0 0   297.7 0   296.9 0   419.4 0   293.2 0   293.4 0    71.7 0   161.6 0   300.7 0   -32.5 0   268.2 0    19.4 0    61.8 0    13.8 0   240.0 0   983.9 0
 1997 125  5  5 19 33 19.550  32.26   510.1 0    99.6 0 -9999.9 1   459.6 0   384.1 0   297.7 0   297.1 0   423.4 0   293.3 0   293.6 0    89.5 0   215.2 0   410.5 0   -39.3 0   371.2 0    19.6 0    61.4 0    15.1 0   239.9 0   983.8 0
 1997 125  5  5 19 36 19.600  32.70   440.3 0    85.8 0 -9999.9 1   409.6 0   376.6 0   297.8 0   297.1 0   423.2 0   293.5 0   293.7 0    86.5 0   184.7 0   354.5 0   -46.7 0   307.8 0    19.8 0    61.0 0    15.7 0   241.9 0   983.8 0
 1997 125  5  5 19 39 19.650  33.15   567.6 0   111.2 0 -9999.9 1   400.7 0   385.7 0   297.9 0   297.3 0   425.2 0   293.5 0   293.9 0    86.8 0   231.2 0   456.4 0   -39.5 0   416.9 0    19.9 0    61.3 0    14.0 0   241.3 0   983.8 0
 1997 125  5  5 19 42 19.700  33.61   347.8 0    69.8 0 -9999.9 1   275.2 0   384.3 0   298.1 0   297.3 0   423.4 0   293.7 0   294.0 0    61.5 0   142.8 0   278.0 0   -39.1 0   238.9 0    19.9 0    60.8 0    14.5 0   239.3 0   983.8 0
 1997 125  5  5 19 45 19.750  34.07   179.3 0    36.5 0 -9999.9 1   183.1 0   390.3 0   298.0 0   296.7 0   416.2 0   293.6 0   293.7 0    36.7 0    82.5 0   142.8 0   -25.9 0   116.9 0    19.7 0    60.9 0    14.0 0   240.1 0   983.8 0
 1997 125  5  5 19 48 19.800  34.54   152.8 0    31.8 0 -9999.9 1   156.8 0   390.5 0   297.8 0   296.5 0   414.2 0   293.5 0   293.5 0    30.4 0    72.2 0   121.0 0   -23.7 0    97.3 0    19.6 0    60.7 0    13.9 0   243.4 0   983.9 0
 1997 125  5  5 19 51 19.850  35.01   115.6 0    24.6 0 -9999.9 1   120.5 0   390.2 0   297.7 0   296.4 0   413.0 0   293.4 0   293.4 0    24.8 0    55.3 0    91.0 0   -22.8 0    68.2 0    19.6 0    61.0 0    12.4 0   242.0 0   983.9 0
 1997 125  5  5 19 54 19.900  35.49   115.1 0    25.4 0 -9999.9 1   120.2 0   389.7 0   297.5 0   296.2 0   412.2 0   293.3 0   293.3 0    23.7 0    55.5 0    89.7 0   -22.6 0    67.1 0    19.6 0    60.6 0    13.8 0   244.5 0   983.9 0
 1997 125  5  5 19 57 19.950  35.98   278.5 0    55.7 0 -9999.9 1   278.1 0   387.7 0   297.4 0   296.5 0   417.1 0   293.2 0   293.4 0    50.2 0   123.3 0   222.8 0   -29.4 0   193.4 0    19.6 0    60.8 0    12.3 0   248.3 0   983.8 0
 1997 125  5  5 20  0 20.000  36.47   365.5 0    72.7 0 -9999.9 1   335.1 0   385.4 0   297.4 0   297.0 0   422.1 0   293.3 0   293.6 0    63.4 0   156.7 0   292.8 0   -36.6 0   256.2 0    19.8 0    61.3 0    11.2 0   249.9 0   983.9 0
 1997 125  5  5 20  3 20.050  36.96   370.6 0    71.5 0 -9999.9 1   366.0 0   380.4 0   297.5 0   297.1 0   422.8 0   293.5 0   293.8 0    68.3 0   159.4 0   299.1 0   -42.5 0   256.6 0    19.9 0    60.9 0    12.3 0   249.5 0   983.8 0
 1997 125  5  5 20  6 20.100  37.46   429.5 0    82.8 0 -9999.9 1   410.5 0   380.7 0   297.7 0   297.4 0   425.5 0   293.7 0   294.0 0    73.5 0   181.5 0   346.7 0   -44.8 0   301.9 0    20.2 0    60.5 0    12.5 0   247.8 0   983.8 0
 1997 125  5  5 20  9 20.150  37.96   299.9 0    59.7 0 -9999.9 1   297.9 0   385.8 0   297.9 0   297.3 0   422.4 0   293.9 0   294.1 0    54.2 0   130.4 0   240.2 0   -36.6 0   203.6 0    20.2 0    60.3 0    11.9 0   245.4 0   983.7 0
 1997 125  5  5 20 12 20.200  38.47   282.8 0    57.0 0 -9999.9 1   285.9 0   385.9 0   298.0 0   297.3 0   420.8 0   294.0 0   294.1 0    50.2 0   125.0 0   225.8 0   -34.9 0   190.9 0    20.2 0    59.9 0    12.1 0   242.1 0   983.6 0
 1997 125  5  5 20 15 20.250  38.98   279.8 0    56.9 0 -9999.9 1   283.7 0   381.1 0   298.1 0   297.2 0   420.0 0   294.0 0   294.1 0    51.0 0   123.6 0   222.9 0   -38.9 0   184.0 0    20.2 0    59.5 0    12.7 0   244.7 0   983.5 0
 1997 125  5  5 20 18 20.300  39.49   609.0 0   122.8 0 -9999.9 1   385.6 0   369.0 0   298.2 0   297.8 0   426.8 0   294.1 0   294.4 0    85.9 0   254.0 0   486.2 0   -57.8 0   428.4 0    20.3 0    59.2 0    14.1 0   250.3 0   983.5 0
 1997 125  5  5 20 21 20.350  40.01   698.5 0   139.8 0 -9999.9 1   389.8 0   361.3 0   298.5 0   298.5 0   433.0 0   294.3 0   294.8 0   100.3 0   288.6 0   558.7 0   -71.7 0   487.0 0    20.8 0    58.8 0    13.6 0   247.4 0   983.4 0
 1997 125  5  5 20 24 20.400  40.53   865.7 0   174.5 0 -9999.9 1   319.8 0   354.8 0   298.9 0   299.1 0   438.0 0   294.7 0   295.2 0   114.9 0   350.6 0   691.2 0   -83.2 0   608.0 0    20.8 0    57.9 0    15.4 0   246.1 0   983.3 0
 1997 125  5  5 20 27 20.450  41.05   760.8 0   152.2 0 -9999.9 1   246.6 0   345.4 0   299.4 0   299.4 0   437.6 0   295.0 0   295.5 0   108.5 0   312.3 0   608.6 0   -92.1 0   516.5 0    21.1 0    58.1 0    13.5 0   241.2 0   983.2 0
 1997 125  5  5 20 30 20.500  41.58   622.4 0   127.7 0 -9999.9 1   239.9 0   342.2 0   299.7 0   299.5 0   434.8 0   295.1 0   295.5 0    95.5 0   258.6 0   494.7 0   -92.6 0   402.1 0    21.2 0    58.0 0    13.0 0   244.3 0   983.0 0
 1997 125  5  5 20 33 20.550  42.11   734.3 0   149.8 0 -9999.9 1   214.5 0   341.4 0   300.0 0   299.8 0   437.2 0   295.3 0   295.7 0   101.0 0   300.0 0   584.5 0   -95.8 0   488.7 0    21.2 0    57.6 0    13.4 0   236.2 0   982.7 0
 1997 125  5  5 20 36 20.600  42.64   555.6 0   114.2 0 -9999.9 1   210.3 0   339.7 0   300.3 0   299.5 0   432.0 0   295.3 0   295.6 0    82.6 0   229.5 0   441.4 0   -92.2 0   349.2 0    21.1 0    56.8 0    14.2 0   244.7 0   982.7 0
 1997 125  5  5 20 39 20.650  43.17   196.1 0    40.8 0 -9999.9 1   165.9 0   345.5 0   300.2 0   298.8 0   422.5 0   295.2 0   295.3 0    47.2 0    86.9 0   155.3 0   -77.1 0    78.2 0    21.0 0    57.2 0    12.1 0   246.8 0   982.8 0
 1997 125  5  5 20 42 20.700  43.71   152.8 0    32.8 0 -9999.9 1   156.8 0   358.8 0   300.0 0   298.3 0   418.0 0   295.0 0   294.9 0    33.6 0    71.5 0   120.0 0   -59.2 0    60.8 0    20.8 0    56.9 0    13.1 0   242.1 0   982.7 0
 1997 125  5  5 20 45 20.750  44.25   128.4 0    29.0 0 -9999.9 1   133.1 0   369.0 0   299.6 0   298.1 0   416.8 0   294.7 0   294.7 0    22.5 0    62.3 0    99.4 0   -47.8 0    51.6 0    20.6 0    57.2 0    12.5 0   241.0 0   982.5 0
 1997 125  5  5 20 48 20.800  44.79   140.2 0    30.6 0 -9999.9 1   143.4 0   372.2 0   299.3 0   297.9 0   417.2 0   294.5 0   294.5 0    21.5 0    67.7 0   109.6 0   -45.0 0    64.6 0    20.6 0    57.9 0    12.6 0   237.5 0   982.5 0
 1997 125  5  5 20 51 20.850  45.34   148.6 0    30.9 0 -9999.9 1   151.8 0   372.0 0   299.1 0   297.6 0   417.3 0   294.4 0   294.4 0    24.0 0    71.7 0   117.7 0   -45.3 0    72.4 0    20.7 0    57.7 0    13.2 0   239.3 0   982.3 0
 1997 125  5  5 20 54 20.900  45.88   169.5 0    33.9 0 -9999.9 1   169.1 0   373.7 0   298.8 0   297.5 0   418.0 0   294.3 0   294.4 0    27.1 0    80.4 0   135.6 0   -44.4 0    91.2 0    20.7 0    57.9 0    12.5 0   241.6 0   982.3 0
 1997 125  5  5 20 57 20.950  46.43   164.9 0    32.6 0 -9999.9 1   167.2 0   378.5 0   298.7 0   297.5 0   418.9 0   294.4 0   294.5 0    26.1 0    76.7 0   132.3 0   -40.4 0    91.9 0    20.9 0    57.2 0    13.9 0   242.4 0   982.3 0
 1997 125  5  5 21  0 21.000  46.98   167.2 0    32.3 0 -9999.9 1   166.6 0   381.5 0   298.5 0   297.3 0   419.1 0   294.5 0   294.6 0    25.9 0    78.4 0   134.9 0   -37.5 0    97.4 0    20.9 0    56.9 0    13.7 0   242.0 0   982.4 0
 1997 125  5  5 21  3 21.050  47.53    92.8 0    18.0 0 -9999.9 1    95.5 0   387.3 0   298.4 0   297.3 0   418.0 0   294.5 0   294.6 0    15.5 0    44.6 0    74.8 0   -30.7 0    44.1 0    21.0 0    57.0 0    13.1 0   243.1 0   982.5 0
 1997 125  5  5 21  6 21.100  48.09    39.0 0     8.5 0 -9999.9 1    43.7 0   390.1 0   298.3 0   296.9 0   415.5 0   294.5 0   294.5 0     8.1 0    21.6 0    30.5 0   -25.4 0     5.1 0    20.9 0    57.3 0    12.7 0   247.5 0   982.4 0
 1997 125  5  5 21  9 21.150  48.64    23.8 0     6.3 0 -9999.9 1    28.9 0   390.4 0   298.1 0   296.8 0   414.9 0   294.4 0   294.4 0     4.9 0    14.6 0    17.5 0   -24.5 0    -7.0 0    20.8 0    57.7 0    12.2 0   263.1 0   982.6 0
 1997 125  5  5 21 12 21.200  49.20     6.2 0     6.5 0 -9999.9 1    10.7 0   393.8 0   297.9 0   295.4 0   406.7 0   294.2 0   293.9 0     1.5 0     6.6 0     0.0 0   -12.9 0   -12.9 0    19.8 0    58.9 0    11.7 0   292.6 0   983.2 0
 1997 125  5  5 21 15 21.250  49.76     7.9 0    10.8 0 -9999.9 1    11.2 0   398.6 0   297.2 0   292.8 0   396.8 0   293.4 0   293.0 0     1.5 0     6.9 0     0.0 0     0.0 0     0.0 0    18.6 0    62.5 0    14.3 0   294.5 0   983.6 0
 1997 125  5  5 21 18 21.300  50.32    67.1 0    34.9 0 -9999.9 1    69.8 0   395.9 0   295.7 0   290.8 0   392.7 0   292.0 0   291.4 0     9.1 0    31.9 0    32.2 0     0.0 0    32.2 0    16.2 0    71.2 0    15.9 0   279.5 0   983.9 0
 1997 125  5  5 21 21 21.350  50.88   139.7 0    34.6 0 -9999.9 1   144.7 0   380.0 0   294.5 0   291.6 0   394.8 0   290.6 0   290.4 0    21.1 0    62.7 0   105.1 0   -14.9 0    90.2 0    16.7 0    75.7 0    11.7 0   262.3 0   983.4 0
 1997 125  5  5 21 24 21.400  51.44   129.5 0    27.6 0 -9999.9 1   133.4 0   374.8 0   293.8 0   292.1 0   394.8 0   290.0 0   289.9 0    19.6 0    58.9 0   101.9 0   -20.0 0    81.9 0    16.2 0    79.2 0     9.2 0   248.3 0   983.3 0
 1997 125  5  5 21 27 21.450  52.00   146.3 0    29.3 0 -9999.9 1   139.6 0   376.0 0   293.3 0   292.2 0   396.4 0   289.8 0   289.9 0    19.4 0    65.6 0   117.0 0   -20.4 0    96.6 0    16.3 0    81.6 0     9.1 0   253.1 0   983.2 0
 1997 125  5  5 21 30 21.500  52.56   228.6 0    41.1 0 -9999.9 1   210.8 0   373.8 0   293.1 0   292.5 0   399.8 0   289.8 0   290.0 0    26.8 0    98.9 0   187.5 0   -26.0 0   161.5 0    16.6 0    83.3 0     8.2 0   255.5 0   983.2 0
 1997 125  5  5 21 33 21.550  53.13   303.7 0    52.6 0 -9999.9 1   277.0 0   359.8 0   293.2 0   292.9 0   403.1 0   290.0 0   290.3 0    39.1 0   129.1 0   251.1 0   -43.2 0   207.9 0    16.8 0    84.3 0     8.4 0   257.0 0   983.1 0
 1997 125  5  5 21 36 21.600  53.69   409.6 0    76.8 0 -9999.9 1   248.3 0   347.7 0   293.4 0   293.2 0   405.3 0   290.2 0   290.5 0    45.1 0   171.8 0   332.8 0   -57.6 0   275.2 0    17.0 0    84.7 0     7.6 0   258.0 0   983.1 0
 1997 125  5  5 21 39 21.650  54.26   591.2 0   117.3 0 -9999.9 1   169.7 0   331.4 0   293.8 0   294.3 0   411.9 0   290.6 0   291.1 0    54.5 0   240.4 0   473.9 0   -80.5 0   393.4 0    17.4 0    84.4 0     8.1 0   259.4 0   983.0 0
 1997 125  5  5 21 42 21.700  54.83   564.8 0   113.1 0 -9999.9 1   135.9 0   324.4 0   294.3 0   294.5 0   411.8 0   291.0 0   291.5 0    53.0 0   231.7 0   451.7 0   -87.4 0   364.3 0    17.9 0    81.8 0     9.8 0   259.8 0   983.0 0
 1997 125  5  5 21 45 21.750  55.40   545.6 0   110.8 0 -9999.9 1   114.3 0   322.8 0   294.8 0   294.9 0   412.4 0   291.4 0   291.9 0    51.3 0   224.2 0   434.8 0   -89.7 0   345.1 0    18.5 0    78.3 0    10.9 0   261.0 0   983.0 0
 1997 125  5  5 21 48 21.800  55.96   523.2 0   107.7 0 -9999.9 1   102.1 0   321.0 0   295.3 0   295.3 0   413.7 0   291.7 0   292.3 0    48.8 0   214.9 0   415.5 0   -92.7 0   322.8 0    18.8 0    76.5 0    10.1 0   260.9 0   983.0 0
 1997 125  5  5 21 51 21.850  56.53   508.3 0   105.9 0 -9999.9 1    99.9 0   321.3 0   295.8 0   295.6 0   414.1 0   292.0 0   292.6 0    46.6 0   208.8 0   402.4 0   -92.8 0   309.6 0    19.2 0    72.9 0    10.6 0   260.4 0   983.0 0
 1997 125  5  5 21 54 21.900  57.10   497.3 0   104.7 0 -9999.9 1    99.3 0   322.2 0   296.2 0   296.0 0   415.0 0   292.3 0   292.9 0    44.7 0   204.5 0   392.6 0   -92.8 0   299.8 0    19.6 0    70.6 0    10.0 0   261.3 0   983.0 0
 1997 125  5  5 21 57 21.950  57.67   483.0 0   103.4 0 -9999.9 1    98.3 0   322.7 0   296.6 0   296.3 0   415.9 0   292.5 0   293.1 0    42.6 0   198.7 0   379.6 0   -93.1 0   286.5 0    19.8 0    69.4 0     9.7 0   261.3 0   983.0 0
 1997 125  5  5 22  0 22.000  58.25   477.9 0   103.3 0 -9999.9 1    97.1 0   323.0 0   296.9 0   296.6 0   416.5 0   292.8 0   293.4 0    41.2 0   196.8 0   374.6 0   -93.4 0   281.2 0    20.0 0    68.4 0    10.2 0   262.7 0   983.0 0
 1997 125  5  5 22  3 22.050  58.82   469.2 0   102.7 0 -9999.9 1    96.2 0   324.0 0   297.2 0   297.0 0   418.4 0   293.0 0   293.6 0    39.7 0   193.3 0   366.5 0   -94.4 0   272.1 0    20.3 0    68.6 0     9.2 0   265.9 0   983.0 0
 1997 125  5  5 22  6 22.100  59.39   465.1 0   103.1 0 -9999.9 1    93.8 0   324.3 0   297.6 0   297.2 0   418.2 0   293.2 0   293.8 0    38.3 0   191.5 0   362.0 0   -94.0 0   268.0 0    20.5 0    66.8 0     9.8 0   268.2 0   983.0 0
 1997 125  5  5 22  9 22.150  59.96   453.0 0   101.5 0 -9999.9 1    93.1 0   324.2 0   297.9 0   297.5 0   419.2 0   293.5 0   294.0 0    36.8 0   187.5 0   351.5 0   -95.1 0   256.4 0    20.7 0    67.0 0     9.2 0   267.2 0   983.0 0
 1997 125  5  5 22 12 22.200  60.53   444.9 0   101.0 0 -9999.9 1    93.2 0   325.0 0   298.1 0   297.5 0   418.5 0   293.7 0   294.2 0    35.3 0   184.3 0   343.9 0   -93.5 0   250.4 0    20.9 0    64.9 0    11.3 0   268.8 0   983.0 0
 1997 125  5  5 22 15 22.250  61.11   436.4 0   100.5 0 -9999.9 1    92.0 0   325.5 0   298.4 0   297.8 0   418.4 0   293.8 0   294.4 0    33.8 0   181.0 0   335.9 0   -92.9 0   243.0 0    21.0 0    64.1 0    10.9 0   267.7 0   983.0 0
 1997 125  5  5 22 18 22.300  61.68   421.3 0    98.4 0 -9999.9 1    91.2 0   324.7 0   298.6 0   298.0 0   418.4 0   294.0 0   294.5 0    32.2 0   174.9 0   322.9 0   -93.7 0   229.2 0    21.1 0    63.7 0    10.4 0   271.2 0   983.0 0
 1997 125  5  5 22 21 22.350  62.25   406.2 0    96.0 0 -9999.9 1    91.2 0   324.1 0   298.9 0   298.3 0   418.9 0   294.1 0   294.5 0    30.5 0   168.9 0   310.2 0   -94.8 0   215.4 0    21.1 0    63.6 0    11.0 0   273.3 0   983.0 0
 1997 125  5  5 22 24 22.400  62.82   399.5 0    94.9 0 -9999.9 1    89.6 0   324.6 0   299.1 0   298.4 0   418.1 0   294.2 0   294.7 0    29.1 0   166.0 0   304.6 0   -93.5 0   211.1 0    21.3 0    61.0 0    11.2 0   275.6 0   983.0 0
 1997 125  5  5 22 27 22.450  63.40   389.5 0    94.1 0 -9999.9 1    87.6 0   323.5 0   299.3 0   298.5 0   418.1 0   294.3 0   294.8 0    27.8 0   162.0 0   295.4 0   -94.6 0   200.8 0    21.3 0    60.8 0    10.9 0   275.3 0   983.1 0
 1997 125  5  5 22 30 22.500  63.97   373.5 0    91.6 0 -9999.9 1    86.6 0   322.2 0   299.4 0   298.6 0   417.9 0   294.5 0   294.9 0    26.2 0   155.8 0   281.9 0   -95.7 0   186.2 0    21.3 0    60.4 0    10.9 0   278.0 0   983.1 0
 1997 125  5  5 22 33 22.550  64.54   367.6 0    91.2 0 -9999.9 1    86.7 0   322.0 0   299.6 0   298.7 0   416.5 0   294.6 0   295.0 0    24.9 0   153.0 0   276.4 0   -94.6 0   181.8 0    21.6 0    56.6 0    11.8 0   281.4 0   983.2 0
 1997 125  5  5 22 36 22.600  65.12   356.1 0    89.5 0 -9999.9 1    86.7 0   321.1 0   299.6 0   298.7 0   415.8 0   294.7 0   295.1 0    23.6 0   148.2 0   266.6 0   -94.7 0   171.9 0    21.4 0    52.7 0    10.5 0   282.5 0   983.2 0
 1997 125  5  5 22 39 22.650  65.69   345.1 0    87.9 0 -9999.9 1    85.6 0   319.6 0   299.7 0   298.8 0   415.3 0   294.8 0   295.2 0    22.3 0   143.7 0   257.2 0   -95.7 0   161.5 0    21.4 0    50.9 0    11.1 0   280.2 0   983.2 0
 1997 125  5  5 22 42 22.700  66.26   336.6 0    87.0 0 -9999.9 1    85.3 0   318.5 0   299.8 0   298.8 0   414.4 0   294.9 0   295.2 0    21.2 0   140.1 0   249.6 0   -95.9 0   153.7 0    21.4 0    47.9 0    10.7 0   276.5 0   983.3 0
 1997 125  5  5 22 45 22.750  66.83   309.8 0    80.2 0 -9999.9 1    83.1 0   318.6 0   299.8 0   298.7 0   413.6 0   295.0 0   295.3 0    19.9 0   130.0 0   229.6 0   -94.9 0   134.7 0    21.4 0    46.1 0    11.5 0   276.4 0   983.2 0
 1997 125  5  5 22 48 22.800  67.41   312.0 0    83.0 0 -9999.9 1    83.5 0   318.6 0   299.8 0   298.7 0   413.1 0   295.0 0   295.2 0    18.8 0   130.7 0   229.0 0   -94.5 0   134.5 0    21.3 0    46.4 0    10.5 0   278.3 0   983.3 0
 1997 125  5  5 22 51 22.850  67.98   301.7 0    80.9 0 -9999.9 1    82.4 0   318.6 0   299.8 0   298.8 0   413.2 0   294.9 0   295.2 0    17.8 0   126.3 0   220.8 0   -94.6 0   126.2 0    21.2 0    46.5 0    10.5 0   279.1 0   983.3 0
 1997 125  5  5 22 54 22.900  68.55   292.8 0    79.2 0 -9999.9 1    80.8 0   319.0 0   299.8 0   298.7 0   412.9 0   294.9 0   295.1 0    16.9 0   122.9 0   213.6 0   -93.9 0   119.7 0    21.1 0    46.2 0    10.5 0   276.4 0   983.3 0
 1997 125  5  5 22 57 22.950  69.12   282.7 0    77.2 0 -9999.9 1    80.0 0   318.0 0   299.8 0   298.8 0   412.9 0   294.9 0   295.1 0    15.9 0   118.8 0   205.5 0   -94.9 0   110.6 0    21.1 0    46.6 0     9.2 0   277.5 0   983.4 0
 1997 125  5  5 23  0 23.000  69.69   270.4 0    74.6 0 -9999.9 1    79.8 0   317.4 0   299.8 0   298.8 0   412.6 0   294.9 0   295.1 0    14.9 0   113.8 0   195.8 0   -95.2 0   100.6 0    21.1 0    46.5 0    10.1 0   276.0 0   983.3 0
 1997 125  5  5 23  3 23.050  70.26   257.6 0    72.1 0 -9999.9 1    79.4 0   316.9 0   299.7 0   298.7 0   411.9 0   294.8 0   295.0 0    13.9 0   108.6 0   185.5 0   -95.0 0    90.5 0    21.1 0    46.6 0    10.0 0   275.5 0   983.3 0
 1997 125  5  5 23  6 23.100  70.83   248.8 0    70.5 0 -9999.9 1    78.1 0   316.6 0   299.7 0   298.7 0   411.5 0   294.8 0   295.0 0    13.1 0   105.1 0   178.3 0   -94.8 0    83.5 0    21.0 0    46.9 0     9.8 0   273.8 0   983.3 0
 1997 125  5  5 23  9 23.150  71.40   240.9 0    69.2 0 -9999.9 1    77.1 0   316.0 0   299.7 0   298.7 0   411.1 0   294.7 0   294.9 0    12.3 0   101.6 0   171.7 0   -95.1 0    76.6 0    20.9 0    47.6 0     8.8 0   276.1 0   983.3 0
 1997 125  5  5 23 12 23.200  71.97   232.9 0    67.4 0 -9999.9 1    75.7 0   314.2 0   299.6 0   298.6 0   410.7 0   294.6 0   294.8 0    11.5 0    98.1 0   165.5 0   -96.4 0    69.1 0    20.8 0    47.3 0     9.0 0   279.1 0   983.4 0
 1997 125  5  5 23 15 23.250  72.54   221.4 0    64.7 0 -9999.9 1    74.2 0   312.8 0   299.6 0   298.4 0   409.7 0   294.6 0   294.8 0    10.8 0    93.7 0   156.7 0   -96.9 0    59.8 0    20.9 0    45.6 0    10.2 0   281.4 0   983.4 0
 1997 125  5  5 23 18 23.300  73.10   211.9 0    63.0 0 -9999.9 1    73.2 0   312.2 0   299.5 0   298.4 0   409.0 0   294.5 0   294.7 0    10.1 0    89.6 0   148.9 0   -96.8 0    52.1 0    20.8 0    45.2 0     9.1 0   279.1 0   983.4 0
 1997 125  5  5 23 21 23.350  73.67   202.4 0    61.0 0 -9999.9 1    72.2 0   310.6 0   299.5 0   298.4 0   408.3 0   294.5 0   294.7 0     9.4 0    85.7 0   141.4 0   -97.8 0    43.6 0    20.8 0    44.6 0     9.1 0   281.0 0   983.5 0
 1997 125  5  5 23 24 23.400  74.24   192.4 0    58.6 0 -9999.9 1    70.5 0   309.2 0   299.4 0   298.3 0   407.1 0   294.5 0   294.6 0     8.8 0    81.8 0   133.8 0   -97.9 0    35.9 0    20.7 0    43.3 0     9.5 0   279.5 0   983.5 0
 1997 125  5  5 23 27 23.450  74.80   181.5 0    56.0 0 -9999.9 1    69.5 0   308.7 0   299.3 0   298.2 0   406.5 0   294.4 0   294.5 0     8.1 0    77.5 0   125.5 0   -97.8 0    27.7 0    20.7 0    43.1 0     9.1 0   278.0 0   983.5 0
 1997 125  5  5 23 30 23.500  75.37   167.7 0    52.6 0 -9999.9 1    68.9 0   308.5 0   299.2 0   298.2 0   406.0 0   294.3 0   294.4 0     7.5 0    72.3 0   115.1 0   -97.5 0    17.6 0    20.5 0    44.6 0     8.2 0   277.6 0   983.6 0
 1997 125  5  5 23 33 23.550  75.93   162.1 0    51.1 0 -9999.9 1    68.4 0   308.6 0   299.1 0   298.0 0   405.6 0   294.2 0   294.4 0     7.0 0    69.5 0   111.0 0   -97.0 0    14.0 0    20.7 0    43.1 0     8.9 0   279.8 0   983.6 0
 1997 125  5  5 23 36 23.600  76.49   158.2 0    50.9 0 -9999.9 1    66.3 0   308.6 0   299.0 0   297.9 0   405.2 0   294.2 0   294.4 0     6.5 0    67.4 0   107.3 0   -96.6 0    10.7 0    20.7 0    42.2 0     9.4 0   281.1 0   983.7 0
 1997 125  5  5 23 39 23.650  77.05   145.5 0    47.3 0 -9999.9 1    63.6 0   307.5 0   298.9 0   297.7 0   404.1 0   294.2 0   294.3 0     6.0 0    62.9 0    98.2 0   -96.7 0     1.5 0    20.6 0    40.8 0    10.0 0   282.6 0   983.7 0
 1997 125  5  5 23 42 23.700  77.61   135.4 0    45.1 0 -9999.9 1    61.6 0   306.0 0   298.8 0   297.5 0   403.4 0   294.1 0   294.2 0     5.6 0    59.0 0    90.3 0   -97.4 0    -7.1 0    20.5 0    40.3 0    10.1 0   280.4 0   983.7 0
 1997 125  5  5 23 45 23.750  78.17   128.9 0    44.0 0 -9999.9 1    60.5 0   305.3 0   298.7 0   297.4 0   402.3 0   294.1 0   294.1 0     5.1 0    56.4 0    84.9 0   -96.9 0   -12.0 0    20.4 0    40.1 0     9.3 0   280.2 0   983.7 0
 1997 125  5  5 23 48 23.800  78.73   119.4 0    41.6 0 -9999.9 1    59.6 0   305.1 0   298.5 0   297.3 0   401.7 0   294.0 0   294.0 0     4.7 0    52.8 0    77.8 0   -96.6 0   -18.8 0    20.3 0    40.0 0     9.5 0   280.8 0   983.7 0
 1997 125  5  5 23 51 23.850  79.28   110.2 0    38.9 0 -9999.9 1    59.0 0   304.0 0   298.4 0   297.2 0   400.7 0   293.9 0   293.9 0     4.3 0    49.4 0    71.3 0   -96.8 0   -25.5 0    20.2 0    39.8 0     9.3 0   281.7 0   983.7 0
 1997 125  5  5 23 54 23.900  79.84   103.2 0    37.5 0 -9999.9 1    59.7 0   303.8 0   298.3 0   297.0 0   399.8 0   293.8 0   293.8 0     3.9 0    46.6 0    65.7 0   -96.0 0   -30.3 0    20.0 0    40.0 0     8.8 0   280.5 0   983.8 0
 1997 125  5  5 23 57 23.950  80.39    92.8 0    34.6 0 -9999.9 1    60.9 0   303.9 0   298.1 0   296.8 0   398.8 0   293.6 0   293.7 0     3.6 0    42.6 0    58.2 0   -94.9 0   -36.7 0    19.8 0    40.3 0     8.6 0   281.3 0   983.8 0
