 Bondville
   40.05  -88.37  213 m version 1
 1997  74  3 15  0  0  0.000  89.92    -1.8 0     0.6 0    -0.2 0     2.8 0   265.0 0   272.8 0   271.7 0   302.5 0   269.7 0   269.6 0     0.0 0     1.3 0     2.2 0   -37.4 0   -35.2 0    -3.9 0    69.6 0    12.4 0   296.4 0   995.2 0
 1997  74  3 15  0  3  0.050  91.22    -2.8 0     0.3 0     0.0 0     2.2 0   262.3 0   272.8 0   271.7 0   302.6 0   269.6 0   269.6 0     0.0 0     0.9 0     1.8 0   -40.2 0   -38.4 0    -3.8 0    70.0 0    11.6 0   296.5 0   997.6 0
 1997  74  3 15  0  6  0.100  91.79    -3.7 0     0.1 0     0.0 0     1.5 0   262.4 0   272.8 0   271.7 0   302.7 0   269.6 0   269.6 0     0.0 0     0.5 0     1.4 0   -40.4 0   -39.0 0    -3.8 0    70.0 0    11.5 0   296.2 0   995.0 0
 1997  74  3 15  0  9  0.150  92.37    -4.4 0     0.0 0     0.1 0     1.1 0   275.5 0   272.8 0   271.8 0   303.5 0   269.7 0   269.7 0     0.0 0     0.2 0     1.1 0   -28.0 0   -26.9 0    -3.7 0    70.3 0    11.8 0   298.1 0   994.4 0
 1997  74  3 15  0 12  0.200  92.94    -4.3 0     0.2 0    -0.1 0     1.2 0   247.4 0   272.8 0   271.7 0   302.1 0   269.7 0   269.7 0     0.0 0     0.2 0     1.0 0   -54.7 0   -53.7 0    -3.8 0    70.6 0    11.6 0   291.1 0   995.5 0
 1997  74  3 15  0 15  0.250  93.52    -4.6 0     0.3 0    -0.3 0     1.0 0   248.6 0   272.8 0   271.6 0   301.7 0   269.7 0   269.6 0     0.0 0     0.1 0     0.7 0   -53.1 0   -52.4 0    -3.8 0    70.7 0    10.5 0   286.7 0   994.8 0
 1997  74  3 15  0 18  0.300  94.09    -5.2 0     0.2 0    -0.1 0     0.7 0   257.7 0   272.8 0   271.7 0   302.1 0   269.6 0   269.6 0     0.0 0     0.0 0     0.5 0   -44.4 0   -43.9 0    -3.8 0    71.2 0    10.8 0   289.1 0   995.0 0
 1997  74  3 15  0 21  0.350  94.66    -4.8 0     0.3 0    -0.1 0     0.7 0   258.7 0   272.8 0   271.6 0   301.9 0   269.6 0   269.6 0     0.0 0     0.0 0     0.5 0   -43.2 0   -42.7 0    -3.9 0    71.0 0    11.6 0   294.0 0   997.1 0
 1997  74  3 15  0 24  0.400  95.24    -5.2 0     0.2 0    -0.1 0     0.5 0   237.3 0   272.7 0   271.7 0   301.0 0   269.6 0   269.6 0     0.0 0     0.0 0     0.3 0   -63.7 0   -63.4 0    -3.9 0    71.1 0    10.9 0   297.4 0   995.8 0
 1997  74  3 15  0 27  0.450  95.81    -5.0 0     0.1 0     0.0 0     0.5 0   238.6 0   272.7 0   271.6 0   300.8 0   269.6 0   269.5 0     0.0 0     0.0 0     0.4 0   -62.3 0   -61.9 0    -3.9 0    70.6 0    11.9 0   298.2 0   995.2 0
 1997  74  3 15  0 30  0.500  96.38    -5.3 0     0.1 0     0.0 0     0.4 0   256.4 0   272.7 0   271.7 0   301.7 0   269.6 0   269.5 0     0.0 0     0.0 0     0.0 0   -45.3 0   -45.3 0    -3.9 0    70.6 0    10.6 0   299.3 0   994.5 0
 1997  74  3 15  0 33  0.550  96.96    -5.1 0     0.2 0    -0.1 0     0.4 0   246.9 0   272.7 0   271.6 0   301.2 0   269.5 0   269.5 0     0.0 0     0.0 0     0.0 0   -54.3 0   -54.3 0    -3.9 0    71.1 0    11.5 0   305.7 0   995.5 0
 1997  74  3 15  0 36  0.600  97.53    -5.4 0     0.3 0    -0.6 0     0.3 0   208.2 0   272.6 0   271.5 0   298.9 0   269.5 0   269.4 0     0.0 0    -0.1 0     0.0 0   -90.7 0   -90.7 0    -4.1 0    71.8 0    11.8 0   299.7 0   996.5 0
 1997  74  3 15  0 39  0.650  98.10    -5.4 0     0.4 0    -0.4 0     0.2 0   223.7 0   272.6 0   271.4 0   299.1 0   269.4 0   269.3 0     0.0 0    -0.1 0     0.0 0   -75.5 0   -75.5 0    -4.1 0    71.7 0    11.8 0   296.7 0   996.6 0
 1997  74  3 15  0 42  0.700  98.67    -5.0 0     0.2 0     0.0 0     0.3 0   248.1 0   272.5 0   271.3 0   300.4 0   269.3 0   269.3 0     0.0 0     0.0 0     0.0 0   -52.3 0   -52.3 0    -4.1 0    71.3 0    13.2 0   295.6 0   998.5 0
 1997  74  3 15  0 45  0.750  99.24    -5.0 0     0.1 0     0.0 0     0.5 0   229.1 0   272.5 0   271.3 0   299.8 0   269.3 0   269.3 0     0.0 0     0.0 0     0.0 0   -70.6 0   -70.6 0    -4.1 0    71.2 0    12.1 0   291.9 0   996.1 0
 1997  74  3 15  0 48  0.800  99.82    -5.2 0     0.0 0     0.0 0     0.4 0   216.0 0   272.4 0   271.3 0   299.1 0   269.3 0   269.3 0     0.0 0     0.0 0     0.0 0   -83.1 0   -83.1 0    -4.1 0    71.5 0    12.3 0   295.4 0   996.6 0
 1997  74  3 15  0 51  0.850 100.39    -4.9 0     0.2 0    -0.1 0     0.4 0   213.9 0   272.4 0   271.1 0   298.7 0   269.3 0   269.3 0     0.0 0     0.0 0     0.0 0   -84.8 0   -84.8 0    -4.1 0    71.3 0    13.4 0   298.8 0   996.5 0
 1997  74  3 15  0 54  0.900 100.96    -5.3 0     0.1 0     0.0 0     0.3 0   216.8 0   272.4 0   271.2 0   298.8 0   269.3 0   269.3 0     0.0 0     0.0 0     0.0 0   -82.0 0   -82.0 0    -4.1 0    71.3 0    11.1 0   300.1 0   995.5 0
 1997  74  3 15  0 57  0.950 101.53    -5.0 0     0.1 0     0.0 0     0.3 0   210.1 0   272.3 0   271.1 0   298.3 0   269.3 0   269.2 0     0.0 0     0.0 0     0.0 0   -88.2 0   -88.2 0    -4.1 0    71.1 0    12.5 0   302.8 0   996.2 0
 1997  74  3 15  1  0  1.000 102.10    -5.2 0     0.0 0     0.0 0     0.3 0   223.3 0   272.3 0   271.1 0   299.0 0   269.3 0   269.2 0     0.0 0     0.0 0     0.0 0   -75.7 0   -75.7 0    -4.1 0    70.7 0    11.5 0   304.3 0   995.5 0
 1997  74  3 15  1  3  1.050 102.66    -5.4 0    -0.2 0     0.0 0     0.3 0   239.3 0   272.3 0   271.2 0   299.9 0   269.3 0   269.3 0     0.0 0     0.0 0     0.0 0   -60.6 0   -60.6 0    -4.1 0    70.8 0    10.9 0   303.1 0   995.3 0
 1997  74  3 15  1  6  1.100 103.23    -5.2 0    -0.1 0     0.0 0     0.4 0   232.3 0   272.3 0   271.2 0   299.7 0   269.3 0   269.3 0     0.0 0     0.0 0     0.0 0   -67.4 0   -67.4 0    -4.1 0    70.8 0    11.9 0   298.2 0   995.2 0
 1997  74  3 15  1  9  1.150 103.80    -5.5 0    -0.1 0     0.0 0     0.3 0   231.4 0   272.3 0   271.3 0   299.5 0   269.3 0   269.3 0     0.0 0     0.0 0     0.0 0   -68.2 0   -68.2 0    -4.0 0    70.6 0    10.1 0   303.4 0   995.2 0
 1997  74  3 15  1 12  1.200 104.37    -5.4 0    -0.2 0     0.0 0     0.3 0   241.6 0   272.3 0   271.3 0   300.3 0   269.3 0   269.3 0     0.0 0     0.0 0     0.0 0   -58.7 0   -58.7 0    -4.0 0    71.0 0    11.2 0   294.6 0   995.8 0
 1997  74  3 15  1 15  1.250 104.93    -5.5 0    -0.2 0     0.0 0     0.3 0   234.4 0   272.3 0   271.4 0   300.0 0   269.3 0   269.3 0     0.0 0    -0.1 0     0.0 0   -65.6 0   -65.6 0    -4.0 0    71.5 0     9.4 0   301.3 0   995.5 0
 1997  74  3 15  1 18  1.300 105.50    -5.5 0     0.0 0     0.0 0     0.2 0   240.5 0   272.4 0   271.4 0   300.0 0   269.4 0   269.3 0     0.0 0     0.0 0     0.0 0   -59.5 0   -59.5 0    -4.1 0    71.6 0    10.0 0   299.4 0   995.3 0
 1997  74  3 15  1 21  1.350 106.06    -5.1 0     0.1 0    -0.1 0     0.3 0   229.0 0   272.4 0   271.3 0   299.4 0   269.3 0   269.3 0     0.0 0    -0.1 0     0.0 0   -70.5 0   -70.5 0    -4.1 0    71.6 0    10.3 0   300.5 0   995.4 0
 1997  74  3 15  1 24  1.400 106.62    -5.6 0     0.1 0    -0.2 0     0.2 0   224.5 0   272.4 0   271.3 0   298.9 0   269.3 0   269.3 0     0.0 0    -0.1 0     0.0 0   -74.3 0   -74.3 0    -4.1 0    71.5 0    10.5 0   302.2 0   995.5 0
 1997  74  3 15  1 27  1.450 107.18    -5.1 0     0.1 0     0.0 0     0.2 0   241.3 0   272.4 0   271.2 0   299.8 0   269.3 0   269.3 0     0.0 0    -0.1 0     0.0 0   -58.5 0   -58.5 0    -4.1 0    71.3 0    11.7 0   293.5 0   995.6 0
 1997  74  3 15  1 30  1.500 107.74    -5.1 0     0.2 0     0.0 0     0.4 0   228.8 0   272.3 0   271.2 0   299.1 0   269.3 0   269.3 0     0.0 0     0.0 0     0.0 0   -70.3 0   -70.3 0    -4.1 0    70.8 0    11.4 0   297.1 0   996.3 0
 1997  74  3 15  1 33  1.550 108.30    -5.4 0     0.1 0     0.0 0     0.3 0   225.5 0   272.3 0   271.3 0   298.8 0   269.3 0   269.2 0     0.0 0     0.0 0     0.0 0   -73.3 0   -73.3 0    -4.1 0    70.5 0    11.4 0   300.5 0   996.3 0
 1997  74  3 15  1 36  1.600 108.86    -5.2 0     0.1 0     0.0 0     0.3 0   220.9 0   272.3 0   271.2 0   298.6 0   269.3 0   269.2 0     0.0 0     0.0 0     0.0 0   -77.7 0   -77.7 0    -4.1 0    70.3 0    11.5 0   300.8 0   996.3 0
 1997  74  3 15  1 39  1.650 109.42    -5.1 0     0.0 0     0.0 0     0.2 0   234.7 0   272.3 0   271.2 0   299.3 0   269.2 0   269.2 0     0.0 0     0.0 0     0.0 0   -64.6 0   -64.6 0    -4.1 0    70.2 0    11.6 0   301.1 0   996.4 0
 1997  74  3 15  1 42  1.700 109.98    -5.4 0     0.0 0     0.0 0     0.2 0   220.5 0   272.3 0   271.2 0   298.7 0   269.2 0   269.2 0     0.0 0     0.0 0     0.0 0   -78.2 0   -78.2 0    -4.2 0    70.3 0    10.9 0   301.6 0   995.5 0
 1997  74  3 15  1 45  1.750 110.53    -5.5 0     0.0 0     0.0 0     0.2 0   221.0 0   272.3 0   271.2 0   298.4 0   269.2 0   269.2 0     0.0 0     0.0 0     0.0 0   -77.5 0   -77.5 0    -4.1 0    70.4 0     9.3 0   300.2 0   995.7 0
 1997  74  3 15  1 48  1.800 111.08    -5.7 0     0.0 0     0.0 0     0.1 0   234.4 0   272.3 0   271.3 0   299.2 0   269.3 0   269.2 0     0.0 0     0.0 0     0.0 0   -64.8 0   -64.8 0    -4.1 0    71.1 0     9.0 0   297.2 0   996.7 0
 1997  74  3 15  1 51  1.850 111.63    -5.3 0    -0.1 0     0.1 0     0.2 0   247.9 0   272.3 0   271.3 0   300.0 0   269.3 0   269.2 0     0.0 0     0.0 0     0.0 0   -52.1 0   -52.1 0    -4.1 0    71.1 0    10.8 0   298.5 0   996.0 0
 1997  74  3 15  1 54  1.900 112.18    -5.3 0    -0.1 0     0.1 0     0.3 0   255.2 0   272.3 0   271.4 0   300.6 0   269.3 0   269.3 0     0.0 0     0.0 0     0.0 0   -45.4 0   -45.4 0    -4.1 0    71.0 0    10.1 0   297.9 0   996.5 0
 1997  74  3 15  1 57  1.950 112.73    -5.1 0     0.1 0     0.0 0     0.4 0   246.6 0   272.3 0   271.3 0   300.0 0   269.3 0   269.3 0     0.0 0     0.0 0     0.0 0   -53.4 0   -53.4 0    -4.2 0    70.8 0    11.5 0   297.4 0   995.6 0
 1997  74  3 15  2  0  2.000 113.28    -5.2 0     0.2 0    -0.3 0     0.3 0   217.5 0   272.3 0   271.2 0   298.3 0   269.3 0   269.2 0     0.0 0    -0.1 0     0.0 0   -80.8 0   -80.8 0    -4.2 0    70.7 0    10.5 0   298.3 0   996.3 0
 1997  74  3 15  2  3  2.050 113.82    -5.4 0     0.3 0    -0.4 0     0.2 0   207.8 0   272.3 0   271.1 0   297.4 0   269.2 0   269.2 0     0.0 0     0.0 0     0.0 0   -89.6 0   -89.6 0    -4.2 0    70.6 0    11.6 0   296.6 0   996.1 0
 1997  74  3 15  2  6  2.100 114.37    -5.5 0     0.2 0    -0.2 0     0.2 0   216.5 0   272.3 0   271.1 0   297.8 0   269.2 0   269.1 0     0.0 0     0.0 0     0.0 0   -81.3 0   -81.3 0    -4.3 0    70.7 0    10.9 0   294.2 0   996.6 0
 1997  74  3 15  2  9  2.150 114.91    -5.3 0     0.2 0     0.0 0     0.2 0   217.4 0   272.2 0   271.1 0   297.8 0   269.1 0   269.1 0     0.0 0     0.0 0     0.0 0   -80.4 0   -80.4 0    -4.3 0    70.9 0    11.2 0   294.8 0   995.9 0
 1997  74  3 15  2 12  2.200 115.45    -5.2 0     0.3 0    -0.1 0     0.3 0   233.0 0   272.2 0   271.0 0   298.4 0   269.1 0   269.0 0     0.0 0     0.0 0     0.0 0   -65.4 0   -65.4 0    -4.4 0    71.1 0    11.8 0   298.0 0   996.0 0
 1997  74  3 15  2 15  2.250 115.98    -5.1 0     0.3 0    -0.1 0     0.3 0   252.6 0   272.2 0   271.0 0   299.2 0   269.0 0   269.0 0     0.0 0     0.0 0     0.0 0   -46.6 0   -46.6 0    -4.5 0    71.6 0    11.1 0   301.9 0   996.7 0
 1997  74  3 15  2 18  2.300 116.52    -5.5 0     0.2 0    -0.2 0     0.2 0   213.5 0   272.1 0   271.1 0   297.2 0   269.0 0   269.0 0     0.0 0     0.0 0     0.0 0   -83.7 0   -83.7 0    -4.5 0    72.3 0     9.4 0   302.0 0   996.4 0
 1997  74  3 15  2 21  2.350 117.05    -5.2 0     0.1 0    -0.1 0     0.1 0   219.6 0   272.1 0   270.9 0   297.5 0   269.0 0   268.9 0     0.0 0     0.0 0     0.0 0   -77.9 0   -77.9 0    -4.4 0    72.0 0    12.0 0   303.4 0   996.6 0
 1997  74  3 15  2 24  2.400 117.58    -5.2 0     0.0 0     0.0 0     0.1 0   244.9 0   272.1 0   271.0 0   298.8 0   269.0 0   268.9 0     0.0 0    -0.1 0     0.0 0   -53.9 0   -53.9 0    -4.4 0    71.4 0    10.6 0   302.9 0   996.3 0
 1997  74  3 15  2 27  2.450 118.11    -5.4 0    -0.2 0     0.1 0     0.2 0   245.5 0   272.1 0   271.1 0   299.2 0   269.0 0   269.0 0     0.0 0     0.0 0     0.0 0   -53.7 0   -53.7 0    -4.3 0    71.5 0     9.8 0   297.7 0   996.5 0
 1997  74  3 15  2 30  2.500 118.64    -5.2 0    -0.2 0     0.1 0     0.2 0   255.4 0   272.1 0   271.1 0   299.8 0   269.0 0   269.0 0     0.0 0    -0.1 0     0.0 0   -44.4 0   -44.4 0    -4.3 0    70.9 0    11.4 0   298.2 0   997.4 0
 1997  74  3 15  2 33  2.550 119.16    -5.1 0    -0.1 0     0.0 0     0.4 0   234.1 0   272.1 0   271.1 0   298.8 0   269.1 0   269.0 0     0.0 0    -0.1 0     0.0 0   -64.7 0   -64.7 0    -4.3 0    70.7 0    11.4 0   294.7 0   997.9 0
 1997  74  3 15  2 36  2.600 119.68    -5.4 0     0.1 0    -0.3 0     0.3 0   204.2 0   272.1 0   271.0 0   296.9 0   269.1 0   269.0 0     0.0 0    -0.1 0     0.0 0   -92.6 0   -92.6 0    -4.3 0    71.0 0     9.8 0   297.3 0   998.3 0
 1997  74  3 15  2 39  2.650 120.20    -5.3 0     0.3 0    -0.4 0     0.1 0   201.3 0   272.1 0   270.8 0   296.4 0   269.0 0   269.0 0     0.0 0    -0.1 0     0.0 0   -95.1 0   -95.1 0    -4.4 0    70.8 0    12.0 0   300.4 0   999.2 0
 1997  74  3 15  2 42  2.700 120.72    -4.8 0     0.3 0    -0.3 0     0.2 0   199.3 0   272.0 0   270.7 0   296.1 0   269.0 0   268.9 0     0.0 0     0.0 0     0.0 0   -96.8 0   -96.8 0    -4.5 0    70.1 0    12.9 0   303.0 0   998.7 0
 1997  74  3 15  2 45  2.750 121.23    -5.0 0     0.3 0    -0.3 0     0.2 0   197.5 0   271.9 0   270.7 0   295.9 0   268.9 0   268.9 0     0.0 0     0.0 0     0.0 0   -98.5 0   -98.5 0    -4.5 0    69.5 0    12.9 0   302.3 0   999.3 0
 1997  74  3 15  2 48  2.800 121.74    -5.3 0     0.2 0    -0.2 0     0.2 0   196.8 0   271.9 0   270.6 0   295.7 0   268.9 0   268.8 0     0.0 0     0.0 0     0.0 0   -98.9 0   -98.9 0    -4.5 0    69.4 0    12.5 0   301.0 0   999.3 0
 1997  74  3 15  2 51  2.850 122.25    -5.5 0     0.2 0    -0.1 0     0.1 0   198.2 0   271.8 0   270.6 0   295.7 0   268.9 0   268.8 0     0.0 0     0.0 0     0.0 0   -97.5 0   -97.5 0    -4.5 0    69.2 0    12.0 0   304.3 0   998.0 0
 1997  74  3 15  2 54  2.900 122.75    -5.7 0     0.1 0    -0.1 0     0.0 0   203.9 0   271.8 0   270.7 0   295.7 0   268.8 0   268.8 0     0.0 0    -0.1 0     0.0 0   -91.8 0   -91.8 0    -4.5 0    69.5 0    10.3 0   300.7 0   997.9 0
 1997  74  3 15  2 57  2.950 123.25    -5.6 0     0.1 0     0.0 0     0.0 0   203.4 0   271.8 0   270.7 0   295.8 0   268.8 0   268.8 0     0.0 0     0.0 0     0.0 0   -92.4 0   -92.4 0    -4.6 0    69.6 0    11.4 0   303.5 0   998.2 0
 1997  74  3 15  3  0  3.000 123.75    -5.5 0     0.1 0     0.0 0     0.1 0   203.3 0   271.8 0   270.6 0   295.7 0   268.8 0   268.8 0     0.0 0     0.0 0     0.0 0   -92.4 0   -92.4 0    -4.6 0    69.3 0    11.7 0   302.3 0   998.7 0
 1997  74  3 15  3  3  3.050 124.25    -5.3 0     0.1 0     0.0 0     0.1 0   214.6 0   271.7 0   270.6 0   296.3 0   268.8 0   268.7 0     0.0 0     0.0 0     0.0 0   -81.7 0   -81.7 0    -4.6 0    69.5 0    10.7 0   304.5 0   999.0 0
 1997  74  3 15  3  6  3.100 124.74    -5.3 0     0.1 0     0.0 0     0.1 0   224.3 0   271.7 0   270.6 0   296.9 0   268.8 0   268.7 0     0.0 0     0.0 0     0.0 0   -72.7 0   -72.7 0    -4.7 0    69.7 0    10.9 0   301.9 0   997.7 0
 1997  74  3 15  3  9  3.150 125.22    -5.4 0     0.1 0     0.0 0     0.2 0   215.8 0   271.7 0   270.6 0   296.4 0   268.7 0   268.7 0     0.0 0    -0.1 0     0.0 0   -80.6 0   -80.6 0    -4.7 0    70.1 0    10.5 0   300.7 0   998.2 0
 1997  74  3 15  3 12  3.200 125.71    -5.7 0     0.1 0     0.0 0     0.1 0   217.3 0   271.7 0   270.7 0   296.3 0   268.7 0   268.7 0     0.0 0     0.0 0     0.0 0   -79.1 0   -79.1 0    -4.7 0    70.4 0    10.2 0   304.5 0   997.5 0
 1997  74  3 15  3 15  3.250 126.19    -5.5 0     0.1 0     0.0 0     0.1 0   218.1 0   271.7 0   270.6 0   296.3 0   268.7 0   268.7 0     0.0 0     0.0 0     0.0 0   -78.3 0   -78.3 0    -4.7 0    70.4 0    11.3 0   305.6 0   997.1 0
 1997  74  3 15  3 18  3.300 126.66    -5.3 0     0.0 0    -0.1 0     0.1 0   224.5 0   271.7 0   270.6 0   296.7 0   268.7 0   268.7 0     0.0 0     0.0 0     0.0 0   -72.1 0   -72.1 0    -4.7 0    70.2 0    10.6 0   302.8 0   997.5 0
 1997  74  3 15  3 21  3.350 127.13    -5.5 0     0.2 0    -0.1 0     0.1 0   212.6 0   271.7 0   270.6 0   296.1 0   268.7 0   268.7 0     0.0 0     0.0 0     0.0 0   -83.6 0   -83.6 0    -4.7 0    70.4 0    11.0 0   301.6 0   997.3 0
 1997  74  3 15  3 24  3.400 127.60    -5.5 0     0.0 0    -0.1 0     0.0 0   214.2 0   271.7 0   270.6 0   295.9 0   268.7 0   268.7 0     0.0 0    -0.1 0     0.0 0   -81.7 0   -81.7 0    -4.7 0    70.3 0    10.5 0   301.5 0   997.2 0
 1997  74  3 15  3 27  3.450 128.06    -5.4 0     0.1 0     0.0 0     0.1 0   211.8 0   271.7 0   270.6 0   295.8 0   268.7 0   268.6 0     0.0 0    -0.1 0     0.0 0   -84.0 0   -84.0 0    -4.7 0    70.3 0    11.5 0   302.4 0   997.5 0
 1997  74  3 15  3 30  3.500 128.52    -5.5 0     0.1 0    -0.1 0     0.1 0   216.1 0   271.7 0   270.6 0   295.8 0   268.6 0   268.6 0     0.0 0     0.0 0     0.0 0   -79.7 0   -79.7 0    -4.7 0    70.4 0    10.3 0   302.7 0   998.3 0
 1997  74  3 15  3 33  3.550 128.97    -5.6 0     0.0 0     0.0 0     0.1 0   225.2 0   271.7 0   270.7 0   296.3 0   268.6 0   268.6 0     0.0 0    -0.1 0     0.0 0   -71.1 0   -71.1 0    -4.7 0    70.9 0     8.9 0   304.1 0   997.5 0
 1997  74  3 15  3 36  3.600 129.42    -5.6 0     0.0 0     0.0 0    -0.1 0   224.3 0   271.7 0   270.7 0   296.4 0   268.6 0   268.6 0     0.0 0     0.0 0     0.0 0   -72.1 0   -72.1 0    -4.7 0    71.5 0     9.2 0   308.5 0   997.7 0
 1997  74  3 15  3 39  3.650 129.87    -5.4 0     0.1 0    -0.1 0    -0.3 0   208.5 0   271.7 0   270.6 0   295.5 0   268.6 0   268.6 0     0.0 0     0.0 0     0.0 0   -87.0 0   -87.0 0    -4.8 0    71.8 0     9.1 0   307.6 0   997.4 0
 1997  74  3 15  3 42  3.700 130.31    -5.4 0     0.2 0    -0.2 0    -0.3 0   203.6 0   271.7 0   270.5 0   295.1 0   268.6 0   268.6 0     0.0 0     0.0 0     0.0 0   -91.5 0   -91.5 0    -4.9 0    72.2 0    10.5 0   312.2 0   997.6 0
 1997  74  3 15  3 45  3.750 130.74    -5.5 0     0.3 0    -0.1 0    -0.3 0   237.8 0   271.6 0   270.5 0   296.5 0   268.5 0   268.5 0     0.0 0    -0.1 0     0.0 0   -58.7 0   -58.7 0    -4.9 0    72.4 0    10.9 0   306.5 0   997.7 0
 1997  74  3 15  3 48  3.800 131.17    -5.0 0     0.5 0    -0.3 0     0.0 0   277.1 0   271.6 0   270.5 0   297.7 0   268.5 0   268.4 0     0.0 0    -0.1 0     0.0 0   -20.6 0   -20.6 0    -5.2 0    73.3 0    11.0 0   313.0 0   998.0 0
 1997  74  3 15  3 51  3.850 131.59    -4.9 0     0.4 0    -0.2 0     0.2 0   260.1 0   271.5 0   270.5 0   296.6 0   268.3 0   268.3 0     0.0 0     0.0 0     0.0 0   -36.5 0   -36.5 0    -5.2 0    73.8 0    10.5 0   304.0 0   999.0 0
 1997  74  3 15  3 54  3.900 132.01    -5.1 0     0.1 0     0.0 0     0.1 0   251.9 0   271.5 0   270.5 0   296.5 0   268.3 0   268.3 0     0.0 0    -0.1 0     0.0 0   -44.5 0   -44.5 0    -5.1 0    74.0 0    10.1 0   307.8 0   998.5 0
 1997  74  3 15  3 57  3.950 132.42    -5.2 0     0.0 0     0.0 0     0.0 0   254.3 0   271.5 0   270.5 0   296.8 0   268.3 0   268.3 0     0.0 0     0.0 0     0.0 0   -42.6 0   -42.6 0    -5.1 0    74.1 0     9.4 0   310.3 0   998.3 0
 1997  74  3 15  4  0  4.000 132.82    -5.1 0    -0.1 0     0.1 0    -0.1 0   270.3 0   271.5 0   270.6 0   297.7 0   268.3 0   268.3 0     0.0 0     0.0 0     0.0 0   -27.4 0   -27.4 0    -5.1 0    74.1 0     9.6 0   315.0 0   998.1 0
 1997  74  3 15  4  3  4.050 133.22    -4.9 0     0.3 0    -0.2 0     0.1 0   252.8 0   271.5 0   270.5 0   296.3 0   268.3 0   268.3 0     0.0 0     0.0 0     0.0 0   -43.5 0   -43.5 0    -5.2 0    73.9 0    10.5 0   314.0 0   997.8 0
 1997  74  3 15  4  6  4.100 133.62    -5.2 0     0.4 0    -0.7 0    -0.2 0   200.8 0   271.5 0   270.3 0   293.4 0   268.3 0   268.2 0     0.0 0    -0.2 0     0.0 0   -92.6 0   -92.6 0    -5.2 0    73.7 0    10.2 0   314.0 0   997.9 0
 1997  74  3 15  4  9  4.150 134.00    -5.6 0     0.3 0    -0.6 0    -0.4 0   196.0 0   271.4 0   270.3 0   292.6 0   268.2 0   268.1 0     0.0 0    -0.1 0     0.0 0   -96.7 0   -96.7 0    -5.3 0    73.8 0     9.5 0   313.8 0   998.3 0
 1997  74  3 15  4 12  4.200 134.38    -5.3 0     0.3 0    -0.4 0    -0.4 0   195.2 0   271.3 0   270.1 0   292.5 0   268.1 0   268.1 0     0.0 0    -0.1 0     0.0 0   -97.3 0   -97.3 0    -5.4 0    73.9 0    10.4 0   305.6 0   998.0 0
 1997  74  3 15  4 15  4.250 134.75    -5.4 0     0.3 0    -0.2 0    -0.3 0   195.2 0   271.2 0   270.1 0   292.2 0   268.1 0   268.0 0     0.0 0    -0.1 0     0.0 0   -97.0 0   -97.0 0    -5.4 0    73.3 0     9.5 0   304.0 0   998.2 0
 1997  74  3 15  4 18  4.300 135.12    -5.5 0     0.2 0    -0.2 0    -0.2 0   194.0 0   271.2 0   270.0 0   291.9 0   268.0 0   268.0 0     0.0 0    -0.1 0     0.0 0   -97.9 0   -97.9 0    -5.4 0    72.4 0     9.9 0   302.9 0   998.5 0
 1997  74  3 15  4 21  4.350 135.48    -5.7 0     0.2 0    -0.2 0    -0.3 0   193.8 0   271.1 0   270.0 0   292.2 0   268.0 0   267.9 0     0.0 0    -0.1 0     0.0 0   -98.3 0   -98.3 0    -5.4 0    72.2 0     9.7 0   301.7 0   998.0 0
 1997  74  3 15  4 24  4.400 135.83    -5.3 0     0.2 0     0.0 0    -0.2 0   193.7 0   271.1 0   269.9 0   292.2 0   268.0 0   267.9 0     0.0 0     0.0 0     0.0 0   -98.5 0   -98.5 0    -5.4 0    72.2 0    10.7 0   301.8 0   998.2 0
 1997  74  3 15  4 27  4.450 136.17    -5.5 0     0.1 0     0.0 0    -0.2 0   193.7 0   271.0 0   269.9 0   292.1 0   267.9 0   267.9 0     0.0 0     0.0 0     0.0 0   -98.4 0   -98.4 0    -5.5 0    72.2 0    10.0 0   304.4 0   998.1 0
 1997  74  3 15  4 30  4.500 136.51    -5.4 0     0.2 0    -0.1 0    -0.1 0   193.7 0   271.0 0   269.8 0   292.1 0   267.9 0   267.9 0     0.0 0    -0.1 0     0.0 0   -98.4 0   -98.4 0    -5.5 0    72.6 0    10.3 0   301.6 0   997.9 0
 1997  74  3 15  4 33  4.550 136.84    -5.6 0     0.2 0    -0.2 0    -0.1 0   193.1 0   270.9 0   269.8 0   291.5 0   267.9 0   267.8 0     0.0 0     0.0 0     0.0 0   -98.3 0   -98.3 0    -5.6 0    72.8 0    10.0 0   299.0 0   998.0 0
 1997  74  3 15  4 36  4.600 137.16    -5.6 0     0.3 0    -0.2 0    -0.2 0   193.0 0   270.9 0   269.8 0   291.4 0   267.8 0   267.8 0     0.0 0    -0.1 0     0.0 0   -98.3 0   -98.3 0    -5.6 0    72.5 0     9.0 0   299.2 0   998.1 0
 1997  74  3 15  4 39  4.650 137.47    -5.7 0     0.1 0    -0.2 0    -0.3 0   193.2 0   270.9 0   269.8 0   291.3 0   267.8 0   267.7 0     0.0 0    -0.1 0     0.0 0   -98.1 0   -98.1 0    -5.6 0    72.6 0     8.2 0   304.2 0   998.6 0
 1997  74  3 15  4 42  4.700 137.77    -5.7 0     0.1 0     0.0 0    -0.5 0   193.5 0   270.8 0   269.8 0   291.5 0   267.8 0   267.7 0     0.0 0    -0.1 0     0.0 0   -98.0 0   -98.0 0    -5.6 0    72.9 0     9.2 0   305.2 0   998.2 0
 1997  74  3 15  4 45  4.750 138.06    -5.6 0     0.0 0     0.0 0    -0.4 0   194.2 0   270.8 0   269.8 0   291.5 0   267.8 0   267.7 0     0.0 0     0.0 0     0.0 0   -97.3 0   -97.3 0    -5.6 0    72.9 0     8.8 0   305.4 0   998.6 0
 1997  74  3 15  4 48  4.800 138.35    -5.5 0     0.0 0     0.0 0    -0.3 0   195.2 0   270.8 0   269.7 0   291.7 0   267.8 0   267.7 0     0.0 0     0.0 0     0.0 0   -96.5 0   -96.5 0    -5.6 0    72.9 0    10.0 0   299.8 0   998.4 0
 1997  74  3 15  4 51  4.850 138.62    -5.4 0     0.1 0     0.0 0    -0.2 0   195.1 0   270.8 0   269.7 0   291.6 0   267.7 0   267.7 0     0.0 0     0.0 0     0.0 0   -96.6 0   -96.6 0    -5.6 0    72.7 0     9.9 0   299.9 0   998.7 0
 1997  74  3 15  4 54  4.900 138.89    -5.7 0     0.1 0    -0.1 0    -0.2 0   197.7 0   270.8 0   269.7 0   291.7 0   267.7 0   267.7 0     0.0 0     0.0 0     0.0 0   -94.0 0   -94.0 0    -5.6 0    72.7 0     8.9 0   302.4 0   998.3 0
 1997  74  3 15  4 57  4.950 139.15    -5.7 0     0.1 0     0.0 0    -0.3 0   202.5 0   270.8 0   269.8 0   291.9 0   267.7 0   267.7 0     0.0 0     0.0 0     0.0 0   -89.3 0   -89.3 0    -5.6 0    72.8 0     8.5 0   303.0 0   999.2 0
 1997  74  3 15  5  0  5.000 139.39    -5.7 0    -0.1 0     0.0 0    -0.3 0   210.1 0   270.8 0   269.8 0   292.5 0   267.7 0   267.7 0     0.0 0     0.0 0     0.0 0   -82.4 0   -82.4 0    -5.6 0    73.0 0     8.6 0   306.0 0   998.9 0
 1997  74  3 15  5  3  5.050 139.63    -5.5 0    -0.1 0     0.0 0    -0.3 0   218.3 0   270.8 0   269.8 0   293.1 0   267.7 0   267.7 0     0.0 0    -0.1 0     0.0 0   -74.8 0   -74.8 0    -5.6 0    73.0 0     9.1 0   306.5 0  1001.2 0
 1997  74  3 15  5  6  5.100 139.86    -5.3 0    -0.1 0     0.0 0    -0.3 0   223.4 0   270.8 0   269.8 0   293.4 0   267.7 0   267.7 0     0.0 0    -0.1 0     0.0 0   -70.0 0   -70.0 0    -5.6 0    73.0 0     9.9 0   309.1 0  1000.2 0
 1997  74  3 15  5  9  5.150 140.07    -5.2 0     0.1 0     0.0 0    -0.2 0   221.2 0   270.8 0   269.8 0   293.3 0   267.8 0   267.7 0     0.0 0     0.0 0     0.0 0   -72.1 0   -72.1 0    -5.7 0    72.6 0    10.7 0   308.3 0   999.3 0
 1997  74  3 15  5 12  5.200 140.28    -5.1 0     0.1 0     0.0 0    -0.2 0   218.3 0   270.8 0   269.7 0   293.0 0   267.7 0   267.7 0     0.0 0     0.0 0     0.0 0   -74.6 0   -74.6 0    -5.7 0    72.2 0    10.8 0   311.1 0   999.8 0
 1997  74  3 15  5 15  5.250 140.48    -5.4 0     0.1 0     0.0 0    -0.3 0   220.1 0   270.8 0   269.8 0   293.0 0   267.7 0   267.7 0     0.0 0    -0.1 0     0.0 0   -72.8 0   -72.8 0    -5.7 0    72.2 0    10.2 0   314.3 0  1000.9 0
 1997  74  3 15  5 18  5.300 140.66    -5.4 0     0.1 0     0.0 0    -0.3 0   228.1 0   270.8 0   269.8 0   293.4 0   267.7 0   267.7 0     0.0 0    -0.1 0     0.0 0   -65.3 0   -65.3 0    -5.7 0    72.1 0     9.9 0   310.9 0  1000.9 0
 1997  74  3 15  5 21  5.350 140.84    -5.1 0     0.0 0     0.0 0    -0.2 0   229.7 0   270.8 0   269.7 0   293.5 0   267.7 0   267.7 0     0.0 0     0.0 0     0.0 0   -63.8 0   -63.8 0    -5.7 0    72.3 0    10.4 0   306.1 0  1001.5 0
 1997  74  3 15  5 24  5.400 141.00    -5.2 0     0.1 0     0.0 0    -0.1 0   235.1 0   270.8 0   269.8 0   293.8 0   267.7 0   267.7 0     0.0 0    -0.1 0     0.0 0   -58.8 0   -58.8 0    -5.7 0    72.2 0     9.7 0   307.6 0  1001.1 0
 1997  74  3 15  5 27  5.450 141.15    -5.2 0     0.0 0     0.0 0    -0.1 0   238.9 0   270.8 0   269.8 0   294.1 0   267.7 0   267.7 0     0.0 0     0.0 0     0.0 0   -55.2 0   -55.2 0    -5.7 0    72.4 0    10.1 0   307.5 0  1003.8 0
 1997  74  3 15  5 30  5.500 141.29    -5.1 0     0.2 0     0.0 0     0.0 0   231.6 0   270.8 0   269.7 0   293.6 0   267.7 0   267.6 0     0.0 0    -0.1 0     0.0 0   -62.0 0   -62.0 0    -5.8 0    72.4 0    10.5 0   305.2 0  1003.3 0
 1997  74  3 15  5 33  5.550 141.42    -5.3 0     0.3 0    -0.2 0    -0.1 0   215.5 0   270.7 0   269.7 0   292.5 0   267.6 0   267.6 0     0.0 0     0.0 0     0.0 0   -77.0 0   -77.0 0    -5.8 0    72.4 0    10.3 0   307.9 0  1002.4 0
 1997  74  3 15  5 36  5.600 141.54    -5.4 0     0.3 0    -0.2 0    -0.2 0   229.4 0   270.7 0   269.7 0   293.0 0   267.6 0   267.5 0     0.0 0     0.0 0     0.0 0   -63.6 0   -63.6 0    -5.9 0    72.6 0     9.3 0   308.0 0  1004.5 0
 1997  74  3 15  5 39  5.650 141.64    -5.5 0     0.1 0    -0.1 0    -0.3 0   226.6 0   270.7 0   269.8 0   293.0 0   267.6 0   267.5 0     0.0 0    -0.1 0     0.0 0   -66.4 0   -66.4 0    -5.9 0    73.2 0     8.1 0   306.4 0  1001.8 0
 1997  74  3 15  5 42  5.700 141.74    -5.2 0     0.1 0     0.0 0    -0.2 0   226.5 0   270.7 0   269.7 0   292.7 0   267.5 0   267.5 0     0.0 0    -0.1 0     0.0 0   -66.3 0   -66.3 0    -5.9 0    73.1 0    10.2 0   305.8 0  1001.4 0
 1997  74  3 15  5 45  5.750 141.82    -5.3 0     0.1 0    -0.1 0    -0.2 0   218.3 0   270.7 0   269.7 0   292.2 0   267.5 0   267.5 0     0.0 0    -0.1 0     0.0 0   -73.9 0   -73.9 0    -5.9 0    73.0 0     9.2 0   303.3 0  1006.4 0
 1997  74  3 15  5 48  5.800 141.89    -5.5 0     0.2 0    -0.2 0    -0.2 0   202.8 0   270.7 0   269.6 0   291.2 0   267.5 0   267.4 0     0.0 0    -0.1 0     0.0 0   -88.4 0   -88.4 0    -5.9 0    73.0 0     9.5 0   305.2 0  1006.5 0
 1997  74  3 15  5 51  5.850 141.95    -5.4 0     0.3 0    -0.3 0    -0.3 0   195.6 0   270.6 0   269.5 0   290.6 0   267.4 0   267.4 0     0.0 0     0.0 0     0.0 0   -95.0 0   -95.0 0    -6.0 0    73.2 0     9.0 0   301.9 0  1004.7 0
 1997  74  3 15  5 54  5.900 141.99    -5.5 0     0.2 0    -0.2 0    -0.3 0   198.6 0   270.6 0   269.5 0   290.6 0   267.4 0   267.4 0     0.0 0    -0.1 0     0.0 0   -91.9 0   -91.9 0    -6.0 0    73.3 0     9.2 0   303.6 0  1004.5 0
 1997  74  3 15  5 57  5.950 142.03    -5.5 0     0.2 0     0.0 0    -0.3 0   204.8 0   270.6 0   269.5 0   290.8 0   267.4 0   267.3 0     0.0 0     0.0 0     0.0 0   -86.0 0   -86.0 0    -6.1 0    73.4 0     8.7 0   302.3 0  1005.2 0
 1997  74  3 15  6  0  6.000 142.05    -5.5 0     0.2 0     0.0 0    -0.3 0   215.4 0   270.5 0   269.5 0   291.4 0   267.3 0   267.3 0     0.0 0     0.0 0     0.0 0   -76.0 0   -76.0 0    -6.1 0    73.6 0     9.6 0   299.1 0  1002.9 0
 1997  74  3 15  6  3  6.050 142.06    -5.1 0     0.3 0     0.0 0    -0.1 0   226.0 0   270.5 0   269.4 0   291.8 0   267.3 0   267.2 0     0.0 0    -0.1 0     0.0 0   -65.8 0   -65.8 0    -6.2 0    73.5 0     9.8 0   299.1 0  1004.0 0
 1997  74  3 15  6  6  6.100 142.05    -5.1 0     0.2 0     0.0 0     0.0 0   233.9 0   270.5 0   269.4 0   292.2 0   267.3 0   267.2 0     0.0 0     0.0 0     0.0 0   -58.3 0   -58.3 0    -6.2 0    73.6 0     9.7 0   303.9 0  1004.6 0
 1997  74  3 15  6  9  6.150 142.04    -5.1 0     0.2 0     0.0 0     0.1 0   242.1 0   270.4 0   269.4 0   292.7 0   267.2 0   267.2 0     0.0 0     0.0 0     0.0 0   -50.6 0   -50.6 0    -6.2 0    73.7 0     9.3 0   300.5 0  1004.6 0
 1997  74  3 15  6 12  6.200 142.01    -5.2 0     0.1 0     0.0 0     0.0 0   245.8 0   270.4 0   269.5 0   292.9 0   267.2 0   267.2 0     0.0 0    -0.1 0     0.0 0   -47.1 0   -47.1 0    -6.2 0    74.0 0     8.9 0   300.9 0  1005.7 0
 1997  74  3 15  6 15  6.250 141.97    -5.0 0     0.3 0    -0.2 0     0.2 0   247.0 0   270.4 0   269.4 0   292.4 0   267.2 0   267.1 0     0.0 0     0.0 0     0.0 0   -45.4 0   -45.4 0    -6.3 0    74.3 0    10.2 0   296.2 0  1002.9 0
 1997  74  3 15  6 18  6.300 141.92    -5.1 0     0.2 0    -0.1 0     0.2 0   246.3 0   270.4 0   269.4 0   292.5 0   267.1 0   267.1 0     0.0 0    -0.1 0     0.0 0   -46.2 0   -46.2 0    -6.3 0    74.6 0     9.3 0   295.5 0  1007.5 0
 1997  74  3 15  6 21  6.350 141.86    -5.1 0     0.3 0    -0.1 0     0.1 0   242.0 0   270.4 0   269.4 0   292.2 0   267.1 0   267.1 0     0.0 0     0.0 0     0.0 0   -50.2 0   -50.2 0    -6.4 0    74.7 0     9.4 0   300.2 0  1006.7 0
 1997  74  3 15  6 24  6.400 141.78    -5.2 0     0.2 0     0.0 0     0.0 0   239.1 0   270.4 0   269.4 0   292.1 0   267.1 0   267.0 0     0.0 0     0.0 0     0.0 0   -53.0 0   -53.0 0    -6.4 0    75.1 0     7.9 0   300.1 0  1003.6 0
 1997  74  3 15  6 27  6.450 141.69    -5.2 0     0.3 0    -0.2 0     0.0 0   226.4 0   270.4 0   269.4 0   291.0 0   267.1 0   267.0 0     0.0 0     0.0 0     0.0 0   -64.5 0   -64.5 0    -6.5 0    75.1 0     8.5 0   298.5 0  1003.8 0
 1997  74  3 15  6 30  6.500 141.59    -5.2 0     0.3 0    -0.2 0    -0.1 0   234.6 0   270.3 0   269.3 0   291.0 0   267.0 0   267.0 0     0.0 0     0.0 0     0.0 0   -56.4 0   -56.4 0    -6.5 0    75.3 0     9.3 0   294.7 0  1002.8 0
 1997  74  3 15  6 33  6.550 141.48    -5.3 0     0.3 0     0.0 0     0.0 0   233.7 0   270.3 0   269.4 0   290.9 0   267.0 0   266.9 0     0.0 0     0.0 0     0.0 0   -57.2 0   -57.2 0    -6.5 0    75.4 0     8.2 0   292.8 0   998.5 0
 1997  74  3 15  6 36  6.600 141.36    -5.3 0     0.3 0    -0.1 0     0.0 0   214.5 0   270.3 0   269.3 0   289.8 0   266.9 0   266.9 0     0.0 0     0.0 0     0.0 0   -75.3 0   -75.3 0    -6.5 0    75.7 0     8.2 0   291.0 0   998.3 0
 1997  74  3 15  6 39  6.650 141.22    -5.3 0     0.2 0    -0.2 0    -0.1 0   203.7 0   270.3 0   269.2 0   289.1 0   266.9 0   266.9 0     0.0 0     0.0 0     0.0 0   -85.5 0   -85.5 0    -6.5 0    75.7 0     9.2 0   297.5 0  1000.9 0
 1997  74  3 15  6 42  6.700 141.08    -5.5 0     0.1 0    -0.1 0    -0.4 0   210.2 0   270.2 0   269.2 0   289.6 0   266.9 0   266.9 0     0.0 0     0.0 0     0.0 0   -79.4 0   -79.4 0    -6.5 0    75.8 0     8.4 0   306.1 0  1003.2 0
 1997  74  3 15  6 45  6.750 140.92    -5.2 0     0.2 0     0.0 0    -0.4 0   222.2 0   270.2 0   269.2 0   290.0 0   266.9 0   266.8 0     0.0 0     0.0 0     0.0 0   -67.9 0   -67.9 0    -6.5 0    75.7 0     8.3 0   304.6 0  1002.5 0
 1997  74  3 15  6 48  6.800 140.75    -5.2 0     0.1 0     0.0 0    -0.3 0   240.6 0   270.2 0   269.2 0   291.1 0   266.9 0   266.8 0     0.0 0    -0.1 0     0.0 0   -50.4 0   -50.4 0    -6.6 0    75.8 0     8.6 0   300.0 0  1001.1 0
 1997  74  3 15  6 51  6.850 140.57    -5.0 0     0.0 0     0.1 0    -0.1 0   263.1 0   270.2 0   269.3 0   292.5 0   266.8 0   266.8 0     0.0 0    -0.1 0     0.0 0   -29.4 0   -29.4 0    -6.5 0    76.0 0     8.3 0   296.9 0  1002.0 0
