 Bondville
   40.05  -88.37  213 m version 1
 2003 141  5 21  0  0  0.000  78.74   143.2 0    50.4 0   494.3 0    60.8 0   302.9 0   296.4 0   295.5 0 -9999.9 1   291.4 0   291.5 0     6.4 0    63.3 0   107.0 0 -9999.9 1 -9999.9 1    18.0 0    38.9 0     7.6 0   359.7 0   997.9 0
 2003 141  5 21  0  3  0.050  79.28   137.1 0    49.0 0   493.7 0    59.4 0   296.8 0   296.3 0   295.4 0 -9999.9 1   291.4 0   291.4 0     5.9 0    60.6 0   102.2 0 -9999.9 1 -9999.9 1    17.9 0    39.6 0     6.9 0     7.2 0   998.0 0
 2003 141  5 21  0  6  0.100  79.82   127.1 0    46.1 0   472.2 0    58.0 0   296.7 0   296.2 0   295.2 0 -9999.9 1   291.3 0   291.4 0     5.4 0    56.9 0    95.4 0 -9999.9 1 -9999.9 1    17.9 0    38.1 0     7.4 0     4.1 0   998.0 0
 2003 141  5 21  0  9  0.150  80.37   118.3 0    43.5 0   457.7 0    55.2 0   296.2 0   296.0 0   295.1 0 -9999.9 1   291.2 0   291.3 0     5.0 0    52.9 0    88.3 0 -9999.9 1 -9999.9 1    17.8 0    36.6 0     7.4 0     2.4 0   998.1 0
 2003 141  5 21  0 12  0.200  80.90   108.8 0    40.6 0   442.1 0    52.4 0   296.3 0   295.9 0   295.1 0 -9999.9 1   291.2 0   291.2 0     4.5 0    49.2 0    81.6 0 -9999.9 1 -9999.9 1    17.8 0    38.8 0     5.8 0    11.3 0   998.1 0
 2003 141  5 21  0 15  0.250  81.44    99.5 0    37.8 0   423.1 0    49.5 0   296.4 0   295.8 0   295.0 0 -9999.9 1   291.1 0   291.1 0     4.1 0    45.4 0    74.7 0 -9999.9 1 -9999.9 1    17.8 0    38.2 0     6.8 0    15.1 0   998.2 0
 2003 141  5 21  0 18  0.300  81.98    90.2 0    35.1 0   401.1 0    47.0 0   295.7 0   295.6 0   294.7 0 -9999.9 1   291.1 0   291.1 0     3.7 0    41.5 0    68.0 0 -9999.9 1 -9999.9 1    17.7 0    38.1 0     7.3 0    12.9 0   998.2 0
 2003 141  5 21  0 21  0.350  82.51    81.2 0    32.4 0   378.6 0    44.5 0   295.7 0   295.5 0   294.6 0 -9999.9 1   291.0 0   291.0 0     3.3 0    37.7 0    61.4 0 -9999.9 1 -9999.9 1    17.7 0    39.6 0     6.9 0    12.7 0   998.1 0
 2003 141  5 21  0 24  0.400  83.04    72.2 0    29.5 0   350.4 0    42.0 0   295.6 0   295.3 0   294.5 0 -9999.9 1   290.9 0   290.9 0     2.9 0    33.6 0    54.9 0 -9999.9 1 -9999.9 1    17.6 0    40.3 0     7.0 0     5.6 0   998.1 0
 2003 141  5 21  0 27  0.450  83.57    65.1 0    27.3 0   335.4 0    39.5 0   295.7 0   295.2 0   294.3 0 -9999.9 1   290.8 0   290.9 0     2.6 0    30.3 0    49.8 0 -9999.9 1 -9999.9 1    17.5 0    41.0 0     6.7 0     0.6 0   998.2 0
 2003 141  5 21  0 30  0.500  84.09    57.8 0    24.9 0   312.8 0    37.3 0   295.4 0   295.0 0   294.2 0 -9999.9 1   290.7 0   290.8 0     2.3 0    26.9 0    44.5 0 -9999.9 1 -9999.9 1    17.4 0    41.3 0     6.7 0     3.6 0   998.2 0
 2003 141  5 21  0 33  0.550  84.61    50.7 0    22.4 0   285.1 0    35.2 0   295.1 0   294.9 0   294.1 0 -9999.9 1   290.6 0   290.7 0     2.0 0    23.8 0    39.6 0 -9999.9 1 -9999.9 1    17.3 0    43.6 0     5.4 0     0.9 0   998.2 0
 2003 141  5 21  0 36  0.600  85.13    43.9 0    19.8 0   255.4 0    32.9 0   295.0 0   294.7 0   293.9 0 -9999.9 1   290.5 0   290.5 0     1.8 0    20.8 0    34.9 0 -9999.9 1 -9999.9 1    17.1 0    44.8 0     5.3 0   357.4 0   998.2 0
 2003 141  5 21  0 39  0.650  85.64    38.1 0    17.5 0   230.7 0    30.6 0   295.0 0   294.5 0   293.8 0 -9999.9 1   290.4 0   290.4 0     1.6 0    18.4 0    30.7 0 -9999.9 1 -9999.9 1    17.1 0    44.6 0     5.8 0   359.1 0   998.3 0
 2003 141  5 21  0 42  0.700  86.15    31.6 0    15.3 0   208.4 0    28.0 0   295.2 0   294.3 0   293.5 0 -9999.9 1   290.3 0   290.3 0     1.4 0    15.9 0    26.7 0 -9999.9 1 -9999.9 1    17.0 0    43.8 0     6.0 0     2.3 0   998.2 0
 2003 141  5 21  0 45  0.750  86.65    24.3 0    13.6 0   189.5 0    25.1 0   294.5 0   294.1 0   293.4 0 -9999.9 1   290.2 0   290.2 0     1.2 0    13.7 0    22.6 0 -9999.9 1 -9999.9 1    16.9 0    44.5 0     5.9 0     2.0 0   998.2 0
 2003 141  5 21  0 48  0.800  87.15    17.5 0    11.5 0   164.4 0    22.4 0   295.0 0   293.9 0   293.2 0 -9999.9 1   290.1 0   290.1 0     1.0 0    11.7 0    19.1 0 -9999.9 1 -9999.9 1    16.9 0    43.6 0     6.1 0     2.7 0   998.2 0
 2003 141  5 21  0 51  0.850  87.64    13.1 0     9.7 0   129.5 0    19.6 0   294.1 0   293.8 0   293.0 0 -9999.9 1   290.0 0   290.0 0     0.9 0     9.7 0    15.3 0 -9999.9 1 -9999.9 1    16.8 0    45.1 0     5.7 0     1.3 0   998.2 0
 2003 141  5 21  0 54  0.900  88.11    10.2 0     7.8 0    95.3 0    16.7 0   294.0 0   293.6 0   292.8 0 -9999.9 1   289.9 0   289.9 0     0.8 0     7.9 0    12.1 0 -9999.9 1 -9999.9 1    16.6 0    46.1 0     5.3 0     0.1 0   998.2 0
 2003 141  5 21  0 57  0.950  88.58     7.7 0     6.1 0    67.0 0    14.0 0   293.3 0   293.3 0   292.6 0 -9999.9 1   289.8 0   289.7 0     0.7 0     6.4 0     9.5 0 -9999.9 1 -9999.9 1    16.4 0    46.6 0     5.2 0   360.0 0   998.2 0
 2003 141  5 21  1  0  1.000  89.02     5.3 0     4.7 0    41.7 0    11.4 0   293.0 0   293.1 0   292.4 0 -9999.9 1   289.6 0   289.6 0     0.6 0     5.0 0     7.4 0 -9999.9 1 -9999.9 1    16.3 0    46.6 0     5.1 0   359.3 0   998.2 0
 2003 141  5 21  1  3  1.050  89.44     3.4 0     3.6 0    19.4 0     9.1 0   292.5 0   292.9 0   292.2 0 -9999.9 1   289.5 0   289.4 0     0.5 0     3.9 0     5.6 0 -9999.9 1 -9999.9 1    16.2 0    47.8 0     4.9 0   356.2 0   998.3 0
 2003 141  5 21  1  6  1.100  89.82     1.5 0     2.7 0     3.9 0     7.0 0   292.1 0   292.6 0   291.9 0 -9999.9 1   289.3 0   289.3 0     0.4 0     3.0 0     4.3 0 -9999.9 1 -9999.9 1    16.0 0    48.4 0     5.0 0   357.0 0   998.3 0
 2003 141  5 21  1  9  1.150  91.02    -0.1 0     2.0 0    -2.6 0     5.2 0   292.2 0   292.4 0   291.7 0 -9999.9 1   289.2 0   289.1 0     0.0 0     2.3 0     3.3 0 -9999.9 1 -9999.9 1    15.9 0    48.8 0     4.7 0   356.2 0   998.3 0
 2003 141  5 21  1 12  1.200  91.53    -1.5 0     1.5 0    -2.8 0     3.8 0   292.6 0   292.1 0   291.4 0 -9999.9 1   289.1 0   289.0 0     0.0 0     1.6 0     2.2 0 -9999.9 1 -9999.9 1    15.8 0    50.0 0     4.3 0   358.3 0   998.3 0
 2003 141  5 21  1 15  1.250  92.03    -2.4 0     1.3 0    -2.5 0     2.8 0   292.4 0   291.9 0   291.2 0 -9999.9 1   288.9 0   288.9 0     0.0 0     1.1 0     1.5 0 -9999.9 1 -9999.9 1    15.6 0    50.6 0     4.2 0   360.0 0   998.4 0
 2003 141  5 21  1 18  1.300  92.53    -3.3 0     1.0 0    -2.5 0     1.9 0   292.2 0   291.6 0   291.0 0 -9999.9 1   288.8 0   288.7 0     0.0 0     0.7 0     0.9 0 -9999.9 1 -9999.9 1    15.6 0    50.9 0     4.1 0   358.4 0   998.4 0
 2003 141  5 21  1 21  1.350  93.03    -3.9 0     0.7 0    -2.6 0     1.2 0   291.7 0   291.4 0   290.7 0 -9999.9 1   288.7 0   288.6 0     0.0 0     0.5 0     0.5 0 -9999.9 1 -9999.9 1    15.4 0    52.1 0     3.8 0   359.5 0   998.4 0
 2003 141  5 21  1 24  1.400  93.53    -4.2 0     0.6 0    -2.8 0     0.8 0   291.2 0   291.1 0   290.5 0 -9999.9 1   288.5 0   288.5 0     0.0 0     0.3 0     0.1 0 -9999.9 1 -9999.9 1    15.3 0    52.3 0     4.0 0     2.6 0   998.4 0
 2003 141  5 21  1 27  1.450  94.03    -4.3 0     0.5 0    -2.8 0     0.6 0   291.2 0   290.9 0   290.3 0 -9999.9 1   288.4 0   288.3 0     0.0 0     0.1 0     0.1 0 -9999.9 1 -9999.9 1    15.3 0    52.0 0     4.4 0     1.8 0   998.4 0
 2003 141  5 21  1 30  1.500  94.52    -4.4 0     0.4 0    -2.8 0     0.4 0   291.0 0   290.7 0   290.1 0 -9999.9 1   288.3 0   288.2 0     0.0 0     0.1 0     0.0 0 -9999.9 1 -9999.9 1    15.2 0    52.3 0     4.4 0     3.3 0   998.5 0
 2003 141  5 21  1 33  1.550  95.01    -4.5 0     0.2 0    -2.3 0     0.3 0   290.5 0   290.5 0   289.9 0 -9999.9 1   288.2 0   288.1 0     0.0 0     0.0 0     0.1 0 -9999.9 1 -9999.9 1    15.2 0    52.0 0     4.2 0     5.0 0   998.5 0
 2003 141  5 21  1 36  1.600  95.50    -4.5 0     0.2 0    -2.0 0     0.2 0   289.7 0   290.3 0   289.7 0 -9999.9 1   288.1 0   288.1 0     0.0 0     0.0 0     0.0 0 -9999.9 1 -9999.9 1    15.1 0    52.6 0     3.8 0     7.3 0   998.6 0
 2003 141  5 21  1 39  1.650  95.98    -4.5 0     0.1 0    -2.0 0     0.2 0   289.3 0   290.1 0   289.5 0 -9999.9 1   288.0 0   288.0 0     0.0 0     0.0 0     0.1 0 -9999.9 1 -9999.9 1    15.2 0    52.6 0     3.7 0     7.6 0   998.6 0
 2003 141  5 21  1 42  1.700  96.46    -4.5 0     0.1 0    -2.0 0     0.2 0   288.8 0   289.9 0   289.4 0 -9999.9 1   288.0 0   287.9 0     0.0 0     0.0 0     0.0 0 -9999.9 1 -9999.9 1    15.1 0    53.4 0     3.7 0     7.5 0   998.7 0
 2003 141  5 21  1 45  1.750  96.94    -4.4 0     0.3 0    -2.0 0     0.2 0   288.3 0   289.8 0   289.2 0 -9999.9 1   287.9 0   287.8 0     0.0 0     0.0 0     0.0 0 -9999.9 1 -9999.9 1    14.9 0    54.4 0     3.6 0     8.5 0   998.7 0
 2003 141  5 21  1 48  1.800  97.42    -4.4 0     0.2 0    -2.0 0     0.3 0   288.0 0   289.6 0   289.1 0 -9999.9 1   287.8 0   287.7 0     0.0 0     0.0 0     0.0 0 -9999.9 1 -9999.9 1    14.8 0    54.7 0     3.7 0     8.8 0   998.7 0
 2003 141  5 21  1 51  1.850  97.89    -4.3 0     0.2 0    -2.1 0     0.3 0   287.5 0   289.4 0   288.9 0 -9999.9 1   287.7 0   287.6 0     0.0 0     0.0 0     0.0 0 -9999.9 1 -9999.9 1    14.8 0    54.9 0     3.6 0     8.2 0   998.7 0
 2003 141  5 21  1 54  1.900  98.36    -4.2 0     0.0 0    -2.2 0     0.3 0   286.9 0   289.3 0   288.7 0 -9999.9 1   287.6 0   287.5 0     0.0 0     0.0 0     0.0 0 -9999.9 1 -9999.9 1    14.8 0    54.9 0     3.7 0    11.6 0   998.7 0
 2003 141  5 21  1 57  1.950  98.83    -4.3 0    -0.1 0    -2.2 0     0.2 0   286.8 0   289.1 0   288.5 0 -9999.9 1   287.5 0   287.5 0     0.0 0     0.0 0     0.0 0 -9999.9 1 -9999.9 1    14.7 0    54.8 0     3.7 0    14.1 0   998.7 0
 2003 141  5 21  2  0  2.000  99.29    -4.3 0    -0.2 0    -2.2 0     0.2 0   286.7 0   288.9 0   288.4 0 -9999.9 1   287.4 0   287.4 0     0.0 0     0.0 0     0.0 0 -9999.9 1 -9999.9 1    14.7 0    55.0 0     3.7 0    15.1 0   998.7 0
 2003 141  5 21  2  3  2.050  99.75    -4.3 0    -0.1 0    -2.0 0     0.2 0   286.6 0   288.7 0   288.2 0 -9999.9 1   287.4 0   287.3 0     0.0 0     0.0 0     0.0 0 -9999.9 1 -9999.9 1    14.6 0    56.3 0     3.6 0    15.4 0   998.8 0
 2003 141  5 21  2  6  2.100 100.21    -4.3 0     0.0 0    -1.8 0     0.2 0   286.9 0   288.6 0   288.0 0 -9999.9 1   287.3 0   287.3 0     0.0 0     0.0 0     0.0 0 -9999.9 1 -9999.9 1    14.5 0    57.0 0     3.7 0    14.1 0   998.8 0
 2003 141  5 21  2  9  2.150 100.67    -4.2 0     0.0 0    -1.7 0     0.2 0   286.7 0   288.4 0   287.9 0 -9999.9 1   287.2 0   287.2 0     0.0 0     0.0 0     0.0 0 -9999.9 1 -9999.9 1    14.4 0    57.8 0     3.8 0    18.7 0   998.9 0
 2003 141  5 21  2 12  2.200 101.12    -4.3 0     0.2 0    -1.6 0     0.2 0   286.7 0   288.3 0   287.8 0 -9999.9 1   287.1 0   287.1 0     0.0 0     0.0 0     0.0 0 -9999.9 1 -9999.9 1    14.2 0    58.7 0     3.9 0    18.5 0   998.9 0
 2003 141  5 21  2 15  2.250 101.56    -4.4 0     0.0 0    -1.6 0     0.2 0   286.8 0   288.1 0   287.6 0 -9999.9 1   287.0 0   287.0 0     0.0 0     0.0 0     0.0 0 -9999.9 1 -9999.9 1    14.1 0    58.6 0     4.1 0    14.5 0   998.9 0
 2003 141  5 21  2 18  2.300 102.01    -4.6 0     0.0 0    -1.5 0     0.2 0   286.5 0   288.0 0   287.5 0 -9999.9 1   287.0 0   286.9 0     0.0 0     0.0 0     0.0 0 -9999.9 1 -9999.9 1    14.1 0    58.5 0     4.2 0    13.4 0   998.9 0
 2003 141  5 21  2 21  2.350 102.45    -4.7 0    -0.2 0    -1.1 0     0.3 0   286.6 0   287.9 0   287.4 0 -9999.9 1   286.9 0   286.9 0     0.0 0     0.0 0     0.0 0 -9999.9 1 -9999.9 1    14.1 0    57.9 0     4.5 0    11.3 0   999.0 0
 2003 141  5 21  2 24  2.400 102.89    -4.8 0     0.1 0    -0.8 0     0.2 0   286.7 0   287.9 0   287.4 0 -9999.9 1   286.9 0   286.8 0     0.0 0     0.0 0     0.0 0 -9999.9 1 -9999.9 1    14.0 0    59.3 0     4.4 0    15.0 0   999.0 0
 2003 141  5 21  2 27  2.450 103.32    -5.0 0     0.4 0    -0.8 0     0.2 0   288.1 0   287.8 0   287.3 0 -9999.9 1   286.8 0   286.7 0     0.0 0     0.0 0     0.0 0 -9999.9 1 -9999.9 1    13.7 0    61.4 0     4.7 0    21.8 0   999.2 0
 2003 141  5 21  2 30  2.500 103.75    -5.1 0     0.1 0    -0.4 0     0.2 0   289.0 0   287.7 0   287.3 0 -9999.9 1   286.7 0   286.6 0     0.0 0     0.0 0     0.0 0 -9999.9 1 -9999.9 1    13.6 0    60.8 0     5.3 0    27.0 0   999.2 0
 2003 141  5 21  2 33  2.550 104.17    -5.5 0    -0.1 0     0.8 0     0.2 0   289.2 0   287.7 0   287.3 0 -9999.9 1   286.6 0   286.6 0     0.0 0     0.0 0     0.0 0 -9999.9 1 -9999.9 1    13.7 0    60.9 0     5.2 0    29.0 0   999.2 0
 2003 141  5 21  2 36  2.600 104.59    -5.6 0     0.1 0     0.8 0     0.2 0   289.0 0   287.8 0   287.3 0 -9999.9 1   286.6 0   286.5 0     0.0 0     0.0 0     0.0 0 -9999.9 1 -9999.9 1    13.6 0    62.5 0     4.6 0    27.0 0   999.3 0
 2003 141  5 21  2 39  2.650 105.01    -5.6 0     0.6 0     0.1 0     0.2 0   288.9 0   287.8 0   287.3 0 -9999.9 1   286.5 0   286.4 0     0.0 0     0.0 0     0.0 0 -9999.9 1 -9999.9 1    13.2 0    65.0 0     4.5 0    30.2 0   999.3 0
 2003 141  5 21  2 42  2.700 105.42    -5.5 0     0.1 0     0.0 0     0.2 0   289.0 0   287.8 0   287.3 0 -9999.9 1   286.4 0   286.3 0     0.0 0     0.0 0     0.0 0 -9999.9 1 -9999.9 1    13.3 0    64.9 0     4.3 0    31.1 0   999.3 0
 2003 141  5 21  2 45  2.750 105.83    -5.4 0     0.0 0     0.0 0     0.2 0   289.1 0   287.8 0   287.3 0 -9999.9 1   286.3 0   286.3 0     0.0 0     0.0 0     0.0 0 -9999.9 1 -9999.9 1    13.4 0    65.0 0     3.9 0    36.1 0   999.4 0
 2003 141  5 21  2 48  2.800 106.24    -5.4 0     0.1 0     0.0 0     0.1 0   288.9 0   287.8 0   287.3 0 -9999.9 1   286.2 0   286.2 0     0.0 0     0.0 0     0.0 0 -9999.9 1 -9999.9 1    13.2 0    66.9 0     3.5 0    41.4 0   999.5 0
 2003 141  5 21  2 51  2.850 106.64    -5.4 0    -0.4 0     0.0 0     0.0 0   289.5 0   287.8 0   287.3 0 -9999.9 1   286.2 0   286.2 0     0.0 0     0.0 0     0.0 0 -9999.9 1 -9999.9 1    13.3 0    66.1 0     4.3 0    51.9 0   999.5 0
 2003 141  5 21  2 54  2.900 107.04    -5.8 0    -0.8 0     1.1 0     0.0 0   289.9 0   287.8 0   287.3 0 -9999.9 1   286.2 0   286.2 0     0.0 0     0.0 0     0.0 0 -9999.9 1 -9999.9 1    13.6 0    64.7 0     4.9 0    57.1 0   999.6 0
 2003 141  5 21  2 57  2.950 107.43    -5.9 0    -0.8 0     2.2 0     0.0 0   290.1 0   287.8 0   287.3 0 -9999.9 1   286.2 0   286.3 0     0.0 0     0.0 0     0.0 0 -9999.9 1 -9999.9 1    13.7 0    64.6 0     5.3 0    59.0 0   999.7 0
 2003 141  5 21  3  0  3.000 107.81    -6.0 0    -0.7 0     2.3 0     0.1 0   289.3 0   287.9 0   287.4 0 -9999.9 1   286.3 0   286.3 0     0.0 0     0.0 0     0.0 0 -9999.9 1 -9999.9 1    13.7 0    64.2 0     5.4 0    57.0 0   999.7 0
 2003 141  5 21  3  3  3.050 108.20    -6.1 0    -0.6 0     2.1 0     0.1 0   288.9 0   287.9 0   287.5 0 -9999.9 1   286.3 0   286.4 0     0.0 0     0.0 0     0.0 0 -9999.9 1 -9999.9 1    13.7 0    64.3 0     5.4 0    58.0 0   999.8 0
 2003 141  5 21  3  6  3.100 108.58    -6.2 0    -0.4 0     1.7 0     0.1 0   288.7 0   288.0 0   287.5 0 -9999.9 1   286.4 0   286.4 0     0.0 0     0.0 0     0.0 0 -9999.9 1 -9999.9 1    13.6 0    64.6 0     5.0 0    59.2 0   999.8 0
 2003 141  5 21  3  9  3.150 108.95    -6.2 0    -0.1 0     1.5 0     0.0 0   288.2 0   288.1 0   287.6 0 -9999.9 1   286.4 0   286.3 0     0.0 0     0.0 0     0.0 0 -9999.9 1 -9999.9 1    13.5 0    65.9 0     4.8 0    60.5 0   999.8 0
 2003 141  5 21  3 12  3.200 109.32    -6.2 0     0.0 0     0.9 0     0.0 0   287.7 0   288.1 0   287.6 0 -9999.9 1   286.3 0   286.3 0     0.0 0     0.0 0     0.0 0 -9999.9 1 -9999.9 1    13.3 0    66.5 0     4.8 0    60.8 0   999.9 0
 2003 141  5 21  3 15  3.250 109.68    -6.2 0    -0.2 0     0.9 0     0.0 0   287.3 0   288.2 0   287.6 0 -9999.9 1   286.3 0   286.2 0     0.0 0     0.0 0     0.0 0 -9999.9 1 -9999.9 1    13.3 0    65.9 0     5.2 0    61.0 0  1000.0 0
 2003 141  5 21  3 18  3.300 110.04    -6.1 0    -0.3 0     0.8 0     0.0 0   287.0 0   288.2 0   287.7 0 -9999.9 1   286.2 0   286.2 0     0.0 0     0.0 0     0.0 0 -9999.9 1 -9999.9 1    13.3 0    64.9 0     5.6 0    62.5 0  1000.0 0
 2003 141  5 21  3 21  3.350 110.39    -6.2 0    -0.4 0     1.3 0     0.0 0   286.8 0   288.3 0   287.7 0 -9999.9 1   286.2 0   286.2 0     0.0 0     0.0 0     0.0 0 -9999.9 1 -9999.9 1    13.4 0    64.1 0     6.0 0    60.8 0  1000.0 0
 2003 141  5 21  3 24  3.400 110.74    -6.2 0    -0.1 0     1.3 0     0.0 0   286.2 0   288.3 0   287.7 0 -9999.9 1   286.2 0   286.2 0     0.0 0     0.0 0     0.0 0 -9999.9 1 -9999.9 1    13.3 0    64.2 0     6.1 0    58.6 0  1000.1 0
 2003 141  5 21  3 27  3.450 111.08    -6.2 0     0.0 0     0.7 0     0.0 0   285.8 0   288.3 0   287.7 0 -9999.9 1   286.2 0   286.2 0     0.0 0     0.0 0     0.0 0 -9999.9 1 -9999.9 1    13.2 0    64.1 0     6.2 0    58.3 0  1000.1 0
 2003 141  5 21  3 30  3.500 111.42    -6.2 0    -0.2 0     0.3 0     0.0 0   285.4 0   288.4 0   287.7 0 -9999.9 1   286.2 0   286.2 0     0.0 0     0.0 0     0.0 0 -9999.9 1 -9999.9 1    13.2 0    63.8 0     6.4 0    59.8 0  1000.1 0
 2003 141  5 21  3 33  3.550 111.75    -6.1 0     0.0 0     0.1 0     0.0 0   285.0 0   288.4 0   287.8 0 -9999.9 1   286.2 0   286.1 0     0.0 0     0.0 0     0.0 0 -9999.9 1 -9999.9 1    13.1 0    64.8 0     5.6 0    62.7 0  1000.2 0
 2003 141  5 21  3 36  3.600 112.08    -6.1 0     0.3 0     0.0 0     0.0 0   284.5 0   288.4 0   287.8 0 -9999.9 1   286.1 0   286.0 0     0.0 0     0.0 0     0.0 0 -9999.9 1 -9999.9 1    12.9 0    66.0 0     5.1 0    60.3 0  1000.2 0
 2003 141  5 21  3 39  3.650 112.40    -6.0 0     0.3 0    -0.7 0     0.0 0   283.5 0   288.4 0   287.8 0 -9999.9 1   286.0 0   285.9 0     0.0 0     0.0 0     0.0 0 -9999.9 1 -9999.9 1    12.8 0    66.9 0     4.7 0    58.5 0  1000.2 0
 2003 141  5 21  3 42  3.700 112.72    -6.0 0     0.1 0    -1.1 0     0.0 0   283.4 0   288.3 0   287.7 0 -9999.9 1   285.9 0   285.9 0     0.0 0     0.0 0     0.0 0 -9999.9 1 -9999.9 1    12.8 0    65.6 0     6.0 0    58.7 0  1000.2 0
 2003 141  5 21  3 45  3.750 113.03    -6.1 0    -0.2 0    -0.1 0    -0.1 0   283.1 0   288.3 0   287.7 0 -9999.9 1   285.9 0   285.9 0     0.0 0     0.0 0     0.0 0 -9999.9 1 -9999.9 1    12.9 0    65.3 0     5.6 0    59.1 0  1000.2 0
 2003 141  5 21  3 48  3.800 113.33    -6.0 0     0.1 0    -0.3 0     0.0 0   282.6 0   288.3 0   287.7 0 -9999.9 1   285.8 0   285.8 0     0.0 0     0.0 0     0.0 0 -9999.9 1 -9999.9 1    12.8 0    65.7 0     5.6 0    61.5 0  1000.2 0
 2003 141  5 21  3 51  3.850 113.63    -6.0 0     0.2 0    -0.6 0     0.0 0   282.1 0   288.2 0   287.6 0 -9999.9 1   285.8 0   285.7 0     0.0 0     0.0 0     0.0 0 -9999.9 1 -9999.9 1    12.6 0    66.3 0     5.3 0    61.3 0  1000.2 0
 2003 141  5 21  3 54  3.900 113.92    -6.0 0     0.1 0    -0.7 0    -0.1 0   281.8 0   288.2 0   287.6 0 -9999.9 1   285.7 0   285.7 0     0.0 0     0.0 0     0.0 0 -9999.9 1 -9999.9 1    12.6 0    65.7 0     5.6 0    59.7 0  1000.2 0
 2003 141  5 21  3 57  3.950 114.21    -6.0 0     0.2 0    -0.6 0    -0.1 0   281.0 0   288.2 0   287.5 0 -9999.9 1   285.6 0   285.6 0     0.0 0     0.0 0     0.0 0 -9999.9 1 -9999.9 1    12.5 0    66.4 0     5.2 0    61.1 0  1000.3 0
 2003 141  5 21  4  0  4.000 114.49    -6.0 0     0.2 0    -0.8 0     0.0 0   280.6 0   288.1 0   287.5 0 -9999.9 1   285.6 0   285.5 0     0.0 0     0.0 0     0.0 0 -9999.9 1 -9999.9 1    12.4 0    67.0 0     4.8 0    60.5 0  1000.3 0
 2003 141  5 21  4  3  4.050 114.76    -6.0 0     0.1 0    -0.9 0    -0.1 0   280.4 0   288.1 0   287.4 0 -9999.9 1   285.5 0   285.5 0     0.0 0     0.0 0     0.0 0 -9999.9 1 -9999.9 1    12.4 0    66.2 0     5.1 0    58.9 0  1000.3 0
 2003 141  5 21  4  6  4.100 115.03    -5.9 0     0.1 0    -1.0 0     0.0 0   279.7 0   288.0 0   287.4 0 -9999.9 1   285.4 0   285.4 0     0.0 0     0.0 0     0.0 0 -9999.9 1 -9999.9 1    12.3 0    66.6 0     4.5 0    57.7 0  1000.2 0
 2003 141  5 21  4  9  4.150 115.29    -5.9 0     0.2 0    -1.4 0    -0.1 0   279.3 0   287.9 0   287.3 0 -9999.9 1   285.4 0   285.3 0     0.0 0     0.0 0     0.0 0 -9999.9 1 -9999.9 1    12.2 0    67.2 0     4.4 0    58.0 0  1000.2 0
 2003 141  5 21  4 12  4.200 115.54    -5.8 0     0.2 0    -1.5 0     0.0 0   278.9 0   287.9 0   287.3 0 -9999.9 1   285.3 0   285.2 0     0.0 0     0.0 0     0.0 0 -9999.9 1 -9999.9 1    12.1 0    67.4 0     4.3 0    56.1 0  1000.2 0
 2003 141  5 21  4 15  4.250 115.79    -5.8 0     0.2 0    -1.5 0     0.0 0   278.8 0   287.8 0   287.2 0 -9999.9 1   285.2 0   285.1 0     0.0 0     0.0 0     0.0 0 -9999.9 1 -9999.9 1    12.0 0    67.9 0     4.2 0    56.7 0  1000.2 0
 2003 141  5 21  4 18  4.300 116.03    -5.8 0     0.2 0    -1.4 0     0.0 0   278.6 0   287.7 0   287.1 0 -9999.9 1   285.1 0   285.0 0     0.0 0     0.0 0     0.0 0 -9999.9 1 -9999.9 1    11.9 0    68.1 0     4.1 0    56.7 0  1000.2 0
 2003 141  5 21  4 21  4.350 116.26    -5.7 0     0.2 0    -1.4 0     0.0 0   278.3 0   287.6 0   287.0 0 -9999.9 1   285.0 0   285.0 0     0.0 0     0.0 0     0.0 0 -9999.9 1 -9999.9 1    11.8 0    68.3 0     4.1 0    55.6 0  1000.2 0
 2003 141  5 21  4 24  4.400 116.49    -5.6 0     0.3 0    -1.5 0     0.0 0   277.9 0   287.5 0   286.9 0 -9999.9 1   284.9 0   284.9 0     0.0 0     0.0 0     0.0 0 -9999.9 1 -9999.9 1    11.7 0    69.1 0     3.5 0    57.9 0  1000.3 0
 2003 141  5 21  4 27  4.450 116.71    -5.6 0     0.0 0    -1.3 0     0.0 0   278.1 0   287.4 0   286.8 0 -9999.9 1   284.8 0   284.8 0     0.0 0     0.0 0     0.0 0 -9999.9 1 -9999.9 1    11.7 0    68.6 0     4.2 0    59.2 0  1000.3 0
 2003 141  5 21  4 30  4.500 116.93    -5.6 0    -0.1 0    -0.8 0     0.0 0   277.9 0   287.3 0   286.8 0 -9999.9 1   284.8 0   284.7 0     0.0 0     0.0 0     0.0 0 -9999.9 1 -9999.9 1    11.8 0    67.8 0     4.4 0    58.4 0  1000.3 0
 2003 141  5 21  4 33  4.550 117.13    -5.7 0    -0.1 0    -0.8 0     0.0 0   277.4 0   287.3 0   286.7 0 -9999.9 1   284.7 0   284.7 0     0.0 0     0.0 0     0.0 0 -9999.9 1 -9999.9 1    11.7 0    67.8 0     4.6 0    55.7 0  1000.3 0
 2003 141  5 21  4 36  4.600 117.33    -5.6 0     0.1 0    -0.8 0     0.0 0   277.0 0   287.2 0   286.6 0 -9999.9 1   284.7 0   284.6 0     0.0 0     0.0 0     0.0 0 -9999.9 1 -9999.9 1    11.7 0    68.3 0     4.2 0    51.5 0  1000.2 0
 2003 141  5 21  4 39  4.650 117.53    -5.5 0     0.2 0    -1.0 0     0.0 0   276.8 0   287.1 0   286.5 0 -9999.9 1   284.6 0   284.6 0     0.0 0     0.0 0     0.0 0 -9999.9 1 -9999.9 1    11.5 0    69.1 0     4.4 0    47.8 0  1000.3 0
 2003 141  5 21  4 42  4.700 117.71    -5.5 0     0.1 0    -1.3 0    -0.1 0   276.6 0   287.1 0   286.5 0 -9999.9 1   284.5 0   284.5 0     0.0 0     0.0 0     0.0 0 -9999.9 1 -9999.9 1    11.5 0    68.9 0     4.3 0    49.7 0  1000.3 0
 2003 141  5 21  4 45  4.750 117.89    -5.6 0    -0.1 0    -1.0 0     0.0 0   276.7 0   287.0 0   286.4 0 -9999.9 1   284.5 0   284.5 0     0.0 0     0.0 0     0.0 0 -9999.9 1 -9999.9 1    11.5 0    68.3 0     4.4 0    52.3 0  1000.3 0
 2003 141  5 21  4 48  4.800 118.06    -5.6 0    -0.2 0    -0.6 0     0.0 0   276.7 0   286.9 0   286.3 0 -9999.9 1   284.5 0   284.4 0     0.0 0     0.0 0     0.0 0 -9999.9 1 -9999.9 1    11.5 0    67.1 0     4.7 0    52.9 0  1000.3 0
 2003 141  5 21  4 51  4.850 118.22    -5.7 0    -0.2 0    -0.3 0     0.0 0   276.6 0   286.8 0   286.3 0 -9999.9 1   284.4 0   284.4 0     0.0 0     0.0 0     0.0 0 -9999.9 1 -9999.9 1    11.5 0    66.8 0     4.7 0    53.7 0  1000.4 0
 2003 141  5 21  4 54  4.900 118.38    -5.8 0    -0.6 0     0.6 0    -0.1 0   277.0 0   286.8 0   286.2 0 -9999.9 1   284.4 0   284.5 0     0.0 0     0.0 0     0.0 0 -9999.9 1 -9999.9 1    11.6 0    65.1 0     5.6 0    55.0 0  1000.4 0
 2003 141  5 21  4 57  4.950 118.52    -5.9 0    -0.5 0     0.7 0     0.0 0   276.8 0   286.8 0   286.2 0 -9999.9 1   284.5 0   284.5 0     0.0 0     0.0 0     0.0 0 -9999.9 1 -9999.9 1    11.7 0    64.9 0     5.4 0    59.1 0  1000.5 0
 2003 141  5 21  5  0  5.000 118.67    -6.0 0    -0.4 0     0.6 0     0.1 0   276.6 0   286.8 0   286.2 0 -9999.9 1   284.5 0   284.5 0     0.0 0     0.0 0     0.0 0 -9999.9 1 -9999.9 1    11.6 0    64.4 0     5.8 0    55.9 0  1000.4 0
 2003 141  5 21  5  3  5.050 118.80    -6.0 0    -0.1 0     0.5 0     0.0 0   276.2 0   286.8 0   286.2 0 -9999.9 1   284.5 0   284.5 0     0.0 0     0.0 0     0.0 0 -9999.9 1 -9999.9 1    11.5 0    65.4 0     4.7 0    55.8 0  1000.5 0
 2003 141  5 21  5  6  5.100 118.92    -6.0 0     0.1 0     0.1 0     0.0 0   276.1 0   286.7 0   286.2 0 -9999.9 1   284.4 0   284.4 0     0.0 0     0.0 0     0.0 0 -9999.9 1 -9999.9 1    11.4 0    65.8 0     4.6 0    55.5 0  1000.5 0
 2003 141  5 21  5  9  5.150 119.04    -6.0 0    -0.1 0     0.0 0     0.0 0   275.9 0   286.7 0   286.2 0 -9999.9 1   284.4 0   284.4 0     0.0 0     0.0 0     0.0 0 -9999.9 1 -9999.9 1    11.4 0    65.3 0     4.9 0    56.9 0  1000.6 0
 2003 141  5 21  5 12  5.200 119.15    -6.0 0    -0.2 0    -0.3 0    -0.1 0   275.6 0   286.7 0   286.1 0 -9999.9 1   284.4 0   284.3 0     0.0 0     0.0 0     0.0 0 -9999.9 1 -9999.9 1    11.4 0    65.0 0     5.1 0    58.3 0  1000.6 0
 2003 141  5 21  5 15  5.250 119.25    -5.9 0     0.0 0    -0.4 0     0.0 0   275.1 0   286.7 0   286.1 0 -9999.9 1   284.3 0   284.3 0     0.0 0     0.0 0     0.0 0 -9999.9 1 -9999.9 1    11.3 0    65.5 0     4.8 0    58.0 0  1000.6 0
 2003 141  5 21  5 18  5.300 119.34    -5.9 0     0.0 0    -0.5 0     0.0 0   274.8 0   286.7 0   286.1 0 -9999.9 1   284.3 0   284.3 0     0.0 0     0.0 0     0.0 0 -9999.9 1 -9999.9 1    11.3 0    65.7 0     4.8 0    56.5 0  1000.5 0
 2003 141  5 21  5 21  5.350 119.43    -5.9 0     0.0 0    -0.6 0     0.0 0   274.5 0   286.6 0   286.0 0 -9999.9 1   284.2 0   284.2 0     0.0 0     0.0 0     0.0 0 -9999.9 1 -9999.9 1    11.2 0    65.9 0     4.6 0    57.3 0  1000.6 0
 2003 141  5 21  5 24  5.400 119.51    -5.9 0     0.1 0    -0.4 0     0.0 0   274.3 0   286.6 0   286.0 0 -9999.9 1   284.2 0   284.1 0     0.0 0     0.0 0     0.0 0 -9999.9 1 -9999.9 1    11.1 0    66.3 0     4.3 0    62.8 0  1000.6 0
 2003 141  5 21  5 27  5.450 119.58    -5.9 0     0.1 0    -0.2 0     0.0 0   273.9 0   286.6 0   286.0 0 -9999.9 1   284.1 0   284.1 0     0.0 0     0.0 0     0.0 0 -9999.9 1 -9999.9 1    11.0 0    66.2 0     4.8 0    60.2 0  1000.6 0
 2003 141  5 21  5 30  5.500 119.64    -6.0 0     0.1 0    -0.3 0     0.1 0   273.6 0   286.5 0   285.9 0 -9999.9 1   284.1 0   284.0 0     0.0 0     0.0 0     0.0 0 -9999.9 1 -9999.9 1    11.0 0    66.1 0     4.6 0    60.3 0  1000.6 0
 2003 141  5 21  5 33  5.550 119.69    -5.9 0    -0.1 0    -0.2 0     0.0 0   273.7 0   286.5 0   285.9 0 -9999.9 1   284.0 0   284.0 0     0.0 0     0.0 0     0.0 0 -9999.9 1 -9999.9 1    11.0 0    65.4 0     4.6 0    59.0 0  1000.6 0
 2003 141  5 21  5 36  5.600 119.74    -5.9 0    -0.3 0     0.1 0     0.0 0   273.7 0   286.5 0   285.9 0 -9999.9 1   284.0 0   284.0 0     0.0 0     0.0 0     0.0 0 -9999.9 1 -9999.9 1    11.1 0    64.3 0     5.2 0    59.2 0  1000.6 0
 2003 141  5 21  5 39  5.650 119.78    -6.0 0    -0.1 0     0.2 0     0.0 0   273.4 0   286.4 0   285.9 0 -9999.9 1   284.0 0   284.0 0     0.0 0     0.0 0     0.0 0 -9999.9 1 -9999.9 1    11.0 0    65.1 0     4.8 0    59.0 0  1000.6 0
 2003 141  5 21  5 42  5.700 119.81    -6.0 0     0.1 0    -0.2 0     0.0 0   273.2 0   286.4 0   285.8 0 -9999.9 1   283.9 0   283.9 0     0.0 0     0.0 0     0.0 0 -9999.9 1 -9999.9 1    10.9 0    65.6 0     4.9 0    57.8 0  1000.6 0
 2003 141  5 21  5 45  5.750 119.83    -5.9 0     0.0 0    -0.7 0     0.0 0   272.8 0   286.4 0   285.8 0 -9999.9 1   283.9 0   283.9 0     0.0 0     0.0 0     0.0 0 -9999.9 1 -9999.9 1    10.9 0    65.5 0     4.8 0    57.6 0  1000.6 0
 2003 141  5 21  5 48  5.800 119.84    -6.0 0     0.0 0    -0.6 0     0.0 0   272.9 0   286.3 0   285.7 0 -9999.9 1   283.9 0   283.8 0     0.0 0     0.0 0     0.0 0 -9999.9 1 -9999.9 1    10.8 0    65.8 0     4.5 0    57.6 0  1000.6 0
 2003 141  5 21  5 51  5.850 119.85    -5.9 0    -0.1 0    -0.5 0     0.0 0   272.9 0   286.3 0   285.7 0 -9999.9 1   283.8 0   283.8 0     0.0 0     0.0 0     0.0 0 -9999.9 1 -9999.9 1    10.8 0    65.4 0     5.2 0    56.7 0  1000.5 0
 2003 141  5 21  5 54  5.900 119.84    -5.9 0    -0.1 0    -0.5 0     0.0 0   272.6 0   286.3 0   285.7 0 -9999.9 1   283.8 0   283.8 0     0.0 0     0.0 0     0.0 0 -9999.9 1 -9999.9 1    10.8 0    65.8 0     5.0 0    57.1 0  1000.5 0
 2003 141  5 21  5 57  5.950 119.83    -5.9 0    -0.1 0    -0.5 0     0.0 0   272.3 0   286.2 0   285.6 0 -9999.9 1   283.8 0   283.7 0     0.0 0     0.0 0     0.0 0 -9999.9 1 -9999.9 1    10.8 0    65.6 0     5.0 0    56.3 0  1000.5 0
 2003 141  5 21  6  0  6.000 119.81    -5.8 0    -0.1 0    -0.5 0     0.0 0   272.2 0   286.2 0   285.6 0 -9999.9 1   283.7 0   283.7 0     0.0 0     0.0 0     0.0 0 -9999.9 1 -9999.9 1    10.8 0    65.7 0     5.0 0    57.5 0  1000.5 0
 2003 141  5 21  6  3  6.050 119.78    -5.8 0     0.1 0    -0.5 0     0.0 0   272.2 0   286.1 0   285.5 0 -9999.9 1   283.7 0   283.7 0     0.0 0     0.0 0     0.0 0 -9999.9 1 -9999.9 1    10.6 0    66.8 0     4.3 0    59.6 0  1000.5 0
 2003 141  5 21  6  6  6.100 119.75    -5.9 0     0.1 0    -0.5 0     0.0 0   271.9 0   286.1 0   285.5 0 -9999.9 1   283.6 0   283.6 0     0.0 0     0.0 0     0.0 0 -9999.9 1 -9999.9 1    10.5 0    67.3 0     4.3 0    59.6 0  1000.5 0
 2003 141  5 21  6  9  6.150 119.70    -5.7 0     0.1 0    -0.9 0     0.0 0   271.4 0   286.0 0   285.5 0 -9999.9 1   283.6 0   283.5 0     0.0 0     0.0 0     0.0 0 -9999.9 1 -9999.9 1    10.5 0    67.4 0     4.4 0    56.6 0  1000.5 0
 2003 141  5 21  6 12  6.200 119.65    -5.7 0     0.1 0    -0.9 0     0.0 0   271.3 0   286.0 0   285.4 0 -9999.9 1   283.5 0   283.5 0     0.0 0     0.0 0     0.0 0 -9999.9 1 -9999.9 1    10.4 0    67.6 0     4.4 0    59.1 0  1000.4 0
 2003 141  5 21  6 15  6.250 119.59    -5.8 0     0.1 0    -0.7 0     0.0 0   270.8 0   285.9 0   285.3 0 -9999.9 1   283.5 0   283.4 0     0.0 0     0.0 0     0.0 0 -9999.9 1 -9999.9 1    10.4 0    68.1 0     4.3 0    56.0 0  1000.3 0
 2003 141  5 21  6 18  6.300 119.52    -5.6 0     0.0 0    -0.8 0     0.0 0   270.7 0   285.9 0   285.3 0 -9999.9 1   283.4 0   283.4 0     0.0 0     0.0 0     0.0 0 -9999.9 1 -9999.9 1    10.3 0    67.9 0     4.5 0    57.0 0  1000.3 0
 2003 141  5 21  6 21  6.350 119.45    -5.7 0    -0.1 0    -0.9 0     0.1 0   270.6 0   285.8 0   285.2 0 -9999.9 1   283.3 0   283.3 0     0.0 0    -0.1 0     0.0 0 -9999.9 1 -9999.9 1    10.3 0    68.2 0     4.2 0    57.8 0  1000.3 0
 2003 141  5 21  6 24  6.400 119.37    -5.8 0     0.0 0    -0.5 0     0.1 0   270.5 0   285.7 0   285.2 0 -9999.9 1   283.3 0   283.3 0     0.0 0    -0.1 0     0.0 0 -9999.9 1 -9999.9 1    10.3 0    68.0 0     4.3 0    57.6 0  1000.4 0
 2003 141  5 21  6 27  6.450 119.27    -5.7 0    -0.1 0    -0.4 0     0.1 0   270.3 0   285.7 0   285.1 0 -9999.9 1   283.3 0   283.2 0     0.0 0    -0.1 0     0.0 0 -9999.9 1 -9999.9 1    10.3 0    68.1 0     4.4 0    57.9 0  1000.4 0
 2003 141  5 21  6 30  6.500 119.17    -5.7 0    -0.3 0    -0.3 0     0.0 0   270.4 0   285.6 0   285.1 0 -9999.9 1   283.2 0   283.2 0     0.0 0     0.1 0     0.0 0 -9999.9 1 -9999.9 1    10.4 0    66.7 0     4.7 0    56.9 0  1000.5 0
 2003 141  5 21  6 33  6.550 119.07    -5.8 0    -0.2 0    -0.1 0     0.0 0   270.2 0   285.6 0   285.0 0 -9999.9 1   283.2 0   283.2 0     0.0 0     0.0 0     0.0 0 -9999.9 1 -9999.9 1    10.3 0    66.6 0     4.5 0    56.7 0  1000.5 0
 2003 141  5 21  6 36  6.600 118.95    -5.8 0    -0.2 0    -0.3 0     0.0 0   270.1 0   285.6 0   285.0 0 -9999.9 1   283.2 0   283.2 0     0.0 0     0.0 0     0.0 0 -9999.9 1 -9999.9 1    10.3 0    66.1 0     4.7 0    58.0 0  1000.5 0
 2003 141  5 21  6 39  6.650 118.83    -5.7 0    -0.2 0    -0.1 0     0.0 0   269.9 0   285.5 0   285.0 0 -9999.9 1   283.2 0   283.2 0     0.0 0     0.0 0     0.0 0 -9999.9 1 -9999.9 1    10.3 0    66.1 0     4.4 0    57.8 0  1000.5 0
 2003 141  5 21  6 42  6.700 118.70    -5.8 0    -0.2 0    -0.3 0     0.0 0   269.7 0   285.5 0   284.9 0 -9999.9 1   283.2 0   283.2 0     0.0 0     0.0 0     0.0 0 -9999.9 1 -9999.9 1    10.3 0    65.9 0     4.6 0    57.7 0  1000.4 0
 2003 141  5 21  6 45  6.750 118.56    -5.9 0    -0.1 0     0.1 0     0.0 0   269.6 0   285.5 0   284.9 0 -9999.9 1   283.1 0   283.1 0     0.0 0     0.0 0     0.0 0 -9999.9 1 -9999.9 1    10.2 0    65.9 0     4.5 0    56.1 0  1000.4 0
 2003 141  5 21  6 48  6.800 118.41    -5.9 0    -0.3 0     0.1 0     0.1 0   269.2 0   285.4 0   284.9 0 -9999.9 1   283.1 0   283.1 0     0.0 0     0.0 0     0.0 0 -9999.9 1 -9999.9 1    10.3 0    65.3 0     4.9 0    54.1 0  1000.4 0
 2003 141  5 21  6 51  6.850 118.26    -5.7 0    -0.2 0    -0.1 0     0.0 0   269.0 0   285.4 0   284.9 0 -9999.9 1   283.1 0   283.1 0     0.0 0     0.0 0     0.0 0 -9999.9 1 -9999.9 1    10.2 0    65.6 0     4.8 0    53.6 0  1000.4 0
 2003 141  5 21  6 54  6.900 118.10    -5.8 0    -0.2 0    -0.2 0     0.1 0   268.8 0   285.4 0   284.8 0 -9999.9 1   283.1 0   283.1 0     0.0 0     0.0 0     0.0 0 -9999.9 1 -9999.9 1    10.2 0    65.4 0     4.7 0    52.2 0  1000.4 0
 2003 141  5 21  6 57  6.950 117.93    -5.7 0     0.0 0    -0.4 0     0.0 0   268.5 0   285.4 0   284.8 0 -9999.9 1   283.1 0   283.1 0     0.0 0     0.0 0     0.0 0 -9999.9 1 -9999.9 1    10.1 0    66.5 0     4.3 0    50.3 0  1000.4 0
 2003 141  5 21  7  0  7.000 117.75    -5.6 0    -0.1 0    -0.5 0     0.0 0   268.5 0   285.3 0   284.8 0 -9999.9 1   283.0 0   283.0 0     0.0 0     0.0 0     0.0 0 -9999.9 1 -9999.9 1    10.1 0    66.4 0     4.6 0    51.4 0  1000.5 0
 2003 141  5 21  7  3  7.050 117.57    -5.6 0    -0.2 0    -0.4 0     0.0 0   268.4 0   285.3 0   284.7 0 -9999.9 1   283.0 0   283.0 0     0.0 0     0.0 0     0.0 0 -9999.9 1 -9999.9 1    10.1 0    66.4 0     4.3 0    50.3 0  1000.6 0
 2003 141  5 21  7  6  7.100 117.38    -5.5 0    -0.1 0    -0.5 0     0.1 0   267.9 0   285.2 0   284.7 0 -9999.9 1   283.0 0   282.9 0     0.0 0    -0.1 0     0.0 0 -9999.9 1 -9999.9 1    10.0 0    66.9 0     4.3 0    48.7 0  1000.5 0
 2003 141  5 21  7  9  7.150 117.18    -5.5 0    -0.1 0    -0.8 0     0.0 0   267.5 0   285.2 0   284.6 0 -9999.9 1   282.9 0   282.9 0     0.0 0     0.0 0     0.0 0 -9999.9 1 -9999.9 1    10.0 0    66.9 0     4.7 0    47.6 0  1000.5 0
 2003 141  5 21  7 12  7.200 116.98    -5.4 0    -0.2 0    -0.8 0     0.0 0   267.1 0   285.1 0   284.6 0 -9999.9 1   282.9 0   282.9 0     0.0 0     0.0 0     0.0 0 -9999.9 1 -9999.9 1     9.9 0    67.3 0     4.5 0    47.3 0  1000.5 0
 2003 141  5 21  7 15  7.250 116.76    -5.5 0    -0.1 0    -0.7 0     0.0 0   267.0 0   285.1 0   284.5 0 -9999.9 1   282.8 0   282.8 0     0.0 0     0.0 0     0.0 0 -9999.9 1 -9999.9 1     9.9 0    67.4 0     4.6 0    47.8 0  1000.5 0
 2003 141  5 21  7 18  7.300 116.54    -5.5 0     0.1 0    -0.6 0     0.0 0   266.5 0   285.0 0   284.4 0 -9999.9 1   282.8 0   282.8 0     0.0 0     0.0 0     0.0 0 -9999.9 1 -9999.9 1     9.8 0    68.3 0     4.3 0    43.0 0  1000.5 0
 2003 141  5 21  7 21  7.350 116.32    -5.3 0     0.3 0    -1.1 0     0.0 0   265.9 0   285.0 0   284.4 0 -9999.9 1   282.7 0   282.7 0     0.0 0     0.0 0     0.0 0 -9999.9 1 -9999.9 1     9.6 0    69.6 0     3.8 0    36.9 0  1000.5 0
 2003 141  5 21  7 24  7.400 116.09    -5.2 0     0.4 0    -1.2 0     0.1 0   265.6 0   284.9 0   284.3 0 -9999.9 1   282.6 0   282.6 0     0.0 0     0.0 0     0.0 0 -9999.9 1 -9999.9 1     9.4 0    70.8 0     3.7 0    28.9 0  1000.5 0
 2003 141  5 21  7 27  7.450 115.85    -5.0 0     0.6 0    -1.4 0     0.2 0   265.3 0   284.8 0   284.2 0 -9999.9 1   282.5 0   282.4 0     0.0 0     0.0 0     0.0 0 -9999.9 1 -9999.9 1     9.2 0    72.8 0     4.0 0    23.5 0  1000.5 0
 2003 141  5 21  7 30  7.500 115.60    -4.9 0     0.7 0    -1.5 0     0.1 0   264.6 0   284.7 0   284.1 0 -9999.9 1   282.4 0   282.3 0     0.0 0     0.1 0     0.0 0 -9999.9 1 -9999.9 1     8.9 0    74.7 0     4.1 0    21.7 0  1000.5 0
 2003 141  5 21  7 33  7.550 115.35    -4.9 0     0.8 0    -1.6 0     0.1 0   264.5 0   284.6 0   284.0 0 -9999.9 1   282.2 0   282.1 0     0.0 0     0.0 0     0.0 0 -9999.9 1 -9999.9 1     8.8 0    76.1 0     4.3 0    17.8 0  1000.6 0
 2003 141  5 21  7 36  7.600 115.09    -5.0 0     0.7 0    -1.5 0     0.2 0   264.3 0   284.5 0   283.9 0 -9999.9 1   282.1 0   282.0 0     0.0 0     0.0 0     0.0 0 -9999.9 1 -9999.9 1     8.7 0    76.8 0     4.4 0    17.4 0  1000.6 0
 2003 141  5 21  7 39  7.650 114.82    -4.9 0     0.4 0    -1.3 0     0.2 0   264.3 0   284.4 0   283.8 0 -9999.9 1   281.9 0   281.9 0     0.0 0     0.0 0     0.0 0 -9999.9 1 -9999.9 1     8.7 0    76.1 0     4.4 0    21.9 0  1000.7 0
 2003 141  5 21  7 42  7.700 114.55    -5.1 0     0.4 0    -1.0 0     0.1 0   263.8 0   284.3 0   283.7 0 -9999.9 1   281.9 0   281.8 0     0.0 0     0.0 0     0.0 0 -9999.9 1 -9999.9 1     8.7 0    75.9 0     4.5 0    29.6 0  1000.7 0
 2003 141  5 21  7 45  7.750 114.27    -5.2 0     0.2 0    -0.8 0     0.1 0   263.2 0   284.2 0   283.7 0 -9999.9 1   281.8 0   281.8 0     0.0 0     0.0 0     0.0 0 -9999.9 1 -9999.9 1     8.7 0    75.8 0     4.8 0    34.5 0  1000.6 0
 2003 141  5 21  7 48  7.800 113.99    -5.2 0     0.2 0    -0.8 0     0.0 0   262.4 0   284.2 0   283.6 0 -9999.9 1   281.7 0   281.7 0     0.0 0     0.0 0     0.0 0 -9999.9 1 -9999.9 1     8.6 0    75.9 0     4.7 0    35.8 0  1000.7 0
 2003 141  5 21  7 51  7.850 113.70    -5.2 0     0.0 0    -0.4 0     0.1 0   261.8 0   284.1 0   283.5 0 -9999.9 1   281.7 0   281.7 0     0.0 0     0.0 0     0.0 0 -9999.9 1 -9999.9 1     8.7 0    75.2 0     4.7 0    36.5 0  1000.7 0
 2003 141  5 21  7 54  7.900 113.40    -5.3 0     0.0 0    -0.4 0     0.0 0   261.3 0   284.0 0   283.5 0 -9999.9 1   281.7 0   281.7 0     0.0 0     0.0 0     0.0 0 -9999.9 1 -9999.9 1     8.7 0    75.1 0     4.5 0    34.9 0  1000.7 0
 2003 141  5 21  7 57  7.950 113.10    -5.3 0     0.1 0    -0.4 0     0.0 0   260.8 0   284.0 0   283.4 0 -9999.9 1   281.6 0   281.6 0     0.0 0     0.0 0     0.0 0 -9999.9 1 -9999.9 1     8.6 0    75.3 0     4.4 0    33.3 0  1000.8 0
 2003 141  5 21  8  0  8.000 112.79    -5.2 0     0.2 0    -0.5 0     0.1 0   260.3 0   283.9 0   283.4 0 -9999.9 1   281.6 0   281.6 0     0.0 0     0.0 0     0.0 0 -9999.9 1 -9999.9 1     8.6 0    75.6 0     4.1 0    29.4 0  1000.8 0
 2003 141  5 21  8  3  8.050 112.48    -5.2 0     0.4 0    -0.8 0     0.1 0   259.9 0   283.9 0   283.3 0 -9999.9 1   281.5 0   281.5 0     0.0 0     0.0 0     0.0 0 -9999.9 1 -9999.9 1     8.5 0    76.4 0     3.8 0    28.3 0  1000.8 0
 2003 141  5 21  8  6  8.100 112.16    -5.0 0     0.3 0    -1.2 0     0.1 0   259.9 0   283.8 0   283.3 0 -9999.9 1   281.4 0   281.4 0     0.0 0     0.0 0     0.0 0 -9999.9 1 -9999.9 1     8.4 0    76.3 0     3.8 0    29.3 0  1000.8 0
 2003 141  5 21  8  9  8.150 111.83    -4.9 0     0.3 0    -1.2 0     0.1 0   259.7 0   283.7 0   283.2 0 -9999.9 1   281.4 0   281.4 0     0.0 0     0.0 0     0.0 0 -9999.9 1 -9999.9 1     8.3 0    76.3 0     3.9 0    29.2 0  1000.8 0
 2003 141  5 21  8 12  8.200 111.50    -4.7 0     0.3 0    -1.2 0     0.1 0   259.5 0   283.6 0   283.1 0 -9999.9 1   281.3 0   281.3 0     0.0 0    -0.1 0     0.0 0 -9999.9 1 -9999.9 1     8.3 0    76.2 0     4.0 0    28.8 0  1000.8 0
 2003 141  5 21  8 15  8.250 111.16    -4.8 0     0.3 0    -1.2 0     0.1 0   259.2 0   283.5 0   283.0 0 -9999.9 1   281.2 0   281.2 0     0.0 0     0.0 0     0.0 0 -9999.9 1 -9999.9 1     8.2 0    76.8 0     4.0 0    24.3 0  1000.8 0
 2003 141  5 21  8 18  8.300 110.82    -4.8 0     0.3 0    -1.2 0     0.1 0   259.2 0   283.4 0   282.9 0 -9999.9 1   281.2 0   281.2 0     0.0 0     0.0 0     0.0 0 -9999.9 1 -9999.9 1     8.1 0    76.9 0     4.0 0    25.7 0  1000.8 0
 2003 141  5 21  8 21  8.350 110.47    -4.8 0     0.3 0    -1.2 0     0.1 0   259.1 0   283.4 0   282.8 0 -9999.9 1   281.1 0   281.1 0     0.0 0     0.0 0     0.0 0 -9999.9 1 -9999.9 1     8.0 0    77.6 0     3.9 0    27.0 0  1000.8 0
 2003 141  5 21  8 24  8.400 110.12    -4.7 0     0.3 0    -1.2 0     0.1 0   258.9 0   283.3 0   282.7 0 -9999.9 1   281.0 0   281.0 0     0.0 0     0.0 0     0.0 0 -9999.9 1 -9999.9 1     8.0 0    77.9 0     3.8 0    28.3 0  1000.7 0
 2003 141  5 21  8 27  8.450 109.77    -4.7 0     0.4 0    -1.2 0     0.1 0   258.6 0   283.2 0   282.7 0 -9999.9 1   281.0 0   280.9 0     0.0 0     0.0 0     0.0 0 -9999.9 1 -9999.9 1     7.8 0    78.8 0     3.7 0    25.2 0  1000.8 0
 2003 141  5 21  8 30  8.500 109.40    -4.6 0     0.3 0    -1.2 0     0.1 0   258.6 0   283.1 0   282.6 0 -9999.9 1   280.9 0   280.8 0     0.0 0     0.0 0     0.0 0 -9999.9 1 -9999.9 1     7.8 0    78.5 0     3.7 0    25.6 0  1000.8 0
 2003 141  5 21  8 33  8.550 109.04    -4.7 0     0.2 0    -1.1 0     0.1 0   258.7 0   283.0 0   282.5 0 -9999.9 1   280.8 0   280.8 0     0.0 0     0.0 0     0.0 0 -9999.9 1 -9999.9 1     7.8 0    78.4 0     3.8 0    22.6 0  1000.9 0
 2003 141  5 21  8 36  8.600 108.66    -4.6 0     0.1 0    -1.0 0     0.1 0   258.5 0   282.9 0   282.4 0 -9999.9 1   280.8 0   280.8 0     0.0 0     0.0 0     0.0 0 -9999.9 1 -9999.9 1     7.8 0    78.0 0     3.9 0    22.6 0  1000.9 0
 2003 141  5 21  8 39  8.650 108.29    -4.7 0     0.1 0    -0.7 0     0.1 0   258.2 0   282.9 0   282.4 0 -9999.9 1   280.7 0   280.7 0     0.0 0     0.0 0     0.0 0 -9999.9 1 -9999.9 1     7.8 0    78.2 0     3.9 0    22.6 0  1000.8 0
 2003 141  5 21  8 42  8.700 107.90    -4.8 0     0.1 0    -0.5 0     0.1 0   258.2 0   282.8 0   282.3 0 -9999.9 1   280.7 0   280.7 0     0.0 0     0.0 0     0.0 0 -9999.9 1 -9999.9 1     7.8 0    78.3 0     4.0 0    24.0 0  1000.8 0
 2003 141  5 21  8 45  8.750 107.52    -4.8 0     0.2 0    -0.4 0     0.0 0   257.9 0   282.8 0   282.2 0 -9999.9 1   280.6 0   280.6 0     0.0 0     0.0 0     0.0 0 -9999.9 1 -9999.9 1     7.7 0    78.6 0     3.7 0    27.1 0  1000.7 0
 2003 141  5 21  8 48  8.800 107.13    -4.8 0     0.2 0    -0.4 0     0.1 0   257.8 0   282.7 0   282.2 0 -9999.9 1   280.6 0   280.6 0     0.0 0     0.0 0     0.0 0 -9999.9 1 -9999.9 1     7.7 0    78.4 0     3.7 0    30.7 0  1000.8 0
 2003 141  5 21  8 51  8.850 106.73    -4.7 0     0.1 0    -0.4 0     0.1 0   257.6 0   282.6 0   282.1 0 -9999.9 1   280.6 0   280.6 0     0.0 0     0.0 0     0.0 0 -9999.9 1 -9999.9 1     7.6 0    78.4 0     3.9 0    28.1 0  1000.8 0
 2003 141  5 21  8 54  8.900 106.33    -4.9 0     0.0 0    -0.4 0     0.1 0   257.5 0   282.6 0   282.1 0 -9999.9 1   280.5 0   280.5 0     0.0 0     0.0 0     0.0 0 -9999.9 1 -9999.9 1     7.6 0    77.9 0     4.0 0    25.4 0  1000.8 0
 2003 141  5 21  8 57  8.950 105.93    -4.9 0     0.0 0    -0.4 0     0.1 0   257.4 0   282.5 0   282.0 0 -9999.9 1   280.5 0   280.5 0     0.0 0     0.0 0     0.0 0 -9999.9 1 -9999.9 1     7.7 0    77.5 0     4.2 0    26.3 0  1000.8 0
 2003 141  5 21  9  0  9.000 105.52    -5.0 0    -0.1 0    -0.2 0     0.1 0   257.4 0   282.5 0   282.0 0 -9999.9 1   280.5 0   280.5 0     0.0 0     0.0 0     0.0 0 -9999.9 1 -9999.9 1     7.7 0    77.0 0     4.4 0    23.6 0  1000.8 0
 2003 141  5 21  9  3  9.050 105.11    -5.1 0    -0.2 0     0.3 0     0.1 0   257.3 0   282.5 0   282.0 0 -9999.9 1   280.5 0   280.5 0     0.0 0     0.0 0     0.0 0 -9999.9 1 -9999.9 1     7.7 0    76.7 0     4.5 0    26.0 0  1000.7 0
 2003 141  5 21  9  6  9.100 104.69    -5.2 0    -0.2 0     0.4 0     0.1 0   256.9 0   282.5 0   282.0 0 -9999.9 1   280.5 0   280.5 0     0.0 0     0.0 0     0.0 0 -9999.9 1 -9999.9 1     7.7 0    76.6 0     4.8 0    26.4 0  1000.7 0
 2003 141  5 21  9  9  9.150 104.27    -5.3 0     0.0 0     0.4 0     0.1 0   256.6 0   282.5 0   282.0 0 -9999.9 1   280.5 0   280.5 0     0.0 0     0.0 0     0.0 0 -9999.9 1 -9999.9 1     7.7 0    77.1 0     4.6 0    28.8 0  1000.7 0
 2003 141  5 21  9 12  9.200 103.85    -5.3 0     0.0 0     0.4 0     0.1 0   256.4 0   282.5 0   281.9 0 -9999.9 1   280.5 0   280.5 0     0.0 0     0.0 0     0.0 0 -9999.9 1 -9999.9 1     7.6 0    77.6 0     4.8 0    27.9 0  1000.7 0
 2003 141  5 21  9 15  9.250 103.42    -5.4 0     0.1 0     0.4 0     0.0 0   256.2 0   282.5 0   282.0 0 -9999.9 1   280.5 0   280.5 0     0.0 0     0.0 0     0.0 0 -9999.9 1 -9999.9 1     7.5 0    78.4 0     4.6 0    28.7 0  1000.7 0
 2003 141  5 21  9 18  9.300 102.99    -5.3 0     0.1 0     0.4 0     0.1 0   256.0 0   282.5 0   282.0 0 -9999.9 1   280.4 0   280.4 0     0.0 0     0.0 0     0.0 0 -9999.9 1 -9999.9 1     7.4 0    78.6 0     4.6 0    28.5 0  1000.7 0
 2003 141  5 21  9 21  9.350 102.55    -5.3 0     0.1 0     0.4 0     0.1 0   255.8 0   282.5 0   282.0 0 -9999.9 1   280.4 0   280.4 0     0.0 0     0.0 0     0.0 0 -9999.9 1 -9999.9 1     7.4 0    78.6 0     4.6 0    25.0 0  1000.7 0
 2003 141  5 21  9 24  9.400 102.11    -5.3 0     0.2 0     0.4 0     0.1 0   256.0 0   282.5 0   282.0 0 -9999.9 1   280.4 0   280.4 0     0.0 0     0.0 0     0.0 0 -9999.9 1 -9999.9 1     7.4 0    79.0 0     4.7 0    25.1 0  1000.8 0
 2003 141  5 21  9 27  9.450 101.67    -5.3 0     0.2 0     0.4 0     0.1 0   255.9 0   282.5 0   282.0 0 -9999.9 1   280.3 0   280.3 0     0.0 0     0.0 0     0.0 0 -9999.9 1 -9999.9 1     7.3 0    79.3 0     4.7 0    24.8 0  1000.8 0
 2003 141  5 21  9 30  9.500 101.22    -5.3 0     0.2 0     0.2 0     0.1 0   255.9 0   282.5 0   281.9 0 -9999.9 1   280.3 0   280.3 0     0.0 0     0.0 0     0.0 0 -9999.9 1 -9999.9 1     7.2 0    79.6 0     4.6 0    27.8 0  1000.7 0
 2003 141  5 21  9 33  9.550 100.77    -5.3 0     0.1 0     0.2 0     0.1 0   256.1 0   282.5 0   281.9 0 -9999.9 1   280.3 0   280.3 0     0.0 0     0.0 0     0.0 0 -9999.9 1 -9999.9 1     7.2 0    79.5 0     4.7 0    28.1 0  1000.7 0
 2003 141  5 21  9 36  9.600 100.32    -5.3 0     0.2 0     0.2 0     0.1 0   256.3 0   282.5 0   281.9 0 -9999.9 1   280.2 0   280.2 0     0.0 0     0.0 0     0.0 0 -9999.9 1 -9999.9 1     7.2 0    79.8 0     4.6 0    28.9 0  1000.7 0
 2003 141  5 21  9 39  9.650  99.86    -5.3 0     0.1 0     0.3 0     0.1 0   256.6 0   282.4 0   281.9 0 -9999.9 1   280.2 0   280.2 0     0.0 0     0.0 0     0.0 0 -9999.9 1 -9999.9 1     7.2 0    79.9 0     4.7 0    30.2 0  1000.6 0
 2003 141  5 21  9 42  9.700  99.40    -5.4 0     0.1 0     0.2 0     0.1 0   257.0 0   282.4 0   281.9 0 -9999.9 1   280.2 0   280.1 0     0.0 0     0.0 0     0.0 0 -9999.9 1 -9999.9 1     7.1 0    80.1 0     4.5 0    29.0 0  1000.7 0
 2003 141  5 21  9 45  9.750  98.94    -5.3 0     0.1 0     0.2 0     0.1 0   257.4 0   282.4 0   281.9 0 -9999.9 1   280.1 0   280.1 0     0.0 0     0.0 0     0.0 0 -9999.9 1 -9999.9 1     7.1 0    80.2 0     4.7 0    26.7 0  1000.7 0
 2003 141  5 21  9 48  9.800  98.47    -5.3 0     0.2 0     0.0 0     0.1 0   257.9 0   282.4 0   281.9 0 -9999.9 1   280.1 0   280.1 0     0.0 0     0.0 0     0.0 0 -9999.9 1 -9999.9 1     7.1 0    80.6 0     4.5 0    28.8 0  1000.7 0
 2003 141  5 21  9 51  9.850  98.00    -5.3 0     0.2 0    -0.2 0     0.1 0   258.0 0   282.4 0   281.9 0 -9999.9 1   280.0 0   280.0 0     0.0 0     0.0 0     0.0 0 -9999.9 1 -9999.9 1     7.0 0    81.1 0     4.3 0    31.6 0  1000.8 0
 2003 141  5 21  9 54  9.900  97.53    -5.2 0     0.3 0    -0.4 0     0.1 0   258.2 0   282.4 0   281.9 0 -9999.9 1   280.0 0   280.0 0     0.0 0     0.0 0     0.0 0 -9999.9 1 -9999.9 1     6.9 0    81.7 0     4.1 0    29.1 0  1000.8 0
 2003 141  5 21  9 57  9.950  97.05    -5.2 0     0.1 0    -0.4 0     0.1 0   258.9 0   282.4 0   281.8 0 -9999.9 1   279.9 0   279.9 0     0.0 0     0.0 0     0.0 0 -9999.9 1 -9999.9 1     6.9 0    81.5 0     4.2 0    30.8 0  1000.9 0
 2003 141  5 21 10  0 10.000  96.58    -5.2 0     0.0 0    -0.1 0     0.1 0   259.4 0   282.3 0   281.8 0 -9999.9 1   279.9 0   279.9 0     0.0 0     0.0 0     0.0 0 -9999.9 1 -9999.9 1     6.9 0    81.1 0     4.2 0    31.4 0  1000.9 0
 2003 141  5 21 10  3 10.050  96.09    -5.1 0     0.0 0     0.0 0     0.1 0   259.9 0   282.3 0   281.8 0 -9999.9 1   279.9 0   279.9 0     0.0 0     0.0 0     0.0 0 -9999.9 1 -9999.9 1     6.9 0    81.0 0     4.4 0    31.3 0  1001.0 0
 2003 141  5 21 10  6 10.100  95.61    -5.2 0     0.1 0     0.0 0     0.1 0   260.2 0   282.3 0   281.8 0 -9999.9 1   279.9 0   279.9 0     0.0 0     0.0 0     0.0 0 -9999.9 1 -9999.9 1     6.9 0    81.1 0     4.2 0    32.7 0  1001.0 0
 2003 141  5 21 10  9 10.150  95.12    -5.1 0     0.2 0    -0.2 0     0.1 0   260.8 0   282.3 0   281.8 0 -9999.9 1   279.8 0   279.8 0     0.0 0     0.0 0     0.0 0 -9999.9 1 -9999.9 1     6.8 0    81.7 0     4.2 0    34.6 0  1001.0 0
 2003 141  5 21 10 12 10.200  94.63    -5.0 0     0.0 0    -0.3 0     0.2 0   261.3 0   282.3 0   281.7 0 -9999.9 1   279.8 0   279.8 0     0.0 0     0.1 0     0.2 0 -9999.9 1 -9999.9 1     6.8 0    81.5 0     4.5 0    35.0 0  1001.0 0
 2003 141  5 21 10 15 10.250  94.14    -4.8 0     0.0 0    -0.1 0     0.4 0   261.5 0   282.2 0   281.7 0 -9999.9 1   279.8 0   279.8 0     0.0 0     0.1 0     0.4 0 -9999.9 1 -9999.9 1     6.9 0    81.1 0     4.5 0    38.6 0  1001.0 0
 2003 141  5 21 10 18 10.300  93.65    -4.6 0    -0.2 0     0.4 0     0.7 0   262.2 0   282.2 0   281.7 0 -9999.9 1   279.8 0   279.8 0     0.0 0     0.2 0     0.7 0 -9999.9 1 -9999.9 1     7.0 0    80.4 0     4.4 0    39.9 0  1001.0 0
 2003 141  5 21 10 21 10.350  93.15    -4.1 0    -0.2 0     0.5 0     1.2 0   262.7 0   282.2 0   281.7 0 -9999.9 1   279.8 0   279.9 0     0.0 0     0.4 0     1.2 0 -9999.9 1 -9999.9 1     7.1 0    79.9 0     4.9 0    41.4 0  1000.9 0
 2003 141  5 21 10 24 10.400  92.65    -3.8 0    -0.2 0     1.4 0     1.8 0   263.0 0   282.2 0   281.7 0 -9999.9 1   279.9 0   280.0 0     0.0 0     0.5 0     1.8 0 -9999.9 1 -9999.9 1     7.3 0    78.7 0     5.1 0    44.9 0  1000.9 0
 2003 141  5 21 10 27 10.450  92.15    -2.8 0     0.1 0     1.9 0     2.9 0   263.3 0   282.3 0   281.8 0 -9999.9 1   280.0 0   280.0 0     0.0 0     0.9 0     2.8 0 -9999.9 1 -9999.9 1     7.5 0    78.1 0     5.3 0    45.9 0  1000.9 0
 2003 141  5 21 10 30 10.500  91.64    -1.3 0     0.6 0     2.0 0     4.2 0   263.6 0   282.3 0   281.9 0 -9999.9 1   280.1 0   280.1 0     0.0 0     1.3 0     3.6 0 -9999.9 1 -9999.9 1     7.6 0    77.3 0     5.5 0    46.5 0  1000.9 0
 2003 141  5 21 10 33 10.550  91.14     0.4 0     1.2 0     2.1 0     6.0 0   263.7 0   282.4 0   282.0 0 -9999.9 1   280.2 0   280.2 0     0.0 0     1.9 0     4.8 0 -9999.9 1 -9999.9 1     7.7 0    76.7 0     4.9 0    47.0 0  1000.9 0
 2003 141  5 21 10 36 10.600  89.90     1.6 0     1.6 0     2.0 0     7.2 0   263.7 0   282.5 0   282.0 0 -9999.9 1   280.3 0   280.3 0     0.3 0     2.5 0     5.6 0 -9999.9 1 -9999.9 1     7.7 0    76.6 0     5.3 0    45.0 0  1001.0 0
 2003 141  5 21 10 39 10.650  89.53     2.5 0     2.1 0     3.2 0     8.3 0   263.5 0   282.6 0   282.1 0 -9999.9 1   280.3 0   280.4 0     0.4 0     3.1 0     6.2 0 -9999.9 1 -9999.9 1     7.7 0    77.2 0     4.9 0    43.1 0  1001.0 0
 2003 141  5 21 10 42 10.700  89.12     4.9 0     3.1 0     5.4 0    10.8 0   263.3 0   282.7 0   282.2 0 -9999.9 1   280.4 0   280.4 0     0.5 0     4.2 0     7.7 0 -9999.9 1 -9999.9 1     7.6 0    77.6 0     5.0 0    41.5 0  1001.0 0
 2003 141  5 21 10 45 10.750  88.68     8.0 0     4.1 0    18.1 0    13.9 0   263.5 0   282.7 0   282.2 0 -9999.9 1   280.4 0   280.5 0     0.6 0     5.5 0    10.2 0 -9999.9 1 -9999.9 1     7.6 0    77.2 0     5.2 0    42.3 0  1001.0 0
 2003 141  5 21 10 48 10.800  88.22    11.8 0     5.8 0    24.8 0    17.5 0   263.6 0   282.8 0   282.3 0 -9999.9 1   280.5 0   280.5 0     0.7 0     7.1 0    12.5 0 -9999.9 1 -9999.9 1     7.6 0    77.6 0     5.0 0    42.3 0  1001.0 0
 2003 141  5 21 10 51 10.850  87.75    16.1 0     8.0 0    67.0 0    21.3 0   263.6 0   282.9 0   282.4 0 -9999.9 1   280.5 0   280.6 0     0.8 0     9.0 0    15.9 0 -9999.9 1 -9999.9 1     7.5 0    78.2 0     4.7 0    40.3 0  1001.0 0
 2003 141  5 21 10 54 10.900  87.26    21.3 0    10.0 0   130.4 0    25.2 0   263.7 0   283.0 0   282.5 0 -9999.9 1   280.5 0   280.6 0     0.9 0    11.2 0    21.5 0 -9999.9 1 -9999.9 1     7.5 0    78.0 0     4.8 0    42.3 0  1001.1 0
 2003 141  5 21 10 57 10.950  86.77    28.6 0    12.4 0   167.4 0    29.5 0   263.6 0   283.1 0   282.6 0 -9999.9 1   280.5 0   280.6 0     1.0 0    13.5 0    26.5 0 -9999.9 1 -9999.9 1     7.5 0    78.5 0     4.7 0    43.4 0  1001.1 0
 2003 141  5 21 11  0 11.000  86.27    36.1 0    14.6 0   190.9 0    33.2 0   263.7 0   283.2 0   282.7 0 -9999.9 1   280.5 0   280.6 0     1.1 0    15.9 0    31.0 0 -9999.9 1 -9999.9 1     7.5 0    78.3 0     5.0 0    44.1 0  1001.1 0
 2003 141  5 21 11  3 11.050  85.76    43.1 0    16.6 0   213.9 0    36.7 0   264.1 0   283.3 0   282.9 0 -9999.9 1   280.6 0   280.7 0     1.3 0    18.4 0    35.9 0 -9999.9 1 -9999.9 1     7.7 0    76.9 0     4.9 0    44.0 0  1001.2 0
 2003 141  5 21 11  6 11.100  85.25    49.2 0    18.6 0   228.8 0    39.8 0   264.1 0   283.5 0   283.0 0 -9999.9 1   280.6 0   280.8 0     1.5 0    20.8 0    40.1 0 -9999.9 1 -9999.9 1     7.7 0    76.9 0     5.0 0    42.9 0  1001.2 0
 2003 141  5 21 11  9 11.150  84.73    50.5 0    18.2 0   181.8 0    42.7 0   264.2 0   283.6 0   283.2 0 -9999.9 1   280.7 0   280.8 0     1.7 0    22.1 0    41.2 0 -9999.9 1 -9999.9 1     7.7 0    77.8 0     4.7 0    40.8 0  1001.3 0
 2003 141  5 21 11 12 11.200  84.21    57.3 0    20.3 0   204.8 0    45.7 0   264.6 0   283.8 0   283.3 0 -9999.9 1   280.7 0   280.8 0     1.9 0    24.7 0    46.0 0 -9999.9 1 -9999.9 1     7.7 0    77.4 0     4.9 0    42.2 0  1001.3 0
 2003 141  5 21 11 15 11.250  83.69    56.1 0    18.6 0   144.5 0    48.2 0   264.7 0   283.9 0   283.4 0 -9999.9 1   280.7 0   280.8 0     2.2 0    25.1 0    45.5 0 -9999.9 1 -9999.9 1     7.7 0    78.1 0     4.8 0    40.8 0  1001.3 0
 2003 141  5 21 11 18 11.300  83.16    56.5 0    17.7 0   106.4 0    50.7 0   264.6 0   284.0 0   283.5 0 -9999.9 1   280.8 0   280.8 0     2.4 0    25.7 0    45.7 0 -9999.9 1 -9999.9 1     7.7 0    77.9 0     5.2 0    43.0 0  1001.3 0
 2003 141  5 21 11 21 11.350  82.63    62.3 0    19.2 0   113.9 0    54.5 0   264.6 0   284.1 0   283.6 0 -9999.9 1   280.8 0   280.9 0     2.7 0    28.1 0    49.9 0 -9999.9 1 -9999.9 1     7.7 0    78.2 0     4.9 0    43.4 0  1001.2 0
 2003 141  5 21 11 24 11.400  82.10    68.7 0    21.1 0   129.3 0    57.8 0   264.5 0   284.1 0   283.6 0 -9999.9 1   280.8 0   280.9 0     3.0 0    30.8 0    54.5 0 -9999.9 1 -9999.9 1     7.8 0    77.6 0     5.0 0    43.9 0  1001.3 0
 2003 141  5 21 11 27 11.450  81.56    73.6 0    22.3 0   136.3 0    60.7 0   264.3 0   284.2 0   283.7 0 -9999.9 1   280.9 0   280.9 0     3.3 0    33.0 0    58.3 0 -9999.9 1 -9999.9 1     7.9 0    77.4 0     4.8 0    46.3 0  1001.3 0
 2003 141  5 21 11 30 11.500  81.03    74.2 0    21.8 0   114.8 0    63.0 0   264.3 0   284.3 0   283.8 0 -9999.9 1   280.9 0   281.0 0     3.7 0    33.7 0    59.1 0 -9999.9 1 -9999.9 1     7.9 0    76.7 0     5.2 0    45.1 0  1001.3 0
 2003 141  5 21 11 33 11.550  80.49    83.4 0    24.8 0   147.7 0    65.7 0   264.2 0   284.4 0   283.9 0 -9999.9 1   281.0 0   281.1 0     4.0 0    37.4 0    65.3 0 -9999.9 1 -9999.9 1     8.0 0    75.7 0     5.7 0    49.1 0  1001.3 0
 2003 141  5 21 11 36 11.600  79.95    94.1 0    28.5 0   189.2 0    68.9 0   264.2 0   284.5 0   284.0 0 -9999.9 1   281.1 0   281.2 0     4.4 0    41.7 0    73.4 0 -9999.9 1 -9999.9 1     8.1 0    75.7 0     5.4 0    47.1 0  1001.3 0
 2003 141  5 21 11 39 11.650  79.40   104.3 0    31.7 0   220.4 0    72.0 0   264.5 0   284.6 0   284.1 0 -9999.9 1   281.1 0   281.3 0     4.9 0    45.7 0    80.8 0 -9999.9 1 -9999.9 1     8.2 0    74.9 0     5.7 0    50.3 0  1001.2 0
 2003 141  5 21 11 42 11.700  78.86   104.6 0    30.9 0   192.8 0    75.3 0   264.7 0   284.8 0   284.3 0 -9999.9 1   281.2 0   281.3 0     5.4 0    46.4 0    81.6 0 -9999.9 1 -9999.9 1     8.2 0    74.8 0     5.6 0    50.3 0  1001.3 0
 2003 141  5 21 11 45 11.750  78.31   117.1 0    34.7 0   222.2 0    79.5 0   265.0 0   284.9 0   284.4 0 -9999.9 1   281.3 0   281.4 0     5.9 0    51.3 0    89.9 0 -9999.9 1 -9999.9 1     8.2 0    74.1 0     6.0 0    56.0 0  1001.4 0
 2003 141  5 21 11 48 11.800  77.77   126.2 0    36.8 0   231.0 0    84.7 0   265.3 0   285.1 0   284.5 0 -9999.9 1   281.4 0   281.5 0     6.5 0    55.2 0    96.8 0 -9999.9 1 -9999.9 1     8.3 0    74.1 0     5.8 0    59.4 0  1001.4 0
 2003 141  5 21 11 51 11.850  77.22   137.3 0    40.1 0   250.1 0    89.6 0   265.5 0   285.2 0   284.7 0 -9999.9 1   281.4 0   281.6 0     7.1 0    59.7 0   104.9 0 -9999.9 1 -9999.9 1     8.3 0    73.5 0     6.7 0    54.9 0  1001.4 0
 2003 141  5 21 11 54 11.900  76.67   147.2 0    42.8 0   264.6 0    93.7 0   265.3 0   285.4 0   284.8 0 -9999.9 1   281.5 0   281.6 0     7.6 0    63.8 0   111.9 0 -9999.9 1 -9999.9 1     8.3 0    73.8 0     6.7 0    57.5 0  1001.4 0
 2003 141  5 21 11 57 11.950  76.12   171.4 0    51.1 0   345.8 0    96.9 0   265.1 0   285.5 0   285.0 0 -9999.9 1   281.6 0   281.7 0     8.2 0    64.3 0   128.8 0 -9999.9 1 -9999.9 1     8.4 0    74.1 0     5.9 0    56.3 0  1001.5 0
 2003 141  5 21 12  0 12.000  75.56   170.0 0    50.0 0   318.8 0    98.6 0   265.1 0   285.7 0   285.2 0 -9999.9 1   281.7 0   281.8 0     8.7 0    72.8 0   128.1 0 -9999.9 1 -9999.9 1     8.4 0    74.0 0     6.1 0    55.7 0  1001.5 0
 2003 141  5 21 12  3 12.050  75.01   174.4 0    50.7 0   316.4 0   100.5 0   265.3 0   285.9 0   285.4 0 -9999.9 1   281.7 0   281.9 0     9.3 0    74.9 0   131.7 0 -9999.9 1 -9999.9 1     8.4 0    74.5 0     5.4 0    54.4 0  1001.6 0
 2003 141  5 21 12  6 12.100  74.45   186.7 0    54.2 0   341.7 0   102.8 0   265.6 0   286.1 0   285.5 0 -9999.9 1   281.8 0   281.9 0    10.1 0    79.5 0   140.2 0 -9999.9 1 -9999.9 1     8.5 0    73.7 0     5.6 0    54.3 0  1001.6 0
 2003 141  5 21 12  9 12.150  73.90   175.2 0    49.5 0   279.1 0   103.8 0   265.6 0   286.2 0   285.7 0 -9999.9 1   281.8 0   282.0 0    10.8 0    75.6 0   131.8 0 -9999.9 1 -9999.9 1     8.5 0    72.0 0     6.1 0    59.5 0  1001.6 0
 2003 141  5 21 12 12 12.200  73.34   167.4 0    46.0 0   230.3 0   107.4 0   265.4 0   286.4 0   285.7 0 -9999.9 1   281.9 0   282.0 0    11.5 0    67.5 0   127.4 0 -9999.9 1 -9999.9 1     8.5 0    72.5 0     5.9 0    59.4 0  1001.6 0
 2003 141  5 21 12 15 12.250  72.78   197.2 0    55.0 0   310.9 0   110.8 0   264.9 0   286.5 0   285.8 0 -9999.9 1   281.9 0   282.0 0    12.4 0    85.1 0   147.8 0 -9999.9 1 -9999.9 1     8.6 0    71.4 0     6.3 0    63.4 0  1001.6 0
 2003 141  5 21 12 18 12.300  72.22   229.9 0    65.5 0   409.5 0   111.5 0   264.6 0   286.6 0   285.9 0 -9999.9 1   282.0 0   282.2 0    13.2 0    97.4 0   171.1 0 -9999.9 1 -9999.9 1     8.7 0    71.4 0     6.1 0    59.2 0  1001.6 0
 2003 141  5 21 12 21 12.350  71.66   227.8 0    64.5 0   399.0 0   109.8 0   264.1 0   286.7 0   286.1 0 -9999.9 1   282.1 0   282.3 0    13.8 0    96.9 0   170.9 0 -9999.9 1 -9999.9 1     8.8 0    70.5 0     6.3 0    60.3 0  1001.7 0
 2003 141  5 21 12 24 12.400  71.09   241.4 0    68.6 0   433.5 0   108.6 0   264.0 0   286.9 0   286.2 0 -9999.9 1   282.2 0   282.3 0    14.7 0    88.5 0   180.4 0 -9999.9 1 -9999.9 1     8.8 0    69.3 0     6.7 0    58.3 0  1001.6 0
 2003 141  5 21 12 27 12.450  70.53   228.0 0    63.8 0   382.9 0   107.6 0   264.5 0   287.0 0   286.3 0 -9999.9 1   282.2 0   282.4 0    15.6 0    90.9 0   171.4 0 -9999.9 1 -9999.9 1     8.8 0    70.8 0     6.2 0    57.9 0  1001.6 0
 2003 141  5 21 12 30 12.500  69.97   210.8 0    57.3 0   310.9 0   109.4 0   264.2 0   287.1 0   286.4 0 -9999.9 1   282.3 0   282.4 0    16.6 0    91.4 0   158.6 0 -9999.9 1 -9999.9 1     8.9 0    70.0 0     7.0 0    60.1 0  1001.6 0
 2003 141  5 21 12 33 12.550  69.40   267.7 0    73.8 0   446.9 0   115.4 0   264.4 0   287.2 0   286.5 0 -9999.9 1   282.3 0   282.5 0    18.2 0   113.6 0   198.8 0 -9999.9 1 -9999.9 1     8.8 0    70.1 0     7.1 0    57.8 0  1001.5 0
 2003 141  5 21 12 36 12.600  68.84   324.1 0    90.6 0   582.9 0   119.4 0   264.0 0   287.4 0   286.6 0 -9999.9 1   282.4 0   282.6 0    19.7 0   135.0 0   239.2 0 -9999.9 1 -9999.9 1     8.9 0    68.8 0     7.1 0    65.5 0  1001.6 0
 2003 141  5 21 12 39 12.650  68.27   340.6 0    94.8 0   615.9 0   119.4 0   263.9 0   287.6 0   286.8 0 -9999.9 1   282.5 0   282.8 0    20.6 0   141.7 0   252.7 0 -9999.9 1 -9999.9 1     9.1 0    68.8 0     6.4 0    62.8 0  1001.6 0
 2003 141  5 21 12 42 12.700  67.70   315.2 0    87.2 0   549.8 0   113.0 0   264.1 0   287.8 0   287.2 0 -9999.9 1   282.6 0   282.9 0    20.9 0   131.2 0   234.4 0 -9999.9 1 -9999.9 1     9.3 0    69.1 0     6.8 0    58.4 0  1001.6 0
 2003 141  5 21 12 45 12.750  67.14   258.2 0    70.4 0   401.4 0   107.8 0   263.1 0   288.0 0   287.2 0 -9999.9 1   282.7 0   282.9 0    21.1 0   110.7 0   193.4 0 -9999.9 1 -9999.9 1     9.1 0    68.2 0     7.4 0    60.1 0  1001.6 0
 2003 141  5 21 12 48 12.800  66.57   246.8 0    66.5 0   369.5 0   104.5 0   262.6 0   288.0 0   287.2 0 -9999.9 1   282.7 0   282.9 0    22.2 0   106.8 0   184.9 0 -9999.9 1 -9999.9 1     9.1 0    68.4 0     6.7 0    71.8 0  1001.6 0
 2003 141  5 21 12 51 12.850  66.00   309.5 0    83.5 0   521.5 0   102.2 0   262.1 0   288.1 0   287.3 0 -9999.9 1   282.7 0   282.9 0    24.4 0   132.1 0   230.8 0 -9999.9 1 -9999.9 1     9.2 0    68.6 0     6.3 0    71.5 0  1001.6 0
 2003 141  5 21 12 54 12.900  65.43   353.8 0    96.4 0   626.1 0    99.0 0   262.0 0   288.2 0   287.3 0 -9999.9 1   282.8 0   283.1 0    26.2 0   147.5 0   263.0 0 -9999.9 1 -9999.9 1     9.3 0    68.2 0     6.7 0    68.5 0  1001.6 0
 2003 141  5 21 12 57 12.950  64.86   385.5 0   104.3 0   700.3 0    94.4 0   261.5 0   288.3 0   287.5 0 -9999.9 1   282.9 0   283.2 0    28.0 0   161.0 0   287.6 0 -9999.9 1 -9999.9 1     9.4 0    67.6 0     7.1 0    66.2 0  1001.6 0
 2003 141  5 21 13  0 13.000  64.29   358.0 0    96.1 0   637.0 0    88.2 0   261.5 0   288.5 0   287.6 0 -9999.9 1   283.0 0   283.3 0    28.9 0   150.4 0   268.5 0 -9999.9 1 -9999.9 1     9.4 0    67.7 0     6.8 0    73.3 0  1001.6 0
 2003 141  5 21 13  3 13.050  63.72   375.1 0    99.5 0   665.9 0    85.8 0   261.6 0   288.6 0   287.7 0 -9999.9 1   283.1 0   283.3 0    30.9 0   157.8 0   281.1 0 -9999.9 1 -9999.9 1     9.5 0    67.7 0     6.5 0    72.3 0  1001.6 0
 2003 141  5 21 13  6 13.100  63.15   437.6 0   116.1 0   793.8 0    85.1 0   261.9 0   288.8 0   287.9 0 -9999.9 1   283.2 0   283.5 0    33.8 0   181.8 0   327.6 0 -9999.9 1 -9999.9 1     9.8 0    67.0 0     6.9 0    74.0 0  1001.6 0
 2003 141  5 21 13  9 13.150  62.57   447.3 0   118.0 0   802.1 0    83.7 0   261.9 0   289.0 0   288.0 0 -9999.9 1   283.4 0   283.7 0    35.6 0   185.7 0   335.1 0 -9999.9 1 -9999.9 1     9.8 0    66.2 0     6.2 0    71.1 0  1001.5 0
 2003 141  5 21 13 12 13.200  62.00   451.3 0   119.0 0   795.8 0    83.1 0   261.8 0   289.1 0   288.2 0 -9999.9 1   283.5 0   283.7 0    37.2 0   187.5 0   337.7 0 -9999.9 1 -9999.9 1     9.7 0    64.9 0     7.7 0    74.2 0  1001.5 0
 2003 141  5 21 13 15 13.250  61.43   469.0 0   123.3 0   816.8 0    83.3 0   261.6 0   289.3 0   288.3 0 -9999.9 1   283.5 0   283.8 0    39.1 0   194.3 0   350.6 0 -9999.9 1 -9999.9 1     9.7 0    64.2 0     8.3 0    75.6 0  1001.5 0
 2003 141  5 21 13 18 13.300  60.86   479.4 0   125.3 0   823.0 0    83.2 0   262.0 0   289.5 0   288.4 0 -9999.9 1   283.6 0   283.9 0    40.9 0   163.2 0   358.7 0 -9999.9 1 -9999.9 1     9.8 0    65.0 0     7.7 0    79.7 0  1001.5 0
 2003 141  5 21 13 21 13.350  60.28   488.4 0   126.0 0   828.3 0    83.3 0   262.1 0   289.6 0   288.6 0 -9999.9 1   283.7 0   284.0 0    42.7 0   202.1 0   367.9 0 -9999.9 1 -9999.9 1    10.0 0    65.2 0     6.9 0    69.9 0  1001.5 0
 2003 141  5 21 13 24 13.400  59.71   496.3 0   128.5 0   832.6 0    83.5 0   261.9 0   289.8 0   288.8 0 -9999.9 1   283.8 0   284.1 0    44.6 0   192.7 0   375.0 0 -9999.9 1 -9999.9 1     9.9 0    64.4 0     7.2 0    68.2 0  1001.5 0
 2003 141  5 21 13 27 13.450  59.14   511.1 0   130.0 0   837.4 0    83.4 0   262.3 0   289.9 0   289.0 0 -9999.9 1   283.8 0   284.1 0    46.6 0   209.3 0   382.9 0 -9999.9 1 -9999.9 1     9.9 0    65.2 0     6.9 0    74.4 0  1001.5 0
