 Bondville
   40.05  -88.37  213 m version 1
 2003 142  5 22  0 36  0.600  84.99    55.6 0   282.8 0   213.0 0    52.5 0   325.1 0   292.2 0   291.5 0   369.9 0   292.0 0   292.1 0     1.5 0    25.4 0     0.0 0   -44.8 0   -44.8 0    16.2 0    49.6 0     0.7 0    33.8 0   996.0 0
 2003 142  5 22  0 39  0.650  85.50    45.6 0   256.4 0   193.4 0    45.4 0   320.3 0   292.0 0   291.4 0   369.5 0   291.8 0   291.9 0     1.3 0    21.4 0     0.0 1   -49.2 0 -9999.9 1    16.1 0    50.0 0     1.0 0    22.3 0   996.1 0
 2003 142  5 22  0 42  0.700  86.01    37.9 0   229.6 0   172.6 0    40.5 0   318.0 0   291.8 0   291.2 0   368.8 0   291.6 0   291.6 0     1.2 0    18.4 0     0.0 1   -50.7 0 -9999.9 1    16.0 0    50.0 0     1.0 0    25.2 0   996.1 0
 2003 142  5 22  0 45  0.750  86.51    30.1 0   198.6 0   149.0 0    35.7 0   318.7 0   291.7 0   291.1 0   367.9 0   291.4 0   291.4 0     1.0 0    15.6 0     0.0 1   -49.2 0 -9999.9 1    15.9 0    50.0 0     1.3 0    21.5 0   996.1 0
 2003 142  5 22  0 48  0.800  87.01    22.5 0   157.6 0   113.9 0    31.0 0   319.7 0   291.5 0   290.9 0   366.5 0   291.1 0   291.1 0     0.9 0    13.0 0     0.0 1   -46.8 0 -9999.9 1    15.8 0    50.7 0     1.2 0    19.7 0   996.1 0
 2003 142  5 22  0 51  0.850  87.50    16.4 0   140.6 0   104.9 0    26.2 0   319.2 0   291.3 0   290.8 0   365.6 0   290.9 0   290.8 0     0.8 0    10.6 0     0.0 1   -46.4 0 -9999.9 1    15.6 0    51.7 0     0.9 0    22.6 0   996.1 0
 2003 142  5 22  0 54  0.900  87.98    11.9 0   118.0 0    88.4 0    21.6 0   318.0 0   291.1 0   290.6 0   364.3 0   290.7 0   290.6 0     0.7 0     8.4 0     0.0 1   -46.3 0 -9999.9 1    15.5 0    52.6 0     0.9 0    20.1 0   996.1 0
 2003 142  5 22  0 57  0.950  88.44     7.5 0    65.5 0    41.2 0    16.9 0   317.9 0   291.0 0   290.4 0   363.7 0   290.4 0   290.3 0     0.6 0     6.4 0     0.0 1   -45.8 0 -9999.9 1    15.4 0    52.5 0     1.0 0    20.3 0   996.1 0
 2003 142  5 22  1  0  1.000  88.89     4.5 0    44.1 0    24.7 0    13.4 0   318.4 0   290.7 0   290.2 0   363.1 0   290.1 0   289.9 0     0.5 0     4.9 0     0.0 1   -44.7 0 -9999.9 1    15.3 0    53.1 0     1.3 0    16.0 0   996.2 0
 2003 142  5 22  1  3  1.050  89.32     1.5 0    25.0 0    10.7 0     9.9 0   318.7 0   290.5 0   290.0 0   363.0 0   289.8 0   289.6 0     0.4 0     3.6 0     0.0 1   -44.3 0 -9999.9 1    15.2 0    52.9 0     1.5 0    14.5 0   996.2 0
 2003 142  5 22  1  6  1.100  89.71    -1.2 0    17.4 0     7.3 0     6.9 0   318.4 0   290.3 0   289.8 0   362.7 0   289.5 0   289.3 0     0.3 0     2.5 0     0.0 1   -44.4 0 -9999.9 1    15.1 0    53.5 0     1.3 0    15.1 0   996.2 0
 2003 142  5 22  1  9  1.150  90.87    -3.1 0     7.4 0     0.0 0     4.9 0   317.7 0   290.1 0   289.6 0   363.0 0   289.2 0   289.0 0     0.0 0     1.9 0     0.0 1   -45.2 0 -9999.9 1    14.9 0    54.6 0     1.3 0    16.1 0   996.2 0
 2003 142  5 22  1 12  1.200  91.37    -4.1 0     4.9 0    -1.4 0     4.0 0   318.6 0   289.9 0   289.4 0   364.1 0   288.9 0   288.8 0     0.0 0     1.3 0     0.0 0   -45.5 0   -45.5 0    14.9 0    54.8 0     1.3 0    16.0 0   996.2 0
 2003 142  5 22  1 15  1.250  91.88    -4.6 0     3.8 0    -1.0 0     3.2 0   321.6 0   289.7 0   289.2 0   365.5 0   288.7 0   288.6 0     0.0 0     0.9 0     0.0 0   -43.9 0   -43.9 0    14.8 0    54.3 0     1.2 0    15.2 0   996.2 0
 2003 142  5 22  1 18  1.300  92.38    -5.2 0     2.5 0    -0.8 0     2.3 0   327.0 0   289.5 0   289.1 0   365.7 0   288.5 0   288.4 0     0.0 0     0.6 0     0.0 0   -38.6 0   -38.6 0    14.7 0    55.0 0     1.1 0    15.1 0   996.2 0
 2003 142  5 22  1 21  1.350  92.88    -5.8 0     1.3 0    -0.8 0     1.6 0   332.4 0   289.3 0   288.9 0   366.2 0   288.3 0   288.2 0     0.0 0     0.4 0     0.3 0   -33.8 0   -33.5 0    14.7 0    54.5 0     1.2 0    14.8 0   996.2 0
 2003 142  5 22  1 24  1.400  93.38    -5.9 0     0.4 0    -0.8 0     1.0 0   336.1 0   289.1 0   288.8 0   365.7 0   288.2 0   288.1 0     0.0 0     0.2 0     0.6 0   -29.6 0   -29.0 0    14.7 0    55.2 0     1.0 0    15.1 0   996.2 0
 2003 142  5 22  1 27  1.450  93.87    -6.2 0     0.1 0    -0.4 0     0.8 0   337.7 0   289.0 0   288.7 0   365.5 0   288.1 0   288.0 0     0.0 0     0.1 0     0.7 0   -27.8 0   -27.1 0    14.7 0    54.6 0     1.3 0    16.4 0   996.2 0
 2003 142  5 22  1 30  1.500  94.36    -6.3 0    -0.1 0    -0.1 0     0.8 0   337.6 0   288.8 0   288.5 0   365.2 0   288.0 0   287.9 0     0.0 0     0.1 0     0.8 0   -27.5 0   -26.8 0    14.8 0    54.0 0     1.4 0    16.0 0   996.2 0
 2003 142  5 22  1 33  1.550  94.85    -6.5 0    -0.3 0     0.0 0     0.4 0   336.6 0   288.7 0   288.4 0   364.4 0   287.9 0   287.8 0     0.0 0     0.0 0     0.4 0   -27.8 0   -27.5 0    14.7 0    53.7 0     1.3 0    16.8 0   996.3 0
 2003 142  5 22  1 36  1.600  95.34    -6.6 0    -0.5 0     0.0 0     0.2 0   334.4 0   288.6 0   288.3 0   363.4 0   287.8 0   287.7 0     0.0 0     0.0 0     0.2 0   -29.0 0   -28.8 0    14.7 0    54.7 0     0.9 0    16.6 0   996.3 0
 2003 142  5 22  1 39  1.650  95.82    -6.6 0    -0.5 0    -0.5 0     0.5 0   331.9 0   288.4 0   288.2 0   362.5 0   287.7 0   287.6 0     0.0 0     0.0 0     0.5 0   -30.5 0   -30.1 0    14.5 0    55.6 0     0.9 0    17.4 0   996.2 0
 2003 142  5 22  1 42  1.700  96.31    -6.7 0    -0.7 0    -0.1 0     0.1 0   330.2 0   288.3 0   288.0 0   362.3 0   287.6 0   287.5 0     0.0 0     0.0 0     0.0 0   -32.1 0   -32.1 0    14.5 0    54.8 0     1.0 0    17.8 0   996.2 0
 2003 142  5 22  1 45  1.750  96.78    -6.7 0    -0.7 0    -0.7 0     0.3 0   329.5 0   288.2 0   287.9 0   361.3 0   287.5 0   287.5 0     0.0 0     0.0 0     0.0 0   -31.8 0   -31.8 0    14.4 0    56.1 0     0.8 0    16.3 0   996.2 0
 2003 142  5 22  1 48  1.800  97.26    -6.7 0    -0.8 0    -0.8 0     0.2 0   329.5 0   288.1 0   287.8 0   361.3 0   287.4 0   287.4 0     0.0 0     0.0 0     0.0 0   -31.8 0   -31.8 0    14.3 0    55.6 0     1.0 0    16.2 0   996.3 0
 2003 142  5 22  1 51  1.850  97.73    -6.7 0    -0.8 0    -0.8 0     0.0 0   328.4 0   287.9 0   287.7 0   360.9 0   287.4 0   287.3 0     0.0 0     0.0 0     0.0 0   -32.5 0   -32.5 0    14.4 0    54.8 0     1.0 0    18.0 0   996.3 0
 2003 142  5 22  1 54  1.900  98.20    -6.7 0    -0.8 0    -0.8 0     0.1 0   325.9 0   287.8 0   287.6 0   358.9 0   287.3 0   287.2 0     0.0 0     0.0 0     0.0 0   -33.0 0   -33.0 0    14.3 0    55.6 0     0.8 0    17.4 0   996.3 0
 2003 142  5 22  1 57  1.950  98.67    -6.7 0    -0.8 0    -0.7 0     0.1 0   323.3 0   287.7 0   287.5 0   358.8 0   287.2 0   287.2 0     0.0 0     0.0 0     0.0 0   -35.5 0   -35.5 0    14.3 0    55.2 0     1.0 0    19.8 0   996.3 0
 2003 142  5 22  2  0  2.000  99.13    -6.8 0    -0.8 0    -0.7 0     0.0 0   322.5 0   287.6 0   287.4 0   358.5 0   287.2 0   287.1 0     0.0 0     0.0 0     0.0 0   -36.0 0   -36.0 0    14.2 0    55.7 0     0.8 0    17.1 0   996.4 0
 2003 142  5 22  2  3  2.050  99.59    -6.8 0    -0.9 0    -0.7 0     0.1 0   321.9 0   287.5 0   287.3 0   358.5 0   287.1 0   287.0 0     0.0 0     0.0 0     0.0 0   -36.6 0   -36.6 0    14.1 0    55.5 0     1.0 0    17.6 0   996.4 0
 2003 142  5 22  2  6  2.100 100.05    -6.8 0    -0.9 0    -0.8 0     0.0 0   321.1 0   287.4 0   287.2 0   358.1 0   287.0 0   287.0 0     0.0 0     0.0 0     0.0 0   -36.9 0   -36.9 0    14.1 0    55.6 0     0.9 0    21.1 0   996.4 0
 2003 142  5 22  2  9  2.150 100.50    -6.8 0    -1.0 0    -0.4 0     0.0 0   321.0 0   287.3 0   287.2 0   358.2 0   287.0 0   286.9 0     0.0 0     0.0 0     0.0 0   -37.2 0   -37.2 0    14.2 0    54.4 0     1.0 0    18.6 0   996.4 0
 2003 142  5 22  2 12  2.200 100.95    -6.8 0    -0.9 0    -0.8 0     0.1 0   321.6 0   287.3 0   287.1 0   357.5 0   286.9 0   286.9 0     0.0 0     0.0 0     0.0 0   -35.9 0   -35.9 0    14.2 0    54.5 0     1.0 0    18.6 0   996.5 0
 2003 142  5 22  2 15  2.250 101.40    -6.8 0    -0.8 0    -0.6 0     0.0 0   322.2 0   287.2 0   287.0 0   356.7 0   286.9 0   286.8 0     0.0 0     0.0 0     0.0 0   -34.5 0   -34.5 0    14.1 0    54.8 0     0.8 0    20.1 0   996.5 0
 2003 142  5 22  2 18  2.300 101.84    -6.7 0    -0.9 0    -0.1 0     0.0 0   321.0 0   287.1 0   286.9 0   356.1 0   286.8 0   286.8 0     0.0 0     0.0 0     0.0 0   -35.1 0   -35.1 0    14.0 0    54.7 0     0.8 0    18.9 0   996.5 0
 2003 142  5 22  2 21  2.350 102.28    -6.7 0    -0.9 0    -0.7 0     0.0 0   319.0 0   287.0 0   286.8 0   355.8 0   286.8 0   286.7 0     0.0 0     0.0 0     0.0 0   -36.8 0   -36.8 0    14.0 0    54.6 0     0.9 0    19.2 0   996.5 0
 2003 142  5 22  2 24  2.400 102.72    -6.7 0    -0.9 0    -0.5 0     0.0 0   317.4 0   286.9 0   286.8 0   355.1 0   286.7 0   286.7 0     0.0 0     0.0 0     0.0 0   -37.7 0   -37.7 0    14.0 0    54.6 0     0.8 0    21.7 0   996.5 0
 2003 142  5 22  2 27  2.450 103.15    -6.8 0    -0.9 0    -0.7 0     0.0 0   315.6 0   286.8 0   286.7 0   353.9 0   286.7 0   286.6 0     0.0 0     0.0 0     0.0 0   -38.3 0   -38.3 0    13.8 0    54.9 0     0.7 0    22.2 0   996.5 0
 2003 142  5 22  2 30  2.500 103.58    -6.7 0    -1.0 0    -0.8 0     0.1 0   314.1 0   286.8 0   286.6 0   353.0 0   286.7 0   286.6 0     0.0 0     0.0 0     0.0 0   -39.0 0   -39.0 0    13.9 0    54.6 0     0.6 0    23.6 0   996.6 0
 2003 142  5 22  2 33  2.550 104.00    -6.8 0    -0.9 0    -0.8 0     0.0 0   311.4 0   286.7 0   286.5 0   352.4 0   286.6 0   286.5 0     0.0 0     0.0 0     0.0 0   -40.9 0   -40.9 0    13.8 0    54.8 0     0.9 0    19.2 0   996.6 0
 2003 142  5 22  2 36  2.600 104.42    -6.8 0    -0.9 0    -0.8 0     0.2 0   307.6 0   286.6 0   286.4 0   351.4 0   286.5 0   286.5 0     0.0 0     0.0 0     0.0 0   -43.8 0   -43.8 0    13.7 0    55.2 0     0.8 0    19.9 0   996.6 0
 2003 142  5 22  2 39  2.650 104.84    -6.8 0    -1.0 0    -0.8 0     0.2 0   304.0 0   286.5 0   286.3 0   352.0 0   286.5 0   286.4 0     0.0 0     0.0 0     0.0 0   -48.1 0   -48.1 0    13.7 0    54.2 0     0.8 0    23.8 0   996.6 0
 2003 142  5 22  2 42  2.700 105.25    -6.9 0    -0.9 0    -0.6 0     0.0 0   301.7 0   286.4 0   286.3 0   352.1 0   286.4 0   286.4 0     0.0 0     0.0 0     0.0 0   -50.4 0   -50.4 0    13.7 0    54.3 0     0.7 0    24.3 0   996.5 0
 2003 142  5 22  2 45  2.750 105.66    -7.0 0    -0.9 0    -0.4 0     0.0 0   300.4 0   286.4 0   286.2 0   353.0 0   286.4 0   286.3 0     0.0 0     0.0 0     0.0 0   -52.6 0   -52.6 0    13.6 0    54.3 0     0.9 0    21.0 0   996.5 0
 2003 142  5 22  2 48  2.800 106.06    -7.0 0    -1.0 0    -0.8 0     0.1 0   301.3 0   286.3 0   286.1 0   353.6 0   286.3 0   286.3 0     0.0 0     0.0 0     0.0 0   -52.3 0   -52.3 0    13.6 0    54.1 0     0.7 0    20.1 0   996.6 0
 2003 142  5 22  2 51  2.850 106.46    -7.0 0    -0.9 0    -0.8 0     0.0 0   303.4 0   286.2 0   286.1 0   353.6 0   286.3 0   286.3 0     0.0 0     0.0 0     0.0 0   -50.2 0   -50.2 0    13.5 0    54.5 0     0.9 0    19.5 0   996.6 0
 2003 142  5 22  2 54  2.900 106.86    -6.9 0    -0.9 0    -0.8 0     0.0 0   305.7 0   286.2 0   286.0 0   353.1 0   286.2 0   286.2 0     0.0 0     0.0 0     0.0 0   -47.4 0   -47.4 0    13.4 0    55.1 0     0.8 0    19.9 0   996.6 0
 2003 142  5 22  2 57  2.950 107.25    -6.9 0    -0.9 0    -0.8 0     0.0 0   305.8 0   286.1 0   285.9 0   352.5 0   286.2 0   286.1 0     0.0 0     0.0 0     0.0 0   -46.6 0   -46.6 0    13.3 0    55.6 0     0.8 0    20.0 0   996.6 0
 2003 142  5 22  3  0  3.000 107.64    -6.9 0    -0.9 0    -0.8 0     0.0 0   305.1 0   286.0 0   285.9 0   352.1 0   286.1 0   286.1 0     0.0 0     0.0 0     0.0 0   -47.0 0   -47.0 0    13.2 0    56.1 0     0.7 0    19.3 0   996.7 0
 2003 142  5 22  3  3  3.050 108.02    -6.9 0    -0.9 0    -0.5 0     0.0 0   304.3 0   285.9 0   285.8 0   351.8 0   286.1 0   286.0 0     0.0 0     0.0 0     0.0 0   -47.5 0   -47.5 0    13.2 0    55.8 0     0.8 0    21.2 0   996.7 0
 2003 142  5 22  3  6  3.100 108.40    -6.9 0    -1.0 0    -0.7 0     0.0 0   303.5 0   285.9 0   285.8 0   351.8 0   286.0 0   286.0 0     0.0 0     0.0 0     0.0 0   -48.4 0   -48.4 0    13.2 0    55.6 0     1.0 0    17.0 0   996.7 0
 2003 142  5 22  3  9  3.150 108.77    -6.8 0    -0.9 0    -0.8 0     0.1 0   303.3 0   285.8 0   285.7 0   351.0 0   286.0 0   285.9 0     0.0 0     0.0 0     0.0 0   -47.8 0   -47.8 0    13.2 0    56.2 0     0.9 0    17.1 0   996.7 0
 2003 142  5 22  3 12  3.200 109.14    -6.8 0    -0.9 0    -0.8 0     0.0 0   303.2 0   285.8 0   285.6 0   350.7 0   285.9 0   285.9 0     0.0 0     0.0 0     0.0 0   -47.6 0   -47.6 0    13.1 0    56.2 0     0.8 0    20.8 0   996.8 0
 2003 142  5 22  3 15  3.250 109.50    -6.8 0    -1.0 0    -0.8 0     0.1 0   302.4 0   285.7 0   285.5 0   350.3 0   285.9 0   285.8 0     0.0 0     0.0 0     0.0 0   -47.9 0   -47.9 0    13.1 0    55.8 0     0.8 0    18.8 0   996.8 0
 2003 142  5 22  3 18  3.300 109.86    -6.8 0    -1.0 0    -0.5 0     0.0 0   302.1 0   285.6 0   285.5 0   350.0 0   285.8 0   285.8 0     0.0 0     0.0 0     0.0 0   -47.9 0   -47.9 0    13.1 0    55.8 0     0.8 0    22.3 0   996.8 0
 2003 142  5 22  3 21  3.350 110.21    -6.8 0    -1.0 0    -0.2 0     0.0 0   301.7 0   285.6 0   285.5 0   350.3 0   285.8 0   285.7 0     0.0 0     0.0 0     0.0 0   -48.6 0   -48.6 0    13.1 0    55.4 0     0.9 0    20.0 0   996.8 0
 2003 142  5 22  3 24  3.400 110.56    -6.9 0    -1.0 0    -0.2 0     0.0 0   301.8 0   285.5 0   285.4 0   350.0 0   285.8 0   285.7 0     0.0 0     0.0 0     0.0 0   -48.3 0   -48.3 0    13.0 0    55.5 0     0.7 0    23.0 0   996.8 0
 2003 142  5 22  3 27  3.450 110.90    -6.9 0    -1.0 0     0.1 0     0.0 0   301.6 0   285.5 0   285.4 0   350.0 0   285.7 0   285.7 0     0.0 0     0.0 0     0.0 0   -48.5 0   -48.5 0    13.0 0    55.1 0     0.8 0    21.9 0   996.8 0
 2003 142  5 22  3 30  3.500 111.24    -6.9 0    -1.1 0     0.0 0     0.0 0   300.7 0   285.4 0   285.4 0   350.5 0   285.7 0   285.7 0     0.0 0     0.0 0     0.0 0   -49.8 0   -49.8 0    13.1 0    54.1 0     0.8 0    25.4 0   996.8 0
 2003 142  5 22  3 33  3.550 111.57    -6.9 0    -1.0 0     0.0 0     0.0 0   299.8 0   285.4 0   285.3 0   350.2 0   285.7 0   285.7 0     0.0 0     0.0 0     0.0 0   -50.4 0   -50.4 0    13.2 0    53.4 0     0.9 0    23.5 0   996.8 0
 2003 142  5 22  3 36  3.600 111.89    -6.9 0    -1.0 0     0.0 0     0.0 0   299.5 0   285.4 0   285.3 0   350.0 0   285.7 0   285.7 0     0.0 0     0.0 0     0.0 0   -50.6 0   -50.6 0    13.3 0    53.0 0     0.8 0    24.3 0   996.8 0
 2003 142  5 22  3 39  3.650 112.21    -6.9 0    -1.0 0     0.0 0     0.0 0   298.8 0   285.3 0   285.3 0   349.5 0   285.7 0   285.7 0     0.0 0     0.0 0     0.0 0   -50.7 0   -50.7 0    13.2 0    52.8 0     1.0 0    23.3 0   996.8 0
 2003 142  5 22  3 42  3.700 112.53    -7.0 0    -1.0 0    -0.1 0     0.0 0   298.0 0   285.3 0   285.2 0   349.2 0   285.7 0   285.7 0     0.0 0     0.0 0     0.0 0   -51.2 0   -51.2 0    13.3 0    52.6 0     0.9 0    24.7 0   996.8 0
 2003 142  5 22  3 45  3.750 112.84    -7.0 0    -1.0 0    -0.1 0     0.0 0   297.3 0   285.3 0   285.2 0   348.7 0   285.7 0   285.7 0     0.0 0     0.0 0     0.0 0   -51.4 0   -51.4 0    13.2 0    52.7 0     0.8 0    26.1 0   996.8 0
 2003 142  5 22  3 48  3.800 113.14    -7.0 0    -1.0 0     0.1 0     0.0 0   296.7 0   285.3 0   285.2 0   348.4 0   285.7 0   285.7 0     0.0 0     0.0 0     0.0 0   -51.6 0   -51.6 0    13.1 0    53.0 0     0.9 0    27.0 0   996.9 0
 2003 142  5 22  3 51  3.850 113.44    -7.0 0    -1.0 0    -0.2 0     0.0 0   295.3 0   285.2 0   285.2 0   348.5 0   285.7 0   285.7 0     0.0 0     0.0 0     0.0 0   -53.2 0   -53.2 0    13.1 0    53.1 0     0.9 0    23.9 0   997.0 0
 2003 142  5 22  3 54  3.900 113.73    -7.0 0    -1.0 0    -0.5 0     0.0 0   295.0 0   285.2 0   285.1 0   349.1 0   285.7 0   285.7 0     0.0 0     0.0 0     0.0 0   -54.1 0   -54.1 0    13.0 0    53.0 0     1.0 0    22.2 0   996.9 0
 2003 142  5 22  3 57  3.950 114.01    -7.0 0    -1.0 0    -0.7 0     0.0 0   295.7 0   285.2 0   285.1 0   349.9 0   285.7 0   285.7 0     0.0 0     0.0 0     0.0 0   -54.1 0   -54.1 0    13.0 0    53.5 0     0.9 0    22.6 0   997.0 0
 2003 142  5 22  4  0  4.000 114.29    -7.0 0    -1.0 0    -0.5 0     0.0 0   298.5 0   285.1 0   285.1 0   351.6 0   285.7 0   285.7 0     0.0 0     0.0 0     0.0 0   -53.0 0   -53.0 0    13.0 0    53.3 0     0.9 0    27.2 0   997.0 0
 2003 142  5 22  4  3  4.050 114.57    -7.0 0    -1.0 0    -0.1 0     0.0 0   303.0 0   285.1 0   285.1 0   352.3 0   285.7 0   285.6 0     0.0 0     0.0 0     0.0 0   -49.3 0   -49.3 0    12.9 0    53.6 0     0.7 0    30.1 0   996.9 0
 2003 142  5 22  4  6  4.100 114.83    -6.9 0    -0.9 0    -0.2 0     0.0 0   309.5 0   285.1 0   285.1 0   353.5 0   285.6 0   285.6 0     0.0 0     0.0 0     0.0 0   -43.9 0   -43.9 0    12.9 0    54.1 0     0.7 0    28.9 0   996.9 0
 2003 142  5 22  4  9  4.150 115.09    -6.9 0    -0.9 0     0.0 0     0.0 0   316.2 0   285.1 0   285.1 0   354.8 0   285.6 0   285.6 0     0.0 0     0.0 0     0.0 0   -38.6 0   -38.6 0    12.8 0    54.1 0     0.8 0    26.8 0   996.9 0
 2003 142  5 22  4 12  4.200 115.35    -6.7 0    -1.0 0    -0.1 0     0.0 0   322.3 0   285.1 0   285.1 0   356.4 0   285.6 0   285.6 0     0.0 0     0.0 0     0.0 0   -34.1 0   -34.1 0    12.9 0    53.6 0     0.9 0    27.6 0   997.0 0
 2003 142  5 22  4 15  4.250 115.59    -6.6 0    -0.9 0     0.0 0     0.0 0   325.7 0   285.1 0   285.1 0   356.6 0   285.6 0   285.6 0     0.0 0     0.0 0     0.0 0   -30.9 0   -30.9 0    12.9 0    53.8 0     0.7 0    31.8 0   996.9 0
 2003 142  5 22  4 18  4.300 115.83    -6.6 0    -0.8 0     0.0 0     0.0 0   324.8 0   285.1 0   285.1 0   355.9 0   285.6 0   285.7 0     0.0 0     0.0 0     0.0 0   -31.1 0   -31.1 0    12.9 0    53.6 0     0.7 0    33.0 0   996.9 0
 2003 142  5 22  4 21  4.350 116.07    -6.6 0    -0.9 0     0.0 0     0.0 0   327.7 0   285.1 0   285.2 0   356.6 0   285.7 0   285.7 0     0.0 0     0.0 0     0.0 0   -28.8 0   -28.8 0    13.0 0    53.4 0     0.7 0    32.6 0   997.0 0
 2003 142  5 22  4 24  4.400 116.29    -6.6 0    -0.9 0     0.0 0     0.0 0   333.2 0   285.1 0   285.2 0   358.1 0   285.7 0   285.7 0     0.0 0     0.0 0     0.0 0   -24.9 0   -24.9 0    13.0 0    53.3 0     0.8 0    30.1 0   997.0 0
 2003 142  5 22  4 27  4.450 116.52    -6.5 0    -0.9 0     0.0 0     0.0 0   335.5 0   285.2 0   285.2 0   360.2 0   285.7 0   285.7 0     0.0 0     0.0 0     0.0 0   -24.7 0   -24.7 0    13.0 0    53.2 0     0.8 0    32.0 0   997.0 0
 2003 142  5 22  4 30  4.500 116.73    -6.5 0    -0.8 0     0.0 0     0.0 0   337.7 0   285.2 0   285.2 0   361.2 0   285.7 0   285.8 0     0.0 0     0.0 0     0.0 0   -23.5 0   -23.5 0    13.0 0    53.7 0     0.8 0    33.5 0   997.0 0
 2003 142  5 22  4 33  4.550 116.93    -6.5 0    -0.8 0    -0.2 0     0.0 0   339.8 0   285.2 0   285.2 0   362.5 0   285.8 0   285.8 0     0.0 0     0.0 0     0.0 0   -22.8 0   -22.8 0    13.0 0    53.5 0     0.8 0    34.0 0   997.1 0
 2003 142  5 22  4 36  4.600 117.13    -6.5 0    -0.6 0    -0.2 0     0.0 0   336.5 0   285.2 0   285.2 0   361.7 0   285.8 0   285.8 0     0.0 0     0.0 0     0.0 0   -25.2 0   -25.2 0    13.0 0    54.5 0     0.6 0    36.6 0   997.1 0
 2003 142  5 22  4 39  4.650 117.33    -6.5 0    -0.4 0    -0.1 0     0.0 0   332.4 0   285.2 0   285.2 0   360.4 0   285.8 0   285.8 0     0.0 0     0.0 0     0.0 0   -28.0 0   -28.0 0    12.8 0    54.8 0     0.7 0    37.3 0   997.1 0
 2003 142  5 22  4 42  4.700 117.51    -6.6 0    -0.4 0    -0.6 0     0.0 0   328.0 0   285.2 0   285.2 0   359.3 0   285.8 0   285.7 0     0.0 0     0.0 0     0.0 0   -31.3 0   -31.3 0    12.8 0    54.9 0     0.6 0    38.4 0   997.0 0
 2003 142  5 22  4 45  4.750 117.69    -6.6 0    -0.2 0    -0.8 0     0.0 0   321.9 0   285.2 0   285.2 0   357.0 0   285.7 0   285.7 0     0.0 0     0.0 0     0.0 0   -35.1 0   -35.1 0    12.7 0    55.6 0     0.6 0    37.5 0   997.0 0
 2003 142  5 22  4 48  4.800 117.86    -6.6 0    -0.2 0    -0.9 0     0.0 0   316.0 0   285.2 0   285.1 0   354.3 0   285.7 0   285.6 0     0.0 0     0.0 0     0.0 0   -38.3 0   -38.3 0    12.6 0    56.2 0     0.6 0    38.3 0   997.0 0
 2003 142  5 22  4 51  4.850 118.02    -6.7 0    -0.2 0    -0.9 0     0.0 0   313.7 0   285.2 0   285.1 0   352.3 0   285.6 0   285.6 0     0.0 0     0.0 0     0.0 0   -38.6 0   -38.6 0    12.5 0    56.1 0     0.7 0    36.4 0   997.0 0
 2003 142  5 22  4 54  4.900 118.18    -6.7 0    -0.3 0    -0.9 0     0.0 0   308.3 0   285.1 0   285.0 0   350.3 0   285.5 0   285.5 0     0.0 0     0.0 0     0.0 0   -42.0 0   -42.0 0    12.4 0    56.6 0     0.5 0    45.5 0   996.9 0
 2003 142  5 22  4 57  4.950 118.32    -6.7 0    -0.4 0    -0.8 0     0.0 0   303.7 0   285.1 0   285.0 0   349.5 0   285.5 0   285.4 0     0.0 0     0.0 0     0.0 0   -45.8 0   -45.8 0    12.3 0    56.1 0     0.7 0    37.9 0   996.9 0
 2003 142  5 22  5  0  5.000 118.46    -6.7 0    -0.3 0    -0.8 0     0.1 0   301.2 0   285.1 0   285.0 0   348.2 0   285.4 0   285.3 0     0.0 0     0.0 0     0.0 0   -47.0 0   -47.0 0    12.2 0    56.5 0     0.5 0    40.9 0   996.9 0
 2003 142  5 22  5  3  5.050 118.60    -6.8 0    -0.4 0    -0.9 0     0.2 0   297.1 0   285.0 0   284.9 0   347.5 0   285.3 0   285.2 0     0.0 0     0.0 0     0.0 0   -50.3 0   -50.3 0    12.1 0    56.7 0     0.6 0    38.3 0   996.9 0
 2003 142  5 22  5  6  5.100 118.72    -6.8 0    -0.6 0    -1.0 0     0.2 0   293.4 0   285.0 0   284.8 0   346.8 0   285.2 0   285.2 0     0.0 0     0.0 0     0.0 0   -53.4 0   -53.4 0    12.1 0    56.5 0     0.6 0    38.4 0   996.8 0
 2003 142  5 22  5  9  5.150 118.84    -6.8 0    -0.4 0    -1.2 0     0.3 0   291.3 0   284.9 0   284.8 0   346.3 0   285.1 0   285.1 0     0.0 0     0.0 0     0.0 0   -55.0 0   -55.0 0    12.0 0    57.2 0     0.6 0    36.4 0   996.8 0
 2003 142  5 22  5 12  5.200 118.95    -6.8 0    -0.3 0    -1.5 0     0.4 0   291.0 0   284.9 0   284.7 0   345.8 0   285.1 0   285.0 0     0.0 0     0.0 0     0.0 0   -54.8 0   -54.8 0    11.8 0    58.1 0     0.5 0    39.1 0   996.9 0
 2003 142  5 22  5 15  5.250 119.05    -6.8 0    -0.6 0    -1.2 0     0.3 0   290.7 0   284.8 0   284.6 0   345.8 0   285.0 0   284.9 0     0.0 0     0.0 0     0.0 0   -55.1 0   -55.1 0    11.7 0    57.7 0     0.6 0    36.2 0   996.8 0
 2003 142  5 22  5 18  5.300 119.14    -6.8 0    -0.6 0    -1.0 0     0.2 0   291.5 0   284.7 0   284.6 0   345.7 0   284.9 0   284.8 0     0.0 0     0.0 0     0.0 0   -54.2 0   -54.2 0    11.7 0    57.6 0     0.4 0    46.1 0   996.8 0
 2003 142  5 22  5 21  5.350 119.23    -6.8 0    -0.7 0    -0.8 0     0.2 0   292.0 0   284.7 0   284.5 0   346.1 0   284.8 0   284.7 0     0.0 0     0.0 0     0.0 0   -54.1 0   -54.1 0    11.7 0    57.3 0     0.6 0    32.9 0   996.8 0
 2003 142  5 22  5 24  5.400 119.31    -6.8 0    -0.8 0    -1.1 0     0.3 0   291.3 0   284.6 0   284.4 0   346.0 0   284.7 0   284.7 0     0.0 0     0.0 0     0.0 0   -54.7 0   -54.7 0    11.7 0    56.9 0     0.7 0    29.9 0   996.8 0
 2003 142  5 22  5 27  5.450 119.37    -6.8 0    -0.7 0    -1.2 0     0.4 0   289.8 0   284.5 0   284.3 0   344.3 0   284.7 0   284.6 0     0.0 0     0.0 0     0.0 0   -54.5 0   -54.5 0    11.7 0    57.3 0     0.8 0    21.7 0   996.8 0
 2003 142  5 22  5 30  5.500 119.44    -6.8 0    -0.8 0    -1.2 0     0.4 0   288.1 0   284.4 0   284.3 0   343.3 0   284.6 0   284.5 0     0.0 0     0.0 0     0.0 0   -55.2 0   -55.2 0    11.5 0    58.0 0     0.9 0    19.1 0   996.9 0
 2003 142  5 22  5 33  5.550 119.49    -6.9 0    -0.6 0    -1.5 0     0.4 0   288.3 0   284.4 0   284.1 0   342.8 0   284.5 0   284.4 0     0.0 0     0.0 0     0.0 0   -54.5 0   -54.5 0    11.3 0    59.7 0     1.1 0    14.3 0   996.9 0
 2003 142  5 22  5 36  5.600 119.54    -6.8 0    -0.7 0    -1.8 0     0.7 0   288.6 0   284.3 0   284.0 0   341.3 0   284.4 0   284.2 0     0.0 0     0.0 0     0.0 0   -52.6 0   -52.6 0    11.1 0    60.6 0     1.2 0    12.2 0   997.0 0
 2003 142  5 22  5 39  5.650 119.57    -6.7 0    -0.8 0    -1.9 0     0.7 0   286.4 0   284.2 0   283.9 0   340.1 0   284.2 0   284.1 0     0.0 0     0.0 0     0.0 0   -53.8 0   -53.8 0    11.0 0    60.8 0     1.2 0    12.6 0   996.9 0
 2003 142  5 22  5 42  5.700 119.60    -6.7 0    -0.9 0    -1.7 0     0.6 0   285.5 0   284.1 0   283.8 0   339.6 0   284.1 0   284.0 0     0.0 0     0.0 0     0.0 0   -54.1 0   -54.1 0    10.9 0    60.7 0     1.1 0    12.0 0   996.9 0
 2003 142  5 22  5 45  5.750 119.62    -6.8 0    -1.0 0    -1.3 0     0.4 0   285.2 0   284.0 0   283.8 0   339.3 0   284.0 0   283.9 0     0.0 0     0.0 0     0.0 0   -54.1 0   -54.1 0    10.9 0    60.2 0     0.9 0    15.9 0   996.8 0
 2003 142  5 22  5 48  5.800 119.64    -6.8 0    -1.1 0    -0.6 0     0.2 0   285.3 0   283.9 0   283.7 0   341.0 0   283.9 0   283.9 0     0.0 0     0.0 0     0.0 0   -55.6 0   -55.6 0    11.1 0    58.2 0     1.0 0    20.3 0   996.8 0
 2003 142  5 22  5 51  5.850 119.64    -6.7 0    -1.0 0    -0.1 0     0.2 0   286.0 0   283.8 0   283.7 0   340.6 0   283.9 0   283.8 0     0.0 0     0.0 0     0.0 0   -54.6 0   -54.6 0    11.2 0    58.3 0     0.7 0    21.0 0   996.8 0
 2003 142  5 22  5 54  5.900 119.64    -6.7 0    -0.9 0    -0.3 0     0.2 0   286.3 0   283.7 0   283.6 0   339.7 0   283.8 0   283.7 0     0.0 0     0.0 0     0.0 0   -53.4 0   -53.4 0    11.0 0    59.6 0     1.0 0    14.3 0   996.7 0
 2003 142  5 22  5 57  5.950 119.63    -6.8 0    -0.8 0    -0.8 0     0.3 0   285.9 0   283.7 0   283.5 0   338.9 0   283.7 0   283.6 0     0.0 0     0.0 0     0.0 0   -53.0 0   -53.0 0    10.8 0    60.8 0     1.3 0    10.6 0   996.7 0
 2003 142  5 22  6  0  6.000 119.61    -6.7 0    -0.3 0    -1.5 0     0.7 0   286.3 0   283.6 0   283.3 0   338.0 0   283.6 0   283.5 0     0.0 0     0.0 0     0.0 0   -51.7 0   -51.7 0    10.4 0    66.6 0     1.6 0     8.7 0   996.7 0
 2003 142  5 22  6  3  6.050 119.58    -6.7 0    -0.4 0    -1.8 0     0.8 0   288.8 0   283.5 0   283.2 0   336.2 0   283.4 0   283.3 0     0.0 0     0.0 0     0.0 0   -47.4 0   -47.4 0    10.1 0    69.5 0     1.0 0    11.2 0   996.7 0
 2003 142  5 22  6  6  6.100 119.55    -6.6 0    -0.9 0    -2.0 0     0.8 0   289.1 0   283.4 0   283.1 0   335.4 0   283.3 0   283.2 0     0.0 0     0.0 0     0.0 0   -46.3 0   -46.3 0     9.8 0    70.5 0     0.6 0    14.7 0   996.6 0
 2003 142  5 22  6  9  6.150 119.50    -6.5 0    -1.0 0    -2.0 0     0.7 0   289.8 0   283.3 0   283.0 0   336.0 0   283.1 0   283.0 0     0.0 0     0.0 0     0.0 0   -46.1 0   -46.1 0     9.7 0    70.7 0     0.9 0    10.0 0   996.6 0
 2003 142  5 22  6 12  6.200 119.45    -6.4 0    -0.9 0    -1.8 0     0.7 0   290.7 0   283.2 0   282.9 0   335.4 0   283.0 0   282.9 0     0.0 0     0.0 0     0.0 0   -44.8 0   -44.8 0     9.6 0    71.2 0     1.2 0     6.1 0   996.6 0
 2003 142  5 22  6 15  6.250 119.39    -6.3 0    -0.9 0    -1.6 0     0.7 0   287.0 0   283.1 0   282.8 0   334.7 0   282.9 0   282.8 0     0.0 0     0.0 0     0.0 0   -47.7 0   -47.7 0     9.6 0    71.7 0     1.3 0     7.5 0   996.6 0
 2003 142  5 22  6 18  6.300 119.33    -6.4 0    -1.0 0    -1.1 0     0.4 0   286.1 0   283.0 0   282.7 0   334.5 0   282.7 0   282.7 0     0.0 0     0.0 0     0.0 0   -48.4 0   -48.4 0     9.6 0    71.1 0     1.0 0    11.5 0   996.6 0
 2003 142  5 22  6 21  6.350 119.25    -6.4 0    -1.0 0    -1.0 0     0.4 0   285.4 0   282.9 0   282.6 0   334.5 0   282.6 0   282.6 0     0.0 0     0.0 0     0.0 0   -49.1 0   -49.1 0     9.6 0    70.4 0     0.8 0    12.4 0   996.5 0
 2003 142  5 22  6 24  6.400 119.17    -6.4 0    -1.0 0    -0.8 0     0.4 0   287.8 0   282.8 0   282.5 0   335.5 0   282.5 0   282.5 0     0.0 0     0.0 0     0.0 0   -47.7 0   -47.7 0     9.6 0    70.2 0     1.2 0    11.0 0   996.6 0
 2003 142  5 22  6 27  6.450 119.07    -6.3 0    -1.0 0    -0.6 0     0.4 0   290.1 0   282.7 0   282.5 0   335.0 0   282.5 0   282.4 0     0.0 0     0.0 0     0.0 0   -44.9 0   -44.9 0     9.6 0    70.3 0     1.6 0     6.9 0   996.7 0
 2003 142  5 22  6 30  6.500 118.98    -6.2 0    -0.9 0    -0.6 0     0.4 0   289.2 0   282.6 0   282.4 0   334.5 0   282.4 0   282.4 0     0.0 0     0.0 0     0.0 0   -45.4 0   -45.4 0     9.5 0    71.1 0     1.6 0     6.8 0   996.6 0
 2003 142  5 22  6 33  6.550 118.87    -6.2 0    -0.9 0    -0.5 0     0.4 0   287.5 0   282.5 0   282.3 0   334.3 0   282.3 0   282.3 0     0.0 0     0.0 0     0.0 0   -46.8 0   -46.8 0     9.4 0    71.2 0     1.2 0     9.1 0   996.6 0
 2003 142  5 22  6 36  6.600 118.75    -6.1 0    -0.9 0    -0.7 0     0.4 0   285.9 0   282.4 0   282.2 0   333.6 0   282.3 0   282.2 0     0.0 0     0.0 0     0.0 0   -47.7 0   -47.7 0     9.4 0    71.3 0     1.0 0     9.1 0   996.5 0
 2003 142  5 22  6 39  6.650 118.63    -6.3 0    -0.9 0    -0.8 0     0.4 0   288.0 0   282.3 0   282.1 0   334.3 0   282.2 0   282.1 0     0.0 0     0.0 0     0.0 0   -46.3 0   -46.3 0     9.3 0    71.6 0     1.5 0     6.5 0   996.6 0
 2003 142  5 22  6 42  6.700 118.50    -6.2 0    -0.8 0    -0.8 0     0.4 0   292.5 0   282.2 0   282.0 0   334.7 0   282.1 0   282.1 0     0.0 0     0.0 0     0.0 0   -42.2 0   -42.2 0     9.2 0    72.6 0     1.6 0     6.2 0   996.6 0
 2003 142  5 22  6 45  6.750 118.36    -6.1 0    -0.9 0    -0.6 0     0.3 0   294.6 0   282.2 0   282.0 0   335.3 0   282.0 0   282.0 0     0.0 0     0.0 0     0.0 0   -40.7 0   -40.7 0     9.2 0    72.2 0     1.2 0     9.0 0   996.6 0
 2003 142  5 22  6 48  6.800 118.22    -6.1 0    -1.0 0    -0.4 0     0.3 0   294.1 0   282.1 0   281.9 0   335.6 0   282.0 0   282.0 0     0.0 0     0.0 0     0.0 0   -41.5 0   -41.5 0     9.2 0    72.0 0     1.1 0     8.8 0   996.6 0
 2003 142  5 22  6 51  6.850 118.06    -6.1 0    -1.0 0    -0.4 0     0.3 0   292.7 0   282.0 0   281.9 0   335.1 0   281.9 0   281.9 0     0.0 0     0.0 0     0.0 0   -42.3 0   -42.3 0     9.2 0    72.1 0     1.4 0     6.5 0   996.6 0
 2003 142  5 22  6 54  6.900 117.90    -6.1 0    -0.9 0    -0.5 0     0.4 0   288.7 0   281.9 0   281.8 0   334.4 0   281.9 0   281.9 0     0.0 0     0.0 0     0.0 0   -45.6 0   -45.6 0     9.1 0    72.9 0     1.3 0     5.2 0   996.5 0
 2003 142  5 22  6 57  6.950 117.74    -6.1 0    -1.0 0    -0.6 0     0.4 0   286.7 0   281.9 0   281.7 0   334.6 0   281.8 0   281.8 0     0.0 0     0.0 0     0.0 0   -47.8 0   -47.8 0     9.1 0    72.7 0     1.1 0     9.6 0   996.5 0
 2003 142  5 22  7  0  7.000 117.56    -6.1 0    -1.0 0    -0.6 0     0.4 0   286.0 0   281.8 0   281.6 0   334.2 0   281.8 0   281.8 0     0.0 0     0.0 0     0.0 0   -48.2 0   -48.2 0     9.1 0    72.5 0     1.0 0     9.5 0   996.5 0
 2003 142  5 22  7  3  7.050 117.38    -6.2 0    -1.0 0    -0.8 0     0.4 0   287.3 0   281.7 0   281.5 0   334.7 0   281.7 0   281.7 0     0.0 0     0.0 0     0.0 0   -47.3 0   -47.3 0     9.1 0    72.5 0     1.0 0     9.8 0   996.5 0
 2003 142  5 22  7  6  7.100 117.19    -6.3 0    -1.0 0    -0.4 0     0.2 0   289.5 0   281.6 0   281.5 0   335.8 0   281.7 0   281.7 0     0.0 0     0.0 0     0.0 0   -46.3 0   -46.3 0     9.1 0    71.9 0     1.1 0     9.8 0   996.4 0
 2003 142  5 22  7  9  7.150 116.99    -6.2 0    -1.0 0    -0.3 0     0.1 0   292.7 0   281.6 0   281.5 0   336.8 0   281.7 0   281.7 0     0.0 0     0.0 0     0.0 0   -44.1 0   -44.1 0     9.2 0    71.2 0     0.8 0    10.9 0   996.4 0
 2003 142  5 22  7 12  7.200 116.79    -6.1 0    -1.0 0     0.0 0     0.0 0   295.3 0   281.5 0   281.4 0   338.3 0   281.7 0   281.7 0     0.0 0     0.0 0     0.0 0   -43.1 0   -43.1 0     9.2 0    70.9 0     0.8 0    10.7 0   996.4 0
 2003 142  5 22  7 15  7.250 116.58    -6.1 0    -1.1 0     0.3 0     0.0 0   300.1 0   281.5 0   281.4 0   342.0 0   281.7 0   281.7 0     0.0 0     0.0 0     0.0 0   -42.0 0   -42.0 0     9.3 0    69.7 0     0.9 0    14.2 0   996.4 0
 2003 142  5 22  7 18  7.300 116.36    -6.1 0    -1.0 0     0.8 0    -0.2 0   308.8 0   281.4 0   281.4 0   345.1 0   281.7 0   281.8 0     0.0 0     0.0 0     0.0 0   -36.3 0   -36.3 0     9.5 0    69.2 0     0.8 0    14.6 0   996.3 0
 2003 142  5 22  7 21  7.350 116.13    -6.1 0    -0.9 0     0.8 0    -0.3 0   321.3 0   281.4 0   281.4 0   346.3 0   281.8 0   281.8 0     0.0 0     0.0 0     0.0 0   -25.1 0   -25.1 0     9.5 0    69.6 0     0.9 0    11.3 0   996.4 0
 2003 142  5 22  7 24  7.400 115.90    -5.9 0    -0.6 0     0.8 0    -0.4 0   328.8 0   281.4 0   281.5 0   346.5 0   281.8 0   281.9 0     0.0 0     0.0 0     0.0 0   -17.7 0   -17.7 0     9.5 0    70.3 0     1.1 0     8.2 0   996.4 0
 2003 142  5 22  7 27  7.450 115.66    -5.7 0    -0.8 0     1.0 0    -0.4 0   328.2 0   281.4 0   281.5 0   346.1 0   281.9 0   281.9 0     0.0 0     0.0 0     0.0 0   -17.9 0   -17.9 0     9.6 0    69.8 0     1.3 0     7.0 0   996.4 0
 2003 142  5 22  7 30  7.500 115.42    -5.7 0    -0.5 0     0.6 0    -0.2 0   324.6 0   281.4 0   281.4 0   344.1 0   281.9 0   281.9 0     0.0 0     0.0 0     0.0 0   -19.5 0   -19.5 0     9.6 0    71.9 0     1.4 0     4.0 0   996.4 0
 2003 142  5 22  7 33  7.550 115.17    -5.7 0    -0.6 0     0.5 0     0.0 0   317.7 0   281.4 0   281.4 0   341.7 0   282.0 0   282.0 0     0.0 0     0.0 0     0.0 0   -24.0 0   -24.0 0     9.5 0    72.5 0     1.2 0     7.1 0   996.3 0
 2003 142  5 22  7 36  7.600 114.91    -5.9 0    -0.7 0     0.4 0     0.0 0   308.5 0   281.4 0   281.4 0   339.6 0   282.0 0   282.0 0     0.0 0     0.0 0     0.0 0   -31.1 0   -31.1 0     9.5 0    72.4 0     1.3 0     8.4 0   996.3 0
 2003 142  5 22  7 39  7.650 114.64    -6.2 0    -0.8 0     0.1 0     0.0 0   305.0 0   281.4 0   281.4 0   337.9 0   282.0 0   282.0 0     0.0 0     0.0 0     0.0 0   -32.9 0   -32.9 0     9.4 0    72.9 0     1.4 0     8.9 0   996.3 0
 2003 142  5 22  7 42  7.700 114.37    -6.2 0    -1.0 0     0.1 0     0.0 0   303.1 0   281.4 0   281.4 0   337.1 0   282.0 0   282.0 0     0.0 0     0.0 0     0.0 0   -34.1 0   -34.1 0     9.4 0    72.5 0     1.4 0     9.8 0   996.2 0
 2003 142  5 22  7 45  7.750 114.09    -6.2 0    -0.9 0    -0.3 0     0.1 0   298.0 0   281.4 0   281.3 0   334.5 0   282.0 0   281.9 0     0.0 0     0.0 0     0.0 0   -36.4 0   -36.4 0     9.3 0    72.9 0     1.4 0     7.6 0   996.3 0
 2003 142  5 22  7 48  7.800 113.81    -6.3 0    -0.8 0    -0.4 0     0.2 0   287.6 0   281.3 0   281.3 0   331.3 0   281.9 0   281.9 0     0.0 0     0.0 0     0.0 0   -43.7 0   -43.7 0     9.2 0    73.7 0     1.6 0     7.7 0   996.2 0
 2003 142  5 22  7 51  7.850 113.52    -6.5 0    -0.7 0    -1.0 0     0.4 0   278.9 0   281.3 0   281.2 0   328.9 0   281.9 0   281.8 0     0.0 0     0.0 0     0.0 0   -50.1 0   -50.1 0     9.0 0    74.7 0     1.3 0     9.3 0   996.2 0
 2003 142  5 22  7 54  7.900 113.23    -6.5 0    -0.8 0    -1.3 0     0.4 0   275.1 0   281.3 0   281.1 0   327.6 0   281.8 0   281.7 0     0.0 0     0.0 0     0.0 0   -52.5 0   -52.5 0     8.8 0    75.4 0     1.4 0     9.0 0   996.2 0
 2003 142  5 22  7 57  7.950 112.92    -6.5 0    -0.8 0    -1.6 0     0.4 0   272.7 0   281.2 0   281.0 0   326.6 0   281.7 0   281.6 0     0.0 0     0.0 0     0.0 0   -53.9 0   -53.9 0     8.6 0    76.5 0     1.4 0     8.0 0   996.2 0
 2003 142  5 22  8  0  8.000 112.62    -6.6 0    -0.8 0    -1.7 0     0.4 0   271.9 0   281.1 0   280.9 0   326.4 0   281.5 0   281.5 0     0.0 0     0.0 0     0.0 0   -54.5 0   -54.5 0     8.4 0    77.1 0     1.6 0     7.5 0   996.3 0
 2003 142  5 22  8  3  8.050 112.30    -6.5 0    -0.9 0    -1.6 0     0.4 0   272.0 0   281.1 0   280.9 0   326.9 0   281.4 0   281.4 0     0.0 0     0.0 0     0.0 0   -54.8 0   -54.8 0     8.3 0    77.0 0     2.0 0     7.6 0   996.3 0
 2003 142  5 22  8  6  8.100 111.98    -6.5 0    -0.8 0    -1.4 0     0.4 0   272.0 0   281.0 0   280.8 0   326.6 0   281.3 0   281.3 0     0.0 0     0.0 0     0.0 0   -54.5 0   -54.5 0     8.3 0    77.2 0     1.8 0     7.8 0   996.3 0
 2003 142  5 22  8  9  8.150 111.66    -6.5 0    -0.6 0    -1.2 0     0.4 0   272.6 0   280.9 0   280.7 0   326.4 0   281.2 0   281.1 0     0.0 0     0.0 0     0.0 0   -53.9 0   -53.9 0     8.2 0    77.8 0     1.6 0     8.6 0   996.3 0
 2003 142  5 22  8 12  8.200 111.33    -6.5 0    -0.7 0    -1.2 0     0.4 0   273.8 0   280.9 0   280.7 0   326.5 0   281.1 0   281.0 0     0.0 0     0.0 0     0.0 0   -52.6 0   -52.6 0     8.1 0    78.3 0     1.4 0     8.5 0   996.2 0
 2003 142  5 22  8 15  8.250 110.99    -6.4 0    -0.7 0    -1.2 0     0.4 0   274.3 0   280.8 0   280.6 0   325.9 0   281.0 0   280.9 0     0.0 0     0.0 0     0.0 0   -51.6 0   -51.6 0     7.9 0    79.0 0     1.6 0     7.7 0   996.2 0
 2003 142  5 22  8 18  8.300 110.65    -6.3 0    -0.7 0    -1.2 0     0.4 0   274.1 0   280.7 0   280.5 0   325.6 0   280.9 0   280.8 0     0.0 0     0.0 0     0.0 0   -51.5 0   -51.5 0     7.8 0    79.8 0     1.5 0     7.5 0   996.2 0
 2003 142  5 22  8 21  8.350 110.31    -6.3 0    -0.7 0    -1.2 0     0.4 0   274.7 0   280.6 0   280.4 0   325.8 0   280.8 0   280.7 0     0.0 0     0.0 0     0.0 0   -51.2 0   -51.2 0     7.7 0    80.4 0     1.5 0     7.4 0   996.2 0
 2003 142  5 22  8 24  8.400 109.96    -6.3 0    -0.8 0    -1.2 0     0.4 0   274.6 0   280.6 0   280.4 0   325.8 0   280.7 0   280.6 0     0.0 0     0.0 0     0.0 0   -51.2 0   -51.2 0     7.6 0    81.0 0     1.4 0     7.9 0   996.2 0
 2003 142  5 22  8 27  8.450 109.60    -6.3 0    -0.9 0    -1.0 0     0.4 0   274.1 0   280.5 0   280.3 0   326.5 0   280.6 0   280.6 0     0.0 0     0.0 0     0.0 0   -52.4 0   -52.4 0     7.6 0    80.7 0     2.0 0     7.2 0   996.2 0
 2003 142  5 22  8 30  8.500 109.24    -6.4 0    -0.8 0    -0.8 0     0.4 0   275.6 0   280.4 0   280.2 0   326.4 0   280.5 0   280.5 0     0.0 0     0.0 0     0.0 0   -50.8 0   -50.8 0     7.6 0    80.9 0     1.7 0     5.9 0   996.3 0
 2003 142  5 22  8 33  8.550 108.87    -6.3 0    -0.8 0    -0.7 0     0.4 0   274.3 0   280.3 0   280.2 0   326.2 0   280.5 0   280.4 0     0.0 0     0.0 0     0.0 0   -51.9 0   -51.9 0     7.6 0    80.8 0     1.8 0     6.4 0   996.3 0
 2003 142  5 22  8 36  8.600 108.50    -6.3 0    -0.8 0    -0.6 0     0.4 0   278.5 0   280.3 0   280.1 0   327.8 0   280.4 0   280.4 0     0.0 0     0.0 0     0.0 0   -49.2 0   -49.2 0     7.5 0    80.9 0     1.8 0     7.3 0   996.4 0
 2003 142  5 22  8 39  8.650 108.13    -6.3 0    -0.7 0    -0.4 0     0.4 0   282.3 0   280.2 0   280.1 0   327.8 0   280.4 0   280.3 0     0.0 0     0.0 0     0.0 0   -45.4 0   -45.4 0     7.5 0    80.9 0     1.7 0     6.5 0   996.4 0
 2003 142  5 22  8 42  8.700 107.74    -6.2 0    -0.7 0    -0.4 0     0.4 0   279.5 0   280.2 0   280.0 0   325.5 0   280.3 0   280.3 0     0.0 0     0.0 0     0.0 0   -45.9 0   -45.9 0     7.5 0    81.1 0     1.7 0     6.0 0   996.5 0
 2003 142  5 22  8 45  8.750 107.36    -6.3 0    -0.7 0    -0.5 0     0.4 0   270.8 0   280.1 0   279.9 0   323.3 0   280.3 0   280.2 0     0.0 0     0.0 0     0.0 0   -52.5 0   -52.5 0     7.4 0    81.2 0     1.6 0     7.1 0   996.4 0
 2003 142  5 22  8 48  8.800 106.97    -6.4 0    -0.7 0    -0.8 0     0.4 0   268.6 0   280.0 0   279.8 0   322.5 0   280.2 0   280.2 0     0.0 0     0.0 0     0.0 0   -53.9 0   -53.9 0     7.3 0    81.7 0     1.6 0     7.5 0   996.5 0
 2003 142  5 22  8 51  8.850 106.58    -6.4 0    -0.8 0    -0.9 0     0.4 0   268.4 0   280.0 0   279.8 0   322.0 0   280.1 0   280.1 0     0.0 0     0.0 0     0.0 0   -53.5 0   -53.5 0     7.3 0    81.7 0     2.0 0     7.0 0   996.5 0
 2003 142  5 22  8 54  8.900 106.18    -6.4 0    -0.9 0    -0.8 0     0.4 0   267.4 0   279.9 0   279.7 0   320.9 0   280.1 0   280.0 0     0.0 0     0.0 0     0.0 0   -53.5 0   -53.5 0     7.2 0    81.6 0     1.7 0     7.7 0   996.5 0
 2003 142  5 22  8 57  8.950 105.77    -6.4 0    -0.8 0    -0.8 0     0.4 0   266.5 0   279.8 0   279.6 0   320.3 0   280.0 0   280.0 0     0.0 0     0.0 0     0.0 0   -53.8 0   -53.8 0     7.1 0    81.9 0     1.8 0     7.7 0   996.5 0
 2003 142  5 22  9  0  9.000 105.37    -6.5 0    -0.9 0    -0.9 0     0.4 0   266.1 0   279.7 0   279.6 0   320.0 0   280.0 0   279.9 0     0.0 0     0.0 0     0.0 0   -53.9 0   -53.9 0     7.1 0    82.1 0     1.5 0     7.7 0   996.5 0
 2003 142  5 22  9  3  9.050 104.96    -6.4 0    -0.9 0    -0.9 0     0.4 0   265.9 0   279.7 0   279.5 0   319.6 0   279.9 0   279.8 0     0.0 0     0.0 0     0.0 0   -53.7 0   -53.7 0     7.0 0    82.1 0     1.6 0     7.4 0   996.5 0
 2003 142  5 22  9  6  9.100 104.54    -6.4 0    -1.0 0    -0.8 0     0.4 0   265.9 0   279.6 0   279.4 0   319.3 0   279.8 0   279.8 0     0.0 0     0.0 0     0.0 0   -53.4 0   -53.4 0     7.0 0    81.8 0     1.5 0     7.8 0   996.5 0
 2003 142  5 22  9  9  9.150 104.12    -6.4 0    -0.9 0    -0.9 0     0.4 0   266.0 0   279.5 0   279.4 0   319.0 0   279.8 0   279.7 0     0.0 0     0.0 0     0.0 0   -53.0 0   -53.0 0     6.9 0    82.2 0     1.5 0     8.5 0   996.5 0
 2003 142  5 22  9 12  9.200 103.70    -6.4 0    -0.9 0    -0.8 0     0.4 0   266.0 0   279.5 0   279.3 0   318.8 0   279.7 0   279.6 0     0.0 0     0.0 0     0.0 0   -52.8 0   -52.8 0     6.9 0    82.5 0     1.6 0     7.6 0   996.5 0
 2003 142  5 22  9 15  9.250 103.27    -6.4 0    -1.0 0    -0.8 0     0.4 0   265.6 0   279.4 0   279.2 0   318.5 0   279.6 0   279.6 0     0.0 0     0.0 0     0.0 0   -52.9 0   -52.9 0     6.8 0    82.6 0     1.6 0     7.3 0   996.5 0
 2003 142  5 22  9 18  9.300 102.84    -6.4 0    -0.9 0    -0.8 0     0.4 0   265.3 0   279.3 0   279.2 0   318.3 0   279.6 0   279.5 0     0.0 0     0.0 0     0.0 0   -53.0 0   -53.0 0     6.7 0    83.0 0     1.6 0     7.7 0   996.5 0
 2003 142  5 22  9 21  9.350 102.40    -6.4 0    -1.0 0    -0.7 0     0.4 0   265.2 0   279.3 0   279.1 0   318.3 0   279.5 0   279.5 0     0.0 0     0.0 0     0.0 0   -53.1 0   -53.1 0     6.7 0    82.8 0     1.6 0     7.4 0   996.5 0
 2003 142  5 22  9 24  9.400 101.96    -6.3 0    -0.9 0    -0.5 0     0.4 0   265.1 0   279.2 0   279.0 0   317.9 0   279.5 0   279.4 0     0.0 0     0.0 0     0.0 0   -52.8 0   -52.8 0     6.7 0    82.8 0     1.6 0     5.8 0   996.5 0
 2003 142  5 22  9 27  9.450 101.52    -6.3 0    -0.8 0    -0.9 0     0.4 0   265.0 0   279.1 0   279.0 0   317.0 0   279.4 0   279.3 0     0.0 0     0.0 0     0.0 0   -52.0 0   -52.0 0     6.6 0    83.5 0     1.3 0     4.9 0   996.5 0
 2003 142  5 22  9 30  9.500 101.08    -6.1 0    -0.9 0    -1.1 0     0.4 0   264.7 0   279.1 0   278.9 0   316.5 0   279.3 0   279.3 0     0.0 0     0.0 0     0.0 0   -51.8 0   -51.8 0     6.4 0    83.9 0     1.3 0     7.5 0   996.5 0
 2003 142  5 22  9 33  9.550 100.63    -6.2 0    -1.0 0    -0.8 0     0.4 0   264.4 0   279.0 0   278.8 0   316.4 0   279.2 0   279.2 0     0.0 0     0.0 0     0.0 0   -52.0 0   -52.0 0     6.4 0    83.7 0     1.4 0     6.6 0   996.5 0
 2003 142  5 22  9 36  9.600 100.18    -6.2 0    -1.1 0    -0.8 0     0.4 0   263.8 0   278.9 0   278.8 0   316.3 0   279.2 0   279.1 0     0.0 0     0.0 0     0.0 0   -52.6 0   -52.6 0     6.4 0    83.6 0     1.2 0     7.9 0   996.5 0
 2003 142  5 22  9 39  9.650  99.72    -6.2 0    -1.1 0    -0.4 0     0.4 0   263.4 0   278.9 0   278.7 0   316.2 0   279.1 0   279.1 0     0.0 0     0.0 0     0.0 0   -52.8 0   -52.8 0     6.4 0    83.2 0     1.4 0     6.1 0   996.5 0
 2003 142  5 22  9 42  9.700  99.26    -6.2 0    -1.1 0    -0.4 0     0.4 0   263.0 0   278.8 0   278.7 0   315.8 0   279.1 0   279.1 0     0.0 0     0.0 0     0.0 0   -52.8 0   -52.8 0     6.4 0    83.1 0     1.4 0     6.7 0   996.6 0
 2003 142  5 22  9 45  9.750  98.80    -6.2 0    -1.1 0    -0.4 0     0.4 0   262.7 0   278.7 0   278.6 0   315.8 0   279.1 0   279.0 0     0.0 0     0.0 0     0.0 0   -53.1 0   -53.1 0     6.4 0    83.0 0     1.6 0     6.7 0   996.6 0
 2003 142  5 22  9 48  9.800  98.33    -6.3 0    -1.1 0    -0.4 0     0.4 0   262.2 0   278.7 0   278.6 0   315.8 0   279.0 0   279.0 0     0.0 0     0.0 0     0.0 0   -53.5 0   -53.5 0     6.4 0    82.8 0     1.5 0     7.1 0   996.6 0
 2003 142  5 22  9 51  9.850  97.86    -6.3 0    -1.1 0    -0.4 0     0.4 0   261.8 0   278.6 0   278.5 0   315.6 0   279.0 0   279.0 0     0.0 0     0.0 0     0.0 0   -53.8 0   -53.8 0     6.4 0    82.7 0     1.5 0     7.3 0   996.6 0
 2003 142  5 22  9 54  9.900  97.39    -6.3 0    -1.1 0    -0.3 0     0.4 0   261.3 0   278.6 0   278.5 0   315.3 0   279.0 0   278.9 0     0.0 0     0.0 0     0.0 0   -54.0 0   -54.0 0     6.4 0    82.3 0     1.6 0     6.9 0   996.7 0
 2003 142  5 22  9 57  9.950  96.92    -6.3 0    -1.1 0    -0.2 0     0.3 0   260.9 0   278.5 0   278.4 0   315.1 0   279.0 0   278.9 0     0.0 0     0.1 0     0.0 0   -54.2 0   -54.2 0     6.5 0    82.1 0     1.6 0     8.4 0   996.7 0
 2003 142  5 22 10  0 10.000  96.44    -6.4 0    -1.0 0    -0.1 0     0.4 0   260.3 0   278.5 0   278.4 0   314.5 0   278.9 0   278.9 0     0.0 0     0.0 0     0.0 0   -54.2 0   -54.2 0     6.4 0    82.4 0     1.4 0     8.2 0   996.7 0
 2003 142  5 22 10  3 10.050  95.96    -6.3 0    -1.1 0    -0.2 0     0.4 0   259.7 0   278.4 0   278.3 0   314.1 0   278.9 0   278.9 0     0.0 0     0.0 0     0.4 0   -54.4 0   -54.0 0     6.3 0    82.6 0     1.2 0     8.6 0   996.7 0
 2003 142  5 22 10  6 10.100  95.48    -6.2 0    -1.0 0    -0.2 0     0.4 0   259.0 0   278.4 0   278.2 0   313.3 0   278.9 0   278.8 0     0.0 0     0.0 0     0.4 0   -54.3 0   -53.9 0     6.2 0    83.0 0     1.1 0     7.6 0   996.7 0
 2003 142  5 22 10  9 10.150  94.99    -6.1 0    -1.1 0    -0.1 0     0.4 0   258.5 0   278.3 0   278.2 0   312.9 0   278.8 0   278.8 0     0.0 0     0.0 0     0.4 0   -54.3 0   -54.0 0     6.1 0    83.1 0     1.1 0     6.9 0   996.7 0
 2003 142  5 22 10 12 10.200  94.50    -6.0 0    -1.1 0     0.0 0     0.4 0   258.1 0   278.3 0   278.1 0   312.3 0   278.8 0   278.7 0     0.0 0     0.1 0     0.4 0   -54.2 0   -53.8 0     6.1 0    83.3 0     1.0 0     5.7 0   996.7 0
 2003 142  5 22 10 15 10.250  94.01    -5.9 0    -1.1 0     0.2 0     0.4 0   257.8 0   278.2 0   278.1 0   311.8 0   278.7 0   278.6 0     0.0 0     0.1 0     0.4 0   -54.0 0   -53.6 0     6.0 0    83.8 0     1.2 0     7.0 0   996.7 0
 2003 142  5 22 10 18 10.300  93.52    -5.8 0    -1.0 0     0.4 0     0.7 0   257.5 0   278.1 0   278.0 0   311.9 0   278.6 0   278.6 0     0.0 0     0.2 0     0.7 0   -54.4 0   -53.7 0     5.9 0    83.9 0     1.2 0     6.5 0   996.8 0
 2003 142  5 22 10 21 10.350  93.02    -5.6 0    -1.0 0     0.4 0     0.9 0   257.4 0   278.1 0   278.0 0   312.3 0   278.6 0   278.5 0     0.0 0     0.3 0     0.9 0   -54.9 0   -53.9 0     6.0 0    83.4 0     1.2 0     8.5 0   996.8 0
 2003 142  5 22 10 24 10.400  92.52    -5.3 0    -0.6 0     0.4 0     1.1 0   257.0 0   278.0 0   277.9 0   312.0 0   278.6 0   278.5 0     0.0 0     0.5 0     1.1 0   -55.0 0   -53.8 0     6.0 0    83.3 0     1.3 0     8.1 0   996.8 0
 2003 142  5 22 10 27 10.450  92.02    -4.7 0    -0.3 0     0.4 0     1.7 0   256.9 0   278.0 0   277.9 0   311.8 0   278.5 0   278.5 0     0.0 0     0.8 0     1.7 0   -54.9 0   -53.2 0     5.9 0    83.6 0     1.4 0     7.3 0   996.8 0
 2003 142  5 22 10 30 10.500  91.51    -4.0 0     0.3 0     0.4 0     2.5 0   256.6 0   277.9 0   277.8 0   311.7 0   278.5 0   278.4 0     0.0 0     1.1 0     2.2 0   -55.1 0   -52.9 0     5.9 0    83.9 0     1.4 0     8.0 0   996.8 0
 2003 142  5 22 10 33 10.550  91.01    -3.1 0     0.9 0     0.4 0     3.6 0   256.4 0   277.9 0   277.8 0   311.8 0   278.5 0   278.4 0     0.0 0     1.6 0     2.7 0   -55.4 0   -52.7 0     5.9 0    84.1 0     1.3 0     8.9 0   996.9 0
 2003 142  5 22 10 36 10.600  89.82    -1.7 0     1.9 0     0.4 0     4.8 0   256.0 0   277.9 0   277.8 0   311.6 0   278.4 0   278.4 0     0.3 0     2.1 0     2.9 0   -55.6 0   -52.6 0     5.9 0    84.1 0     1.2 0     7.4 0   996.9 0
 2003 142  5 22 10 39 10.650  89.43    -0.2 0     3.0 0     3.0 0     6.4 0   255.9 0   277.8 0   277.8 0   311.6 0   278.4 0   278.4 0     0.3 0     2.8 0     3.5 0   -55.7 0   -52.2 0     5.8 0    84.3 0     1.3 0     6.6 0   997.0 0
 2003 142  5 22 10 42 10.700  89.01     1.5 0     3.8 0     3.2 0     8.2 0   255.6 0   277.8 0   277.7 0   311.6 0   278.4 0   278.4 0     0.4 0     3.7 0     4.4 0   -55.9 0   -51.5 0     5.9 0    84.3 0     1.4 0     7.3 0   997.0 0
 2003 142  5 22 10 45 10.750  88.57     3.6 0     5.4 0    20.6 0    10.4 0   255.4 0   277.8 0   277.7 0   311.5 0   278.4 0   278.4 0     0.5 0     4.9 0     5.5 0   -56.1 0   -50.6 0     5.9 0    84.2 0     1.3 0     8.0 0   997.0 0
 2003 142  5 22 10 48 10.800  88.11     5.9 0     7.7 0    34.4 0    12.2 0   255.2 0   277.8 0   277.7 0   311.4 0   278.4 0   278.4 0     0.6 0     6.2 0     5.6 0   -56.2 0   -50.6 0     5.9 0    84.5 0     1.3 0     8.0 0   997.0 0
 2003 142  5 22 10 51 10.850  87.63     8.2 0    10.1 0    70.4 0    15.0 0   255.2 0   277.8 0   277.7 0   311.7 0   278.4 0   278.4 0     0.7 0     7.6 0     7.9 0   -56.6 0   -48.7 0     5.9 0    84.6 0     1.3 0     8.1 0   997.0 0
 2003 142  5 22 10 54 10.900  87.15    10.3 0    10.9 0    67.8 0    17.1 0   255.3 0   277.8 0   277.8 0   312.0 0   278.4 0   278.4 0     0.9 0     9.0 0     9.7 0   -56.7 0   -47.0 0     5.9 0    84.7 0     1.3 0     8.2 0   997.0 0
 2003 142  5 22 10 57 10.950  86.65    13.5 0    11.9 0    44.2 0    19.8 0   255.3 0   277.8 0   277.8 0   312.4 0   278.4 0   278.5 0     1.0 0    10.5 0    10.4 0   -57.0 0   -46.6 0     6.0 0    84.4 0     1.4 0     8.9 0   997.0 0
 2003 142  5 22 11  0 11.000  86.15    20.3 0    16.3 0   101.6 0    23.1 0   255.4 0   277.9 0   277.8 0   312.5 0   278.5 0   278.5 0     1.1 0    13.0 0    13.6 0   -57.1 0   -43.5 0     6.1 0    84.4 0     1.3 0     9.8 0   997.1 0
 2003 142  5 22 11  3 11.050  85.64    30.6 0    22.4 0   200.4 0    26.5 0   255.3 0   277.9 0   277.9 0   312.8 0   278.5 0   278.6 0     1.2 0    16.2 0    19.3 0   -57.5 0   -38.2 0     6.1 0    84.4 0     1.3 0     8.8 0   997.2 0
 2003 142  5 22 11  6 11.100  85.13    37.4 0    25.9 0   234.0 0    29.3 0   255.3 0   278.0 0   278.0 0   313.5 0   278.6 0   278.7 0     1.4 0    18.9 0    23.2 0   -58.1 0   -34.9 0     6.2 0    83.9 0     1.2 0     9.8 0   997.2 0
 2003 142  5 22 11  9 11.150  84.61    44.1 0    29.1 0   259.8 0    32.2 0   255.5 0   278.1 0   278.1 0   313.9 0   278.7 0   278.8 0     1.6 0    21.9 0    27.5 0   -58.4 0   -30.9 0     6.4 0    83.5 0     1.3 0     9.6 0   997.2 0
 2003 142  5 22 11 12 11.200  84.09    51.2 0    32.4 0   284.9 0    35.0 0   255.6 0   278.3 0   278.3 0   314.5 0   278.9 0   278.9 0     1.9 0    25.1 0    31.9 0   -58.9 0   -27.0 0     6.5 0    83.1 0     1.5 0     8.0 0   997.2 0
 2003 142  5 22 11 15 11.250  83.57    58.8 0    35.9 0   311.3 0    37.6 0   255.6 0   278.4 0   278.4 0   314.9 0   279.0 0   279.1 0     2.1 0    21.8 0    36.6 0   -59.3 0   -22.7 0     6.6 0    82.9 0     1.4 0     9.1 0   997.2 0
 2003 142  5 22 11 18 11.300  83.04    66.5 0    39.3 0   335.7 0    39.7 0   255.5 0   278.6 0   278.6 0   315.5 0   279.1 0   279.2 0     2.4 0    32.1 0    41.1 0   -59.9 0   -18.9 0     6.7 0    82.7 0     1.4 0     7.8 0   997.2 0
 2003 142  5 22 11 21 11.350  82.51    74.2 0    42.4 0   358.4 0    42.0 0   255.4 0   278.8 0   278.8 0   316.0 0   279.3 0   279.4 0     2.6 0    35.5 0    46.4 0   -60.5 0   -14.1 0     6.8 0    82.2 0     1.5 0     6.7 0   997.2 0
 2003 142  5 22 11 24 11.400  81.98    82.2 0    45.7 0   380.9 0    44.1 0   255.0 0   278.9 0   278.9 0   316.1 0   279.4 0   279.5 0     2.9 0    39.0 0    51.4 0   -61.2 0    -9.7 0     6.9 0    82.6 0     1.4 0     6.6 0   997.2 0
 2003 142  5 22 11 27 11.450  81.45    89.9 0    48.6 0   398.3 0    46.1 0   254.9 0   279.1 0   279.1 0   316.6 0   279.6 0   279.7 0     3.2 0    42.1 0    56.7 0   -61.7 0    -5.0 0     6.9 0    82.5 0     1.4 0     7.2 0   997.2 0
 2003 142  5 22 11 30 11.500  80.91    97.7 0    51.5 0   415.5 0    47.7 0   254.9 0   279.3 0   279.3 0   317.2 0   279.7 0   279.8 0     3.6 0    45.4 0    61.9 0   -62.4 0    -0.5 0     7.0 0    82.1 0     1.5 0     8.9 0   997.2 0
 2003 142  5 22 11 33 11.550  80.37   104.9 0    54.1 0   427.6 0    49.3 0   254.8 0   279.6 0   279.5 0   317.7 0   279.9 0   280.0 0     3.9 0    45.1 0    66.7 0   -62.9 0     3.8 0     7.1 0    81.8 0     1.7 0     8.7 0   997.2 0
 2003 142  5 22 11 36 11.600  79.83   113.2 0    57.0 0   444.3 0    50.5 0   254.8 0   279.8 0   279.7 0   318.3 0   280.1 0   280.2 0     4.3 0    49.0 0    71.9 0   -63.6 0     8.4 0     7.2 0    81.3 0     1.7 0     7.0 0   997.3 0
 2003 142  5 22 11 39 11.650  79.29   116.4 0    57.6 0   432.4 0    52.1 0   254.9 0   280.0 0   280.0 0   318.9 0   280.2 0   280.3 0     4.7 0    53.7 0    74.8 0   -64.0 0    10.8 0     7.4 0    80.9 0     1.6 0     8.9 0   997.3 0
 2003 142  5 22 11 42 11.700  78.75   127.4 0    61.5 0   458.2 0    54.2 0   254.9 0   280.2 0   280.2 0   319.4 0   280.4 0   280.5 0     5.1 0    58.4 0    82.1 0   -64.5 0    17.6 0     7.5 0    80.6 0     1.7 0     8.4 0   997.3 0
 2003 142  5 22 11 45 11.750  78.20   140.3 0    65.8 0   493.0 0    55.6 0   255.1 0   280.5 0   280.4 0   320.1 0   280.5 0   280.7 0     5.6 0    63.5 0    90.6 0   -65.0 0    25.5 0     7.6 0    80.3 0     1.8 0     8.1 0   997.4 0
 2003 142  5 22 11 48 11.800  77.66   150.0 0    68.5 0   509.2 0    57.9 0   255.4 0   280.7 0   280.6 0   321.0 0   280.7 0   280.8 0     6.1 0    67.6 0    98.3 0   -65.7 0    32.6 0     7.7 0    80.1 0     1.6 0     8.8 0   997.4 0
 2003 142  5 22 11 51 11.850  77.11   159.9 0    71.2 0   525.6 0    59.8 0   255.7 0   281.0 0   280.9 0   321.9 0   280.9 0   281.0 0     6.6 0    71.9 0   105.8 0   -66.2 0    39.6 0     7.9 0    79.7 0     1.6 0     9.7 0   997.4 0
 2003 142  5 22 11 54 11.900  76.56   170.1 0    74.0 0   541.9 0    61.4 0   256.0 0   281.3 0   281.2 0   322.7 0   281.1 0   281.2 0     7.1 0    76.3 0   113.4 0   -66.7 0    46.7 0     8.0 0    78.8 0     1.6 0    10.0 0   997.4 0
 2003 142  5 22 11 57 11.950  76.01   179.9 0    76.6 0   555.8 0    62.9 0   256.5 0   281.6 0   281.4 0   323.6 0   281.3 0   281.4 0     7.7 0    80.5 0   120.7 0   -67.1 0    53.6 0     8.2 0    78.3 0     1.4 0    12.4 0   997.4 0
 2003 142  5 22 12  0 12.000  75.45   189.4 0    79.1 0   566.9 0    64.6 0   256.6 0   281.8 0   281.7 0   324.0 0   281.5 0   281.6 0     8.2 0    84.7 0   127.9 0   -67.4 0    60.5 0     8.4 0    77.4 0     1.4 0    15.9 0   997.4 0
 2003 142  5 22 12  3 12.050  74.90   198.8 0    81.4 0   577.5 0    66.2 0   256.8 0   282.1 0   282.0 0   324.7 0   281.6 0   281.8 0     8.8 0    88.8 0   135.3 0   -67.9 0    67.4 0     8.5 0    77.2 0     1.6 0    14.1 0   997.4 0
 2003 142  5 22 12  6 12.100  74.34   208.1 0    83.6 0   587.3 0    67.7 0   257.2 0   282.4 0   282.2 0   325.3 0   281.8 0   282.0 0     9.5 0    92.8 0   142.6 0   -68.1 0    74.5 0     8.6 0    76.5 0     1.4 0    14.9 0   997.4 0
 2003 142  5 22 12  9 12.150  73.79   218.2 0    85.9 0   599.3 0    69.1 0   257.5 0   282.7 0   282.5 0   326.1 0   282.0 0   282.1 0    10.2 0    97.1 0   150.6 0   -68.7 0    81.9 0     8.7 0    76.4 0     1.2 0    19.3 0   997.4 0
 2003 142  5 22 12 12 12.200  73.23   228.4 0    88.3 0   610.2 0    69.9 0   257.5 0   283.0 0   282.7 0   326.3 0   282.1 0   282.3 0    10.9 0   101.5 0   157.7 0   -68.9 0    88.8 0     8.8 0    75.6 0     1.3 0    18.5 0   997.4 0
 2003 142  5 22 12 15 12.250  72.67   238.5 0    90.4 0   621.4 0    70.6 0   257.9 0   283.3 0   283.0 0   327.3 0   282.3 0   282.4 0    11.6 0   105.9 0   165.3 0   -69.3 0    96.0 0     8.9 0    76.2 0     1.6 0    14.4 0   997.4 0
 2003 142  5 22 12 18 12.300  72.11   249.3 0    92.7 0   634.3 0    72.0 0   258.3 0   283.6 0   283.3 0   327.9 0   282.5 0   282.6 0    12.4 0   110.6 0   174.1 0   -69.5 0   104.6 0     9.0 0    75.9 0     1.7 0    14.4 0   997.4 0
 2003 142  5 22 12 21 12.350  71.55   260.4 0    94.8 0   647.3 0    73.5 0   258.5 0   283.9 0   283.6 0   328.8 0   282.6 0   282.8 0    13.2 0   115.5 0   183.5 0   -70.3 0   113.2 0     9.2 0    75.6 0     1.4 0    16.5 0   997.4 0
 2003 142  5 22 12 24 12.400  70.99   270.5 0    96.9 0   655.8 0    74.6 0   258.6 0   284.1 0   283.8 0   329.0 0   282.8 0   282.9 0    14.1 0   119.8 0   191.3 0   -70.4 0   120.9 0     9.2 0    75.2 0     1.4 0    18.5 0   997.4 0
 2003 142  5 22 12 27 12.450  70.42   279.9 0    98.5 0   662.2 0    76.2 0   259.1 0   284.4 0   284.0 0   330.0 0   282.9 0   283.1 0    14.9 0   123.9 0   199.6 0   -70.9 0   128.7 0     9.3 0    75.2 0     2.0 0    14.5 0   997.4 0
 2003 142  5 22 12 30 12.500  69.86   290.6 0   100.6 0   671.2 0    77.4 0   259.2 0   284.7 0   284.3 0   330.2 0   283.1 0   283.2 0    15.8 0   128.5 0   207.8 0   -71.0 0   136.8 0     9.4 0    74.6 0     2.0 0    15.1 0   997.4 0
 2003 142  5 22 12 33 12.550  69.30   301.5 0   102.6 0   680.4 0    78.4 0   259.4 0   284.9 0   284.5 0   330.8 0   283.2 0   283.3 0    16.8 0   133.3 0   216.4 0   -71.3 0   145.0 0     9.5 0    74.3 0     1.7 0    17.8 0   997.4 0
 2003 142  5 22 12 36 12.600  68.73   312.5 0   104.4 0   690.0 0    79.5 0   259.7 0   285.2 0   284.7 0   331.4 0   283.3 0   283.5 0    17.8 0   138.1 0   225.3 0   -71.7 0   153.7 0     9.6 0    74.2 0     1.7 0    18.9 0   997.4 0
 2003 142  5 22 12 39 12.650  68.17   323.6 0   106.0 0   699.3 0    80.9 0   260.0 0   285.4 0   285.0 0   332.4 0   283.5 0   283.6 0    18.9 0   143.0 0   235.0 0   -72.4 0   162.5 0     9.7 0    74.1 0     1.6 0    16.4 0   997.3 0
 2003 142  5 22 12 42 12.700  67.60   334.1 0   108.3 0   706.3 0    81.6 0   259.9 0   285.7 0   285.1 0   332.0 0   283.6 0   283.7 0    20.0 0   147.5 0   242.5 0   -72.1 0   170.4 0     9.7 0    72.8 0     1.7 0    16.0 0   997.3 0
 2003 142  5 22 12 45 12.750  67.03   344.4 0   110.0 0   711.8 0    83.5 0   260.4 0   285.9 0   285.4 0   332.9 0   283.7 0   283.8 0    21.1 0   152.0 0   251.2 0   -72.5 0   178.7 0     9.7 0    73.1 0     1.8 0    15.5 0   997.3 0
 2003 142  5 22 12 48 12.800  66.46   355.1 0   111.2 0   720.5 0    84.0 0   260.6 0   286.2 0   285.6 0   334.0 0   283.8 0   284.0 0    22.3 0   156.5 0   260.5 0   -73.4 0   187.0 0     9.9 0    73.5 0     1.5 0    16.6 0   997.4 0
 2003 142  5 22 12 51 12.850  65.89   366.1 0   113.0 0   728.9 0    84.9 0   260.8 0   286.4 0   285.8 0   334.3 0   284.0 0   284.1 0    23.5 0   161.3 0   269.6 0   -73.4 0   196.1 0    10.1 0    72.3 0     2.1 0    13.6 0   997.3 0
 2003 142  5 22 12 54 12.900  65.33   376.2 0   115.0 0   733.7 0    86.2 0   260.8 0   286.6 0   286.0 0   334.3 0   284.1 0   284.2 0    24.7 0   165.6 0   277.5 0   -73.5 0   204.1 0    10.0 0    72.4 0     1.9 0    16.8 0   997.4 0
 2003 142  5 22 12 57 12.950  64.76   386.9 0   116.5 0   740.4 0    87.3 0   261.2 0   286.8 0   286.2 0   334.7 0   284.2 0   284.3 0    26.0 0   170.3 0   286.6 0   -73.5 0   213.1 0    10.1 0    72.1 0     2.0 0    14.1 0   997.4 0
 2003 142  5 22 13  0 13.000  64.18   397.0 0   117.7 0   745.0 0    88.5 0   261.8 0   287.0 0   286.4 0   335.9 0   284.3 0   284.4 0    27.3 0   174.6 0   295.2 0   -74.1 0   221.1 0    10.2 0    72.0 0     2.2 0    12.9 0   997.4 0
 2003 142  5 22 13  3 13.050  63.61   407.1 0   119.3 0   749.2 0    89.6 0   262.2 0   287.2 0   286.6 0   336.1 0   284.4 0   284.5 0    28.7 0   178.9 0   303.2 0   -73.9 0   229.3 0    10.3 0    71.2 0     2.3 0    14.3 0   997.4 0
 2003 142  5 22 13  6 13.100  63.04   417.6 0   120.5 0   754.1 0    90.8 0   262.6 0   287.4 0   286.8 0   337.3 0   284.5 0   284.7 0    30.1 0   183.5 0   312.2 0   -74.7 0   237.5 0    10.4 0    71.2 0     1.9 0    12.8 0   997.4 0
 2003 142  5 22 13  9 13.150  62.47   427.2 0   121.8 0   757.1 0    92.3 0   263.5 0   287.6 0   287.0 0   338.1 0   284.6 0   284.8 0    31.5 0   187.7 0   320.4 0   -74.6 0   245.8 0    10.5 0    71.0 0     2.1 0    12.3 0   997.5 0
 2003 142  5 22 13 12 13.200  61.90   437.3 0   122.9 0   762.5 0    93.4 0   264.4 0   287.9 0   287.3 0   339.1 0   284.8 0   285.0 0    33.0 0   192.0 0   329.6 0   -74.7 0   254.9 0    10.8 0    70.5 0     1.8 0    13.2 0   997.5 0
 2003 142  5 22 13 15 13.250  61.33   447.5 0   124.4 0   766.1 0    93.5 0   264.1 0   288.1 0   287.4 0   339.4 0   284.9 0   285.1 0    34.5 0   196.3 0   336.7 0   -75.3 0   261.4 0    10.9 0    69.5 0     2.0 0    13.4 0   997.6 0
 2003 142  5 22 13 18 13.300  60.75   456.2 0   126.4 0   767.3 0    95.9 0   264.1 0   288.3 0   287.5 0   338.8 0   285.0 0   285.2 0    36.0 0   199.9 0   344.3 0   -74.7 0   269.6 0    10.6 0    69.4 0     2.1 0    12.2 0   997.6 0
 2003 142  5 22 13 21 13.350  60.18   467.4 0   127.5 0   773.5 0    96.8 0   264.3 0   288.5 0   287.7 0   339.5 0   285.1 0   285.3 0    37.7 0   204.3 0   353.9 0   -75.1 0   278.8 0    10.7 0    69.6 0     1.6 0    19.0 0   997.6 0
 2003 142  5 22 13 24 13.400  59.61   478.1 0   128.6 0   777.9 0    97.8 0   265.0 0   288.6 0   287.9 0   340.9 0   285.2 0   285.4 0    39.4 0   208.6 0   362.7 0   -75.9 0   286.8 0    10.9 0    69.3 0     1.6 0    15.6 0   997.6 0
 2003 142  5 22 13 27 13.450  59.03   489.5 0   130.2 0   782.9 0    99.2 0   265.3 0   288.8 0   288.0 0   341.0 0   285.3 0   285.5 0    41.2 0   213.6 0   371.8 0   -75.7 0   296.1 0    11.0 0    68.0 0     1.5 0    17.0 0   997.5 0
 2003 142  5 22 13 30 13.500  58.46   497.8 0   130.7 0   784.3 0   100.7 0   265.9 0   288.9 0   288.2 0   342.3 0   285.4 0   285.6 0    42.9 0   217.0 0   380.2 0   -76.4 0   303.8 0    11.1 0    69.1 0     1.7 0    13.1 0   997.5 0
 2003 142  5 22 13 33 13.550  57.89   506.9 0   132.1 0   785.8 0   101.8 0   265.9 0   289.1 0   288.3 0   342.1 0   285.6 0   285.7 0    44.6 0   220.7 0   387.4 0   -76.2 0   311.2 0    11.1 0    68.2 0     1.8 0    14.7 0   997.6 0
 2003 142  5 22 13 36 13.600  57.31   518.5 0   133.3 0   792.7 0   103.2 0   267.2 0   289.3 0   288.6 0   343.4 0   285.7 0   285.8 0    46.6 0   225.8 0   397.9 0   -76.2 0   321.8 0    11.1 0    69.0 0     1.6 0    13.5 0   997.5 0
 2003 142  5 22 13 39 13.650  56.74   529.0 0   134.4 0   797.8 0   102.7 0   267.4 0   289.5 0   288.8 0   344.0 0   285.8 0   286.0 0    46.7 0   229.7 0   405.8 0   -76.6 0   329.2 0    11.5 0    67.2 0     1.9 0    13.2 0   997.5 0
 2003 142  5 22 18 15 18.250  20.26  1016.6 0 -9999.9 1   933.8 0   121.2 0 -9999.9 1 -9999.9 1 -9999.9 1 -9999.9 1 -9999.9 1 -9999.9 1 -9999.9 1 -9999.9 1 -9999.9 1 -9999.9 1 -9999.9 1 -9999.9 1 -9999.9 1 -9999.9 1 -9999.9 1   995.4 0
 2003 142  5 22 18 18 18.300  20.43  1013.1 0 -9999.9 1   932.2 0   121.2 0   291.8 0   295.5 0   294.7 0 -9999.9 1 -9999.9 1 -9999.9 1   210.8 0   426.4 0 -9999.9 1 -9999.9 1 -9999.9 1 -9999.9 1 -9999.9 1 -9999.9 1 -9999.9 1   995.4 0
 2003 142  5 22 18 21 18.350  20.61  1015.2 0 -9999.9 1   936.9 0   122.7 0   291.6 0   295.5 0   294.8 0 -9999.9 1 -9999.9 1 -9999.9 1   210.7 0   426.8 0 -9999.9 1 -9999.9 1 -9999.9 1 -9999.9 1 -9999.9 1 -9999.9 1 -9999.9 1   995.3 0
 2003 142  5 22 18 24 18.400  20.82  1011.7 0 -9999.9 1   932.9 0   124.4 0   293.0 0   295.6 0   294.9 0 -9999.9 1 -9999.9 1 -9999.9 1   209.3 0   425.4 0 -9999.9 1 -9999.9 1 -9999.9 1 -9999.9 1 -9999.9 1 -9999.9 1 -9999.9 1   995.3 0
 2003 142  5 22 18 27 18.450  21.04  1011.8 0 -9999.9 1   931.5 0   125.7 0   291.8 0   295.6 0   294.7 0 -9999.9 1 -9999.9 1 -9999.9 1   208.8 0   425.4 0 -9999.9 1 -9999.9 1 -9999.9 1 -9999.9 1 -9999.9 1 -9999.9 1 -9999.9 1   995.2 0
 2003 142  5 22 18 30 18.500  21.28  1007.8 0 -9999.9 1   929.1 0   127.1 0   292.1 0   295.6 0   294.8 0 -9999.9 1 -9999.9 1 -9999.9 1   207.7 0   424.2 0 -9999.9 1 -9999.9 1 -9999.9 1 -9999.9 1 -9999.9 1 -9999.9 1 -9999.9 1   995.2 0
 2003 142  5 22 18 33 18.550  21.53  1005.0 0 -9999.9 1   927.6 0   126.4 0   293.1 0   295.7 0   294.9 0 -9999.9 1 -9999.9 1 -9999.9 1   207.0 0   423.1 0 -9999.9 1 -9999.9 1 -9999.9 1 -9999.9 1 -9999.9 1 -9999.9 1 -9999.9 1   995.1 0
 2003 142  5 22 18 36 18.600  21.80  1008.3 0 -9999.9 1   928.1 0   127.8 0   293.0 0   295.7 0   294.9 0 -9999.9 1 -9999.9 1 -9999.9 1   206.6 0   424.6 0 -9999.9 1 -9999.9 1 -9999.9 1 -9999.9 1 -9999.9 1 -9999.9 1 -9999.9 1   995.1 0
 2003 142  5 22 18 39 18.650  22.09   989.6 0 -9999.9 1   905.6 0   132.2 0   294.3 0   295.7 0   295.0 0 -9999.9 1 -9999.9 1 -9999.9 1   203.0 0   417.2 0 -9999.9 1 -9999.9 1 -9999.9 1 -9999.9 1 -9999.9 1 -9999.9 1 -9999.9 1   995.0 0
 2003 142  5 22 18 42 18.700  22.39   974.8 0 -9999.9 1   886.3 0   137.3 0   293.3 0   295.7 0   294.9 0 -9999.9 1 -9999.9 1 -9999.9 1   199.5 0   412.0 0 -9999.9 1 -9999.9 1 -9999.9 1 -9999.9 1 -9999.9 1 -9999.9 1 -9999.9 1   994.9 0
 2003 142  5 22 18 45 18.750  22.70  1001.5 0 -9999.9 1   924.8 0   132.8 0   293.3 0   295.7 0   295.1 0 -9999.9 1 -9999.9 1 -9999.9 1   202.8 0   422.5 0 -9999.9 1 -9999.9 1 -9999.9 1 -9999.9 1 -9999.9 1 -9999.9 1 -9999.9 1   994.9 0
 2003 142  5 22 18 48 18.800  23.03  1000.2 0 -9999.9 1   926.0 0   134.8 0   294.6 0   295.8 0   295.2 0 -9999.9 1 -9999.9 1 -9999.9 1   202.1 0   421.7 0 -9999.9 1 -9999.9 1 -9999.9 1 -9999.9 1 -9999.9 1 -9999.9 1 -9999.9 1   994.9 0
 2003 142  5 22 18 51 18.850  23.37   987.7 0 -9999.9 1   911.6 0   136.9 0   293.4 0   295.9 0   295.1 0 -9999.9 1 -9999.9 1 -9999.9 1   199.4 0   416.8 0 -9999.9 1 -9999.9 1 -9999.9 1 -9999.9 1 -9999.9 1 -9999.9 1 -9999.9 1   994.9 0
 2003 142  5 22 18 54 18.900  23.73   994.9 0 -9999.9 1   927.2 0   131.7 0   293.2 0   295.9 0   295.1 0 -9999.9 1 -9999.9 1 -9999.9 1   199.6 0   420.9 0 -9999.9 1 -9999.9 1 -9999.9 1 -9999.9 1 -9999.9 1 -9999.9 1 -9999.9 1   994.9 0
 2003 142  5 22 18 57 18.950  24.09   992.1 0 -9999.9 1   932.8 0   129.5 0   294.6 0   296.0 0   295.3 0 -9999.9 1 -9999.9 1 -9999.9 1   198.8 0   420.2 0 -9999.9 1 -9999.9 1 -9999.9 1 -9999.9 1 -9999.9 1 -9999.9 1 -9999.9 1   994.8 0
 2003 142  5 22 19  0 19.000  24.47   981.7 0 -9999.9 1   920.1 0   131.6 0   295.4 0   296.1 0   295.5 0 -9999.9 1 -9999.9 1 -9999.9 1   195.9 0   415.7 0 -9999.9 1 -9999.9 1 -9999.9 1 -9999.9 1 -9999.9 1 -9999.9 1 -9999.9 1   994.8 0
 2003 142  5 22 19  3 19.050  24.85   985.4 0 -9999.9 1   924.7 0   134.8 0   295.5 0   296.2 0   295.5 0 -9999.9 1 -9999.9 1 -9999.9 1   194.9 0   417.2 0 -9999.9 1 -9999.9 1 -9999.9 1 -9999.9 1 -9999.9 1 -9999.9 1 -9999.9 1   994.8 0
 2003 142  5 22 19  6 19.100  25.25   969.2 0 -9999.9 1   891.8 0   146.7 0   293.9 0   296.2 0   295.3 0 -9999.9 1 -9999.9 1 -9999.9 1   191.6 0   410.1 0 -9999.9 1 -9999.9 1 -9999.9 1 -9999.9 1 -9999.9 1 -9999.9 1 -9999.9 1   994.8 0
 2003 142  5 22 19  9 19.150  25.66   885.6 0 -9999.9 1   782.1 0   165.8 0   294.8 0   296.2 0   295.5 0 -9999.9 1 -9999.9 1 -9999.9 1   178.7 0   377.7 0 -9999.9 1 -9999.9 1 -9999.9 1 -9999.9 1 -9999.9 1 -9999.9 1 -9999.9 1   994.8 0
 2003 142  5 22 19 12 19.200  26.07   950.5 0 -9999.9 1   856.7 0   167.7 0   296.1 0   296.3 0   295.6 0 -9999.9 1 -9999.9 1 -9999.9 1   185.7 0   402.9 0 -9999.9 1 -9999.9 1 -9999.9 1 -9999.9 1 -9999.9 1 -9999.9 1 -9999.9 1   994.8 0
 2003 142  5 22 19 15 19.250  26.50   943.5 0 -9999.9 1   858.1 0   160.9 0   296.4 0   296.3 0   295.6 0 -9999.9 1 -9999.9 1 -9999.9 1   184.0 0   400.2 0 -9999.9 1 -9999.9 1 -9999.9 1 -9999.9 1 -9999.9 1 -9999.9 1 -9999.9 1   994.8 0
 2003 142  5 22 19 18 19.300  26.93   970.1 0 -9999.9 1   892.9 0   159.8 0   296.6 0   296.3 0   295.6 0 -9999.9 1 -9999.9 1 -9999.9 1   185.8 0   410.7 0 -9999.9 1 -9999.9 1 -9999.9 1 -9999.9 1 -9999.9 1 -9999.9 1 -9999.9 1   994.8 0
 2003 142  5 22 19 21 19.350  27.37   951.7 0 -9999.9 1   871.6 0   162.8 0   297.0 0   296.4 0   295.7 0 -9999.9 1 -9999.9 1 -9999.9 1   181.9 0   402.9 0 -9999.9 1 -9999.9 1 -9999.9 1 -9999.9 1 -9999.9 1 -9999.9 1 -9999.9 1   994.9 0
 2003 142  5 22 19 24 19.400  27.82   944.1 0 -9999.9 1   862.9 0   166.4 0   296.7 0   296.4 0   295.7 0 -9999.9 1 -9999.9 1 -9999.9 1   179.0 0   400.4 0 -9999.9 1 -9999.9 1 -9999.9 1 -9999.9 1 -9999.9 1 -9999.9 1 -9999.9 1   994.9 0
 2003 142  5 22 19 27 19.450  28.27   963.0 0 -9999.9 1   890.3 0   167.5 0   297.6 0   296.5 0   295.9 0 -9999.9 1 -9999.9 1 -9999.9 1   180.1 0   408.3 0 -9999.9 1 -9999.9 1 -9999.9 1 -9999.9 1 -9999.9 1 -9999.9 1 -9999.9 1   994.8 0
 2003 142  5 22 19 30 19.500  28.73   933.4 0 -9999.9 1   855.6 0   171.7 0   298.3 0   296.6 0   296.0 0 -9999.9 1 -9999.9 1 -9999.9 1   174.7 0   396.6 0 -9999.9 1 -9999.9 1 -9999.9 1 -9999.9 1 -9999.9 1 -9999.9 1 -9999.9 1   994.8 0
 2003 142  5 22 19 33 19.550  29.20   908.5 0 -9999.9 1   817.8 0   183.3 0   298.7 0   296.7 0   296.0 0 -9999.9 1 -9999.9 1 -9999.9 1   169.1 0   386.2 0 -9999.9 1 -9999.9 1 -9999.9 1 -9999.9 1 -9999.9 1 -9999.9 1 -9999.9 1   994.7 0
 2003 142  5 22 19 36 19.600  29.68   753.4 0 -9999.9 1   622.6 0   201.4 0   299.0 0   296.7 0   296.1 0 -9999.9 1 -9999.9 1 -9999.9 1   147.7 0   321.8 0 -9999.9 1 -9999.9 1 -9999.9 1 -9999.9 1 -9999.9 1 -9999.9 1 -9999.9 1   994.7 0
 2003 142  5 22 19 39 19.650  30.16   689.7 0 -9999.9 1   519.3 0   229.2 0   299.6 0   296.7 0   296.2 0 -9999.9 1 -9999.9 1 -9999.9 1   135.1 0   296.0 0 -9999.9 1 -9999.9 1 -9999.9 1 -9999.9 1 -9999.9 1 -9999.9 1 -9999.9 1   994.7 0
 2003 142  5 22 19 42 19.700  30.64   565.6 0 -9999.9 1   356.4 0   250.3 0   301.3 0   296.8 0   296.2 0 -9999.9 1 -9999.9 1 -9999.9 1   117.9 0   244.4 0 -9999.9 1 -9999.9 1 -9999.9 1 -9999.9 1 -9999.9 1 -9999.9 1 -9999.9 1   994.7 0
 2003 142  5 22 19 45 19.750  31.13   545.3 0 -9999.9 1   318.2 0   262.4 0   301.4 0   296.7 0   295.9 0 -9999.9 1 -9999.9 1 -9999.9 1   113.5 0   236.0 0 -9999.9 1 -9999.9 1 -9999.9 1 -9999.9 1 -9999.9 1 -9999.9 1 -9999.9 1   994.7 0
 2003 142  5 22 19 48 19.800  31.63   560.3 0 -9999.9 1   338.6 0   262.5 0   302.1 0   296.5 0   295.9 0 -9999.9 1 -9999.9 1 -9999.9 1   116.1 0   245.0 0 -9999.9 1 -9999.9 1 -9999.9 1 -9999.9 1 -9999.9 1 -9999.9 1 -9999.9 1   994.6 0
 2003 142  5 22 19 51 19.850  32.13   792.5 0 -9999.9 1   634.7 0   247.5 0   302.9 0   296.5 0   296.1 0 -9999.9 1 -9999.9 1 -9999.9 1   144.1 0   340.8 0 -9999.9 1 -9999.9 1 -9999.9 1 -9999.9 1 -9999.9 1 -9999.9 1 -9999.9 1   994.5 0
 2003 142  5 22 19 54 19.900  32.63   780.0 0 -9999.9 1   641.4 0   233.2 0   303.3 0   296.7 0   296.3 0 -9999.9 1 -9999.9 1 -9999.9 1   142.4 0   334.5 0 -9999.9 1 -9999.9 1 -9999.9 1 -9999.9 1 -9999.9 1 -9999.9 1 -9999.9 1   994.4 0
 2003 142  5 22 19 57 19.950  33.14   878.2 0 -9999.9 1   765.7 0   228.5 0   302.6 0   296.7 0   296.2 0 -9999.9 1 -9999.9 1 -9999.9 1   151.8 0   375.5 0 -9999.9 1 -9999.9 1 -9999.9 1 -9999.9 1 -9999.9 1 -9999.9 1 -9999.9 1   994.4 0
 2003 142  5 22 20  0 20.000  33.66   891.9 0 -9999.9 1   790.0 0   226.8 0   302.3 0   296.8 0   296.3 0 -9999.9 1 -9999.9 1 -9999.9 1   152.4 0   381.1 0 -9999.9 1 -9999.9 1 -9999.9 1 -9999.9 1 -9999.9 1 -9999.9 1 -9999.9 1   994.3 0
 2003 142  5 22 20  3 20.050  34.17   790.5 0 -9999.9 1   665.0 0   233.4 0   302.1 0   297.0 0   296.4 0 -9999.9 1 -9999.9 1 -9999.9 1   138.4 0   339.5 0 -9999.9 1 -9999.9 1 -9999.9 1 -9999.9 1 -9999.9 1 -9999.9 1 -9999.9 1   994.3 0
 2003 142  5 22 20  6 20.100  34.69   812.9 0 -9999.9 1   690.5 0   239.7 0   302.6 0   297.0 0   296.5 0 -9999.9 1 -9999.9 1 -9999.9 1   138.9 0   349.1 0 -9999.9 1 -9999.9 1 -9999.9 1 -9999.9 1 -9999.9 1 -9999.9 1 -9999.9 1   994.2 0
 2003 142  5 22 20  9 20.150  35.22   806.1 0 -9999.9 1   686.7 0   239.5 0   302.1 0   297.1 0   296.5 0 -9999.9 1 -9999.9 1 -9999.9 1   137.3 0   345.6 0 -9999.9 1 -9999.9 1 -9999.9 1 -9999.9 1 -9999.9 1 -9999.9 1 -9999.9 1   994.2 0
 2003 142  5 22 20 12 20.200  35.75   755.7 0 -9999.9 1   634.5 0   237.4 0   302.4 0   297.1 0   296.4 0 -9999.9 1 -9999.9 1 -9999.9 1   129.8 0   325.6 0 -9999.9 1 -9999.9 1 -9999.9 1 -9999.9 1 -9999.9 1 -9999.9 1 -9999.9 1   994.1 0
 2003 142  5 22 20 15 20.250  36.28   922.6 0 -9999.9 1   851.1 0   231.4 0   302.5 0   297.2 0   296.6 0 -9999.9 1 -9999.9 1 -9999.9 1   146.5 0   393.5 0 -9999.9 1 -9999.9 1 -9999.9 1 -9999.9 1 -9999.9 1 -9999.9 1 -9999.9 1   994.1 0
 2003 142  5 22 20 18 20.300  36.81   861.8 0 -9999.9 1   793.2 0   221.9 0   302.8 0   297.4 0   296.9 0 -9999.9 1 -9999.9 1 -9999.9 1   139.7 0   369.2 0 -9999.9 1 -9999.9 1 -9999.9 1 -9999.9 1 -9999.9 1 -9999.9 1 -9999.9 1   994.1 0
 2003 142  5 22 20 21 20.350  37.35   851.3 0 -9999.9 1   797.7 0   215.1 0   303.1 0   297.6 0   297.1 0 -9999.9 1 -9999.9 1 -9999.9 1   136.4 0   365.1 0 -9999.9 1 -9999.9 1 -9999.9 1 -9999.9 1 -9999.9 1 -9999.9 1 -9999.9 1   994.0 0
 2003 142  5 22 20 24 20.400  37.88   826.9 0 -9999.9 1   777.5 0   210.1 0   302.5 0   297.7 0   297.1 0 -9999.9 1 -9999.9 1 -9999.9 1   132.0 0   354.7 0 -9999.9 1 -9999.9 1 -9999.9 1 -9999.9 1 -9999.9 1 -9999.9 1 -9999.9 1   994.0 0
 2003 142  5 22 20 27 20.450  38.43   625.0 0 -9999.9 1   526.1 0   210.2 0   301.7 0   297.7 0   297.0 0 -9999.9 1 -9999.9 1 -9999.9 1   108.6 0   271.6 0 -9999.9 1 -9999.9 1 -9999.9 1 -9999.9 1 -9999.9 1 -9999.9 1 -9999.9 1   994.0 0
 2003 142  5 22 20 30 20.500  38.97   626.2 0 -9999.9 1   524.8 0   216.5 0   301.5 0   297.7 0   296.8 0 -9999.9 1 -9999.9 1 -9999.9 1   105.3 0   273.6 0 -9999.9 1 -9999.9 1 -9999.9 1 -9999.9 1 -9999.9 1 -9999.9 1 -9999.9 1   993.9 0
 2003 142  5 22 20 33 20.550  39.51   733.2 0 -9999.9 1   655.0 0   225.1 0   301.7 0   297.7 0   297.0 0 -9999.9 1 -9999.9 1 -9999.9 1   115.5 0   315.5 0 -9999.9 1 -9999.9 1 -9999.9 1 -9999.9 1 -9999.9 1 -9999.9 1 -9999.9 1   994.0 0
 2003 142  5 22 20 36 20.600  40.06   698.7 0 -9999.9 1   620.6 0   224.0 0   301.7 0   297.7 0   297.0 0 -9999.9 1 -9999.9 1 -9999.9 1   110.4 0   303.9 0 -9999.9 1 -9999.9 1 -9999.9 1 -9999.9 1 -9999.9 1 -9999.9 1 -9999.9 1   994.0 0
 2003 142  5 22 20 39 20.650  40.61   808.4 0 -9999.9 1   772.1 0   221.4 0   302.4 0   297.8 0   297.2 0 -9999.9 1 -9999.9 1 -9999.9 1   121.2 0   348.1 0 -9999.9 1 -9999.9 1 -9999.9 1 -9999.9 1 -9999.9 1 -9999.9 1 -9999.9 1   993.9 0
 2003 142  5 22 20 42 20.700  41.16   678.9 0 -9999.9 1   615.1 0   215.3 0   303.2 0   297.9 0   297.2 0 -9999.9 1 -9999.9 1 -9999.9 1   107.0 0   292.9 0 -9999.9 1 -9999.9 1 -9999.9 1 -9999.9 1 -9999.9 1 -9999.9 1 -9999.9 1   994.0 0
 2003 142  5 22 20 45 20.750  41.72   562.7 0 -9999.9 1   478.9 0   207.8 0   302.5 0   297.8 0   297.1 0 -9999.9 1 -9999.9 1 -9999.9 1    92.9 0   247.6 0 -9999.9 1 -9999.9 1 -9999.9 1 -9999.9 1 -9999.9 1 -9999.9 1 -9999.9 1   994.0 0
 2003 142  5 22 20 48 20.800  42.27   845.7 0 -9999.9 1   870.8 0   202.3 0   303.0 0   297.9 0   297.2 0 -9999.9 1 -9999.9 1 -9999.9 1   117.9 0   363.6 0 -9999.9 1 -9999.9 1 -9999.9 1 -9999.9 1 -9999.9 1 -9999.9 1 -9999.9 1   994.0 0
 2003 142  5 22 20 51 20.850  42.83   823.4 0 -9999.9 1   875.2 0   184.1 0   302.5 0   298.0 0   297.2 0 -9999.9 1 -9999.9 1 -9999.9 1   116.2 0   354.0 0 -9999.9 1 -9999.9 1 -9999.9 1 -9999.9 1 -9999.9 1 -9999.9 1 -9999.9 1   993.9 0
 2003 142  5 22 20 54 20.900  43.39   736.7 0 -9999.9 1   776.3 0   174.6 0   302.1 0   298.0 0   297.2 0 -9999.9 1 -9999.9 1 -9999.9 1   106.6 0   318.0 0 -9999.9 1 -9999.9 1 -9999.9 1 -9999.9 1 -9999.9 1 -9999.9 1 -9999.9 1   993.9 0
 2003 142  5 22 20 57 20.950  43.95   670.4 0 -9999.9 1   698.5 0   171.8 0   301.2 0   298.1 0   297.4 0 -9999.9 1 -9999.9 1 -9999.9 1    97.2 0   290.9 0 -9999.9 1 -9999.9 1 -9999.9 1 -9999.9 1 -9999.9 1 -9999.9 1 -9999.9 1   993.8 0
 2003 142  5 22 21  0 21.000  44.51   554.8 0 -9999.9 1   542.0 0   172.4 0   301.1 0   298.2 0   297.3 0 -9999.9 1 -9999.9 1 -9999.9 1    86.1 0   244.0 0 -9999.9 1 -9999.9 1 -9999.9 1 -9999.9 1 -9999.9 1 -9999.9 1 -9999.9 1   993.8 0
 2003 142  5 22 21  3 21.050  45.07   737.0 0   175.1 0   797.2 0   177.1 0   301.0 0   298.2 0   297.5 0   418.5 0   295.1 0   295.3 0    98.1 0   318.6 0   565.1 0  -117.5 0   447.6 0    18.6 0    27.9 0     3.2 0    57.6 0   993.7 0
 2003 142  5 22 21  6 21.100  45.63   721.0 0   169.5 0   719.4 0   170.7 0   304.5 0   298.3 0   297.7 0   419.4 0   294.9 0   295.1 0    96.6 0   313.5 0   504.2 0  -114.9 0   389.3 0    18.6 0    28.5 0     3.8 0    42.9 0   993.7 0
 2003 142  5 22 21  9 21.150  46.20   730.9 0   173.9 0   826.4 0   165.4 0   302.8 0   298.4 0   297.6 0   419.3 0   294.7 0   294.9 0    96.2 0   317.5 0   563.5 0  -116.5 0   447.0 0    18.9 0    28.9 0     6.5 0    51.6 0   993.7 0
 2003 142  5 22 21 12 21.200  46.76   736.1 0   176.7 0   843.8 0   164.1 0   302.6 0   298.4 0   297.5 0   418.8 0   294.5 0   294.7 0    93.9 0   320.0 0   565.4 0  -116.3 0   449.2 0    19.0 0    29.1 0     5.3 0    58.0 0   993.7 0
 2003 142  5 22 21 15 21.250  47.33   728.8 0   175.0 0   840.2 0   166.2 0   303.7 0   298.5 0   297.7 0   419.8 0   294.4 0   294.6 0    91.3 0   317.1 0   560.6 0  -116.1 0   444.6 0    19.0 0    29.7 0     4.6 0    57.4 0   993.7 0
 2003 142  5 22 21 18 21.300  47.89   622.4 0   148.5 0   684.5 0   170.3 0   303.6 0   298.7 0   298.0 0   419.3 0   294.3 0   294.6 0    81.7 0   271.3 0   480.8 0  -115.7 0   365.0 0    19.1 0    29.2 0     2.5 0    49.8 0   993.7 0
 2003 142  5 22 21 21 21.350  48.46   388.4 0    91.5 0   338.4 0   171.8 0   303.7 0   298.7 0   298.0 0   411.6 0   294.3 0   294.4 0    62.5 0   174.0 0   304.7 0  -107.9 0   196.7 0    19.0 0    28.7 0     2.4 0    46.5 0   993.6 0
 2003 142  5 22 21 24 21.400  49.03   433.3 0   104.5 0   395.5 0   181.6 0   303.7 0   298.7 0   298.0 0   409.2 0   294.1 0   294.2 0    61.5 0   193.8 0   336.5 0  -105.6 0   230.9 0    19.1 0    29.2 0     4.0 0    16.6 0   993.6 0
 2003 142  5 22 21 27 21.450  49.60   720.8 0   175.0 0   807.0 0   202.7 0   305.1 0   298.8 0   298.1 0   417.5 0   294.0 0   294.3 0    80.9 0   312.9 0   550.7 0  -112.4 0   438.3 0    19.1 0    28.2 0     4.6 0    16.1 0   993.6 0
 2003 142  5 22 21 30 21.500  50.17   702.7 0   171.0 0   797.6 0   198.3 0   305.3 0   298.9 0   298.2 0   418.5 0   294.0 0   294.3 0    81.5 0   305.3 0   538.1 0  -113.3 0   424.8 0    19.2 0    27.3 0     4.7 0    16.5 0   993.6 0
 2003 142  5 22 21 33 21.550  50.74   547.8 0   132.0 0   590.7 0   181.7 0   305.0 0   299.0 0   298.2 0   415.3 0   294.0 0   294.2 0    69.9 0   242.0 0   423.5 0  -110.3 0   313.1 0    19.1 0    27.4 0     3.5 0    60.1 0   993.6 0
 2003 142  5 22 21 36 21.600  51.31   585.3 0   142.8 0   674.2 0   172.9 0   304.4 0   299.0 0   298.3 0   416.1 0   294.0 0   294.2 0    68.5 0   256.6 0   451.5 0  -111.7 0   339.7 0    19.1 0    29.0 0     3.6 0    66.5 0   993.6 0
 2003 142  5 22 21 39 21.650  51.88   505.4 0   123.9 0   559.9 0   168.4 0   303.3 0   299.0 0   298.2 0   413.7 0   294.0 0   294.2 0    62.5 0   222.8 0   390.2 0  -110.5 0   279.7 0    19.0 0    27.7 0     4.1 0    55.8 0   993.6 0
 2003 142  5 22 21 42 21.700  52.46   414.3 0   103.2 0   432.0 0   162.2 0   303.0 0   299.0 0   298.0 0   407.7 0   293.9 0   293.9 0    53.9 0   187.4 0   322.2 0  -104.7 0   217.6 0    18.9 0    28.4 0     5.1 0    52.0 0   993.5 0
 2003 142  5 22 21 45 21.750  53.03   431.1 0   107.3 0   450.8 0   169.7 0   303.2 0   298.9 0   297.9 0   409.8 0   293.8 0   293.9 0    54.3 0   192.7 0   333.5 0  -106.6 0   227.0 0    19.2 0    27.7 0     5.4 0    40.8 0   993.6 0
 2003 142  5 22 21 48 21.800  53.60   528.2 0   133.2 0   614.7 0   173.1 0   302.3 0   298.8 0   297.7 0   409.0 0   293.7 0   293.8 0    57.3 0   234.0 0   404.7 0  -106.6 0   298.1 0    19.1 0    26.4 0     6.3 0    34.4 0   993.5 0
 2003 142  5 22 21 51 21.850  54.17   486.2 0   121.7 0   562.8 0   168.7 0   302.4 0   298.8 0   297.9 0   410.8 0   293.6 0   293.8 0    55.6 0   216.9 0   376.4 0  -108.4 0   268.1 0    19.1 0    26.9 0     4.4 0    35.3 0   993.5 0
 2003 142  5 22 21 54 21.900  54.75   576.2 0   145.7 0   737.6 0   163.3 0   302.1 0   298.8 0   297.9 0   412.7 0   293.6 0   293.9 0    58.3 0   253.5 0   443.3 0  -110.6 0   332.7 0    19.1 0    26.4 0     4.5 0    60.7 0   993.6 0
 2003 142  5 22 21 57 21.950  55.32   574.0 0   145.4 0   763.7 0   154.4 0   302.3 0   298.8 0   298.0 0   415.1 0   293.7 0   294.0 0    57.0 0   252.8 0   443.6 0  -112.8 0   330.8 0    19.2 0    26.8 0     3.8 0    67.9 0   993.6 0
 2003 142  5 22 22  0 22.000  55.89   573.8 0   146.8 0   793.7 0   145.1 0   302.0 0   298.8 0   297.9 0   414.5 0   293.7 0   294.0 0    55.5 0   253.1 0   443.4 0  -112.5 0   330.9 0    19.4 0    26.6 0     4.9 0    58.6 0   993.6 0
 2003 142  5 22 22  3 22.050  56.46   564.4 0   146.0 0   806.5 0   136.0 0   300.9 0   298.9 0   297.9 0   413.9 0   293.8 0   294.1 0    53.7 0   249.3 0   435.5 0  -113.0 0   322.5 0    19.2 0    26.1 0     4.8 0    56.0 0   993.6 0
 2003 142  5 22 22  6 22.100  57.04   547.8 0   142.3 0   802.7 0   128.3 0   300.9 0   298.9 0   297.9 0   414.1 0   293.8 0   294.1 0    51.5 0   242.5 0   422.8 0  -113.3 0   309.6 0    19.3 0    26.6 0     4.5 0    73.5 0   993.6 0
 2003 142  5 22 22  9 22.150  57.61   532.3 0   139.6 0   802.6 0   121.0 0   300.5 0   298.9 0   297.9 0   413.3 0   293.8 0   294.1 0    49.2 0   236.1 0   411.3 0  -112.8 0   298.5 0    19.2 0    26.7 0     3.9 0    76.6 0   993.5 0
 2003 142  5 22 22 12 22.200  58.18   517.0 0   136.0 0   802.0 0   114.4 0   300.6 0   299.0 0   298.1 0   414.7 0   293.9 0   294.2 0    46.9 0   229.5 0   401.2 0  -114.0 0   287.2 0    19.4 0    27.1 0     3.0 0    81.8 0   993.5 0
 2003 142  5 22 22 15 22.250  58.76   501.9 0   133.0 0   795.5 0   108.7 0   300.2 0   299.0 0   298.0 0   413.5 0   293.9 0   294.2 0    44.6 0   222.8 0   388.3 0  -113.3 0   275.0 0    19.5 0    27.2 0     4.5 0    69.8 0   993.5 0
 2003 142  5 22 22 18 22.300  59.33   487.7 0   130.4 0   789.2 0   104.5 0   300.0 0   299.1 0   298.0 0   412.6 0   294.0 0   294.2 0    42.5 0   217.1 0   376.7 0  -112.5 0   264.2 0    19.4 0    27.5 0     4.2 0    67.4 0   993.5 0
 2003 142  5 22 22 21 22.350  59.90   473.1 0   127.2 0   780.4 0   101.7 0   299.2 0   299.1 0   298.1 0   411.8 0   294.0 0   294.2 0    40.4 0   211.2 0   365.8 0  -112.5 0   253.3 0    19.5 0    26.5 0     4.9 0    65.8 0   993.5 0
 2003 142  5 22 22 24 22.400  60.48   460.9 0   125.1 0   775.0 0    98.7 0   298.4 0   299.1 0   298.0 0   410.8 0   293.9 0   294.2 0    38.5 0   206.0 0   355.5 0  -112.3 0   243.1 0    19.4 0    26.3 0     4.5 0    65.2 0   993.5 0
 2003 142  5 22 22 27 22.450  61.05   450.4 0   123.4 0   772.2 0    96.6 0   297.8 0   299.1 0   297.9 0   409.5 0   293.9 0   294.1 0    36.8 0   201.7 0   347.0 0  -111.7 0   235.3 0    19.4 0    25.7 0     4.9 0    67.6 0   993.5 0
 2003 142  5 22 22 30 22.500  61.62   439.4 0   121.0 0   768.7 0    94.8 0   297.4 0   299.1 0   298.0 0   409.7 0   293.9 0   294.1 0    35.2 0   197.1 0   339.2 0  -112.3 0   226.9 0    19.4 0    25.6 0     5.0 0    46.4 0   993.6 0
 2003 142  5 22 22 33 22.550  62.19   426.8 0   118.6 0   759.6 0    93.3 0   296.2 0   299.1 0   298.1 0   408.5 0   293.8 0   294.0 0    33.6 0   191.5 0   329.1 0  -112.2 0   216.9 0    19.3 0    24.2 0     4.4 0    48.3 0   993.6 0
 2003 142  5 22 22 36 22.600  62.76   417.1 0   116.7 0   757.1 0    91.8 0   295.5 0   299.1 0   298.1 0   408.5 0   293.8 0   294.0 0    32.1 0   187.0 0   321.6 0  -113.0 0   208.7 0    19.4 0    24.2 0     4.3 0     8.7 0   993.6 0
 2003 142  5 22 22 39 22.650  63.33   406.4 0   114.3 0   749.8 0    90.7 0   295.6 0   299.2 0   298.0 0   407.4 0   293.8 0   293.9 0    30.6 0   182.3 0   312.9 0  -111.8 0   201.1 0    19.4 0    23.9 0     5.1 0    28.9 0   993.6 0
 2003 142  5 22 22 42 22.700  63.91   395.8 0   112.8 0   744.3 0    89.5 0   295.0 0   299.2 0   298.0 0   406.6 0   293.7 0   293.9 0    29.2 0   177.7 0   304.0 0  -111.6 0   192.4 0    19.4 0    23.7 0     5.2 0    11.7 0   993.6 0
 2003 142  5 22 22 45 22.750  64.48   384.6 0   109.8 0   737.3 0    88.3 0   295.1 0   299.2 0   298.1 0   406.6 0   293.6 0   293.8 0    27.8 0   172.8 0   296.2 0  -111.5 0   184.7 0    19.4 0    24.0 0     4.9 0    25.2 0   993.6 0
 2003 142  5 22 22 48 22.800  65.04   374.1 0   107.8 0   730.8 0    87.4 0   294.5 0   299.2 0   298.0 0   405.8 0   293.6 0   293.8 0    26.5 0   168.3 0   287.9 0  -111.3 0   176.7 0    19.4 0    23.1 0     5.0 0    27.2 0   993.6 0
 2003 142  5 22 22 51 22.850  65.61   364.0 0   105.5 0   726.4 0    86.6 0   294.0 0   299.1 0   298.1 0   405.7 0   293.6 0   293.7 0    25.2 0   164.0 0   281.0 0  -111.7 0   169.3 0    19.4 0    22.7 0     3.5 0    24.3 0   993.6 0
 2003 142  5 22 22 54 22.900  66.18   354.4 0   102.5 0   723.4 0    85.7 0   294.8 0   299.2 0   298.3 0   407.5 0   293.6 0   293.8 0    24.0 0   159.6 0   275.4 0  -112.7 0   162.7 0    19.5 0    23.0 0     2.5 0    33.5 0   993.6 0
 2003 142  5 22 22 57 22.950  66.75   344.2 0   100.4 0   715.1 0    85.5 0   295.2 0   299.2 0   298.2 0   406.9 0   293.7 0   293.9 0    22.8 0   155.0 0   267.3 0  -111.7 0   155.7 0    19.6 0    23.8 0     4.4 0    51.2 0   993.6 0
 2003 142  5 22 23  0 23.000  67.32   333.8 0    99.0 0   706.8 0    84.1 0   295.1 0   299.2 0   298.1 0   404.8 0   293.7 0   293.9 0    21.7 0   150.9 0   257.7 0  -109.7 0   148.0 0    19.4 0    22.7 0     4.2 0    49.4 0   993.5 0
 2003 142  5 22 23  3 23.050  67.88   322.6 0    97.0 0   690.8 0    84.4 0   294.5 0   299.2 0   298.0 0   403.6 0   293.7 0   293.8 0    20.5 0   146.2 0   247.4 0  -109.2 0   138.3 0    19.4 0    23.0 0     4.3 0    37.1 0   993.5 0
 2003 142  5 22 23  6 23.100  68.45   312.9 0    94.6 0   580.1 0   104.4 0   295.2 0   299.2 0   298.4 0   403.5 0   293.6 0   293.8 0    19.4 0   141.9 0   222.9 0  -108.3 0   114.6 0    19.4 0    22.7 0     2.4 0    26.7 0   993.5 0
 2003 142  5 22 23  9 23.150  69.01   302.0 0    91.7 0   262.1 0   184.4 0   296.8 0   299.2 0   298.3 0   403.7 0   293.6 0   293.8 0    18.3 0   137.0 0   186.6 0  -106.8 0    79.7 0    19.4 0    23.6 0     4.6 0    50.7 0   993.4 0
 2003 142  5 22 23 12 23.200  69.58   288.3 0    89.0 0     9.3 0   314.2 0   297.8 0   299.0 0   298.6 0   402.3 0   293.6 0   293.7 0    17.3 0   131.4 0   228.4 0  -104.5 0   123.9 0    19.4 0    23.4 0     4.5 0    31.8 0   993.4 0
 2003 142  5 22 23 15 23.250  70.14   252.9 0    78.4 0   471.9 0   129.5 0   295.7 0   298.4 0   297.8 0   400.9 0   293.5 0   293.6 0    16.0 0   117.0 0   211.4 0  -105.1 0   106.3 0    19.5 0    23.3 0     4.3 0    17.4 0   993.4 0
 2003 142  5 22 23 18 23.300  70.70   180.8 0    54.8 0   369.1 0    78.3 0   295.0 0   297.9 0   297.1 0   398.3 0   293.4 0   293.5 0    14.5 0    56.1 0   145.5 0  -103.3 0    42.2 0    19.4 0    23.2 0     4.8 0    45.3 0   993.4 0
 2003 142  5 22 23 21 23.350  71.27   168.1 0    51.4 0   342.3 0    75.4 0   294.6 0   297.3 0   296.5 0   396.0 0   293.3 0   293.3 0    13.4 0    75.9 0   134.0 0  -101.4 0    32.5 0    19.2 0    23.4 0     4.7 0    69.5 0   993.5 0
 2003 142  5 22 23 24 23.400  71.83   230.7 0    74.3 0   554.5 0    78.9 0   294.3 0   296.9 0   296.2 0   397.1 0   293.2 0   293.3 0    13.0 0   107.1 0   177.5 0  -102.7 0    74.8 0    19.1 0    23.4 0     4.4 0    59.7 0   993.5 0
 2003 142  5 22 23 27 23.450  72.39   243.1 0    79.5 0   608.5 0    82.1 0   294.0 0   296.6 0   295.9 0   398.7 0   293.1 0   293.3 0    12.4 0   111.9 0   186.7 0  -104.6 0    82.1 0    19.2 0    22.9 0     6.1 0    43.4 0   993.5 0
 2003 142  5 22 23 30 23.500  72.94   219.5 0    71.5 0   532.5 0    82.2 0   297.3 0   296.4 0   295.7 0   397.6 0   293.1 0   293.2 0    11.6 0   101.7 0   166.9 0  -100.3 0    66.5 0    19.2 0    22.7 0     5.1 0    43.3 0   993.5 0
 2003 142  5 22 23 33 23.550  73.50   225.8 0    74.8 0   595.7 0    82.2 0   293.7 0   296.2 0   295.6 0   397.6 0   293.0 0   293.2 0    11.1 0   105.1 0   176.6 0  -103.9 0    72.6 0    19.2 0    23.3 0     3.9 0    44.4 0   993.5 0
 2003 142  5 22 23 36 23.600  74.06   213.8 0    71.3 0   578.0 0    80.7 0   293.3 0   296.1 0   295.5 0   397.7 0   293.0 0   293.2 0    10.5 0   100.2 0   168.1 0  -104.3 0    63.8 0    19.3 0    22.4 0     4.6 0    40.6 0   993.5 0
 2003 142  5 22 23 39 23.650  74.61   164.9 0    54.0 0   419.6 0    76.6 0   294.2 0   296.0 0   295.4 0   395.7 0   293.0 0   293.1 0     9.6 0    80.3 0   133.9 0  -101.5 0    32.5 0    19.3 0    22.9 0     3.8 0    43.2 0   993.4 0
 2003 142  5 22 23 42 23.700  75.17   118.7 0    37.8 0   264.9 0    70.3 0   294.8 0   295.8 0   295.2 0   393.7 0   293.0 0   293.0 0     8.8 0    61.0 0   100.3 0   -99.0 0     1.4 0    19.2 0    24.3 0     4.7 0    45.5 0   993.4 0
 2003 142  5 22 23 45 23.750  75.72    93.7 0    29.5 0   177.8 0    66.6 0   294.7 0   295.5 0   294.9 0   391.8 0   292.8 0   292.8 0     8.0 0    49.7 0    81.0 0   -97.1 0   -16.2 0    19.0 0    24.9 0     4.5 0    52.8 0   993.4 0
 2003 142  5 22 23 48 23.800  76.27   101.3 0    33.4 0   225.6 0    65.0 0   294.9 0   295.2 0   294.6 0   390.9 0   292.7 0   292.7 0     7.3 0    51.9 0    85.2 0   -96.0 0   -10.8 0    18.9 0    25.4 0     4.0 0    68.6 0   993.3 0
 2003 142  5 22 23 51 23.850  76.82   139.8 0    49.3 0   404.0 0    68.3 0   294.8 0   295.0 0   294.5 0   392.3 0   292.6 0   292.6 0     6.9 0    66.5 0   111.1 0   -97.6 0    13.5 0    18.9 0    25.5 0     4.0 0    68.4 0   993.3 0
 2003 142  5 22 23 54 23.900  77.37   137.7 0    49.0 0   405.6 0    70.6 0   294.5 0   294.9 0   294.4 0   393.2 0   292.5 0   292.6 0     6.4 0    66.1 0   110.3 0   -98.7 0    11.6 0    19.0 0    24.5 0     4.7 0    47.8 0   993.3 0
 2003 142  5 22 23 57 23.950  77.92   124.9 0    44.1 0   358.8 0    70.7 0   294.4 0   294.8 0   294.3 0   392.5 0   292.5 0   292.6 0     5.9 0    60.9 0   101.7 0   -98.0 0     3.7 0    19.1 0    24.2 0     4.6 0    43.9 0   993.3 0
